0 2.241076e-09
1 1.456728e-09
2 9.160790e-10
3 5.769081e-10
4 3.707926e-10
5 2.439478e-10
6 1.622218e-10
7 1.065695e-10
8 6.754764e-11
9 4.058484e-11
10 2.288429e-11
11 1.209487e-11
12 6.031497e-12
13 2.871098e-12
14 1.319979e-12
15 3.840855e-09
16 2.555484e-09
17 1.624757e-09
18 1.012669e-09
19 6.402376e-10
20 4.144812e-10
21 2.741662e-10
22 1.818033e-10
23 1.179248e-10
24 7.318969e-11
25 4.279686e-11
26 2.343366e-11
27 1.204383e-11
28 5.863825e-12
29 2.738642e-12
30 4.360968e-09
31 2.921172e-09
32 1.867126e-09
33 1.162579e-09
34 7.319920e-10
35 4.714384e-10
36 3.109147e-10
37 2.063282e-10
38 1.344551e-10
39 8.409154e-11
40 4.964601e-11
41 2.746179e-11
42 1.424311e-11
43 6.986978e-12
44 3.280083e-12
45 4.657851e-09
46 3.129269e-09
47 2.005129e-09
48 1.248023e-09
49 7.843408e-10
50 5.040045e-10
51 3.318659e-10
52 2.202952e-10
53 1.438657e-10
54 9.028113e-11
55 5.353882e-11
56 2.975047e-11
57 1.549518e-11
58 7.625371e-12
59 3.588533e-12
60 4.854801e-09
61 3.267599e-09
62 2.096723e-09
63 1.304750e-09
64 8.191749e-10
65 5.256876e-10
66 3.458343e-10
67 2.296052e-10
68 1.501072e-10
69 9.440008e-11
70 5.612487e-11
71 3.126788e-11
72 1.632254e-11
73 8.047084e-12
74 3.792257e-12
75 4.969904e-09
76 3.349286e-09
77 2.151581e-09
78 1.338617e-09
79 8.398281e-10
80 5.383881e-10
81 3.540028e-10
82 2.350319e-10
83 1.538149e-10
84 9.687650e-11
85 5.769208e-11
86 3.219771e-11
87 1.683795e-11
88 8.312151e-12
89 3.920517e-12
90 5.126732e-09
91 3.458570e-09
92 2.223440e-09
93 1.383266e-09
94 8.672365e-10
95 5.554968e-10
96 3.651047e-10
97 2.424143e-10
98 1.587552e-10
99 1.001174e-10
100 5.970790e-11
101 3.337553e-11
102 1.747582e-11
103 8.635915e-12
104 4.076253e-12
105 5.270729e-09
106 3.558131e-09
107 2.289069e-09
108 1.423954e-09
109 8.923160e-10
110 5.712176e-10
111 3.752452e-10
112 2.492225e-10
113 1.632652e-10
114 1.030378e-10
115 6.153894e-11
116 3.443311e-11
117 1.804595e-11
118 8.926067e-12
119 4.215643e-12
120 5.359896e-09
121 3.621609e-09
122 2.331639e-09
123 1.449727e-09
124 9.081628e-10
125 5.810818e-10
126 3.816379e-10
127 2.534663e-10
128 1.661648e-10
129 1.049674e-10
130 6.274984e-11
131 3.515118e-11
132 1.843884e-11
133 9.125826e-12
134 4.312179e-12
135 5.505143e-09
136 3.722369e-09
137 2.398630e-09
138 1.491651e-09
139 9.338355e-10
140 5.971191e-10
141 3.919279e-10
142 2.602702e-10
143 1.707378e-10
144 1.079931e-10
145 6.462323e-11
146 3.624228e-11
147 1.903429e-11
148 9.427362e-12
149 4.456743e-12
150 8.182316e-09
151 5.639107e-09
152 3.708897e-09
153 2.318332e-09
154 1.436739e-09
155 9.051130e-10
156 5.864508e-10
157 3.879338e-10
158 2.565522e-10
159 1.653092e-10
160 1.015274e-10
161 5.861078e-11
162 3.164457e-11
163 1.604118e-11
164 7.714851e-12
165 1.024040e-08
166 7.145397e-09
167 4.765521e-09
168 3.010370e-09
169 1.856618e-09
170 1.160393e-09
171 7.437521e-10
172 4.887663e-10
173 3.236318e-10
174 2.103981e-10
175 1.311917e-10
176 7.716668e-11
177 4.248577e-11
178 2.192093e-11
179 1.069048e-11
180 1.147495e-08
181 8.053499e-09
182 5.403534e-09
183 3.432368e-09
184 2.113441e-09
185 1.316598e-09
186 8.395473e-10
187 5.499308e-10
188 3.641187e-10
189 2.375883e-10
190 1.490967e-10
191 8.841801e-11
192 4.910488e-11
193 2.553937e-11
194 1.253648e-11
195 1.228646e-08
196 8.651058e-09
197 5.823196e-09
198 3.708803e-09
199 2.282477e-09
200 1.419212e-09
201 9.025705e-10
202 5.902612e-10
203 3.908256e-10
204 2.554751e-10
205 1.608750e-10
206 9.581618e-11
207 5.345629e-11
208 2.791779e-11
209 1.374951e-11
210 1.281765e-08
211 9.045069e-09
212 6.102512e-09
213 3.893760e-09
214 2.395264e-09
215 1.487668e-09
216 9.442870e-10
217 6.167506e-10
218 4.083228e-10
219 2.672996e-10
220 1.686928e-10
221 1.007692e-10
222 5.639009e-11
223 2.953088e-11
224 1.457572e-11
225 1.342106e-08
226 9.486170e-09
227 6.410858e-09
228 4.097000e-09
229 2.519111e-09
230 1.562923e-09
231 9.907546e-10
232 6.464650e-10
233 4.280091e-10
234 2.804525e-10
235 1.773341e-10
236 1.061522e-10
237 5.953518e-11
238 3.124166e-11
239 1.544801e-11
240 1.395328e-08
241 9.874783e-09
242 6.682360e-09
243 4.275182e-09
244 2.628532e-09
245 1.629868e-09
246 1.031715e-09
247 6.727256e-10
248 4.454597e-10
249 2.921078e-10
250 1.849398e-10
251 1.108974e-10
252 6.230646e-11
253 3.274705e-11
254 1.620504e-11
255 1.434714e-08
256 1.016632e-08
257 6.888424e-09
258 4.412271e-09
259 2.711411e-09
260 1.680158e-09
261 1.062493e-09
262 6.923034e-10
263 4.584384e-10
264 3.008384e-10
265 1.907208e-10
266 1.145465e-10
267 6.446298e-11
268 3.392545e-11
269 1.681232e-11
270 1.490881e-08
271 1.057728e-08
272 7.175708e-09
273 4.600723e-09
274 2.826499e-09
275 1.750787e-09
276 1.106184e-09
277 7.201856e-10
278 4.767858e-10
279 3.131185e-10
280 1.987845e-10
281 1.195839e-10
282 6.740085e-11
283 3.552749e-11
284 1.762666e-11
285 1.381747e-08
286 9.834221e-09
287 6.681497e-09
288 4.313291e-09
289 2.658320e-09
290 1.646101e-09
291 1.037418e-09
292 6.727653e-10
293 4.437713e-10
294 2.908930e-10
295 1.847598e-10
296 1.114950e-10
297 6.318344e-11
298 3.352258e-11
299 1.673686e-11
300 1.623356e-08
301 1.168706e-08
302 8.012663e-09
303 5.232462e-09
304 3.237234e-09
305 1.994741e-09
306 1.247406e-09
307 8.026195e-10
308 5.274421e-10
309 3.464915e-10
310 2.218001e-10
311 1.354615e-10
312 7.787345e-11
313 4.192540e-11
314 2.120535e-11
315 1.784430e-08
316 1.292901e-08
317 8.905777e-09
318 5.850573e-09
319 3.629766e-09
320 2.230146e-09
321 1.389577e-09
322 8.903889e-10
323 5.837802e-10
324 3.838275e-10
325 2.466504e-10
326 1.515514e-10
327 8.775296e-11
328 4.759289e-11
329 2.422993e-11
330 1.895088e-08
331 1.378552e-08
332 9.525602e-09
333 6.281311e-09
334 3.903777e-09
335 2.394876e-09
336 1.488411e-09
337 9.511671e-10
338 6.227461e-10
339 4.096578e-10
340 2.639042e-10
341 1.627808e-10
342 9.469106e-11
343 5.159517e-11
344 2.637527e-11
345 2.011377e-08
346 1.467890e-08
347 1.016632e-08
348 6.721899e-09
349 4.182787e-09
350 2.562971e-09
351 1.589817e-09
352 1.013962e-09
353 6.631366e-10
354 4.364315e-10
355 2.816620e-10
356 1.742342e-10
357 1.016952e-10
358 5.559896e-11
359 2.850849e-11
360 2.112565e-08
361 1.545274e-08
362 1.072017e-08
363 7.101538e-09
364 4.423167e-09
365 2.708165e-09
366 1.677497e-09
367 1.068356e-09
368 6.981730e-10
369 4.596226e-10
370 2.970334e-10
371 1.841243e-10
372 1.077298e-10
373 5.904109e-11
374 3.033463e-11
375 2.192928e-08
376 1.607656e-08
377 1.117086e-08
378 7.413631e-09
379 4.621609e-09
380 2.826821e-09
381 1.749061e-09
382 1.112358e-09
383 7.263917e-10
384 4.783415e-10
385 3.095228e-10
386 1.922417e-10
387 1.127324e-10
388 6.192116e-11
389 3.187624e-11
390 2.301323e-08
391 1.690636e-08
392 1.176597e-08
393 7.823828e-09
394 4.881045e-09
395 2.984008e-09
396 1.844271e-09
397 1.171189e-09
398 7.641075e-10
399 5.033639e-10
400 3.261386e-10
401 2.029521e-10
402 1.192834e-10
403 6.565879e-11
404 3.386586e-11
405 1.987601e-08
406 1.457759e-08
407 1.012173e-08
408 6.714571e-09
409 4.204910e-09
410 2.574255e-09
411 1.595908e-09
412 1.014111e-09
413 6.608326e-10
414 4.339608e-10
415 2.800358e-10
416 1.736116e-10
417 1.017745e-10
418 5.596858e-11
419 2.888057e-11
420 2.246952e-08
421 1.666696e-08
422 1.166038e-08
423 7.797429e-09
424 4.924212e-09
425 3.007115e-09
426 1.856432e-09
427 1.171163e-09
428 7.588892e-10
429 4.977043e-10
430 3.223344e-10
431 2.013576e-10
432 1.192571e-10
433 6.634772e-11
434 3.462554e-11
435 2.431213e-08
436 1.816681e-08
437 1.276962e-08
438 8.584447e-09
439 5.449291e-09
440 3.323683e-09
441 2.046914e-09
442 1.285239e-09
443 8.299501e-10
444 5.437594e-10
445 3.529028e-10
446 2.214830e-10
447 1.320157e-10
448 7.397038e-11
449 3.887091e-11
450 2.616372e-08
451 1.965671e-08
452 1.386676e-08
453 9.356194e-09
454 5.960360e-09
455 3.632561e-09
456 2.232813e-09
457 1.397586e-09
458 9.000293e-10
459 5.893147e-10
460 3.830424e-10
461 2.411980e-10
462 1.444137e-10
463 8.132054e-11
464 4.293814e-11
465 2.776515e-08
466 2.093609e-08
467 1.480636e-08
468 1.001323e-08
469 6.396154e-09
470 3.896367e-09
471 2.391648e-09
472 1.493481e-09
473 9.601711e-10
474 6.283598e-10
475 4.088473e-10
476 2.580503e-10
477 1.549903e-10
478 8.757805e-11
479 4.639420e-11
480 2.909073e-08
481 2.201660e-08
482 1.560519e-08
483 1.057736e-08
484 6.773460e-09
485 4.123378e-09
486 2.528210e-09
487 1.575378e-09
488 1.011197e-09
489 6.614636e-10
490 4.308339e-10
491 2.725077e-10
492 1.641407e-10
493 9.302849e-11
494 4.942556e-11
495 3.081979e-08
496 2.340118e-08
497 1.662623e-08
498 1.129597e-08
499 7.249177e-09
500 4.411102e-09
501 2.701465e-09
502 1.680014e-09
503 1.076575e-09
504 7.039140e-10
505 4.589084e-10
506 2.908695e-10
507 1.756853e-10
508 9.987884e-11
509 5.321542e-11
510 2.601883e-08
511 1.961824e-08
512 1.387769e-08
513 9.373578e-09
514 5.997452e-09
515 3.662619e-09
516 2.250113e-09
517 1.405344e-09
518 9.026962e-10
519 5.897125e-10
520 3.829226e-10
521 2.412559e-10
522 1.447471e-10
523 8.178788e-11
524 4.337321e-11
525 2.868773e-08
526 2.187812e-08
527 1.559838e-08
528 1.060602e-08
529 6.843647e-09
530 4.186281e-09
531 2.563260e-09
532 1.590556e-09
533 1.015647e-09
534 6.613534e-10
535 4.298942e-10
536 2.722292e-10
537 1.646654e-10
538 9.397204e-11
539 5.035678e-11
540 3.130935e-08
541 2.407179e-08
542 1.725725e-08
543 1.178891e-08
544 7.650796e-09
545 4.687201e-09
546 2.862349e-09
547 1.768667e-09
548 1.124507e-09
549 7.306123e-10
550 4.752264e-10
551 3.019821e-10
552 1.836770e-10
553 1.055299e-10
554 5.694749e-11
555 3.354528e-08
556 2.593711e-08
557 1.866718e-08
558 1.279014e-08
559 8.333929e-09
560 5.109747e-09
561 3.115652e-09
562 1.919567e-09
563 1.216982e-09
564 7.894241e-10
565 5.137077e-10
566 3.272083e-10
567 1.997685e-10
568 1.152933e-10
569 6.250555e-11
570 3.547415e-08
571 2.756931e-08
572 1.991100e-08
573 1.367987e-08
574 8.945524e-09
575 5.488660e-09
576 3.341981e-09
577 2.053720e-09
578 1.298686e-09
579 8.412342e-10
580 5.476417e-10
581 3.495608e-10
582 2.141281e-10
583 1.240734e-10
584 6.753816e-11
585 3.792255e-08
586 2.961243e-08
587 2.145846e-08
588 1.478122e-08
589 9.696116e-09
590 5.953960e-09
591 3.620440e-09
592 2.219293e-09
593 1.399992e-09
594 9.056353e-10
595 5.898488e-10
596 3.772629e-10
597 2.318257e-10
598 1.348278e-10
599 7.366870e-11
600 3.221830e-08
601 2.496214e-08
602 1.800349e-08
603 1.234524e-08
604 8.057226e-09
605 4.959218e-09
606 3.021803e-09
607 1.861271e-09
608 1.178024e-09
609 7.625988e-10
610 4.954312e-10
611 3.153227e-10
612 1.925773e-10
613 1.113103e-10
614 6.050122e-11
615 3.571747e-08
616 2.799814e-08
617 2.037479e-08
618 1.405781e-08
619 9.246771e-09
620 5.722445e-09
621 3.474773e-09
622 2.130402e-09
623 1.339471e-09
624 8.630071e-10
625 5.601364e-10
626 3.576394e-10
627 2.198555e-10
628 1.282063e-10
629 7.038246e-11
630 3.868674e-08
631 3.056892e-08
632 2.237703e-08
633 1.550159e-08
634 1.024988e-08
635 6.365349e-09
636 3.856810e-09
637 2.357450e-09
638 1.475968e-09
639 9.478713e-10
640 6.148366e-10
641 3.933826e-10
642 2.428655e-10
643 1.424368e-10
644 7.869330e-11
645 4.131235e-08
646 3.287476e-08
647 2.419034e-08
648 1.681798e-08
649 1.116869e-08
650 6.956861e-09
651 4.207396e-09
652 2.565213e-09
653 1.600052e-09
654 1.024727e-09
655 6.643088e-10
656 4.258078e-10
657 2.638575e-10
658 1.555058e-10
659 8.637455e-11
660 4.457797e-08
661 3.570641e-08
662 2.640031e-08
663 1.841319e-08
664 1.227675e-08
665 7.667828e-09
666 4.629295e-09
667 2.815883e-09
668 1.750489e-09
669 1.118281e-09
670 7.246210e-10
671 4.652489e-10
672 2.892797e-10
673 1.712493e-10
674 9.558161e-11
675 4.026169e-08
676 3.206909e-08
677 2.364333e-08
678 1.645629e-08
679 1.093207e-08
680 6.835769e-09
681 4.136762e-09
682 2.524353e-09
683 1.572193e-09
684 1.004817e-09
685 6.500516e-10
686 4.160102e-10
687 2.576009e-10
688 1.518900e-10
689 8.450340e-11
690 4.419153e-08
691 3.559042e-08
692 2.648777e-08
693 1.854553e-08
694 1.240082e-08
695 7.809817e-09
696 4.719257e-09
697 2.871194e-09
698 1.776773e-09
699 1.129066e-09
700 7.285048e-10
701 4.667635e-10
702 2.903742e-10
703 1.724385e-10
704 9.677609e-11
705 4.773541e-08
706 3.882165e-08
707 2.911473e-08
708 2.049145e-08
709 1.377464e-08
710 8.725088e-09
711 5.265480e-09
712 3.195567e-09
713 1.967342e-09
714 1.244247e-09
715 8.011106e-10
716 5.137944e-10
717 3.208638e-10
718 1.916707e-10
719 1.083301e-10
720 5.206504e-08
721 4.271929e-08
722 3.225721e-08
723 2.280559e-08
724 1.540128e-08
725 9.805945e-09
726 5.910989e-09
727 3.579882e-09
728 2.193507e-09
729 1.381654e-09
730 8.878196e-10
731 5.699388e-10
732 3.571481e-10
733 2.144548e-10
734 1.219540e-10
735 4.914841e-08
736 4.017157e-08
737 3.028584e-08
738 2.139958e-08
739 1.442399e-08
740 9.182571e-09
741 5.554045e-09
742 3.366819e-09
743 2.065732e-09
744 1.301736e-09
745 8.354787e-10
746 5.351308e-10
747 3.344141e-10
748 2.002725e-10
749 1.136580e-10
750 5.379045e-08
751 4.453493e-08
752 3.396400e-08
753 2.418466e-08
754 1.640911e-08
755 1.053886e-08
756 6.384725e-09
757 3.857670e-09
758 2.350823e-09
759 1.470870e-09
760 9.396150e-10
761 6.014609e-10
762 3.771875e-10
763 2.274331e-10
764 1.302465e-10
765 5.935971e-08
766 4.970928e-08
767 3.827350e-08
768 2.743656e-08
769 1.871847e-08
770 1.211115e-08
771 7.345941e-09
772 4.426972e-09
773 2.681862e-09
774 1.668286e-09
775 1.061500e-09
776 6.791834e-10
777 4.272307e-10
778 2.590995e-10
779 1.495038e-10
780 5.988626e-08
781 5.044849e-08
782 3.912242e-08
783 2.820941e-08
784 1.931429e-08
785 1.256053e-08
786 7.668119e-09
787 4.610234e-09
788 2.786936e-09
789 1.725140e-09
790 1.092242e-09
791 6.965350e-10
792 4.377870e-10
793 2.659560e-10
794 1.540703e-10
795 6.721301e-08
796 5.750521e-08
797 4.525036e-08
798 3.299029e-08
799 2.276390e-08
800 1.495530e-08
801 9.194990e-09
802 5.505905e-09
803 3.308124e-09
804 2.028943e-09
805 1.274561e-09
806 8.098674e-10
807 5.097749e-10
808 3.115468e-10
809 1.821797e-10
810 7.732071e-08
811 6.760838e-08
812 5.443798e-08
813 4.046738e-08
814 2.829042e-08
815 1.884900e-08
816 1.178784e-08
817 7.040720e-09
818 4.206957e-09
819 2.541872e-09
820 1.572329e-09
821 9.887333e-10
822 6.205714e-10
823 3.810287e-10
824 2.252695e-10
825 8.955709e-07
826 6.541098e-07
827 4.846081e-07
828 3.019215e-07
829 1.838873e-07
830 1.089259e-07
831 6.650056e-08
832 4.265260e-08
833 2.878658e-08
834 0.000000e+00
835 0.000000e+00
836 0.000000e+00
837 0.000000e+00
838 0.000000e+00
839 0.000000e+00
840 1.321367e-06
841 9.653633e-07
842 7.159463e-07
843 4.509713e-07
844 2.740043e-07
845 1.621221e-07
846 9.879660e-08
847 6.314094e-08
848 4.250203e-08
849 0.000000e+00
850 0.000000e+00
851 0.000000e+00
852 0.000000e+00
853 0.000000e+00
854 0.000000e+00
855 1.565360e-06
856 1.143750e-06
857 8.485141e-07
858 5.365143e-07
859 3.256920e-07
860 1.926359e-07
861 1.173213e-07
862 7.488838e-08
863 5.036301e-08
864 0.000000e+00
865 0.000000e+00
866 0.000000e+00
867 0.000000e+00
868 0.000000e+00
869 0.000000e+00
870 1.724609e-06
871 1.260182e-06
872 9.350340e-07
873 5.923230e-07
874 3.594155e-07
875 2.125457e-07
876 1.294072e-07
877 8.255432e-08
878 5.549343e-08
879 0.000000e+00
880 0.000000e+00
881 0.000000e+00
882 0.000000e+00
883 0.000000e+00
884 0.000000e+00
885 1.833902e-06
886 1.340087e-06
887 9.944289e-07
888 6.307133e-07
889 3.826022e-07
890 2.262322e-07
891 1.377140e-07
892 8.781889e-08
893 5.901490e-08
894 0.000000e+00
895 0.000000e+00
896 0.000000e+00
897 0.000000e+00
898 0.000000e+00
899 0.000000e+00
900 1.948298e-06
901 1.423720e-06
902 1.056566e-06
903 6.707402e-07
904 4.067984e-07
905 2.405174e-07
906 1.463884e-07
907 9.332317e-08
908 6.270010e-08
909 0.000000e+00
910 0.000000e+00
911 0.000000e+00
912 0.000000e+00
913 0.000000e+00
914 0.000000e+00
915 2.047793e-06
916 1.496456e-06
917 1.110608e-06
918 7.055181e-07
919 4.278251e-07
920 2.529337e-07
921 1.539287e-07
922 9.810903e-08
923 6.590485e-08
924 0.000000e+00
925 0.000000e+00
926 0.000000e+00
927 0.000000e+00
928 0.000000e+00
929 0.000000e+00
930 2.127398e-06
931 1.554660e-06
932 1.153869e-06
933 7.334615e-07
934 4.447035e-07
935 2.628979e-07
936 1.599766e-07
937 1.019429e-07
938 6.846978e-08
939 0.000000e+00
940 0.000000e+00
941 0.000000e+00
942 0.000000e+00
943 0.000000e+00
944 0.000000e+00
945 2.234093e-06
946 1.632673e-06
947 1.211828e-06
948 7.707932e-07
949 4.672704e-07
950 2.762231e-07
951 1.680677e-07
952 1.070766e-07
953 7.190692e-08
954 0.000000e+00
955 0.000000e+00
956 0.000000e+00
957 0.000000e+00
958 0.000000e+00
959 0.000000e+00
960 3.238783e-07
961 2.581586e-07
962 1.872631e-07
963 1.404228e-07
964 8.701680e-08
965 5.324650e-08
966 3.094343e-08
967 1.849667e-08
968 1.158603e-08
969 7.667621e-09
970 0.000000e+00
971 0.000000e+00
972 0.000000e+00
973 0.000000e+00
974 0.000000e+00
975 4.984920e-07
976 4.000680e-07
977 2.904886e-07
978 2.176126e-07
979 1.366055e-07
980 8.325090e-08
981 4.834932e-08
982 2.886375e-08
983 1.801498e-08
984 1.188751e-08
985 0.000000e+00
986 0.000000e+00
987 0.000000e+00
988 0.000000e+00
989 0.000000e+00
990 6.129586e-07
991 4.931631e-07
992 3.582239e-07
993 2.682517e-07
994 1.691849e-07
995 1.029489e-07
996 5.977811e-08
997 3.567114e-08
998 2.223487e-08
999 1.465631e-08
1000 0.000000e+00
1001 0.000000e+00
1002 0.000000e+00
1003 0.000000e+00
1004 0.000000e+00
1005 6.961090e-07
1006 5.608328e-07
1007 4.074636e-07
1008 3.050583e-07
1009 1.928871e-07
1010 1.172758e-07
1011 6.809015e-08
1012 4.062141e-08
1013 2.530288e-08
1014 1.666900e-08
1015 0.000000e+00
1016 0.000000e+00
1017 0.000000e+00
1018 0.000000e+00
1019 0.000000e+00
1020 7.749766e-07
1021 6.249493e-07
1022 4.541064e-07
1023 3.399333e-07
1024 2.153027e-07
1025 1.308333e-07
1026 7.595599e-08
1027 4.530681e-08
1028 2.820822e-08
1029 1.857573e-08
1030 0.000000e+00
1031 0.000000e+00
1032 0.000000e+00
1033 0.000000e+00
1034 0.000000e+00
1035 8.418037e-07
1036 6.792599e-07
1037 4.936178e-07
1038 3.694752e-07
1039 2.342809e-07
1040 1.423131e-07
1041 8.261706e-08
1042 4.927472e-08
1043 3.066888e-08
1044 2.019097e-08
1045 0.000000e+00
1046 0.000000e+00
1047 0.000000e+00
1048 0.000000e+00
1049 0.000000e+00
1050 9.013051e-07
1051 7.276658e-07
1052 5.288381e-07
1053 3.958048e-07
1054 2.512318e-07
1055 1.525593e-07
1056 8.856168e-08
1057 5.281539e-08
1058 3.286330e-08
1059 2.163057e-08
1060 0.000000e+00
1061 0.000000e+00
1062 0.000000e+00
1063 0.000000e+00
1064 0.000000e+00
1065 9.747016e-07
1066 7.873274e-07
1067 5.722434e-07
1068 4.282580e-07
1069 2.720901e-07
1070 1.651750e-07
1071 9.588125e-08
1072 5.717530e-08
1073 3.556689e-08
1074 2.340495e-08
1075 0.000000e+00
1076 0.000000e+00
1077 0.000000e+00
1078 0.000000e+00
1079 0.000000e+00
1080 3.729039e-07
1081 3.389748e-07
1082 2.610404e-07
1083 1.887731e-07
1084 1.414057e-07
1085 8.172942e-08
1086 5.007437e-08
1087 2.887832e-08
1088 1.707858e-08
1089 1.062764e-08
1090 0.000000e+00
1091 0.000000e+00
1092 0.000000e+00
1093 0.000000e+00
1094 0.000000e+00
1095 6.042900e-07
1096 5.516118e-07
1097 4.264294e-07
1098 3.081869e-07
1099 2.311880e-07
1100 1.343143e-07
1101 8.250053e-08
1102 4.747056e-08
1103 2.798098e-08
1104 1.737395e-08
1105 0.000000e+00
1106 0.000000e+00
1107 0.000000e+00
1108 0.000000e+00
1109 0.000000e+00
1110 7.793544e-07
1111 7.126034e-07
1112 5.517381e-07
1113 3.986569e-07
1114 2.992170e-07
1115 1.742040e-07
1116 1.071035e-07
1117 6.157330e-08
1118 3.624578e-08
1119 2.248638e-08
1120 0.000000e+00
1121 0.000000e+00
1122 0.000000e+00
1123 0.000000e+00
1124 0.000000e+00
1125 9.373072e-07
1126 8.578117e-07
1127 6.647264e-07
1128 4.802379e-07
1129 3.605543e-07
1130 2.101517e-07
1131 1.292710e-07
1132 7.428252e-08
1133 4.369608e-08
1134 2.709572e-08
1135 0.000000e+00
1136 0.000000e+00
1137 0.000000e+00
1138 0.000000e+00
1139 0.000000e+00
1140 1.069240e-06
1141 9.790878e-07
1142 7.590830e-07
1143 5.483647e-07
1144 4.117747e-07
1145 2.401685e-07
1146 1.477792e-07
1147 8.489396e-08
1148 4.991719e-08
1149 3.094497e-08
1150 0.000000e+00
1151 0.000000e+00
1152 0.000000e+00
1153 0.000000e+00
1154 0.000000e+00
1155 1.193395e-06
1156 1.093254e-06
1157 8.479392e-07
1158 6.125179e-07
1159 4.600124e-07
1160 2.684484e-07
1161 1.652220e-07
1162 9.489271e-08
1163 5.577706e-08
1164 3.457000e-08
1165 0.000000e+00
1166 0.000000e+00
1167 0.000000e+00
1168 0.000000e+00
1169 0.000000e+00
1170 1.340202e-06
1171 1.228207e-06
1172 9.529396e-07
1173 6.883311e-07
1174 5.170142e-07
1175 3.018572e-07
1176 1.858235e-07
1177 1.067039e-07
1178 6.270115e-08
1179 3.885349e-08
1180 0.000000e+00
1181 0.000000e+00
1182 0.000000e+00
1183 0.000000e+00
1184 0.000000e+00
1185 1.966951e-07
1186 1.942137e-07
1187 1.633790e-07
1188 1.193562e-07
1189 8.864425e-08
1190 6.030177e-08
1191 3.555941e-08
1192 2.026301e-08
1193 1.171620e-08
1194 6.921790e-09
1195 4.334674e-09
1196 0.000000e+00
1197 0.000000e+00
1198 0.000000e+00
1199 0.000000e+00
1200 3.418035e-07
1201 3.384637e-07
1202 2.858096e-07
1203 2.091706e-07
1204 1.550892e-07
1205 1.062533e-07
1206 6.234391e-08
1207 3.557773e-08
1208 2.059813e-08
1209 1.214733e-08
1210 7.591197e-09
1211 0.000000e+00
1212 0.000000e+00
1213 0.000000e+00
1214 0.000000e+00
1215 4.708863e-07
1216 4.668120e-07
1217 3.947806e-07
1218 2.891240e-07
1219 2.142315e-07
1220 1.471734e-07
1221 8.618779e-08
1222 4.921356e-08
1223 2.850615e-08
1224 1.679967e-08
1225 1.049005e-08
1226 0.000000e+00
1227 0.000000e+00
1228 0.000000e+00
1229 0.000000e+00
1230 5.777086e-07
1231 5.730261e-07
1232 4.849461e-07
1233 3.552773e-07
1234 2.631672e-07
1235 1.810294e-07
1236 1.059162e-07
1237 6.049606e-08
1238 3.504922e-08
1239 2.064897e-08
1240 1.288859e-08
1241 0.000000e+00
1242 0.000000e+00
1243 0.000000e+00
1244 0.000000e+00
1245 6.814926e-07
1246 6.762237e-07
1247 5.725731e-07
1248 4.195756e-07
1249 3.107263e-07
1250 2.139446e-07
1251 1.250913e-07
1252 7.146247e-08
1253 4.140956e-08
1254 2.439055e-08
1255 1.521976e-08
1256 0.000000e+00
1257 0.000000e+00
1258 0.000000e+00
1259 0.000000e+00
1260 8.012737e-07
1261 7.953203e-07
1262 6.736877e-07
1263 4.937609e-07
1264 3.656042e-07
1265 2.519132e-07
1266 1.472159e-07
1267 8.411550e-08
1268 4.874766e-08
1269 2.870730e-08
1270 1.790949e-08
1271 0.000000e+00
1272 0.000000e+00
1273 0.000000e+00
1274 0.000000e+00
1275 1.425279e-07
1276 1.483598e-07
1277 1.341963e-07
1278 1.026184e-07
1279 7.417608e-08
1280 5.554785e-08
1281 3.137657e-08
1282 1.894143e-08
1283 1.070554e-08
1284 6.184593e-09
1285 3.703551e-09
1286 0.000000e+00
1287 0.000000e+00
1288 0.000000e+00
1289 0.000000e+00
1290 2.689510e-07
1291 2.805905e-07
1292 2.546528e-07
1293 1.953060e-07
1294 1.410763e-07
1295 1.058262e-07
1296 5.996119e-08
1297 3.632529e-08
1298 2.048096e-08
1299 1.180107e-08
1300 7.051855e-09
1301 0.000000e+00
1302 0.000000e+00
1303 0.000000e+00
1304 0.000000e+00
1305 3.734514e-07
1306 3.899029e-07
1307 3.542563e-07
1308 2.719640e-07
1309 1.964045e-07
1310 1.474102e-07
1311 8.361059e-08
1312 5.070987e-08
1313 2.856899e-08
1314 1.644703e-08
1315 9.821228e-09
1316 0.000000e+00
1317 0.000000e+00
1318 0.000000e+00
1319 0.000000e+00
1320 4.770567e-07
1321 4.982892e-07
1322 4.530238e-07
1323 3.479817e-07
1324 2.512703e-07
1325 1.886485e-07
1326 1.070635e-07
1327 6.497679e-08
1328 3.659028e-08
1329 2.105435e-08
1330 1.256746e-08
1331 0.000000e+00
1332 0.000000e+00
1333 0.000000e+00
1334 0.000000e+00
1335 5.947641e-07
1336 6.214190e-07
1337 5.652102e-07
1338 4.343231e-07
1339 3.135876e-07
1340 2.354856e-07
1341 1.336996e-07
1342 8.117860e-08
1343 4.569989e-08
1344 2.628702e-08
1345 1.568665e-08
1346 0.000000e+00
1347 0.000000e+00
1348 0.000000e+00
1349 0.000000e+00
1350 6.197080e-08
1351 6.708870e-08
1352 6.434845e-08
1353 5.215788e-08
1354 3.762571e-08
1355 2.836105e-08
1356 1.772868e-08
1357 1.086629e-08
1358 6.032581e-09
1359 3.321742e-09
1360 1.919409e-09
1361 1.167020e-09
1362 0.000000e+00
1363 0.000000e+00
1364 0.000000e+00
1365 1.171320e-07
1366 1.270196e-07
1367 1.221471e-07
1368 9.930955e-08
1369 7.168930e-08
1370 5.398240e-08
1371 3.398185e-08
1372 2.076395e-08
1373 1.152988e-08
1374 6.352567e-09
1375 3.661966e-09
1376 2.221471e-09
1377 0.000000e+00
1378 0.000000e+00
1379 0.000000e+00
1380 1.723493e-07
1381 1.870155e-07
1382 1.800133e-07
1383 1.465223e-07
1384 1.057986e-07
1385 7.963663e-08
1386 5.026052e-08
1387 3.067566e-08
1388 1.703503e-08
1389 9.387920e-09
1390 5.406964e-09
1391 3.277282e-09
1392 0.000000e+00
1393 0.000000e+00
1394 0.000000e+00
1395 2.342827e-07
1396 2.543058e-07
1397 2.449109e-07
1398 1.994675e-07
1399 1.440480e-07
1400 1.084061e-07
1401 6.851275e-08
1402 4.178956e-08
1403 2.320789e-08
1404 1.279142e-08
1405 7.363672e-09
1406 4.461310e-09
1407 0.000000e+00
1408 0.000000e+00
1409 0.000000e+00
1410 7.993255e-08
1411 8.917612e-08
1412 8.953376e-08
1413 7.684288e-08
1414 5.660943e-08
1415 4.170483e-08
1416 2.934402e-08
1417 1.675516e-08
1418 9.428068e-09
1419 5.334541e-09
1420 2.967933e-09
1421 1.731864e-09
1422 0.000000e+00
1423 0.000000e+00
1424 0.000000e+00
1425 1.653459e-07
1426 1.847642e-07
1427 1.859612e-07
1428 1.601424e-07
1429 1.182059e-07
1430 8.695743e-08
1431 6.152032e-08
1432 3.499419e-08
1433 1.973995e-08
1434 1.116748e-08
1435 6.209265e-09
1436 3.614995e-09
1437 0.000000e+00
1438 0.000000e+00
1439 0.000000e+00
1440 2.589015e-07
1441 2.894574e-07
1442 2.915594e-07
1443 2.513501e-07
1444 1.856436e-07
1445 1.365047e-07
1446 9.674080e-08
1447 5.496276e-08
1448 3.102843e-08
1449 1.755278e-08
1450 9.757680e-09
1451 5.676734e-09
1452 0.000000e+00
1453 0.000000e+00
1454 0.000000e+00
1455 4.419868e-08
1456 5.064420e-08
1457 5.292639e-08
1458 4.807487e-08
1459 3.685595e-08
1460 2.661754e-08
1461 1.999027e-08
1462 1.120355e-08
1463 6.699671e-09
1464 3.671065e-09
1465 2.024130e-09
1466 1.130406e-09
1467 0.000000e+00
1468 0.000000e+00
1469 0.000000e+00
1470 9.719203e-08
1471 1.115183e-07
1472 1.167808e-07
1473 1.063980e-07
1474 8.179083e-08
1475 5.903501e-08
1476 4.439993e-08
1477 2.496389e-08
1478 1.498257e-08
1479 8.193484e-09
1480 4.506275e-09
1481 2.511227e-09
1482 0.000000e+00
1483 0.000000e+00
1484 0.000000e+00
1485 4.488865e-08
1486 5.274151e-08
1487 5.717790e-08
1488 5.488003e-08
1489 4.448391e-08
1490 3.209163e-08
1491 2.421066e-08
1492 1.504537e-08
1493 9.157824e-09
1494 4.969222e-09
1495 2.617099e-09
1496 1.412247e-09
1497 7.866310e-10
1498 0.000000e+00
1499 0.000000e+00
1500 3.283942e-04
1501 2.392792e-04
1502 1.785976e-04
1503 1.126167e-04
1504 6.872443e-05
1505 4.051637e-05
1506 2.463142e-05
1507 1.569360e-05
1508 1.054845e-05
1509 0.000000e+00
1510 0.000000e+00
1511 0.000000e+00
1512 0.000000e+00
1513 0.000000e+00
1514 0.000000e+00
1515 5.193202e-05
1516 4.192552e-05
1517 3.041859e-05
1518 2.282068e-05
1519 1.444308e-05
1520 8.814575e-06
1521 5.103727e-06
1522 3.038882e-06
1523 1.890457e-06
1524 1.244615e-06
1525 0.000000e+00
1526 0.000000e+00
1527 0.000000e+00
1528 0.000000e+00
1529 0.000000e+00
1530 1.338474e-04
1531 1.227246e-04
1532 9.518477e-05
1533 6.869901e-05
1534 5.171087e-05
1535 3.005885e-05
1536 1.855355e-05
1537 1.063972e-05
1538 6.259039e-06
1539 3.878139e-06
1540 0.000000e+00
1541 0.000000e+00
1542 0.000000e+00
1543 0.000000e+00
1544 0.000000e+00
1545 6.546679e-05
1546 6.501218e-05
1547 5.508475e-05
1548 4.035562e-05
1549 2.987941e-05
1550 2.061514e-05
1551 1.203922e-05
1552 6.870316e-06
1553 3.988386e-06
1554 2.346009e-06
1555 1.463490e-06
1556 0.000000e+00
1557 0.000000e+00
1558 0.000000e+00
1559 0.000000e+00
1560 4.878889e-05
1561 5.099550e-05
1562 4.640286e-05
1563 3.565724e-05
1564 2.573491e-05
1565 1.934832e-05
1566 1.096175e-05
1567 6.662356e-06
1568 3.746830e-06
1569 2.158640e-06
1570 1.287384e-06
1571 0.000000e+00
1572 0.000000e+00
1573 0.000000e+00
1574 0.000000e+00
1575 1.066011e-05
1576 1.157510e-05
1577 1.115262e-05
1578 9.086008e-06
1579 6.560018e-06
1580 4.937824e-06
1581 3.121953e-06
1582 1.906345e-06
1583 1.058626e-06
1584 5.823303e-07
1585 3.353037e-07
1586 2.031324e-07
1587 0.000000e+00
1588 0.000000e+00
1589 0.000000e+00
1590 1.880996e-05
1591 2.103654e-05
1592 2.119899e-05
1593 1.828434e-05
1594 1.350493e-05
1595 9.927770e-06
1596 7.045030e-06
1597 3.997618e-06
1598 2.255506e-06
1599 1.277881e-06
1600 7.097694e-07
1601 4.128617e-07
1602 0.000000e+00
1603 0.000000e+00
1604 0.000000e+00
1605 4.375347e-06
1606 5.022201e-06
1607 5.262071e-06
1608 4.797735e-06
1609 3.689805e-06
1610 2.662417e-06
1611 2.004139e-06
1612 1.126087e-06
1613 6.766293e-07
1614 3.696554e-07
1615 2.034422e-07
1616 1.132764e-07
1617 0.000000e+00
1618 0.000000e+00
1619 0.000000e+00
1620 2.199873e-06
1621 2.587009e-06
1622 2.808207e-06
1623 2.700506e-06
1624 2.193527e-06
1625 1.582894e-06
1626 1.193589e-06
1627 7.452601e-07
1628 4.531515e-07
1629 2.459677e-07
1630 1.294318e-07
1631 6.975468e-08
1632 3.878105e-08
1633 0.000000e+00
1634 0.000000e+00
1635 1.219105e-06
1636 1.470194e-06
1637 1.653929e-06
1638 1.679323e-06
1639 1.462890e-06
1640 1.087951e-06
1641 7.974429e-07
1642 5.717767e-07
1643 3.213033e-07
1644 1.802160e-07
1645 9.824454e-08
1646 5.115361e-08
1647 2.685702e-08
1648 0.000000e+00
1649 0.000000e+00
