0 2.290548e-09
1 1.491770e-09
2 9.391937e-10
3 5.910151e-10
4 3.793279e-10
5 2.492381e-10
6 1.656668e-10
7 1.088945e-10
8 6.914398e-11
9 4.165292e-11
10 2.356402e-11
11 1.249423e-11
12 6.248523e-12
13 2.980239e-12
14 1.372325e-12
15 3.858946e-09
16 2.570885e-09
17 1.636971e-09
18 1.020442e-09
19 6.446727e-10
20 4.169262e-10
21 2.755476e-10
22 1.826923e-10
23 1.185662e-10
24 7.367981e-11
25 4.316694e-11
26 2.368886e-11
27 1.220210e-11
28 5.952673e-12
29 2.784237e-12
30 4.464807e-09
31 2.996426e-09
32 1.919861e-09
33 1.196228e-09
34 7.523867e-10
35 4.838119e-10
36 3.185650e-10
37 2.113200e-10
38 1.378004e-10
39 8.634565e-11
40 5.113342e-11
41 2.838515e-11
42 1.477606e-11
43 7.270505e-12
44 3.421660e-12
45 4.795645e-09
46 3.229316e-09
47 2.074873e-09
48 1.292721e-09
49 8.115010e-10
50 5.204978e-10
51 3.421425e-10
52 2.269373e-10
53 1.483132e-10
54 9.327431e-11
55 5.549269e-11
56 3.095526e-11
57 1.618905e-11
58 7.996222e-12
59 3.773961e-12
60 4.970209e-09
61 3.353954e-09
62 2.158712e-09
63 1.344862e-09
64 8.432208e-10
65 5.400414e-10
66 3.546003e-10
67 2.352266e-10
68 1.539159e-10
69 9.702477e-11
70 5.790493e-11
71 3.240070e-11
72 1.699471e-11
73 8.413284e-12
74 3.977374e-12
75 5.141450e-09
76 3.473939e-09
77 2.238491e-09
78 1.394668e-09
79 8.737263e-10
80 5.590461e-10
81 3.668018e-10
82 2.433153e-10
83 1.593694e-10
84 1.006181e-10
85 6.014596e-11
86 3.372176e-11
87 1.771665e-11
88 8.783235e-12
89 4.156436e-12
90 5.311405e-09
91 3.592375e-09
92 2.316897e-09
93 1.443510e-09
94 9.038154e-10
95 5.777782e-10
96 3.789182e-10
97 2.513648e-10
98 1.647560e-10
99 1.041408e-10
100 6.234004e-11
101 3.500377e-11
102 1.841537e-11
103 9.139604e-12
104 4.328659e-12
105 5.432705e-09
106 3.677397e-09
107 2.373834e-09
108 1.478805e-09
109 9.254560e-10
110 5.912183e-10
111 3.875588e-10
112 2.571080e-10
113 1.685415e-10
114 1.066260e-10
115 6.390299e-11
116 3.594205e-11
117 1.893149e-11
118 9.404236e-12
119 4.453609e-12
120 5.512991e-09
121 3.735099e-09
122 2.412619e-09
123 1.502933e-09
124 9.400776e-10
125 6.002188e-10
126 3.932701e-10
127 2.609121e-10
128 1.711631e-10
129 1.083839e-10
130 6.503933e-11
131 3.660411e-11
132 1.929877e-11
133 9.594660e-12
134 4.549863e-12
135 5.642062e-09
136 3.825490e-09
137 2.473402e-09
138 1.540860e-09
139 9.632921e-10
140 6.146549e-10
141 4.025347e-10
142 2.670023e-10
143 1.752690e-10
144 1.111283e-10
145 6.675651e-11
146 3.761744e-11
147 1.985584e-11
148 9.880428e-12
149 4.687312e-12
150 7.856198e-09
151 5.407556e-09
152 3.550763e-09
153 2.218809e-09
154 1.376123e-09
155 8.678218e-10
156 5.628239e-10
157 3.724097e-10
158 2.461450e-10
159 1.583950e-10
160 9.710481e-11
161 5.594896e-11
162 3.015334e-11
163 1.526392e-11
164 7.334105e-12
165 9.980926e-09
166 6.958710e-09
167 4.635331e-09
168 2.926807e-09
169 1.806182e-09
170 1.129562e-09
171 7.245651e-10
172 4.762999e-10
173 3.152752e-10
174 2.047936e-10
175 1.275382e-10
176 7.491959e-11
177 4.119964e-11
178 2.123784e-11
179 1.035190e-11
180 1.121949e-08
181 7.869307e-09
182 5.274713e-09
183 3.348881e-09
184 2.063766e-09
185 1.286396e-09
186 8.207970e-10
187 5.377657e-10
188 3.559438e-10
189 2.320797e-10
190 1.454860e-10
191 8.617605e-11
192 4.781335e-11
193 2.485147e-11
194 1.219512e-11
195 1.196116e-08
196 8.420537e-09
197 5.665331e-09
198 3.608192e-09
199 2.222180e-09
200 1.382208e-09
201 8.792142e-10
202 5.749778e-10
203 3.805709e-10
204 2.486331e-10
205 1.564614e-10
206 9.313465e-11
207 5.194279e-11
208 2.712645e-11
209 1.336244e-11
210 1.259300e-08
211 8.884829e-09
212 5.990806e-09
213 3.822498e-09
214 2.353460e-09
215 1.462111e-09
216 9.283635e-10
217 6.062760e-10
218 4.012457e-10
219 2.625159e-10
220 1.655616e-10
221 9.883584e-11
222 5.528930e-11
223 2.895412e-11
224 1.429470e-11
225 1.318478e-08
226 9.317762e-09
227 6.292825e-09
228 4.021540e-09
229 2.474990e-09
230 1.536228e-09
231 9.739930e-10
232 6.355617e-10
233 4.206207e-10
234 2.754288e-10
235 1.740218e-10
236 1.041059e-10
237 5.836737e-11
238 3.062914e-11
239 1.514855e-11
240 1.363000e-08
241 9.645410e-09
242 6.523256e-09
243 4.173610e-09
244 2.568373e-09
245 1.592972e-09
246 1.008748e-09
247 6.576790e-10
248 4.353194e-10
249 2.852679e-10
250 1.804852e-10
251 1.081622e-10
252 6.075132e-11
253 3.193165e-11
254 1.581093e-11
255 1.396920e-08
256 9.897258e-09
257 6.702066e-09
258 4.292626e-09
259 2.640628e-09
260 1.636690e-09
261 1.035441e-09
262 6.746961e-10
263 4.465515e-10
264 2.928309e-10
265 1.854997e-10
266 1.113394e-10
267 6.263649e-11
268 3.296531e-11
269 1.634155e-11
270 1.445827e-08
271 1.025713e-08
272 6.954399e-09
273 4.458886e-09
274 2.742090e-09
275 1.698885e-09
276 1.073770e-09
277 6.990671e-10
278 4.626060e-10
279 3.035882e-10
280 1.925896e-10
281 1.157886e-10
282 6.524452e-11
283 3.439532e-11
284 1.707088e-11
285 1.367422e-08
286 9.726186e-09
287 6.603891e-09
288 4.259912e-09
289 2.626104e-09
290 1.626566e-09
291 1.025801e-09
292 6.654990e-10
293 4.389864e-10
294 2.876574e-10
295 1.825771e-10
296 1.100802e-10
297 6.232538e-11
298 3.304114e-11
299 1.648676e-11
300 1.611053e-08
301 1.159109e-08
302 7.942669e-09
303 5.182226e-09
304 3.206890e-09
305 1.976498e-09
306 1.236701e-09
307 7.960829e-10
308 5.232202e-10
309 3.436096e-10
310 2.198206e-10
311 1.341404e-10
312 7.704532e-11
313 4.144684e-11
314 2.095092e-11
315 1.768710e-08
316 1.281710e-08
317 8.830545e-09
318 5.800288e-09
319 3.600487e-09
320 2.212370e-09
321 1.378638e-09
322 8.832575e-10
323 5.790293e-10
324 3.805814e-10
325 2.445156e-10
326 1.502244e-10
327 8.698921e-11
328 4.718846e-11
329 2.403227e-11
330 1.895157e-08
331 1.379083e-08
332 9.528756e-09
333 6.281402e-09
334 3.907022e-09
335 2.396978e-09
336 1.490054e-09
337 9.520866e-10
338 6.232021e-10
339 4.098329e-10
340 2.639508e-10
341 1.627856e-10
342 9.469559e-11
343 5.160873e-11
344 2.639234e-11
345 2.010354e-08
346 1.467309e-08
347 1.016287e-08
348 6.718014e-09
349 4.183000e-09
350 2.563356e-09
351 1.590629e-09
352 1.014403e-09
353 6.632636e-10
354 4.363417e-10
355 2.815291e-10
356 1.741051e-10
357 1.016097e-10
358 5.555924e-11
359 2.849653e-11
360 2.100181e-08
361 1.536548e-08
362 1.066142e-08
363 7.060924e-09
364 4.400952e-09
365 2.694839e-09
366 1.669827e-09
367 1.063303e-09
368 6.946579e-10
369 4.571473e-10
370 2.953367e-10
371 1.830333e-10
372 1.070890e-10
373 5.870279e-11
374 3.017434e-11
375 2.172274e-08
376 1.592620e-08
377 1.106717e-08
378 7.343740e-09
379 4.581368e-09
380 2.802890e-09
381 1.734785e-09
382 1.103136e-09
383 7.201752e-10
384 4.740627e-10
385 3.066432e-10
386 1.903955e-10
387 1.116403e-10
388 6.133160e-11
389 3.158580e-11
390 2.271019e-08
391 1.668815e-08
392 1.161517e-08
393 7.722429e-09
394 4.821533e-09
395 2.948370e-09
396 1.822476e-09
397 1.157293e-09
398 7.548033e-10
399 4.970325e-10
400 3.219146e-10
401 2.002764e-10
402 1.177084e-10
403 6.480757e-11
404 3.344344e-11
405 1.973528e-08
406 1.445563e-08
407 1.002864e-08
408 6.645308e-09
409 4.158302e-09
410 2.547178e-09
411 1.579963e-09
412 1.004819e-09
413 6.551429e-10
414 4.302190e-10
415 2.774856e-10
416 1.718527e-10
417 1.006060e-10
418 5.525018e-11
419 2.847411e-11
420 2.231943e-08
421 1.655155e-08
422 1.157863e-08
423 7.740884e-09
424 4.887784e-09
425 2.985632e-09
426 1.843351e-09
427 1.163060e-09
428 7.537161e-10
429 4.942879e-10
430 3.200695e-10
431 1.998942e-10
432 1.183596e-10
433 6.583191e-11
434 3.434993e-11
435 2.433904e-08
436 1.818336e-08
437 1.277889e-08
438 8.587883e-09
439 5.449808e-09
440 3.325030e-09
441 2.048087e-09
442 1.286287e-09
443 8.307902e-10
444 5.442870e-10
445 3.531686e-10
446 2.215712e-10
447 1.320130e-10
448 7.393966e-11
449 3.884280e-11
450 2.615850e-08
451 1.963931e-08
452 1.385202e-08
453 9.340755e-09
454 5.947572e-09
455 3.626669e-09
456 2.229498e-09
457 1.396101e-09
458 8.993107e-10
459 5.888464e-10
460 3.826231e-10
461 2.408088e-10
462 1.440899e-10
463 8.108813e-11
464 4.279398e-11
465 2.760366e-08
466 2.080561e-08
467 1.471053e-08
468 9.944195e-09
469 6.349179e-09
470 3.869783e-09
471 2.375364e-09
472 1.484045e-09
473 9.543373e-10
474 6.245201e-10
475 4.062289e-10
476 2.562730e-10
477 1.538361e-10
478 8.687880e-11
479 4.600482e-11
480 2.880269e-08
481 2.177968e-08
482 1.543585e-08
483 1.045719e-08
484 6.692773e-09
485 4.076668e-09
486 2.499786e-09
487 1.558431e-09
488 1.000630e-09
489 6.545663e-10
490 4.261627e-10
491 2.693969e-10
492 1.621558e-10
493 9.185121e-11
494 4.877209e-11
495 3.039712e-08
496 2.306616e-08
497 1.638450e-08
498 1.112652e-08
499 7.136781e-09
500 4.345491e-09
501 2.661455e-09
502 1.655910e-09
503 1.061413e-09
504 6.939677e-10
505 4.522692e-10
506 2.865055e-10
507 1.729409e-10
508 9.826116e-11
509 5.233129e-11
510 2.596884e-08
511 1.961172e-08
512 1.388922e-08
513 9.389823e-09
514 6.015006e-09
515 3.674956e-09
516 2.256553e-09
517 1.408068e-09
518 9.036753e-10
519 5.900364e-10
520 3.831656e-10
521 2.415689e-10
522 1.451009e-10
523 8.210493e-11
524 4.360818e-11
525 2.889887e-08
526 2.207561e-08
527 1.575876e-08
528 1.072481e-08
529 6.928755e-09
530 4.241411e-09
531 2.595615e-09
532 1.609302e-09
533 1.026672e-09
534 6.680887e-10
535 4.342430e-10
536 2.751299e-10
537 1.665914e-10
538 9.520335e-11
539 5.109676e-11
540 3.151596e-08
541 2.426868e-08
542 1.742066e-08
543 1.191048e-08
544 7.738570e-09
545 4.745715e-09
546 2.896648e-09
547 1.788707e-09
548 1.136125e-09
549 7.376258e-10
550 4.796741e-10
551 3.049119e-10
552 1.856180e-10
553 1.067790e-10
554 5.770880e-11
555 3.362238e-08
556 2.604556e-08
557 1.877419e-08
558 1.287622e-08
559 8.401002e-09
560 5.157520e-09
561 3.142943e-09
562 1.935166e-09
563 1.225384e-09
564 7.941312e-10
565 5.165930e-10
566 3.291616e-10
567 2.011563e-10
568 1.162632e-10
569 6.314263e-11
570 3.542428e-08
571 2.758165e-08
572 1.995134e-08
573 1.372088e-08
574 8.983538e-09
575 5.520380e-09
576 3.359294e-09
577 2.063164e-09
578 1.303128e-09
579 8.432557e-10
580 5.487078e-10
581 3.503223e-10
582 2.147809e-10
583 1.246244e-10
584 6.795699e-11
585 3.776554e-08
586 2.955378e-08
587 2.145361e-08
588 1.479352e-08
589 9.718224e-09
590 5.978007e-09
591 3.632316e-09
592 2.225415e-09
593 1.401982e-09
594 9.058602e-10
595 5.896720e-10
596 3.772384e-10
597 2.320329e-10
598 1.351569e-10
599 7.398836e-11
600 3.272912e-08
601 2.539520e-08
602 1.833686e-08
603 1.258431e-08
604 8.221288e-09
605 5.064175e-09
606 3.084546e-09
607 1.898797e-09
608 1.200749e-09
609 7.767903e-10
610 5.045646e-10
611 3.212494e-10
612 1.963538e-10
613 1.136213e-10
614 6.183848e-11
615 3.622102e-08
616 2.842530e-08
617 2.070436e-08
618 1.429569e-08
619 9.410278e-09
620 5.828440e-09
621 3.538411e-09
622 2.168616e-09
623 1.362535e-09
624 8.773178e-10
625 5.692660e-10
626 3.635160e-10
627 2.235828e-10
628 1.304859e-10
629 7.170710e-11
630 3.907243e-08
631 3.092050e-08
632 2.266490e-08
633 1.571506e-08
634 1.040059e-08
635 6.466683e-09
636 3.917480e-09
637 2.393630e-09
638 1.497196e-09
639 9.606556e-10
640 6.228212e-10
641 3.985267e-10
642 2.461906e-10
643 1.445343e-10
644 7.995764e-11
645 4.155321e-08
646 3.311378e-08
647 2.439889e-08
648 1.697806e-08
649 1.128435e-08
650 7.038014e-09
651 4.255938e-09
652 2.594414e-09
653 1.616695e-09
654 1.034415e-09
655 6.701996e-10
656 4.295565e-10
657 2.663027e-10
658 1.570893e-10
659 8.736354e-11
660 4.472309e-08
661 3.588363e-08
662 2.657637e-08
663 1.855618e-08
664 1.238394e-08
665 7.747442e-09
666 4.677226e-09
667 2.844258e-09
668 1.766055e-09
669 1.126907e-09
670 7.296784e-10
671 4.684475e-10
672 2.914221e-10
673 1.727015e-10
674 9.653512e-11
675 4.068372e-08
676 3.241525e-08
677 2.390565e-08
678 1.664178e-08
679 1.105797e-08
680 6.916099e-09
681 4.185784e-09
682 2.553916e-09
683 1.590270e-09
684 1.016187e-09
685 6.573142e-10
686 4.206525e-10
687 2.605026e-10
688 1.536243e-10
689 8.549487e-11
690 4.445091e-08
691 3.581874e-08
692 2.667170e-08
693 1.868126e-08
694 1.249588e-08
695 7.872805e-09
696 4.758007e-09
697 2.894158e-09
698 1.790453e-09
699 1.137381e-09
700 7.336827e-10
701 4.700603e-10
702 2.924696e-10
703 1.737377e-10
704 9.754829e-11
705 4.777384e-08
706 3.886291e-08
707 2.915571e-08
708 2.052627e-08
709 1.380015e-08
710 8.744098e-09
711 5.278810e-09
712 3.203254e-09
713 1.971673e-09
714 1.246706e-09
715 8.024632e-10
716 5.145820e-10
717 3.213429e-10
718 1.919754e-10
719 1.085271e-10
720 5.196075e-08
721 4.265643e-08
722 3.222619e-08
723 2.279768e-08
724 1.540047e-08
725 9.810587e-09
726 5.916782e-09
727 3.582625e-09
728 2.194452e-09
729 1.381659e-09
730 8.874563e-10
731 5.695736e-10
732 3.569179e-10
733 2.143635e-10
734 1.219531e-10
735 4.921318e-08
736 4.025441e-08
737 3.036955e-08
738 2.146938e-08
739 1.447704e-08
740 9.221305e-09
741 5.578798e-09
742 3.380896e-09
743 2.073545e-09
744 1.306073e-09
745 8.379925e-10
746 5.367018e-10
747 3.354578e-10
748 2.009768e-10
749 1.141209e-10
750 5.356375e-08
751 4.436138e-08
752 3.384414e-08
753 2.410673e-08
754 1.635953e-08
755 1.050997e-08
756 6.369298e-09
757 3.847757e-09
758 2.344455e-09
759 1.466512e-09
760 9.365957e-10
761 5.994374e-10
762 3.759118e-10
763 2.266897e-10
764 1.298507e-10
765 5.896380e-08
766 4.941407e-08
767 3.807476e-08
768 2.731122e-08
769 1.864035e-08
770 1.206716e-08
771 7.323914e-09
772 4.412392e-09
773 2.672284e-09
774 1.661480e-09
775 1.056654e-09
776 6.758862e-10
777 4.251462e-10
778 2.578952e-10
779 1.488765e-10
780 5.920162e-08
781 4.983934e-08
782 3.862761e-08
783 2.784059e-08
784 1.905601e-08
785 1.238744e-08
786 7.560526e-09
787 4.546269e-09
788 2.749016e-09
789 1.702276e-09
790 1.078091e-09
791 6.875983e-10
792 4.321366e-10
793 2.624567e-10
794 1.519845e-10
795 6.623681e-08
796 5.664610e-08
797 4.455572e-08
798 3.247314e-08
799 2.240246e-08
800 1.471371e-08
801 9.044261e-09
802 5.416234e-09
803 3.254744e-09
804 1.996724e-09
805 1.254620e-09
806 7.973012e-10
807 5.018589e-10
808 3.066648e-10
809 1.792807e-10
810 7.599319e-08
811 6.643712e-08
812 5.348582e-08
813 3.975347e-08
814 2.778836e-08
815 1.851272e-08
816 1.157599e-08
817 6.914034e-09
818 4.131458e-09
819 2.496549e-09
820 1.544467e-09
821 9.713037e-10
822 6.096564e-10
823 3.743207e-10
824 2.212889e-10
825 9.205029e-07
826 6.723641e-07
827 4.977999e-07
828 3.095419e-07
829 1.885700e-07
830 1.117293e-07
831 6.824643e-08
832 4.380837e-08
833 2.958464e-08
834 0.000000e+00
835 0.000000e+00
836 0.000000e+00
837 0.000000e+00
838 0.000000e+00
839 0.000000e+00
840 1.391244e-06
841 1.016364e-06
842 7.534291e-07
843 4.736635e-07
844 2.879111e-07
845 1.703674e-07
846 1.038668e-07
847 6.642987e-08
848 4.474157e-08
849 0.000000e+00
850 0.000000e+00
851 0.000000e+00
852 0.000000e+00
853 0.000000e+00
854 0.000000e+00
855 1.653845e-06
856 1.208306e-06
857 8.960574e-07
858 5.654543e-07
859 3.434211e-07
860 2.031356e-07
861 1.237670e-07
862 7.905903e-08
863 5.319885e-08
864 0.000000e+00
865 0.000000e+00
866 0.000000e+00
867 0.000000e+00
868 0.000000e+00
869 0.000000e+00
870 1.818985e-06
871 1.329022e-06
872 9.857744e-07
873 6.233345e-07
874 3.784061e-07
875 2.237822e-07
876 1.363002e-07
877 8.700723e-08
878 5.851827e-08
879 0.000000e+00
880 0.000000e+00
881 0.000000e+00
882 0.000000e+00
883 0.000000e+00
884 0.000000e+00
885 1.950512e-06
886 1.425158e-06
887 1.057206e-06
888 6.692793e-07
889 4.061949e-07
890 2.401860e-07
891 1.462638e-07
892 9.333163e-08
893 6.275416e-08
894 0.000000e+00
895 0.000000e+00
896 0.000000e+00
897 0.000000e+00
898 0.000000e+00
899 0.000000e+00
900 2.070245e-06
901 1.512672e-06
902 1.122217e-06
903 7.110438e-07
904 4.314609e-07
905 2.551032e-07
906 1.553265e-07
907 9.908662e-08
908 6.660984e-08
909 0.000000e+00
910 0.000000e+00
911 0.000000e+00
912 0.000000e+00
913 0.000000e+00
914 0.000000e+00
915 2.163640e-06
916 1.580939e-06
917 1.172942e-06
918 7.436741e-07
919 4.511959e-07
920 2.667529e-07
921 1.624020e-07
922 1.035776e-07
923 6.961757e-08
924 0.000000e+00
925 0.000000e+00
926 0.000000e+00
927 0.000000e+00
928 0.000000e+00
929 0.000000e+00
930 2.238973e-06
931 1.636002e-06
932 1.213873e-06
933 7.700792e-07
934 4.671570e-07
935 2.761706e-07
936 1.681200e-07
937 1.072034e-07
938 7.204422e-08
939 0.000000e+00
940 0.000000e+00
941 0.000000e+00
942 0.000000e+00
943 0.000000e+00
944 0.000000e+00
945 2.341799e-06
946 1.711163e-06
947 1.269720e-06
948 8.060172e-07
949 4.888894e-07
950 2.889994e-07
951 1.759107e-07
952 1.121487e-07
953 7.535581e-08
954 0.000000e+00
955 0.000000e+00
956 0.000000e+00
957 0.000000e+00
958 0.000000e+00
959 0.000000e+00
960 4.816449e-07
961 3.834010e-07
962 2.780968e-07
963 2.085140e-07
964 1.289435e-07
965 7.891946e-08
966 4.587780e-08
967 2.743624e-08
968 1.719736e-08
969 1.138757e-08
970 0.000000e+00
971 0.000000e+00
972 0.000000e+00
973 0.000000e+00
974 0.000000e+00
975 7.422192e-07
976 5.947387e-07
977 4.317663e-07
978 3.234604e-07
979 2.025216e-07
980 1.234965e-07
981 7.173793e-08
982 4.284369e-08
983 2.676124e-08
984 1.767063e-08
985 0.000000e+00
986 0.000000e+00
987 0.000000e+00
988 0.000000e+00
989 0.000000e+00
990 9.216375e-07
991 7.405335e-07
992 5.378185e-07
993 4.027567e-07
994 2.534631e-07
995 1.543152e-07
996 8.961640e-08
997 5.349420e-08
998 3.336602e-08
999 2.200598e-08
1000 0.000000e+00
1001 0.000000e+00
1002 0.000000e+00
1003 0.000000e+00
1004 0.000000e+00
1005 1.053388e-06
1006 8.475117e-07
1007 6.156262e-07
1008 4.609410e-07
1009 2.907832e-07
1010 1.769041e-07
1011 1.027223e-07
1012 6.130232e-08
1013 3.821016e-08
1014 2.518694e-08
1015 0.000000e+00
1016 0.000000e+00
1017 0.000000e+00
1018 0.000000e+00
1019 0.000000e+00
1020 1.168612e-06
1021 9.410238e-07
1022 6.836352e-07
1023 5.117996e-07
1024 3.233819e-07
1025 1.966396e-07
1026 1.141719e-07
1027 6.812493e-08
1028 4.244372e-08
1029 2.796736e-08
1030 0.000000e+00
1031 0.000000e+00
1032 0.000000e+00
1033 0.000000e+00
1034 0.000000e+00
1035 1.262529e-06
1036 1.017274e-06
1037 7.390960e-07
1038 5.532717e-07
1039 3.499899e-07
1040 2.127421e-07
1041 1.235141e-07
1042 7.369064e-08
1043 4.589673e-08
1044 3.023480e-08
1045 0.000000e+00
1046 0.000000e+00
1047 0.000000e+00
1048 0.000000e+00
1049 0.000000e+00
1050 1.344463e-06
1051 1.083856e-06
1052 7.875255e-07
1053 5.894844e-07
1054 3.732568e-07
1055 2.268160e-07
1056 1.316791e-07
1057 7.855459e-08
1058 4.891318e-08
1059 3.221460e-08
1060 0.000000e+00
1061 0.000000e+00
1062 0.000000e+00
1063 0.000000e+00
1064 0.000000e+00
1065 1.448558e-06
1066 1.168385e-06
1067 8.490055e-07
1068 6.354579e-07
1069 4.027530e-07
1070 2.446675e-07
1071 1.420361e-07
1072 8.472490e-08
1073 5.274074e-08
1074 3.472798e-08
1075 0.000000e+00
1076 0.000000e+00
1077 0.000000e+00
1078 0.000000e+00
1079 0.000000e+00
1080 3.079328e-07
1081 2.802853e-07
1082 2.160838e-07
1083 1.562195e-07
1084 1.171066e-07
1085 6.774981e-08
1086 4.154597e-08
1087 2.394125e-08
1088 1.414940e-08
1089 8.798660e-09
1090 0.000000e+00
1091 0.000000e+00
1092 0.000000e+00
1093 0.000000e+00
1094 0.000000e+00
1095 5.210975e-07
1096 4.764188e-07
1097 3.688072e-07
1098 2.664693e-07
1099 2.000375e-07
1100 1.163869e-07
1101 7.155511e-08
1102 4.113713e-08
1103 2.422554e-08
1104 1.502968e-08
1105 0.000000e+00
1106 0.000000e+00
1107 0.000000e+00
1108 0.000000e+00
1109 0.000000e+00
1110 6.757892e-07
1111 6.188360e-07
1112 4.797682e-07
1113 3.465694e-07
1114 2.602934e-07
1115 1.517628e-07
1116 9.338413e-08
1117 5.364341e-08
1118 3.155003e-08
1119 1.955760e-08
1120 0.000000e+00
1121 0.000000e+00
1122 0.000000e+00
1123 0.000000e+00
1124 0.000000e+00
1125 8.081371e-07
1126 7.406633e-07
1127 5.746748e-07
1128 4.150813e-07
1129 3.118308e-07
1130 1.820156e-07
1131 1.120501e-07
1132 6.433851e-08
1133 3.781416e-08
1134 2.343033e-08
1135 0.000000e+00
1136 0.000000e+00
1137 0.000000e+00
1138 0.000000e+00
1139 0.000000e+00
1140 9.186243e-07
1141 8.423862e-07
1142 6.539339e-07
1143 4.722951e-07
1144 3.548711e-07
1145 2.072843e-07
1146 1.276425e-07
1147 7.327141e-08
1148 4.304597e-08
1149 2.666458e-08
1150 0.000000e+00
1151 0.000000e+00
1152 0.000000e+00
1153 0.000000e+00
1154 0.000000e+00
1155 1.018864e-06
1156 9.346925e-07
1157 7.258753e-07
1158 5.242248e-07
1159 3.939381e-07
1160 2.302276e-07
1161 1.418020e-07
1162 8.138269e-08
1163 4.779547e-08
1164 2.960042e-08
1165 0.000000e+00
1166 0.000000e+00
1167 0.000000e+00
1168 0.000000e+00
1169 0.000000e+00
1170 1.141749e-06
1171 1.047839e-06
1172 8.140302e-07
1173 5.878639e-07
1174 4.418097e-07
1175 2.583343e-07
1176 1.591454e-07
1177 9.131887e-08
1178 5.361458e-08
1179 3.319773e-08
1180 0.000000e+00
1181 0.000000e+00
1182 0.000000e+00
1183 0.000000e+00
1184 0.000000e+00
1185 1.144155e-07
1186 1.129812e-07
1187 9.505465e-08
1188 6.944614e-08
1189 5.157407e-08
1190 3.509157e-08
1191 2.068967e-08
1192 1.179041e-08
1193 6.817482e-09
1194 4.027521e-09
1195 2.522038e-09
1196 0.000000e+00
1197 0.000000e+00
1198 0.000000e+00
1199 0.000000e+00
1200 1.944726e-07
1201 1.925214e-07
1202 1.625159e-07
1203 1.189173e-07
1204 8.818441e-08
1205 6.037772e-08
1206 3.544162e-08
1207 2.022238e-08
1208 1.170693e-08
1209 6.905001e-09
1210 4.316000e-09
1211 0.000000e+00
1212 0.000000e+00
1213 0.000000e+00
1214 0.000000e+00
1215 2.635593e-07
1216 2.611870e-07
1217 2.207814e-07
1218 1.616565e-07
1219 1.198061e-07
1220 8.223682e-08
1221 4.818635e-08
1222 2.750897e-08
1223 1.593249e-08
1224 9.391370e-09
1225 5.865712e-09
1226 0.000000e+00
1227 0.000000e+00
1228 0.000000e+00
1229 0.000000e+00
1230 3.220008e-07
1231 3.192771e-07
1232 2.700774e-07
1233 1.978166e-07
1234 1.465597e-07
1235 1.007327e-07
1236 5.896955e-08
1237 3.367424e-08
1238 1.950783e-08
1239 1.149506e-08
1240 7.176866e-09
1241 0.000000e+00
1242 0.000000e+00
1243 0.000000e+00
1244 0.000000e+00
1245 3.761334e-07
1246 3.730871e-07
1247 3.157463e-07
1248 2.313197e-07
1249 1.713449e-07
1250 1.178721e-07
1251 6.896031e-08
1252 3.938672e-08
1253 2.282075e-08
1254 1.344426e-08
1255 8.391605e-09
1256 0.000000e+00
1257 0.000000e+00
1258 0.000000e+00
1259 0.000000e+00
1260 4.412561e-07
1261 4.378177e-07
1262 3.706780e-07
1263 2.716136e-07
1264 2.011575e-07
1265 1.384835e-07
1266 8.097647e-08
1267 4.625689e-08
1268 2.680494e-08
1269 1.578843e-08
1270 9.852652e-09
1271 0.000000e+00
1272 0.000000e+00
1273 0.000000e+00
1274 0.000000e+00
1275 9.100603e-08
1276 9.474126e-08
1277 8.571153e-08
1278 6.555347e-08
1279 4.738251e-08
1280 3.548582e-08
1281 2.004870e-08
1282 1.210523e-08
1283 6.840999e-09
1284 3.951307e-09
1285 2.365935e-09
1286 0.000000e+00
1287 0.000000e+00
1288 0.000000e+00
1289 0.000000e+00
1290 1.632815e-07
1291 1.703099e-07
1292 1.545175e-07
1293 1.184733e-07
1294 8.558279e-08
1295 6.418828e-08
1296 3.635775e-08
1297 2.201890e-08
1298 1.241752e-08
1299 7.156753e-09
1300 4.277486e-09
1301 0.000000e+00
1302 0.000000e+00
1303 0.000000e+00
1304 0.000000e+00
1305 2.258463e-07
1306 2.357420e-07
1307 2.141162e-07
1308 1.643277e-07
1309 1.186803e-07
1310 8.906057e-08
1311 5.049711e-08
1312 3.061673e-08
1313 1.725278e-08
1314 9.935060e-09
1315 5.933925e-09
1316 0.000000e+00
1317 0.000000e+00
1318 0.000000e+00
1319 0.000000e+00
1320 2.845769e-07
1321 2.971665e-07
1322 2.700677e-07
1323 2.073790e-07
1324 1.497544e-07
1325 1.124134e-07
1326 6.377355e-08
1327 3.869060e-08
1328 2.179304e-08
1329 1.254368e-08
1330 7.489140e-09
1331 0.000000e+00
1332 0.000000e+00
1333 0.000000e+00
1334 0.000000e+00
1335 3.543556e-07
1336 3.701434e-07
1337 3.365401e-07
1338 2.585220e-07
1339 1.866694e-07
1340 1.401542e-07
1341 7.954417e-08
1342 4.828015e-08
1343 2.718615e-08
1344 1.564241e-08
1345 9.336649e-09
1346 0.000000e+00
1347 0.000000e+00
1348 0.000000e+00
1349 0.000000e+00
1350 4.776457e-08
1351 5.171571e-08
1352 4.961279e-08
1353 4.022303e-08
1354 2.901745e-08
1355 2.187089e-08
1356 1.367873e-08
1357 8.382177e-09
1358 4.653546e-09
1359 2.562466e-09
1360 1.480424e-09
1361 8.999614e-10
1362 0.000000e+00
1363 0.000000e+00
1364 0.000000e+00
1365 8.903149e-08
1366 9.654684e-08
1367 9.284184e-08
1368 7.548240e-08
1369 5.448846e-08
1370 4.103053e-08
1371 2.582760e-08
1372 1.578223e-08
1373 8.763550e-09
1374 4.828195e-09
1375 2.783296e-09
1376 1.688461e-09
1377 0.000000e+00
1378 0.000000e+00
1379 0.000000e+00
1380 1.283727e-07
1381 1.392901e-07
1382 1.340664e-07
1383 1.091141e-07
1384 7.878494e-08
1385 5.930537e-08
1386 3.742134e-08
1387 2.284214e-08
1388 1.268475e-08
1389 6.990093e-09
1390 4.026229e-09
1391 2.440561e-09
1392 0.000000e+00
1393 0.000000e+00
1394 0.000000e+00
1395 1.746541e-07
1396 1.895729e-07
1397 1.825585e-07
1398 1.486736e-07
1399 1.073638e-07
1400 8.080128e-08
1401 5.105715e-08
1402 3.114629e-08
1403 1.729692e-08
1404 9.532882e-09
1405 5.488217e-09
1406 3.325227e-09
1407 0.000000e+00
1408 0.000000e+00
1409 0.000000e+00
1410 8.281074e-08
1411 9.242556e-08
1412 9.285429e-08
1413 7.976029e-08
1414 5.878585e-08
1415 4.329226e-08
1416 3.050496e-08
1417 1.740035e-08
1418 9.796387e-09
1419 5.543606e-09
1420 3.083500e-09
1421 1.798250e-09
1422 0.000000e+00
1423 0.000000e+00
1424 0.000000e+00
1425 1.642559e-07
1426 1.835909e-07
1427 1.848476e-07
1428 1.592621e-07
1429 1.175880e-07
1430 8.648399e-08
1431 6.123664e-08
1432 3.481261e-08
1433 1.964347e-08
1434 1.111378e-08
1435 6.178495e-09
1436 3.595860e-09
1437 0.000000e+00
1438 0.000000e+00
1439 0.000000e+00
1440 2.588110e-07
1441 2.894300e-07
1442 2.916460e-07
1443 2.515558e-07
1444 1.858492e-07
1445 1.366248e-07
1446 9.690940e-08
1447 5.502582e-08
1448 3.107433e-08
1449 1.757976e-08
1450 9.771276e-09
1451 5.682654e-09
1452 0.000000e+00
1453 0.000000e+00
1454 0.000000e+00
1455 6.785734e-08
1456 7.776410e-08
1457 8.128431e-08
1458 7.385441e-08
1459 5.663343e-08
1460 4.089808e-08
1461 3.072090e-08
1462 1.722079e-08
1463 1.030165e-08
1464 5.643486e-09
1465 3.111250e-09
1466 1.737124e-09
1467 0.000000e+00
1468 0.000000e+00
1469 0.000000e+00
1470 1.515492e-07
1471 1.739146e-07
1472 1.821637e-07
1473 1.660231e-07
1474 1.276623e-07
1475 9.213751e-08
1476 6.930905e-08
1477 3.897946e-08
1478 2.340349e-08
1479 1.279563e-08
1480 7.035956e-09
1481 3.919982e-09
1482 0.000000e+00
1483 0.000000e+00
1484 0.000000e+00
1485 3.942880e-08
1486 4.633043e-08
1487 5.023416e-08
1488 4.822420e-08
1489 3.909681e-08
1490 2.820619e-08
1491 2.127829e-08
1492 1.322930e-08
1493 8.051460e-09
1494 4.369025e-09
1495 2.300865e-09
1496 1.241437e-09
1497 6.913596e-10
1498 0.000000e+00
1499 0.000000e+00
1500 3.690046e-04
1501 2.688614e-04
1502 2.006099e-04
1503 1.262437e-04
1504 7.707102e-05
1505 4.544778e-05
1506 2.763865e-05
1507 1.762209e-05
1508 1.185122e-05
1509 0.000000e+00
1510 0.000000e+00
1511 0.000000e+00
1512 0.000000e+00
1513 0.000000e+00
1514 0.000000e+00
1515 1.169664e-04
1516 9.429011e-05
1517 6.839912e-05
1518 5.132058e-05
1519 3.239810e-05
1520 1.978548e-05
1521 1.145810e-05
1522 6.824824e-06
1523 4.248703e-06
1524 2.798929e-06
1525 0.000000e+00
1526 0.000000e+00
1527 0.000000e+00
1528 0.000000e+00
1529 0.000000e+00
1530 9.949378e-05
1531 9.135328e-05
1532 7.094427e-05
1533 5.119341e-05
1534 3.855253e-05
1535 2.244812e-05
1536 1.386627e-05
1537 7.946022e-06
1538 4.669669e-06
1539 2.891219e-06
1540 0.000000e+00
1541 0.000000e+00
1542 0.000000e+00
1543 0.000000e+00
1544 0.000000e+00
1545 2.026202e-05
1546 2.011343e-05
1547 1.703339e-05
1548 1.247582e-05
1549 9.239239e-06
1550 6.368429e-06
1551 3.721673e-06
1552 2.123394e-06
1553 1.232456e-06
1554 7.251204e-07
1555 4.524771e-07
1556 0.000000e+00
1557 0.000000e+00
1558 0.000000e+00
1559 0.000000e+00
1560 1.767662e-05
1561 1.847120e-05
1562 1.680125e-05
1563 1.290614e-05
1564 9.315520e-06
1565 7.002332e-06
1566 3.965809e-06
1567 2.409379e-06
1568 1.355388e-06
1569 7.810906e-07
1570 4.659462e-07
1571 0.000000e+00
1572 0.000000e+00
1573 0.000000e+00
1574 0.000000e+00
1575 6.057064e-06
1576 6.576608e-06
1577 6.336065e-06
1578 5.161477e-06
1579 3.726469e-06
1580 2.805052e-06
1581 1.773104e-06
1582 1.082805e-06
1583 6.012982e-07
1584 3.307586e-07
1585 1.904636e-07
1586 1.153940e-07
1587 0.000000e+00
1588 0.000000e+00
1589 0.000000e+00
1590 1.932509e-05
1591 2.161805e-05
1592 2.179334e-05
1593 1.880649e-05
1594 1.389464e-05
1595 1.021203e-05
1596 7.252773e-06
1597 4.113124e-06
1598 2.321530e-06
1599 1.315284e-06
1600 7.304661e-07
1601 4.247521e-07
1602 0.000000e+00
1603 0.000000e+00
1604 0.000000e+00
1605 1.094293e-05
1606 1.256256e-05
1607 1.316551e-05
1608 1.200768e-05
1609 9.237374e-06
1610 6.664890e-06
1611 5.017813e-06
1612 2.820318e-06
1613 1.695271e-06
1614 9.259616e-07
1615 5.094852e-07
1616 2.836148e-07
1617 0.000000e+00
1618 0.000000e+00
1619 0.000000e+00
1620 1.754695e-06
1621 2.063676e-06
1622 2.240416e-06
1623 2.154912e-06
1624 1.750772e-06
1625 1.263452e-06
1626 9.526462e-07
1627 5.951273e-07
1628 3.617997e-07
1629 1.963897e-07
1630 1.033445e-07
1631 5.568714e-08
1632 3.095336e-08
1633 0.000000e+00
1634 0.000000e+00
1635 1.289368e-06
1636 1.554942e-06
1637 1.749274e-06
1638 1.776148e-06
1639 1.547266e-06
1640 1.150706e-06
1641 8.434337e-07
1642 6.047658e-07
1643 3.398388e-07
1644 1.906138e-07
1645 1.039135e-07
1646 5.410503e-08
1647 2.840644e-08
1648 0.000000e+00
1649 0.000000e+00
