0 2.268608e-09
1 1.475393e-09
2 9.282325e-10
3 5.845238e-10
4 3.755724e-10
5 2.469808e-10
6 1.641975e-10
7 1.078702e-10
8 6.839380e-11
9 4.112072e-11
10 2.321103e-11
11 1.227992e-11
12 6.129716e-12
13 2.919288e-12
14 1.342877e-12
15 3.863832e-09
16 2.572153e-09
17 1.636569e-09
18 1.020320e-09
19 6.448771e-10
20 4.172998e-10
21 2.759076e-10
22 1.829278e-10
23 1.186632e-10
24 7.368325e-11
25 4.311947e-11
26 2.363480e-11
27 1.216067e-11
28 5.926530e-12
29 2.770056e-12
30 4.421300e-09
31 2.964156e-09
32 1.896775e-09
33 1.181651e-09
34 7.437132e-10
35 4.786318e-10
36 3.154053e-10
37 2.092398e-10
38 1.363814e-10
39 8.537485e-11
40 5.046473e-11
41 2.795907e-11
42 1.452823e-11
43 7.138640e-12
44 3.355648e-12
45 4.681564e-09
46 3.147811e-09
47 2.019510e-09
48 1.257840e-09
49 7.901809e-10
50 5.074227e-10
51 3.338496e-10
52 2.215043e-10
53 1.446616e-10
54 9.084639e-11
55 5.393926e-11
56 3.002045e-11
57 1.566532e-11
58 7.722451e-12
59 3.639331e-12
60 4.936738e-09
61 3.326099e-09
62 2.137217e-09
63 1.331033e-09
64 8.352740e-10
65 5.356006e-10
66 3.520126e-10
67 2.335874e-10
68 1.527307e-10
69 9.612919e-11
70 5.724055e-11
71 3.194708e-11
72 1.671313e-11
73 8.255984e-12
74 3.896676e-12
75 5.101086e-09
76 3.441323e-09
77 2.213898e-09
78 1.378772e-09
79 8.645075e-10
80 5.537480e-10
81 3.637349e-10
82 2.413613e-10
83 1.579760e-10
84 9.958338e-11
85 5.939638e-11
86 3.321578e-11
87 1.740957e-11
88 8.612515e-12
89 4.069126e-12
90 5.235414e-09
91 3.535765e-09
92 2.276402e-09
93 1.417612e-09
94 8.882960e-10
95 5.685773e-10
96 3.732690e-10
97 2.476869e-10
98 1.622377e-10
99 1.023871e-10
100 6.116738e-11
101 3.425857e-11
102 1.797901e-11
103 8.903533e-12
104 4.210002e-12
105 5.309390e-09
106 3.588374e-09
107 2.312046e-09
108 1.439548e-09
109 9.017786e-10
110 5.767298e-10
111 3.784588e-10
112 2.511959e-10
113 1.646212e-10
114 1.039889e-10
115 6.219079e-11
116 3.486987e-11
117 1.831879e-11
118 9.081964e-12
119 4.297035e-12
120 5.418040e-09
121 3.665066e-09
122 2.363214e-09
123 1.470983e-09
124 9.210678e-10
125 5.887827e-10
126 3.862678e-10
127 2.563741e-10
128 1.680847e-10
129 1.062724e-10
130 6.363098e-11
131 3.572056e-11
132 1.878114e-11
133 9.316551e-12
134 4.410471e-12
135 5.516908e-09
136 3.734656e-09
137 2.410369e-09
138 1.500667e-09
139 9.389606e-10
140 5.998678e-10
141 3.933117e-10
142 2.610317e-10
143 1.712251e-10
144 1.083987e-10
145 6.497272e-11
146 3.651915e-11
147 1.922571e-11
148 9.544351e-12
149 4.520637e-12
150 8.117963e-09
151 5.594581e-09
152 3.678898e-09
153 2.300647e-09
154 1.425947e-09
155 8.984726e-10
156 5.821049e-10
157 3.849936e-10
158 2.545520e-10
159 1.639829e-10
160 1.006952e-10
161 5.812771e-11
162 3.138735e-11
163 1.591474e-11
164 7.656117e-12
165 1.023918e-08
166 7.147132e-09
167 4.767632e-09
168 3.013547e-09
169 1.858989e-09
170 1.161778e-09
171 7.444217e-10
172 4.890370e-10
173 3.237274e-10
174 2.104478e-10
175 1.312450e-10
176 7.722876e-11
177 4.254530e-11
178 2.196713e-11
179 1.072036e-11
180 1.134446e-08
181 7.964071e-09
182 5.343572e-09
183 3.396175e-09
184 2.092131e-09
185 1.303406e-09
186 8.309670e-10
187 5.441357e-10
188 3.601502e-10
189 2.349357e-10
190 1.474188e-10
191 8.743554e-11
192 4.857857e-11
193 2.528083e-11
194 1.241803e-11
195 1.230769e-08
196 8.671408e-09
197 5.838695e-09
198 3.721893e-09
199 2.291844e-09
200 1.424784e-09
201 9.057463e-10
202 5.920234e-10
203 3.918161e-10
204 2.560828e-10
205 1.612817e-10
206 9.610717e-11
207 5.366164e-11
208 2.805398e-11
209 1.383142e-11
210 1.296533e-08
211 9.156310e-09
212 6.179959e-09
213 3.947101e-09
214 2.429745e-09
215 1.508740e-09
216 9.572658e-10
217 6.247920e-10
218 4.134290e-10
219 2.706031e-10
220 1.708178e-10
221 1.021042e-10
222 5.719491e-11
223 2.998812e-11
224 1.482096e-11
225 1.350211e-08
226 9.551372e-09
227 6.457565e-09
228 4.131029e-09
229 2.542076e-09
230 1.576802e-09
231 9.990054e-10
232 6.514617e-10
233 4.310730e-10
234 2.823945e-10
235 1.785995e-10
236 1.069789e-10
237 6.006416e-11
238 3.156276e-11
239 1.562626e-11
240 1.385153e-08
241 9.811518e-09
242 6.642515e-09
243 4.254314e-09
244 2.617519e-09
245 1.622502e-09
246 1.026743e-09
247 6.690222e-10
248 4.427344e-10
249 2.902607e-10
250 1.838256e-10
251 1.103106e-10
252 6.204798e-11
253 3.265729e-11
254 1.618329e-11
255 1.428404e-08
256 1.013072e-08
257 6.867170e-09
258 4.402731e-09
259 2.708575e-09
260 1.677931e-09
261 1.060560e-09
262 6.905638e-10
263 4.569833e-10
264 2.998056e-10
265 1.901064e-10
266 1.142562e-10
267 6.437134e-11
268 3.392480e-11
269 1.683535e-11
270 1.471846e-08
271 1.045249e-08
272 7.094373e-09
273 4.553828e-09
274 2.800388e-09
275 1.734062e-09
276 1.095023e-09
277 7.123978e-10
278 4.713278e-10
279 3.094490e-10
280 1.965033e-10
281 1.183008e-10
282 6.675829e-11
283 3.524268e-11
284 1.751160e-11
285 1.393152e-08
286 9.922782e-09
287 6.745059e-09
288 4.357277e-09
289 2.686887e-09
290 1.663239e-09
291 1.047808e-09
292 6.791478e-10
293 4.478325e-10
294 2.935543e-10
295 1.865156e-10
296 1.126287e-10
297 6.388215e-11
298 3.392703e-11
299 1.695520e-11
300 1.614445e-08
301 1.162708e-08
302 7.972925e-09
303 5.207482e-09
304 3.224059e-09
305 1.986189e-09
306 1.242048e-09
307 7.989647e-10
308 5.249002e-10
309 3.447522e-10
310 2.206754e-10
311 1.347906e-10
312 7.751038e-11
313 4.174856e-11
314 2.112720e-11
315 1.801882e-08
316 1.306898e-08
317 9.008070e-09
318 5.921804e-09
319 3.677973e-09
320 2.259219e-09
321 1.407320e-09
322 9.011225e-10
323 5.904502e-10
324 3.881086e-10
325 2.494440e-10
326 1.533584e-10
327 8.888367e-11
328 4.826409e-11
329 2.460340e-11
330 1.934166e-08
331 1.408905e-08
332 9.743885e-09
333 6.430947e-09
334 4.002323e-09
335 2.454498e-09
336 1.525056e-09
337 9.736772e-10
338 6.369719e-10
339 4.188691e-10
340 2.698975e-10
341 1.666045e-10
342 9.703345e-11
343 5.295283e-11
344 2.711402e-11
345 2.041738e-08
346 1.492234e-08
347 1.034458e-08
348 6.845856e-09
349 4.266474e-09
350 2.613759e-09
351 1.620756e-09
352 1.032688e-09
353 6.747766e-10
354 4.439040e-10
355 2.865311e-10
356 1.773768e-10
357 1.036582e-10
358 5.676354e-11
359 2.915669e-11
360 2.117319e-08
361 1.551324e-08
362 1.077359e-08
363 7.144052e-09
364 4.457276e-09
365 2.728581e-09
366 1.689510e-09
367 1.074805e-09
368 7.016698e-10
369 4.617009e-10
370 2.984331e-10
371 1.851481e-10
372 1.084802e-10
373 5.955959e-11
374 3.066121e-11
375 2.203740e-08
376 1.618312e-08
377 1.125507e-08
378 7.477770e-09
379 4.669176e-09
380 2.855964e-09
381 1.766513e-09
382 1.122215e-09
383 7.320680e-10
384 4.818144e-10
385 3.118070e-10
386 1.938111e-10
387 1.138062e-10
388 6.262176e-11
389 3.230019e-11
390 2.294287e-08
391 1.688523e-08
392 1.176476e-08
393 7.831176e-09
394 4.895086e-09
395 2.992216e-09
396 1.848663e-09
397 1.172562e-09
398 7.641517e-10
399 5.030904e-10
400 3.260003e-10
401 2.030376e-10
402 1.195079e-10
403 6.590842e-11
404 3.406643e-11
405 1.938404e-08
406 1.420087e-08
407 9.852929e-09
408 6.530115e-09
409 4.086569e-09
410 2.502972e-09
411 1.552514e-09
412 9.872534e-10
413 6.436417e-10
414 4.226653e-10
415 2.726229e-10
416 1.688593e-10
417 9.886853e-11
418 5.430509e-11
419 2.799181e-11
420 2.222915e-08
421 1.647770e-08
422 1.152356e-08
423 7.701832e-09
424 4.861650e-09
425 2.970030e-09
426 1.833957e-09
427 1.157488e-09
428 7.502464e-10
429 4.920293e-10
430 3.185605e-10
431 1.988934e-10
432 1.177203e-10
433 6.544872e-11
434 3.413668e-11
435 2.429249e-08
436 1.814436e-08
437 1.275154e-08
438 8.569259e-09
439 5.437943e-09
440 3.318254e-09
441 2.043833e-09
442 1.283716e-09
443 8.290938e-10
444 5.431611e-10
445 3.524142e-10
446 2.210831e-10
447 1.317152e-10
448 7.377040e-11
449 3.875426e-11
450 2.597314e-08
451 1.950363e-08
452 1.375813e-08
453 9.278282e-09
454 5.908562e-09
455 3.603305e-09
456 2.214982e-09
457 1.386956e-09
458 8.933357e-10
459 5.848659e-10
460 3.800182e-10
461 2.391746e-10
462 1.431202e-10
463 8.055679e-11
464 4.252182e-11
465 2.720214e-08
466 2.050841e-08
467 1.450345e-08
468 9.805695e-09
469 6.261951e-09
470 3.817422e-09
471 2.342932e-09
472 1.463632e-09
473 9.410473e-10
474 6.157422e-10
475 4.005017e-10
476 2.526755e-10
477 1.516988e-10
478 8.569145e-11
479 4.538920e-11
480 2.855387e-08
481 2.159765e-08
482 1.531051e-08
483 1.037400e-08
484 6.640955e-09
485 4.045739e-09
486 2.480608e-09
487 1.546313e-09
488 9.926620e-10
489 6.492221e-10
490 4.226929e-10
491 2.672173e-10
492 1.608689e-10
493 9.114449e-11
494 4.840958e-11
495 2.999938e-08
496 2.277121e-08
497 1.617919e-08
498 1.098926e-08
499 7.050375e-09
500 4.294109e-09
501 2.629646e-09
502 1.635895e-09
503 1.048357e-09
504 6.853112e-10
505 4.465975e-10
506 2.829299e-10
507 1.708132e-10
508 9.707950e-11
509 5.172032e-11
510 2.614441e-08
511 1.971191e-08
512 1.394429e-08
513 9.418086e-09
514 6.025672e-09
515 3.680861e-09
516 2.261228e-09
517 1.412398e-09
518 9.072219e-10
519 5.926207e-10
520 3.847646e-10
521 2.423855e-10
522 1.454115e-10
523 8.215881e-11
524 4.357003e-11
525 2.913753e-08
526 2.222792e-08
527 1.585286e-08
528 1.078104e-08
529 6.957894e-09
530 4.258133e-09
531 2.606821e-09
532 1.617523e-09
533 1.032616e-09
534 6.722510e-10
535 4.369132e-10
536 2.766681e-10
537 1.673688e-10
538 9.553795e-11
539 5.121439e-11
540 3.160392e-08
541 2.430642e-08
542 1.743294e-08
543 1.191167e-08
544 7.731802e-09
545 4.740340e-09
546 2.894339e-09
547 1.788516e-09
548 1.136766e-09
549 7.383102e-10
550 4.800996e-10
551 3.050390e-10
552 1.855453e-10
553 1.066289e-10
554 5.756569e-11
555 3.345119e-08
556 2.588246e-08
557 1.864326e-08
558 1.277860e-08
559 8.329707e-09
560 5.112433e-09
561 3.116518e-09
562 1.919977e-09
563 1.216575e-09
564 7.887207e-10
565 5.130588e-10
566 3.267666e-10
567 1.995415e-10
568 1.152212e-10
569 6.251456e-11
570 3.543575e-08
571 2.755616e-08
572 1.991651e-08
573 1.368954e-08
574 8.954609e-09
575 5.500839e-09
576 3.348723e-09
577 2.058030e-09
578 1.300677e-09
579 8.420012e-10
580 5.478795e-10
581 3.496369e-10
582 2.141941e-10
583 1.241627e-10
584 6.763606e-11
585 3.759180e-08
586 2.937966e-08
587 2.131098e-08
588 1.468824e-08
589 9.639511e-09
590 5.927686e-09
591 3.603550e-09
592 2.209013e-09
593 1.392483e-09
594 9.001246e-10
595 5.859012e-10
596 3.746618e-10
597 2.302719e-10
598 1.340028e-10
599 7.328795e-11
600 3.308007e-08
601 2.564787e-08
602 1.850605e-08
603 1.269456e-08
604 8.288319e-09
605 5.104301e-09
606 3.109599e-09
607 1.915083e-09
608 1.211578e-09
609 7.840391e-10
610 5.092758e-10
611 3.241536e-10
612 1.980235e-10
613 1.145090e-10
614 6.227576e-11
615 3.643460e-08
616 2.857515e-08
617 2.080627e-08
618 1.436108e-08
619 9.448980e-09
620 5.851312e-09
621 3.553110e-09
622 2.178330e-09
623 1.369020e-09
624 8.816643e-10
625 5.720835e-10
626 3.652380e-10
627 2.245571e-10
628 1.309924e-10
629 7.194957e-11
630 3.901601e-08
631 3.086266e-08
632 2.261711e-08
633 1.568027e-08
634 1.037437e-08
635 6.450040e-09
636 3.908571e-09
637 2.388676e-09
638 1.494273e-09
639 9.588531e-10
640 6.216235e-10
641 3.976754e-10
642 2.455894e-10
643 1.441331e-10
644 7.971108e-11
645 4.173368e-08
646 3.324398e-08
647 2.449075e-08
648 1.704140e-08
649 1.132314e-08
650 7.062432e-09
651 4.272786e-09
652 2.604857e-09
653 1.623395e-09
654 1.038709e-09
655 6.728926e-10
656 4.311746e-10
657 2.672206e-10
658 1.575794e-10
659 8.761283e-11
660 4.471624e-08
661 3.586874e-08
662 2.656267e-08
663 1.854774e-08
664 1.237569e-08
665 7.742858e-09
666 4.676852e-09
667 2.844354e-09
668 1.766199e-09
669 1.126935e-09
670 7.295488e-10
671 4.682329e-10
672 2.912003e-10
673 1.725242e-10
674 9.641978e-11
675 4.073701e-08
676 3.244568e-08
677 2.392197e-08
678 1.665139e-08
679 1.106112e-08
680 6.917154e-09
681 4.187034e-09
682 2.555069e-09
683 1.591285e-09
684 1.016953e-09
685 6.578197e-10
686 4.209259e-10
687 2.606146e-10
688 1.536553e-10
689 8.548429e-11
690 4.419027e-08
691 3.560931e-08
692 2.651362e-08
693 1.857155e-08
694 1.242117e-08
695 7.826069e-09
696 4.731175e-09
697 2.877912e-09
698 1.780389e-09
699 1.130969e-09
700 7.294857e-10
701 4.673041e-10
702 2.907091e-10
703 1.726685e-10
704 9.693948e-11
705 4.778942e-08
706 3.887515e-08
707 2.916969e-08
708 2.054124e-08
709 1.381059e-08
710 8.751879e-09
711 5.286765e-09
712 3.207651e-09
713 1.974320e-09
714 1.248201e-09
715 8.032104e-10
716 5.149254e-10
717 3.214929e-10
718 1.920449e-10
719 1.085691e-10
720 5.176853e-08
721 4.250786e-08
722 3.213142e-08
723 2.273937e-08
724 1.536385e-08
725 9.790577e-09
726 5.910093e-09
727 3.577616e-09
728 2.191071e-09
729 1.379081e-09
730 8.853866e-10
731 5.680258e-10
732 3.558683e-10
733 2.137275e-10
734 1.216148e-10
735 4.857538e-08
736 3.973212e-08
737 2.997669e-08
738 2.119364e-08
739 1.429120e-08
740 9.103306e-09
741 5.508492e-09
742 3.338244e-09
743 2.047392e-09
744 1.289524e-09
745 8.273146e-10
746 5.298065e-10
747 3.311174e-10
748 1.983651e-10
749 1.126363e-10
750 5.319065e-08
751 4.405611e-08
752 3.361815e-08
753 2.395266e-08
754 1.625708e-08
755 1.044537e-08
756 6.333624e-09
757 3.825677e-09
758 2.331112e-09
759 1.457852e-09
760 9.308287e-10
761 5.955974e-10
762 3.734399e-10
763 2.251830e-10
764 1.289937e-10
765 5.834985e-08
766 4.892017e-08
767 3.772054e-08
768 2.707799e-08
769 1.848978e-08
770 1.197452e-08
771 7.276225e-09
772 4.382302e-09
773 2.654135e-09
774 1.649180e-09
775 1.048125e-09
776 6.700542e-10
777 4.213461e-10
778 2.555837e-10
779 1.475816e-10
780 5.908297e-08
781 4.973280e-08
782 3.854094e-08
783 2.777842e-08
784 1.901317e-08
785 1.235827e-08
786 7.544066e-09
787 4.536705e-09
788 2.743668e-09
789 1.698969e-09
790 1.075930e-09
791 6.861514e-10
792 4.311676e-10
793 2.618281e-10
794 1.515992e-10
795 6.586618e-08
796 5.633903e-08
797 4.432986e-08
798 3.232503e-08
799 2.230885e-08
800 1.465471e-08
801 9.014464e-09
802 5.399758e-09
803 3.245273e-09
804 1.990118e-09
805 1.249805e-09
806 7.938615e-10
807 4.995089e-10
808 3.051660e-10
809 1.784007e-10
810 7.520032e-08
811 6.574748e-08
812 5.293842e-08
813 3.935699e-08
814 2.751835e-08
815 1.833460e-08
816 1.146766e-08
817 6.852429e-09
818 4.094223e-09
819 2.473708e-09
820 1.530040e-09
821 9.619369e-10
822 6.036153e-10
823 3.705392e-10
824 2.190305e-10
825 1.068764e-06
826 7.805177e-07
827 5.786101e-07
828 3.606879e-07
829 2.196633e-07
830 1.301053e-07
831 7.941374e-08
832 5.091484e-08
833 3.435393e-08
834 0.000000e+00
835 0.000000e+00
836 0.000000e+00
837 0.000000e+00
838 0.000000e+00
839 0.000000e+00
840 1.595792e-06
841 1.165740e-06
842 8.649954e-07
843 5.452129e-07
844 3.312255e-07
845 1.959590e-07
846 1.193950e-07
847 7.627586e-08
848 5.132990e-08
849 0.000000e+00
850 0.000000e+00
851 0.000000e+00
852 0.000000e+00
853 0.000000e+00
854 0.000000e+00
855 1.863393e-06
856 1.361393e-06
857 1.010438e-06
858 6.392086e-07
859 3.879937e-07
860 2.294679e-07
861 1.397322e-07
862 8.916608e-08
863 5.995231e-08
864 0.000000e+00
865 0.000000e+00
866 0.000000e+00
867 0.000000e+00
868 0.000000e+00
869 0.000000e+00
870 2.082602e-06
871 1.521647e-06
872 1.129544e-06
873 7.159727e-07
874 4.343851e-07
875 2.568589e-07
876 1.563634e-07
877 9.971524e-08
878 6.701404e-08
879 0.000000e+00
880 0.000000e+00
881 0.000000e+00
882 0.000000e+00
883 0.000000e+00
884 0.000000e+00
885 2.236639e-06
886 1.634264e-06
887 1.213245e-06
888 7.699940e-07
889 4.670246e-07
890 2.761243e-07
891 1.680601e-07
892 1.071325e-07
893 7.197648e-08
894 0.000000e+00
895 0.000000e+00
896 0.000000e+00
897 0.000000e+00
898 0.000000e+00
899 0.000000e+00
900 2.361945e-06
901 1.725871e-06
902 1.281335e-06
903 8.139382e-07
904 4.935732e-07
905 2.917981e-07
906 1.775739e-07
907 1.131659e-07
908 7.601364e-08
909 0.000000e+00
910 0.000000e+00
911 0.000000e+00
912 0.000000e+00
913 0.000000e+00
914 0.000000e+00
915 2.450060e-06
916 1.790300e-06
917 1.329235e-06
918 8.449511e-07
919 5.122926e-07
920 3.028477e-07
921 1.842783e-07
922 1.174128e-07
923 7.885347e-08
924 0.000000e+00
925 0.000000e+00
926 0.000000e+00
927 0.000000e+00
928 0.000000e+00
929 0.000000e+00
930 2.551026e-06
931 1.864122e-06
932 1.384105e-06
933 8.803608e-07
934 5.336849e-07
935 3.154770e-07
936 1.919445e-07
937 1.222734e-07
938 8.210636e-08
939 0.000000e+00
940 0.000000e+00
941 0.000000e+00
942 0.000000e+00
943 0.000000e+00
944 0.000000e+00
945 2.656552e-06
946 1.941274e-06
947 1.441458e-06
948 9.174357e-07
949 5.560754e-07
950 3.286917e-07
951 1.999649e-07
952 1.273558e-07
953 8.550634e-08
954 0.000000e+00
955 0.000000e+00
956 0.000000e+00
957 0.000000e+00
958 0.000000e+00
959 0.000000e+00
960 2.014550e-07
961 1.606182e-07
962 1.165109e-07
963 8.736945e-08
964 5.416254e-08
965 3.313764e-08
966 1.925637e-08
967 1.151092e-08
968 7.209165e-09
969 4.770560e-09
970 0.000000e+00
971 0.000000e+00
972 0.000000e+00
973 0.000000e+00
974 0.000000e+00
975 3.002751e-07
976 2.409068e-07
977 1.749052e-07
978 1.310423e-07
979 8.220100e-08
980 5.010854e-08
981 2.910055e-08
982 1.737435e-08
983 1.084568e-08
984 7.157825e-09
985 0.000000e+00
986 0.000000e+00
987 0.000000e+00
988 0.000000e+00
989 0.000000e+00
990 3.769007e-07
991 3.031786e-07
992 2.202047e-07
993 1.649139e-07
994 1.039613e-07
995 6.327230e-08
996 3.673733e-08
997 2.192390e-08
998 1.366688e-08
999 9.009690e-09
1000 0.000000e+00
1001 0.000000e+00
1002 0.000000e+00
1003 0.000000e+00
1004 0.000000e+00
1005 4.328674e-07
1006 3.486753e-07
1007 2.533036e-07
1008 1.896627e-07
1009 1.198738e-07
1010 7.289608e-08
1011 4.232062e-08
1012 2.524955e-08
1013 1.572887e-08
1014 1.036268e-08
1015 0.000000e+00
1016 0.000000e+00
1017 0.000000e+00
1018 0.000000e+00
1019 0.000000e+00
1020 4.783962e-07
1021 3.856933e-07
1022 2.802354e-07
1023 2.097971e-07
1024 1.328183e-07
1025 8.072506e-08
1026 4.686264e-08
1027 2.795514e-08
1028 1.740627e-08
1029 1.146361e-08
1030 0.000000e+00
1031 0.000000e+00
1032 0.000000e+00
1033 0.000000e+00
1034 0.000000e+00
1035 5.132761e-07
1036 4.140818e-07
1037 3.008892e-07
1038 2.252387e-07
1039 1.427608e-07
1040 8.673552e-08
1041 5.034914e-08
1042 3.003184e-08
1043 1.869317e-08
1044 1.230786e-08
1045 0.000000e+00
1046 0.000000e+00
1047 0.000000e+00
1048 0.000000e+00
1049 0.000000e+00
1050 5.499133e-07
1051 4.438697e-07
1052 3.225603e-07
1053 2.414422e-07
1054 1.531779e-07
1055 9.303553e-08
1056 5.400419e-08
1057 3.220902e-08
1058 2.004305e-08
1059 1.319373e-08
1060 0.000000e+00
1061 0.000000e+00
1062 0.000000e+00
1063 0.000000e+00
1064 0.000000e+00
1065 5.900089e-07
1066 4.764850e-07
1067 3.462873e-07
1068 2.591826e-07
1069 1.645934e-07
1070 9.993734e-08
1071 5.800770e-08
1072 3.459373e-08
1073 2.152124e-08
1074 1.416364e-08
1075 0.000000e+00
1076 0.000000e+00
1077 0.000000e+00
1078 0.000000e+00
1079 0.000000e+00
1080 3.173820e-07
1081 2.888669e-07
1082 2.226848e-07
1083 1.609930e-07
1084 1.206840e-07
1085 6.981233e-08
1086 4.280930e-08
1087 2.467038e-08
1088 1.458089e-08
1089 9.067297e-09
1090 0.000000e+00
1091 0.000000e+00
1092 0.000000e+00
1093 0.000000e+00
1094 0.000000e+00
1095 5.347843e-07
1096 4.888046e-07
1097 3.782986e-07
1098 2.733350e-07
1099 2.051789e-07
1100 1.193329e-07
1101 7.335717e-08
1102 4.217914e-08
1103 2.484407e-08
1104 1.541563e-08
1105 0.000000e+00
1106 0.000000e+00
1107 0.000000e+00
1108 0.000000e+00
1109 0.000000e+00
1110 7.014014e-07
1111 6.421840e-07
1112 4.977899e-07
1113 3.595918e-07
1114 2.700663e-07
1115 1.574219e-07
1116 9.686044e-08
1117 5.564495e-08
1118 3.273065e-08
1119 2.029151e-08
1120 0.000000e+00
1121 0.000000e+00
1122 0.000000e+00
1123 0.000000e+00
1124 0.000000e+00
1125 8.369705e-07
1126 7.669848e-07
1127 5.950181e-07
1128 4.297786e-07
1129 3.228641e-07
1130 1.884151e-07
1131 1.159847e-07
1132 6.660206e-08
1133 3.914832e-08
1134 2.425892e-08
1135 0.000000e+00
1136 0.000000e+00
1137 0.000000e+00
1138 0.000000e+00
1139 0.000000e+00
1140 9.452886e-07
1141 8.667222e-07
1142 6.727449e-07
1143 4.858847e-07
1144 3.650733e-07
1145 2.131989e-07
1146 1.312798e-07
1147 7.536432e-08
1148 4.427906e-08
1149 2.743066e-08
1150 0.000000e+00
1151 0.000000e+00
1152 0.000000e+00
1153 0.000000e+00
1154 0.000000e+00
1155 1.054318e-06
1156 9.670954e-07
1157 7.509369e-07
1158 5.423320e-07
1159 4.075336e-07
1160 2.381229e-07
1161 1.466597e-07
1162 8.417568e-08
1163 4.944005e-08
1164 3.062138e-08
1165 0.000000e+00
1166 0.000000e+00
1167 0.000000e+00
1168 0.000000e+00
1169 0.000000e+00
1170 1.176411e-06
1171 1.079516e-06
1172 8.385297e-07
1173 6.055612e-07
1174 4.550996e-07
1175 2.660478e-07
1176 1.638922e-07
1177 9.404833e-08
1178 5.522170e-08
1179 3.419562e-08
1180 0.000000e+00
1181 0.000000e+00
1182 0.000000e+00
1183 0.000000e+00
1184 0.000000e+00
1185 2.417065e-07
1186 2.386623e-07
1187 2.007770e-07
1188 1.466789e-07
1189 1.089352e-07
1190 7.410898e-08
1191 4.370008e-08
1192 2.490213e-08
1193 1.439833e-08
1194 8.506314e-09
1195 5.326932e-09
1196 0.000000e+00
1197 0.000000e+00
1198 0.000000e+00
1199 0.000000e+00
1200 4.234376e-07
1201 4.192234e-07
1202 3.539175e-07
1203 2.589806e-07
1204 1.920415e-07
1205 1.315096e-07
1206 7.718828e-08
1207 4.404294e-08
1208 2.549771e-08
1209 1.503829e-08
1210 9.399268e-09
1211 0.000000e+00
1212 0.000000e+00
1213 0.000000e+00
1214 0.000000e+00
1215 5.755416e-07
1216 5.704271e-07
1217 4.822476e-07
1218 3.531230e-07
1219 2.616884e-07
1220 1.796759e-07
1221 1.052624e-07
1222 6.009495e-08
1223 3.480713e-08
1224 2.051544e-08
1225 1.281268e-08
1226 0.000000e+00
1227 0.000000e+00
1228 0.000000e+00
1229 0.000000e+00
1230 6.998254e-07
1231 6.939885e-07
1232 5.871349e-07
1233 4.300731e-07
1234 3.186131e-07
1235 2.190540e-07
1236 1.282107e-07
1237 7.321718e-08
1238 4.241776e-08
1239 2.499278e-08
1240 1.560274e-08
1241 0.000000e+00
1242 0.000000e+00
1243 0.000000e+00
1244 0.000000e+00
1245 8.221153e-07
1246 8.155564e-07
1247 6.903191e-07
1248 5.057678e-07
1249 3.746123e-07
1250 2.577817e-07
1251 1.507839e-07
1252 8.612390e-08
1253 4.990316e-08
1254 2.939678e-08
1255 1.834730e-08
1256 0.000000e+00
1257 0.000000e+00
1258 0.000000e+00
1259 0.000000e+00
1260 9.607870e-07
1261 9.534205e-07
1262 8.073394e-07
1263 5.916139e-07
1264 4.381216e-07
1265 3.017083e-07
1266 1.763853e-07
1267 1.007632e-07
1268 5.839318e-08
1269 3.439165e-08
1270 2.145989e-08
1271 0.000000e+00
1272 0.000000e+00
1273 0.000000e+00
1274 0.000000e+00
1275 1.267577e-07
1276 1.319789e-07
1277 1.194258e-07
1278 9.135479e-08
1279 6.602855e-08
1280 4.945707e-08
1281 2.794533e-08
1282 1.687684e-08
1283 9.536070e-09
1284 5.507375e-09
1285 3.297203e-09
1286 0.000000e+00
1287 0.000000e+00
1288 0.000000e+00
1289 0.000000e+00
1290 2.295080e-07
1291 2.394154e-07
1292 2.172525e-07
1293 1.665978e-07
1294 1.203414e-07
1295 9.026828e-08
1296 5.113463e-08
1297 3.097363e-08
1298 1.746520e-08
1299 1.006511e-08
1300 6.015095e-09
1301 0.000000e+00
1302 0.000000e+00
1303 0.000000e+00
1304 0.000000e+00
1305 3.168994e-07
1306 3.308289e-07
1307 3.005375e-07
1308 2.306911e-07
1309 1.666012e-07
1310 1.250376e-07
1311 7.090416e-08
1312 4.299814e-08
1313 2.422635e-08
1314 1.394930e-08
1315 8.330501e-09
1316 0.000000e+00
1317 0.000000e+00
1318 0.000000e+00
1319 0.000000e+00
1320 4.016179e-07
1321 4.194430e-07
1322 3.812672e-07
1323 2.928127e-07
1324 2.114393e-07
1325 1.587358e-07
1326 9.006347e-08
1327 5.465060e-08
1328 3.077872e-08
1329 1.771370e-08
1330 1.057460e-08
1331 0.000000e+00
1332 0.000000e+00
1333 0.000000e+00
1334 0.000000e+00
1335 4.984904e-07
1336 5.207722e-07
1337 4.735835e-07
1338 3.638540e-07
1339 2.627140e-07
1340 1.972725e-07
1341 1.119746e-07
1342 6.797787e-08
1343 3.827218e-08
1344 2.201874e-08
1345 1.314096e-08
1346 0.000000e+00
1347 0.000000e+00
1348 0.000000e+00
1349 0.000000e+00
1350 7.068346e-08
1351 7.654717e-08
1352 7.345863e-08
1353 5.957816e-08
1354 4.298404e-08
1355 3.239373e-08
1356 2.027760e-08
1357 1.242150e-08
1358 6.896221e-09
1359 3.797521e-09
1360 2.193322e-09
1361 1.332967e-09
1362 0.000000e+00
1363 0.000000e+00
1364 0.000000e+00
1365 1.308110e-07
1366 1.418675e-07
1367 1.364441e-07
1368 1.109504e-07
1369 8.009415e-08
1370 6.030921e-08
1371 3.797711e-08
1372 2.320328e-08
1373 1.288443e-08
1374 7.098408e-09
1375 4.091522e-09
1376 2.481786e-09
1377 0.000000e+00
1378 0.000000e+00
1379 0.000000e+00
1380 1.897375e-07
1381 2.058937e-07
1382 1.982004e-07
1383 1.613385e-07
1384 1.164972e-07
1385 8.768882e-08
1386 5.535149e-08
1387 3.378249e-08
1388 1.876032e-08
1389 1.033789e-08
1390 5.953875e-09
1391 3.608591e-09
1392 0.000000e+00
1393 0.000000e+00
1394 0.000000e+00
1395 2.575499e-07
1396 2.795788e-07
1397 2.692740e-07
1398 2.193314e-07
1399 1.583942e-07
1400 1.192003e-07
1401 7.534920e-08
1402 4.595883e-08
1403 2.552328e-08
1404 1.406649e-08
1405 8.097342e-09
1406 4.905447e-09
1407 0.000000e+00
1408 0.000000e+00
1409 0.000000e+00
1410 8.203589e-08
1411 9.157609e-08
1412 9.202455e-08
1413 7.907587e-08
1414 5.829349e-08
1415 4.292346e-08
1416 3.026147e-08
1417 1.725505e-08
1418 9.717290e-09
1419 5.498542e-09
1420 3.058296e-09
1421 1.783131e-09
1422 0.000000e+00
1423 0.000000e+00
1424 0.000000e+00
1425 1.604129e-07
1426 1.792910e-07
1427 1.805119e-07
1428 1.555183e-07
1429 1.148196e-07
1430 8.445004e-08
1431 5.979130e-08
1432 3.399282e-08
1433 1.917996e-08
1434 1.085167e-08
1435 6.032813e-09
1436 3.511216e-09
1437 0.000000e+00
1438 0.000000e+00
1439 0.000000e+00
1440 2.524485e-07
1441 2.823086e-07
1442 2.844601e-07
1443 2.453460e-07
1444 1.812558e-07
1445 1.332513e-07
1446 9.450965e-08
1447 5.366554e-08
1448 3.030495e-08
1449 1.714467e-08
1450 9.529484e-09
1451 5.542225e-09
1452 0.000000e+00
1453 0.000000e+00
1454 0.000000e+00
1455 7.553015e-08
1456 8.656158e-08
1457 9.048873e-08
1458 8.222970e-08
1459 6.306452e-08
1460 4.554169e-08
1461 3.421004e-08
1462 1.918142e-08
1463 1.147625e-08
1464 6.286633e-09
1465 3.465068e-09
1466 1.934534e-09
1467 0.000000e+00
1468 0.000000e+00
1469 0.000000e+00
1470 1.654927e-07
1471 1.898951e-07
1472 1.988689e-07
1473 1.812030e-07
1474 1.393053e-07
1475 1.005455e-07
1476 7.562464e-08
1477 4.252117e-08
1478 2.552252e-08
1479 1.395650e-08
1480 7.675694e-09
1481 4.277153e-09
1482 0.000000e+00
1483 0.000000e+00
1484 0.000000e+00
1485 7.403313e-08
1486 8.699958e-08
1487 9.434243e-08
1488 9.058590e-08
1489 7.345839e-08
1490 5.299927e-08
1491 3.997857e-08
1492 2.487020e-08
1493 1.513199e-08
1494 8.211500e-09
1495 4.325047e-09
1496 2.333114e-09
1497 1.299025e-09
1498 0.000000e+00
1499 0.000000e+00
1500 4.789318e-04
1501 3.489877e-04
1502 2.605090e-04
1503 1.644518e-04
1504 1.003142e-04
1505 5.913751e-05
1506 3.594971e-05
1507 2.289624e-05
1508 1.538545e-05
1509 0.000000e+00
1510 0.000000e+00
1511 0.000000e+00
1512 0.000000e+00
1513 0.000000e+00
1514 0.000000e+00
1515 1.964860e-05
1516 1.585904e-05
1517 1.150626e-05
1518 8.632242e-06
1519 5.461263e-06
1520 3.333070e-06
1521 1.929949e-06
1522 1.149304e-06
1523 7.150360e-07
1524 4.707989e-07
1525 0.000000e+00
1526 0.000000e+00
1527 0.000000e+00
1528 0.000000e+00
1529 0.000000e+00
1530 1.069652e-04
1531 9.819979e-05
1532 7.625076e-05
1533 5.502390e-05
1534 4.143515e-05
1535 2.412235e-05
1536 1.489926e-05
1537 8.538633e-06
1538 5.018421e-06
1539 3.107397e-06
1540 0.000000e+00
1541 0.000000e+00
1542 0.000000e+00
1543 0.000000e+00
1544 0.000000e+00
1545 9.741000e-05
1546 9.670649e-05
1547 8.190958e-05
1548 5.999769e-05
1549 4.442958e-05
1550 3.063315e-05
1551 1.789835e-05
1552 1.021246e-05
1553 5.927790e-06
1554 3.487379e-06
1555 2.175956e-06
1556 0.000000e+00
1557 0.000000e+00
1558 0.000000e+00
1559 0.000000e+00
1560 3.550574e-05
1561 3.710641e-05
1562 3.375780e-05
1563 2.593563e-05
1564 1.871938e-05
1565 1.407234e-05
1566 7.971259e-06
1567 4.843766e-06
1568 2.724484e-06
1569 1.569864e-06
1570 9.363675e-07
1571 0.000000e+00
1572 0.000000e+00
1573 0.000000e+00
1574 0.000000e+00
1575 1.337991e-05
1576 1.452892e-05
1577 1.399933e-05
1578 1.140596e-05
1579 8.235141e-06
1580 6.198570e-06
1581 3.919630e-06
1582 2.393276e-06
1583 1.329036e-06
1584 7.310880e-07
1585 4.209369e-07
1586 2.549974e-07
1587 0.000000e+00
1588 0.000000e+00
1589 0.000000e+00
1590 1.866232e-05
1591 2.087610e-05
1592 2.104454e-05
1593 1.815924e-05
1594 1.341597e-05
1595 9.860488e-06
1596 7.002416e-06
1597 3.971405e-06
1598 2.241445e-06
1599 1.269910e-06
1600 7.052752e-07
1601 4.101229e-07
1602 0.000000e+00
1603 0.000000e+00
1604 0.000000e+00
1605 1.322394e-05
1606 1.517929e-05
1607 1.590491e-05
1608 1.450223e-05
1609 1.115383e-05
1610 8.048078e-06
1611 6.058352e-06
1612 3.404325e-06
1613 2.045668e-06
1614 1.117552e-06
1615 6.150172e-07
1616 3.424279e-07
1617 0.000000e+00
1618 0.000000e+00
1619 0.000000e+00
1620 6.177641e-06
1621 7.265278e-06
1622 7.887266e-06
1623 7.585865e-06
1624 6.162835e-06
1625 4.447399e-06
1626 3.353401e-06
1627 2.094663e-06
1628 1.273465e-06
1629 6.912475e-07
1630 3.637527e-07
1631 1.960138e-07
1632 1.089584e-07
1633 0.000000e+00
1634 0.000000e+00
1635 1.653001e-06
1636 1.993404e-06
1637 2.242413e-06
1638 2.276669e-06
1639 1.983072e-06
1640 1.474719e-06
1641 1.080977e-06
1642 7.749573e-07
1643 4.355213e-07
1644 2.442575e-07
1645 1.331566e-07
1646 6.933170e-08
1647 3.640371e-08
1648 0.000000e+00
1649 0.000000e+00
