0 2.215528e-09
1 1.440584e-09
2 9.063341e-10
3 5.708435e-10
4 3.668606e-10
5 2.413039e-10
6 1.603959e-10
7 1.053525e-10
8 6.677530e-11
9 4.012706e-11
10 2.264380e-11
11 1.197291e-11
12 5.973401e-12
13 2.843753e-12
14 1.307800e-12
15 3.787322e-09
16 2.520027e-09
17 1.602555e-09
18 9.991093e-10
19 6.317038e-10
20 4.089237e-10
21 2.704349e-10
22 1.793000e-10
23 1.162713e-10
24 7.215155e-11
25 4.218899e-11
26 2.310489e-11
27 1.187834e-11
28 5.785573e-12
29 2.702946e-12
30 4.319499e-09
31 2.893979e-09
32 1.851064e-09
33 1.153182e-09
34 7.259648e-10
35 4.674646e-10
36 3.081047e-10
37 2.043942e-10
38 1.331811e-10
39 8.330455e-11
40 4.921343e-11
41 2.724552e-11
42 1.414705e-11
43 6.945832e-12
44 3.263651e-12
45 4.620332e-09
46 3.106031e-09
47 1.992004e-09
48 1.240600e-09
49 7.795643e-10
50 5.007014e-10
51 3.294873e-10
52 2.186245e-10
53 1.427648e-10
54 8.962352e-11
55 5.318400e-11
56 2.958698e-11
57 1.542918e-11
58 7.602913e-12
59 3.581671e-12
60 4.852678e-09
61 3.267984e-09
62 2.099447e-09
63 1.307233e-09
64 8.204803e-10
65 5.262596e-10
66 3.460066e-10
67 2.295929e-10
68 1.501056e-10
69 9.444324e-11
70 5.620741e-11
71 3.135222e-11
72 1.639217e-11
73 8.093095e-12
74 3.818183e-12
75 4.984035e-09
76 3.360963e-09
77 2.161226e-09
78 1.345834e-09
79 8.440190e-10
80 5.407831e-10
81 3.553367e-10
82 2.358025e-10
83 1.543185e-10
84 9.724035e-11
85 5.796797e-11
86 3.239423e-11
87 1.696611e-11
88 8.388527e-12
89 3.961802e-12
90 5.119541e-09
91 3.456111e-09
92 2.224132e-09
93 1.384732e-09
94 8.679244e-10
95 5.557334e-10
96 3.649365e-10
97 2.422193e-10
98 1.586192e-10
99 1.000606e-10
100 5.974227e-11
101 3.343868e-11
102 1.753652e-11
103 8.679185e-12
104 4.101828e-12
105 5.233400e-09
106 3.535613e-09
107 2.277201e-09
108 1.417686e-09
109 8.880635e-10
110 5.682327e-10
111 3.729786e-10
112 2.475649e-10
113 1.622134e-10
114 1.024061e-10
115 6.122291e-11
116 3.430951e-11
117 1.801420e-11
118 8.923915e-12
119 4.219805e-12
120 5.350980e-09
121 3.618062e-09
122 2.331638e-09
123 1.451585e-09
124 9.088843e-10
125 5.811910e-10
126 3.812792e-10
127 2.531290e-10
128 1.659434e-10
129 1.048735e-10
130 6.275917e-11
131 3.520750e-11
132 1.850266e-11
133 9.172831e-12
134 4.340279e-12
135 5.451035e-09
136 3.688530e-09
137 2.379432e-09
138 1.481270e-09
139 9.269355e-10
140 5.923447e-10
141 3.885211e-10
142 2.578836e-10
143 1.691374e-10
144 1.070386e-10
145 6.412274e-11
146 3.601692e-11
147 1.894941e-11
148 9.402593e-12
149 4.450948e-12
150 7.945841e-09
151 5.470685e-09
152 3.593053e-09
153 2.244956e-09
154 1.392167e-09
155 8.778342e-10
156 5.692243e-10
157 3.766458e-10
158 2.489837e-10
159 1.602630e-10
160 9.828407e-11
161 5.664152e-11
162 3.053458e-11
163 1.545927e-11
164 7.428649e-12
165 9.977604e-09
166 6.956476e-09
167 4.634361e-09
168 2.925836e-09
169 1.805265e-09
170 1.128926e-09
171 7.241624e-10
172 4.760662e-10
173 3.151592e-10
174 2.047477e-10
175 1.275170e-10
176 7.491289e-11
177 4.119652e-11
178 2.123549e-11
179 1.035105e-11
180 1.119014e-08
181 7.849064e-09
182 5.261869e-09
183 3.340107e-09
184 2.058047e-09
185 1.282825e-09
186 8.184272e-10
187 5.361965e-10
188 3.549900e-10
189 2.314846e-10
190 1.451398e-10
191 8.597888e-11
192 4.770396e-11
193 2.479238e-11
194 1.216433e-11
195 1.207798e-08
196 8.500874e-09
197 5.718506e-09
198 3.641017e-09
199 2.241861e-09
200 1.394537e-09
201 8.871796e-10
202 5.803070e-10
203 3.841411e-10
204 2.509874e-10
205 1.579252e-10
206 9.398192e-11
207 5.239599e-11
208 2.735125e-11
209 1.346668e-11
210 1.263884e-08
211 8.915096e-09
212 6.010349e-09
213 3.833997e-09
214 2.359954e-09
215 1.465976e-09
216 9.311014e-10
217 6.081456e-10
218 4.025414e-10
219 2.633931e-10
220 1.661154e-10
221 9.914797e-11
222 5.544588e-11
223 2.902187e-11
224 1.432356e-11
225 1.316478e-08
226 9.301336e-09
227 6.281571e-09
228 4.012804e-09
229 2.468992e-09
230 1.532400e-09
231 9.718543e-10
232 6.342693e-10
233 4.198393e-10
234 2.749474e-10
235 1.737121e-10
236 1.039027e-10
237 5.823563e-11
238 3.055000e-11
239 1.510125e-11
240 1.361083e-08
241 9.629680e-09
242 6.512390e-09
243 4.165677e-09
244 2.562251e-09
245 1.589210e-09
246 1.006648e-09
247 6.564243e-10
248 4.345464e-10
249 2.847986e-10
250 1.801903e-10
251 1.079716e-10
252 6.062813e-11
253 3.185490e-11
254 1.576703e-11
255 1.406434e-08
256 9.962563e-09
257 6.745974e-09
258 4.319276e-09
259 2.656103e-09
260 1.646220e-09
261 1.041713e-09
262 6.788079e-10
263 4.494272e-10
264 2.947561e-10
265 1.867258e-10
266 1.120635e-10
267 6.302815e-11
268 3.316454e-11
269 1.643391e-11
270 1.449871e-08
271 1.028387e-08
272 6.972178e-09
273 4.469247e-09
274 2.747504e-09
275 1.702215e-09
276 1.075960e-09
277 7.006206e-10
278 4.637154e-10
279 3.043721e-10
280 1.930973e-10
281 1.160786e-10
282 6.539958e-11
283 3.446621e-11
284 1.709915e-11
285 1.350678e-08
286 9.605940e-09
287 6.521876e-09
288 4.206503e-09
289 2.592698e-09
290 1.606000e-09
291 1.012885e-09
292 6.571531e-10
293 4.335514e-10
294 2.840980e-10
295 1.803177e-10
296 1.087120e-10
297 6.154439e-11
298 3.262251e-11
299 1.627506e-11
300 1.588098e-08
301 1.142527e-08
302 7.828383e-09
303 5.107730e-09
304 3.160262e-09
305 1.947670e-09
306 1.218721e-09
307 7.845592e-10
308 5.156770e-10
309 3.386769e-10
310 2.166744e-10
311 1.322229e-10
312 7.593971e-11
313 4.084758e-11
314 2.064514e-11
315 1.761899e-08
316 1.276088e-08
317 8.788051e-09
318 5.769801e-09
319 3.580125e-09
320 2.200161e-09
321 1.371344e-09
322 8.789359e-10
323 5.763329e-10
324 3.788427e-10
325 2.433469e-10
326 1.494420e-10
327 8.648635e-11
328 4.688490e-11
329 2.386152e-11
330 1.876954e-08
331 1.365140e-08
332 9.430480e-09
333 6.213498e-09
334 3.863027e-09
335 2.370334e-09
336 1.473716e-09
337 9.420321e-10
338 6.168096e-10
339 4.056274e-10
340 2.612048e-10
341 1.610372e-10
342 9.363082e-11
343 5.099904e-11
344 2.606510e-11
345 1.981219e-08
346 1.445248e-08
347 1.000671e-08
348 6.612337e-09
349 4.115365e-09
350 2.522353e-09
351 1.565521e-09
352 9.986470e-10
353 6.531492e-10
354 4.297329e-10
355 2.772365e-10
356 1.713998e-10
357 9.998528e-11
358 5.464074e-11
359 2.800799e-11
360 2.070501e-08
361 1.514158e-08
362 1.050294e-08
363 6.954280e-09
364 4.332454e-09
365 2.653309e-09
366 1.644154e-09
367 1.047243e-09
368 6.843138e-10
369 4.504002e-10
370 2.909610e-10
371 1.802792e-10
372 1.054369e-10
373 5.776892e-11
374 2.967839e-11
375 2.159236e-08
376 1.582312e-08
377 1.099223e-08
378 7.291955e-09
379 4.546318e-09
380 2.781985e-09
381 1.722062e-09
382 1.095344e-09
383 7.152975e-10
384 4.709218e-10
385 3.046017e-10
386 1.890882e-10
387 1.108330e-10
388 6.085897e-11
389 3.132566e-11
390 2.248984e-08
391 1.651935e-08
392 1.149482e-08
393 7.640788e-09
394 4.768152e-09
395 2.915761e-09
396 1.802447e-09
397 1.144884e-09
398 7.469148e-10
399 4.919220e-10
400 3.186071e-10
401 1.981867e-10
402 1.164433e-10
403 6.408301e-11
404 3.305286e-11
405 1.943565e-08
406 1.423855e-08
407 9.879111e-09
408 6.547565e-09
409 4.097151e-09
410 2.509606e-09
411 1.556438e-09
412 9.897655e-10
413 6.452942e-10
414 4.237554e-10
415 2.733449e-10
416 1.693169e-10
417 9.913866e-11
418 5.445321e-11
419 2.806719e-11
420 2.218366e-08
421 1.644208e-08
422 1.149768e-08
423 7.684122e-09
424 4.849561e-09
425 2.962451e-09
426 1.829423e-09
427 1.154682e-09
428 7.485015e-10
429 4.909188e-10
430 3.178505e-10
431 1.984443e-10
432 1.174476e-10
433 6.529022e-11
434 3.404883e-11
435 2.406919e-08
436 1.797582e-08
437 1.262995e-08
438 8.486017e-09
439 5.383871e-09
440 3.284960e-09
441 2.023427e-09
442 1.271173e-09
443 8.211180e-10
444 5.379876e-10
445 3.490611e-10
446 2.189554e-10
447 1.304199e-10
448 7.302430e-11
449 3.834927e-11
450 2.575341e-08
451 1.932816e-08
452 1.363000e-08
453 9.189745e-09
454 5.850750e-09
455 3.567228e-09
456 2.193177e-09
457 1.373521e-09
458 8.848773e-10
459 5.794438e-10
460 3.765050e-10
461 2.369323e-10
462 1.417454e-10
463 7.975234e-11
464 4.207882e-11
465 2.719606e-08
466 2.049596e-08
467 1.449034e-08
468 9.794856e-09
469 6.253340e-09
470 3.810957e-09
471 2.339398e-09
472 1.461671e-09
473 9.400042e-10
474 6.151777e-10
475 4.001569e-10
476 2.524367e-10
477 1.515236e-10
478 8.556469e-11
479 4.530336e-11
480 2.861792e-08
481 2.163838e-08
482 1.533466e-08
483 1.038848e-08
484 6.648376e-09
485 4.049777e-09
486 2.483296e-09
487 1.548158e-09
488 9.940753e-10
489 6.502676e-10
490 4.233787e-10
491 2.676384e-10
492 1.610929e-10
493 9.124392e-11
494 4.845024e-11
495 3.010209e-08
496 2.284285e-08
497 1.622576e-08
498 1.101935e-08
499 7.067992e-09
500 4.303106e-09
501 2.635504e-09
502 1.639709e-09
503 1.051028e-09
504 6.872103e-10
505 4.478931e-10
506 2.837521e-10
507 1.712878e-10
508 9.732442e-11
509 5.183187e-11
510 2.596547e-08
511 1.957216e-08
512 1.384289e-08
513 9.348207e-09
514 5.979597e-09
515 3.652417e-09
516 2.243938e-09
517 1.401753e-09
518 9.005315e-10
519 5.883078e-10
520 3.819715e-10
521 2.406073e-10
522 1.443236e-10
523 8.152679e-11
524 4.322319e-11
525 2.872219e-08
526 2.190360e-08
527 1.561540e-08
528 1.061576e-08
529 6.849333e-09
530 4.190693e-09
531 2.565918e-09
532 1.592485e-09
533 1.016960e-09
534 6.621704e-10
535 4.303776e-10
536 2.724884e-10
537 1.647899e-10
538 9.402707e-11
539 5.038008e-11
540 3.116787e-08
541 2.395301e-08
542 1.717074e-08
543 1.172810e-08
544 7.610183e-09
545 4.663499e-09
546 2.848483e-09
547 1.760341e-09
548 1.119252e-09
549 7.271772e-10
550 4.728986e-10
551 3.004167e-10
552 1.826685e-10
553 1.049227e-10
554 5.661058e-11
555 3.326466e-08
556 2.572193e-08
557 1.851663e-08
558 1.268810e-08
559 8.267563e-09
560 5.071354e-09
561 3.092330e-09
562 1.905559e-09
563 1.207853e-09
564 7.833201e-10
565 5.096177e-10
566 3.245458e-10
567 1.981267e-10
568 1.143506e-10
569 6.200542e-11
570 3.532973e-08
571 2.746051e-08
572 1.983551e-08
573 1.362935e-08
574 8.911997e-09
575 5.471927e-09
576 3.331675e-09
577 2.047802e-09
578 1.294713e-09
579 8.384314e-10
580 5.456503e-10
581 3.481988e-10
582 2.132602e-10
583 1.235700e-10
584 6.727607e-11
585 3.752650e-08
586 2.931453e-08
587 2.125200e-08
588 1.464321e-08
589 9.606925e-09
590 5.903991e-09
591 3.589709e-09
592 2.200731e-09
593 1.387781e-09
594 8.974108e-10
595 5.842633e-10
596 3.736210e-10
597 2.295891e-10
598 1.335557e-10
599 7.300516e-11
600 3.236113e-08
601 2.506689e-08
602 1.807837e-08
603 1.239457e-08
604 8.088025e-09
605 4.978525e-09
606 3.033732e-09
607 1.868862e-09
608 1.182965e-09
609 7.657922e-10
610 4.974757e-10
611 3.165800e-10
612 1.933097e-10
613 1.117130e-10
614 6.071023e-11
615 3.563801e-08
616 2.792117e-08
617 2.031296e-08
618 1.401176e-08
619 9.214127e-09
620 5.701767e-09
621 3.463234e-09
622 2.123759e-09
623 1.335618e-09
624 8.605948e-10
625 5.585239e-10
626 3.565200e-10
627 2.190891e-10
628 1.277089e-10
629 7.008378e-11
630 3.848457e-08
631 3.041121e-08
632 2.226694e-08
633 1.542866e-08
634 1.020156e-08
635 6.337433e-09
636 3.840996e-09
637 2.347919e-09
638 1.469890e-09
639 9.436890e-10
640 6.119559e-10
641 3.914615e-10
642 2.416535e-10
643 1.417271e-10
644 7.831269e-11
645 4.126655e-08
646 3.284070e-08
647 2.417079e-08
648 1.680726e-08
649 1.116263e-08
650 6.956222e-09
651 4.208571e-09
652 2.566378e-09
653 1.600455e-09
654 1.024701e-09
655 6.640478e-10
656 4.255039e-10
657 2.636137e-10
658 1.553544e-10
659 8.630323e-11
660 4.427248e-08
661 3.547730e-08
662 2.624994e-08
663 1.831823e-08
664 1.221614e-08
665 7.636066e-09
666 4.612258e-09
667 2.805505e-09
668 1.743200e-09
669 1.112985e-09
670 7.208213e-10
671 4.626671e-10
672 2.876601e-10
673 1.703283e-10
674 9.511490e-11
675 3.983388e-08
676 3.168606e-08
677 2.333703e-08
678 1.623166e-08
679 1.077525e-08
680 6.732277e-09
681 4.075936e-09
682 2.487959e-09
683 1.550688e-09
684 9.916870e-10
685 6.416780e-10
686 4.105383e-10
687 2.540645e-10
688 1.496640e-10
689 8.318214e-11
690 4.358600e-08
691 3.507498e-08
692 2.608978e-08
693 1.826090e-08
694 1.220580e-08
695 7.683105e-09
696 4.644572e-09
697 2.825951e-09
698 1.749630e-09
699 1.112239e-09
700 7.176643e-10
701 4.597357e-10
702 2.858914e-10
703 1.696874e-10
704 9.517728e-11
705 4.724589e-08
706 3.838711e-08
707 2.877103e-08
708 2.024409e-08
709 1.360221e-08
710 8.611909e-09
711 5.200841e-09
712 3.156369e-09
713 1.944191e-09
714 1.230073e-09
715 7.919478e-10
716 5.077658e-10
717 3.169283e-10
718 1.891958e-10
719 1.068608e-10
720 5.124320e-08
721 4.202749e-08
722 3.172789e-08
723 2.243716e-08
724 1.515039e-08
725 9.644794e-09
726 5.819450e-09
727 3.523731e-09
728 2.159607e-09
729 1.360344e-09
730 8.739119e-10
731 5.607983e-10
732 3.512728e-10
733 2.108460e-10
734 1.198723e-10
735 4.835105e-08
736 3.950748e-08
737 2.978196e-08
738 2.104279e-08
739 1.418280e-08
740 9.027616e-09
741 5.461892e-09
742 3.310683e-09
743 2.031634e-09
744 1.280319e-09
745 8.217030e-10
746 5.262557e-10
747 3.288229e-10
748 1.968938e-10
749 1.117249e-10
750 5.308957e-08
751 4.393514e-08
752 3.349852e-08
753 2.385238e-08
754 1.618187e-08
755 1.039073e-08
756 6.298094e-09
757 3.805085e-09
758 2.319556e-09
759 1.451471e-09
760 9.271112e-10
761 5.933233e-10
762 3.719688e-10
763 2.242115e-10
764 1.283632e-10
765 5.833008e-08
766 4.887005e-08
767 3.765196e-08
768 2.700906e-08
769 1.843615e-08
770 1.193259e-08
771 7.246622e-09
772 4.365619e-09
773 2.644823e-09
774 1.644285e-09
775 1.045545e-09
776 6.686026e-10
777 4.204390e-10
778 2.549679e-10
779 1.471545e-10
780 5.917313e-08
781 4.978006e-08
782 3.855624e-08
783 2.777694e-08
784 1.900647e-08
785 1.234929e-08
786 7.536129e-09
787 4.532466e-09
788 2.741741e-09
789 1.698385e-09
790 1.075924e-09
791 6.862625e-10
792 4.312235e-10
793 2.618080e-10
794 1.515354e-10
795 6.611340e-08
796 5.652699e-08
797 4.446685e-08
798 3.241434e-08
799 2.236560e-08
800 1.468875e-08
801 9.032340e-09
802 5.410679e-09
803 3.252017e-09
804 1.994778e-09
805 1.253081e-09
806 7.960984e-10
807 5.009559e-10
808 3.060360e-10
809 1.788811e-10
810 7.574643e-08
811 6.624358e-08
812 5.335311e-08
813 3.967431e-08
814 2.774424e-08
815 1.848813e-08
816 1.156585e-08
817 6.910702e-09
818 4.128792e-09
819 2.494162e-09
820 1.542419e-09
821 9.696136e-10
822 6.084208e-10
823 3.735154e-10
824 2.208214e-10
825 5.692154e-07
826 4.157613e-07
827 3.079813e-07
828 1.918241e-07
829 1.168362e-07
830 6.921278e-08
831 4.225810e-08
832 2.710752e-08
833 1.829660e-08
834 0.000000e+00
835 0.000000e+00
836 0.000000e+00
837 0.000000e+00
838 0.000000e+00
839 0.000000e+00
840 8.514970e-07
841 6.221075e-07
842 4.613410e-07
843 2.906095e-07
844 1.765678e-07
845 1.044743e-07
846 6.366584e-08
847 4.068989e-08
848 2.738933e-08
849 0.000000e+00
850 0.000000e+00
851 0.000000e+00
852 0.000000e+00
853 0.000000e+00
854 0.000000e+00
855 1.011525e-06
856 7.391171e-07
857 5.482907e-07
858 3.467287e-07
859 2.104744e-07
860 1.244926e-07
861 7.581693e-08
862 4.839547e-08
863 3.254542e-08
864 0.000000e+00
865 0.000000e+00
866 0.000000e+00
867 0.000000e+00
868 0.000000e+00
869 0.000000e+00
870 1.125254e-06
871 8.222676e-07
872 6.100744e-07
873 3.865572e-07
874 2.345448e-07
875 1.387051e-07
876 8.444597e-08
877 5.386901e-08
878 3.620930e-08
879 0.000000e+00
880 0.000000e+00
881 0.000000e+00
882 0.000000e+00
883 0.000000e+00
884 0.000000e+00
885 1.200457e-06
886 8.772537e-07
887 6.509392e-07
888 4.129585e-07
889 2.504913e-07
890 1.481187e-07
891 9.015945e-08
892 5.749136e-08
893 3.863230e-08
894 0.000000e+00
895 0.000000e+00
896 0.000000e+00
897 0.000000e+00
898 0.000000e+00
899 0.000000e+00
900 1.268445e-06
901 9.269635e-07
902 6.878770e-07
903 4.367807e-07
904 2.648865e-07
905 1.566181e-07
906 9.532005e-08
907 6.076428e-08
908 4.082279e-08
909 0.000000e+00
910 0.000000e+00
911 0.000000e+00
912 0.000000e+00
913 0.000000e+00
914 0.000000e+00
915 1.326669e-06
916 9.695334e-07
917 7.195088e-07
918 4.571878e-07
919 2.772175e-07
920 1.638981e-07
921 9.973954e-08
922 6.356749e-08
923 4.269877e-08
924 0.000000e+00
925 0.000000e+00
926 0.000000e+00
927 0.000000e+00
928 0.000000e+00
929 0.000000e+00
930 1.384641e-06
931 1.011918e-06
932 7.510017e-07
933 4.774899e-07
934 2.894879e-07
935 1.711427e-07
936 1.041382e-07
937 6.635772e-08
938 4.456633e-08
939 0.000000e+00
940 0.000000e+00
941 0.000000e+00
942 0.000000e+00
943 0.000000e+00
944 0.000000e+00
945 1.443383e-06
946 1.054872e-06
947 7.829249e-07
948 4.981167e-07
949 3.019463e-07
950 1.784977e-07
951 1.086015e-07
952 6.918729e-08
953 4.645933e-08
954 0.000000e+00
955 0.000000e+00
956 0.000000e+00
957 0.000000e+00
958 0.000000e+00
959 0.000000e+00
960 4.256300e-07
961 3.389217e-07
962 2.458449e-07
963 1.843229e-07
964 1.140494e-07
965 6.979688e-08
966 4.057319e-08
967 2.426030e-08
968 1.520449e-08
969 1.006667e-08
970 0.000000e+00
971 0.000000e+00
972 0.000000e+00
973 0.000000e+00
974 0.000000e+00
975 6.574471e-07
976 5.270923e-07
977 3.826947e-07
978 2.866711e-07
979 1.796655e-07
980 1.095281e-07
981 6.362318e-08
982 3.799083e-08
983 2.372432e-08
984 1.566161e-08
985 0.000000e+00
986 0.000000e+00
987 0.000000e+00
988 0.000000e+00
989 0.000000e+00
990 8.200648e-07
991 6.592018e-07
992 4.787950e-07
993 3.585254e-07
994 2.258007e-07
995 1.374398e-07
996 7.981892e-08
997 4.763913e-08
998 2.970868e-08
999 1.959027e-08
1000 0.000000e+00
1001 0.000000e+00
1002 0.000000e+00
1003 0.000000e+00
1004 0.000000e+00
1005 9.343456e-07
1006 7.520957e-07
1007 5.463787e-07
1008 4.090504e-07
1009 2.582808e-07
1010 1.570832e-07
1011 9.121563e-08
1012 5.442785e-08
1013 3.391812e-08
1014 2.235295e-08
1015 0.000000e+00
1016 0.000000e+00
1017 0.000000e+00
1018 0.000000e+00
1019 0.000000e+00
1020 1.032767e-06
1021 8.320621e-07
1022 6.045497e-07
1023 4.525433e-07
1024 2.862122e-07
1025 1.739820e-07
1026 1.010202e-07
1027 6.026859e-08
1028 3.754077e-08
1029 2.473095e-08
1030 0.000000e+00
1031 0.000000e+00
1032 0.000000e+00
1033 0.000000e+00
1034 0.000000e+00
1035 1.117926e-06
1036 9.012540e-07
1037 6.548878e-07
1038 4.901763e-07
1039 3.103871e-07
1040 1.886064e-07
1041 1.095058e-07
1042 6.532292e-08
1043 4.067554e-08
1044 2.678877e-08
1045 0.000000e+00
1046 0.000000e+00
1047 0.000000e+00
1048 0.000000e+00
1049 0.000000e+00
1050 1.201087e-06
1051 9.688157e-07
1052 7.040326e-07
1053 5.269226e-07
1054 3.339846e-07
1055 2.028806e-07
1056 1.177884e-07
1057 7.025705e-08
1058 4.373599e-08
1059 2.879787e-08
1060 0.000000e+00
1061 0.000000e+00
1062 0.000000e+00
1063 0.000000e+00
1064 0.000000e+00
1065 1.290755e-06
1066 1.041706e-06
1067 7.570601e-07
1068 5.665693e-07
1069 3.594707e-07
1070 2.182943e-07
1071 1.267312e-07
1072 7.558410e-08
1073 4.703884e-08
1074 3.096559e-08
1075 0.000000e+00
1076 0.000000e+00
1077 0.000000e+00
1078 0.000000e+00
1079 0.000000e+00
1080 1.451555e-07
1081 1.319338e-07
1082 1.015924e-07
1083 7.346944e-08
1084 5.502989e-08
1085 3.180565e-08
1086 1.948480e-08
1087 1.123772e-08
1088 6.646403e-09
1089 4.136084e-09
1090 0.000000e+00
1091 0.000000e+00
1092 0.000000e+00
1093 0.000000e+00
1094 0.000000e+00
1095 2.419954e-07
1096 2.209063e-07
1097 1.707806e-07
1098 1.234276e-07
1099 9.258675e-08
1100 5.379603e-08
1101 3.304262e-08
1102 1.901253e-08
1103 1.120654e-08
1104 6.958276e-09
1105 0.000000e+00
1106 0.000000e+00
1107 0.000000e+00
1108 0.000000e+00
1109 0.000000e+00
1110 3.138277e-07
1111 2.869628e-07
1112 2.221958e-07
1113 1.605481e-07
1114 1.204996e-07
1115 7.016425e-08
1116 4.313782e-08
1117 2.479916e-08
1118 1.459764e-08
1119 9.055902e-09
1120 0.000000e+00
1121 0.000000e+00
1122 0.000000e+00
1123 0.000000e+00
1124 0.000000e+00
1125 3.741601e-07
1126 3.424356e-07
1127 2.653682e-07
1128 1.917193e-07
1129 1.439368e-07
1130 8.390528e-08
1131 5.161167e-08
1132 2.965703e-08
1133 1.744513e-08
1134 1.081728e-08
1135 0.000000e+00
1136 0.000000e+00
1137 0.000000e+00
1138 0.000000e+00
1139 0.000000e+00
1140 4.266492e-07
1141 3.906993e-07
1142 3.029327e-07
1143 2.188409e-07
1144 1.643288e-07
1145 9.586121e-08
1146 5.898478e-08
1147 3.388364e-08
1148 1.992247e-08
1149 1.234981e-08
1150 0.000000e+00
1151 0.000000e+00
1152 0.000000e+00
1153 0.000000e+00
1154 0.000000e+00
1155 4.773890e-07
1156 4.373554e-07
1157 3.392405e-07
1158 2.450557e-07
1159 1.840392e-07
1160 1.074160e-07
1161 6.611063e-08
1162 3.796874e-08
1163 2.231677e-08
1164 1.383103e-08
1165 0.000000e+00
1166 0.000000e+00
1167 0.000000e+00
1168 0.000000e+00
1169 0.000000e+00
1170 5.338408e-07
1171 4.892691e-07
1172 3.796469e-07
1173 2.742290e-07
1174 2.059757e-07
1175 1.202799e-07
1176 7.404442e-08
1177 4.251643e-08
1178 2.498194e-08
1179 1.547956e-08
1180 0.000000e+00
1181 0.000000e+00
1182 0.000000e+00
1183 0.000000e+00
1184 0.000000e+00
1185 1.085772e-07
1186 1.072048e-07
1187 9.018280e-08
1188 6.588441e-08
1189 4.893161e-08
1190 3.328441e-08
1191 1.962789e-08
1192 1.118513e-08
1193 6.467056e-09
1194 3.820817e-09
1195 2.392757e-09
1196 0.000000e+00
1197 0.000000e+00
1198 0.000000e+00
1199 0.000000e+00
1200 1.892788e-07
1201 1.874090e-07
1202 1.582342e-07
1203 1.157984e-07
1204 8.586324e-08
1205 5.881073e-08
1206 3.451258e-08
1207 1.969481e-08
1208 1.140188e-08
1209 6.724568e-09
1210 4.202649e-09
1211 0.000000e+00
1212 0.000000e+00
1213 0.000000e+00
1214 0.000000e+00
1215 2.577410e-07
1216 2.554798e-07
1217 2.160273e-07
1218 1.582021e-07
1219 1.172293e-07
1220 8.051311e-08
1221 4.715813e-08
1222 2.692694e-08
1223 1.559611e-08
1224 9.191995e-09
1225 5.740072e-09
1226 0.000000e+00
1227 0.000000e+00
1228 0.000000e+00
1229 0.000000e+00
1230 3.174482e-07
1231 3.148486e-07
1232 2.664319e-07
1233 1.951847e-07
1234 1.445864e-07
1235 9.943980e-08
1236 5.818700e-08
1237 3.323402e-08
1238 1.925385e-08
1239 1.134391e-08
1240 7.080958e-09
1241 0.000000e+00
1242 0.000000e+00
1243 0.000000e+00
1244 0.000000e+00
1245 3.748382e-07
1246 3.719111e-07
1247 3.148724e-07
1248 2.307258e-07
1249 1.708770e-07
1250 1.176287e-07
1251 6.878620e-08
1252 3.929547e-08
1253 2.276911e-08
1254 1.341197e-08
1255 8.369561e-09
1256 0.000000e+00
1257 0.000000e+00
1258 0.000000e+00
1259 0.000000e+00
1260 4.398106e-07
1261 4.365160e-07
1262 3.697230e-07
1263 2.709726e-07
1264 2.006460e-07
1265 1.382287e-07
1266 8.078846e-08
1267 4.616003e-08
1268 2.675005e-08
1269 1.575394e-08
1270 9.828743e-09
1271 0.000000e+00
1272 0.000000e+00
1273 0.000000e+00
1274 0.000000e+00
1275 1.149983e-07
1276 1.197041e-07
1277 1.082763e-07
1278 8.280060e-08
1279 5.985185e-08
1280 4.481845e-08
1281 2.532024e-08
1282 1.528513e-08
1283 8.639247e-09
1284 4.990310e-09
1285 2.988404e-09
1286 0.000000e+00
1287 0.000000e+00
1288 0.000000e+00
1289 0.000000e+00
1290 2.108864e-07
1291 2.199664e-07
1292 1.995738e-07
1293 1.530244e-07
1294 1.105426e-07
1295 8.290613e-08
1296 4.696590e-08
1297 2.844359e-08
1298 1.604065e-08
1299 9.244211e-09
1300 5.525056e-09
1301 0.000000e+00
1302 0.000000e+00
1303 0.000000e+00
1304 0.000000e+00
1305 2.963841e-07
1306 3.093946e-07
1307 2.810452e-07
1308 2.157205e-07
1309 1.557954e-07
1310 1.169149e-07
1311 6.630536e-08
1312 4.020555e-08
1313 2.265460e-08
1314 1.304360e-08
1315 7.789995e-09
1316 0.000000e+00
1317 0.000000e+00
1318 0.000000e+00
1319 0.000000e+00
1320 3.782041e-07
1321 3.949739e-07
1322 3.590113e-07
1323 2.757177e-07
1324 1.991005e-07
1325 1.494593e-07
1326 8.481125e-08
1327 5.145984e-08
1328 2.898334e-08
1329 1.667935e-08
1330 9.957444e-09
1331 0.000000e+00
1332 0.000000e+00
1333 0.000000e+00
1334 0.000000e+00
1335 4.719023e-07
1336 4.929825e-07
1337 4.483043e-07
1338 3.444330e-07
1339 2.486986e-07
1340 1.867330e-07
1341 1.060081e-07
1342 6.435164e-08
1343 3.623250e-08
1344 2.084348e-08
1345 1.243982e-08
1346 0.000000e+00
1347 0.000000e+00
1348 0.000000e+00
1349 0.000000e+00
1350 6.512187e-08
1351 7.047468e-08
1352 6.755896e-08
1353 5.472719e-08
1354 3.947558e-08
1355 2.975978e-08
1356 1.857854e-08
1357 1.139139e-08
1358 6.323925e-09
1359 3.482938e-09
1360 2.013329e-09
1361 1.224645e-09
1362 0.000000e+00
1363 0.000000e+00
1364 0.000000e+00
1365 1.246720e-07
1366 1.351360e-07
1367 1.298648e-07
1368 1.055028e-07
1369 7.614892e-08
1370 5.735322e-08
1371 3.604217e-08
1372 2.203694e-08
1373 1.223618e-08
1374 6.741953e-09
1375 3.888569e-09
1376 2.360236e-09
1377 0.000000e+00
1378 0.000000e+00
1379 0.000000e+00
1380 1.823896e-07
1381 1.978203e-07
1382 1.902819e-07
1383 1.547585e-07
1384 1.117278e-07
1385 8.411967e-08
1386 5.299617e-08
1387 3.236748e-08
1388 1.797366e-08
1389 9.905158e-09
1390 5.708111e-09
1391 3.461814e-09
1392 0.000000e+00
1393 0.000000e+00
1394 0.000000e+00
1395 2.490440e-07
1396 2.702119e-07
1397 2.600593e-07
1398 2.116458e-07
1399 1.528193e-07
1400 1.150331e-07
1401 7.257920e-08
1402 4.429950e-08
1403 2.460057e-08
1404 1.355869e-08
1405 7.809638e-09
1406 4.734069e-09
1407 0.000000e+00
1408 0.000000e+00
1409 0.000000e+00
1410 4.603073e-08
1411 5.137674e-08
1412 5.161783e-08
1413 4.434238e-08
1414 3.268370e-08
1415 2.406892e-08
1416 1.696111e-08
1417 9.674320e-09
1418 5.447309e-09
1419 3.082213e-09
1420 1.714473e-09
1421 9.997946e-10
1422 0.000000e+00
1423 0.000000e+00
1424 0.000000e+00
1425 9.293307e-08
1426 1.038707e-07
1427 1.045790e-07
1428 9.010108e-08
1429 6.652358e-08
1430 4.892791e-08
1431 3.464121e-08
1432 1.969473e-08
1433 1.111313e-08
1434 6.287159e-09
1435 3.495351e-09
1436 2.034325e-09
1437 0.000000e+00
1438 0.000000e+00
1439 0.000000e+00
1440 1.480035e-07
1441 1.655144e-07
1442 1.667840e-07
1443 1.438606e-07
1444 1.062869e-07
1445 7.813519e-08
1446 5.542282e-08
1447 3.146959e-08
1448 1.777269e-08
1449 1.005389e-08
1450 5.588364e-09
1451 3.249922e-09
1452 0.000000e+00
1453 0.000000e+00
1454 0.000000e+00
1455 3.745796e-08
1456 4.291899e-08
1457 4.485066e-08
1458 4.073633e-08
1459 3.122858e-08
1460 2.255411e-08
1461 1.693703e-08
1462 9.493056e-09
1463 5.676202e-09
1464 3.110556e-09
1465 1.714960e-09
1466 9.578207e-10
1467 0.000000e+00
1468 0.000000e+00
1469 0.000000e+00
1470 8.402459e-08
1471 9.640006e-08
1472 1.009343e-07
1473 9.193997e-08
1474 7.066262e-08
1475 5.100544e-08
1476 3.835603e-08
1477 2.156197e-08
1478 1.293741e-08
1479 7.076177e-09
1480 3.892293e-09
1481 2.169425e-09
1482 0.000000e+00
1483 0.000000e+00
1484 0.000000e+00
1485 4.948759e-08
1486 5.815281e-08
1487 6.305702e-08
1488 6.054075e-08
1489 4.908956e-08
1490 3.541728e-08
1491 2.671634e-08
1492 1.661665e-08
1493 1.011055e-08
1494 5.486529e-09
1495 2.889939e-09
1496 1.559035e-09
1497 8.681027e-10
1498 0.000000e+00
1499 0.000000e+00
1500 1.396361e-04
1501 1.017428e-04
1502 7.594368e-05
1503 4.789415e-05
1504 2.922806e-05
1505 1.723069e-05
1506 1.047467e-05
1507 6.673420e-06
1508 4.485320e-06
1509 0.000000e+00
1510 0.000000e+00
1511 0.000000e+00
1512 0.000000e+00
1513 0.000000e+00
1514 0.000000e+00
1515 9.279150e-05
1516 7.484566e-05
1517 5.429686e-05
1518 4.073809e-05
1519 2.574285e-05
1520 1.571854e-05
1521 9.101989e-06
1522 5.420217e-06
1523 3.373409e-06
1524 2.221771e-06
1525 0.000000e+00
1526 0.000000e+00
1527 0.000000e+00
1528 0.000000e+00
1529 0.000000e+00
1530 2.163459e-05
1531 1.983859e-05
1532 1.538804e-05
1533 1.110606e-05
1534 8.360032e-06
1535 4.860083e-06
1536 3.000039e-06
1537 1.720297e-06
1538 1.011943e-06
1539 6.269709e-07
1540 0.000000e+00
1541 0.000000e+00
1542 0.000000e+00
1543 0.000000e+00
1544 0.000000e+00
1545 2.007924e-05
1546 1.993868e-05
1547 1.689277e-05
1548 1.237543e-05
1549 9.163067e-06
1550 6.321118e-06
1551 3.691909e-06
1552 2.106760e-06
1553 1.223005e-06
1554 7.194070e-07
1555 4.488000e-07
1556 0.000000e+00
1557 0.000000e+00
1558 0.000000e+00
1559 0.000000e+00
1560 3.124479e-05
1561 3.265385e-05
1562 2.970766e-05
1563 2.282462e-05
1564 1.647385e-05
1565 1.238441e-05
1566 7.015273e-06
1567 4.262957e-06
1568 2.397739e-06
1569 1.381588e-06
1570 8.240505e-07
1571 0.000000e+00
1572 0.000000e+00
1573 0.000000e+00
1574 0.000000e+00
1575 1.220612e-05
1576 1.324818e-05
1577 1.275637e-05
1578 1.038478e-05
1579 7.496505e-06
1580 5.644094e-06
1581 3.562390e-06
1582 2.176864e-06
1583 1.208792e-06
1584 6.648663e-07
1585 3.830470e-07
1586 2.321850e-07
1587 0.000000e+00
1588 0.000000e+00
1589 0.000000e+00
1590 6.294635e-06
1591 7.041727e-06
1592 7.099140e-06
1593 6.126542e-06
1594 4.526587e-06
1595 3.326779e-06
1596 2.362969e-06
1597 1.339974e-06
1598 7.563317e-07
1599 4.285101e-07
1600 2.379767e-07
1601 1.383743e-07
1602 0.000000e+00
1603 0.000000e+00
1604 0.000000e+00
1605 3.323127e-06
1606 3.814027e-06
1607 3.995613e-06
1608 3.642277e-06
1609 2.800641e-06
1610 2.020919e-06
1611 1.521086e-06
1612 8.545007e-07
1613 5.133104e-07
1614 2.804718e-07
1615 1.543831e-07
1616 8.597332e-08
1617 0.000000e+00
1618 0.000000e+00
1619 0.000000e+00
1620 2.690855e-06
1621 3.164577e-06
1622 3.435446e-06
1623 3.304103e-06
1624 2.684228e-06
1625 1.937057e-06
1626 1.460578e-06
1627 9.122837e-07
1628 5.546458e-07
1629 3.010665e-07
1630 1.584254e-07
1631 8.537132e-08
1632 4.745647e-08
1633 0.000000e+00
1634 0.000000e+00
1635 1.594096e-07
1636 1.922513e-07
1637 2.162912e-07
1638 2.196318e-07
1639 1.913505e-07
1640 1.423186e-07
1641 1.043106e-07
1642 7.480680e-08
1643 4.203169e-08
1644 2.357789e-08
1645 1.285348e-08
1646 6.692465e-09
1647 3.513439e-09
1648 0.000000e+00
1649 0.000000e+00
