0 2.230705e-09
1 1.449588e-09
2 9.117788e-10
3 5.744458e-10
4 3.693009e-10
5 2.429956e-10
6 1.615298e-10
7 1.060803e-10
8 6.721452e-11
9 4.036909e-11
10 2.275659e-11
11 1.202307e-11
12 5.994652e-12
13 2.852232e-12
14 1.311142e-12
15 3.812371e-09
16 2.536270e-09
17 1.612278e-09
18 1.004977e-09
19 6.355575e-10
20 4.115117e-10
21 2.722072e-10
22 1.804960e-10
23 1.170434e-10
24 7.261775e-11
25 4.244744e-11
26 2.323580e-11
27 1.193973e-11
28 5.812739e-12
29 2.714541e-12
30 4.312709e-09
31 2.887897e-09
32 1.845676e-09
33 1.149376e-09
34 7.239013e-10
35 4.663589e-10
36 3.075541e-10
37 2.040981e-10
38 1.329392e-10
39 8.310040e-11
40 4.903827e-11
41 2.711610e-11
42 1.406109e-11
43 6.894869e-12
44 3.236887e-12
45 4.665345e-09
46 3.133878e-09
47 2.008199e-09
48 1.250083e-09
49 7.858055e-10
50 5.050260e-10
51 3.325260e-10
52 2.206606e-10
53 1.440913e-10
54 9.039137e-11
55 5.359726e-11
56 2.977929e-11
57 1.550952e-11
58 7.632406e-12
59 3.592090e-12
60 4.814728e-09
61 3.240259e-09
62 2.079656e-09
63 1.294390e-09
64 8.127538e-10
65 5.215885e-10
66 3.431044e-10
67 2.277498e-10
68 1.488699e-10
69 9.361038e-11
70 5.564649e-11
71 3.100137e-11
72 1.618503e-11
73 7.981890e-12
74 3.762079e-12
75 4.972784e-09
76 3.351035e-09
77 2.152800e-09
78 1.339879e-09
79 8.406092e-10
80 5.389323e-10
81 3.543103e-10
82 2.352053e-10
83 1.538990e-10
84 9.690326e-11
85 5.770960e-11
86 3.220946e-11
87 1.684788e-11
88 8.319434e-12
89 3.924738e-12
90 5.154087e-09
91 3.476882e-09
92 2.235730e-09
93 1.391240e-09
94 8.723228e-10
95 5.588472e-10
96 3.672525e-10
97 2.437885e-10
98 1.596075e-10
99 1.006197e-10
100 6.000922e-11
101 3.354111e-11
102 1.756380e-11
103 8.681125e-12
104 4.098429e-12
105 5.252029e-09
106 3.545677e-09
107 2.281295e-09
108 1.419408e-09
109 8.895581e-10
110 5.695217e-10
111 3.740952e-10
112 2.483824e-10
113 1.627239e-10
114 1.026820e-10
115 6.130873e-11
116 3.430456e-11
117 1.798252e-11
118 8.895937e-12
119 4.202339e-12
120 5.297449e-09
121 3.579587e-09
122 2.304831e-09
123 1.433505e-09
124 8.980969e-10
125 5.746405e-10
126 3.772956e-10
127 2.506121e-10
128 1.642641e-10
129 1.037435e-10
130 6.200907e-11
131 3.473098e-11
132 1.822370e-11
133 9.022147e-12
134 4.264778e-12
135 5.463211e-09
136 3.694047e-09
137 2.380570e-09
138 1.480947e-09
139 9.271931e-10
140 5.928933e-10
141 3.891028e-10
142 2.583678e-10
143 1.694811e-10
144 1.071593e-10
145 6.412250e-11
146 3.596605e-11
147 1.889264e-11
148 9.359274e-12
149 4.426352e-12
150 8.082577e-09
151 5.568797e-09
152 3.660427e-09
153 2.287718e-09
154 1.418141e-09
155 8.937742e-10
156 5.792337e-10
157 3.831829e-10
158 2.533791e-10
159 1.631923e-10
160 1.001733e-10
161 5.779648e-11
162 3.118864e-11
163 1.580351e-11
164 7.598565e-12
165 1.005362e-08
166 7.011116e-09
167 4.672656e-09
168 2.950040e-09
169 1.819879e-09
170 1.138068e-09
171 7.297272e-10
172 4.797518e-10
173 3.176204e-10
174 2.063990e-10
175 1.285959e-10
176 7.557097e-11
177 4.157003e-11
178 2.143209e-11
179 1.044695e-11
180 1.143224e-08
181 8.020692e-09
182 5.379493e-09
183 3.415843e-09
184 2.104363e-09
185 1.311141e-09
186 8.363892e-10
187 5.478975e-10
188 3.627411e-10
189 2.366161e-10
190 1.484239e-10
191 8.797817e-11
192 4.884079e-11
193 2.539465e-11
194 1.246356e-11
195 1.213518e-08
196 8.543948e-09
197 5.750388e-09
198 3.662222e-09
199 2.254318e-09
200 1.401842e-09
201 8.916089e-10
202 5.830914e-10
203 3.860118e-10
204 2.522964e-10
205 1.588325e-10
206 9.457538e-11
207 5.275429e-11
208 2.755035e-11
209 1.356935e-11
210 1.277268e-08
211 9.013342e-09
212 6.080048e-09
213 3.880133e-09
214 2.387463e-09
215 1.482671e-09
216 9.413138e-10
217 6.148340e-10
218 4.069626e-10
219 2.663504e-10
220 1.680754e-10
221 1.003719e-10
222 5.616061e-11
223 2.941108e-11
224 1.452095e-11
225 1.343488e-08
226 9.496370e-09
227 6.416230e-09
228 4.100476e-09
229 2.522165e-09
230 1.565100e-09
231 9.922228e-10
232 6.473922e-10
233 4.285348e-10
234 2.807368e-10
235 1.774675e-10
236 1.062096e-10
237 5.956216e-11
238 3.126125e-11
239 1.545740e-11
240 1.384986e-08
241 9.801510e-09
242 6.631694e-09
243 4.242699e-09
244 2.609124e-09
245 1.617821e-09
246 1.024475e-09
247 6.679845e-10
248 4.422461e-10
249 2.899358e-10
250 1.835321e-10
251 1.100373e-10
252 6.182103e-11
253 3.249271e-11
254 1.608229e-11
255 1.412108e-08
256 1.000688e-08
257 6.779318e-09
258 4.342967e-09
259 2.670027e-09
260 1.653963e-09
261 1.046253e-09
262 6.817361e-10
263 4.513032e-10
264 2.961117e-10
265 1.876803e-10
266 1.126849e-10
267 6.341261e-11
268 3.338078e-11
269 1.654464e-11
270 1.473869e-08
271 1.045761e-08
272 7.093463e-09
273 4.548453e-09
274 2.795530e-09
275 1.731029e-09
276 1.094142e-09
277 7.123032e-10
278 4.714983e-10
279 3.095809e-10
280 1.964850e-10
281 1.181833e-10
282 6.662862e-11
283 3.512276e-11
284 1.742943e-11
285 1.341927e-08
286 9.537528e-09
287 6.472042e-09
288 4.171348e-09
289 2.570327e-09
290 1.592728e-09
291 1.004837e-09
292 6.522675e-10
293 4.304356e-10
294 2.820312e-10
295 1.789239e-10
296 1.077922e-10
297 6.096894e-11
298 3.228774e-11
299 1.609498e-11
300 1.599097e-08
301 1.149670e-08
302 7.875883e-09
303 5.136331e-09
304 3.177221e-09
305 1.958508e-09
306 1.225736e-09
307 7.894332e-10
308 5.189296e-10
309 3.408216e-10
310 2.179890e-10
311 1.329639e-10
312 7.632137e-11
313 4.102669e-11
314 2.072292e-11
315 1.743191e-08
316 1.261721e-08
317 8.684837e-09
318 5.699461e-09
319 3.534554e-09
320 2.172560e-09
321 1.354564e-09
322 8.685770e-10
323 5.697097e-10
324 3.745276e-10
325 2.405199e-10
326 1.476326e-10
327 8.538046e-11
328 4.624997e-11
329 2.352159e-11
330 1.867115e-08
331 1.357029e-08
332 9.370450e-09
333 6.170458e-09
334 3.833878e-09
335 2.352961e-09
336 1.463273e-09
337 9.357938e-10
338 6.129193e-10
339 4.031710e-10
340 2.595689e-10
341 1.599478e-10
342 9.293067e-11
343 5.057485e-11
344 2.582715e-11
345 1.988823e-08
346 1.449819e-08
347 1.003343e-08
348 6.626222e-09
349 4.121518e-09
350 2.526541e-09
351 1.568304e-09
352 1.001040e-09
353 6.550144e-10
354 4.309745e-10
355 2.779897e-10
356 1.717764e-10
357 1.001301e-10
358 5.467237e-11
359 2.800172e-11
360 2.071211e-08
361 1.513456e-08
362 1.049217e-08
363 6.943046e-09
364 4.321820e-09
365 2.647818e-09
366 1.641084e-09
367 1.045930e-09
368 6.838011e-10
369 4.501168e-10
370 2.907136e-10
371 1.800248e-10
372 1.052025e-10
373 5.758605e-11
374 2.955699e-11
375 2.131321e-08
376 1.560535e-08
377 1.083606e-08
378 7.184572e-09
379 4.475666e-09
380 2.739290e-09
381 1.696222e-09
382 1.079491e-09
383 7.052605e-10
384 4.643811e-10
385 3.003058e-10
386 1.863209e-10
387 1.091251e-10
388 5.986600e-11
389 3.078621e-11
390 2.246207e-08
391 1.648387e-08
392 1.146384e-08
393 7.614556e-09
394 4.748216e-09
395 2.904681e-09
396 1.795880e-09
397 1.141449e-09
398 7.450373e-10
399 4.907701e-10
400 3.177877e-10
401 1.975615e-10
402 1.159636e-10
403 6.376268e-11
404 3.285505e-11
405 1.988753e-08
406 1.457097e-08
407 1.011027e-08
408 6.701328e-09
409 4.194579e-09
410 2.568683e-09
411 1.593060e-09
412 1.012982e-09
413 6.603706e-10
414 4.336674e-10
415 2.797293e-10
416 1.732818e-10
417 1.014744e-10
418 5.574197e-11
419 2.873415e-11
420 2.232671e-08
421 1.655059e-08
422 1.157477e-08
423 7.736509e-09
424 4.883573e-09
425 2.982823e-09
426 1.841881e-09
427 1.162476e-09
428 7.534721e-10
429 4.941888e-10
430 3.199805e-10
431 1.997931e-10
432 1.182611e-10
433 6.575263e-11
434 3.429541e-11
435 2.437497e-08
436 1.820406e-08
437 1.279191e-08
438 8.596043e-09
439 5.454467e-09
440 3.327958e-09
441 2.049612e-09
442 1.287494e-09
443 8.315859e-10
444 5.448743e-10
445 3.535469e-10
446 2.217939e-10
447 1.321299e-10
448 7.399390e-11
449 3.886530e-11
450 2.632425e-08
451 1.976582e-08
452 1.393815e-08
453 9.399665e-09
454 5.984622e-09
455 3.649225e-09
456 2.243180e-09
457 1.404567e-09
458 9.049955e-10
459 5.925260e-10
460 3.850242e-10
461 2.423221e-10
462 1.449899e-10
463 8.159220e-11
464 4.305766e-11
465 2.770774e-08
466 2.088216e-08
467 1.476659e-08
468 9.982851e-09
469 6.373764e-09
470 3.884598e-09
471 2.384416e-09
472 1.489686e-09
473 9.579605e-10
474 6.268987e-10
475 4.077905e-10
476 2.572705e-10
477 1.544406e-10
478 8.722293e-11
479 4.618781e-11
480 2.878514e-08
481 2.177125e-08
482 1.542925e-08
483 1.045451e-08
484 6.691678e-09
485 4.075631e-09
486 2.499048e-09
487 1.557946e-09
488 1.000085e-09
489 6.542580e-10
490 4.260259e-10
491 2.693431e-10
492 1.621469e-10
493 9.184970e-11
494 4.878023e-11
495 3.064140e-08
496 2.325572e-08
497 1.652091e-08
498 1.122125e-08
499 7.198360e-09
500 4.382757e-09
501 2.684074e-09
502 1.669818e-09
503 1.070216e-09
504 6.997102e-10
505 4.560442e-10
506 2.889373e-10
507 1.744401e-10
508 9.913115e-11
509 5.280307e-11
510 2.571385e-08
511 1.938713e-08
512 1.371675e-08
513 9.264942e-09
514 5.927926e-09
515 3.620788e-09
516 2.224392e-09
517 1.389214e-09
518 8.923467e-10
519 5.829239e-10
520 3.784821e-10
521 2.384425e-10
522 1.430591e-10
523 8.083756e-11
524 4.287264e-11
525 2.862641e-08
526 2.183652e-08
527 1.557098e-08
528 1.058985e-08
529 6.834447e-09
530 4.182113e-09
531 2.560174e-09
532 1.588674e-09
533 1.014231e-09
534 6.603439e-10
535 4.291907e-10
536 2.717788e-10
537 1.644050e-10
538 9.384038e-11
539 5.030028e-11
540 3.136109e-08
541 2.411672e-08
542 1.729404e-08
543 1.181622e-08
544 7.668815e-09
545 4.700738e-09
546 2.870517e-09
547 1.773810e-09
548 1.127628e-09
549 7.323926e-10
550 4.762809e-10
551 3.026118e-10
552 1.840575e-10
553 1.057624e-10
554 5.708922e-11
555 3.336345e-08
556 2.581097e-08
557 1.858863e-08
558 1.273998e-08
559 8.303780e-09
560 5.095575e-09
561 3.106458e-09
562 1.913684e-09
563 1.212813e-09
564 7.863542e-10
565 5.115538e-10
566 3.258102e-10
567 1.989466e-10
568 1.148649e-10
569 6.231129e-11
570 3.498966e-08
571 2.720962e-08
572 1.966464e-08
573 1.351514e-08
574 8.841705e-09
575 5.430069e-09
576 3.305692e-09
577 2.031525e-09
578 1.283967e-09
579 8.312455e-10
580 5.409349e-10
581 3.452373e-10
582 2.115114e-10
583 1.226094e-10
584 6.678668e-11
585 3.761261e-08
586 2.939671e-08
587 2.132055e-08
588 1.469574e-08
589 9.644891e-09
590 5.929483e-09
591 3.604751e-09
592 2.209525e-09
593 1.392860e-09
594 9.004474e-10
595 5.861754e-10
596 3.748779e-10
597 2.304230e-10
598 1.340948e-10
599 7.333573e-11
600 3.245477e-08
601 2.515551e-08
602 1.814538e-08
603 1.244608e-08
604 8.124784e-09
605 5.002767e-09
606 3.047710e-09
607 1.877255e-09
608 1.187886e-09
609 7.688023e-10
610 4.994014e-10
611 3.178490e-10
612 1.941410e-10
613 1.122390e-10
614 6.102553e-11
615 3.609858e-08
616 2.830141e-08
617 2.059984e-08
618 1.421612e-08
619 9.350902e-09
620 5.789476e-09
621 3.515670e-09
622 2.155520e-09
623 1.355095e-09
624 8.728512e-10
625 5.664155e-10
626 3.616000e-10
627 2.222806e-10
628 1.296293e-10
629 7.117730e-11
630 3.884748e-08
631 3.071669e-08
632 2.250298e-08
633 1.559634e-08
634 1.031584e-08
635 6.411903e-09
636 3.885670e-09
637 2.374958e-09
638 1.486049e-09
639 9.538073e-10
640 6.184355e-10
641 3.956235e-10
642 2.442803e-10
643 1.433241e-10
644 7.923505e-11
645 4.115016e-08
646 3.277261e-08
647 2.413760e-08
648 1.679325e-08
649 1.115737e-08
650 6.956811e-09
651 4.208724e-09
652 2.565960e-09
653 1.599405e-09
654 1.023547e-09
655 6.631609e-10
656 4.249624e-10
657 2.633612e-10
658 1.552846e-10
659 8.631996e-11
660 4.467355e-08
661 3.583230e-08
662 2.652518e-08
663 1.851846e-08
664 1.235488e-08
665 7.727477e-09
666 4.667272e-09
667 2.838514e-09
668 1.762885e-09
669 1.125052e-09
670 7.284479e-10
671 4.675664e-10
672 2.907795e-10
673 1.722551e-10
674 9.625023e-11
675 4.075725e-08
676 3.244709e-08
677 2.391286e-08
678 1.664110e-08
679 1.105057e-08
680 6.908798e-09
681 4.182111e-09
682 2.552286e-09
683 1.590061e-09
684 1.016423e-09
685 6.575536e-10
686 4.207408e-10
687 2.604606e-10
688 1.535110e-10
689 8.537120e-11
690 4.442937e-08
691 3.578421e-08
692 2.663134e-08
693 1.864828e-08
694 1.246877e-08
695 7.853340e-09
696 4.747471e-09
697 2.888267e-09
698 1.787339e-09
699 1.135721e-09
700 7.326673e-10
701 4.693421e-10
702 2.919272e-10
703 1.733386e-10
704 9.727657e-11
705 4.759815e-08
706 3.871121e-08
707 2.903958e-08
708 2.044428e-08
709 1.374505e-08
710 8.708007e-09
711 5.260052e-09
712 3.191667e-09
713 1.964634e-09
714 1.242395e-09
715 7.995317e-10
716 5.126045e-10
717 3.200373e-10
718 1.911545e-10
719 1.080458e-10
720 5.224263e-08
721 4.287990e-08
722 3.241003e-08
723 2.293102e-08
724 1.549179e-08
725 9.869207e-09
726 5.956415e-09
727 3.605901e-09
728 2.208727e-09
729 1.390485e-09
730 8.928735e-10
731 5.728930e-10
732 3.589203e-10
733 2.155396e-10
734 1.226257e-10
735 4.908102e-08
736 4.012685e-08
737 3.025837e-08
738 2.138500e-08
739 1.441638e-08
740 9.179680e-09
741 5.554113e-09
742 3.366516e-09
743 2.065276e-09
744 1.301225e-09
745 8.349661e-10
746 5.347288e-10
747 3.341479e-10
748 2.001240e-10
749 1.135910e-10
750 5.326765e-08
751 4.411514e-08
752 3.365870e-08
753 2.397925e-08
754 1.627399e-08
755 1.045499e-08
756 6.338604e-09
757 3.829165e-09
758 2.333207e-09
759 1.459361e-09
760 9.318523e-10
761 5.962885e-10
762 3.738778e-10
763 2.254381e-10
764 1.291292e-10
765 5.920709e-08
766 4.963238e-08
767 3.826327e-08
768 2.746230e-08
769 1.875049e-08
770 1.214166e-08
771 7.376024e-09
772 4.442715e-09
773 2.690843e-09
774 1.672224e-09
775 1.062937e-09
776 6.796057e-10
777 4.273756e-10
778 2.592357e-10
779 1.496764e-10
780 5.871548e-08
781 4.945485e-08
782 3.834812e-08
783 2.765228e-08
784 1.893288e-08
785 1.231120e-08
786 7.517340e-09
787 4.520100e-09
788 2.732785e-09
789 1.691579e-09
790 1.070932e-09
791 6.828659e-10
792 4.291335e-10
793 2.606587e-10
794 1.509815e-10
795 6.637457e-08
796 5.681847e-08
797 4.474158e-08
798 3.264395e-08
799 2.253841e-08
800 1.481332e-08
801 9.115791e-09
802 5.459405e-09
803 3.280094e-09
804 2.010587e-09
805 1.262106e-09
806 8.014881e-10
807 5.043220e-10
808 3.081892e-10
809 1.802499e-10
810 7.689175e-08
811 6.730094e-08
812 5.425163e-08
813 4.037290e-08
814 2.824734e-08
815 1.883299e-08
816 1.178913e-08
817 7.044268e-09
818 4.207733e-09
819 2.540468e-09
820 1.570137e-09
821 9.866036e-10
822 6.189782e-10
823 3.800412e-10
824 2.247601e-10
825 4.856608e-07
826 3.546383e-07
827 2.628763e-07
828 1.635830e-07
829 9.965243e-08
830 5.903266e-08
831 3.604483e-08
832 2.312191e-08
833 1.560824e-08
834 0.000000e+00
835 0.000000e+00
836 0.000000e+00
837 0.000000e+00
838 0.000000e+00
839 0.000000e+00
840 7.111588e-07
841 5.194127e-07
842 3.853919e-07
843 2.423879e-07
844 1.473258e-07
845 8.716591e-08
846 5.313086e-08
847 3.396401e-08
848 2.286920e-08
849 0.000000e+00
850 0.000000e+00
851 0.000000e+00
852 0.000000e+00
853 0.000000e+00
854 0.000000e+00
855 8.569041e-07
856 6.259222e-07
857 4.645676e-07
858 2.933321e-07
859 1.781326e-07
860 1.053495e-07
861 6.417502e-08
862 4.097254e-08
863 2.756252e-08
864 0.000000e+00
865 0.000000e+00
866 0.000000e+00
867 0.000000e+00
868 0.000000e+00
869 0.000000e+00
870 9.369925e-07
871 6.844596e-07
872 5.080928e-07
873 3.214311e-07
874 1.951129e-07
875 1.153680e-07
876 7.025730e-08
877 4.482796e-08
878 3.014232e-08
879 0.000000e+00
880 0.000000e+00
881 0.000000e+00
882 0.000000e+00
883 0.000000e+00
884 0.000000e+00
885 1.005342e-06
886 7.344130e-07
887 5.452291e-07
888 3.453367e-07
889 2.095688e-07
890 1.238996e-07
891 7.543874e-08
892 4.811525e-08
893 3.234351e-08
894 0.000000e+00
895 0.000000e+00
896 0.000000e+00
897 0.000000e+00
898 0.000000e+00
899 0.000000e+00
900 1.072240e-06
901 7.833015e-07
902 5.815646e-07
903 3.686737e-07
904 2.236875e-07
905 1.322343e-07
906 8.050234e-08
907 5.133066e-08
908 3.449766e-08
909 0.000000e+00
910 0.000000e+00
911 0.000000e+00
912 0.000000e+00
913 0.000000e+00
914 0.000000e+00
915 1.117685e-06
916 8.165135e-07
917 6.062562e-07
918 3.845868e-07
919 2.333062e-07
920 1.379112e-07
921 8.394945e-08
922 5.351709e-08
923 3.596107e-08
924 0.000000e+00
925 0.000000e+00
926 0.000000e+00
927 0.000000e+00
928 0.000000e+00
929 0.000000e+00
930 1.151243e-06
931 8.410441e-07
932 6.245012e-07
933 3.964041e-07
934 2.404424e-07
935 1.421197e-07
936 8.650291e-08
937 5.513403e-08
938 3.704231e-08
939 0.000000e+00
940 0.000000e+00
941 0.000000e+00
942 0.000000e+00
943 0.000000e+00
944 0.000000e+00
945 1.214458e-06
946 8.872354e-07
947 6.588375e-07
948 4.184660e-07
949 2.537869e-07
950 1.499972e-07
951 9.128911e-08
952 5.817264e-08
953 3.907787e-08
954 0.000000e+00
955 0.000000e+00
956 0.000000e+00
957 0.000000e+00
958 0.000000e+00
959 0.000000e+00
960 4.828229e-07
961 3.841910e-07
962 2.786208e-07
963 2.089709e-07
964 1.290837e-07
965 7.904235e-08
966 4.594437e-08
967 2.748015e-08
968 1.722771e-08
969 1.140984e-08
970 0.000000e+00
971 0.000000e+00
972 0.000000e+00
973 0.000000e+00
974 0.000000e+00
975 7.626539e-07
976 6.110768e-07
977 4.435729e-07
978 3.323789e-07
979 2.080255e-07
980 1.268847e-07
981 7.369454e-08
982 4.401591e-08
983 2.749265e-08
984 1.815443e-08
985 0.000000e+00
986 0.000000e+00
987 0.000000e+00
988 0.000000e+00
989 0.000000e+00
990 9.348605e-07
991 7.509678e-07
992 5.453109e-07
993 4.084656e-07
994 2.568754e-07
995 1.564474e-07
996 9.084029e-08
997 5.423167e-08
998 3.382823e-08
999 2.231360e-08
1000 0.000000e+00
1001 0.000000e+00
1002 0.000000e+00
1003 0.000000e+00
1004 0.000000e+00
1005 1.070987e-06
1006 8.614789e-07
1007 6.256752e-07
1008 4.685747e-07
1009 2.954133e-07
1010 1.797788e-07
1011 1.043741e-07
1012 6.229573e-08
1013 3.883108e-08
1014 2.559925e-08
1015 0.000000e+00
1016 0.000000e+00
1017 0.000000e+00
1018 0.000000e+00
1019 0.000000e+00
1020 1.194833e-06
1021 9.619272e-07
1022 6.987156e-07
1023 5.232087e-07
1024 3.303912e-07
1025 2.009661e-07
1026 1.166642e-07
1027 6.962032e-08
1028 4.337707e-08
1029 2.858557e-08
1030 0.000000e+00
1031 0.000000e+00
1032 0.000000e+00
1033 0.000000e+00
1034 0.000000e+00
1035 1.288048e-06
1036 1.037616e-06
1037 7.537608e-07
1038 5.643766e-07
1039 3.568011e-07
1040 2.169517e-07
1041 1.259370e-07
1042 7.514534e-08
1043 4.680394e-08
1044 3.083592e-08
1045 0.000000e+00
1046 0.000000e+00
1047 0.000000e+00
1048 0.000000e+00
1049 0.000000e+00
1050 1.366472e-06
1051 1.101379e-06
1052 8.001322e-07
1053 5.990582e-07
1054 3.791003e-07
1055 2.304397e-07
1056 1.337602e-07
1057 7.980506e-08
1058 4.969298e-08
1059 3.273174e-08
1060 0.000000e+00
1061 0.000000e+00
1062 0.000000e+00
1063 0.000000e+00
1064 0.000000e+00
1065 1.485238e-06
1066 1.197732e-06
1067 8.701950e-07
1068 6.514632e-07
1069 4.126627e-07
1070 2.507665e-07
1071 1.455513e-07
1072 8.683154e-08
1073 5.405392e-08
1074 3.559614e-08
1075 0.000000e+00
1076 0.000000e+00
1077 0.000000e+00
1078 0.000000e+00
1079 0.000000e+00
1080 3.618484e-07
1081 3.290979e-07
1082 2.535250e-07
1083 1.833045e-07
1084 1.373815e-07
1085 7.939128e-08
1086 4.866438e-08
1087 2.805665e-08
1088 1.659046e-08
1089 1.032147e-08
1090 0.000000e+00
1091 0.000000e+00
1092 0.000000e+00
1093 0.000000e+00
1094 0.000000e+00
1095 5.946469e-07
1096 5.431061e-07
1097 4.200145e-07
1098 3.034993e-07
1099 2.277807e-07
1100 1.323278e-07
1101 8.132123e-08
1102 4.677716e-08
1103 2.756605e-08
1104 1.711242e-08
1105 0.000000e+00
1106 0.000000e+00
1107 0.000000e+00
1108 0.000000e+00
1109 0.000000e+00
1110 7.758552e-07
1111 7.097615e-07
1112 5.497285e-07
1113 3.971390e-07
1114 2.982132e-07
1115 1.736061e-07
1116 1.067881e-07
1117 6.137382e-08
1118 3.612033e-08
1119 2.240402e-08
1120 0.000000e+00
1121 0.000000e+00
1122 0.000000e+00
1123 0.000000e+00
1124 0.000000e+00
1125 9.341487e-07
1126 8.553072e-07
1127 6.629843e-07
1128 4.789036e-07
1129 3.597063e-07
1130 2.096341e-07
1131 1.290128e-07
1132 7.411378e-08
1133 4.358787e-08
1134 2.702395e-08
1135 0.000000e+00
1136 0.000000e+00
1137 0.000000e+00
1138 0.000000e+00
1139 0.000000e+00
1140 1.060095e-06
1141 9.711550e-07
1142 7.531593e-07
1143 5.440004e-07
1144 4.086713e-07
1145 2.383338e-07
1146 1.467206e-07
1147 8.426261e-08
1148 4.953510e-08
1149 3.070266e-08
1150 0.000000e+00
1151 0.000000e+00
1152 0.000000e+00
1153 0.000000e+00
1154 0.000000e+00
1155 1.172579e-06
1156 1.074649e-06
1157 8.337455e-07
1158 6.021738e-07
1159 4.524329e-07
1160 2.639956e-07
1161 1.625558e-07
1162 9.333745e-08
1163 5.485156e-08
1164 3.399044e-08
1165 0.000000e+00
1166 0.000000e+00
1167 0.000000e+00
1168 0.000000e+00
1169 0.000000e+00
1170 1.325690e-06
1171 1.215434e-06
1172 9.433020e-07
1173 6.812649e-07
1174 5.119190e-07
1175 2.988491e-07
1176 1.840561e-07
1177 1.056617e-07
1178 6.207532e-08
1179 3.845957e-08
1180 0.000000e+00
1181 0.000000e+00
1182 0.000000e+00
1183 0.000000e+00
1184 0.000000e+00
1185 1.292150e-07
1186 1.276330e-07
1187 1.074178e-07
1188 7.848427e-08
1189 5.827912e-08
1190 3.968144e-08
1191 2.338732e-08
1192 1.332757e-08
1193 7.707325e-09
1194 4.552122e-09
1195 2.850056e-09
1196 0.000000e+00
1197 0.000000e+00
1198 0.000000e+00
1199 0.000000e+00
1200 2.258527e-07
1201 2.236781e-07
1202 1.889083e-07
1203 1.382513e-07
1204 1.025018e-07
1205 7.024904e-08
1206 4.121155e-08
1207 2.351590e-08
1208 1.361646e-08
1209 8.028828e-09
1210 5.017187e-09
1211 0.000000e+00
1212 0.000000e+00
1213 0.000000e+00
1214 0.000000e+00
1215 3.102694e-07
1216 3.076071e-07
1217 2.601532e-07
1218 1.905168e-07
1219 1.411661e-07
1220 9.699691e-08
1221 5.679922e-08
1222 3.242824e-08
1223 1.878584e-08
1224 1.106977e-08
1225 6.912182e-09
1226 0.000000e+00
1227 0.000000e+00
1228 0.000000e+00
1229 0.000000e+00
1230 3.795945e-07
1231 3.765439e-07
1232 3.186822e-07
1233 2.334579e-07
1234 1.729298e-07
1235 1.189778e-07
1236 6.960623e-08
1237 3.975113e-08
1238 2.303339e-08
1239 1.356833e-08
1240 8.469034e-09
1241 0.000000e+00
1242 0.000000e+00
1243 0.000000e+00
1244 0.000000e+00
1245 4.434637e-07
1246 4.400633e-07
1247 3.726208e-07
1248 2.730339e-07
1249 2.022018e-07
1250 1.392425e-07
1251 8.140978e-08
1252 4.650094e-08
1253 2.694876e-08
1254 1.587124e-08
1255 9.903864e-09
1256 0.000000e+00
1257 0.000000e+00
1258 0.000000e+00
1259 0.000000e+00
1260 5.255309e-07
1261 5.216552e-07
1262 4.418844e-07
1263 3.238480e-07
1264 2.397911e-07
1265 1.652485e-07
1266 9.656457e-08
1267 5.516577e-08
1268 3.197468e-08
1269 1.882782e-08
1270 1.174618e-08
1271 0.000000e+00
1272 0.000000e+00
1273 0.000000e+00
1274 0.000000e+00
1275 9.732981e-08
1276 1.014045e-07
1277 9.184417e-08
1278 7.030755e-08
1279 5.080369e-08
1280 3.807869e-08
1281 2.152365e-08
1282 1.301147e-08
1283 7.346583e-09
1284 4.241332e-09
1285 2.537675e-09
1286 0.000000e+00
1287 0.000000e+00
1288 0.000000e+00
1289 0.000000e+00
1290 1.799955e-07
1291 1.878907e-07
1292 1.706607e-07
1293 1.309741e-07
1294 9.458638e-08
1295 7.099420e-08
1296 4.023714e-08
1297 2.439725e-08
1298 1.374694e-08
1299 7.918387e-09
1300 4.729203e-09
1301 0.000000e+00
1302 0.000000e+00
1303 0.000000e+00
1304 0.000000e+00
1305 2.509324e-07
1306 2.621357e-07
1307 2.383632e-07
1308 1.831105e-07
1309 1.322091e-07
1310 9.928526e-08
1311 5.633220e-08
1312 3.419543e-08
1313 1.925287e-08
1314 1.107982e-08
1315 6.612795e-09
1316 0.000000e+00
1317 0.000000e+00
1318 0.000000e+00
1319 0.000000e+00
1320 3.176029e-07
1321 3.319213e-07
1322 3.020026e-07
1323 2.321239e-07
1324 1.675777e-07
1325 1.258827e-07
1326 7.146631e-08
1327 4.340925e-08
1328 2.443016e-08
1329 1.405221e-08
1330 8.383592e-09
1331 0.000000e+00
1332 0.000000e+00
1333 0.000000e+00
1334 0.000000e+00
1335 4.000885e-07
1336 4.182478e-07
1337 3.807151e-07
1338 2.927374e-07
1339 2.113189e-07
1340 1.587733e-07
1341 9.017609e-08
1342 5.479780e-08
1343 3.083024e-08
1344 1.772752e-08
1345 1.057343e-08
1346 0.000000e+00
1347 0.000000e+00
1348 0.000000e+00
1349 0.000000e+00
1350 8.911473e-08
1351 9.646086e-08
1352 9.250067e-08
1353 7.495731e-08
1354 5.406947e-08
1355 4.075954e-08
1356 2.546365e-08
1357 1.561140e-08
1358 8.666643e-09
1359 4.771998e-09
1360 2.757962e-09
1361 1.677187e-09
1362 0.000000e+00
1363 0.000000e+00
1364 0.000000e+00
1365 1.661150e-07
1366 1.800694e-07
1367 1.730591e-07
1368 1.406025e-07
1369 1.014794e-07
1370 7.643385e-08
1371 4.803670e-08
1372 2.937539e-08
1373 1.631055e-08
1374 8.984415e-09
1375 5.182057e-09
1376 3.145265e-09
1377 0.000000e+00
1378 0.000000e+00
1379 0.000000e+00
1380 2.409092e-07
1381 2.613004e-07
1382 2.513544e-07
1383 2.044326e-07
1384 1.475837e-07
1385 1.111202e-07
1386 7.000588e-08
1387 4.276486e-08
1388 2.374677e-08
1389 1.308301e-08
1390 7.539828e-09
1391 4.572702e-09
1392 0.000000e+00
1393 0.000000e+00
1394 0.000000e+00
1395 3.309241e-07
1396 3.590577e-07
1397 3.455695e-07
1398 2.812293e-07
1399 2.030515e-07
1400 1.528537e-07
1401 9.642946e-08
1402 5.887128e-08
1403 3.269181e-08
1404 1.801316e-08
1405 1.037626e-08
1406 6.290149e-09
1407 0.000000e+00
1408 0.000000e+00
1409 0.000000e+00
1410 6.824681e-08
1411 7.616653e-08
1412 7.651412e-08
1413 6.571722e-08
1414 4.843261e-08
1415 3.566951e-08
1416 2.512914e-08
1417 1.433577e-08
1418 8.070399e-09
1419 4.566836e-09
1420 2.540282e-09
1421 1.481566e-09
1422 0.000000e+00
1423 0.000000e+00
1424 0.000000e+00
1425 1.352957e-07
1426 1.511915e-07
1427 1.521789e-07
1428 1.310587e-07
1429 9.673862e-08
1430 7.116298e-08
1431 5.035439e-08
1432 2.863851e-08
1433 1.615379e-08
1434 9.140226e-09
1435 5.081602e-09
1436 2.958387e-09
1437 0.000000e+00
1438 0.000000e+00
1439 0.000000e+00
1440 2.152453e-07
1441 2.406574e-07
1442 2.424191e-07
1443 2.089984e-07
1444 1.543639e-07
1445 1.135010e-07
1446 8.045083e-08
1447 4.570115e-08
1448 2.579821e-08
1449 1.459648e-08
1450 8.113504e-09
1451 4.720107e-09
1452 0.000000e+00
1453 0.000000e+00
1454 0.000000e+00
1455 4.150484e-08
1456 4.756618e-08
1457 4.972288e-08
1458 4.518270e-08
1459 3.465041e-08
1460 2.502260e-08
1461 1.879647e-08
1462 1.053796e-08
1463 6.304607e-09
1464 3.453665e-09
1465 1.903748e-09
1466 1.062884e-09
1467 0.000000e+00
1468 0.000000e+00
1469 0.000000e+00
1470 9.155923e-08
1471 1.050537e-07
1472 1.100102e-07
1473 1.002266e-07
1474 7.704357e-08
1475 5.560802e-08
1476 4.182417e-08
1477 2.351188e-08
1478 1.411098e-08
1479 7.716688e-09
1480 4.244570e-09
1481 2.365381e-09
1482 0.000000e+00
1483 0.000000e+00
1484 0.000000e+00
1485 5.499337e-08
1486 6.462359e-08
1487 7.007467e-08
1488 6.728058e-08
1489 5.455579e-08
1490 3.936085e-08
1491 2.969129e-08
1492 1.846755e-08
1493 1.123722e-08
1494 6.097891e-09
1495 3.211718e-09
1496 1.732631e-09
1497 9.647484e-10
1498 0.000000e+00
1499 0.000000e+00
1500 9.962820e-05
1501 7.259866e-05
1502 5.417315e-05
1503 3.414396e-05
1504 2.082901e-05
1505 1.228288e-05
1506 7.469755e-06
1507 4.760241e-06
1508 3.200216e-06
1509 0.000000e+00
1510 0.000000e+00
1511 0.000000e+00
1512 0.000000e+00
1513 0.000000e+00
1514 0.000000e+00
1515 1.233061e-04
1516 9.937806e-05
1517 7.209124e-05
1518 5.408935e-05
1519 3.413508e-05
1520 2.084268e-05
1521 1.207138e-05
1522 7.192154e-06
1523 4.477709e-06
1524 2.950034e-06
1525 0.000000e+00
1526 0.000000e+00
1527 0.000000e+00
1528 0.000000e+00
1529 0.000000e+00
1530 1.344463e-04
1531 1.233096e-04
1532 9.566509e-05
1533 6.904356e-05
1534 5.197443e-05
1535 3.022517e-05
1536 1.865779e-05
1537 1.069861e-05
1538 6.291808e-06
1539 3.897946e-06
1540 0.000000e+00
1541 0.000000e+00
1542 0.000000e+00
1543 0.000000e+00
1544 0.000000e+00
1545 2.890545e-05
1546 2.870281e-05
1547 2.431798e-05
1548 1.781512e-05
1549 1.319076e-05
1550 9.099448e-06
1551 5.314757e-06
1552 3.032877e-06
1553 1.760501e-06
1554 1.035610e-06
1555 6.460708e-07
1556 0.000000e+00
1557 0.000000e+00
1558 0.000000e+00
1559 0.000000e+00
1560 2.270780e-05
1561 2.374568e-05
1562 2.162192e-05
1563 1.662466e-05
1564 1.199692e-05
1565 9.022698e-06
1566 5.114929e-06
1567 3.110889e-06
1568 1.748713e-06
1569 1.006939e-06
1570 6.002785e-07
1571 0.000000e+00
1572 0.000000e+00
1573 0.000000e+00
1574 0.000000e+00
1575 2.161210e-05
1576 2.345529e-05
1577 2.258194e-05
1578 1.838111e-05
1579 1.326852e-05
1580 9.990241e-06
1581 6.303600e-06
1582 3.852410e-06
1583 2.139175e-06
1584 1.176613e-06
1585 6.779445e-07
1586 4.109755e-07
1587 0.000000e+00
1588 0.000000e+00
1589 0.000000e+00
1590 1.320626e-05
1591 1.476904e-05
1592 1.488248e-05
1593 1.283538e-05
1594 9.480000e-06
1595 6.969155e-06
1596 4.944955e-06
1597 2.806191e-06
1598 1.583256e-06
1599 8.969790e-07
1600 4.982208e-07
1601 2.898185e-07
1602 0.000000e+00
1603 0.000000e+00
1604 0.000000e+00
1605 3.899335e-06
1606 4.475402e-06
1607 4.688578e-06
1608 4.274052e-06
1609 3.286535e-06
1610 2.371532e-06
1611 1.784983e-06
1612 1.002820e-06
1613 6.024123e-07
1614 3.291600e-07
1615 1.811704e-07
1616 1.008917e-07
1617 0.000000e+00
1618 0.000000e+00
1619 0.000000e+00
1620 3.187627e-06
1621 3.748389e-06
1622 4.068512e-06
1623 3.911975e-06
1624 3.177144e-06
1625 2.292658e-06
1626 1.728844e-06
1627 1.079126e-06
1628 6.562079e-07
1629 3.561760e-07
1630 1.874355e-07
1631 1.010238e-07
1632 5.617194e-08
1633 0.000000e+00
1634 0.000000e+00
1635 4.315862e-07
1636 5.204082e-07
1637 5.853304e-07
1638 5.941445e-07
1639 5.173718e-07
1640 3.846795e-07
1641 2.820060e-07
1642 2.020828e-07
1643 1.135990e-07
1644 6.369475e-08
1645 3.472278e-08
1646 1.807965e-08
1647 9.494837e-09
1648 0.000000e+00
1649 0.000000e+00
