0 2.139512e-09
1 1.386734e-09
2 8.712435e-10
3 5.495888e-10
4 3.540003e-10
5 2.333363e-10
6 1.552101e-10
7 1.017966e-10
8 6.432338e-11
9 3.847709e-11
10 2.159674e-11
11 1.136012e-11
12 5.641941e-12
13 2.676648e-12
14 1.227969e-12
15 3.652448e-09
16 2.422590e-09
17 1.536070e-09
18 9.578249e-10
19 6.066878e-10
20 3.937677e-10
21 2.608297e-10
22 1.729370e-10
23 1.119238e-10
24 6.920625e-11
25 4.028158e-11
26 2.194652e-11
27 1.122728e-11
28 5.446087e-12
29 2.536567e-12
30 4.188633e-09
31 2.797077e-09
32 1.782437e-09
33 1.109760e-09
34 6.999803e-10
35 4.519135e-10
36 2.985275e-10
37 1.981638e-10
38 1.289041e-10
39 8.034626e-11
40 4.723225e-11
41 2.599757e-11
42 1.342244e-11
43 6.557857e-12
44 3.069786e-12
45 4.430733e-09
46 2.967155e-09
47 1.894942e-09
48 1.178887e-09
49 7.423008e-10
50 4.782021e-10
51 3.155129e-10
52 2.095058e-10
53 1.365924e-10
54 8.542232e-11
55 5.041419e-11
56 2.786653e-11
57 1.443710e-11
58 7.073933e-12
59 3.318045e-12
60 4.612044e-09
61 3.094189e-09
62 1.978689e-09
63 1.230386e-09
64 7.738898e-10
65 4.978910e-10
66 3.282709e-10
67 2.180361e-10
68 1.423288e-10
69 8.921108e-11
70 5.279980e-11
71 2.925747e-11
72 1.519618e-11
73 7.458776e-12
74 3.502886e-12
75 4.782767e-09
76 3.212481e-09
77 2.056283e-09
78 1.278339e-09
79 8.034267e-10
80 5.164720e-10
81 3.403336e-10
82 2.260814e-10
83 1.477406e-10
84 9.273668e-11
85 5.496278e-11
86 3.051374e-11
87 1.586940e-11
88 7.798014e-12
89 3.665103e-12
90 4.873488e-09
91 3.276557e-09
92 2.098639e-09
93 1.304574e-09
94 8.194313e-10
95 5.263158e-10
96 3.467136e-10
97 2.303739e-10
98 1.506384e-10
99 9.465935e-11
100 5.618905e-11
101 3.123070e-11
102 1.626206e-11
103 7.997691e-12
104 3.761133e-12
105 5.012038e-09
106 3.371992e-09
107 2.161366e-09
108 1.343195e-09
109 8.432299e-10
110 5.413084e-10
111 3.564522e-10
112 2.368761e-10
113 1.549299e-10
114 9.744029e-11
115 5.789483e-11
116 3.222962e-11
117 1.679996e-11
118 8.268336e-12
119 3.894598e-12
120 5.070116e-09
121 3.413700e-09
122 2.189269e-09
123 1.360231e-09
124 8.535498e-10
125 5.476038e-10
126 3.604702e-10
127 2.395911e-10
128 1.568405e-10
129 9.873136e-11
130 5.873032e-11
131 3.271133e-11
132 1.706485e-11
133 8.404190e-12
134 3.956249e-12
135 5.212928e-09
136 3.512357e-09
137 2.254530e-09
138 1.400577e-09
139 8.784072e-10
140 5.632438e-10
141 3.706383e-10
142 2.463505e-10
143 1.613837e-10
144 1.017032e-10
145 6.055970e-11
146 3.377006e-11
147 1.763380e-11
148 8.689533e-12
149 4.092707e-12
150 7.795693e-09
151 5.358853e-09
152 3.512921e-09
153 2.191266e-09
154 1.359803e-09
155 8.582176e-10
156 5.573495e-10
157 3.691557e-10
158 2.440258e-10
159 1.569071e-10
160 9.603850e-11
161 5.520531e-11
162 2.967489e-11
163 1.498452e-11
164 7.184738e-12
165 9.926923e-09
166 6.911836e-09
167 4.598650e-09
168 2.897818e-09
169 1.788164e-09
170 1.118886e-09
171 7.186103e-10
172 4.729069e-10
173 3.131879e-10
174 2.033755e-10
175 1.265100e-10
176 7.417758e-11
177 4.069804e-11
178 2.092893e-11
179 1.017960e-11
180 1.098716e-08
181 7.690672e-09
182 5.146707e-09
183 3.257870e-09
184 2.006858e-09
185 1.251983e-09
186 8.002474e-10
187 5.251637e-10
188 3.478892e-10
189 2.267314e-10
190 1.419115e-10
191 8.384059e-11
192 4.636579e-11
193 2.401589e-11
194 1.174767e-11
195 1.177146e-08
196 8.266614e-09
197 5.550650e-09
198 3.523716e-09
199 2.168498e-09
200 1.350165e-09
201 8.605402e-10
202 5.638694e-10
203 3.736098e-10
204 2.440003e-10
205 1.532761e-10
206 9.097162e-11
207 5.054643e-11
208 2.629174e-11
209 1.290410e-11
210 1.243442e-08
211 8.749920e-09
212 5.887499e-09
213 3.743699e-09
214 2.302452e-09
215 1.432075e-09
216 9.111237e-10
217 5.962438e-10
218 3.951004e-10
219 2.584332e-10
220 1.626810e-10
221 9.682520e-11
222 5.395174e-11
223 2.812947e-11
224 1.383602e-11
225 1.284764e-08
226 9.053731e-09
227 6.101282e-09
228 3.884840e-09
229 2.388474e-09
230 1.484087e-09
231 9.429221e-10
232 6.166692e-10
233 4.086516e-10
234 2.675184e-10
235 1.687105e-10
236 1.006070e-10
237 5.617372e-11
238 2.934621e-11
239 1.445646e-11
240 1.336392e-08
241 9.429360e-09
242 6.363246e-09
243 4.055995e-09
244 2.492814e-09
245 1.547773e-09
246 9.824376e-10
247 6.419621e-10
248 4.254893e-10
249 2.787716e-10
250 1.760503e-10
251 1.051649e-10
252 5.882043e-11
253 3.077548e-11
254 1.517352e-11
255 1.365895e-08
256 9.647998e-09
257 6.518539e-09
258 4.158823e-09
259 2.554864e-09
260 1.585194e-09
261 1.005240e-09
262 6.565384e-10
263 4.352089e-10
264 2.853375e-10
265 1.804157e-10
266 1.079309e-10
267 6.045770e-11
268 3.167401e-11
269 1.563380e-11
270 1.421747e-08
271 1.005489e-08
272 6.802048e-09
273 4.343873e-09
274 2.667556e-09
275 1.654211e-09
276 1.048017e-09
277 6.840163e-10
278 4.533658e-10
279 2.974875e-10
280 1.883719e-10
281 1.128788e-10
282 6.332819e-11
283 3.322739e-11
284 1.641786e-11
285 1.379472e-08
286 9.811390e-09
287 6.662498e-09
288 4.298091e-09
289 2.648125e-09
290 1.640269e-09
291 1.034257e-09
292 6.710294e-10
293 4.427132e-10
294 2.901767e-10
295 1.842286e-10
296 1.110979e-10
297 6.290567e-11
298 3.334461e-11
299 1.663433e-11
300 1.603903e-08
301 1.153414e-08
302 7.901701e-09
303 5.154191e-09
304 3.187135e-09
305 1.964517e-09
306 1.229301e-09
307 7.915892e-10
308 5.204518e-10
309 3.418678e-10
310 2.187148e-10
311 1.334416e-10
312 7.661255e-11
313 4.118928e-11
314 2.080603e-11
315 1.771883e-08
316 1.282946e-08
317 8.834860e-09
318 5.800643e-09
319 3.596744e-09
320 2.210494e-09
321 1.377601e-09
322 8.830919e-10
323 5.792371e-10
324 3.808361e-10
325 2.446799e-10
326 1.502732e-10
327 8.695839e-11
328 4.712657e-11
329 2.397431e-11
330 1.906686e-08
331 1.386069e-08
332 9.571605e-09
333 6.307778e-09
334 3.917584e-09
335 2.403787e-09
336 1.494496e-09
337 9.555221e-10
338 6.258713e-10
339 4.117569e-10
340 2.651977e-10
341 1.634918e-10
342 9.503258e-11
343 5.173497e-11
344 2.642274e-11
345 1.997467e-08
346 1.456267e-08
347 1.007923e-08
348 6.659159e-09
349 4.140287e-09
350 2.537483e-09
351 1.574734e-09
352 1.005033e-09
353 6.576347e-10
354 4.328444e-10
355 2.792843e-10
356 1.726436e-10
357 1.006696e-10
358 5.497706e-11
359 2.815709e-11
360 2.101326e-08
361 1.535644e-08
362 1.064750e-08
363 7.048356e-09
364 4.386145e-09
365 2.686043e-09
366 1.664405e-09
367 1.060682e-09
368 6.935022e-10
369 4.566308e-10
370 2.950307e-10
371 1.827720e-10
372 1.068441e-10
373 5.849459e-11
374 3.002225e-11
375 2.168396e-08
376 1.587756e-08
377 1.102496e-08
378 7.311502e-09
379 4.553095e-09
380 2.786143e-09
381 1.724568e-09
382 1.097553e-09
383 7.171705e-10
384 4.723554e-10
385 3.055584e-10
386 1.896469e-10
387 1.110982e-10
388 6.095018e-11
389 3.133904e-11
390 2.282032e-08
391 1.674747e-08
392 1.164757e-08
393 7.739978e-09
394 4.824048e-09
395 2.949870e-09
396 1.823487e-09
397 1.158919e-09
398 7.565546e-10
399 4.985030e-10
400 3.229193e-10
401 2.008269e-10
402 1.179265e-10
403 6.484028e-11
404 3.340541e-11
405 1.938686e-08
406 1.418931e-08
407 9.838545e-09
408 6.516632e-09
409 4.074496e-09
410 2.496025e-09
411 1.548516e-09
412 9.853505e-10
413 6.427447e-10
414 4.221576e-10
415 2.722545e-10
416 1.685421e-10
417 9.860137e-11
418 5.410348e-11
419 2.785770e-11
420 2.206093e-08
421 1.634233e-08
422 1.142351e-08
423 7.632502e-09
424 4.814782e-09
425 2.940649e-09
426 1.816097e-09
427 1.146655e-09
428 7.435497e-10
429 4.877815e-10
430 3.158285e-10
431 1.971482e-10
432 1.166372e-10
433 6.480483e-11
434 3.377440e-11
435 2.415557e-08
436 1.802320e-08
437 1.265445e-08
438 8.498500e-09
439 5.386999e-09
440 3.285510e-09
441 2.024446e-09
442 1.272427e-09
443 8.224712e-10
444 5.390926e-10
445 3.497965e-10
446 2.193486e-10
447 1.305711e-10
448 7.304332e-11
449 3.831884e-11
450 2.563543e-08
451 1.921624e-08
452 1.353877e-08
453 9.122712e-09
454 5.801300e-09
455 3.535581e-09
456 2.174361e-09
457 1.362750e-09
458 8.786032e-10
459 5.756252e-10
460 3.740559e-10
461 2.352995e-10
462 1.406559e-10
463 7.904829e-11
464 4.165226e-11
465 2.724028e-08
466 2.050076e-08
467 1.447856e-08
468 9.780214e-09
469 6.236204e-09
470 3.798312e-09
471 2.332427e-09
472 1.458466e-09
473 9.387575e-10
474 6.147363e-10
475 3.999173e-10
476 2.521811e-10
477 1.512362e-10
478 8.529471e-11
479 4.509331e-11
480 2.834958e-08
481 2.140258e-08
482 1.514875e-08
483 1.025453e-08
484 6.553631e-09
485 3.988961e-09
486 2.447038e-09
487 1.526917e-09
488 9.814030e-10
489 6.424498e-10
490 4.183453e-10
491 2.643337e-10
492 1.589458e-10
493 8.990111e-11
494 4.765547e-11
495 3.012482e-08
496 2.282227e-08
497 1.619083e-08
498 1.098683e-08
499 7.037051e-09
500 4.280732e-09
501 2.622868e-09
502 1.633321e-09
503 1.048026e-09
504 6.857729e-10
505 4.470438e-10
506 2.830902e-10
507 1.707178e-10
508 9.686046e-11
509 5.149587e-11
510 2.584087e-08
511 1.949272e-08
512 1.379333e-08
513 9.318941e-09
514 5.964337e-09
515 3.642685e-09
516 2.237600e-09
517 1.397121e-09
518 8.972249e-10
519 5.860544e-10
520 3.805687e-10
521 2.398242e-10
522 1.439394e-10
523 8.136442e-11
524 4.316595e-11
525 2.888372e-08
526 2.203654e-08
527 1.571580e-08
528 1.068769e-08
529 6.898871e-09
530 4.220559e-09
531 2.583964e-09
532 1.603009e-09
533 1.023395e-09
534 6.662945e-10
535 4.331104e-10
536 2.743084e-10
537 1.659676e-10
538 9.474826e-11
539 5.079172e-11
540 3.109669e-08
541 2.391075e-08
542 1.714364e-08
543 1.171186e-08
544 7.601683e-09
545 4.657567e-09
546 2.844248e-09
547 1.757388e-09
548 1.117212e-09
549 7.258357e-10
550 4.720981e-10
551 2.999924e-10
552 1.824750e-10
553 1.048485e-10
554 5.658693e-11
555 3.341820e-08
556 2.584931e-08
557 1.860986e-08
558 1.275348e-08
559 8.312593e-09
560 5.097585e-09
561 3.107937e-09
562 1.914587e-09
563 1.213468e-09
564 7.870028e-10
565 5.121114e-10
566 3.262253e-10
567 1.992149e-10
568 1.150109e-10
569 6.237531e-11
570 3.511237e-08
571 2.729359e-08
572 1.971557e-08
573 1.354690e-08
574 8.859886e-09
575 5.437668e-09
576 3.310582e-09
577 2.034316e-09
578 1.286228e-09
579 8.330477e-10
580 5.422649e-10
581 3.461259e-10
582 2.120399e-10
583 1.228821e-10
584 6.690382e-11
585 3.770344e-08
586 2.945843e-08
587 2.135495e-08
588 1.471403e-08
589 9.655638e-09
590 5.930958e-09
591 3.605562e-09
592 2.209927e-09
593 1.393642e-09
594 9.013123e-10
595 5.869830e-10
596 3.754713e-10
597 2.307885e-10
598 1.342781e-10
599 7.340284e-11
600 3.287994e-08
601 2.548098e-08
602 1.838367e-08
603 1.260742e-08
604 8.230028e-09
605 5.066269e-09
606 3.086867e-09
607 1.901035e-09
608 1.202985e-09
609 7.786399e-10
610 5.058387e-10
611 3.219745e-10
612 1.966753e-10
613 1.137076e-10
614 6.182191e-11
615 3.592914e-08
616 2.816022e-08
617 2.048967e-08
618 1.413740e-08
619 9.298566e-09
620 5.754382e-09
621 3.494501e-09
622 2.142533e-09
623 1.347200e-09
624 8.680057e-10
625 5.633654e-10
626 3.596750e-10
627 2.210861e-10
628 1.289110e-10
629 7.076323e-11
630 3.905632e-08
631 3.087069e-08
632 2.260468e-08
633 1.566294e-08
634 1.035834e-08
635 6.434263e-09
636 3.898629e-09
637 2.382771e-09
638 1.491573e-09
639 9.577120e-10
640 6.211204e-10
641 3.974053e-10
642 2.453789e-10
643 1.439413e-10
644 7.954718e-11
645 4.142044e-08
646 3.296219e-08
647 2.425706e-08
648 1.686407e-08
649 1.120087e-08
650 6.978001e-09
651 4.220426e-09
652 2.573440e-09
653 1.605044e-09
654 1.027828e-09
655 6.662265e-10
656 4.269901e-10
657 2.645747e-10
658 1.559299e-10
659 8.661744e-11
660 4.492154e-08
661 3.599836e-08
662 2.663020e-08
663 1.857974e-08
664 1.239136e-08
665 7.742859e-09
666 4.674809e-09
667 2.843251e-09
668 1.766902e-09
669 1.128386e-09
670 7.310123e-10
671 4.693389e-10
672 2.918676e-10
673 1.728346e-10
674 9.650774e-11
675 3.985925e-08
676 3.171667e-08
677 2.336452e-08
678 1.625291e-08
679 1.079120e-08
680 6.743198e-09
681 4.081785e-09
682 2.491344e-09
683 1.552536e-09
684 9.927692e-10
685 6.423826e-10
686 4.110325e-10
687 2.544167e-10
688 1.499064e-10
689 8.333693e-11
690 4.390519e-08
691 3.533976e-08
692 2.628927e-08
693 1.840108e-08
694 1.230091e-08
695 7.743520e-09
696 4.679840e-09
697 2.847364e-09
698 1.762698e-09
699 1.120471e-09
700 7.230409e-10
701 4.632390e-10
702 2.881178e-10
703 1.710379e-10
704 9.594872e-11
705 4.705206e-08
706 3.822590e-08
707 2.864394e-08
708 2.014979e-08
709 1.353776e-08
710 8.569327e-09
711 5.172782e-09
712 3.139785e-09
713 1.934129e-09
714 1.223912e-09
715 7.881764e-10
716 5.054462e-10
717 3.155163e-10
718 1.883549e-10
719 1.063747e-10
720 5.159181e-08
721 4.230951e-08
722 3.193186e-08
723 2.257390e-08
724 1.524123e-08
725 9.700445e-09
726 5.848937e-09
727 3.542270e-09
728 2.171124e-09
729 1.367912e-09
730 8.790634e-10
731 5.642759e-10
732 3.535195e-10
733 2.122072e-10
734 1.206303e-10
735 4.905218e-08
736 4.009236e-08
737 3.022932e-08
738 2.136140e-08
739 1.439952e-08
740 9.167317e-09
741 5.545650e-09
742 3.361367e-09
743 2.062347e-09
744 1.299507e-09
745 8.339898e-10
746 5.341567e-10
747 3.338062e-10
748 1.999153e-10
749 1.134633e-10
750 5.324734e-08
751 4.406595e-08
752 3.359566e-08
753 2.391857e-08
754 1.622587e-08
755 1.041857e-08
756 6.313131e-09
757 3.814515e-09
758 2.325177e-09
759 1.455062e-09
760 9.295489e-10
761 5.949598e-10
762 3.730325e-10
763 2.248655e-10
764 1.287378e-10
765 5.915315e-08
766 4.956097e-08
767 3.817981e-08
768 2.738127e-08
769 1.868831e-08
770 1.209588e-08
771 7.341351e-09
772 4.423216e-09
773 2.679324e-09
774 1.666013e-09
775 1.059609e-09
776 6.777756e-10
777 4.263011e-10
778 2.585595e-10
779 1.492330e-10
780 5.867752e-08
781 4.934981e-08
782 3.821309e-08
783 2.752321e-08
784 1.882970e-08
785 1.223223e-08
786 7.462901e-09
787 4.488720e-09
788 2.715411e-09
789 1.682420e-09
790 1.066018e-09
791 6.800302e-10
792 4.273237e-10
793 2.594264e-10
794 1.501366e-10
795 6.629504e-08
796 5.667433e-08
797 4.457253e-08
798 3.248208e-08
799 2.240787e-08
800 1.471474e-08
801 9.044780e-09
802 5.417737e-09
803 3.256121e-09
804 1.997747e-09
805 1.255294e-09
806 7.976984e-10
807 5.020509e-10
808 3.067269e-10
809 1.792790e-10
810 7.691906e-08
811 6.729469e-08
812 5.421980e-08
813 4.033009e-08
814 2.820754e-08
815 1.880087e-08
816 1.176414e-08
817 7.028258e-09
818 4.198731e-09
819 2.535850e-09
820 1.567858e-09
821 9.854925e-10
822 6.183878e-10
823 3.796794e-10
824 2.245120e-10
825 1.141078e-06
826 8.333931e-07
827 6.171398e-07
828 3.833663e-07
829 2.336079e-07
830 1.384233e-07
831 8.455934e-08
832 5.429116e-08
833 3.667070e-08
834 0.000000e+00
835 0.000000e+00
836 0.000000e+00
837 0.000000e+00
838 0.000000e+00
839 0.000000e+00
840 1.757526e-06
841 1.283874e-06
842 9.519494e-07
843 5.985881e-07
844 3.638329e-07
845 2.152844e-07
846 1.312426e-07
847 8.392554e-08
848 5.652026e-08
849 0.000000e+00
850 0.000000e+00
851 0.000000e+00
852 0.000000e+00
853 0.000000e+00
854 0.000000e+00
855 2.060158e-06
856 1.505078e-06
857 1.116342e-06
858 7.044972e-07
859 4.278683e-07
860 2.530755e-07
861 1.541909e-07
862 9.848454e-08
863 6.626742e-08
864 0.000000e+00
865 0.000000e+00
866 0.000000e+00
867 0.000000e+00
868 0.000000e+00
869 0.000000e+00
870 2.282187e-06
871 1.667363e-06
872 1.236953e-06
873 7.821830e-07
874 4.748347e-07
875 2.807981e-07
876 1.710245e-07
877 1.091652e-07
878 7.341838e-08
879 0.000000e+00
880 0.000000e+00
881 0.000000e+00
882 0.000000e+00
883 0.000000e+00
884 0.000000e+00
885 2.459373e-06
886 1.796881e-06
887 1.333181e-06
888 8.440204e-07
889 5.122439e-07
890 3.028830e-07
891 1.844406e-07
892 1.176823e-07
893 7.912467e-08
894 0.000000e+00
895 0.000000e+00
896 0.000000e+00
897 0.000000e+00
898 0.000000e+00
899 0.000000e+00
900 2.579202e-06
901 1.884466e-06
902 1.398284e-06
903 8.859910e-07
904 5.376142e-07
905 3.178560e-07
906 1.935316e-07
907 1.234485e-07
908 8.298414e-08
909 0.000000e+00
910 0.000000e+00
911 0.000000e+00
912 0.000000e+00
913 0.000000e+00
914 0.000000e+00
915 2.715653e-06
916 1.984176e-06
917 1.472376e-06
918 9.335799e-07
919 5.664027e-07
920 3.348528e-07
921 2.038578e-07
922 1.300063e-07
923 8.737713e-08
924 0.000000e+00
925 0.000000e+00
926 0.000000e+00
927 0.000000e+00
928 0.000000e+00
929 0.000000e+00
930 2.804571e-06
931 2.049157e-06
932 1.520683e-06
933 9.647727e-07
934 5.852568e-07
935 3.459779e-07
936 2.106104e-07
937 1.342866e-07
938 9.024101e-08
939 0.000000e+00
940 0.000000e+00
941 0.000000e+00
942 0.000000e+00
943 0.000000e+00
944 0.000000e+00
945 2.954110e-06
946 2.158460e-06
947 1.601886e-06
948 1.016965e-06
949 6.168282e-07
950 3.646158e-07
951 2.219327e-07
952 1.414756e-07
953 9.505703e-08
954 0.000000e+00
955 0.000000e+00
956 0.000000e+00
957 0.000000e+00
958 0.000000e+00
959 0.000000e+00
960 5.481370e-07
961 4.363161e-07
962 3.164514e-07
963 2.373087e-07
964 1.467071e-07
965 8.981312e-08
966 5.220599e-08
967 3.121970e-08
968 1.956914e-08
969 1.295842e-08
970 0.000000e+00
971 0.000000e+00
972 0.000000e+00
973 0.000000e+00
974 0.000000e+00
975 8.315942e-07
976 6.664415e-07
977 4.838068e-07
978 3.624759e-07
979 2.269707e-07
980 1.384114e-07
981 8.039552e-08
982 4.801336e-08
983 2.998826e-08
984 1.980054e-08
985 0.000000e+00
986 0.000000e+00
987 0.000000e+00
988 0.000000e+00
989 0.000000e+00
990 1.039683e-06
991 8.354857e-07
992 6.067650e-07
993 4.544175e-07
994 2.860032e-07
995 1.741331e-07
996 1.011185e-07
997 6.035934e-08
998 3.764514e-08
999 2.482713e-08
1000 0.000000e+00
1001 0.000000e+00
1002 0.000000e+00
1003 0.000000e+00
1004 0.000000e+00
1005 1.195108e-06
1006 9.616618e-07
1007 6.985298e-07
1008 5.230459e-07
1009 3.300101e-07
1010 2.007706e-07
1011 1.165721e-07
1012 6.956671e-08
1013 4.335796e-08
1014 2.857887e-08
1015 0.000000e+00
1016 0.000000e+00
1017 0.000000e+00
1018 0.000000e+00
1019 0.000000e+00
1020 1.310301e-06
1021 1.055259e-06
1022 7.666090e-07
1023 5.739510e-07
1024 3.627095e-07
1025 2.205541e-07
1026 1.280490e-07
1027 7.640341e-08
1028 4.759780e-08
1029 3.136185e-08
1030 0.000000e+00
1031 0.000000e+00
1032 0.000000e+00
1033 0.000000e+00
1034 0.000000e+00
1035 1.427696e-06
1036 1.150535e-06
1037 8.359042e-07
1038 6.257732e-07
1039 3.959281e-07
1040 2.406644e-07
1041 1.397161e-07
1042 8.335606e-08
1043 5.191146e-08
1044 3.419498e-08
1045 0.000000e+00
1046 0.000000e+00
1047 0.000000e+00
1048 0.000000e+00
1049 0.000000e+00
1050 1.517062e-06
1051 1.223174e-06
1052 8.887464e-07
1053 6.652841e-07
1054 4.213296e-07
1055 2.560277e-07
1056 1.486282e-07
1057 8.866472e-08
1058 5.520273e-08
1059 3.635502e-08
1060 0.000000e+00
1061 0.000000e+00
1062 0.000000e+00
1063 0.000000e+00
1064 0.000000e+00
1065 1.648262e-06
1066 1.329688e-06
1067 9.662126e-07
1068 7.232175e-07
1069 4.584782e-07
1070 2.785144e-07
1071 1.616742e-07
1072 9.643778e-08
1073 6.002549e-08
1074 3.952196e-08
1075 0.000000e+00
1076 0.000000e+00
1077 0.000000e+00
1078 0.000000e+00
1079 0.000000e+00
1080 2.870971e-07
1081 2.608980e-07
1082 2.008466e-07
1083 1.452442e-07
1084 1.088030e-07
1085 6.284187e-08
1086 3.849701e-08
1087 2.220527e-08
1088 1.313687e-08
1089 8.176212e-09
1090 0.000000e+00
1091 0.000000e+00
1092 0.000000e+00
1093 0.000000e+00
1094 0.000000e+00
1095 4.922498e-07
1096 4.494575e-07
1097 3.475259e-07
1098 2.511427e-07
1099 1.884368e-07
1100 1.094790e-07
1101 6.726098e-08
1102 3.869622e-08
1103 2.280619e-08
1104 1.415920e-08
1105 0.000000e+00
1106 0.000000e+00
1107 0.000000e+00
1108 0.000000e+00
1109 0.000000e+00
1110 6.421138e-07
1111 5.872513e-07
1112 4.547494e-07
1113 3.285572e-07
1114 2.466485e-07
1115 1.435926e-07
1116 8.830065e-08
1117 5.075752e-08
1118 2.987649e-08
1119 1.853338e-08
1120 0.000000e+00
1121 0.000000e+00
1122 0.000000e+00
1123 0.000000e+00
1124 0.000000e+00
1125 7.584298e-07
1126 6.942142e-07
1127 5.380032e-07
1128 3.886599e-07
1129 2.918480e-07
1130 1.700911e-07
1131 1.046471e-07
1132 6.012698e-08
1133 3.536708e-08
1134 2.192978e-08
1135 0.000000e+00
1136 0.000000e+00
1137 0.000000e+00
1138 0.000000e+00
1139 0.000000e+00
1140 8.703365e-07
1141 7.970848e-07
1142 6.180451e-07
1143 4.464506e-07
1144 3.353050e-07
1145 1.955550e-07
1146 1.203514e-07
1147 6.913032e-08
1148 4.064478e-08
1149 2.519508e-08
1150 0.000000e+00
1151 0.000000e+00
1152 0.000000e+00
1153 0.000000e+00
1154 0.000000e+00
1155 9.624587e-07
1156 8.818167e-07
1157 6.840035e-07
1158 4.940679e-07
1159 3.711161e-07
1160 2.165556e-07
1161 1.333062e-07
1162 7.655474e-08
1163 4.499523e-08
1164 2.788595e-08
1165 0.000000e+00
1166 0.000000e+00
1167 0.000000e+00
1168 0.000000e+00
1169 0.000000e+00
1170 1.088859e-06
1171 9.980313e-07
1172 7.744352e-07
1173 5.593574e-07
1174 4.202118e-07
1175 2.453268e-07
1176 1.510519e-07
1177 8.672795e-08
1178 5.095844e-08
1179 3.157507e-08
1180 0.000000e+00
1181 0.000000e+00
1182 0.000000e+00
1183 0.000000e+00
1184 0.000000e+00
1185 8.541142e-08
1186 8.433838e-08
1187 7.095326e-08
1188 5.183471e-08
1189 3.849623e-08
1190 2.619127e-08
1191 1.544385e-08
1192 8.800274e-09
1193 5.088496e-09
1194 3.006058e-09
1195 1.882465e-09
1196 0.000000e+00
1197 0.000000e+00
1198 0.000000e+00
1199 0.000000e+00
1200 1.493900e-07
1201 1.479254e-07
1202 1.249057e-07
1203 9.140646e-08
1204 6.777591e-08
1205 4.643013e-08
1206 2.724472e-08
1207 1.554648e-08
1208 9.000949e-09
1209 5.308098e-09
1210 3.317351e-09
1211 0.000000e+00
1212 0.000000e+00
1213 0.000000e+00
1214 0.000000e+00
1215 2.008796e-07
1216 1.991222e-07
1217 1.683722e-07
1218 1.232982e-07
1219 9.136607e-08
1220 6.275277e-08
1221 3.675583e-08
1222 2.098521e-08
1223 1.215534e-08
1224 7.163767e-09
1225 4.473599e-09
1226 0.000000e+00
1227 0.000000e+00
1228 0.000000e+00
1229 0.000000e+00
1230 2.487836e-07
1231 2.467470e-07
1232 2.087962e-07
1233 1.529532e-07
1234 1.133047e-07
1235 7.792734e-08
1236 4.559945e-08
1237 2.604206e-08
1238 1.508819e-08
1239 8.889172e-09
1240 5.548836e-09
1241 0.000000e+00
1242 0.000000e+00
1243 0.000000e+00
1244 0.000000e+00
1245 2.899724e-07
1246 2.877041e-07
1247 2.435683e-07
1248 1.784667e-07
1249 1.321764e-07
1250 9.098710e-08
1251 5.320854e-08
1252 3.039329e-08
1253 1.761189e-08
1254 1.037377e-08
1255 6.473836e-09
1256 0.000000e+00
1257 0.000000e+00
1258 0.000000e+00
1259 0.000000e+00
1260 3.444262e-07
1261 3.418392e-07
1262 2.895229e-07
1263 2.121804e-07
1264 1.571164e-07
1265 1.082383e-07
1266 6.326271e-08
1267 3.614226e-08
1268 2.094610e-08
1269 1.233532e-08
1270 7.696206e-09
1271 0.000000e+00
1272 0.000000e+00
1273 0.000000e+00
1274 0.000000e+00
1275 1.076700e-07
1276 1.120653e-07
1277 1.013526e-07
1278 7.749310e-08
1279 5.601581e-08
1280 4.194612e-08
1281 2.368933e-08
1282 1.429854e-08
1283 8.082333e-09
1284 4.669773e-09
1285 2.796699e-09
1286 0.000000e+00
1287 0.000000e+00
1288 0.000000e+00
1289 0.000000e+00
1290 1.953622e-07
1291 2.037670e-07
1292 1.848652e-07
1293 1.417346e-07
1294 1.023862e-07
1295 7.679173e-08
1296 4.349191e-08
1297 2.633861e-08
1298 1.485387e-08
1299 8.561571e-09
1300 5.117238e-09
1301 0.000000e+00
1302 0.000000e+00
1303 0.000000e+00
1304 0.000000e+00
1305 2.755708e-07
1306 2.876508e-07
1307 2.612672e-07
1308 2.005172e-07
1309 1.448154e-07
1310 1.086769e-07
1311 6.161636e-08
1312 3.735983e-08
1313 2.105192e-08
1314 1.212311e-08
1315 7.240688e-09
1316 0.000000e+00
1317 0.000000e+00
1318 0.000000e+00
1319 0.000000e+00
1320 3.464499e-07
1321 3.617846e-07
1322 3.287997e-07
1323 2.524789e-07
1324 1.823200e-07
1325 1.368635e-07
1326 7.764135e-08
1327 4.710500e-08
1328 2.653202e-08
1329 1.527169e-08
1330 9.117784e-09
1331 0.000000e+00
1332 0.000000e+00
1333 0.000000e+00
1334 0.000000e+00
1335 4.379179e-07
1336 4.574407e-07
1337 4.159287e-07
1338 3.195129e-07
1339 2.307051e-07
1340 1.732250e-07
1341 9.830942e-08
1342 5.967259e-08
1343 3.359998e-08
1344 1.933319e-08
1345 1.153929e-08
1346 0.000000e+00
1347 0.000000e+00
1348 0.000000e+00
1349 0.000000e+00
1350 8.685680e-08
1351 9.401057e-08
1352 9.014291e-08
1353 7.303807e-08
1354 5.268394e-08
1355 3.971628e-08
1356 2.480591e-08
1357 1.520963e-08
1358 8.443588e-09
1359 4.649094e-09
1360 2.687155e-09
1361 1.634269e-09
1362 0.000000e+00
1363 0.000000e+00
1364 0.000000e+00
1365 1.693024e-07
1366 1.835623e-07
1367 1.764727e-07
1368 1.434316e-07
1369 1.035316e-07
1370 7.796861e-08
1371 4.904481e-08
1372 2.997866e-08
1373 1.664618e-08
1374 9.170506e-09
1375 5.287755e-09
1376 3.208491e-09
1377 0.000000e+00
1378 0.000000e+00
1379 0.000000e+00
1380 2.436371e-07
1381 2.643128e-07
1382 2.543338e-07
1383 2.069350e-07
1384 1.494054e-07
1385 1.124763e-07
1386 7.092301e-08
1387 4.330537e-08
1388 2.404783e-08
1389 1.325090e-08
1390 7.634214e-09
1391 4.628623e-09
1392 0.000000e+00
1393 0.000000e+00
1394 0.000000e+00
1395 3.377312e-07
1396 3.665262e-07
1397 3.528811e-07
1398 2.873029e-07
1399 2.074611e-07
1400 1.561480e-07
1401 9.860582e-08
1402 6.016953e-08
1403 3.341409e-08
1404 1.841427e-08
1405 1.060367e-08
1406 6.425906e-09
1407 0.000000e+00
1408 0.000000e+00
1409 0.000000e+00
1410 4.558145e-08
1411 5.086685e-08
1412 5.109311e-08
1413 4.387571e-08
1414 3.233272e-08
1415 2.381410e-08
1416 1.677232e-08
1417 9.570161e-09
1418 5.386941e-09
1419 3.048353e-09
1420 1.695684e-09
1421 9.890836e-10
1422 0.000000e+00
1423 0.000000e+00
1424 0.000000e+00
1425 9.094388e-08
1426 1.016388e-07
1427 1.023195e-07
1428 8.813813e-08
1429 6.506686e-08
1430 4.785988e-08
1431 3.387670e-08
1432 1.926297e-08
1433 1.086761e-08
1434 6.148775e-09
1435 3.418410e-09
1436 1.989793e-09
1437 0.000000e+00
1438 0.000000e+00
1439 0.000000e+00
1440 1.471220e-07
1441 1.645158e-07
1442 1.657562e-07
1443 1.429479e-07
1444 1.055994e-07
1445 7.763568e-08
1446 5.505423e-08
1447 3.126516e-08
1448 1.765386e-08
1449 9.987611e-09
1450 5.551482e-09
1451 3.228928e-09
1452 0.000000e+00
1453 0.000000e+00
1454 0.000000e+00
1455 3.679840e-08
1456 4.216994e-08
1457 4.407801e-08
1458 4.004765e-08
1459 3.070864e-08
1460 2.217648e-08
1461 1.665784e-08
1462 9.337279e-09
1463 5.585372e-09
1464 3.059889e-09
1465 1.686956e-09
1466 9.419185e-10
1467 0.000000e+00
1468 0.000000e+00
1469 0.000000e+00
1470 8.583772e-08
1471 9.850707e-08
1472 1.031818e-07
1473 9.404228e-08
1474 7.231508e-08
1475 5.219139e-08
1476 3.926140e-08
1477 2.208060e-08
1478 1.325774e-08
1479 7.248378e-09
1480 3.985694e-09
1481 2.220519e-09
1482 0.000000e+00
1483 0.000000e+00
1484 0.000000e+00
1485 2.621151e-08
1486 3.080227e-08
1487 3.340153e-08
1488 3.207109e-08
1489 2.600681e-08
1490 1.876340e-08
1491 1.415381e-08
1492 8.804394e-09
1493 5.357171e-09
1494 2.907115e-09
1495 1.531132e-09
1496 8.259778e-10
1497 4.598942e-10
1498 0.000000e+00
1499 0.000000e+00
1500 5.833452e-04
1501 4.250437e-04
1502 3.171489e-04
1503 1.996427e-04
1504 1.218612e-04
1505 7.186069e-05
1506 4.370175e-05
1507 2.786091e-05
1508 1.873573e-05
1509 0.000000e+00
1510 0.000000e+00
1511 0.000000e+00
1512 0.000000e+00
1513 0.000000e+00
1514 0.000000e+00
1515 1.503386e-04
1516 1.212139e-04
1517 8.793254e-05
1518 6.597475e-05
1519 4.166120e-05
1520 2.543911e-05
1521 1.473201e-05
1522 8.775057e-06
1523 5.462362e-06
1524 3.598180e-06
1525 0.000000e+00
1526 0.000000e+00
1527 0.000000e+00
1528 0.000000e+00
1529 0.000000e+00
1530 8.958058e-05
1531 8.214490e-05
1532 6.371798e-05
1533 4.598741e-05
1534 3.461666e-05
1535 2.012554e-05
1536 1.242282e-05
1537 7.123732e-06
1538 4.190188e-06
1539 2.596137e-06
1540 0.000000e+00
1541 0.000000e+00
1542 0.000000e+00
1543 0.000000e+00
1544 0.000000e+00
1545 1.225629e-05
1546 1.216955e-05
1547 1.030948e-05
1548 7.552210e-06
1549 5.592115e-06
1550 3.856983e-06
1551 2.253008e-06
1552 1.285624e-06
1553 7.462759e-07
1554 4.390071e-07
1555 2.738889e-07
1556 0.000000e+00
1557 0.000000e+00
1558 0.000000e+00
1559 0.000000e+00
1560 2.673926e-05
1561 2.794136e-05
1562 2.541535e-05
1563 1.952334e-05
1564 1.409175e-05
1565 1.059253e-05
1566 5.999184e-06
1567 3.644760e-06
1568 2.050339e-06
1569 1.181567e-06
1570 7.048448e-07
1571 0.000000e+00
1572 0.000000e+00
1573 0.000000e+00
1574 0.000000e+00
1575 2.234490e-05
1576 2.425731e-05
1577 2.336400e-05
1578 1.902696e-05
1579 1.373617e-05
1580 1.034071e-05
1581 6.532048e-06
1582 3.990154e-06
1583 2.215743e-06
1584 1.218782e-06
1585 7.019801e-07
1586 4.253944e-07
1587 0.000000e+00
1588 0.000000e+00
1589 0.000000e+00
1590 6.143003e-06
1591 6.871234e-06
1592 6.925929e-06
1593 5.975554e-06
1594 4.414386e-06
1595 3.244675e-06
1596 2.303699e-06
1597 1.306743e-06
1598 7.374498e-07
1599 4.178079e-07
1600 2.320467e-07
1601 1.349486e-07
1602 0.000000e+00
1603 0.000000e+00
1604 0.000000e+00
1605 3.439481e-06
1606 3.948499e-06
1607 4.137949e-06
1608 3.773955e-06
1609 2.903219e-06
1610 2.094719e-06
1611 1.577044e-06
1612 8.863859e-07
1613 5.327867e-07
1614 2.910145e-07
1615 1.601234e-07
1616 8.913749e-08
1617 0.000000e+00
1618 0.000000e+00
1619 0.000000e+00
1620 7.396497e-07
1621 8.698769e-07
1622 9.443454e-07
1623 9.082606e-07
1624 7.378771e-07
1625 5.324885e-07
1626 4.015035e-07
1627 2.507926e-07
1628 1.524713e-07
1629 8.276276e-08
1630 4.355216e-08
1631 2.346879e-08
1632 1.304562e-08
1633 0.000000e+00
1634 0.000000e+00
1635 1.320444e-07
1636 1.592348e-07
1637 1.791261e-07
1638 1.818613e-07
1639 1.584068e-07
1640 1.177988e-07
1641 8.634780e-08
1642 6.190210e-08
1643 3.478873e-08
1644 1.951068e-08
1645 1.063623e-08
1646 5.538050e-09
1647 2.907859e-09
1648 0.000000e+00
1649 0.000000e+00
