0 2.310046e-09
1 1.503120e-09
2 9.457673e-10
3 5.953250e-10
4 3.823516e-10
5 2.513722e-10
6 1.671170e-10
7 1.098281e-10
8 6.968261e-11
9 4.192865e-11
10 2.368285e-11
11 1.253876e-11
12 6.262523e-12
13 2.984697e-12
14 1.373372e-12
15 3.874320e-09
16 2.579906e-09
17 1.641684e-09
18 1.023351e-09
19 6.466745e-10
20 4.183644e-10
21 2.765985e-10
22 1.834099e-10
23 1.190100e-10
24 7.392554e-11
25 4.327824e-11
26 2.373020e-11
27 1.221279e-11
28 5.953290e-12
29 2.782597e-12
30 4.453992e-09
31 2.986531e-09
32 1.911201e-09
33 1.190444e-09
34 7.491183e-10
35 4.820687e-10
36 3.176813e-10
37 2.107662e-10
38 1.374029e-10
39 8.602325e-11
40 5.086407e-11
41 2.818657e-11
42 1.464715e-11
43 7.196495e-12
44 3.382512e-12
45 4.729469e-09
46 3.181066e-09
47 2.041247e-09
48 1.271200e-09
49 7.984257e-10
50 5.125735e-10
51 3.371962e-10
52 2.237543e-10
53 1.461772e-10
54 9.183977e-11
55 5.455589e-11
56 3.037698e-11
57 1.585733e-11
58 7.818807e-12
59 3.684890e-12
60 5.009247e-09
61 3.376120e-09
62 2.169855e-09
63 1.351119e-09
64 8.476772e-10
65 5.433983e-10
66 3.571091e-10
67 2.369884e-10
68 1.550043e-10
69 9.760656e-11
70 5.814364e-11
71 3.246915e-11
72 1.699154e-11
73 8.396489e-12
74 3.963092e-12
75 5.133725e-09
76 3.464702e-09
77 2.229513e-09
78 1.388068e-09
79 8.702102e-10
80 5.572119e-10
81 3.659712e-10
82 2.428669e-10
83 1.590232e-10
84 1.002938e-10
85 5.985137e-11
86 3.348638e-11
87 1.755703e-11
88 8.687248e-12
89 4.104880e-12
90 5.263330e-09
91 3.555791e-09
92 2.289846e-09
93 1.425638e-09
94 8.931405e-10
95 5.714618e-10
96 3.751685e-10
97 2.489738e-10
98 1.631232e-10
99 1.030071e-10
100 6.155565e-11
101 3.449300e-11
102 1.810718e-11
103 8.968498e-12
104 4.240923e-12
105 5.364249e-09
106 3.626497e-09
107 2.337220e-09
108 1.455014e-09
109 9.110837e-10
110 5.825802e-10
111 3.822957e-10
112 2.537540e-10
113 1.663023e-10
114 1.050917e-10
115 6.289335e-11
116 3.527835e-11
117 1.854637e-11
118 9.192751e-12
119 4.349578e-12
120 5.469464e-09
121 3.701060e-09
122 2.386988e-09
123 1.485408e-09
124 9.298132e-10
125 5.942650e-10
126 3.898265e-10
127 2.587677e-10
128 1.697083e-10
129 1.073466e-10
130 6.430419e-11
131 3.611274e-11
132 1.899259e-11
133 9.422772e-12
134 4.460964e-12
135 5.621503e-09
136 3.806715e-09
137 2.457426e-09
138 1.529550e-09
139 9.568404e-10
140 6.111315e-10
141 4.006338e-10
142 2.659030e-10
143 1.744979e-10
144 1.105178e-10
145 6.627232e-11
146 3.726207e-11
147 1.962239e-11
148 9.742446e-12
149 4.614569e-12
150 7.970997e-09
151 5.491509e-09
152 3.609780e-09
153 2.256542e-09
154 1.398849e-09
155 8.815340e-10
156 5.713048e-10
157 3.779326e-10
158 2.498867e-10
159 1.609439e-10
160 9.878958e-11
161 5.699752e-11
162 3.075887e-11
163 1.558715e-11
164 7.495059e-12
165 1.006773e-08
166 7.022517e-09
167 4.681323e-09
168 2.956727e-09
169 1.824035e-09
170 1.140388e-09
171 7.311348e-10
172 4.805317e-10
173 3.181321e-10
174 2.067422e-10
175 1.288439e-10
176 7.574301e-11
177 4.168125e-11
178 2.149780e-11
179 1.048181e-11
180 1.121019e-08
181 7.866340e-09
182 5.276164e-09
183 3.351539e-09
184 2.064518e-09
185 1.286324e-09
186 8.203636e-10
187 5.373632e-10
188 3.557308e-10
189 2.320372e-10
190 1.455555e-10
191 8.628695e-11
192 4.790950e-11
193 2.491532e-11
194 1.223076e-11
195 1.221104e-08
196 8.598559e-09
197 5.787731e-09
198 3.687183e-09
199 2.269933e-09
200 1.411508e-09
201 8.976396e-10
202 5.869348e-10
203 3.885349e-10
204 2.539333e-10
205 1.598812e-10
206 9.522273e-11
207 5.313125e-11
208 2.775474e-11
209 1.367407e-11
210 1.275703e-08
211 9.004617e-09
212 6.075468e-09
213 3.877788e-09
214 2.386524e-09
215 1.482035e-09
216 9.406861e-10
217 6.142417e-10
218 4.065660e-10
219 2.661046e-10
220 1.679312e-10
221 1.003206e-10
222 5.615375e-11
223 2.942390e-11
224 1.453065e-11
225 1.325960e-08
226 9.374060e-09
227 6.334783e-09
228 4.049666e-09
229 2.491241e-09
230 1.545611e-09
231 9.796519e-10
232 6.391432e-10
233 4.230420e-10
234 2.771286e-10
235 1.752076e-10
236 1.048809e-10
237 5.883524e-11
238 3.088893e-11
239 1.527936e-11
240 1.365855e-08
241 9.668146e-09
242 6.542218e-09
243 4.186590e-09
244 2.575397e-09
245 1.596953e-09
246 1.010863e-09
247 6.590079e-10
248 4.362376e-10
249 2.859837e-10
250 1.810391e-10
251 1.085580e-10
252 6.100381e-11
253 3.207456e-11
254 1.588396e-11
255 1.407847e-08
256 9.978176e-09
257 6.760650e-09
258 4.330982e-09
259 2.663416e-09
260 1.650382e-09
261 1.043622e-09
262 6.798817e-10
263 4.500650e-10
264 2.952640e-10
265 1.871584e-10
266 1.124089e-10
267 6.327386e-11
268 3.331301e-11
269 1.651608e-11
270 1.463585e-08
271 1.038629e-08
272 7.045890e-09
273 4.518938e-09
274 2.777776e-09
275 1.720556e-09
276 1.087032e-09
277 7.075522e-10
278 4.682997e-10
279 3.074581e-10
280 1.951619e-10
281 1.174088e-10
282 6.619168e-11
283 3.490616e-11
284 1.732678e-11
285 1.367107e-08
286 9.722737e-09
287 6.601325e-09
288 4.257941e-09
289 2.624262e-09
290 1.625551e-09
291 1.025117e-09
292 6.651248e-10
293 4.388012e-10
294 2.875508e-10
295 1.825132e-10
296 1.100364e-10
297 6.229214e-11
298 3.301721e-11
299 1.647130e-11
300 1.594599e-08
301 1.147126e-08
302 7.859950e-09
303 5.128585e-09
304 3.172883e-09
305 1.955470e-09
306 1.223543e-09
307 7.877377e-10
308 5.177422e-10
309 3.400524e-10
310 2.175532e-10
311 1.327569e-10
312 7.624554e-11
313 4.101086e-11
314 2.072671e-11
315 1.785304e-08
316 1.293085e-08
317 8.904817e-09
318 5.847377e-09
319 3.627841e-09
320 2.229360e-09
321 1.389548e-09
322 8.905812e-10
323 5.839932e-10
324 3.838848e-10
325 2.466089e-10
326 1.514606e-10
327 8.765959e-11
328 4.752276e-11
329 2.418711e-11
330 1.899483e-08
331 1.381719e-08
332 9.545199e-09
333 6.292369e-09
334 3.911072e-09
335 2.399458e-09
336 1.491740e-09
337 9.533937e-10
338 6.242105e-10
339 4.105710e-10
340 2.644334e-10
341 1.630622e-10
342 9.482955e-11
343 5.166033e-11
344 2.640607e-11
345 1.999024e-08
346 1.458374e-08
347 1.009816e-08
348 6.673679e-09
349 4.152901e-09
350 2.545462e-09
351 1.579386e-09
352 1.007543e-09
353 6.589698e-10
354 4.336269e-10
355 2.797554e-10
356 1.729746e-10
357 1.009120e-10
358 5.514906e-11
359 2.827046e-11
360 2.079741e-08
361 1.520555e-08
362 1.054610e-08
363 6.982564e-09
364 4.349186e-09
365 2.663367e-09
366 1.650518e-09
367 1.051431e-09
368 6.871528e-10
369 4.522930e-10
370 2.921863e-10
371 1.810296e-10
372 1.058645e-10
373 5.799466e-11
374 2.978916e-11
375 2.163791e-08
376 1.585749e-08
377 1.101621e-08
378 7.307281e-09
379 4.555553e-09
380 2.787725e-09
381 1.725133e-09
382 1.097402e-09
383 7.166719e-10
384 4.718604e-10
385 3.052239e-10
386 1.894764e-10
387 1.110568e-10
388 6.097674e-11
389 3.138258e-11
390 2.271325e-08
391 1.668052e-08
392 1.160570e-08
393 7.713908e-09
394 4.812726e-09
395 2.943132e-09
396 1.819375e-09
397 1.155784e-09
398 7.541051e-10
399 4.966900e-10
400 3.216953e-10
401 2.000929e-10
402 1.175473e-10
403 6.467795e-11
404 3.335274e-11
405 1.936612e-08
406 1.418856e-08
407 9.844631e-09
408 6.525195e-09
409 4.083455e-09
410 2.500826e-09
411 1.551095e-09
412 9.863155e-10
413 6.430296e-10
414 4.222844e-10
415 2.723993e-10
416 1.687373e-10
417 9.880596e-11
418 5.427424e-11
419 2.797658e-11
420 2.232332e-08
421 1.655001e-08
422 1.157493e-08
423 7.737353e-09
424 4.884392e-09
425 2.983388e-09
426 1.842097e-09
427 1.162513e-09
428 7.534675e-10
429 4.941681e-10
430 3.199848e-10
431 1.998167e-10
432 1.182875e-10
433 6.577419e-11
434 3.430988e-11
435 2.420961e-08
436 1.808538e-08
437 1.271084e-08
438 8.543283e-09
439 5.421859e-09
440 3.307500e-09
441 2.037130e-09
442 1.279334e-09
443 8.262462e-10
444 5.413381e-10
445 3.512924e-10
446 2.204266e-10
447 1.313518e-10
448 7.357869e-11
449 3.865644e-11
450 2.580746e-08
451 1.937646e-08
452 1.366533e-08
453 9.216123e-09
454 5.868140e-09
455 3.577485e-09
456 2.199245e-09
457 1.377178e-09
458 8.871372e-10
459 5.809032e-10
460 3.774938e-10
461 2.376020e-10
462 1.421811e-10
463 8.001626e-11
464 4.222730e-11
465 2.711263e-08
466 2.043293e-08
467 1.444515e-08
468 9.764462e-09
469 6.233673e-09
470 3.798758e-09
471 2.331851e-09
472 1.456974e-09
473 9.370108e-10
474 6.132379e-10
475 3.989107e-10
476 2.516570e-10
477 1.510563e-10
478 8.529929e-11
479 4.516109e-11
480 2.847807e-08
481 2.153497e-08
482 1.526205e-08
483 1.034036e-08
484 6.617303e-09
485 4.029914e-09
486 2.471171e-09
487 1.540564e-09
488 9.891671e-10
489 6.470858e-10
490 4.213721e-10
491 2.663979e-10
492 1.603643e-10
493 9.083968e-11
494 4.823138e-11
495 3.017667e-08
496 2.289738e-08
497 1.626307e-08
498 1.104463e-08
499 7.083765e-09
500 4.312301e-09
501 2.641180e-09
502 1.643308e-09
503 1.053384e-09
504 6.887838e-10
505 4.489347e-10
506 2.844149e-10
507 1.716845e-10
508 9.754485e-11
509 5.194506e-11
510 2.642031e-08
511 1.993043e-08
512 1.410346e-08
513 9.528633e-09
514 6.098860e-09
515 3.725264e-09
516 2.288208e-09
517 1.428787e-09
518 9.174988e-10
519 5.992803e-10
520 3.891329e-10
521 2.452104e-10
522 1.471676e-10
523 8.319082e-11
524 4.413780e-11
525 2.924516e-08
526 2.232630e-08
527 1.593041e-08
528 1.083804e-08
529 6.998623e-09
530 4.282961e-09
531 2.621570e-09
532 1.625933e-09
533 1.037623e-09
534 6.753936e-10
535 4.390056e-10
536 2.780937e-10
537 1.683218e-10
538 9.614196e-11
539 5.157002e-11
540 3.161322e-08
541 2.432168e-08
542 1.744666e-08
543 1.192284e-08
544 7.741253e-09
545 4.745332e-09
546 2.897189e-09
547 1.789816e-09
548 1.137449e-09
549 7.387416e-10
550 4.804359e-10
551 3.053203e-10
552 1.857683e-10
553 1.067876e-10
554 5.766504e-11
555 3.355002e-08
556 2.595840e-08
557 1.869449e-08
558 1.281382e-08
559 8.353074e-09
560 5.125211e-09
561 3.124387e-09
562 1.924657e-09
563 1.219615e-09
564 7.907849e-10
565 5.144662e-10
566 3.276984e-10
567 2.001240e-10
568 1.155580e-10
569 6.269260e-11
570 3.558610e-08
571 2.767958e-08
572 2.000643e-08
573 1.375216e-08
574 8.997587e-09
575 5.525536e-09
576 3.363592e-09
577 2.066635e-09
578 1.306076e-09
579 8.455545e-10
580 5.502856e-10
581 3.512540e-10
582 2.152372e-10
583 1.247926e-10
584 6.798680e-11
585 3.807208e-08
586 2.975769e-08
587 2.158334e-08
588 1.487561e-08
589 9.763744e-09
590 6.001787e-09
591 3.648536e-09
592 2.236120e-09
593 1.409651e-09
594 9.112958e-10
595 5.933162e-10
596 3.794773e-10
597 2.332706e-10
598 1.357607e-10
599 7.424829e-11
600 3.301841e-08
601 2.563006e-08
602 1.851235e-08
603 1.270745e-08
604 8.304024e-09
605 5.116187e-09
606 3.115782e-09
607 1.917747e-09
608 1.212439e-09
609 7.842285e-10
610 5.093791e-10
611 3.243511e-10
612 1.982957e-10
613 1.147807e-10
614 6.249164e-11
615 3.624307e-08
616 2.845077e-08
617 2.072937e-08
618 1.431418e-08
619 9.423889e-09
620 5.838079e-09
621 3.543988e-09
622 2.171951e-09
623 1.364358e-09
624 8.783473e-10
625 5.699069e-10
626 3.639409e-10
627 2.238731e-10
628 1.306812e-10
629 7.183168e-11
630 3.890335e-08
631 3.078876e-08
632 2.257045e-08
633 1.565069e-08
634 1.035828e-08
635 6.441369e-09
636 3.902306e-09
637 2.384393e-09
638 1.491270e-09
639 9.567697e-10
640 6.202621e-10
641 3.968673e-10
642 2.451615e-10
643 1.439347e-10
644 7.963202e-11
645 4.170090e-08
646 3.324813e-08
647 2.450899e-08
648 1.706009e-08
649 1.134207e-08
650 7.077064e-09
651 4.279827e-09
652 2.608352e-09
653 1.624862e-09
654 1.039317e-09
655 6.732652e-10
656 4.315283e-10
657 2.675741e-10
658 1.578893e-10
659 8.784494e-11
660 4.506276e-08
661 3.617444e-08
662 2.680227e-08
663 1.871961e-08
664 1.249634e-08
665 7.820922e-09
666 4.721884e-09
667 2.871073e-09
668 1.782171e-09
669 1.136846e-09
670 7.359642e-10
671 4.724657e-10
672 2.939603e-10
673 1.742534e-10
674 9.744018e-11
675 4.035880e-08
676 3.215800e-08
677 2.371713e-08
678 1.651183e-08
679 1.097127e-08
680 6.862390e-09
681 4.153163e-09
682 2.534110e-09
683 1.577881e-09
684 1.008215e-09
685 6.521464e-10
686 4.173400e-10
687 2.584512e-10
688 1.524249e-10
689 8.482715e-11
690 4.385169e-08
691 3.532508e-08
692 2.629819e-08
693 1.841747e-08
694 1.231724e-08
695 7.759139e-09
696 4.689925e-09
697 2.853042e-09
698 1.765225e-09
699 1.121489e-09
700 7.234553e-10
701 4.634703e-10
702 2.883222e-10
703 1.712376e-10
704 9.612268e-11
705 4.753126e-08
706 3.867691e-08
707 2.902531e-08
708 2.044004e-08
709 1.374454e-08
710 8.710970e-09
711 5.260084e-09
712 3.191512e-09
713 1.964101e-09
714 1.241642e-09
715 7.990548e-10
716 5.123456e-10
717 3.199534e-10
718 1.911699e-10
719 1.080961e-10
720 5.189776e-08
721 4.261519e-08
722 3.220881e-08
723 2.278977e-08
724 1.539762e-08
725 9.811263e-09
726 5.919528e-09
727 3.583729e-09
728 2.194841e-09
729 1.381590e-09
730 8.871859e-10
731 5.693022e-10
732 3.567291e-10
733 2.142654e-10
734 1.219206e-10
735 4.822474e-08
736 3.940721e-08
737 2.970472e-08
738 2.098741e-08
739 1.414467e-08
740 9.003496e-09
741 5.446595e-09
742 3.301677e-09
743 2.026056e-09
744 1.276849e-09
745 8.195179e-10
746 5.248727e-10
747 3.279625e-10
748 1.963772e-10
749 1.114287e-10
750 5.294145e-08
751 4.383073e-08
752 3.342958e-08
753 2.380801e-08
754 1.615448e-08
755 1.037559e-08
756 6.288433e-09
757 3.799112e-09
758 2.315346e-09
759 1.448509e-09
760 9.251823e-10
761 5.921116e-10
762 3.712665e-10
763 2.238400e-10
764 1.281854e-10
765 5.848032e-08
766 4.898340e-08
767 3.772967e-08
768 2.705822e-08
769 1.846709e-08
770 1.195095e-08
771 7.255270e-09
772 4.371287e-09
773 2.648360e-09
774 1.646814e-09
775 1.047362e-09
776 6.698629e-10
777 4.212548e-10
778 2.554527e-10
779 1.474152e-10
780 5.908169e-08
781 4.976580e-08
782 3.859110e-08
783 2.782682e-08
784 1.905239e-08
785 1.238952e-08
786 7.564695e-09
787 4.548212e-09
788 2.749726e-09
789 1.702085e-09
790 1.077590e-09
791 6.871424e-10
792 4.318447e-10
793 2.623217e-10
794 1.519529e-10
795 6.637093e-08
796 5.679141e-08
797 4.469961e-08
798 3.260047e-08
799 2.250095e-08
800 1.478426e-08
801 9.094467e-09
802 5.446689e-09
803 3.272874e-09
804 2.006760e-09
805 1.260152e-09
806 8.004402e-10
807 5.037074e-10
808 3.077925e-10
809 1.799809e-10
810 7.633932e-08
811 6.674579e-08
812 5.374277e-08
813 3.995361e-08
814 2.793412e-08
815 1.861162e-08
816 1.164044e-08
817 6.954674e-09
818 4.155386e-09
819 2.510672e-09
820 1.552944e-09
821 9.764046e-10
822 6.127402e-10
823 3.761675e-10
824 2.223705e-10
825 6.221027e-07
826 4.542964e-07
827 3.367610e-07
828 2.097316e-07
829 1.277489e-07
830 7.567138e-08
831 4.619662e-08
832 2.962664e-08
833 1.999490e-08
834 0.000000e+00
835 0.000000e+00
836 0.000000e+00
837 0.000000e+00
838 0.000000e+00
839 0.000000e+00
840 9.284626e-07
841 6.781893e-07
842 5.032123e-07
843 3.168265e-07
844 1.925230e-07
845 1.139041e-07
846 6.941460e-08
847 4.436002e-08
848 2.986102e-08
849 0.000000e+00
850 0.000000e+00
851 0.000000e+00
852 0.000000e+00
853 0.000000e+00
854 0.000000e+00
855 1.094046e-06
856 7.992328e-07
857 5.931977e-07
858 3.749246e-07
859 2.276270e-07
860 1.346217e-07
861 8.199110e-08
862 5.233252e-08
863 3.519511e-08
864 0.000000e+00
865 0.000000e+00
866 0.000000e+00
867 0.000000e+00
868 0.000000e+00
869 0.000000e+00
870 1.228343e-06
871 8.973909e-07
872 6.661547e-07
873 4.218702e-07
874 2.560107e-07
875 1.513790e-07
876 9.216866e-08
877 5.879199e-08
878 3.952057e-08
879 0.000000e+00
880 0.000000e+00
881 0.000000e+00
882 0.000000e+00
883 0.000000e+00
884 0.000000e+00
885 1.308888e-06
886 9.562732e-07
887 7.099310e-07
888 4.501571e-07
889 2.730977e-07
890 1.614626e-07
891 9.828880e-08
892 6.267056e-08
893 4.211550e-08
894 0.000000e+00
895 0.000000e+00
896 0.000000e+00
897 0.000000e+00
898 0.000000e+00
899 0.000000e+00
900 1.378919e-06
901 1.007462e-06
902 7.479826e-07
903 4.746891e-07
904 2.879244e-07
905 1.702138e-07
906 1.036024e-07
907 6.604058e-08
908 4.437117e-08
909 0.000000e+00
910 0.000000e+00
911 0.000000e+00
912 0.000000e+00
913 0.000000e+00
914 0.000000e+00
915 1.435583e-06
916 1.048884e-06
917 7.787731e-07
918 4.945532e-07
919 2.999268e-07
920 1.772988e-07
921 1.079036e-07
922 6.876837e-08
923 4.619633e-08
924 0.000000e+00
925 0.000000e+00
926 0.000000e+00
927 0.000000e+00
928 0.000000e+00
929 0.000000e+00
930 1.495066e-06
931 1.092359e-06
932 8.110952e-07
933 5.154068e-07
934 3.125289e-07
935 1.847363e-07
936 1.124188e-07
937 7.163153e-08
938 4.811247e-08
939 0.000000e+00
940 0.000000e+00
941 0.000000e+00
942 0.000000e+00
943 0.000000e+00
944 0.000000e+00
945 1.570619e-06
946 1.147585e-06
947 8.521461e-07
948 5.418318e-07
949 3.285046e-07
950 1.941678e-07
951 1.181468e-07
952 7.526582e-08
953 5.054614e-08
954 0.000000e+00
955 0.000000e+00
956 0.000000e+00
957 0.000000e+00
958 0.000000e+00
959 0.000000e+00
960 7.021963e-07
961 5.590299e-07
962 4.054545e-07
963 3.040641e-07
964 1.880127e-07
965 1.150938e-07
966 6.689773e-08
967 4.000635e-08
968 2.507436e-08
969 1.660299e-08
970 0.000000e+00
971 0.000000e+00
972 0.000000e+00
973 0.000000e+00
974 0.000000e+00
975 1.075289e-06
976 8.618349e-07
977 6.256358e-07
978 4.687662e-07
979 2.935632e-07
980 1.790224e-07
981 1.039782e-07
982 6.209710e-08
983 3.878125e-08
984 2.560516e-08
985 0.000000e+00
986 0.000000e+00
987 0.000000e+00
988 0.000000e+00
989 0.000000e+00
990 1.355608e-06
991 1.089364e-06
992 7.911070e-07
993 5.925190e-07
994 3.728855e-07
995 2.270461e-07
996 1.318377e-07
997 7.869781e-08
998 4.908179e-08
999 3.237026e-08
1000 0.000000e+00
1001 0.000000e+00
1002 0.000000e+00
1003 0.000000e+00
1004 0.000000e+00
1005 1.545139e-06
1006 1.243370e-06
1007 9.031311e-07
1008 6.762834e-07
1009 4.267021e-07
1010 2.596069e-07
1011 1.507247e-07
1012 8.994965e-08
1013 5.605893e-08
1014 3.694976e-08
1015 0.000000e+00
1016 0.000000e+00
1017 0.000000e+00
1018 0.000000e+00
1019 0.000000e+00
1020 1.699699e-06
1021 1.368891e-06
1022 9.944229e-07
1023 7.445558e-07
1024 4.705092e-07
1025 2.861200e-07
1026 1.661049e-07
1027 9.911294e-08
1028 6.174320e-08
1029 4.068198e-08
1030 0.000000e+00
1031 0.000000e+00
1032 0.000000e+00
1033 0.000000e+00
1034 0.000000e+00
1035 1.826713e-06
1036 1.472076e-06
1037 1.069471e-06
1038 8.006819e-07
1039 5.065317e-07
1040 3.079185e-07
1041 1.787506e-07
1042 1.066468e-07
1043 6.641616e-08
1044 4.375009e-08
1045 0.000000e+00
1046 0.000000e+00
1047 0.000000e+00
1048 0.000000e+00
1049 0.000000e+00
1050 1.960419e-06
1051 1.580680e-06
1052 1.148459e-06
1053 8.597480e-07
1054 5.444465e-07
1055 3.308638e-07
1056 1.920610e-07
1057 1.145772e-07
1058 7.133456e-08
1059 4.697918e-08
1060 0.000000e+00
1061 0.000000e+00
1062 0.000000e+00
1063 0.000000e+00
1064 0.000000e+00
1065 2.120234e-06
1066 1.710408e-06
1067 1.242806e-06
1068 9.303092e-07
1069 5.896879e-07
1070 3.582505e-07
1071 2.079486e-07
1072 1.240438e-07
1073 7.720823e-08
1074 5.083647e-08
1075 0.000000e+00
1076 0.000000e+00
1077 0.000000e+00
1078 0.000000e+00
1079 0.000000e+00
1080 3.260311e-07
1081 2.966239e-07
1082 2.285804e-07
1083 1.652635e-07
1084 1.238709e-07
1085 7.161591e-08
1086 4.390643e-08
1087 2.530839e-08
1088 1.496204e-08
1089 9.306559e-09
1090 0.000000e+00
1091 0.000000e+00
1092 0.000000e+00
1093 0.000000e+00
1094 0.000000e+00
1095 5.539519e-07
1096 5.061587e-07
1097 3.916072e-07
1098 2.829594e-07
1099 2.123874e-07
1100 1.234648e-07
1101 7.588807e-08
1102 4.364202e-08
1103 2.571084e-08
1104 1.595673e-08
1105 0.000000e+00
1106 0.000000e+00
1107 0.000000e+00
1108 0.000000e+00
1109 0.000000e+00
1110 7.214586e-07
1111 6.603181e-07
1112 5.116752e-07
1113 3.696335e-07
1114 2.775874e-07
1115 1.617190e-07
1116 9.949362e-08
1117 5.716759e-08
1118 3.363374e-08
1119 2.085563e-08
1120 0.000000e+00
1121 0.000000e+00
1122 0.000000e+00
1123 0.000000e+00
1124 0.000000e+00
1125 8.537532e-07
1126 7.820520e-07
1127 6.064726e-07
1128 4.380649e-07
1129 3.290631e-07
1130 1.919129e-07
1131 1.181244e-07
1132 6.784339e-08
1133 3.988798e-08
1134 2.472328e-08
1135 0.000000e+00
1136 0.000000e+00
1137 0.000000e+00
1138 0.000000e+00
1139 0.000000e+00
1140 9.633701e-07
1141 8.829239e-07
1142 6.850230e-07
1143 4.947726e-07
1144 3.717176e-07
1145 2.169355e-07
1146 1.335633e-07
1147 7.669097e-08
1148 4.507106e-08
1149 2.792836e-08
1150 0.000000e+00
1151 0.000000e+00
1152 0.000000e+00
1153 0.000000e+00
1154 0.000000e+00
1155 1.078898e-06
1156 9.892311e-07
1157 7.678108e-07
1158 5.545393e-07
1159 4.166744e-07
1160 2.433064e-07
1161 1.498352e-07
1162 8.601486e-08
1163 5.053360e-08
1164 3.130625e-08
1165 0.000000e+00
1166 0.000000e+00
1167 0.000000e+00
1168 0.000000e+00
1169 0.000000e+00
1170 1.212586e-06
1171 1.112223e-06
1172 8.635822e-07
1173 6.236700e-07
1174 4.686762e-07
1175 2.738008e-07
1176 1.686496e-07
1177 9.679707e-08
1178 5.685107e-08
1179 3.521337e-08
1180 0.000000e+00
1181 0.000000e+00
1182 0.000000e+00
1183 0.000000e+00
1184 0.000000e+00
1185 1.097651e-07
1186 1.083588e-07
1187 9.113065e-08
1188 6.656569e-08
1189 4.944357e-08
1190 3.361784e-08
1191 1.983145e-08
1192 1.129924e-08
1193 6.532575e-09
1194 3.859864e-09
1195 2.417595e-09
1196 0.000000e+00
1197 0.000000e+00
1198 0.000000e+00
1199 0.000000e+00
1200 1.915526e-07
1201 1.896137e-07
1202 1.600393e-07
1203 1.170950e-07
1204 8.683841e-08
1205 5.944294e-08
1206 3.489892e-08
1207 1.991058e-08
1208 1.152631e-08
1209 6.798694e-09
1210 4.249925e-09
1211 0.000000e+00
1212 0.000000e+00
1213 0.000000e+00
1214 0.000000e+00
1215 2.562448e-07
1216 2.539076e-07
1217 2.145865e-07
1218 1.571021e-07
1219 1.164412e-07
1220 7.990067e-08
1221 4.682888e-08
1222 2.673035e-08
1223 1.548132e-08
1224 9.125911e-09
1225 5.700612e-09
1226 0.000000e+00
1227 0.000000e+00
1228 0.000000e+00
1229 0.000000e+00
1230 3.100735e-07
1231 3.074023e-07
1232 2.599719e-07
1233 1.903900e-07
1234 1.410711e-07
1235 9.692433e-08
1236 5.675545e-08
1237 3.240503e-08
1238 1.877226e-08
1239 1.106235e-08
1240 6.907641e-09
1241 0.000000e+00
1242 0.000000e+00
1243 0.000000e+00
1244 0.000000e+00
1245 3.668425e-07
1246 3.638192e-07
1247 3.078391e-07
1248 2.254976e-07
1249 1.670487e-07
1250 1.148779e-07
1251 6.722507e-08
1252 3.838973e-08
1253 2.224309e-08
1254 1.310462e-08
1255 8.180667e-09
1256 0.000000e+00
1257 0.000000e+00
1258 0.000000e+00
1259 0.000000e+00
1260 4.313610e-07
1261 4.279347e-07
1262 3.622324e-07
1263 2.653890e-07
1264 1.965673e-07
1265 1.352761e-07
1266 7.912047e-08
1267 4.519002e-08
1268 2.618661e-08
1269 1.542509e-08
1270 9.627174e-09
1271 0.000000e+00
1272 0.000000e+00
1273 0.000000e+00
1274 0.000000e+00
1275 5.291923e-08
1276 5.510993e-08
1277 4.988174e-08
1278 3.816546e-08
1279 2.758272e-08
1280 2.066465e-08
1281 1.167712e-08
1282 7.054306e-09
1283 3.985019e-09
1284 2.301265e-09
1285 1.377487e-09
1286 0.000000e+00
1287 0.000000e+00
1288 0.000000e+00
1289 0.000000e+00
1290 9.346019e-08
1291 9.751029e-08
1292 8.850414e-08
1293 6.788038e-08
1294 4.903049e-08
1295 3.678394e-08
1296 2.083880e-08
1297 1.262574e-08
1298 7.118027e-09
1299 4.101695e-09
1300 2.450874e-09
1301 0.000000e+00
1302 0.000000e+00
1303 0.000000e+00
1304 0.000000e+00
1305 1.277130e-07
1306 1.333423e-07
1307 1.211534e-07
1308 9.300822e-08
1309 6.716579e-08
1310 5.041591e-08
1311 2.858944e-08
1312 1.734049e-08
1313 9.768794e-09
1314 5.624530e-09
1315 3.358625e-09
1316 0.000000e+00
1317 0.000000e+00
1318 0.000000e+00
1319 0.000000e+00
1320 1.638435e-07
1321 1.711383e-07
1322 1.555917e-07
1323 1.195120e-07
1324 8.629445e-08
1325 6.479408e-08
1326 3.676478e-08
1327 2.231365e-08
1328 1.256489e-08
1329 7.230809e-09
1330 4.316064e-09
1331 0.000000e+00
1332 0.000000e+00
1333 0.000000e+00
1334 0.000000e+00
1335 2.044101e-07
1336 2.135727e-07
1337 1.942542e-07
1338 1.492656e-07
1339 1.077690e-07
1340 8.093493e-08
1341 4.594161e-08
1342 2.789570e-08
1343 1.570338e-08
1344 9.033944e-09
1345 5.390905e-09
1346 0.000000e+00
1347 0.000000e+00
1348 0.000000e+00
1349 0.000000e+00
1350 9.262149e-08
1351 1.002490e-07
1352 9.612171e-08
1353 7.788231e-08
1354 5.617869e-08
1355 4.235040e-08
1356 2.645071e-08
1357 1.621738e-08
1358 9.003034e-09
1359 4.957602e-09
1360 2.865426e-09
1361 1.742688e-09
1362 0.000000e+00
1363 0.000000e+00
1364 0.000000e+00
1365 1.675748e-07
1366 1.816367e-07
1367 1.745454e-07
1368 1.417937e-07
1369 1.023382e-07
1370 7.708230e-08
1371 4.843128e-08
1372 2.961800e-08
1373 1.644530e-08
1374 9.059382e-09
1375 5.225671e-09
1376 3.172007e-09
1377 0.000000e+00
1378 0.000000e+00
1379 0.000000e+00
1380 2.473008e-07
1381 2.682189e-07
1382 2.579887e-07
1383 2.098092e-07
1384 1.514643e-07
1385 1.140437e-07
1386 7.183463e-08
1387 4.388237e-08
1388 2.436736e-08
1389 1.342608e-08
1390 7.737857e-09
1391 4.693102e-09
1392 0.000000e+00
1393 0.000000e+00
1394 0.000000e+00
1395 3.359774e-07
1396 3.645154e-07
1397 3.507902e-07
1398 2.854511e-07
1399 2.060987e-07
1400 1.551496e-07
1401 9.785991e-08
1402 5.974556e-08
1403 3.317725e-08
1404 1.828206e-08
1405 1.053167e-08
1406 6.384751e-09
1407 0.000000e+00
1408 0.000000e+00
1409 0.000000e+00
1410 4.695195e-08
1411 5.239828e-08
1412 5.263364e-08
1413 4.520257e-08
1414 3.331192e-08
1415 2.453447e-08
1416 1.728185e-08
1417 9.860040e-09
1418 5.550412e-09
1419 3.140865e-09
1420 1.747113e-09
1421 1.019028e-09
1422 0.000000e+00
1423 0.000000e+00
1424 0.000000e+00
1425 9.665793e-08
1426 1.080250e-07
1427 1.087481e-07
1428 9.367603e-08
1429 6.915418e-08
1430 5.086672e-08
1431 3.600487e-08
1432 2.047298e-08
1433 1.154998e-08
1434 6.535018e-09
1435 3.633106e-09
1436 2.114784e-09
1437 0.000000e+00
1438 0.000000e+00
1439 0.000000e+00
1440 1.517388e-07
1441 1.696700e-07
1442 1.709373e-07
1443 1.474013e-07
1444 1.088827e-07
1445 8.005275e-08
1446 5.676011e-08
1447 3.223676e-08
1448 1.820087e-08
1449 1.029741e-08
1450 5.723726e-09
1451 3.329344e-09
1452 0.000000e+00
1453 0.000000e+00
1454 0.000000e+00
1455 5.205702e-08
1456 5.965611e-08
1457 6.235560e-08
1458 5.665467e-08
1459 4.344306e-08
1460 3.137304e-08
1461 2.356509e-08
1462 1.321004e-08
1463 7.902007e-09
1464 4.329120e-09
1465 2.386524e-09
1466 1.332543e-09
1467 0.000000e+00
1468 0.000000e+00
1469 0.000000e+00
1470 1.133077e-07
1471 1.300073e-07
1472 1.361387e-07
1473 1.240295e-07
1474 9.534012e-08
1475 6.881449e-08
1476 5.175570e-08
1477 2.909581e-08
1478 1.746166e-08
1479 9.549312e-09
1480 5.252500e-09
1481 2.927132e-09
1482 0.000000e+00
1483 0.000000e+00
1484 0.000000e+00
1485 3.978460e-08
1486 4.674336e-08
1487 5.067383e-08
1488 4.863486e-08
1489 3.941932e-08
1490 2.843778e-08
1491 2.145439e-08
1492 1.333079e-08
1493 8.114307e-09
1494 4.402934e-09
1495 2.318981e-09
1496 1.251404e-09
1497 6.970764e-10
1498 0.000000e+00
1499 0.000000e+00
1500 1.659472e-04
1501 1.209226e-04
1502 9.025096e-05
1503 5.692898e-05
1504 3.472755e-05
1505 2.047561e-05
1506 1.244949e-05
1507 7.931197e-06
1508 5.330703e-06
1509 0.000000e+00
1510 0.000000e+00
1511 0.000000e+00
1512 0.000000e+00
1513 0.000000e+00
1514 0.000000e+00
1515 2.510331e-04
1516 2.023943e-04
1517 1.468255e-04
1518 1.101606e-04
1519 6.956198e-05
1520 4.247289e-05
1521 2.459686e-05
1522 1.465217e-05
1523 9.120767e-06
1524 6.008084e-06
1525 0.000000e+00
1526 0.000000e+00
1527 0.000000e+00
1528 0.000000e+00
1529 0.000000e+00
1530 1.124941e-04
1531 1.032282e-04
1532 8.012179e-05
1533 5.782108e-05
1534 4.353457e-05
1535 2.533129e-05
1536 1.564174e-05
1537 8.966469e-06
1538 5.271445e-06
1539 3.264898e-06
1540 0.000000e+00
1541 0.000000e+00
1542 0.000000e+00
1543 0.000000e+00
1544 0.000000e+00
1545 1.943860e-05
1546 1.929221e-05
1547 1.633371e-05
1548 1.196203e-05
1549 8.859667e-06
1550 6.103953e-06
1551 3.568300e-06
1552 2.035716e-06
1553 1.181432e-06
1554 6.951917e-07
1555 4.338614e-07
1556 0.000000e+00
1557 0.000000e+00
1558 0.000000e+00
1559 0.000000e+00
1560 5.921590e-06
1561 6.189145e-06
1562 5.631390e-06
1563 4.327063e-06
1564 3.123024e-06
1565 2.347909e-06
1566 1.330134e-06
1567 8.083735e-07
1568 4.546456e-07
1569 2.619394e-07
1570 1.562253e-07
1571 0.000000e+00
1572 0.000000e+00
1573 0.000000e+00
1574 0.000000e+00
1575 2.240549e-05
1576 2.431574e-05
1577 2.340933e-05
1578 1.905350e-05
1579 1.375370e-05
1580 1.035574e-05
1581 6.533437e-06
1582 3.993084e-06
1583 2.217285e-06
1584 1.219554e-06
1585 7.027165e-07
1586 4.260109e-07
1587 0.000000e+00
1588 0.000000e+00
1589 0.000000e+00
1590 6.656614e-06
1591 7.445340e-06
1592 7.503984e-06
1593 6.473541e-06
1594 4.781961e-06
1595 3.515027e-06
1596 2.495162e-06
1597 1.415543e-06
1598 7.987870e-07
1599 4.525546e-07
1600 2.513521e-07
1601 1.461875e-07
1602 0.000000e+00
1603 0.000000e+00
1604 0.000000e+00
1605 6.107356e-06
1606 7.009826e-06
1607 7.344029e-06
1608 6.695138e-06
1609 5.148503e-06
1610 3.715049e-06
1611 2.796308e-06
1612 1.571059e-06
1613 9.438519e-07
1614 5.156948e-07
1615 2.838321e-07
1616 1.580529e-07
1617 0.000000e+00
1618 0.000000e+00
1619 0.000000e+00
1620 1.745854e-06
1621 2.052795e-06
1622 2.227874e-06
1623 2.141772e-06
1624 1.739102e-06
1625 1.254895e-06
1626 9.463516e-07
1627 5.904174e-07
1628 3.590909e-07
1629 1.949005e-07
1630 1.025633e-07
1631 5.528734e-08
1632 3.074708e-08
1633 0.000000e+00
1634 0.000000e+00
1635 2.536995e-07
1636 3.059121e-07
1637 3.440774e-07
1638 3.492591e-07
1639 3.041279e-07
1640 2.261259e-07
1641 1.657714e-07
1642 1.187894e-07
1643 6.677631e-08
1644 3.744152e-08
1645 2.041074e-08
1646 1.062772e-08
1647 5.581330e-09
1648 0.000000e+00
1649 0.000000e+00
