0 2.443013e-09
1 1.594870e-09
2 1.005532e-09
3 6.322194e-10
4 4.051105e-10
5 2.657163e-10
6 1.764565e-10
7 1.160910e-10
8 7.387398e-11
9 4.464732e-11
10 2.536608e-11
11 1.350398e-11
12 6.777796e-12
13 3.241880e-12
14 1.495523e-12
15 4.048167e-09
16 2.704204e-09
17 1.726066e-09
18 1.076246e-09
19 6.788874e-10
20 4.381342e-10
21 2.891014e-10
22 1.916557e-10
23 1.245783e-10
24 7.763554e-11
25 4.567018e-11
26 2.517282e-11
27 1.302186e-11
28 6.375512e-12
29 2.990014e-12
30 4.649171e-09
31 3.128689e-09
32 2.010493e-09
33 1.253810e-09
34 7.874210e-10
35 5.052744e-10
36 3.320482e-10
37 2.201150e-10
38 1.437202e-10
39 9.028652e-11
40 5.368661e-11
41 2.993396e-11
42 1.565485e-11
43 7.734266e-12
44 3.651408e-12
45 5.058681e-09
46 3.416016e-09
47 2.201609e-09
48 1.373406e-09
49 8.609244e-10
50 5.510758e-10
51 3.614527e-10
52 2.395998e-10
53 1.567539e-10
54 9.884136e-11
55 5.902981e-11
56 3.307853e-11
57 1.738109e-11
58 8.621992e-12
59 4.082577e-12
60 5.252186e-09
61 3.554522e-09
62 2.295679e-09
63 1.432358e-09
64 8.967194e-10
65 5.729968e-10
66 3.753816e-10
67 2.487632e-10
68 1.629363e-10
69 1.029954e-10
70 6.170937e-11
71 3.469907e-11
72 1.829081e-11
73 9.096103e-12
74 4.315583e-12
75 5.418557e-09
76 3.671992e-09
77 2.374267e-09
78 1.481616e-09
79 9.269445e-10
80 5.917017e-10
81 3.873166e-10
82 2.566295e-10
83 1.682419e-10
84 1.065017e-10
85 6.392637e-11
86 3.602024e-11
87 1.902248e-11
88 9.474553e-12
89 4.500147e-12
90 5.557550e-09
91 3.770406e-09
92 2.440573e-09
93 1.523128e-09
94 9.522943e-10
95 6.074264e-10
96 3.973410e-10
97 2.633230e-10
98 1.727357e-10
99 1.094746e-10
100 6.581409e-11
101 3.714579e-11
102 1.964771e-11
103 9.798807e-12
104 4.657848e-12
105 5.744085e-09
106 3.900452e-09
107 2.527498e-09
108 1.577360e-09
109 9.856573e-10
110 6.281493e-10
111 4.107934e-10
112 2.721607e-10
113 1.786044e-10
114 1.132992e-10
115 6.819603e-11
116 3.853454e-11
117 2.040641e-11
118 1.018723e-11
119 4.848993e-12
120 5.827749e-09
121 3.961012e-09
122 2.567533e-09
123 1.602737e-09
124 1.001111e-09
125 6.377002e-10
126 4.167125e-10
127 2.761509e-10
128 1.812733e-10
129 1.150980e-10
130 6.936232e-11
131 3.924296e-11
132 2.080767e-11
133 1.039677e-11
134 4.949901e-12
135 5.942481e-09
136 4.041699e-09
137 2.623045e-09
138 1.637452e-09
139 1.022150e-09
140 6.506222e-10
141 4.250176e-10
142 2.815334e-10
143 1.850120e-10
144 1.175834e-10
145 7.094298e-11
146 4.019230e-11
147 2.133460e-11
148 1.067147e-11
149 5.084568e-12
150 8.062358e-09
151 5.563108e-09
152 3.662393e-09
153 2.293259e-09
154 1.420976e-09
155 8.949799e-10
156 5.791626e-10
157 3.827437e-10
158 2.529944e-10
159 1.630705e-10
160 1.002598e-10
161 5.797530e-11
162 3.137151e-11
163 1.594026e-11
164 7.682556e-12
165 1.012807e-08
166 7.078261e-09
167 4.725943e-09
168 2.991771e-09
169 1.845915e-09
170 1.153288e-09
171 7.381501e-10
172 4.845018e-10
173 3.205579e-10
174 2.084422e-10
175 1.301080e-10
176 7.667847e-11
177 4.232420e-11
178 2.189831e-11
179 1.070757e-11
180 1.151751e-08
181 8.099212e-09
182 5.441175e-09
183 3.464612e-09
184 2.136335e-09
185 1.329919e-09
186 8.468268e-10
187 5.537957e-10
188 3.662798e-10
189 2.389663e-10
190 1.501127e-10
191 8.920163e-11
192 4.968183e-11
193 2.592394e-11
194 1.276512e-11
195 1.231382e-08
196 8.694923e-09
197 5.864414e-09
198 3.748132e-09
199 2.310197e-09
200 1.435171e-09
201 9.107942e-10
202 5.942188e-10
203 3.928921e-10
204 2.568458e-10
205 1.619841e-10
206 9.675464e-11
207 5.418900e-11
208 2.842498e-11
209 1.405820e-11
210 1.292841e-08
211 9.150557e-09
212 6.185418e-09
213 3.961597e-09
214 2.441637e-09
215 1.514810e-09
216 9.595060e-10
217 6.251810e-10
218 4.132801e-10
219 2.705075e-10
220 1.709798e-10
221 1.024304e-10
222 5.755147e-11
223 3.027926e-11
224 1.501210e-11
225 1.345608e-08
226 9.541490e-09
227 6.461911e-09
228 4.145582e-09
229 2.554635e-09
230 1.583231e-09
231 1.001318e-09
232 6.517119e-10
233 4.307725e-10
234 2.822096e-10
235 1.787250e-10
236 1.073221e-10
237 6.045350e-11
238 3.188115e-11
239 1.583630e-11
240 1.406275e-08
241 9.986619e-09
242 6.772921e-09
243 4.351172e-09
244 2.680711e-09
245 1.660208e-09
246 1.048813e-09
247 6.820265e-10
248 4.507236e-10
249 2.955134e-10
250 1.874024e-10
251 1.127375e-10
252 6.362570e-11
253 3.361289e-11
254 1.672125e-11
255 1.441265e-08
256 1.024840e-08
257 6.959212e-09
258 4.475163e-09
259 2.756929e-09
260 1.706406e-09
261 1.076988e-09
262 6.997819e-10
263 4.624530e-10
264 3.033848e-10
265 1.926338e-10
266 1.160709e-10
267 6.561849e-11
268 3.472073e-11
269 1.729363e-11
270 1.486404e-08
271 1.058532e-08
272 7.197759e-09
273 4.635072e-09
274 2.855143e-09
275 1.766245e-09
276 1.113373e-09
277 7.227838e-10
278 4.775083e-10
279 3.134943e-10
280 1.993301e-10
281 1.203178e-10
282 6.814802e-11
283 3.612068e-11
284 1.801652e-11
285 1.362742e-08
286 9.708636e-09
287 6.600824e-09
288 4.266118e-09
289 2.632273e-09
290 1.628772e-09
291 1.026092e-09
292 6.649063e-10
293 4.382941e-10
294 2.872515e-10
295 1.825183e-10
296 1.102433e-10
297 6.256056e-11
298 3.324796e-11
299 1.662834e-11
300 1.615923e-08
301 1.164439e-08
302 7.988023e-09
303 5.217958e-09
304 3.233466e-09
305 1.991931e-09
306 1.245389e-09
307 8.008303e-10
308 5.258997e-10
309 3.453169e-10
310 2.210327e-10
311 1.350272e-10
312 7.769051e-11
313 4.187349e-11
314 2.120661e-11
315 1.778827e-08
316 1.291892e-08
317 8.912697e-09
318 5.862614e-09
319 3.647052e-09
320 2.239930e-09
321 1.394513e-09
322 8.921349e-10
323 5.841600e-10
324 3.838294e-10
325 2.467417e-10
326 1.518057e-10
327 8.808756e-11
328 4.790380e-11
329 2.445928e-11
330 1.899634e-08
331 1.385660e-08
332 9.589022e-09
333 6.332588e-09
334 3.947014e-09
335 2.420660e-09
336 1.503427e-09
337 9.591366e-10
338 6.269853e-10
339 4.120902e-10
340 2.655268e-10
341 1.639883e-10
342 9.560071e-11
343 5.224074e-11
344 2.679097e-11
345 2.004306e-08
346 1.466983e-08
347 1.017901e-08
348 6.741231e-09
349 4.208375e-09
350 2.577979e-09
351 1.598499e-09
352 1.017420e-09
353 6.642124e-10
354 4.366358e-10
355 2.818799e-10
356 1.746070e-10
357 1.021591e-10
358 5.603260e-11
359 2.883180e-11
360 2.116392e-08
361 1.553036e-08
362 1.079654e-08
363 7.164676e-09
364 4.478492e-09
365 2.741168e-09
366 1.697113e-09
367 1.078506e-09
368 7.033413e-10
369 4.625170e-10
370 2.989509e-10
371 1.855835e-10
372 1.088648e-10
373 5.987052e-11
374 3.088192e-11
375 2.188569e-08
376 1.609582e-08
377 1.120771e-08
378 7.451356e-09
379 4.662444e-09
380 2.852373e-09
381 1.763783e-09
382 1.119121e-09
383 7.292690e-10
384 4.796566e-10
385 3.104027e-10
386 1.930565e-10
387 1.135011e-10
388 6.256713e-11
389 3.233789e-11
390 2.280343e-08
391 1.681329e-08
392 1.172743e-08
393 7.813137e-09
394 4.894434e-09
395 2.991768e-09
396 1.847818e-09
397 1.170761e-09
398 7.621073e-10
399 5.013487e-10
400 3.248584e-10
401 2.024664e-10
402 1.193337e-10
403 6.593698e-11
404 3.415539e-11
405 1.980640e-08
406 1.451062e-08
407 1.006900e-08
408 6.672030e-09
409 4.176722e-09
410 2.558928e-09
411 1.587116e-09
412 1.009204e-09
413 6.578929e-10
414 4.319423e-10
415 2.785575e-10
416 1.725097e-10
417 1.009976e-10
418 5.547507e-11
419 2.859808e-11
420 2.240810e-08
421 1.662316e-08
422 1.163201e-08
423 7.776675e-09
424 4.912827e-09
425 3.001735e-09
426 1.853208e-09
427 1.169087e-09
428 7.574240e-10
429 4.966131e-10
430 3.215236e-10
431 2.007976e-10
432 1.189113e-10
433 6.616001e-11
434 3.453735e-11
435 2.431526e-08
436 1.817208e-08
437 1.277549e-08
438 8.585797e-09
439 5.450917e-09
440 3.328067e-09
441 2.049483e-09
442 1.287101e-09
443 8.310301e-10
444 5.442284e-10
445 3.530267e-10
446 2.214523e-10
447 1.319510e-10
448 7.392699e-11
449 3.885675e-11
450 2.599346e-08
451 1.953139e-08
452 1.378402e-08
453 9.296912e-09
454 5.924982e-09
455 3.615835e-09
456 2.222207e-09
457 1.390812e-09
458 8.955544e-10
459 5.860450e-10
460 3.806948e-10
461 2.396069e-10
462 1.434278e-10
463 8.077374e-11
464 4.267057e-11
465 2.770577e-08
466 2.090262e-08
467 1.479210e-08
468 1.000408e-08
469 6.392315e-09
470 3.899915e-09
471 2.393455e-09
472 1.494519e-09
473 9.604232e-10
474 6.281057e-10
475 4.084194e-10
476 2.576683e-10
477 1.547429e-10
478 8.746460e-11
479 4.636859e-11
480 2.888483e-08
481 2.186454e-08
482 1.551046e-08
483 1.051211e-08
484 6.734060e-09
485 4.107830e-09
486 2.517956e-09
487 1.568878e-09
488 1.006613e-09
489 6.579007e-10
490 4.281628e-10
491 2.706679e-10
492 1.629962e-10
493 9.240992e-11
494 4.914081e-11
495 3.037385e-08
496 2.307917e-08
497 1.641141e-08
498 1.115082e-08
499 7.159988e-09
500 4.365747e-09
501 2.672561e-09
502 1.661857e-09
503 1.064298e-09
504 6.952840e-10
505 4.529270e-10
506 2.869461e-10
507 1.733089e-10
508 9.857469e-11
509 5.257455e-11
510 2.604977e-08
511 1.967538e-08
512 1.393651e-08
513 9.422853e-09
514 6.036686e-09
515 3.689338e-09
516 2.265043e-09
517 1.413550e-09
518 9.069946e-10
519 5.921460e-10
520 3.844779e-10
521 2.423728e-10
522 1.455815e-10
523 8.238448e-11
524 4.376531e-11
525 2.881046e-08
526 2.200343e-08
527 1.570725e-08
528 1.068776e-08
529 6.904307e-09
530 4.228476e-09
531 2.587332e-09
532 1.604623e-09
533 1.023734e-09
534 6.660787e-10
535 4.328396e-10
536 2.741660e-10
537 1.659645e-10
538 9.482719e-11
539 5.089172e-11
540 3.127305e-08
541 2.408963e-08
542 1.730182e-08
543 1.183208e-08
544 7.690397e-09
545 4.719931e-09
546 2.880613e-09
547 1.778641e-09
548 1.129295e-09
549 7.328829e-10
550 4.764354e-10
551 3.028135e-10
552 1.843580e-10
553 1.060891e-10
554 5.736792e-11
555 3.370296e-08
556 2.612456e-08
557 1.884586e-08
558 1.293061e-08
559 8.439601e-09
560 5.186990e-09
561 3.160140e-09
562 1.945647e-09
563 1.231508e-09
564 7.976163e-10
565 5.186304e-10
566 3.304051e-10
567 2.019443e-10
568 1.167727e-10
569 6.346736e-11
570 3.547616e-08
571 2.764526e-08
572 2.001360e-08
573 1.376994e-08
574 9.019724e-09
575 5.550762e-09
576 3.376969e-09
577 2.073994e-09
578 1.309121e-09
579 8.465223e-10
580 5.505281e-10
581 3.514026e-10
582 2.154715e-10
583 1.250894e-10
584 6.827071e-11
585 3.769502e-08
586 2.952970e-08
587 2.146151e-08
588 1.480997e-08
589 9.734073e-09
590 5.997662e-09
591 3.643325e-09
592 2.232121e-09
593 1.404988e-09
594 9.069723e-10
595 5.900103e-10
596 3.773705e-10
597 2.321717e-10
598 1.353338e-10
599 7.416963e-11
600 3.235610e-08
601 2.507784e-08
602 1.809611e-08
603 1.241115e-08
604 8.102098e-09
605 4.989783e-09
606 3.039993e-09
607 1.872450e-09
608 1.184892e-09
609 7.666878e-10
610 4.979691e-10
611 3.169095e-10
612 1.935613e-10
613 1.119075e-10
614 6.085143e-11
615 3.562169e-08
616 2.793743e-08
617 2.034422e-08
618 1.404174e-08
619 9.240292e-09
620 5.722634e-09
621 3.475346e-09
622 2.130581e-09
623 1.338952e-09
624 8.622461e-10
625 5.594259e-10
626 3.571239e-10
627 2.195573e-10
628 1.280758e-10
629 7.035184e-11
630 3.880130e-08
631 3.069005e-08
632 2.249247e-08
633 1.559479e-08
634 1.031687e-08
635 6.415231e-09
636 3.888094e-09
637 2.376424e-09
638 1.486694e-09
639 9.538682e-10
640 6.182886e-10
641 3.954822e-10
642 2.442035e-10
643 1.433091e-10
644 7.925522e-11
645 4.120485e-08
646 3.282179e-08
647 2.418287e-08
648 1.682628e-08
649 1.118069e-08
650 6.975428e-09
651 4.220908e-09
652 2.573451e-09
653 1.603757e-09
654 1.026062e-09
655 6.645608e-10
656 4.257475e-10
657 2.638125e-10
658 1.555566e-10
659 8.649108e-11
660 4.419739e-08
661 3.545584e-08
662 2.626569e-08
663 1.834468e-08
664 1.224057e-08
665 7.661607e-09
666 4.628933e-09
667 2.815427e-09
668 1.747875e-09
669 1.114933e-09
670 7.215784e-10
671 4.630205e-10
672 2.879303e-10
673 1.705930e-10
674 9.535832e-11
675 3.981393e-08
676 3.171688e-08
677 2.339045e-08
678 1.628276e-08
679 1.081897e-08
680 6.766820e-09
681 4.096604e-09
682 2.499491e-09
683 1.556476e-09
684 9.945753e-10
685 6.432574e-10
686 4.115776e-10
687 2.548528e-10
688 1.502714e-10
689 8.362186e-11
690 4.392619e-08
691 3.539254e-08
692 2.635716e-08
693 1.846324e-08
694 1.234967e-08
695 7.781608e-09
696 4.705103e-09
697 2.861749e-09
698 1.770478e-09
699 1.124633e-09
700 7.252687e-10
701 4.645658e-10
702 2.889947e-10
703 1.716526e-10
704 9.637529e-11
705 4.715711e-08
706 3.836231e-08
707 2.878889e-08
708 2.027605e-08
709 1.363299e-08
710 8.641356e-09
711 5.221291e-09
712 3.167569e-09
713 1.949623e-09
714 1.232474e-09
715 7.929169e-10
716 5.082517e-10
717 3.172961e-10
718 1.895352e-10
719 1.071587e-10
720 5.115463e-08
721 4.201767e-08
722 3.177097e-08
723 2.249486e-08
724 1.520153e-08
725 9.690669e-09
726 5.852214e-09
727 3.542046e-09
728 2.168859e-09
729 1.364674e-09
730 8.758704e-10
731 5.618068e-10
732 3.519560e-10
733 2.114023e-10
734 1.203242e-10
735 4.906501e-08
736 4.011412e-08
737 3.025698e-08
738 2.138757e-08
739 1.441993e-08
740 9.182823e-09
741 5.556988e-09
742 3.367690e-09
743 2.066041e-09
744 1.301534e-09
745 8.350502e-10
746 5.347464e-10
747 3.341621e-10
748 2.001487e-10
749 1.136206e-10
750 5.330235e-08
751 4.412478e-08
752 3.365571e-08
753 2.397254e-08
754 1.626688e-08
755 1.044841e-08
756 6.335617e-09
757 3.827046e-09
758 2.332654e-09
759 1.459300e-09
760 9.318313e-10
761 5.962375e-10
762 3.737789e-10
763 2.253237e-10
764 1.290291e-10
765 5.854582e-08
766 4.907431e-08
767 3.783239e-08
768 2.715422e-08
769 1.854148e-08
770 1.200579e-08
771 7.296537e-09
772 4.394590e-09
773 2.662039e-09
774 1.654223e-09
775 1.051354e-09
776 6.720760e-10
777 4.225639e-10
778 2.562797e-10
779 1.479575e-10
780 5.870209e-08
781 4.936676e-08
782 3.822453e-08
783 2.753284e-08
784 1.883688e-08
785 1.223655e-08
786 7.467066e-09
787 4.491265e-09
788 2.717310e-09
789 1.683514e-09
790 1.066627e-09
791 6.803467e-10
792 4.274676e-10
793 2.594829e-10
794 1.501561e-10
795 6.551265e-08
796 5.599126e-08
797 4.403072e-08
798 3.209029e-08
799 2.213924e-08
800 1.453656e-08
801 8.938487e-09
802 5.355281e-09
803 3.219362e-09
804 1.975064e-09
805 1.240819e-09
806 7.883067e-10
807 4.959942e-10
808 3.029423e-10
809 1.770270e-10
810 7.490592e-08
811 6.546132e-08
812 5.268427e-08
813 3.915335e-08
814 2.736915e-08
815 1.823038e-08
816 1.139891e-08
817 6.811631e-09
818 4.070266e-09
819 2.459914e-09
820 1.521948e-09
821 9.570413e-10
822 6.005773e-10
823 3.686418e-10
824 2.178637e-10
825 5.833329e-07
826 4.259463e-07
827 3.159745e-07
828 1.971230e-07
829 1.200305e-07
830 7.108441e-08
831 4.337901e-08
832 2.779779e-08
833 1.875042e-08
834 0.000000e+00
835 0.000000e+00
836 0.000000e+00
837 0.000000e+00
838 0.000000e+00
839 0.000000e+00
840 8.595832e-07
841 6.278358e-07
842 4.661138e-07
843 2.938143e-07
844 1.784985e-07
845 1.055934e-07
846 6.433158e-08
847 4.108862e-08
848 2.764772e-08
849 0.000000e+00
850 0.000000e+00
851 0.000000e+00
852 0.000000e+00
853 0.000000e+00
854 0.000000e+00
855 1.027522e-06
856 7.505875e-07
857 5.573761e-07
858 3.526148e-07
859 2.140356e-07
860 1.265725e-07
861 7.707119e-08
862 4.916961e-08
863 3.305711e-08
864 0.000000e+00
865 0.000000e+00
866 0.000000e+00
867 0.000000e+00
868 0.000000e+00
869 0.000000e+00
870 1.131495e-06
871 8.266024e-07
872 6.139024e-07
873 3.891930e-07
874 2.361187e-07
875 1.396047e-07
876 8.497976e-08
877 5.417958e-08
878 3.640712e-08
879 0.000000e+00
880 0.000000e+00
881 0.000000e+00
882 0.000000e+00
883 0.000000e+00
884 0.000000e+00
885 1.207892e-06
886 8.824421e-07
887 6.554228e-07
888 4.160002e-07
889 2.523105e-07
890 1.491622e-07
891 9.078195e-08
892 5.785759e-08
893 3.886838e-08
894 0.000000e+00
895 0.000000e+00
896 0.000000e+00
897 0.000000e+00
898 0.000000e+00
899 0.000000e+00
900 1.274060e-06
901 9.308150e-07
902 6.913910e-07
903 4.392312e-07
904 2.663432e-07
905 1.574447e-07
906 9.580925e-08
907 6.104413e-08
908 4.099989e-08
909 0.000000e+00
910 0.000000e+00
911 0.000000e+00
912 0.000000e+00
913 0.000000e+00
914 0.000000e+00
915 1.345020e-06
916 9.826775e-07
917 7.299471e-07
918 4.640395e-07
919 2.813421e-07
920 1.663003e-07
921 1.011878e-07
922 6.445730e-08
923 4.328530e-08
924 0.000000e+00
925 0.000000e+00
926 0.000000e+00
927 0.000000e+00
928 0.000000e+00
929 0.000000e+00
930 1.390656e-06
931 1.016036e-06
932 7.547572e-07
933 4.800970e-07
934 2.910365e-07
935 1.720204e-07
936 1.046595e-07
937 6.665613e-08
938 4.475573e-08
939 0.000000e+00
940 0.000000e+00
941 0.000000e+00
942 0.000000e+00
943 0.000000e+00
944 0.000000e+00
945 1.448767e-06
946 1.058524e-06
947 7.863459e-07
948 5.005199e-07
949 3.033721e-07
950 1.792999e-07
951 1.090775e-07
952 6.945570e-08
953 4.662793e-08
954 0.000000e+00
955 0.000000e+00
956 0.000000e+00
957 0.000000e+00
958 0.000000e+00
959 0.000000e+00
960 4.655626e-07
961 3.709041e-07
962 2.690345e-07
963 2.017437e-07
964 1.249117e-07
965 7.643094e-08
966 4.442165e-08
967 2.656317e-08
968 1.664202e-08
969 1.101610e-08
970 0.000000e+00
971 0.000000e+00
972 0.000000e+00
973 0.000000e+00
974 0.000000e+00
975 7.029492e-07
976 5.632586e-07
977 4.088646e-07
978 3.063693e-07
979 1.917578e-07
980 1.169597e-07
981 6.793022e-08
982 4.057263e-08
983 2.534191e-08
984 1.673388e-08
985 0.000000e+00
986 0.000000e+00
987 0.000000e+00
988 0.000000e+00
989 0.000000e+00
990 8.735217e-07
991 7.018337e-07
992 5.096580e-07
993 3.817400e-07
994 2.401580e-07
995 1.462492e-07
996 8.491838e-08
997 5.069359e-08
998 3.161844e-08
999 2.085431e-08
1000 0.000000e+00
1001 0.000000e+00
1002 0.000000e+00
1003 0.000000e+00
1004 0.000000e+00
1005 9.912955e-07
1006 7.974692e-07
1007 5.792003e-07
1008 4.337567e-07
1009 2.735200e-07
1010 1.664444e-07
1011 9.663295e-08
1012 5.767355e-08
1013 3.594820e-08
1014 2.369751e-08
1015 0.000000e+00
1016 0.000000e+00
1017 0.000000e+00
1018 0.000000e+00
1019 0.000000e+00
1020 1.094689e-06
1021 8.814221e-07
1022 6.402558e-07
1023 4.794206e-07
1024 3.028170e-07
1025 1.841772e-07
1026 1.069191e-07
1027 6.380216e-08
1028 3.974991e-08
1029 2.619365e-08
1030 0.000000e+00
1031 0.000000e+00
1032 0.000000e+00
1033 0.000000e+00
1034 0.000000e+00
1035 1.194060e-06
1036 9.620251e-07
1037 6.988667e-07
1038 5.232620e-07
1039 3.308826e-07
1040 2.011764e-07
1041 1.167805e-07
1042 6.967928e-08
1043 4.339754e-08
1044 2.859000e-08
1045 0.000000e+00
1046 0.000000e+00
1047 0.000000e+00
1048 0.000000e+00
1049 0.000000e+00
1050 1.269418e-06
1051 1.023253e-06
1052 7.433991e-07
1053 5.565641e-07
1054 3.522701e-07
1055 2.141175e-07
1056 1.242868e-07
1057 7.415126e-08
1058 4.617082e-08
1059 3.041055e-08
1060 0.000000e+00
1061 0.000000e+00
1062 0.000000e+00
1063 0.000000e+00
1064 0.000000e+00
1065 1.362731e-06
1066 1.099054e-06
1067 7.985280e-07
1068 5.977921e-07
1069 3.787367e-07
1070 2.301344e-07
1071 1.335772e-07
1072 7.968631e-08
1073 4.960354e-08
1074 3.266430e-08
1075 0.000000e+00
1076 0.000000e+00
1077 0.000000e+00
1078 0.000000e+00
1079 0.000000e+00
1080 1.266431e-07
1081 1.152795e-07
1082 8.887549e-08
1083 6.425076e-08
1084 4.816958e-08
1085 2.786387e-08
1086 1.708814e-08
1087 9.847221e-09
1088 5.819478e-09
1089 3.618805e-09
1090 0.000000e+00
1091 0.000000e+00
1092 0.000000e+00
1093 0.000000e+00
1094 0.000000e+00
1095 2.123272e-07
1096 1.940569e-07
1097 1.501684e-07
1098 1.084993e-07
1099 8.145148e-08
1100 4.735537e-08
1101 2.911259e-08
1102 1.673983e-08
1103 9.860600e-09
1104 6.118972e-09
1105 0.000000e+00
1106 0.000000e+00
1107 0.000000e+00
1108 0.000000e+00
1109 0.000000e+00
1110 2.722429e-07
1111 2.491936e-07
1112 1.931066e-07
1113 1.394945e-07
1114 1.047692e-07
1115 6.103223e-08
1116 3.755243e-08
1117 2.157590e-08
1118 1.269358e-08
1119 7.870814e-09
1120 0.000000e+00
1121 0.000000e+00
1122 0.000000e+00
1123 0.000000e+00
1124 0.000000e+00
1125 3.252412e-07
1126 2.979689e-07
1127 2.310948e-07
1128 1.669156e-07
1129 1.253982e-07
1130 7.313293e-08
1131 4.502008e-08
1132 2.585473e-08
1133 1.520007e-08
1134 9.420750e-09
1135 0.000000e+00
1136 0.000000e+00
1137 0.000000e+00
1138 0.000000e+00
1139 0.000000e+00
1140 3.731704e-07
1141 3.420622e-07
1142 2.654228e-07
1143 1.916986e-07
1144 1.440382e-07
1145 8.406166e-08
1146 5.176277e-08
1147 2.971906e-08
1148 1.746451e-08
1149 1.082124e-08
1150 0.000000e+00
1151 0.000000e+00
1152 0.000000e+00
1153 0.000000e+00
1154 0.000000e+00
1155 4.128723e-07
1156 3.786075e-07
1157 2.938887e-07
1158 2.122461e-07
1159 1.594968e-07
1160 9.313167e-08
1161 5.735991e-08
1162 3.292603e-08
1163 1.934281e-08
1164 1.198270e-08
1165 0.000000e+00
1166 0.000000e+00
1167 0.000000e+00
1168 0.000000e+00
1169 0.000000e+00
1170 4.613676e-07
1171 4.232429e-07
1172 3.286544e-07
1173 2.373414e-07
1174 1.783770e-07
1175 1.042075e-07
1176 6.419527e-08
1177 3.684237e-08
1178 2.163687e-08
1179 1.340111e-08
1180 0.000000e+00
1181 0.000000e+00
1182 0.000000e+00
1183 0.000000e+00
1184 0.000000e+00
1185 1.037105e-07
1186 1.024960e-07
1187 8.632316e-08
1188 6.309301e-08
1189 4.683562e-08
1190 3.193203e-08
1191 1.880222e-08
1192 1.071778e-08
1193 6.199588e-09
1194 3.660399e-09
1195 2.290851e-09
1196 0.000000e+00
1197 0.000000e+00
1198 0.000000e+00
1199 0.000000e+00
1200 1.716934e-07
1201 1.700542e-07
1202 1.436357e-07
1203 1.051240e-07
1204 7.793731e-08
1205 5.342357e-08
1206 3.133691e-08
1207 1.788215e-08
1208 1.035464e-08
1209 6.105230e-09
1210 3.814921e-09
1211 0.000000e+00
1212 0.000000e+00
1213 0.000000e+00
1214 0.000000e+00
1215 2.346231e-07
1216 2.326327e-07
1217 1.967707e-07
1218 1.441097e-07
1219 1.067738e-07
1220 7.338207e-08
1221 4.296429e-08
1222 2.453099e-08
1223 1.421124e-08
1224 8.373761e-09
1225 5.228350e-09
1226 0.000000e+00
1227 0.000000e+00
1228 0.000000e+00
1229 0.000000e+00
1230 2.896430e-07
1231 2.873408e-07
1232 2.432135e-07
1233 1.781822e-07
1234 1.319790e-07
1235 9.082120e-08
1236 5.312606e-08
1237 3.034130e-08
1238 1.758138e-08
1239 1.035625e-08
1240 6.463711e-09
1241 0.000000e+00
1242 0.000000e+00
1243 0.000000e+00
1244 0.000000e+00
1245 3.375231e-07
1246 3.349575e-07
1247 2.836492e-07
1248 2.078516e-07
1249 1.539236e-07
1250 1.060128e-07
1251 6.197515e-08
1252 3.540157e-08
1253 2.051671e-08
1254 1.208274e-08
1255 7.539353e-09
1256 0.000000e+00
1257 0.000000e+00
1258 0.000000e+00
1259 0.000000e+00
1260 3.955931e-07
1261 3.927063e-07
1262 3.326871e-07
1263 2.438320e-07
1264 1.805366e-07
1265 1.244351e-07
1266 7.270618e-08
1267 4.153824e-08
1268 2.407628e-08
1269 1.417647e-08
1270 8.843810e-09
1271 0.000000e+00
1272 0.000000e+00
1273 0.000000e+00
1274 0.000000e+00
1275 5.012648e-08
1276 5.220927e-08
1277 4.726663e-08
1278 3.617114e-08
1279 2.614008e-08
1280 1.958642e-08
1281 1.106956e-08
1282 6.688746e-09
1283 3.777925e-09
1284 2.181358e-09
1285 1.305536e-09
1286 0.000000e+00
1287 0.000000e+00
1288 0.000000e+00
1289 0.000000e+00
1290 9.077219e-08
1291 9.470972e-08
1292 8.596551e-08
1293 6.593559e-08
1294 4.762437e-08
1295 3.573136e-08
1296 2.024143e-08
1297 1.226457e-08
1298 6.914081e-09
1299 3.984279e-09
1300 2.380641e-09
1301 0.000000e+00
1302 0.000000e+00
1303 0.000000e+00
1304 0.000000e+00
1305 1.269455e-07
1306 1.325472e-07
1307 1.204393e-07
1308 9.246348e-08
1309 6.677084e-08
1310 5.012271e-08
1311 2.842238e-08
1312 1.724066e-08
1313 9.711991e-09
1314 5.591828e-09
1315 3.338930e-09
1316 0.000000e+00
1317 0.000000e+00
1318 0.000000e+00
1319 0.000000e+00
1320 1.594989e-07
1321 1.666030e-07
1322 1.514717e-07
1323 1.163479e-07
1324 8.400869e-08
1325 6.308059e-08
1326 3.579015e-08
1327 2.172292e-08
1328 1.223185e-08
1329 7.039450e-09
1330 4.201768e-09
1331 0.000000e+00
1332 0.000000e+00
1333 0.000000e+00
1334 0.000000e+00
1335 1.987987e-07
1336 2.077158e-07
1337 1.889354e-07
1338 1.451811e-07
1339 1.048185e-07
1340 7.872335e-08
1341 4.468376e-08
1342 2.713330e-08
1343 1.527355e-08
1344 8.786891e-09
1345 5.243354e-09
1346 0.000000e+00
1347 0.000000e+00
1348 0.000000e+00
1349 0.000000e+00
1350 6.725763e-08
1351 7.284127e-08
1352 6.990855e-08
1353 5.670519e-08
1354 4.091157e-08
1355 3.083147e-08
1356 1.930334e-08
1357 1.182453e-08
1358 6.564785e-09
1359 3.614724e-09
1360 2.087644e-09
1361 1.268649e-09
1362 0.000000e+00
1363 0.000000e+00
1364 0.000000e+00
1365 1.239159e-07
1366 1.343768e-07
1367 1.292213e-07
1368 1.050581e-07
1369 7.583591e-08
1370 5.710739e-08
1371 3.594529e-08
1372 2.196784e-08
1373 1.219812e-08
1374 6.719328e-09
1375 3.873655e-09
1376 2.349961e-09
1377 0.000000e+00
1378 0.000000e+00
1379 0.000000e+00
1380 1.779388e-07
1381 1.930707e-07
1382 1.858256e-07
1383 1.512336e-07
1384 1.091931e-07
1385 8.219851e-08
1386 5.186003e-08
1387 3.166105e-08
1388 1.758178e-08
1389 9.686978e-09
1390 5.580025e-09
1391 3.382540e-09
1392 0.000000e+00
1393 0.000000e+00
1394 0.000000e+00
1395 2.429607e-07
1396 2.637136e-07
1397 2.539535e-07
1398 2.068093e-07
1399 1.493410e-07
1400 1.123974e-07
1401 7.101453e-08
1402 4.332763e-08
1403 2.406140e-08
1404 1.325878e-08
1405 7.633757e-09
1406 4.625334e-09
1407 0.000000e+00
1408 0.000000e+00
1409 0.000000e+00
1410 8.366388e-08
1411 9.340351e-08
1412 9.387693e-08
1413 8.068642e-08
1414 5.948769e-08
1415 4.379826e-08
1416 3.089100e-08
1417 1.760876e-08
1418 9.917488e-09
1419 5.612374e-09
1420 3.121305e-09
1421 1.819587e-09
1422 0.000000e+00
1423 0.000000e+00
1424 0.000000e+00
1425 1.610955e-07
1426 1.800604e-07
1427 1.812967e-07
1428 1.562044e-07
1429 1.153285e-07
1430 8.482168e-08
1431 6.006286e-08
1432 3.414329e-08
1433 1.926444e-08
1434 1.090062e-08
1435 6.059630e-09
1436 3.526702e-09
1437 0.000000e+00
1438 0.000000e+00
1439 0.000000e+00
1440 2.563768e-07
1441 2.867143e-07
1442 2.889184e-07
1443 2.492110e-07
1444 1.841171e-07
1445 1.353492e-07
1446 9.601436e-08
1447 5.451240e-08
1448 3.078300e-08
1449 1.741688e-08
1450 9.680148e-09
1451 5.629579e-09
1452 0.000000e+00
1453 0.000000e+00
1454 0.000000e+00
1455 3.169439e-08
1456 3.632492e-08
1457 3.797490e-08
1458 3.451147e-08
1459 2.646948e-08
1460 1.911424e-08
1461 1.435930e-08
1462 8.051031e-09
1463 4.817402e-09
1464 2.638756e-09
1465 1.454452e-09
1466 8.119618e-10
1467 0.000000e+00
1468 0.000000e+00
1469 0.000000e+00
1470 7.088067e-08
1471 8.133532e-08
1472 8.518376e-08
1473 7.762346e-08
1474 5.967868e-08
1475 4.307270e-08
1476 3.239931e-08
1477 1.821676e-08
1478 1.093556e-08
1479 5.979395e-09
1480 3.288522e-09
1481 1.832345e-09
1482 0.000000e+00
1483 0.000000e+00
1484 0.000000e+00
1485 2.793732e-08
1486 3.283151e-08
1487 3.560419e-08
1488 3.418875e-08
1489 2.772687e-08
1490 2.000473e-08
1491 1.508977e-08
1492 9.388808e-09
1493 5.712462e-09
1494 3.099940e-09
1495 1.632651e-09
1496 8.806894e-10
1497 4.903089e-10
1498 0.000000e+00
1499 0.000000e+00
1500 1.439595e-04
1501 1.049080e-04
1502 7.831039e-05
1503 4.947224e-05
1504 3.016326e-05
1505 1.778318e-05
1506 1.081103e-05
1507 6.883945e-06
1508 4.625012e-06
1509 0.000000e+00
1510 0.000000e+00
1511 0.000000e+00
1512 0.000000e+00
1513 0.000000e+00
1514 0.000000e+00
1515 1.059205e-04
1516 8.537743e-05
1517 6.193516e-05
1518 4.646918e-05
1519 2.933191e-05
1520 1.790959e-05
1521 1.037236e-05
1522 6.179562e-06
1523 3.847050e-06
1524 2.534427e-06
1525 0.000000e+00
1526 0.000000e+00
1527 0.000000e+00
1528 0.000000e+00
1529 0.000000e+00
1530 1.667499e-05
1531 1.530291e-05
1532 1.187869e-05
1533 8.572371e-06
1534 6.454459e-06
1535 3.756173e-06
1536 2.319465e-06
1537 1.329568e-06
1538 7.815862e-07
1539 4.840584e-07
1540 0.000000e+00
1541 0.000000e+00
1542 0.000000e+00
1543 0.000000e+00
1544 0.000000e+00
1545 1.680863e-05
1546 1.669246e-05
1547 1.414417e-05
1548 1.036241e-05
1549 7.672216e-06
1550 5.293788e-06
1551 3.091452e-06
1552 1.764216e-06
1553 1.024131e-06
1554 6.024051e-07
1555 3.757881e-07
1556 0.000000e+00
1557 0.000000e+00
1558 0.000000e+00
1559 0.000000e+00
1560 5.753087e-06
1561 6.013110e-06
1562 5.471312e-06
1563 4.204090e-06
1564 3.034266e-06
1565 2.281189e-06
1566 1.292358e-06
1567 7.854259e-07
1568 4.417360e-07
1569 2.544969e-07
1570 1.517861e-07
1571 0.000000e+00
1572 0.000000e+00
1573 0.000000e+00
1574 0.000000e+00
1575 1.211730e-05
1576 1.315606e-05
1577 1.267395e-05
1578 1.032346e-05
1579 7.453185e-06
1580 5.610439e-06
1581 3.545700e-06
1582 2.165476e-06
1583 1.202508e-06
1584 6.614725e-07
1585 3.809264e-07
1586 2.308020e-07
1587 0.000000e+00
1588 0.000000e+00
1589 0.000000e+00
1590 1.964966e-05
1591 2.198080e-05
1592 2.215844e-05
1593 1.912093e-05
1594 1.412681e-05
1595 1.038281e-05
1596 7.373647e-06
1597 4.181875e-06
1598 2.360311e-06
1599 1.337228e-06
1600 7.426654e-07
1601 4.318515e-07
1602 0.000000e+00
1603 0.000000e+00
1604 0.000000e+00
1605 2.483638e-06
1606 2.850895e-06
1607 2.987220e-06
1608 2.723848e-06
1609 2.094969e-06
1610 1.511632e-06
1611 1.137912e-06
1612 6.394450e-07
1613 3.842513e-07
1614 2.099167e-07
1615 1.155176e-07
1616 6.431736e-08
1617 0.000000e+00
1618 0.000000e+00
1619 0.000000e+00
1620 9.071638e-07
1621 1.066884e-06
1622 1.158225e-06
1623 1.113978e-06
1624 9.050264e-07
1625 6.531152e-07
1626 4.924527e-07
1627 3.076136e-07
1628 1.870100e-07
1629 1.015106e-07
1630 5.341991e-08
1631 2.878572e-08
1632 1.600091e-08
1633 0.000000e+00
1634 0.000000e+00
1635 8.889516e-07
1636 1.072005e-06
1637 1.205906e-06
1638 1.224313e-06
1639 1.066405e-06
1640 7.930276e-07
1641 5.812984e-07
1642 4.167228e-07
1643 2.341981e-07
1644 1.313448e-07
1645 7.160349e-08
1646 3.728179e-08
1647 1.957560e-08
1648 0.000000e+00
1649 0.000000e+00
