0 2.014892e-09
1 1.299839e-09
2 8.146276e-10
3 5.152042e-10
4 3.328543e-10
5 2.201119e-10
6 1.465814e-10
7 9.597576e-11
8 6.038006e-11
9 3.589394e-11
10 1.998839e-11
11 1.043146e-11
12 5.145906e-12
13 2.428423e-12
14 1.110049e-12
15 3.412205e-09
16 2.251118e-09
17 1.417650e-09
18 8.833517e-10
19 5.613431e-10
20 3.659943e-10
21 2.433773e-10
22 1.615106e-10
23 1.042603e-10
24 6.409156e-11
25 3.698121e-11
26 1.994326e-11
27 1.009586e-11
28 4.852888e-12
29 2.244726e-12
30 3.789127e-09
31 2.509907e-09
32 1.583238e-09
33 9.819843e-10
34 6.223024e-10
35 4.044748e-10
36 2.689254e-10
37 1.789699e-10
38 1.160999e-10
39 7.177983e-11
40 4.166560e-11
41 2.258067e-11
42 1.146681e-11
43 5.517480e-12
44 2.551623e-12
45 4.029178e-09
46 2.673697e-09
47 1.687914e-09
48 1.044485e-09
49 6.610184e-10
50 4.290544e-10
51 2.852254e-10
52 1.900314e-10
53 1.235774e-10
54 7.662345e-11
55 4.460755e-11
56 2.422709e-11
57 1.231560e-11
58 5.929115e-12
59 2.741890e-12
60 4.179015e-09
61 2.776310e-09
62 1.753317e-09
63 1.083429e-09
64 6.851248e-10
65 4.442904e-10
66 2.953587e-10
67 1.969524e-10
68 1.282483e-10
69 7.967052e-11
70 4.645938e-11
71 2.526559e-11
72 1.285368e-11
73 6.189154e-12
74 2.860960e-12
75 4.272259e-09
76 2.840608e-09
77 1.794235e-09
78 1.107776e-09
79 7.000708e-10
80 4.536931e-10
81 3.016423e-10
82 2.012490e-10
83 1.311754e-10
84 8.158604e-11
85 4.764029e-11
86 2.593053e-11
87 1.319875e-11
88 6.355160e-12
89 2.938037e-12
90 4.406856e-09
91 2.931930e-09
92 1.852431e-09
93 1.142805e-09
94 7.219023e-10
95 4.676735e-10
96 3.109283e-10
97 2.075438e-10
98 1.353589e-10
99 8.426291e-11
100 4.923880e-11
101 2.681883e-11
102 1.366309e-11
103 6.578654e-12
104 3.040841e-12
105 4.435043e-09
106 2.951782e-09
107 1.865461e-09
108 1.149886e-09
109 7.261529e-10
110 4.702183e-10
111 3.126098e-10
112 2.087558e-10
113 1.362677e-10
114 8.490715e-11
115 4.965812e-11
116 2.705890e-11
117 1.378226e-11
118 6.636706e-12
119 3.066677e-12
120 4.534644e-09
121 3.020232e-09
122 1.909226e-09
123 1.175928e-09
124 7.424608e-10
125 4.805182e-10
126 3.194373e-10
127 2.134628e-10
128 1.394296e-10
129 8.693495e-11
130 5.087646e-11
131 2.773922e-11
132 1.413457e-11
133 6.806382e-12
134 3.145829e-12
135 4.639726e-09
136 3.091048e-09
137 1.954723e-09
138 1.203681e-09
139 7.595082e-10
140 4.913760e-10
141 3.266402e-10
142 2.182663e-10
143 1.427013e-10
144 8.905550e-11
145 5.216286e-11
146 2.846164e-11
147 1.450740e-11
148 6.985254e-12
149 3.228123e-12
150 7.725099e-09
151 5.308864e-09
152 3.479341e-09
153 2.164932e-09
154 1.343736e-09
155 8.478657e-10
156 5.510591e-10
157 3.653628e-10
158 2.417297e-10
159 1.554930e-10
160 9.515403e-11
161 5.465215e-11
162 2.933322e-11
163 1.478341e-11
164 7.076666e-12
165 9.609698e-09
166 6.674510e-09
167 4.433899e-09
168 2.781977e-09
169 1.715272e-09
170 1.074023e-09
171 6.913640e-10
172 4.560628e-10
173 3.024671e-10
174 1.964060e-10
175 1.219812e-10
176 7.130359e-11
177 3.895093e-11
178 1.993192e-11
179 9.650827e-12
180 1.071289e-08
181 7.464310e-09
182 4.981504e-09
183 3.133704e-09
184 1.924853e-09
185 1.202362e-09
186 7.712068e-10
187 5.080236e-10
188 3.374278e-10
189 2.200028e-10
190 1.373999e-10
191 8.080181e-11
192 4.438654e-11
193 2.280797e-11
194 1.106972e-11
195 1.143162e-08
196 7.981256e-09
197 5.341033e-09
198 3.364690e-09
199 2.061894e-09
200 1.286328e-09
201 8.231723e-10
202 5.419745e-10
203 3.602966e-10
204 2.354469e-10
205 1.475202e-10
206 8.705733e-11
207 4.797061e-11
208 2.470520e-11
209 1.200620e-11
210 1.191370e-08
211 8.329114e-09
212 5.583087e-09
213 3.520507e-09
214 2.154337e-09
215 1.342706e-09
216 8.581039e-10
217 5.647082e-10
218 3.755960e-10
219 2.458323e-10
220 1.543419e-10
221 9.128949e-11
222 5.039995e-11
223 2.599438e-11
224 1.264544e-11
225 1.246125e-08
226 8.719202e-09
227 5.852088e-09
228 3.692723e-09
229 2.257179e-09
230 1.405607e-09
231 8.976272e-10
232 5.903899e-10
233 3.929051e-10
234 2.574465e-10
235 1.618867e-10
236 9.589503e-11
237 5.301818e-11
238 2.737180e-11
239 1.331822e-11
240 1.269335e-08
241 8.887201e-09
242 5.970806e-09
243 3.769715e-09
244 2.302271e-09
245 1.433104e-09
246 9.142254e-10
247 6.012532e-10
248 4.003356e-10
249 2.625494e-10
250 1.653003e-10
251 9.805772e-11
252 5.428088e-11
253 2.804450e-11
254 1.364999e-11
255 1.311836e-08
256 9.192298e-09
257 6.181662e-09
258 3.905002e-09
259 2.383359e-09
260 1.482537e-09
261 9.449614e-10
262 6.212911e-10
263 4.137764e-10
264 2.716182e-10
265 1.712132e-10
266 1.016875e-10
267 5.634993e-11
268 2.913172e-11
269 1.418860e-11
270 1.357958e-08
271 9.521207e-09
272 6.408664e-09
273 4.050797e-09
274 2.469637e-09
275 1.535762e-09
276 9.785685e-10
277 6.431954e-10
278 4.284948e-10
279 2.814470e-10
280 1.776090e-10
281 1.056219e-10
282 5.859102e-11
283 3.031914e-11
284 1.477247e-11
285 1.319507e-08
286 9.361020e-09
287 6.346647e-09
288 4.084105e-09
289 2.511195e-09
290 1.557623e-09
291 9.835106e-10
292 6.391871e-10
293 4.222471e-10
294 2.767664e-10
295 1.755005e-10
296 1.055901e-10
297 5.959982e-11
298 3.148117e-11
299 1.565150e-11
300 1.554653e-08
301 1.113817e-08
302 7.613170e-09
303 4.953126e-09
304 3.050585e-09
305 1.883040e-09
306 1.179461e-09
307 7.615480e-10
308 5.017676e-10
309 3.298591e-10
310 2.108490e-10
311 1.283342e-10
312 7.340726e-11
313 3.928326e-11
314 1.974627e-11
315 1.703453e-08
316 1.225611e-08
317 8.404894e-09
318 5.496043e-09
319 3.383487e-09
320 2.082562e-09
321 1.299843e-09
322 8.370537e-10
323 5.512352e-10
324 3.630561e-10
325 2.330399e-10
326 1.426084e-10
327 8.203488e-11
328 4.411896e-11
329 2.225629e-11
330 1.806448e-08
331 1.302825e-08
332 8.955020e-09
333 5.872933e-09
334 3.615045e-09
335 2.221233e-09
336 1.383264e-09
337 8.892642e-10
338 5.853217e-10
339 3.860410e-10
340 2.484322e-10
341 1.525439e-10
342 8.806076e-11
343 4.750639e-11
344 2.401966e-11
345 1.913533e-08
346 1.382772e-08
347 9.518074e-09
348 6.255201e-09
349 3.850235e-09
350 2.362600e-09
351 1.468647e-09
352 9.430572e-10
353 6.206813e-10
354 4.096708e-10
355 2.641396e-10
356 1.625706e-10
357 9.407845e-11
358 5.086430e-11
359 2.575733e-11
360 1.969453e-08
361 1.425228e-08
362 9.821406e-09
363 6.465482e-09
364 3.978822e-09
365 2.439613e-09
366 1.514015e-09
367 9.714037e-10
368 6.391036e-10
369 4.222674e-10
370 2.726465e-10
371 1.681267e-10
372 9.748551e-11
373 5.279296e-11
374 2.676530e-11
375 2.053693e-08
376 1.488185e-08
377 1.026607e-08
378 6.768788e-09
379 4.164741e-09
380 2.551179e-09
381 1.581969e-09
382 1.014142e-09
383 6.670823e-10
384 4.409656e-10
385 2.850984e-10
386 1.760954e-10
387 1.022788e-10
388 5.546854e-11
389 2.814979e-11
390 2.147192e-08
391 1.558166e-08
392 1.075992e-08
393 7.104931e-09
394 4.372211e-09
395 2.676485e-09
396 1.657317e-09
397 1.061717e-09
398 6.980360e-10
399 4.617716e-10
400 2.989566e-10
401 1.849769e-10
402 1.076164e-10
403 5.845327e-11
404 2.969693e-11
405 1.936729e-08
406 1.416115e-08
407 9.812704e-09
408 6.497579e-09
409 4.057614e-09
410 2.485311e-09
411 1.541757e-09
412 9.818836e-10
413 6.408852e-10
414 4.211453e-10
415 2.716256e-10
416 1.681034e-10
417 9.827719e-11
418 5.386925e-11
419 2.770179e-11
420 2.197958e-08
421 1.624186e-08
422 1.133179e-08
423 7.563501e-09
424 4.759192e-09
425 2.902999e-09
426 1.793764e-09
427 1.134496e-09
428 7.368439e-10
429 4.839906e-10
430 3.134720e-10
431 1.955427e-10
432 1.154992e-10
433 6.401633e-11
434 3.326288e-11
435 2.371715e-08
436 1.761391e-08
437 1.232121e-08
438 8.258466e-09
439 5.212875e-09
440 3.168472e-09
441 1.954779e-09
442 1.231938e-09
443 7.986351e-10
444 5.248182e-10
445 3.408656e-10
446 2.135722e-10
447 1.268009e-10
448 7.063451e-11
449 3.685185e-11
450 2.544072e-08
451 1.896110e-08
452 1.329424e-08
453 8.934346e-09
454 5.651757e-09
455 3.428072e-09
456 2.112212e-09
457 1.327991e-09
458 8.596615e-10
459 5.650307e-10
460 3.676634e-10
461 2.310500e-10
462 1.376638e-10
463 7.695353e-11
464 4.026466e-11
465 2.644751e-08
466 1.976820e-08
467 1.387985e-08
468 9.347069e-09
469 5.923562e-09
470 3.586626e-09
471 2.207574e-09
472 1.385359e-09
473 8.958650e-10
474 5.889808e-10
475 3.838051e-10
476 2.417611e-10
477 1.444406e-10
478 8.095721e-11
479 4.245262e-11
480 2.782812e-08
481 2.084729e-08
482 1.466023e-08
483 9.890289e-09
484 6.277684e-09
485 3.794441e-09
486 2.333964e-09
487 1.462128e-09
488 9.446237e-10
489 6.211815e-10
490 4.053408e-10
491 2.558415e-10
492 1.532120e-10
493 8.606822e-11
494 4.520907e-11
495 2.936596e-08
496 2.205288e-08
497 1.552872e-08
498 1.049644e-08
499 6.672667e-09
500 4.027542e-09
501 2.475161e-09
502 1.548203e-09
503 9.991853e-10
504 6.571328e-10
505 4.293337e-10
506 2.715408e-10
507 1.630000e-10
508 9.177698e-11
509 4.830490e-11
510 2.589393e-08
511 1.951113e-08
512 1.379434e-08
513 9.316292e-09
514 5.957004e-09
515 3.635030e-09
516 2.234496e-09
517 1.395981e-09
518 8.970070e-10
519 5.862074e-10
520 3.807072e-10
521 2.398328e-10
522 1.438434e-10
523 8.122945e-11
524 4.304327e-11
525 2.861516e-08
526 2.178658e-08
527 1.550677e-08
528 1.053510e-08
529 6.790337e-09
530 4.143320e-09
531 2.539650e-09
532 1.576560e-09
533 1.007881e-09
534 6.570688e-10
535 4.274276e-10
536 2.706836e-10
537 1.636202e-10
538 9.324796e-11
539 4.986942e-11
540 3.107201e-08
541 2.378603e-08
542 1.697732e-08
543 1.156761e-08
544 7.485933e-09
545 4.559913e-09
546 2.789906e-09
547 1.725210e-09
548 1.100601e-09
549 7.172771e-10
550 4.674259e-10
551 2.970589e-10
552 1.803780e-10
553 1.032850e-10
554 5.546588e-11
555 3.263245e-08
556 2.509289e-08
557 1.795808e-08
558 1.226173e-08
559 7.962582e-09
560 4.845107e-09
561 2.960480e-09
562 1.825100e-09
563 1.162198e-09
564 7.570494e-10
565 4.939219e-10
566 3.147434e-10
567 1.917874e-10
568 1.102319e-10
569 5.939918e-11
570 3.464357e-08
571 2.674112e-08
572 1.917736e-08
573 1.312042e-08
574 8.544740e-09
575 5.194263e-09
576 3.170341e-09
577 1.949742e-09
578 1.239513e-09
579 8.070832e-10
580 5.271240e-10
581 3.366449e-10
582 2.057420e-10
583 1.186222e-10
584 6.409795e-11
585 3.688949e-08
586 2.857771e-08
587 2.053618e-08
588 1.407797e-08
589 9.191979e-09
590 5.583272e-09
591 3.403953e-09
592 2.088096e-09
593 1.325435e-09
594 8.626753e-10
595 5.640760e-10
596 3.610507e-10
597 2.212980e-10
598 1.279785e-10
599 6.934031e-11
600 3.251363e-08
601 2.520794e-08
602 1.818631e-08
603 1.247622e-08
604 8.146672e-09
605 5.013946e-09
606 3.056137e-09
607 1.881455e-09
608 1.190473e-09
609 7.704966e-10
610 5.005424e-10
611 3.186330e-10
612 1.946604e-10
613 1.125600e-10
614 6.120700e-11
615 3.594222e-08
616 2.813859e-08
617 2.044531e-08
618 1.409292e-08
619 9.263821e-09
620 5.721334e-09
621 3.474714e-09
622 2.129570e-09
623 1.340672e-09
624 8.649438e-10
625 5.618718e-10
626 3.588692e-10
627 2.205556e-10
628 1.285053e-10
629 7.044701e-11
630 3.810740e-08
631 3.001392e-08
632 2.188299e-08
633 1.511285e-08
634 9.975685e-09
635 6.164964e-09
636 3.729845e-09
637 2.279990e-09
638 1.431832e-09
639 9.226719e-10
640 6.000794e-10
641 3.844386e-10
642 2.372783e-10
643 1.389008e-10
644 7.647797e-11
645 4.082120e-08
646 3.232562e-08
647 2.364540e-08
648 1.636671e-08
649 1.084138e-08
650 6.706490e-09
651 4.046495e-09
652 2.467751e-09
653 1.546155e-09
654 9.950206e-10
655 6.475089e-10
656 4.157951e-10
657 2.575344e-10
658 1.513659e-10
659 8.366484e-11
660 4.385887e-08
661 3.491738e-08
662 2.561916e-08
663 1.776721e-08
664 1.180869e-08
665 7.312854e-09
666 4.400036e-09
667 2.677711e-09
668 1.673746e-09
669 1.075793e-09
670 7.005332e-10
671 4.508634e-10
672 2.801991e-10
673 1.653207e-10
674 9.171623e-11
675 4.066840e-08
676 3.237705e-08
677 2.386631e-08
678 1.661233e-08
679 1.103422e-08
680 6.897505e-09
681 4.177789e-09
682 2.548261e-09
683 1.587667e-09
684 1.014944e-09
685 6.565309e-10
686 4.200460e-10
687 2.600149e-10
688 1.532458e-10
689 8.522575e-11
690 4.377153e-08
691 3.519810e-08
692 2.614025e-08
693 1.827209e-08
694 1.220710e-08
695 7.672205e-09
696 4.629166e-09
697 2.817964e-09
698 1.746336e-09
699 1.111294e-09
700 7.180701e-10
701 4.604068e-10
702 2.864023e-10
703 1.699383e-10
704 9.522415e-11
705 4.728337e-08
706 3.828015e-08
707 2.854937e-08
708 1.999550e-08
709 1.340556e-08
710 8.449923e-09
711 5.072022e-09
712 3.085101e-09
713 1.905170e-09
714 1.209770e-09
715 7.819965e-10
716 5.027190e-10
717 3.140275e-10
718 1.872439e-10
719 1.054249e-10
720 5.128050e-08
721 4.180246e-08
722 3.132407e-08
723 2.199412e-08
724 1.479769e-08
725 9.359014e-09
726 5.595690e-09
727 3.400260e-09
728 2.091811e-09
729 1.324909e-09
730 8.562770e-10
731 5.516423e-10
732 3.458965e-10
733 2.072158e-10
734 1.172357e-10
735 4.825955e-08
736 3.948693e-08
737 2.980114e-08
738 2.107930e-08
739 1.422003e-08
740 9.059654e-09
741 5.485156e-09
742 3.324267e-09
743 2.039271e-09
744 1.283697e-09
745 8.232259e-10
746 5.270084e-10
747 3.293078e-10
748 1.972728e-10
749 1.120268e-10
750 5.288028e-08
751 4.371861e-08
752 3.327372e-08
753 2.364391e-08
754 1.602384e-08
755 1.027732e-08
756 6.206374e-09
757 3.754954e-09
758 2.288956e-09
759 1.434504e-09
760 9.178967e-10
761 5.883721e-10
762 3.692081e-10
763 2.225781e-10
764 1.273370e-10
765 5.794801e-08
766 4.833846e-08
767 3.702289e-08
768 2.638746e-08
769 1.794261e-08
770 1.156963e-08
771 6.960067e-09
772 4.205005e-09
773 2.548068e-09
774 1.592402e-09
775 1.018061e-09
776 6.539024e-10
777 4.121156e-10
778 2.498619e-10
779 1.438345e-10
780 5.954022e-08
781 5.016331e-08
782 3.891031e-08
783 2.806787e-08
784 1.922518e-08
785 1.250468e-08
786 7.636865e-09
787 4.594893e-09
788 2.777343e-09
789 1.718743e-09
790 1.087660e-09
791 6.933187e-10
792 4.356170e-10
793 2.645765e-10
794 1.532554e-10
795 6.637425e-08
796 5.665919e-08
797 4.444664e-08
798 3.229079e-08
799 2.222560e-08
800 1.457639e-08
801 8.923155e-09
802 5.340098e-09
803 3.207601e-09
804 1.972869e-09
805 1.243556e-09
806 7.922815e-10
807 4.995388e-10
808 3.054253e-10
809 1.784589e-10
810 7.666590e-08
811 6.699787e-08
812 5.390595e-08
813 4.003742e-08
814 2.797131e-08
815 1.862914e-08
816 1.164022e-08
817 6.948549e-09
818 4.152559e-09
819 2.510627e-09
820 1.554005e-09
821 9.779287e-10
822 6.140848e-10
823 3.771188e-10
824 2.229358e-10
825 1.087853e-06
826 7.946116e-07
827 5.880308e-07
828 3.650429e-07
829 2.225135e-07
830 1.318508e-07
831 8.055676e-08
832 5.174477e-08
833 3.495984e-08
834 0.000000e+00
835 0.000000e+00
836 0.000000e+00
837 0.000000e+00
838 0.000000e+00
839 0.000000e+00
840 1.641297e-06
841 1.199242e-06
842 8.886359e-07
843 5.588934e-07
844 3.396763e-07
845 2.010153e-07
846 1.225474e-07
847 7.838104e-08
848 5.278870e-08
849 0.000000e+00
850 0.000000e+00
851 0.000000e+00
852 0.000000e+00
853 0.000000e+00
854 0.000000e+00
855 1.963050e-06
856 1.434472e-06
857 1.063358e-06
858 6.713576e-07
859 4.076826e-07
860 2.411659e-07
861 1.469316e-07
862 9.385767e-08
863 6.315288e-08
864 0.000000e+00
865 0.000000e+00
866 0.000000e+00
867 0.000000e+00
868 0.000000e+00
869 0.000000e+00
870 2.177351e-06
871 1.591132e-06
872 1.179744e-06
873 7.463090e-07
874 4.530001e-07
875 2.679205e-07
876 1.631762e-07
877 1.041676e-07
878 7.005537e-08
879 0.000000e+00
880 0.000000e+00
881 0.000000e+00
882 0.000000e+00
883 0.000000e+00
884 0.000000e+00
885 2.325757e-06
886 1.699631e-06
887 1.260351e-06
888 7.982758e-07
889 4.844123e-07
890 2.864660e-07
891 1.744344e-07
892 1.113096e-07
893 7.483637e-08
894 0.000000e+00
895 0.000000e+00
896 0.000000e+00
897 0.000000e+00
898 0.000000e+00
899 0.000000e+00
900 2.476274e-06
901 1.809652e-06
902 1.342066e-06
903 8.507609e-07
904 5.161602e-07
905 3.052138e-07
906 1.858247e-07
907 1.185437e-07
908 7.968356e-08
909 0.000000e+00
910 0.000000e+00
911 0.000000e+00
912 0.000000e+00
913 0.000000e+00
914 0.000000e+00
915 2.558918e-06
916 1.870089e-06
917 1.386984e-06
918 8.798375e-07
919 5.337219e-07
920 3.155770e-07
921 1.921120e-07
922 1.225268e-07
923 8.234703e-08
924 0.000000e+00
925 0.000000e+00
926 0.000000e+00
927 0.000000e+00
928 0.000000e+00
929 0.000000e+00
930 2.678936e-06
931 1.957828e-06
932 1.452148e-06
933 9.217300e-07
934 5.590611e-07
935 3.305409e-07
936 2.012007e-07
937 1.282978e-07
938 8.621222e-08
939 0.000000e+00
940 0.000000e+00
941 0.000000e+00
942 0.000000e+00
943 0.000000e+00
944 0.000000e+00
945 2.811570e-06
946 2.054800e-06
947 1.524169e-06
948 9.680513e-07
949 5.870770e-07
950 3.470814e-07
951 2.112471e-07
952 1.346765e-07
953 9.048434e-08
954 0.000000e+00
955 0.000000e+00
956 0.000000e+00
957 0.000000e+00
958 0.000000e+00
959 0.000000e+00
960 4.942669e-07
961 3.923696e-07
962 2.845013e-07
963 2.133619e-07
964 1.312843e-07
965 8.048330e-08
966 4.680153e-08
967 2.799807e-08
968 1.757597e-08
969 1.165211e-08
970 0.000000e+00
971 0.000000e+00
972 0.000000e+00
973 0.000000e+00
974 0.000000e+00
975 7.969516e-07
976 6.383903e-07
977 4.634855e-07
978 3.471564e-07
979 2.172955e-07
980 1.324968e-07
981 7.698029e-08
982 4.597528e-08
983 2.872337e-08
984 1.896863e-08
985 0.000000e+00
986 0.000000e+00
987 0.000000e+00
988 0.000000e+00
989 0.000000e+00
990 9.946006e-07
991 7.988868e-07
992 5.802350e-07
993 4.344460e-07
994 2.733182e-07
995 1.663938e-07
996 9.664994e-08
997 5.769339e-08
998 3.599299e-08
999 2.374150e-08
1000 0.000000e+00
1001 0.000000e+00
1002 0.000000e+00
1003 0.000000e+00
1004 0.000000e+00
1005 1.135283e-06
1006 9.131606e-07
1007 6.633608e-07
1008 4.965911e-07
1009 3.132173e-07
1010 1.905340e-07
1011 1.106567e-07
1012 6.603753e-08
1013 4.116890e-08
1014 2.713972e-08
1015 0.000000e+00
1016 0.000000e+00
1017 0.000000e+00
1018 0.000000e+00
1019 0.000000e+00
1020 1.262932e-06
1021 1.016715e-06
1022 7.386813e-07
1023 5.529120e-07
1024 3.492969e-07
1025 2.123773e-07
1026 1.233328e-07
1027 7.359041e-08
1028 4.585694e-08
1029 3.021906e-08
1030 0.000000e+00
1031 0.000000e+00
1032 0.000000e+00
1033 0.000000e+00
1034 0.000000e+00
1035 1.350312e-06
1036 1.087758e-06
1037 7.903683e-07
1038 5.915507e-07
1039 3.741507e-07
1040 2.274052e-07
1041 1.320518e-07
1042 7.878342e-08
1043 4.907647e-08
1044 3.233189e-08
1045 0.000000e+00
1046 0.000000e+00
1047 0.000000e+00
1048 0.000000e+00
1049 0.000000e+00
1050 1.455325e-06
1051 1.172984e-06
1052 8.523586e-07
1053 6.379004e-07
1054 4.038634e-07
1055 2.453907e-07
1056 1.424881e-07
1057 8.500167e-08
1058 5.293538e-08
1059 3.486617e-08
1060 0.000000e+00
1061 0.000000e+00
1062 0.000000e+00
1063 0.000000e+00
1064 0.000000e+00
1065 1.572498e-06
1066 1.268082e-06
1067 9.215286e-07
1068 6.896205e-07
1069 4.370203e-07
1070 2.654609e-07
1071 1.541355e-07
1072 9.194102e-08
1073 5.724133e-08
1074 3.769407e-08
1075 0.000000e+00
1076 0.000000e+00
1077 0.000000e+00
1078 0.000000e+00
1079 0.000000e+00
1080 9.820209e-08
1081 8.909550e-08
1082 6.848335e-08
1083 4.953457e-08
1084 3.708795e-08
1085 2.137315e-08
1086 1.308262e-08
1087 7.551746e-09
1088 4.474182e-09
1089 2.786953e-09
1090 0.000000e+00
1091 0.000000e+00
1092 0.000000e+00
1093 0.000000e+00
1094 0.000000e+00
1095 1.773478e-07
1096 1.620071e-07
1097 1.253271e-07
1098 9.056715e-08
1099 6.795613e-08
1100 3.951624e-08
1101 2.428062e-08
1102 1.396557e-08
1103 8.228162e-09
1104 5.106944e-09
1105 0.000000e+00
1106 0.000000e+00
1107 0.000000e+00
1108 0.000000e+00
1109 0.000000e+00
1110 2.311895e-07
1111 2.115637e-07
1112 1.639309e-07
1113 1.184372e-07
1114 8.891518e-08
1115 5.182252e-08
1116 3.187226e-08
1117 1.831566e-08
1118 1.077607e-08
1119 6.682235e-09
1120 0.000000e+00
1121 0.000000e+00
1122 0.000000e+00
1123 0.000000e+00
1124 0.000000e+00
1125 2.770253e-07
1126 2.537266e-07
1127 1.967587e-07
1128 1.421383e-07
1129 1.067381e-07
1130 6.227962e-08
1131 3.832155e-08
1132 2.201198e-08
1133 1.294207e-08
1134 8.021712e-09
1135 0.000000e+00
1136 0.000000e+00
1137 0.000000e+00
1138 0.000000e+00
1139 0.000000e+00
1140 3.120368e-07
1141 2.859554e-07
1142 2.218706e-07
1143 1.602668e-07
1144 1.203732e-07
1145 7.028687e-08
1146 4.326178e-08
1147 2.484253e-08
1148 1.459971e-08
1149 9.046473e-09
1150 0.000000e+00
1151 0.000000e+00
1152 0.000000e+00
1153 0.000000e+00
1154 0.000000e+00
1155 3.504262e-07
1156 3.212755e-07
1157 2.493735e-07
1158 1.801232e-07
1159 1.353049e-07
1160 7.904922e-08
1161 4.866614e-08
1162 2.793988e-08
1163 1.641447e-08
1164 1.016870e-08
1165 0.000000e+00
1166 0.000000e+00
1167 0.000000e+00
1168 0.000000e+00
1169 0.000000e+00
1170 3.934794e-07
1171 3.608877e-07
1172 2.802201e-07
1173 2.023933e-07
1174 1.520521e-07
1175 8.887723e-08
1176 5.472804e-08
1177 3.141394e-08
1178 1.844998e-08
1179 1.142740e-08
1180 0.000000e+00
1181 0.000000e+00
1182 0.000000e+00
1183 0.000000e+00
1184 0.000000e+00
1185 9.889068e-08
1186 9.737007e-08
1187 8.161195e-08
1188 5.952262e-08
1189 4.427662e-08
1190 2.991175e-08
1191 1.772252e-08
1192 1.008541e-08
1193 5.824567e-09
1194 3.447210e-09
1195 2.163170e-09
1196 0.000000e+00
1197 0.000000e+00
1198 0.000000e+00
1199 0.000000e+00
1200 1.875916e-07
1201 1.855772e-07
1202 1.565140e-07
1203 1.144862e-07
1204 8.492933e-08
1205 5.804930e-08
1206 3.411240e-08
1207 1.945954e-08
1208 1.126183e-08
1209 6.645682e-09
1210 4.155896e-09
1211 0.000000e+00
1212 0.000000e+00
1213 0.000000e+00
1214 0.000000e+00
1215 2.548637e-07
1216 2.524081e-07
1217 2.131885e-07
1218 1.560486e-07
1219 1.156881e-07
1220 7.928767e-08
1221 4.650448e-08
1222 2.654360e-08
1223 1.536898e-08
1224 9.063146e-09
1225 5.663132e-09
1226 0.000000e+00
1227 0.000000e+00
1228 0.000000e+00
1229 0.000000e+00
1230 3.091201e-07
1231 3.063155e-07
1232 2.589154e-07
1233 1.895850e-07
1234 1.405050e-07
1235 9.642982e-08
1236 5.650373e-08
1237 3.226010e-08
1238 1.868350e-08
1239 1.101390e-08
1240 6.879238e-09
1241 0.000000e+00
1242 0.000000e+00
1243 0.000000e+00
1244 0.000000e+00
1245 3.658000e-07
1246 3.626188e-07
1247 3.066588e-07
1248 2.245967e-07
1249 1.664162e-07
1250 1.143178e-07
1251 6.694254e-08
1252 3.822720e-08
1253 2.214302e-08
1254 1.305025e-08
1255 8.148930e-09
1256 0.000000e+00
1257 0.000000e+00
1258 0.000000e+00
1259 0.000000e+00
1260 4.295460e-07
1261 4.259433e-07
1262 3.603573e-07
1263 2.639746e-07
1264 1.955596e-07
1265 1.344377e-07
1266 7.868316e-08
1267 4.493844e-08
1268 2.603399e-08
1269 1.534060e-08
1270 9.576956e-09
1271 0.000000e+00
1272 0.000000e+00
1273 0.000000e+00
1274 0.000000e+00
1275 9.143519e-08
1276 9.497983e-08
1277 8.564778e-08
1278 6.531511e-08
1279 4.724168e-08
1280 3.532250e-08
1281 1.989386e-08
1282 1.197068e-08
1283 6.780725e-09
1284 3.927074e-09
1285 2.356256e-09
1286 0.000000e+00
1287 0.000000e+00
1288 0.000000e+00
1289 0.000000e+00
1290 1.874207e-07
1291 1.954643e-07
1292 1.773076e-07
1293 1.359312e-07
1294 9.819958e-08
1295 7.363916e-08
1296 4.171268e-08
1297 2.525688e-08
1298 1.424568e-08
1299 8.210516e-09
1300 4.907830e-09
1301 0.000000e+00
1302 0.000000e+00
1303 0.000000e+00
1304 0.000000e+00
1305 2.592339e-07
1306 2.705836e-07
1307 2.457506e-07
1308 1.886059e-07
1309 1.362191e-07
1310 1.022115e-07
1311 5.796362e-08
1312 3.514092e-08
1313 1.980352e-08
1314 1.140283e-08
1315 6.810815e-09
1316 0.000000e+00
1317 0.000000e+00
1318 0.000000e+00
1319 0.000000e+00
1320 3.314650e-07
1321 3.461223e-07
1322 3.145534e-07
1323 2.415414e-07
1324 1.744293e-07
1325 1.309231e-07
1326 7.428894e-08
1327 4.506744e-08
1328 2.538627e-08
1329 1.461010e-08
1330 8.723108e-09
1331 0.000000e+00
1332 0.000000e+00
1333 0.000000e+00
1334 0.000000e+00
1335 4.128685e-07
1336 4.312533e-07
1337 3.920942e-07
1338 3.012013e-07
1339 2.174928e-07
1340 1.632824e-07
1341 9.268863e-08
1342 5.625491e-08
1343 3.167819e-08
1344 1.822511e-08
1345 1.087837e-08
1346 0.000000e+00
1347 0.000000e+00
1348 0.000000e+00
1349 0.000000e+00
1350 6.396381e-08
1351 6.907921e-08
1352 6.601158e-08
1353 5.327040e-08
1354 3.839026e-08
1355 2.897918e-08
1356 1.793157e-08
1357 1.103975e-08
1358 6.127010e-09
1359 3.371043e-09
1360 1.954639e-09
1361 1.192364e-09
1362 0.000000e+00
1363 0.000000e+00
1364 0.000000e+00
1365 1.424971e-07
1366 1.544677e-07
1367 1.484572e-07
1368 1.206225e-07
1369 8.706467e-08
1370 6.557159e-08
1371 4.121813e-08
1372 2.519814e-08
1373 1.399161e-08
1374 7.709537e-09
1375 4.446204e-09
1376 2.698465e-09
1377 0.000000e+00
1378 0.000000e+00
1379 0.000000e+00
1380 2.087505e-07
1381 2.264276e-07
1382 2.178246e-07
1383 1.771842e-07
1384 1.279228e-07
1385 9.630771e-08
1386 6.069526e-08
1387 3.706310e-08
1388 2.058142e-08
1389 1.134303e-08
1390 6.535939e-09
1391 3.963445e-09
1392 0.000000e+00
1393 0.000000e+00
1394 0.000000e+00
1395 2.832910e-07
1396 3.073869e-07
1397 2.958642e-07
1398 2.408135e-07
1399 1.738856e-07
1400 1.308850e-07
1401 8.260175e-08
1402 5.040951e-08
1403 2.799396e-08
1404 1.542996e-08
1405 8.886673e-09
1406 5.386498e-09
1407 0.000000e+00
1408 0.000000e+00
1409 0.000000e+00
1410 5.086038e-08
1411 5.664322e-08
1412 5.671917e-08
1413 4.849961e-08
1414 3.565091e-08
1415 2.630647e-08
1416 1.839926e-08
1417 1.054864e-08
1418 5.918590e-09
1419 3.350209e-09
1420 1.865020e-09
1421 1.091080e-09
1422 0.000000e+00
1423 0.000000e+00
1424 0.000000e+00
1425 1.213379e-07
1426 1.355799e-07
1427 1.364463e-07
1428 1.174888e-07
1429 8.671759e-08
1430 6.379620e-08
1431 4.512500e-08
1432 2.567215e-08
1433 1.448096e-08
1434 8.191741e-09
1435 4.554988e-09
1436 2.652061e-09
1437 0.000000e+00
1438 0.000000e+00
1439 0.000000e+00
1440 1.899218e-07
1441 2.123262e-07
1442 2.138532e-07
1443 1.843428e-07
1444 1.361481e-07
1445 1.001142e-07
1446 7.093838e-08
1447 4.030882e-08
1448 2.275521e-08
1449 1.287177e-08
1450 7.155848e-09
1451 4.163305e-09
1452 0.000000e+00
1453 0.000000e+00
1454 0.000000e+00
1455 4.668855e-08
1456 5.343962e-08
1457 5.575779e-08
1458 5.052399e-08
1459 3.864711e-08
1460 2.792327e-08
1461 2.094914e-08
1462 1.170677e-08
1463 6.980502e-09
1464 3.830574e-09
1465 2.117062e-09
1466 1.184248e-09
1467 0.000000e+00
1468 0.000000e+00
1469 0.000000e+00
1470 1.153706e-07
1471 1.323883e-07
1472 1.386553e-07
1473 1.263528e-07
1474 9.714874e-08
1475 7.011764e-08
1476 5.273959e-08
1477 2.965990e-08
1478 1.780501e-08
1479 9.735816e-09
1480 5.353579e-09
1481 2.982983e-09
1482 0.000000e+00
1483 0.000000e+00
1484 0.000000e+00
1485 4.335482e-08
1486 5.091414e-08
1487 5.515793e-08
1488 5.288290e-08
1489 4.280770e-08
1490 3.087242e-08
1491 2.330168e-08
1492 1.443470e-08
1493 8.798453e-09
1494 4.773210e-09
1495 2.512324e-09
1496 1.357136e-09
1497 7.568844e-10
1498 0.000000e+00
1499 0.000000e+00
1500 5.217619e-04
1501 3.801458e-04
1502 2.836672e-04
1503 1.784974e-04
1504 1.090024e-04
1505 6.427069e-05
1506 3.908011e-05
1507 2.491715e-05
1508 1.675688e-05
1509 0.000000e+00
1510 0.000000e+00
1511 0.000000e+00
1512 0.000000e+00
1513 0.000000e+00
1514 0.000000e+00
1515 1.353390e-04
1516 1.090762e-04
1517 7.912049e-05
1518 5.936770e-05
1519 3.746181e-05
1520 2.288417e-05
1521 1.325261e-05
1522 7.892665e-06
1523 4.914304e-06
1524 3.237709e-06
1525 0.000000e+00
1526 0.000000e+00
1527 0.000000e+00
1528 0.000000e+00
1529 0.000000e+00
1530 1.156106e-05
1531 1.060939e-05
1532 8.235018e-06
1533 5.942824e-06
1534 4.474615e-06
1535 2.603677e-06
1536 1.607893e-06
1537 9.216212e-07
1538 5.418448e-07
1539 3.355723e-07
1540 0.000000e+00
1541 0.000000e+00
1542 0.000000e+00
1543 0.000000e+00
1544 0.000000e+00
1545 1.873790e-05
1546 1.859045e-05
1547 1.573260e-05
1548 1.151951e-05
1549 8.533537e-06
1550 5.874475e-06
1551 3.436060e-06
1552 1.959924e-06
1553 1.137340e-06
1554 6.693706e-07
1555 4.178451e-07
1556 0.000000e+00
1557 0.000000e+00
1558 0.000000e+00
1559 0.000000e+00
1560 2.346625e-05
1561 2.452175e-05
1562 2.230567e-05
1563 1.713511e-05
1564 1.236784e-05
1565 9.296859e-06
1566 5.265541e-06
1567 3.199160e-06
1568 1.799606e-06
1569 1.037073e-06
1570 6.186261e-07
1571 0.000000e+00
1572 0.000000e+00
1573 0.000000e+00
1574 0.000000e+00
1575 1.552901e-05
1576 1.685600e-05
1577 1.623207e-05
1578 1.321605e-05
1579 9.540618e-06
1580 7.182772e-06
1581 4.534978e-06
1582 2.770818e-06
1583 1.538624e-06
1584 8.462961e-07
1585 4.875238e-07
1586 2.954827e-07
1587 0.000000e+00
1588 0.000000e+00
1589 0.000000e+00
1590 1.013379e-05
1591 1.133307e-05
1592 1.142022e-05
1593 9.849538e-06
1594 7.274711e-06
1595 5.347930e-06
1596 3.794731e-06
1597 2.153389e-06
1598 1.214924e-06
1599 6.883325e-07
1600 3.823197e-07
1601 2.223985e-07
1602 0.000000e+00
1603 0.000000e+00
1604 0.000000e+00
1605 6.209753e-06
1606 7.128628e-06
1607 7.470410e-06
1608 6.812985e-06
1609 5.240876e-06
1610 3.781390e-06
1611 2.846851e-06
1612 1.599981e-06
1613 9.616713e-07
1614 5.252860e-07
1615 2.890429e-07
1616 1.609067e-07
1617 0.000000e+00
1618 0.000000e+00
1619 0.000000e+00
1620 2.253432e-06
1621 2.650017e-06
1622 2.876630e-06
1623 2.766359e-06
1624 2.247076e-06
1625 1.621543e-06
1626 1.222723e-06
1627 7.634930e-07
1628 4.642348e-07
1629 2.519855e-07
1630 1.325955e-07
1631 7.145892e-08
1632 3.972756e-08
1633 0.000000e+00
1634 0.000000e+00
1635 1.545759e-07
1636 1.864266e-07
1637 2.097449e-07
1638 2.129946e-07
1639 1.855825e-07
1640 1.380344e-07
1641 1.011676e-07
1642 7.256048e-08
1643 4.076694e-08
1644 2.286989e-08
1645 1.246750e-08
1646 6.491461e-09
1647 3.407765e-09
1648 0.000000e+00
1649 0.000000e+00
