0 1.771832e-09
1 1.136368e-09
2 7.119660e-10
3 4.523711e-10
4 2.935628e-10
5 1.947671e-10
6 1.296778e-10
7 8.455761e-11
8 5.281189e-11
9 3.109391e-11
10 1.714677e-11
11 8.868267e-12
12 4.344838e-12
13 2.041145e-12
14 9.305996e-13
15 3.038029e-09
16 1.986779e-09
17 1.239978e-09
18 7.732249e-10
19 4.939940e-10
20 3.245090e-10
21 2.168365e-10
22 1.439125e-10
23 9.238762e-11
24 5.620745e-11
25 3.197688e-11
26 1.696763e-11
27 8.452391e-12
28 4.007320e-12
29 1.835012e-12
30 3.296497e-09
31 2.154799e-09
32 1.338412e-09
33 8.267980e-10
34 5.280233e-10
35 3.469021e-10
36 2.327857e-10
37 1.553592e-10
38 1.002258e-10
39 6.113562e-11
40 3.477365e-11
41 1.836574e-11
42 9.070854e-12
43 4.251689e-12
44 1.924476e-12
45 3.411378e-09
46 2.229966e-09
47 1.381822e-09
48 8.492643e-10
49 5.420772e-10
50 3.561804e-10
51 2.395445e-10
52 1.603062e-10
53 1.037096e-10
54 6.336271e-11
55 3.603292e-11
56 1.898529e-11
57 9.333861e-12
58 4.349141e-12
59 1.957472e-12
60 3.483693e-09
61 2.276574e-09
62 1.409285e-09
63 8.635453e-10
64 5.511594e-10
65 3.622397e-10
66 2.439455e-10
67 1.634638e-10
68 1.058898e-10
69 6.475196e-11
70 3.683392e-11
71 1.939050e-11
72 9.507972e-12
73 4.413897e-12
74 1.978392e-12
75 3.572799e-09
76 2.334758e-09
77 1.443604e-09
78 8.828506e-10
79 5.632245e-10
80 3.702672e-10
81 2.496012e-10
82 1.674932e-10
83 1.086247e-10
84 6.647396e-11
85 3.780639e-11
86 1.987574e-11
87 9.727417e-12
88 4.503044e-12
89 2.012524e-12
90 3.650398e-09
91 2.385547e-09
92 1.474184e-09
93 9.000566e-10
94 5.741769e-10
95 3.774154e-10
96 2.545608e-10
97 1.709779e-10
98 1.109786e-10
99 6.795774e-11
100 3.866072e-11
101 2.031830e-11
102 9.927375e-12
103 4.587277e-12
104 2.046043e-12
105 3.668313e-09
106 2.396685e-09
107 1.480156e-09
108 9.022236e-10
109 5.753073e-10
110 3.781648e-10
111 2.552817e-10
112 1.716158e-10
113 1.114311e-10
114 6.830196e-11
115 3.884461e-11
116 2.040010e-11
117 1.003526e-11
118 4.632449e-12
119 2.044262e-12
120 3.716914e-09
121 2.429580e-09
122 1.499632e-09
123 9.125574e-10
124 5.818531e-10
125 3.824682e-10
126 2.583528e-10
127 1.738546e-10
128 1.129717e-10
129 6.923599e-11
130 3.939086e-11
131 2.067721e-11
132 1.007982e-11
133 4.639130e-12
134 2.061140e-12
135 3.781248e-09
136 2.470245e-09
137 1.524371e-09
138 9.265810e-10
139 5.906480e-10
140 3.883330e-10
141 2.624612e-10
142 1.767010e-10
143 1.149668e-10
144 7.050875e-11
145 4.010373e-11
146 2.103567e-11
147 1.024010e-11
148 4.704879e-12
149 2.086519e-12
150 7.676973e-09
151 5.270283e-09
152 3.447241e-09
153 2.140597e-09
154 1.330708e-09
155 8.401699e-10
156 5.469136e-10
157 3.629524e-10
158 2.401034e-10
159 1.542807e-10
160 9.422367e-11
161 5.397573e-11
162 2.889064e-11
163 1.452350e-11
164 6.939697e-12
165 9.591085e-09
166 6.642976e-09
167 4.402421e-09
168 2.752160e-09
169 1.697151e-09
170 1.063446e-09
171 6.863978e-10
172 4.535824e-10
173 3.011132e-10
174 1.954583e-10
175 1.211162e-10
176 7.054067e-11
177 3.836385e-11
178 1.953776e-11
179 9.412222e-12
180 1.043649e-08
181 7.233138e-09
182 4.808349e-09
183 3.006102e-09
184 1.841920e-09
185 1.153044e-09
186 7.425905e-10
187 4.908902e-10
188 3.269109e-10
189 2.131631e-10
190 1.327029e-10
191 7.758411e-11
192 4.224602e-11
193 2.151038e-11
194 1.034792e-11
195 1.096872e-08
196 7.610243e-09
197 5.068241e-09
198 3.166471e-09
199 1.935782e-09
200 1.209859e-09
201 7.780798e-10
202 5.149519e-10
203 3.433905e-10
204 2.243040e-10
205 1.399796e-10
206 8.202416e-11
207 4.475834e-11
208 2.279677e-11
209 1.096681e-11
210 1.149795e-08
211 7.981551e-09
212 5.321970e-09
213 3.324796e-09
214 2.026705e-09
215 1.266179e-09
216 8.141164e-10
217 5.387299e-10
218 3.596189e-10
219 2.353446e-10
220 1.471321e-10
221 8.634743e-11
222 4.716405e-11
223 2.402778e-11
224 1.154047e-11
225 1.193332e-08
226 8.285393e-09
227 5.529282e-09
228 3.454985e-09
229 2.102264e-09
230 1.313146e-09
231 8.430757e-10
232 5.582803e-10
233 3.729781e-10
234 2.443661e-10
235 1.529993e-10
236 8.988610e-11
237 4.912925e-11
238 2.503012e-11
239 1.201929e-11
240 1.216841e-08
241 8.451495e-09
242 5.645443e-09
243 3.525041e-09
244 2.143493e-09
245 1.338511e-09
246 8.588505e-10
247 5.685356e-10
248 3.801937e-10
249 2.493699e-10
250 1.563189e-10
251 9.194158e-11
252 5.028836e-11
253 2.561944e-11
254 1.229807e-11
255 1.247494e-08
256 8.665546e-09
257 5.791984e-09
258 3.619889e-09
259 2.195822e-09
260 1.370749e-09
261 8.792619e-10
262 5.821391e-10
263 3.895696e-10
264 2.557409e-10
265 1.604566e-10
266 9.444419e-11
267 5.167561e-11
268 2.631912e-11
269 1.263250e-11
270 1.287561e-08
271 8.945215e-09
272 5.984266e-09
273 3.738767e-09
274 2.264951e-09
275 1.414218e-09
276 9.065141e-10
277 6.004131e-10
278 4.019349e-10
279 2.641393e-10
280 1.659056e-10
281 9.772024e-11
282 5.352201e-11
283 2.725697e-11
284 1.307694e-11
285 1.360922e-08
286 9.656019e-09
287 6.549291e-09
288 4.214648e-09
289 2.590422e-09
290 1.606894e-09
291 1.014662e-09
292 6.593993e-10
293 4.355659e-10
294 2.855666e-10
295 1.811231e-10
296 1.089992e-10
297 6.153504e-11
298 3.250652e-11
299 1.616121e-11
300 1.580906e-08
301 1.131783e-08
302 7.734753e-09
303 5.030332e-09
304 3.092700e-09
305 1.910112e-09
306 1.196338e-09
307 7.727926e-10
308 5.095275e-10
309 3.351301e-10
310 2.142746e-10
311 1.303999e-10
312 7.454424e-11
313 3.985150e-11
314 2.000692e-11
315 1.703584e-08
316 1.222270e-08
317 8.369245e-09
318 5.463713e-09
319 3.352151e-09
320 2.064135e-09
321 1.288992e-09
322 8.316565e-10
323 5.485807e-10
324 3.617154e-10
325 2.321523e-10
326 1.418889e-10
327 8.143066e-11
328 4.365072e-11
329 2.193647e-11
330 1.820365e-08
331 1.308448e-08
332 8.971214e-09
333 5.872834e-09
334 3.599350e-09
335 2.211826e-09
336 1.378199e-09
337 8.883522e-10
338 5.861087e-10
339 3.870643e-10
340 2.490881e-10
341 1.527138e-10
342 8.790284e-11
343 4.722588e-11
344 2.376021e-11
345 1.914491e-08
346 1.377477e-08
347 9.455621e-09
348 6.200850e-09
349 3.796586e-09
350 2.330257e-09
351 1.449792e-09
352 9.336618e-10
353 6.161644e-10
354 4.073991e-10
355 2.626573e-10
356 1.613750e-10
357 9.306859e-11
358 5.007097e-11
359 2.520850e-11
360 1.975462e-08
361 1.423395e-08
362 9.779478e-09
363 6.422350e-09
364 3.930035e-09
365 2.409445e-09
366 1.496521e-09
367 9.633458e-10
368 6.357790e-10
369 4.207888e-10
370 2.717327e-10
371 1.672673e-10
372 9.663771e-11
373 5.205905e-11
374 2.622605e-11
375 2.045823e-08
376 1.475147e-08
377 1.014294e-08
378 6.669851e-09
379 4.078531e-09
380 2.498305e-09
381 1.550361e-09
382 9.973500e-10
383 6.583410e-10
384 4.360815e-10
385 2.819669e-10
386 1.738256e-10
387 1.005621e-10
388 5.422710e-11
389 2.733166e-11
390 2.133590e-08
391 1.539820e-08
392 1.059489e-08
393 6.976751e-09
394 4.263184e-09
395 2.608814e-09
396 1.617079e-09
397 1.039793e-09
398 6.863436e-10
399 4.551226e-10
400 2.947204e-10
401 1.819781e-10
402 1.054327e-10
403 5.690337e-11
404 2.869217e-11
405 1.964225e-08
406 1.437850e-08
407 9.971785e-09
408 6.609849e-09
409 4.129548e-09
410 2.529305e-09
411 1.567725e-09
412 9.975584e-10
413 6.509433e-10
414 4.277485e-10
415 2.760219e-10
416 1.709844e-10
417 1.000844e-10
418 5.492781e-11
419 2.827908e-11
420 2.195735e-08
421 1.622537e-08
422 1.131957e-08
423 7.556652e-09
424 4.754183e-09
425 2.899321e-09
426 1.791194e-09
427 1.132867e-09
428 7.358647e-10
429 4.834178e-10
430 3.131558e-10
431 1.953853e-10
432 1.154279e-10
433 6.397304e-11
434 3.323586e-11
435 2.389779e-08
436 1.774004e-08
437 1.240109e-08
438 8.310684e-09
439 5.242109e-09
440 3.182446e-09
441 1.964065e-09
442 1.238035e-09
443 8.030976e-10
444 5.280544e-10
445 3.431199e-10
446 2.150168e-10
447 1.276343e-10
448 7.105706e-11
449 3.703587e-11
450 2.549430e-08
451 1.898158e-08
452 1.329456e-08
453 8.932046e-09
454 5.644637e-09
455 3.418151e-09
456 2.107034e-09
457 1.325324e-09
458 8.585826e-10
459 5.648160e-10
460 3.677299e-10
461 2.311222e-10
462 1.376575e-10
463 7.688154e-11
464 4.017119e-11
465 2.661939e-08
466 1.987491e-08
467 1.393857e-08
468 9.383526e-09
469 5.940510e-09
470 3.589224e-09
471 2.210418e-09
472 1.387606e-09
473 8.981385e-10
474 5.911133e-10
475 3.854963e-10
476 2.428977e-10
477 1.450784e-10
478 8.123764e-11
479 4.253123e-11
480 2.781546e-08
481 2.080765e-08
482 1.461038e-08
483 9.852148e-09
484 6.245429e-09
485 3.766668e-09
486 2.318181e-09
487 1.453048e-09
488 9.397857e-10
489 6.187754e-10
490 4.040560e-10
491 2.550707e-10
492 1.526682e-10
493 8.565119e-11
494 4.490757e-11
495 2.932179e-08
496 2.198417e-08
497 1.545454e-08
498 1.044026e-08
499 6.627057e-09
500 3.989193e-09
501 2.453396e-09
502 1.535433e-09
503 9.922878e-10
504 6.535342e-10
505 4.273764e-10
506 2.703595e-10
507 1.621958e-10
508 9.119410e-11
509 4.789120e-11
510 2.542211e-08
511 1.912797e-08
512 1.350906e-08
513 9.115582e-09
514 5.822123e-09
515 3.551261e-09
516 2.183587e-09
517 1.365455e-09
518 8.781007e-10
519 5.741508e-10
520 3.728864e-10
521 2.347889e-10
522 1.406840e-10
523 7.934188e-11
524 4.198030e-11
525 2.836660e-08
526 2.156329e-08
527 1.532928e-08
528 1.040523e-08
529 6.698946e-09
530 4.084149e-09
531 2.504796e-09
532 1.556054e-09
533 9.957274e-10
534 6.495603e-10
535 4.225996e-10
536 2.675054e-10
537 1.615469e-10
538 9.194461e-11
539 4.909575e-11
540 3.064242e-08
541 2.341850e-08
542 1.669705e-08
543 1.136868e-08
544 7.349127e-09
545 4.473443e-09
546 2.738620e-09
547 1.694945e-09
548 1.082011e-09
549 7.056132e-10
550 4.598497e-10
551 2.920976e-10
552 1.771967e-10
553 1.013339e-10
554 5.433958e-11
555 3.235194e-08
556 2.484491e-08
557 1.776260e-08
558 1.212316e-08
559 7.864846e-09
560 4.781313e-09
561 2.923498e-09
562 1.803814e-09
563 1.149199e-09
564 7.489868e-10
565 4.887461e-10
566 3.113307e-10
567 1.895701e-10
568 1.088419e-10
569 5.857608e-11
570 3.409369e-08
571 2.627517e-08
572 1.882277e-08
573 1.287040e-08
574 8.371679e-09
575 5.085105e-09
576 3.106106e-09
577 1.911995e-09
578 1.216373e-09
579 7.924409e-10
580 5.175943e-10
581 3.303928e-10
582 2.017269e-10
583 1.161580e-10
584 6.267624e-11
585 3.629089e-08
586 2.807254e-08
587 2.015565e-08
588 1.380938e-08
589 9.006154e-09
590 5.465880e-09
591 3.335195e-09
592 2.047893e-09
593 1.300620e-09
594 8.469845e-10
595 5.538192e-10
596 3.543221e-10
597 2.169800e-10
598 1.253313e-10
599 6.781551e-11
600 3.256871e-08
601 2.520689e-08
602 1.816384e-08
603 1.244758e-08
604 8.119312e-09
605 4.991005e-09
606 3.043014e-09
607 1.874350e-09
608 1.187198e-09
609 7.690350e-10
610 4.998032e-10
611 3.181055e-10
612 1.942014e-10
613 1.121663e-10
614 6.090333e-11
615 3.585160e-08
616 2.803541e-08
617 2.035160e-08
618 1.402052e-08
619 9.209939e-09
620 5.684276e-09
621 3.453139e-09
622 2.117486e-09
623 1.333849e-09
624 8.609189e-10
625 5.593458e-10
626 3.571722e-10
627 2.193866e-10
628 1.277211e-10
629 6.995141e-11
630 3.834524e-08
631 3.020909e-08
632 2.203755e-08
633 1.523010e-08
634 1.005458e-08
635 6.217625e-09
636 3.765480e-09
637 2.301632e-09
638 1.444885e-09
639 9.305147e-10
640 6.047690e-10
641 3.872685e-10
642 2.389734e-10
643 1.399005e-10
644 7.705754e-11
645 4.080329e-08
646 3.232236e-08
647 2.366464e-08
648 1.639397e-08
649 1.086188e-08
650 6.727105e-09
651 4.065033e-09
652 2.479377e-09
653 1.552243e-09
654 9.980218e-10
655 6.487894e-10
656 4.162804e-10
657 2.577191e-10
658 1.514747e-10
659 8.376991e-11
660 4.388902e-08
661 3.496567e-08
662 2.569882e-08
663 1.784803e-08
664 1.186788e-08
665 7.361858e-09
666 4.438662e-09
667 2.700571e-09
668 1.686159e-09
669 1.082292e-09
670 7.037681e-10
671 4.525156e-10
672 2.811233e-10
673 1.659141e-10
674 9.213839e-11
675 4.028351e-08
676 3.201419e-08
677 2.355494e-08
678 1.637141e-08
679 1.086253e-08
680 6.779714e-09
681 4.103588e-09
682 2.505100e-09
683 1.562530e-09
684 1.000042e-09
685 6.474424e-10
686 4.143053e-10
687 2.563450e-10
688 1.509243e-10
689 8.380969e-11
690 4.379637e-08
691 3.520844e-08
692 2.615100e-08
693 1.828097e-08
694 1.221235e-08
695 7.675960e-09
696 4.633340e-09
697 2.820177e-09
698 1.747646e-09
699 1.112188e-09
700 7.184835e-10
701 4.605976e-10
702 2.864804e-10
703 1.699681e-10
704 9.523960e-11
705 4.708233e-08
706 3.815059e-08
707 2.849893e-08
708 1.999683e-08
709 1.341523e-08
710 8.467961e-09
711 5.099239e-09
712 3.098133e-09
713 1.911993e-09
714 1.212572e-09
715 7.825159e-10
716 5.023813e-10
717 3.135932e-10
718 1.869885e-10
719 1.053692e-10
720 5.121337e-08
721 4.184070e-08
722 3.144222e-08
723 2.214467e-08
724 1.492050e-08
725 9.459805e-09
726 5.683349e-09
727 3.447001e-09
728 2.117953e-09
729 1.338520e-09
730 8.627696e-10
731 5.547300e-10
732 3.475449e-10
733 2.082904e-10
734 1.180478e-10
735 4.861181e-08
736 3.977047e-08
737 3.000864e-08
738 2.121417e-08
739 1.430710e-08
740 9.113820e-09
741 5.511229e-09
742 3.340311e-09
743 2.048366e-09
744 1.290094e-09
745 8.278180e-10
746 5.302800e-10
747 3.315198e-10
748 1.986637e-10
749 1.128291e-10
750 5.303492e-08
751 4.389909e-08
752 3.346664e-08
753 2.382004e-08
754 1.615826e-08
755 1.037550e-08
756 6.281091e-09
757 3.796054e-09
758 2.313328e-09
759 1.447871e-09
760 9.252380e-10
761 5.924438e-10
762 3.715974e-10
763 2.240664e-10
764 1.282993e-10
765 5.852296e-08
766 4.900272e-08
767 3.771131e-08
768 2.701500e-08
769 1.842475e-08
770 1.191858e-08
771 7.219147e-09
772 4.352144e-09
773 2.636023e-09
774 1.640557e-09
775 1.044506e-09
776 6.687308e-10
777 4.208443e-10
778 2.552794e-10
779 1.472887e-10
780 5.881508e-08
781 4.946909e-08
782 3.830519e-08
783 2.758704e-08
784 1.887251e-08
785 1.226037e-08
786 7.478119e-09
787 4.497889e-09
788 2.720600e-09
789 1.685764e-09
790 1.068257e-09
791 6.815505e-10
792 4.283363e-10
793 2.600696e-10
794 1.505189e-10
795 6.601860e-08
796 5.640591e-08
797 4.433005e-08
798 3.228157e-08
799 2.225810e-08
800 1.461049e-08
801 8.973021e-09
802 5.374773e-09
803 3.230256e-09
804 1.983060e-09
805 1.246909e-09
806 7.927685e-10
807 4.990812e-10
808 3.049150e-10
809 1.781765e-10
810 7.612046e-08
811 6.653309e-08
812 5.355188e-08
813 3.979736e-08
814 2.781743e-08
815 1.852993e-08
816 1.158556e-08
817 6.920993e-09
818 4.135626e-09
819 2.499357e-09
820 1.546382e-09
821 9.725281e-10
822 6.103938e-10
823 3.747320e-10
824 2.214986e-10
825 9.137033e-07
826 6.671178e-07
827 4.941935e-07
828 3.059101e-07
829 1.865997e-07
830 1.105898e-07
831 6.758098e-08
832 4.342788e-08
833 2.935421e-08
834 0.000000e+00
835 0.000000e+00
836 0.000000e+00
837 0.000000e+00
838 0.000000e+00
839 0.000000e+00
840 1.430688e-06
841 1.044942e-06
842 7.750513e-07
843 4.870180e-07
844 2.960707e-07
845 1.751806e-07
846 1.068025e-07
847 6.830104e-08
848 4.600360e-08
849 0.000000e+00
850 0.000000e+00
851 0.000000e+00
852 0.000000e+00
853 0.000000e+00
854 0.000000e+00
855 1.690031e-06
856 1.234477e-06
857 9.159441e-07
858 5.777331e-07
859 3.509278e-07
860 2.075508e-07
861 1.264621e-07
862 8.077352e-08
863 5.435515e-08
864 0.000000e+00
865 0.000000e+00
866 0.000000e+00
867 0.000000e+00
868 0.000000e+00
869 0.000000e+00
870 1.849665e-06
871 1.351123e-06
872 1.002657e-06
873 6.335417e-07
874 3.846805e-07
875 2.274698e-07
876 1.385608e-07
877 8.844959e-08
878 5.949540e-08
879 0.000000e+00
880 0.000000e+00
881 0.000000e+00
882 0.000000e+00
883 0.000000e+00
884 0.000000e+00
885 1.995883e-06
886 1.457977e-06
887 1.082069e-06
888 6.845465e-07
889 4.155412e-07
890 2.456851e-07
891 1.496273e-07
892 9.547724e-08
893 6.420342e-08
894 0.000000e+00
895 0.000000e+00
896 0.000000e+00
897 0.000000e+00
898 0.000000e+00
899 0.000000e+00
900 2.114257e-06
901 1.544471e-06
902 1.146349e-06
903 7.258180e-07
904 4.405161e-07
905 2.604262e-07
906 1.585848e-07
907 1.011647e-07
908 6.801436e-08
909 0.000000e+00
910 0.000000e+00
911 0.000000e+00
912 0.000000e+00
913 0.000000e+00
914 0.000000e+00
915 2.195096e-06
916 1.603549e-06
917 1.190280e-06
918 7.541768e-07
919 4.576586e-07
920 2.705377e-07
921 1.647225e-07
922 1.050557e-07
923 7.061834e-08
924 0.000000e+00
925 0.000000e+00
926 0.000000e+00
927 0.000000e+00
928 0.000000e+00
929 0.000000e+00
930 2.283944e-06
931 1.668475e-06
932 1.238540e-06
933 7.851923e-07
934 4.764202e-07
935 2.816115e-07
936 1.714499e-07
937 1.093268e-07
938 7.347923e-08
939 0.000000e+00
940 0.000000e+00
941 0.000000e+00
942 0.000000e+00
943 0.000000e+00
944 0.000000e+00
945 2.395790e-06
946 1.750203e-06
947 1.299287e-06
948 8.242211e-07
949 5.000329e-07
950 2.955469e-07
951 1.799158e-07
952 1.147015e-07
953 7.708007e-08
954 0.000000e+00
955 0.000000e+00
956 0.000000e+00
957 0.000000e+00
958 0.000000e+00
959 0.000000e+00
960 6.491292e-07
961 5.149958e-07
962 3.732858e-07
963 2.801280e-07
964 1.720290e-07
965 1.055660e-07
966 6.137147e-08
967 3.672029e-08
968 2.305737e-08
969 1.529052e-08
970 0.000000e+00
971 0.000000e+00
972 0.000000e+00
973 0.000000e+00
974 0.000000e+00
975 1.052546e-06
976 8.432822e-07
977 6.121134e-07
978 4.586722e-07
979 2.870368e-07
980 1.750800e-07
981 1.016867e-07
982 6.073645e-08
983 3.793787e-08
984 2.505256e-08
985 0.000000e+00
986 0.000000e+00
987 0.000000e+00
988 0.000000e+00
989 0.000000e+00
990 1.281616e-06
991 1.029297e-06
992 7.473882e-07
993 5.598471e-07
994 3.519342e-07
995 2.143617e-07
996 1.244724e-07
997 7.431392e-08
998 4.636020e-08
999 3.058311e-08
1000 0.000000e+00
1001 0.000000e+00
1002 0.000000e+00
1003 0.000000e+00
1004 0.000000e+00
1005 1.478628e-06
1006 1.189119e-06
1007 8.636119e-07
1008 6.467741e-07
1009 4.076166e-07
1010 2.480834e-07
1011 1.440330e-07
1012 8.597053e-08
1013 5.359424e-08
1014 3.533478e-08
1015 0.000000e+00
1016 0.000000e+00
1017 0.000000e+00
1018 0.000000e+00
1019 0.000000e+00
1020 1.636853e-06
1021 1.317483e-06
1022 9.569470e-07
1023 7.165870e-07
1024 4.523293e-07
1025 2.751632e-07
1026 1.597410e-07
1027 9.533149e-08
1028 5.940345e-08
1029 3.915100e-08
1030 0.000000e+00
1031 0.000000e+00
1032 0.000000e+00
1033 0.000000e+00
1034 0.000000e+00
1035 1.762673e-06
1036 1.419710e-06
1037 1.031300e-06
1038 7.721888e-07
1039 4.880370e-07
1040 2.967709e-07
1041 1.722741e-07
1042 1.027984e-07
1043 6.403347e-08
1044 4.219035e-08
1045 0.000000e+00
1046 0.000000e+00
1047 0.000000e+00
1048 0.000000e+00
1049 0.000000e+00
1050 1.884574e-06
1051 1.518629e-06
1052 1.103230e-06
1053 8.259905e-07
1054 5.225103e-07
1055 3.176480e-07
1056 1.843832e-07
1057 1.100145e-07
1058 6.851116e-08
1059 4.513137e-08
1060 0.000000e+00
1061 0.000000e+00
1062 0.000000e+00
1063 0.000000e+00
1064 0.000000e+00
1065 2.037158e-06
1066 1.642443e-06
1067 1.193265e-06
1068 8.933333e-07
1069 5.656566e-07
1070 3.437752e-07
1071 1.995391e-07
1072 1.190455e-07
1073 7.411556e-08
1074 4.881230e-08
1075 0.000000e+00
1076 0.000000e+00
1077 0.000000e+00
1078 0.000000e+00
1079 0.000000e+00
1080 1.139376e-07
1081 1.033017e-07
1082 7.934567e-08
1083 5.739350e-08
1084 4.297166e-08
1085 2.472967e-08
1086 1.513157e-08
1087 8.738427e-09
1088 5.180595e-09
1089 3.228371e-09
1090 0.000000e+00
1091 0.000000e+00
1092 0.000000e+00
1093 0.000000e+00
1094 0.000000e+00
1095 1.977478e-07
1096 1.804823e-07
1097 1.394908e-07
1098 1.008051e-07
1099 7.563550e-08
1100 4.390589e-08
1101 2.697191e-08
1102 1.552042e-08
1103 9.150379e-09
1104 5.682518e-09
1105 0.000000e+00
1106 0.000000e+00
1107 0.000000e+00
1108 0.000000e+00
1109 0.000000e+00
1110 2.610111e-07
1111 2.386423e-07
1112 1.847433e-07
1113 1.334754e-07
1114 1.002045e-07
1115 5.829974e-08
1116 3.585106e-08
1117 2.061045e-08
1118 1.213387e-08
1119 7.528442e-09
1120 0.000000e+00
1121 0.000000e+00
1122 0.000000e+00
1123 0.000000e+00
1124 0.000000e+00
1125 3.111880e-07
1126 2.847592e-07
1127 2.206158e-07
1128 1.593741e-07
1129 1.196805e-07
1130 6.970490e-08
1131 4.288534e-08
1132 2.464361e-08
1133 1.449845e-08
1134 8.991630e-09
1135 0.000000e+00
1136 0.000000e+00
1137 0.000000e+00
1138 0.000000e+00
1139 0.000000e+00
1140 3.541993e-07
1141 3.243091e-07
1142 2.513930e-07
1143 1.815922e-07
1144 1.363916e-07
1145 7.949651e-08
1146 4.892600e-08
1147 2.810613e-08
1148 1.652788e-08
1149 1.024710e-08
1150 0.000000e+00
1151 0.000000e+00
1152 0.000000e+00
1153 0.000000e+00
1154 0.000000e+00
1155 3.934051e-07
1156 3.603462e-07
1157 2.794278e-07
1158 2.018329e-07
1159 1.516125e-07
1160 8.841063e-08
1161 5.442433e-08
1162 3.125845e-08
1163 1.837587e-08
1164 1.139069e-08
1165 0.000000e+00
1166 0.000000e+00
1167 0.000000e+00
1168 0.000000e+00
1169 0.000000e+00
1170 4.423296e-07
1171 4.053148e-07
1172 3.144098e-07
1173 2.270884e-07
1174 1.706050e-07
1175 9.953320e-08
1176 6.128447e-08
1177 3.519171e-08
1178 2.068185e-08
1179 1.281756e-08
1180 0.000000e+00
1181 0.000000e+00
1182 0.000000e+00
1183 0.000000e+00
1184 0.000000e+00
1185 1.143727e-07
1186 1.126132e-07
1187 9.437579e-08
1188 6.881530e-08
1189 5.119535e-08
1190 3.458133e-08
1191 2.049775e-08
1192 1.166088e-08
1193 6.733946e-09
1194 3.985035e-09
1195 2.500875e-09
1196 0.000000e+00
1197 0.000000e+00
1198 0.000000e+00
1199 0.000000e+00
1200 2.363234e-07
1201 2.339807e-07
1202 1.975321e-07
1203 1.445352e-07
1204 1.071794e-07
1205 7.340149e-08
1206 4.308230e-08
1207 2.457933e-08
1208 1.423080e-08
1209 8.392521e-09
1210 5.245613e-09
1211 0.000000e+00
1212 0.000000e+00
1213 0.000000e+00
1214 0.000000e+00
1215 3.219082e-07
1216 3.190750e-07
1217 2.697739e-07
1218 1.975348e-07
1219 1.463850e-07
1220 1.005283e-07
1221 5.888865e-08
1222 3.361731e-08
1223 1.947298e-08
1224 1.147627e-08
1225 7.167196e-09
1226 0.000000e+00
1227 0.000000e+00
1228 0.000000e+00
1229 0.000000e+00
1230 3.975516e-07
1231 3.942847e-07
1232 3.336193e-07
1233 2.443737e-07
1234 1.810338e-07
1235 1.245000e-07
1236 7.285759e-08
1237 4.160387e-08
1238 2.410564e-08
1239 1.420142e-08
1240 8.865403e-09
1241 0.000000e+00
1242 0.000000e+00
1243 0.000000e+00
1244 0.000000e+00
1245 4.642666e-07
1246 4.606076e-07
1247 3.899086e-07
1248 2.856660e-07
1249 2.115811e-07
1250 1.456270e-07
1251 8.517182e-08
1252 4.864407e-08
1253 2.818903e-08
1254 1.660370e-08
1255 1.036253e-08
1256 0.000000e+00
1257 0.000000e+00
1258 0.000000e+00
1259 0.000000e+00
1260 5.473695e-07
1261 5.432195e-07
1262 4.600244e-07
1263 3.370990e-07
1264 2.496320e-07
1265 1.719430e-07
1266 1.005108e-07
1267 5.741342e-08
1268 3.327529e-08
1269 1.959601e-08
1270 1.222738e-08
1271 0.000000e+00
1272 0.000000e+00
1273 0.000000e+00
1274 0.000000e+00
1275 8.451634e-08
1276 8.786134e-08
1277 7.931675e-08
1278 6.053924e-08
1279 4.377340e-08
1280 3.275874e-08
1281 1.845420e-08
1282 1.111742e-08
1283 6.291836e-09
1284 3.642718e-09
1285 2.184016e-09
1286 0.000000e+00
1287 0.000000e+00
1288 0.000000e+00
1289 0.000000e+00
1290 1.814842e-07
1291 1.894234e-07
1292 1.720242e-07
1293 1.319986e-07
1294 9.532898e-08
1295 7.154668e-08
1296 4.054216e-08
1297 2.457803e-08
1298 1.385036e-08
1299 7.979240e-09
1300 4.766065e-09
1301 0.000000e+00
1302 0.000000e+00
1303 0.000000e+00
1304 0.000000e+00
1305 2.593554e-07
1306 2.709393e-07
1307 2.463709e-07
1308 1.892659e-07
1309 1.366530e-07
1310 1.026235e-07
1311 5.822712e-08
1312 3.534632e-08
1313 1.990063e-08
1314 1.145249e-08
1315 6.835106e-09
1316 0.000000e+00
1317 0.000000e+00
1318 0.000000e+00
1319 0.000000e+00
1320 3.259593e-07
1321 3.406460e-07
1322 3.099327e-07
1323 2.382115e-07
1324 1.719733e-07
1325 1.291829e-07
1326 7.333624e-08
1327 4.454380e-08
1328 2.506916e-08
1329 1.442026e-08
1330 8.603422e-09
1331 0.000000e+00
1332 0.000000e+00
1333 0.000000e+00
1334 0.000000e+00
1335 4.088353e-07
1336 4.273828e-07
1337 3.890196e-07
1338 2.991116e-07
1339 2.159208e-07
1340 1.622290e-07
1341 9.213583e-08
1342 5.598757e-08
1343 3.150013e-08
1344 1.811305e-08
1345 1.080361e-08
1346 0.000000e+00
1347 0.000000e+00
1348 0.000000e+00
1349 0.000000e+00
1350 2.814917e-08
1351 3.042676e-08
1352 2.911416e-08
1353 2.353118e-08
1354 1.696354e-08
1355 1.279913e-08
1356 7.947591e-09
1357 4.886226e-09
1358 2.712065e-09
1359 1.492259e-09
1360 8.642697e-10
1361 5.266142e-10
1362 0.000000e+00
1363 0.000000e+00
1364 0.000000e+00
1365 6.439937e-08
1366 6.982358e-08
1367 6.712670e-08
1368 5.455726e-08
1369 3.937926e-08
1370 2.965715e-08
1371 1.865377e-08
1372 1.140362e-08
1373 6.331957e-09
1374 3.487828e-09
1375 2.011196e-09
1376 1.220384e-09
1377 0.000000e+00
1378 0.000000e+00
1379 0.000000e+00
1380 9.183739e-08
1381 9.962810e-08
1382 9.586106e-08
1383 7.798985e-08
1384 5.630560e-08
1385 4.239049e-08
1386 2.672408e-08
1387 1.632074e-08
1388 9.062869e-09
1389 4.993111e-09
1390 2.876936e-09
1391 1.744398e-09
1392 0.000000e+00
1393 0.000000e+00
1394 0.000000e+00
1395 1.258460e-07
1396 1.365686e-07
1397 1.314748e-07
1398 1.070294e-07
1399 7.728170e-08
1400 5.817081e-08
1401 3.672348e-08
1402 2.241377e-08
1403 1.244683e-08
1404 6.858301e-09
1405 3.949739e-09
1406 2.393805e-09
1407 0.000000e+00
1408 0.000000e+00
1409 0.000000e+00
1410 6.362069e-08
1411 7.098317e-08
1412 7.127594e-08
1413 6.117951e-08
1414 4.506943e-08
1415 3.320151e-08
1416 2.336860e-08
1417 1.333944e-08
1418 7.504604e-09
1419 4.248143e-09
1420 2.362890e-09
1421 1.378723e-09
1422 0.000000e+00
1423 0.000000e+00
1424 0.000000e+00
1425 1.321342e-07
1426 1.477109e-07
1427 1.487563e-07
1428 1.282037e-07
1429 9.466975e-08
1430 6.961925e-08
1431 4.932092e-08
1432 2.802774e-08
1433 1.581671e-08
1434 8.950107e-09
1435 4.974940e-09
1436 2.894865e-09
1437 0.000000e+00
1438 0.000000e+00
1439 0.000000e+00
1440 2.109649e-07
1441 2.359602e-07
1442 2.378238e-07
1443 2.051945e-07
1444 1.516208e-07
1445 1.114471e-07
1446 7.909426e-08
1447 4.489203e-08
1448 2.535482e-08
1449 1.434604e-08
1450 7.972841e-09
1451 4.635808e-09
1452 0.000000e+00
1453 0.000000e+00
1454 0.000000e+00
1455 6.910635e-08
1456 7.917331e-08
1457 8.272428e-08
1458 7.511703e-08
1459 5.756847e-08
1460 4.157772e-08
1461 3.122383e-08
1462 1.748893e-08
1463 1.045429e-08
1464 5.729256e-09
1465 3.160505e-09
1466 1.765374e-09
1467 0.000000e+00
1468 0.000000e+00
1469 0.000000e+00
1470 1.631614e-07
1471 1.872391e-07
1472 1.961172e-07
1473 1.787370e-07
1474 1.374328e-07
1475 9.918831e-08
1476 7.461532e-08
1477 4.195786e-08
1478 2.519141e-08
1479 1.377292e-08
1480 7.574176e-09
1481 4.219846e-09
1482 0.000000e+00
1483 0.000000e+00
1484 0.000000e+00
1485 2.010573e-08
1486 2.362594e-08
1487 2.561796e-08
1488 2.459491e-08
1489 1.994145e-08
1490 1.438666e-08
1491 1.085303e-08
1492 6.748708e-09
1493 4.107282e-09
1494 2.228781e-09
1495 1.173670e-09
1496 6.332314e-10
1497 3.526229e-10
1498 0.000000e+00
1499 0.000000e+00
1500 3.901750e-04
1501 2.843121e-04
1502 2.121058e-04
1503 1.335061e-04
1504 8.146913e-05
1505 4.804909e-05
1506 2.922652e-05
1507 1.863403e-05
1508 1.253181e-05
1509 0.000000e+00
1510 0.000000e+00
1511 0.000000e+00
1512 0.000000e+00
1513 0.000000e+00
1514 0.000000e+00
1515 2.334576e-04
1516 1.881146e-04
1517 1.364604e-04
1518 1.023854e-04
1519 6.458991e-05
1520 3.944228e-05
1521 2.284422e-05
1522 1.361134e-05
1523 8.475105e-06
1524 5.584128e-06
1525 0.000000e+00
1526 0.000000e+00
1527 0.000000e+00
1528 0.000000e+00
1529 0.000000e+00
1530 1.508278e-05
1531 1.382578e-05
1532 1.072085e-05
1533 7.738092e-06
1534 5.823919e-06
1535 3.384683e-06
1536 2.088706e-06
1537 1.198042e-06
1538 7.048266e-07
1539 4.367872e-07
1540 0.000000e+00
1541 0.000000e+00
1542 0.000000e+00
1543 0.000000e+00
1544 0.000000e+00
1545 3.168792e-05
1546 3.145952e-05
1547 2.664647e-05
1548 1.951844e-05
1549 1.445372e-05
1550 9.965716e-06
1551 5.822712e-06
1552 3.322431e-06
1553 1.928399e-06
1554 1.134514e-06
1555 7.078781e-07
1556 0.000000e+00
1557 0.000000e+00
1558 0.000000e+00
1559 0.000000e+00
1560 2.405246e-05
1561 2.515143e-05
1562 2.290117e-05
1563 1.760792e-05
1564 1.270652e-05
1565 9.556244e-06
1566 5.417309e-06
1567 3.294702e-06
1568 1.852079e-06
1569 1.066470e-06
1570 6.357798e-07
1571 0.000000e+00
1572 0.000000e+00
1573 0.000000e+00
1574 0.000000e+00
1575 3.190941e-06
1576 3.463742e-06
1577 3.335710e-06
1578 2.716062e-06
1579 1.960739e-06
1580 1.476143e-06
1581 9.320998e-07
1582 5.694687e-07
1583 3.162230e-07
1584 1.739390e-07
1585 1.001964e-07
1586 6.072525e-08
1587 0.000000e+00
1588 0.000000e+00
1589 0.000000e+00
1590 1.309682e-05
1591 1.465242e-05
1592 1.477359e-05
1593 1.275173e-05
1594 9.422481e-06
1595 6.924510e-06
1596 4.919649e-06
1597 2.789321e-06
1598 1.574615e-06
1599 8.920913e-07
1600 4.954214e-07
1601 2.880339e-07
1602 0.000000e+00
1603 0.000000e+00
1604 0.000000e+00
1605 1.290102e-05
1606 1.480951e-05
1607 1.551889e-05
1608 1.415227e-05
1609 1.088601e-05
1610 7.854622e-06
1611 5.913098e-06
1612 3.323224e-06
1613 1.997237e-06
1614 1.091012e-06
1615 6.003321e-07
1616 3.342227e-07
1617 0.000000e+00
1618 0.000000e+00
1619 0.000000e+00
1620 4.668488e-07
1621 5.490424e-07
1622 5.960472e-07
1623 5.732771e-07
1624 4.657402e-07
1625 3.361035e-07
1626 2.534244e-07
1627 1.583014e-07
1628 9.623716e-08
1629 5.223825e-08
1630 2.749061e-08
1631 1.481354e-08
1632 8.234328e-09
1633 0.000000e+00
1634 0.000000e+00
1635 1.969663e-07
1636 2.375127e-07
1637 2.671599e-07
1638 2.712046e-07
1639 2.361874e-07
1640 1.756230e-07
1641 1.287423e-07
1642 9.227086e-08
1643 5.186377e-08
1644 2.908261e-08
1645 1.585443e-08
1646 8.255078e-09
1647 4.334959e-09
1648 0.000000e+00
1649 0.000000e+00
