0 2.402081e-09
1 1.565943e-09
2 9.865679e-10
3 6.206013e-10
4 3.980627e-10
5 2.613209e-10
6 1.736226e-10
7 1.141634e-10
8 7.256669e-11
9 4.378124e-11
10 2.481716e-11
11 1.318271e-11
12 6.603587e-12
13 3.153556e-12
14 1.453468e-12
15 3.985485e-09
16 2.658119e-09
17 1.694092e-09
18 1.056210e-09
19 6.668583e-10
20 4.309016e-10
21 2.845799e-10
22 1.886809e-10
23 1.225276e-10
24 7.623240e-11
25 4.474203e-11
26 2.459825e-11
27 1.269302e-11
28 6.201531e-12
29 2.903882e-12
30 4.569359e-09
31 3.069840e-09
32 1.969157e-09
33 1.227372e-09
34 7.715976e-10
35 4.957537e-10
36 3.262076e-10
37 2.162661e-10
38 1.411026e-10
39 8.850521e-11
40 5.249376e-11
41 2.919057e-11
42 1.522391e-11
43 7.503052e-12
44 3.536240e-12
45 4.949674e-09
46 3.337314e-09
47 2.147430e-09
48 1.338580e-09
49 8.397325e-10
50 5.381393e-10
51 3.534003e-10
52 2.343338e-10
53 1.532242e-10
54 9.648048e-11
55 5.750654e-11
56 3.214570e-11
57 1.684809e-11
58 8.337806e-12
59 3.941098e-12
60 5.211449e-09
61 3.521299e-09
62 2.270176e-09
63 1.415259e-09
64 8.867060e-10
65 5.672814e-10
66 3.720799e-10
67 2.467087e-10
68 1.615060e-10
69 1.019512e-10
70 6.094777e-11
71 3.418397e-11
72 1.797016e-11
73 8.914579e-12
74 4.221278e-12
75 5.340647e-09
76 3.613339e-09
77 2.332194e-09
78 1.453884e-09
79 9.103136e-10
80 5.817895e-10
81 3.813462e-10
82 2.527953e-10
83 1.656544e-10
84 1.047123e-10
85 6.271176e-11
86 3.524035e-11
87 1.855828e-11
88 9.220331e-12
89 4.370817e-12
90 5.512796e-09
91 3.733458e-09
92 2.411865e-09
93 1.503767e-09
94 9.409429e-10
95 6.009385e-10
96 3.936420e-10
97 2.610311e-10
98 1.711515e-10
99 1.083153e-10
100 6.496151e-11
101 3.656073e-11
102 1.928116e-11
103 9.590537e-12
104 4.549090e-12
105 5.558400e-09
106 3.767662e-09
107 2.436029e-09
108 1.519191e-09
109 9.498647e-10
110 6.062039e-10
111 3.969995e-10
112 2.631849e-10
113 1.726389e-10
114 1.093530e-10
115 6.566785e-11
116 3.700355e-11
117 1.953777e-11
118 9.726227e-12
119 4.617684e-12
120 5.743748e-09
121 3.896916e-09
122 2.521202e-09
123 1.572121e-09
124 9.827265e-10
125 6.267724e-10
126 4.101404e-10
127 2.719547e-10
128 1.784737e-10
129 1.131588e-10
130 6.803889e-11
131 3.838692e-11
132 2.029253e-11
133 1.011206e-11
134 4.804053e-12
135 5.827587e-09
136 3.957225e-09
137 2.562644e-09
138 1.597962e-09
139 9.982617e-10
140 6.362285e-10
141 4.162107e-10
142 2.758938e-10
143 1.812382e-10
144 1.150173e-10
145 6.923325e-11
146 3.911125e-11
147 2.069794e-11
148 1.032455e-11
149 4.908405e-12
150 7.945670e-09
151 5.473019e-09
152 3.596123e-09
153 2.248264e-09
154 1.394028e-09
155 8.789766e-10
156 5.696851e-10
157 3.768356e-10
158 2.490576e-10
159 1.603358e-10
160 9.836883e-11
161 5.672757e-11
162 3.060754e-11
163 1.551055e-11
164 7.459931e-12
165 9.964321e-09
166 6.950310e-09
167 4.631427e-09
168 2.925843e-09
169 1.805627e-09
170 1.129171e-09
171 7.240008e-10
172 4.758313e-10
173 3.148961e-10
174 2.045708e-10
175 1.274417e-10
176 7.490882e-11
177 4.122203e-11
178 2.126518e-11
179 1.037231e-11
180 1.131308e-08
181 7.941417e-09
182 5.326725e-09
183 3.384899e-09
184 2.086672e-09
185 1.300081e-09
186 8.288391e-10
187 5.428084e-10
188 3.591888e-10
189 2.342128e-10
190 1.469090e-10
191 8.710665e-11
192 4.838892e-11
193 2.518289e-11
194 1.237167e-11
195 1.224959e-08
196 8.632696e-09
197 5.812255e-09
198 3.705906e-09
199 2.283198e-09
200 1.419609e-09
201 9.023166e-10
202 5.896292e-10
203 3.901218e-10
204 2.549025e-10
205 1.605095e-10
206 9.564318e-11
207 5.341266e-11
208 2.793327e-11
209 1.377814e-11
210 1.276933e-08
211 9.018449e-09
212 6.085068e-09
213 3.887551e-09
214 2.394369e-09
215 1.486809e-09
216 9.433973e-10
217 6.157073e-10
218 4.073309e-10
219 2.664864e-10
220 1.681730e-10
221 1.004959e-10
222 5.629169e-11
223 2.952254e-11
224 1.459568e-11
225 1.336092e-08
226 9.451483e-09
227 6.388358e-09
228 4.087422e-09
229 2.516951e-09
230 1.561439e-09
231 9.892901e-10
232 6.450087e-10
233 4.266999e-10
234 2.794233e-10
235 1.766591e-10
236 1.057973e-10
237 5.940033e-11
238 3.121846e-11
239 1.546190e-11
240 1.362392e-08
241 9.651258e-09
242 6.533046e-09
243 4.185326e-09
244 2.576576e-09
245 1.597204e-09
246 1.010834e-09
247 6.585285e-10
248 4.355901e-10
249 2.854747e-10
250 1.807354e-10
251 1.084374e-10
252 6.099777e-11
253 3.211433e-11
254 1.592545e-11
255 1.422579e-08
256 1.009114e-08
257 6.839288e-09
258 4.385781e-09
259 2.699462e-09
260 1.672478e-09
261 1.057429e-09
262 6.883158e-10
263 4.553131e-10
264 2.986023e-10
265 1.892961e-10
266 1.137569e-10
267 6.410058e-11
268 3.380296e-11
269 1.678368e-11
270 1.458884e-08
271 1.036323e-08
272 7.032686e-09
273 4.515701e-09
274 2.778830e-09
275 1.720788e-09
276 1.086677e-09
277 7.067985e-10
278 4.674299e-10
279 3.067826e-10
280 1.947415e-10
281 1.172301e-10
282 6.617463e-11
283 3.494942e-11
284 1.737512e-11
285 1.339934e-08
286 9.524530e-09
287 6.464322e-09
288 4.168356e-09
289 2.569744e-09
290 1.591869e-09
291 1.004237e-09
292 6.517684e-10
293 4.299575e-10
294 2.816791e-10
295 1.787076e-10
296 1.076852e-10
297 6.093197e-11
298 3.228492e-11
299 1.610284e-11
300 1.592048e-08
301 1.145218e-08
302 7.846037e-09
303 5.117725e-09
304 3.167753e-09
305 1.952520e-09
306 1.221892e-09
307 7.866610e-10
308 5.170103e-10
309 3.394932e-10
310 2.171316e-10
311 1.324612e-10
312 7.605892e-11
313 4.090627e-11
314 2.067411e-11
315 1.773706e-08
316 1.285241e-08
317 8.853043e-09
318 5.812822e-09
319 3.609518e-09
320 2.218325e-09
321 1.382471e-09
322 8.859022e-10
323 5.806822e-10
324 3.816401e-10
325 2.451342e-10
326 1.505608e-10
327 8.716128e-11
328 4.727226e-11
329 2.407464e-11
330 1.879580e-08
331 1.367282e-08
332 9.447070e-09
333 6.226250e-09
334 3.872545e-09
335 2.376627e-09
336 1.477591e-09
337 9.442915e-10
338 6.181180e-10
339 4.064036e-10
340 2.616512e-10
341 1.613035e-10
342 9.379705e-11
343 5.110395e-11
344 2.613147e-11
345 1.991762e-08
346 1.453455e-08
347 1.006554e-08
348 6.650671e-09
349 4.142485e-09
350 2.538815e-09
351 1.576163e-09
352 1.005177e-09
353 6.572174e-10
354 4.322725e-10
355 2.788133e-10
356 1.723633e-10
357 1.005610e-10
358 5.497466e-11
359 2.819419e-11
360 2.052214e-08
361 1.501329e-08
362 1.041660e-08
363 6.896885e-09
364 4.299822e-09
365 2.633515e-09
366 1.632275e-09
367 1.039394e-09
368 6.789722e-10
369 4.467336e-10
370 2.885238e-10
371 1.787608e-10
372 1.045657e-10
373 5.731473e-11
374 2.946259e-11
375 2.163018e-08
376 1.585916e-08
377 1.102133e-08
378 7.311348e-09
379 4.562471e-09
380 2.792745e-09
381 1.728660e-09
382 1.099079e-09
383 7.174386e-10
384 4.721702e-10
385 3.053489e-10
386 1.895595e-10
387 1.111412e-10
388 6.106170e-11
389 3.145346e-11
390 2.239960e-08
391 1.646127e-08
392 1.145791e-08
393 7.615708e-09
394 4.757059e-09
395 2.909413e-09
396 1.798814e-09
397 1.142165e-09
398 7.448531e-10
399 4.903659e-10
400 3.175213e-10
401 1.975062e-10
402 1.160706e-10
403 6.391008e-11
404 3.298742e-11
405 1.968555e-08
406 1.441985e-08
407 1.000498e-08
408 6.629427e-09
409 4.149280e-09
410 2.541798e-09
411 1.576481e-09
412 1.002524e-09
413 6.536233e-10
414 4.291917e-10
415 2.768021e-10
416 1.714223e-10
417 1.003532e-10
418 5.511278e-11
419 2.840517e-11
420 2.259609e-08
421 1.675842e-08
422 1.172410e-08
423 7.837632e-09
424 4.949913e-09
425 3.023933e-09
426 1.866918e-09
427 1.177973e-09
428 7.632865e-10
429 5.005431e-10
430 3.240906e-10
431 2.023944e-10
432 1.198396e-10
433 6.665967e-11
434 3.478666e-11
435 2.436110e-08
436 1.819940e-08
437 1.279063e-08
438 8.594552e-09
439 5.454445e-09
440 3.329387e-09
441 2.050348e-09
442 1.287939e-09
443 8.317711e-10
444 5.448529e-10
445 3.534681e-10
446 2.217169e-10
447 1.320806e-10
448 7.397289e-11
449 3.886232e-11
450 2.616526e-08
451 1.964583e-08
452 1.385491e-08
453 9.342451e-09
454 5.950290e-09
455 3.629756e-09
456 2.231305e-09
457 1.397062e-09
458 8.999916e-10
459 5.891145e-10
460 3.827415e-10
461 2.408454e-10
462 1.441026e-10
463 8.109930e-11
464 4.280771e-11
465 2.724419e-08
466 2.053973e-08
467 1.452728e-08
468 9.821885e-09
469 6.272226e-09
470 3.824647e-09
471 2.347542e-09
472 1.466496e-09
473 9.428358e-10
474 6.168346e-10
475 4.011507e-10
476 2.530516e-10
477 1.519134e-10
478 8.581364e-11
479 4.545844e-11
480 2.898373e-08
481 2.192763e-08
482 1.554772e-08
483 1.053537e-08
484 6.745572e-09
485 4.112318e-09
486 2.521136e-09
487 1.571220e-09
488 1.008514e-09
489 6.593943e-10
490 4.292342e-10
491 2.713480e-10
492 1.633686e-10
493 9.257858e-11
494 4.919873e-11
495 3.031041e-08
496 2.300976e-08
497 1.635189e-08
498 1.110712e-08
499 7.127469e-09
500 4.342911e-09
501 2.659167e-09
502 1.654075e-09
503 1.059832e-09
504 6.926796e-10
505 4.513344e-10
506 2.859211e-10
507 1.726305e-10
508 9.812917e-11
509 5.229416e-11
510 2.666617e-08
511 2.013741e-08
512 1.426119e-08
513 9.641650e-09
514 6.175931e-09
515 3.773472e-09
516 2.316952e-09
517 1.446048e-09
518 9.279624e-10
519 6.059154e-10
520 3.934441e-10
521 2.480237e-10
522 1.489633e-10
523 8.428503e-11
524 4.476512e-11
525 2.931037e-08
526 2.238044e-08
527 1.597296e-08
528 1.086714e-08
529 7.019182e-09
530 4.297614e-09
531 2.629864e-09
532 1.631105e-09
533 1.040772e-09
534 6.772794e-10
535 4.401588e-10
536 2.788026e-10
537 1.687564e-10
538 9.640530e-11
539 5.172551e-11
540 3.194222e-08
541 2.459089e-08
542 1.765153e-08
543 1.206635e-08
544 7.839112e-09
545 4.808620e-09
546 2.935484e-09
547 1.812935e-09
548 1.151582e-09
549 7.476109e-10
550 4.860740e-10
551 3.089006e-10
552 1.879964e-10
553 1.081241e-10
554 5.842901e-11
555 3.364718e-08
556 2.606713e-08
557 1.879499e-08
558 1.289253e-08
559 8.411371e-09
560 5.166580e-09
561 3.148340e-09
562 1.938587e-09
563 1.227520e-09
564 7.952951e-10
565 5.172286e-10
566 3.295075e-10
567 2.013513e-10
568 1.163808e-10
569 6.322107e-11
570 3.616189e-08
571 2.817097e-08
572 2.038637e-08
573 1.402372e-08
574 9.184393e-09
575 5.648523e-09
576 3.436858e-09
577 2.110690e-09
578 1.332659e-09
579 8.620194e-10
580 5.607497e-10
581 3.579712e-10
582 2.194906e-10
583 1.273958e-10
584 6.950349e-11
585 3.819305e-08
586 2.990332e-08
587 2.172032e-08
588 1.498216e-08
589 9.845096e-09
590 6.061317e-09
591 3.682630e-09
592 2.256299e-09
593 1.420803e-09
594 9.175807e-10
595 5.970876e-10
596 3.819267e-10
597 2.349379e-10
598 1.368942e-10
599 7.498153e-11
600 3.272822e-08
601 2.536330e-08
602 1.829967e-08
603 1.254955e-08
604 8.191993e-09
605 5.044211e-09
606 3.073169e-09
607 1.892902e-09
608 1.197921e-09
609 7.752262e-10
610 5.035517e-10
611 3.204696e-10
612 1.957300e-10
613 1.131517e-10
614 6.151953e-11
615 3.616559e-08
616 2.834545e-08
617 2.062996e-08
618 1.423327e-08
619 9.362639e-09
620 5.795647e-09
621 3.520131e-09
622 2.158413e-09
623 1.357006e-09
624 8.741902e-10
625 5.672629e-10
626 3.620973e-10
627 2.225495e-10
628 1.297616e-10
629 7.123697e-11
630 3.851881e-08
631 3.045317e-08
632 2.231165e-08
633 1.546510e-08
634 1.022885e-08
635 6.358076e-09
636 3.853402e-09
637 2.355328e-09
638 1.473886e-09
639 9.459457e-10
640 6.132614e-10
641 3.922794e-10
642 2.421976e-10
643 1.420967e-10
644 7.855700e-11
645 4.178939e-08
646 3.328626e-08
647 2.452119e-08
648 1.706088e-08
649 1.133591e-08
650 7.070106e-09
651 4.277368e-09
652 2.607775e-09
653 1.625329e-09
654 1.040052e-09
655 6.737524e-10
656 4.317068e-10
657 2.675313e-10
658 1.577509e-10
659 8.770269e-11
660 4.454419e-08
661 3.572218e-08
662 2.644952e-08
663 1.846942e-08
664 1.232189e-08
665 7.708671e-09
666 4.656691e-09
667 2.832295e-09
668 1.758856e-09
669 1.122314e-09
670 7.265544e-10
671 4.662810e-10
672 2.899540e-10
673 1.717622e-10
674 9.598062e-11
675 4.052929e-08
676 3.224127e-08
677 2.374880e-08
678 1.651852e-08
679 1.096655e-08
680 6.852406e-09
681 4.148985e-09
682 2.532418e-09
683 1.578325e-09
684 1.009310e-09
685 6.530346e-10
686 4.177820e-10
687 2.585481e-10
688 1.523177e-10
689 8.466010e-11
690 4.372163e-08
691 3.518797e-08
692 2.617840e-08
693 1.832481e-08
694 1.224928e-08
695 7.711827e-09
696 4.662524e-09
697 2.836645e-09
698 1.756184e-09
699 1.116284e-09
700 7.201869e-10
701 4.613212e-10
702 2.868732e-10
703 1.702781e-10
704 9.551845e-11
705 4.795916e-08
706 3.898542e-08
707 2.923370e-08
708 2.057759e-08
709 1.383010e-08
710 8.760045e-09
711 5.291659e-09
712 3.210700e-09
713 1.977128e-09
714 1.250545e-09
715 8.048905e-10
716 5.160159e-10
717 3.221045e-10
718 1.923333e-10
719 1.086746e-10
720 5.165336e-08
721 4.237464e-08
722 3.200087e-08
723 2.263668e-08
724 1.528772e-08
725 9.735086e-09
726 5.876204e-09
727 3.557691e-09
728 2.180053e-09
729 1.372876e-09
730 8.817262e-10
731 5.657082e-10
732 3.543278e-10
733 2.126961e-10
734 1.209464e-10
735 4.780251e-08
736 3.906030e-08
737 2.944699e-08
738 2.080694e-08
739 1.402414e-08
740 8.927215e-09
741 5.401434e-09
742 3.273920e-09
743 2.009164e-09
744 1.266139e-09
745 8.125330e-10
746 5.203606e-10
747 3.251310e-10
748 1.946831e-10
749 1.104730e-10
750 5.312712e-08
751 4.398570e-08
752 3.355144e-08
753 2.389836e-08
754 1.621728e-08
755 1.041698e-08
756 6.315633e-09
757 3.814978e-09
758 2.325115e-09
759 1.454571e-09
760 9.288365e-10
761 5.943674e-10
762 3.726429e-10
763 2.246612e-10
764 1.286603e-10
765 5.793581e-08
766 4.854456e-08
767 3.740774e-08
768 2.684106e-08
769 1.832218e-08
770 1.186005e-08
771 7.204985e-09
772 4.340130e-09
773 2.629417e-09
774 1.634457e-09
775 1.039111e-09
776 6.643834e-10
777 4.177460e-10
778 2.533297e-10
779 1.462178e-10
780 5.997923e-08
781 5.050905e-08
782 3.915943e-08
783 2.823338e-08
784 1.932953e-08
785 1.256819e-08
786 7.673990e-09
787 4.614039e-09
788 2.789965e-09
789 1.727110e-09
790 1.093507e-09
791 6.972866e-10
792 4.381813e-10
793 2.661350e-10
794 1.541377e-10
795 6.650654e-08
796 5.689870e-08
797 4.478969e-08
798 3.266924e-08
799 2.255052e-08
800 1.481663e-08
801 9.116224e-09
802 5.460378e-09
803 3.281391e-09
804 2.011830e-09
805 1.263167e-09
806 8.022407e-10
807 5.047702e-10
808 3.084069e-10
809 1.803270e-10
810 7.548419e-08
811 6.599851e-08
812 5.314299e-08
813 3.951063e-08
814 2.762650e-08
815 1.840713e-08
816 1.151341e-08
817 6.879761e-09
818 4.110510e-09
819 2.483474e-09
820 1.536032e-09
821 9.656847e-10
822 6.059624e-10
823 3.719826e-10
824 2.198881e-10
825 1.119620e-06
826 8.176365e-07
827 6.058392e-07
828 3.768329e-07
829 2.295570e-07
830 1.360007e-07
831 8.305577e-08
832 5.329337e-08
833 3.598243e-08
834 0.000000e+00
835 0.000000e+00
836 0.000000e+00
837 0.000000e+00
838 0.000000e+00
839 0.000000e+00
840 1.658935e-06
841 1.211672e-06
842 8.987884e-07
843 5.649547e-07
844 3.434235e-07
845 2.031995e-07
846 1.238757e-07
847 7.920955e-08
848 5.334529e-08
849 0.000000e+00
850 0.000000e+00
851 0.000000e+00
852 0.000000e+00
853 0.000000e+00
854 0.000000e+00
855 1.992064e-06
856 1.455124e-06
857 1.079736e-06
858 6.813259e-07
859 4.138097e-07
860 2.447432e-07
861 1.491104e-07
862 9.522577e-08
863 6.407237e-08
864 0.000000e+00
865 0.000000e+00
866 0.000000e+00
867 0.000000e+00
868 0.000000e+00
869 0.000000e+00
870 2.223811e-06
871 1.624490e-06
872 1.205627e-06
873 7.623007e-07
874 4.627869e-07
875 2.736491e-07
876 1.666686e-07
877 1.063691e-07
878 7.153526e-08
879 0.000000e+00
880 0.000000e+00
881 0.000000e+00
882 0.000000e+00
883 0.000000e+00
884 0.000000e+00
885 2.358254e-06
886 1.722745e-06
887 1.278676e-06
888 8.093966e-07
889 4.912569e-07
890 2.904475e-07
891 1.768676e-07
892 1.128377e-07
893 7.586510e-08
894 0.000000e+00
895 0.000000e+00
896 0.000000e+00
897 0.000000e+00
898 0.000000e+00
899 0.000000e+00
900 2.500428e-06
901 1.826635e-06
902 1.355893e-06
903 8.590077e-07
904 5.212694e-07
905 3.081641e-07
906 1.876307e-07
907 1.196708e-07
908 8.044303e-08
909 0.000000e+00
910 0.000000e+00
911 0.000000e+00
912 0.000000e+00
913 0.000000e+00
914 0.000000e+00
915 2.577563e-06
916 1.883019e-06
917 1.397830e-06
918 8.861791e-07
919 5.376792e-07
920 3.178416e-07
921 1.935024e-07
922 1.233878e-07
923 8.292805e-08
924 0.000000e+00
925 0.000000e+00
926 0.000000e+00
927 0.000000e+00
928 0.000000e+00
929 0.000000e+00
930 2.717870e-06
931 1.985549e-06
932 1.474027e-06
933 9.350642e-07
934 5.672599e-07
935 3.353050e-07
936 2.041143e-07
937 1.301285e-07
938 8.744533e-08
939 0.000000e+00
940 0.000000e+00
941 0.000000e+00
942 0.000000e+00
943 0.000000e+00
944 0.000000e+00
945 2.815955e-06
946 2.057235e-06
947 1.527328e-06
948 9.694826e-07
949 5.880594e-07
950 3.475753e-07
951 2.115628e-07
952 1.348494e-07
953 9.060446e-08
954 0.000000e+00
955 0.000000e+00
956 0.000000e+00
957 0.000000e+00
958 0.000000e+00
959 0.000000e+00
960 5.785975e-07
961 4.608400e-07
962 3.342338e-07
963 2.506842e-07
964 1.551021e-07
965 9.494106e-08
966 5.517583e-08
967 3.299387e-08
968 2.067375e-08
969 1.368648e-08
970 0.000000e+00
971 0.000000e+00
972 0.000000e+00
973 0.000000e+00
974 0.000000e+00
975 9.071790e-07
976 7.273610e-07
977 5.280058e-07
978 3.956574e-07
979 2.478839e-07
980 1.511659e-07
981 8.778687e-08
982 5.242424e-08
983 3.273383e-08
984 2.160938e-08
985 0.000000e+00
986 0.000000e+00
987 0.000000e+00
988 0.000000e+00
989 0.000000e+00
990 1.144195e-06
991 9.198896e-07
992 6.680327e-07
993 5.003777e-07
994 3.151000e-07
995 1.918440e-07
996 1.113822e-07
997 6.648220e-08
998 4.145314e-08
999 2.733390e-08
1000 0.000000e+00
1001 0.000000e+00
1002 0.000000e+00
1003 0.000000e+00
1004 0.000000e+00
1005 1.291001e-06
1006 1.039211e-06
1007 7.548225e-07
1008 5.652828e-07
1009 3.568109e-07
1010 2.170773e-07
1011 1.260186e-07
1012 7.520197e-08
1013 4.685901e-08
1014 3.088192e-08
1015 0.000000e+00
1016 0.000000e+00
1017 0.000000e+00
1018 0.000000e+00
1019 0.000000e+00
1020 1.431277e-06
1021 1.153114e-06
1022 8.376635e-07
1023 6.272355e-07
1024 3.965496e-07
1025 2.411336e-07
1026 1.399720e-07
1027 8.351621e-08
1028 5.201693e-08
1029 3.426871e-08
1030 0.000000e+00
1031 0.000000e+00
1032 0.000000e+00
1033 0.000000e+00
1034 0.000000e+00
1035 1.527293e-06
1036 1.231250e-06
1037 8.945088e-07
1038 6.697385e-07
1039 4.239226e-07
1040 2.576809e-07
1041 1.495689e-07
1042 8.923231e-08
1043 5.555879e-08
1044 3.659236e-08
1045 0.000000e+00
1046 0.000000e+00
1047 0.000000e+00
1048 0.000000e+00
1049 0.000000e+00
1050 1.659585e-06
1051 1.338630e-06
1052 9.725916e-07
1053 7.281451e-07
1054 4.613504e-07
1055 2.803439e-07
1056 1.627155e-07
1057 9.706627e-08
1058 6.041962e-08
1059 3.978470e-08
1060 0.000000e+00
1061 0.000000e+00
1062 0.000000e+00
1063 0.000000e+00
1064 0.000000e+00
1065 1.771083e-06
1066 1.429298e-06
1067 1.038545e-06
1068 7.774613e-07
1069 4.930647e-07
1070 2.995264e-07
1071 1.738412e-07
1072 1.036936e-07
1073 6.452808e-08
1074 4.248084e-08
1075 0.000000e+00
1076 0.000000e+00
1077 0.000000e+00
1078 0.000000e+00
1079 0.000000e+00
1080 3.005713e-07
1081 2.733407e-07
1082 2.105573e-07
1083 1.522450e-07
1084 1.140896e-07
1085 6.593540e-08
1086 4.041197e-08
1087 2.330068e-08
1088 1.377807e-08
1089 8.572243e-09
1090 0.000000e+00
1091 0.000000e+00
1092 0.000000e+00
1093 0.000000e+00
1094 0.000000e+00
1095 5.119357e-07
1096 4.675096e-07
1097 3.615160e-07
1098 2.612357e-07
1099 1.960458e-07
1100 1.138866e-07
1101 6.998289e-08
1102 4.025794e-08
1103 2.372503e-08
1104 1.472892e-08
1105 0.000000e+00
1106 0.000000e+00
1107 0.000000e+00
1108 0.000000e+00
1109 0.000000e+00
1110 6.515440e-07
1111 5.959030e-07
1112 4.614503e-07
1113 3.333793e-07
1114 2.503074e-07
1115 1.456887e-07
1116 8.960304e-08
1117 5.150378e-08
1118 3.031535e-08
1119 1.880567e-08
1120 0.000000e+00
1121 0.000000e+00
1122 0.000000e+00
1123 0.000000e+00
1124 0.000000e+00
1125 7.782265e-07
1126 7.123683e-07
1127 5.520716e-07
1128 3.988026e-07
1129 2.995093e-07
1130 1.745131e-07
1131 1.073828e-07
1132 6.169621e-08
1133 3.629014e-08
1134 2.250233e-08
1135 0.000000e+00
1136 0.000000e+00
1137 0.000000e+00
1138 0.000000e+00
1139 0.000000e+00
1140 8.748363e-07
1141 8.012572e-07
1142 6.212757e-07
1143 4.487610e-07
1144 3.370876e-07
1145 1.965456e-07
1146 1.209794e-07
1147 6.948773e-08
1148 4.085507e-08
1149 2.532560e-08
1150 0.000000e+00
1151 0.000000e+00
1152 0.000000e+00
1153 0.000000e+00
1154 0.000000e+00
1155 9.912720e-07
1156 9.082855e-07
1157 7.045377e-07
1158 5.088736e-07
1159 3.822923e-07
1160 2.230218e-07
1161 1.373096e-07
1162 7.885010e-08
1163 4.634385e-08
1164 2.872200e-08
1165 0.000000e+00
1166 0.000000e+00
1167 0.000000e+00
1168 0.000000e+00
1169 0.000000e+00
1170 1.099270e-06
1171 1.007618e-06
1172 7.818607e-07
1173 5.646936e-07
1174 4.242776e-07
1175 2.476331e-07
1176 1.524937e-07
1177 8.755275e-08
1178 5.144320e-08
1179 3.187622e-08
1180 0.000000e+00
1181 0.000000e+00
1182 0.000000e+00
1183 0.000000e+00
1184 0.000000e+00
1185 2.482930e-07
1186 2.451918e-07
1187 2.062945e-07
1188 1.507134e-07
1189 1.119268e-07
1190 7.616279e-08
1191 4.490467e-08
1192 2.558831e-08
1193 1.479589e-08
1194 8.740460e-09
1195 5.473303e-09
1196 0.000000e+00
1197 0.000000e+00
1198 0.000000e+00
1199 0.000000e+00
1200 4.102210e-07
1201 4.060348e-07
1202 3.426593e-07
1203 2.506912e-07
1204 1.859259e-07
1205 1.272415e-07
1206 7.471715e-08
1207 4.262371e-08
1208 2.467445e-08
1209 1.455457e-08
1210 9.098967e-09
1211 0.000000e+00
1212 0.000000e+00
1213 0.000000e+00
1214 0.000000e+00
1215 5.573076e-07
1216 5.521908e-07
1217 4.666398e-07
1218 3.416142e-07
1219 2.532078e-07
1220 1.737299e-07
1221 1.018309e-07
1222 5.812197e-08
1223 3.366251e-08
1224 1.984341e-08
1225 1.239594e-08
1226 0.000000e+00
1227 0.000000e+00
1228 0.000000e+00
1229 0.000000e+00
1230 6.761280e-07
1231 6.702953e-07
1232 5.668670e-07
1233 4.151301e-07
1234 3.075999e-07
1235 2.113319e-07
1236 1.237538e-07
1237 7.065380e-08
1238 4.093085e-08
1239 2.411990e-08
1240 1.506160e-08
1241 0.000000e+00
1242 0.000000e+00
1243 0.000000e+00
1244 0.000000e+00
1245 8.092430e-07
1246 8.025687e-07
1247 6.790570e-07
1248 4.974021e-07
1249 3.684828e-07
1250 2.533902e-07
1251 1.482872e-07
1252 8.467673e-08
1253 4.906279e-08
1254 2.890541e-08
1255 1.804491e-08
1256 0.000000e+00
1257 0.000000e+00
1258 0.000000e+00
1259 0.000000e+00
1260 9.395530e-07
1261 9.320787e-07
1262 7.889396e-07
1263 5.779968e-07
1264 4.281136e-07
1265 2.946107e-07
1266 1.723210e-07
1267 9.841554e-08
1268 5.703069e-08
1269 3.359359e-08
1270 2.096726e-08
1271 0.000000e+00
1272 0.000000e+00
1273 0.000000e+00
1274 0.000000e+00
1275 1.512963e-07
1276 1.576291e-07
1277 1.427665e-07
1278 1.092907e-07
1279 7.897331e-08
1280 5.919069e-08
1281 3.345924e-08
1282 2.022665e-08
1283 1.142056e-08
1284 6.592988e-09
1285 3.944759e-09
1286 0.000000e+00
1287 0.000000e+00
1288 0.000000e+00
1289 0.000000e+00
1290 2.744110e-07
1291 2.864157e-07
1292 2.601118e-07
1293 1.995941e-07
1294 1.441471e-07
1295 1.081832e-07
1296 6.130766e-08
1297 3.716692e-08
1298 2.094468e-08
1299 1.206556e-08
1300 7.206831e-09
1301 0.000000e+00
1302 0.000000e+00
1303 0.000000e+00
1304 0.000000e+00
1305 3.810713e-07
1306 3.980518e-07
1307 3.619076e-07
1308 2.779886e-07
1309 2.007185e-07
1310 1.507225e-07
1311 8.550956e-08
1312 5.190056e-08
1313 2.922382e-08
1314 1.681928e-08
1315 1.003909e-08
1316 0.000000e+00
1317 0.000000e+00
1318 0.000000e+00
1319 0.000000e+00
1320 4.948536e-07
1321 5.171218e-07
1322 4.704565e-07
1323 3.615660e-07
1324 2.610326e-07
1325 1.960718e-07
1326 1.113056e-07
1327 6.760002e-08
1328 3.804758e-08
1329 2.188658e-08
1330 1.305852e-08
1331 0.000000e+00
1332 0.000000e+00
1333 0.000000e+00
1334 0.000000e+00
1335 6.103780e-07
1336 6.380268e-07
1337 5.807036e-07
1338 4.464665e-07
1339 3.222990e-07
1340 2.421408e-07
1341 1.375137e-07
1342 8.355398e-08
1343 4.701293e-08
1344 2.703449e-08
1345 1.612579e-08
1346 0.000000e+00
1347 0.000000e+00
1348 0.000000e+00
1349 0.000000e+00
1350 7.971368e-08
1351 8.628766e-08
1352 8.274916e-08
1353 6.705948e-08
1354 4.837323e-08
1355 3.646468e-08
1356 2.278372e-08
1357 1.396745e-08
1358 7.754040e-09
1359 4.269587e-09
1360 2.467478e-09
1361 1.500468e-09
1362 0.000000e+00
1363 0.000000e+00
1364 0.000000e+00
1365 1.489895e-07
1366 1.615101e-07
1367 1.552303e-07
1368 1.261267e-07
1369 9.103269e-08
1370 6.856394e-08
1371 4.309659e-08
1372 2.635285e-08
1373 1.463240e-08
1374 8.060099e-09
1375 4.648705e-09
1376 2.821421e-09
1377 0.000000e+00
1378 0.000000e+00
1379 0.000000e+00
1380 2.222707e-07
1381 2.410952e-07
1382 2.319361e-07
1383 1.886546e-07
1384 1.361959e-07
1385 1.025432e-07
1386 6.461421e-08
1387 3.946777e-08
1388 2.191610e-08
1389 1.207470e-08
1390 6.958279e-09
1391 4.219767e-09
1392 0.000000e+00
1393 0.000000e+00
1394 0.000000e+00
1395 2.986971e-07
1396 3.241021e-07
1397 3.119463e-07
1398 2.538866e-07
1399 1.833131e-07
1400 1.379913e-07
1401 8.706874e-08
1402 5.315218e-08
1403 2.951610e-08
1404 1.626368e-08
1405 9.367910e-09
1406 5.678556e-09
1407 0.000000e+00
1408 0.000000e+00
1409 0.000000e+00
1410 5.695075e-08
1411 6.357335e-08
1412 6.388367e-08
1413 5.489348e-08
1414 4.046534e-08
1415 2.979609e-08
1416 2.100682e-08
1417 1.197783e-08
1418 6.744877e-09
1419 3.816981e-09
1420 2.122911e-09
1421 1.237774e-09
1422 0.000000e+00
1423 0.000000e+00
1424 0.000000e+00
1425 1.169390e-07
1426 1.307062e-07
1427 1.316047e-07
1428 1.133911e-07
1429 8.371913e-08
1430 6.157333e-08
1431 4.360135e-08
1432 2.478529e-08
1433 1.398457e-08
1434 7.913027e-09
1435 4.398840e-09
1436 2.560092e-09
1437 0.000000e+00
1438 0.000000e+00
1439 0.000000e+00
1440 1.820006e-07
1441 2.035313e-07
1442 2.050894e-07
1443 1.768939e-07
1444 1.306854e-07
1445 9.607222e-08
1446 6.814664e-08
1447 3.869249e-08
1448 2.184880e-08
1449 1.236193e-08
1450 6.870754e-09
1451 3.995883e-09
1452 0.000000e+00
1453 0.000000e+00
1454 0.000000e+00
1455 4.830065e-08
1456 5.536368e-08
1457 5.788837e-08
1458 5.262178e-08
1459 4.036823e-08
1460 2.914928e-08
1461 2.190096e-08
1462 1.228220e-08
1463 7.351397e-09
1464 4.026029e-09
1465 2.218750e-09
1466 1.238404e-09
1467 0.000000e+00
1468 0.000000e+00
1469 0.000000e+00
1470 1.041446e-07
1471 1.195133e-07
1472 1.251809e-07
1473 1.140877e-07
1474 8.772468e-08
1475 6.331284e-08
1476 4.762767e-08
1477 2.678285e-08
1478 1.608040e-08
1479 8.791666e-09
1480 4.834744e-09
1481 2.693595e-09
1482 0.000000e+00
1483 0.000000e+00
1484 0.000000e+00
1485 3.424465e-08
1486 4.023681e-08
1487 4.362380e-08
1488 4.187336e-08
1489 3.394407e-08
1490 2.448854e-08
1491 1.847413e-08
1492 1.148284e-08
1493 6.988743e-09
1494 3.792255e-09
1495 1.997365e-09
1496 1.077735e-09
1497 6.002546e-10
1498 0.000000e+00
1499 0.000000e+00
1500 5.429341e-04
1501 3.956217e-04
1502 2.951832e-04
1503 1.859008e-04
1504 1.134322e-04
1505 6.689488e-05
1506 4.068530e-05
1507 2.593447e-05
1508 1.743873e-05
1509 0.000000e+00
1510 0.000000e+00
1511 0.000000e+00
1512 0.000000e+00
1513 0.000000e+00
1514 0.000000e+00
1515 1.778962e-04
1516 1.434821e-04
1517 1.040950e-04
1518 7.809660e-05
1519 4.934934e-05
1520 3.012277e-05
1521 1.744414e-05
1522 1.039153e-05
1523 6.467187e-06
1524 4.259431e-06
1525 0.000000e+00
1526 0.000000e+00
1527 0.000000e+00
1528 0.000000e+00
1529 0.000000e+00
1530 9.388692e-05
1531 8.609101e-05
1532 6.677811e-05
1533 4.819639e-05
1534 3.627863e-05
1535 2.109213e-05
1536 1.301860e-05
1537 7.465819e-06
1538 4.391303e-06
1539 2.720822e-06
1540 0.000000e+00
1541 0.000000e+00
1542 0.000000e+00
1543 0.000000e+00
1544 0.000000e+00
1545 9.383343e-05
1546 9.312176e-05
1547 7.883670e-05
1548 5.773431e-05
1549 4.276229e-05
1550 2.945773e-05
1551 1.722219e-05
1552 9.825120e-06
1553 5.701769e-06
1554 3.355224e-06
1555 2.094051e-06
1556 0.000000e+00
1557 0.000000e+00
1558 0.000000e+00
1559 0.000000e+00
1560 5.391977e-05
1561 5.638042e-05
1562 5.133277e-05
1563 3.946510e-05
1564 2.847982e-05
1565 2.141818e-05
1566 1.214085e-05
1567 7.383228e-06
1568 4.150635e-06
1569 2.390171e-06
1570 1.424972e-06
1571 0.000000e+00
1572 0.000000e+00
1573 0.000000e+00
1574 0.000000e+00
1575 1.804877e-05
1576 1.958924e-05
1577 1.886142e-05
1578 1.535413e-05
1579 1.108370e-05
1580 8.344967e-06
1581 5.266636e-06
1582 3.218384e-06
1583 1.787120e-06
1584 9.829796e-07
1585 5.663368e-07
1586 3.432931e-07
1587 0.000000e+00
1588 0.000000e+00
1589 0.000000e+00
1590 9.768276e-06
1591 1.092675e-05
1592 1.101453e-05
1593 9.504000e-06
1594 7.021388e-06
1595 5.160663e-06
1596 3.664614e-06
1597 2.078487e-06
1598 1.173077e-06
1599 6.646009e-07
1600 3.691090e-07
1601 2.146430e-07
1602 0.000000e+00
1603 0.000000e+00
1604 0.000000e+00
1605 5.277035e-06
1606 6.057752e-06
1607 6.348005e-06
1608 5.789113e-06
1609 4.453110e-06
1610 3.213056e-06
1611 2.418864e-06
1612 1.359447e-06
1613 8.170436e-07
1614 4.463111e-07
1615 2.455802e-07
1616 1.367194e-07
1617 0.000000e+00
1618 0.000000e+00
1619 0.000000e+00
1620 1.310265e-06
1621 1.540641e-06
1622 1.672050e-06
1623 1.607461e-06
1624 1.305267e-06
1625 9.418590e-07
1626 7.102745e-07
1627 4.431533e-07
1628 2.695189e-07
1629 1.462847e-07
1630 7.698111e-08
1631 4.149640e-08
1632 2.307710e-08
1633 0.000000e+00
1634 0.000000e+00
1635 5.545648e-07
1636 6.686903e-07
1637 7.521016e-07
1638 7.634068e-07
1639 6.647437e-07
1640 4.942430e-07
1641 3.623312e-07
1642 2.596278e-07
1643 1.459517e-07
1644 8.183294e-08
1645 4.461027e-08
1646 2.322812e-08
1647 1.219890e-08
1648 0.000000e+00
1649 0.000000e+00
