0 2.279314e-09
1 1.484287e-09
2 9.346500e-10
3 5.883589e-10
4 3.777014e-10
5 2.481354e-10
6 1.648701e-10
7 1.083474e-10
8 6.877756e-11
9 4.141555e-11
10 2.342668e-11
11 1.242000e-11
12 6.211463e-12
13 2.962776e-12
14 1.364462e-12
15 3.869563e-09
16 2.579719e-09
17 1.643573e-09
18 1.024924e-09
19 6.472789e-10
20 4.183872e-10
21 2.763721e-10
22 1.832070e-10
23 1.189245e-10
24 7.394908e-11
25 4.337264e-11
26 2.382985e-11
27 1.229000e-11
28 6.002226e-12
29 2.809782e-12
30 4.491144e-09
31 3.015420e-09
32 1.933228e-09
33 1.205150e-09
34 7.578636e-10
35 4.871759e-10
36 3.206084e-10
37 2.125856e-10
38 1.386428e-10
39 8.690303e-11
40 5.149303e-11
41 2.861085e-11
42 1.491041e-11
43 7.344071e-12
44 3.459275e-12
45 4.796188e-09
46 3.230697e-09
47 2.076834e-09
48 1.294707e-09
49 8.126878e-10
50 5.211841e-10
51 3.424223e-10
52 2.270781e-10
53 1.483988e-10
54 9.332063e-11
55 5.554684e-11
56 3.100557e-11
57 1.622807e-11
58 8.022529e-12
59 3.789161e-12
60 4.978505e-09
61 3.360525e-09
62 2.164118e-09
63 1.349250e-09
64 8.458483e-10
65 5.416070e-10
66 3.554923e-10
67 2.357103e-10
68 1.542127e-10
69 9.722314e-11
70 5.803543e-11
71 3.249623e-11
72 1.705540e-11
73 8.451061e-12
74 3.998079e-12
75 5.157208e-09
76 3.485755e-09
77 2.247597e-09
78 1.401211e-09
79 8.778236e-10
80 5.614417e-10
81 3.682126e-10
82 2.441201e-10
83 1.598764e-10
84 1.009493e-10
85 6.037238e-11
86 3.387522e-11
87 1.781466e-11
88 8.840141e-12
89 4.187323e-12
90 5.306000e-09
91 3.589892e-09
92 2.316826e-09
93 1.444493e-09
94 9.043882e-10
95 5.780577e-10
96 3.788734e-10
97 2.512548e-10
98 1.646485e-10
99 1.040844e-10
100 6.233565e-11
101 3.502986e-11
102 1.844817e-11
103 9.165602e-12
104 4.344960e-12
105 5.426441e-09
106 3.674663e-09
107 2.373408e-09
108 1.480092e-09
109 9.261932e-10
110 5.914200e-10
111 3.875517e-10
112 2.569430e-10
113 1.684500e-10
114 1.065813e-10
115 6.391397e-11
116 3.596082e-11
117 1.895891e-11
118 9.428456e-12
119 4.472724e-12
120 5.535655e-09
121 3.751947e-09
122 2.424791e-09
123 1.511912e-09
124 9.455957e-10
125 6.035930e-10
126 3.952064e-10
127 2.621029e-10
128 1.718838e-10
129 1.088621e-10
130 6.536251e-11
131 3.682368e-11
132 1.943885e-11
133 9.676111e-12
134 4.593259e-12
135 5.692989e-09
136 3.861746e-09
137 2.498552e-09
138 1.557948e-09
139 9.738269e-10
140 6.211472e-10
141 4.066015e-10
142 2.695505e-10
143 1.769595e-10
144 1.121894e-10
145 6.743575e-11
146 3.803774e-11
147 2.010231e-11
148 1.001560e-11
149 4.756679e-12
150 8.034730e-09
151 5.541904e-09
152 3.646928e-09
153 2.282395e-09
154 1.414381e-09
155 8.909718e-10
156 5.768040e-10
157 3.812891e-10
158 2.520496e-10
159 1.624307e-10
160 9.982409e-11
161 5.768908e-11
162 3.119439e-11
163 1.583895e-11
164 7.629077e-12
165 1.024829e-08
166 7.159701e-09
167 4.778876e-09
168 3.023731e-09
169 1.865478e-09
170 1.165656e-09
171 7.463066e-10
172 4.899950e-10
173 3.242452e-10
174 2.108274e-10
175 1.315616e-10
176 7.749905e-11
177 4.275207e-11
178 2.210570e-11
179 1.080254e-11
180 1.144687e-08
181 8.044905e-09
182 5.402228e-09
183 3.437495e-09
184 2.119025e-09
185 1.319652e-09
186 8.405543e-10
187 5.499371e-10
188 3.638152e-10
189 2.373412e-10
190 1.490334e-10
191 8.850160e-11
192 4.924991e-11
193 2.567480e-11
194 1.263165e-11
195 1.222863e-08
196 8.627099e-09
197 5.814605e-09
198 3.712535e-09
199 2.287463e-09
200 1.421632e-09
201 9.027963e-10
202 5.893867e-10
203 3.898284e-10
204 2.548064e-10
205 1.606040e-10
206 9.583379e-11
207 5.360767e-11
208 2.808269e-11
209 1.387227e-11
210 1.291613e-08
211 9.134148e-09
212 6.170867e-09
213 3.948703e-09
214 2.432778e-09
215 1.509548e-09
216 9.567959e-10
217 6.237843e-10
218 4.124817e-10
219 2.699901e-10
220 1.705763e-10
221 1.021077e-10
222 5.731000e-11
223 3.011736e-11
224 1.491560e-11
225 1.348150e-08
226 9.550905e-09
227 6.463868e-09
228 4.142671e-09
229 2.551701e-09
230 1.581938e-09
231 1.001210e-09
232 6.520315e-10
233 4.311461e-10
234 2.824567e-10
235 1.787797e-10
236 1.072557e-10
237 6.034343e-11
238 3.178120e-11
239 1.576733e-11
240 1.395291e-08
241 9.899871e-09
242 6.709934e-09
243 4.306353e-09
244 2.651786e-09
245 1.642809e-09
246 1.038398e-09
247 6.757310e-10
248 4.467535e-10
249 2.929057e-10
250 1.856605e-10
251 1.115924e-10
252 6.290646e-11
253 3.319028e-11
254 1.649096e-11
255 1.439150e-08
256 1.022490e-08
257 6.939359e-09
258 4.458219e-09
259 2.745005e-09
260 1.699457e-09
261 1.073173e-09
262 6.977575e-10
263 4.613177e-10
264 3.026538e-10
265 1.920909e-10
266 1.156531e-10
267 6.531161e-11
268 3.451707e-11
269 1.717021e-11
270 1.497534e-08
271 1.065505e-08
272 7.240871e-09
273 4.658008e-09
274 2.867626e-09
275 1.774512e-09
276 1.119210e-09
277 7.270808e-10
278 4.805750e-10
279 3.155204e-10
280 2.005317e-10
281 1.209416e-10
282 6.842243e-11
283 3.621947e-11
284 1.804333e-11
285 1.404138e-08
286 1.000323e-08
287 6.801271e-09
288 4.395751e-09
289 2.711709e-09
290 1.678144e-09
291 1.057009e-09
292 6.849531e-10
293 4.515473e-10
294 2.959639e-10
295 1.880711e-10
296 1.136040e-10
297 6.446834e-11
298 3.426002e-11
299 1.713277e-11
300 1.636259e-08
301 1.178890e-08
302 8.086328e-09
303 5.282004e-09
304 3.272073e-09
305 2.015788e-09
306 1.260325e-09
307 8.104859e-10
308 5.323430e-10
309 3.495770e-10
310 2.237642e-10
311 1.366857e-10
312 7.863506e-11
313 4.237351e-11
314 2.145430e-11
315 1.797998e-08
316 1.304990e-08
317 8.999268e-09
318 5.916924e-09
319 3.678868e-09
320 2.259960e-09
321 1.407182e-09
322 9.006157e-10
323 5.898896e-10
324 3.876418e-10
325 2.491500e-10
326 1.532245e-10
327 8.885799e-11
328 4.828853e-11
329 2.463759e-11
330 1.934616e-08
331 1.410684e-08
332 9.760051e-09
333 6.443358e-09
334 4.014991e-09
335 2.462030e-09
336 1.529439e-09
337 9.759070e-10
338 6.381017e-10
339 4.194639e-10
340 2.702860e-10
341 1.669082e-10
342 9.727775e-11
343 5.313723e-11
344 2.723831e-11
345 2.046266e-08
346 1.496874e-08
347 1.038267e-08
348 6.875001e-09
349 4.288807e-09
350 2.627351e-09
351 1.629265e-09
352 1.037382e-09
353 6.774706e-10
354 4.454297e-10
355 2.875461e-10
356 1.780718e-10
357 1.041402e-10
358 5.708575e-11
359 2.935440e-11
360 2.141008e-08
361 1.570346e-08
362 1.091354e-08
363 7.240726e-09
364 4.523420e-09
365 2.768600e-09
366 1.714193e-09
367 1.089706e-09
368 7.108708e-10
369 4.675652e-10
370 3.022227e-10
371 1.875831e-10
372 1.099993e-10
373 6.046397e-11
374 3.116947e-11
375 2.229914e-08
376 1.639443e-08
377 1.141279e-08
378 7.586903e-09
379 4.744668e-09
380 2.902416e-09
381 1.794672e-09
382 1.139003e-09
383 7.424350e-10
384 4.884350e-10
385 3.161202e-10
386 1.966042e-10
387 1.155621e-10
388 6.367925e-11
389 3.289641e-11
390 2.344047e-08
391 1.727516e-08
392 1.204614e-08
393 8.024178e-09
394 5.023551e-09
395 3.070436e-09
396 1.896417e-09
397 1.201910e-09
398 7.826419e-10
399 5.149886e-10
400 3.337285e-10
401 2.079748e-10
402 1.225448e-10
403 6.767995e-11
404 3.503787e-11
405 1.970743e-08
406 1.443396e-08
407 1.001368e-08
408 6.634279e-09
409 4.151877e-09
410 2.543658e-09
411 1.577777e-09
412 1.003406e-09
413 6.542664e-10
414 4.295986e-10
415 2.770392e-10
416 1.715458e-10
417 1.004095e-10
418 5.513489e-11
419 2.841284e-11
420 2.222789e-08
421 1.647381e-08
422 1.151988e-08
423 7.696964e-09
424 4.858851e-09
425 2.968879e-09
426 1.833523e-09
427 1.157281e-09
428 7.501583e-10
429 4.919515e-10
430 3.184524e-10
431 1.987771e-10
432 1.176233e-10
433 6.538207e-11
434 3.409767e-11
435 2.433110e-08
436 1.817546e-08
437 1.277336e-08
438 8.582351e-09
439 5.446157e-09
440 3.324883e-09
441 2.047698e-09
442 1.286270e-09
443 8.307646e-10
444 5.441629e-10
445 3.529938e-10
446 2.213984e-10
447 1.318780e-10
448 7.385396e-11
449 3.879838e-11
450 2.605824e-08
451 1.956491e-08
452 1.379970e-08
453 9.303588e-09
454 5.925479e-09
455 3.615205e-09
456 2.222471e-09
457 1.391513e-09
458 8.964109e-10
459 5.867710e-10
460 3.811656e-10
461 2.398337e-10
462 1.434873e-10
463 8.075019e-11
464 4.262393e-11
465 2.753030e-08
466 2.075636e-08
467 1.468108e-08
468 9.925704e-09
469 6.338667e-09
470 3.865849e-09
471 2.372793e-09
472 1.482298e-09
473 9.529538e-10
474 6.234083e-10
475 4.053919e-10
476 2.557110e-10
477 1.535044e-10
478 8.671321e-11
479 4.593774e-11
480 2.892250e-08
481 2.188257e-08
482 1.551706e-08
483 1.051455e-08
484 6.732634e-09
485 4.105151e-09
486 2.516638e-09
487 1.568439e-09
488 1.006661e-09
489 6.581374e-10
490 4.283800e-10
491 2.707930e-10
492 1.630327e-10
493 9.239206e-11
494 4.910344e-11
495 3.067488e-08
496 2.329350e-08
497 1.655551e-08
498 1.124574e-08
499 7.217029e-09
500 4.398441e-09
501 2.693043e-09
502 1.675101e-09
503 1.073213e-09
504 7.013530e-10
505 4.569493e-10
506 2.894676e-10
507 1.747751e-10
508 9.935626e-11
509 5.295562e-11
510 2.569765e-08
511 1.936883e-08
512 1.369913e-08
513 9.250960e-09
514 5.917091e-09
515 3.614896e-09
516 2.220796e-09
517 1.387449e-09
518 8.913387e-10
519 5.822849e-10
520 3.780128e-10
521 2.380777e-10
522 1.427867e-10
523 8.065157e-11
524 4.275881e-11
525 2.868339e-08
526 2.187340e-08
527 1.559692e-08
528 1.060396e-08
529 6.842483e-09
530 4.188133e-09
531 2.563877e-09
532 1.591251e-09
533 1.016073e-09
534 6.614750e-10
535 4.298669e-10
536 2.721465e-10
537 1.645853e-10
538 9.392038e-11
539 5.033348e-11
540 3.114149e-08
541 2.393987e-08
542 1.716639e-08
543 1.172612e-08
544 7.610017e-09
545 4.665849e-09
546 2.849451e-09
547 1.761084e-09
548 1.119521e-09
549 7.271753e-10
550 4.727972e-10
551 3.003159e-10
552 1.826072e-10
553 1.049016e-10
554 5.661504e-11
555 3.326220e-08
556 2.572924e-08
557 1.853060e-08
558 1.270128e-08
559 8.277209e-09
560 5.081205e-09
561 3.097595e-09
562 1.908739e-09
563 1.209634e-09
564 7.841886e-10
565 5.100372e-10
566 3.247738e-10
567 1.982778e-10
568 1.144678e-10
569 6.209693e-11
570 3.528234e-08
571 2.744185e-08
572 1.983573e-08
573 1.363425e-08
574 8.919032e-09
575 5.481587e-09
576 3.336715e-09
577 2.050693e-09
578 1.295909e-09
579 8.387866e-10
580 5.457028e-10
581 3.482106e-10
582 2.133121e-10
583 1.236583e-10
584 6.737181e-11
585 3.777953e-08
586 2.952947e-08
587 2.142401e-08
588 1.476765e-08
589 9.691733e-09
590 5.962356e-09
591 3.624368e-09
592 2.222008e-09
593 1.400482e-09
594 9.051275e-10
595 5.890550e-10
596 3.766323e-10
597 2.314730e-10
598 1.347091e-10
599 7.368649e-11
600 3.259501e-08
601 2.525511e-08
602 1.821920e-08
603 1.249332e-08
604 8.154058e-09
605 5.020761e-09
606 3.059085e-09
607 1.884393e-09
608 1.192684e-09
609 7.718582e-10
610 5.013581e-10
611 3.190496e-10
612 1.948381e-10
613 1.126192e-10
614 6.122056e-11
615 3.591314e-08
616 2.814270e-08
617 2.047987e-08
618 1.412885e-08
619 9.292688e-09
620 5.752192e-09
621 3.493918e-09
622 2.142552e-09
623 1.347145e-09
624 8.678697e-10
625 5.631568e-10
626 3.594529e-10
627 2.209000e-10
628 1.287826e-10
629 7.068998e-11
630 3.881367e-08
631 3.068440e-08
632 2.247826e-08
633 1.558016e-08
634 1.030411e-08
635 6.404735e-09
636 3.881944e-09
637 2.372947e-09
638 1.485000e-09
639 9.530692e-10
640 6.178663e-10
641 3.952018e-10
642 2.439823e-10
643 1.431313e-10
644 7.912244e-11
645 4.158853e-08
646 3.312476e-08
647 2.440226e-08
648 1.697715e-08
649 1.128062e-08
650 7.035937e-09
651 4.257138e-09
652 2.595435e-09
653 1.617647e-09
654 1.035107e-09
655 6.705193e-10
656 4.296115e-10
657 2.662187e-10
658 1.569703e-10
659 8.726683e-11
660 4.497298e-08
661 3.606686e-08
662 2.670897e-08
663 1.864984e-08
664 1.244225e-08
665 7.784627e-09
666 4.702921e-09
667 2.860459e-09
668 1.776270e-09
669 1.133360e-09
670 7.336613e-10
671 4.708189e-10
672 2.927679e-10
673 1.734291e-10
674 9.691533e-11
675 4.012491e-08
676 3.191329e-08
677 2.350354e-08
678 1.634664e-08
679 1.085098e-08
680 6.779591e-09
681 4.105121e-09
682 2.505831e-09
683 1.561909e-09
684 9.988886e-10
685 6.463057e-10
686 4.134634e-10
687 2.558501e-10
688 1.507061e-10
689 8.375146e-11
690 4.392332e-08
691 3.534505e-08
692 2.629217e-08
693 1.840346e-08
694 1.230084e-08
695 7.743575e-09
696 4.682008e-09
697 2.848626e-09
698 1.763709e-09
699 1.121147e-09
700 7.233319e-10
701 4.633208e-10
702 2.880961e-10
703 1.709874e-10
704 9.590572e-11
705 4.758686e-08
706 3.868023e-08
707 2.900386e-08
708 2.041569e-08
709 1.372082e-08
710 8.690561e-09
711 5.250044e-09
712 3.185490e-09
713 1.961666e-09
714 1.240772e-09
715 7.985980e-10
716 5.119633e-10
717 3.195597e-10
718 1.908037e-10
719 1.078054e-10
720 5.199925e-08
721 4.265894e-08
722 3.221680e-08
723 2.279109e-08
724 1.539184e-08
725 9.801618e-09
726 5.916981e-09
727 3.582265e-09
728 2.195091e-09
729 1.382314e-09
730 8.877456e-10
731 5.695478e-10
732 3.567234e-10
733 2.141322e-10
734 1.217675e-10
735 4.873074e-08
736 3.981444e-08
737 3.001273e-08
738 2.120574e-08
739 1.429219e-08
740 9.097111e-09
741 5.504391e-09
742 3.336423e-09
743 2.047613e-09
744 1.290427e-09
745 8.281465e-10
746 5.303532e-10
747 3.313603e-10
748 1.984003e-10
749 1.125734e-10
750 5.349524e-08
751 4.428938e-08
752 3.378313e-08
753 2.406360e-08
754 1.632936e-08
755 1.048891e-08
756 6.359436e-09
757 3.841440e-09
758 2.341285e-09
759 1.464667e-09
760 9.352840e-10
761 5.984807e-10
762 3.752138e-10
763 2.262066e-10
764 1.295434e-10
765 5.919400e-08
766 4.960288e-08
767 3.822669e-08
768 2.742911e-08
769 1.872590e-08
770 1.212204e-08
771 7.364817e-09
772 4.436240e-09
773 2.687585e-09
774 1.670508e-09
775 1.061964e-09
776 6.789683e-10
777 4.269129e-10
778 2.588944e-10
779 1.494369e-10
780 5.966124e-08
781 5.024539e-08
782 3.895839e-08
783 2.809044e-08
784 1.923258e-08
785 1.250593e-08
786 7.636325e-09
787 4.591340e-09
788 2.776160e-09
789 1.718471e-09
790 1.087973e-09
791 6.937350e-10
792 4.359486e-10
793 2.647857e-10
794 1.533637e-10
795 6.713851e-08
796 5.745209e-08
797 4.523551e-08
798 3.300054e-08
799 2.278215e-08
800 1.497099e-08
801 9.212591e-09
802 5.517885e-09
803 3.315735e-09
804 2.032579e-09
805 1.276010e-09
806 8.103275e-10
807 5.098528e-10
808 3.115316e-10
809 1.821760e-10
810 7.736205e-08
811 6.766983e-08
812 5.451362e-08
813 4.054565e-08
814 2.835786e-08
815 1.889947e-08
816 1.182531e-08
817 7.066166e-09
818 4.221428e-09
819 2.549761e-09
820 1.576550e-09
821 9.909318e-10
822 6.217526e-10
823 3.817007e-10
824 2.256761e-10
825 5.288230e-07
826 3.863213e-07
827 2.859778e-07
828 1.781195e-07
829 1.084733e-07
830 6.426316e-08
831 3.924332e-08
832 2.518030e-08
833 1.699875e-08
834 0.000000e+00
835 0.000000e+00
836 0.000000e+00
837 0.000000e+00
838 0.000000e+00
839 0.000000e+00
840 7.904479e-07
841 5.775444e-07
842 4.280477e-07
843 2.693825e-07
844 1.637013e-07
845 9.686963e-08
846 5.904781e-08
847 3.775687e-08
848 2.542398e-08
849 0.000000e+00
850 0.000000e+00
851 0.000000e+00
852 0.000000e+00
853 0.000000e+00
854 0.000000e+00
855 9.268444e-07
856 6.772619e-07
857 5.021274e-07
858 3.171093e-07
859 1.925536e-07
860 1.139034e-07
861 6.939069e-08
862 4.431972e-08
863 2.981770e-08
864 0.000000e+00
865 0.000000e+00
866 0.000000e+00
867 0.000000e+00
868 0.000000e+00
869 0.000000e+00
870 1.018229e-06
871 7.440761e-07
872 5.517719e-07
873 3.491493e-07
874 2.119145e-07
875 1.253325e-07
876 7.632797e-08
877 4.871915e-08
878 3.276178e-08
879 0.000000e+00
880 0.000000e+00
881 0.000000e+00
882 0.000000e+00
883 0.000000e+00
884 0.000000e+00
885 1.094852e-06
886 8.000916e-07
887 5.933877e-07
888 3.759461e-07
889 2.281148e-07
890 1.348977e-07
891 8.213637e-08
892 5.240539e-08
893 3.522997e-08
894 0.000000e+00
895 0.000000e+00
896 0.000000e+00
897 0.000000e+00
898 0.000000e+00
899 0.000000e+00
900 1.157493e-06
901 8.458909e-07
902 6.274075e-07
903 3.978419e-07
904 2.413545e-07
905 1.427153e-07
906 8.688374e-08
907 5.541868e-08
908 3.724770e-08
909 0.000000e+00
910 0.000000e+00
911 0.000000e+00
912 0.000000e+00
913 0.000000e+00
914 0.000000e+00
915 1.210619e-06
916 8.847306e-07
917 6.562604e-07
918 4.164302e-07
919 2.525915e-07
920 1.493494e-07
921 9.091237e-08
922 5.797466e-08
923 3.895919e-08
924 0.000000e+00
925 0.000000e+00
926 0.000000e+00
927 0.000000e+00
928 0.000000e+00
929 0.000000e+00
930 1.260492e-06
931 9.211944e-07
932 6.833527e-07
933 4.338939e-07
934 2.631483e-07
935 1.555817e-07
936 9.469611e-08
937 6.037504e-08
938 4.056589e-08
939 0.000000e+00
940 0.000000e+00
941 0.000000e+00
942 0.000000e+00
943 0.000000e+00
944 0.000000e+00
945 1.324642e-06
946 9.680934e-07
947 7.181878e-07
948 4.563025e-07
949 2.766993e-07
950 1.635826e-07
951 9.955590e-08
952 6.346022e-08
953 4.263210e-08
954 0.000000e+00
955 0.000000e+00
956 0.000000e+00
957 0.000000e+00
958 0.000000e+00
959 0.000000e+00
960 3.573688e-07
961 2.848633e-07
962 2.066641e-07
963 1.549252e-07
964 9.605009e-08
965 5.874750e-08
966 3.414643e-08
967 2.041270e-08
968 1.278610e-08
969 8.461586e-09
970 0.000000e+00
971 0.000000e+00
972 0.000000e+00
973 0.000000e+00
974 0.000000e+00
975 5.309277e-07
976 4.257475e-07
977 3.091246e-07
978 2.315549e-07
979 1.451717e-07
980 8.849207e-08
981 5.140374e-08
982 3.069237e-08
983 1.916489e-08
984 1.265060e-08
985 0.000000e+00
986 0.000000e+00
987 0.000000e+00
988 0.000000e+00
989 0.000000e+00
990 6.562106e-07
991 5.276250e-07
992 3.832515e-07
993 2.869659e-07
994 1.808218e-07
995 1.100467e-07
996 6.390979e-08
997 3.814080e-08
998 2.378262e-08
999 1.568069e-08
1000 0.000000e+00
1001 0.000000e+00
1002 0.000000e+00
1003 0.000000e+00
1004 0.000000e+00
1005 7.549333e-07
1006 6.078626e-07
1007 4.416242e-07
1008 3.306076e-07
1009 2.088653e-07
1010 1.270084e-07
1011 7.375179e-08
1012 4.400340e-08
1013 2.741818e-08
1014 1.806690e-08
1015 0.000000e+00
1016 0.000000e+00
1017 0.000000e+00
1018 0.000000e+00
1019 0.000000e+00
1020 8.347557e-07
1021 6.727256e-07
1022 4.888129e-07
1023 3.658876e-07
1024 2.315324e-07
1025 1.407179e-07
1026 8.170694e-08
1027 4.874231e-08
1028 3.035704e-08
1029 1.999595e-08
1030 0.000000e+00
1031 0.000000e+00
1032 0.000000e+00
1033 0.000000e+00
1034 0.000000e+00
1035 9.040008e-07
1036 7.290119e-07
1037 5.297630e-07
1038 3.965016e-07
1039 2.512116e-07
1040 1.526186e-07
1041 8.861252e-08
1042 5.285543e-08
1043 3.290759e-08
1044 2.166995e-08
1045 0.000000e+00
1046 0.000000e+00
1047 0.000000e+00
1048 0.000000e+00
1049 0.000000e+00
1050 9.702468e-07
1051 7.828704e-07
1052 5.689458e-07
1053 4.257960e-07
1054 2.700452e-07
1055 1.640088e-07
1056 9.522137e-08
1057 5.679207e-08
1058 3.534853e-08
1059 2.327164e-08
1060 0.000000e+00
1061 0.000000e+00
1062 0.000000e+00
1063 0.000000e+00
1064 0.000000e+00
1065 1.050543e-06
1066 8.481103e-07
1067 6.164101e-07
1068 4.612799e-07
1069 2.928347e-07
1070 1.777954e-07
1071 1.032207e-07
1072 6.155748e-08
1073 3.830420e-08
1074 2.521190e-08
1075 0.000000e+00
1076 0.000000e+00
1077 0.000000e+00
1078 0.000000e+00
1079 0.000000e+00
1080 3.366828e-07
1081 3.064198e-07
1082 2.362242e-07
1083 1.707934e-07
1084 1.280025e-07
1085 7.407616e-08
1086 4.541726e-08
1087 2.617445e-08
1088 1.546843e-08
1089 9.619191e-09
1090 0.000000e+00
1091 0.000000e+00
1092 0.000000e+00
1093 0.000000e+00
1094 0.000000e+00
1095 5.579216e-07
1096 5.098985e-07
1097 3.946158e-07
1098 2.851443e-07
1099 2.140018e-07
1100 1.244985e-07
1101 7.651777e-08
1102 4.399966e-08
1103 2.591650e-08
1104 1.608126e-08
1105 0.000000e+00
1106 0.000000e+00
1107 0.000000e+00
1108 0.000000e+00
1109 0.000000e+00
1110 7.339586e-07
1111 6.719589e-07
1112 5.208828e-07
1113 3.763000e-07
1114 2.825616e-07
1115 1.647580e-07
1116 1.013555e-07
1117 5.823043e-08
1118 3.425174e-08
1119 2.123410e-08
1120 0.000000e+00
1121 0.000000e+00
1122 0.000000e+00
1123 0.000000e+00
1124 0.000000e+00
1125 8.755329e-07
1126 8.022887e-07
1127 6.224211e-07
1128 4.496016e-07
1129 3.376957e-07
1130 1.971341e-07
1131 1.213304e-07
1132 6.967507e-08
1133 4.095427e-08
1134 2.537755e-08
1135 0.000000e+00
1136 0.000000e+00
1137 0.000000e+00
1138 0.000000e+00
1139 0.000000e+00
1140 9.998491e-07
1141 9.167347e-07
1142 7.115916e-07
1143 5.139750e-07
1144 3.861158e-07
1145 2.255713e-07
1146 1.388747e-07
1147 7.972697e-08
1148 4.684125e-08
1149 2.901668e-08
1150 0.000000e+00
1151 0.000000e+00
1152 0.000000e+00
1153 0.000000e+00
1154 0.000000e+00
1155 1.119892e-06
1156 1.027253e-06
1157 7.977172e-07
1158 5.761473e-07
1159 4.328805e-07
1160 2.530378e-07
1161 1.558205e-07
1162 8.943580e-08
1163 5.252692e-08
1164 3.253127e-08
1165 0.000000e+00
1166 0.000000e+00
1167 0.000000e+00
1168 0.000000e+00
1169 0.000000e+00
1170 1.260936e-06
1171 1.157087e-06
1172 8.988677e-07
1173 6.491723e-07
1174 4.878039e-07
1175 2.852866e-07
1176 1.757145e-07
1177 1.008349e-07
1178 5.920389e-08
1179 3.665911e-08
1180 0.000000e+00
1181 0.000000e+00
1182 0.000000e+00
1183 0.000000e+00
1184 0.000000e+00
1185 2.427116e-07
1186 2.395872e-07
1187 2.014917e-07
1188 1.471898e-07
1189 1.093276e-07
1190 7.432618e-08
1191 4.384426e-08
1192 2.498442e-08
1193 1.444386e-08
1194 8.535155e-09
1195 5.345866e-09
1196 0.000000e+00
1197 0.000000e+00
1198 0.000000e+00
1199 0.000000e+00
1200 4.240647e-07
1201 4.197071e-07
1202 3.541862e-07
1203 2.591455e-07
1204 1.921940e-07
1205 1.315115e-07
1206 7.722564e-08
1207 4.406247e-08
1208 2.550469e-08
1209 1.504611e-08
1210 9.406040e-09
1211 0.000000e+00
1212 0.000000e+00
1213 0.000000e+00
1214 0.000000e+00
1215 5.752841e-07
1216 5.699997e-07
1217 4.817120e-07
1218 3.526872e-07
1219 2.614058e-07
1220 1.793499e-07
1221 1.051188e-07
1222 6.001135e-08
1223 3.475287e-08
1224 2.048810e-08
1225 1.279792e-08
1226 0.000000e+00
1227 0.000000e+00
1228 0.000000e+00
1229 0.000000e+00
1230 7.090191e-07
1231 7.029120e-07
1232 5.945004e-07
1233 4.354264e-07
1234 3.226202e-07
1235 2.216657e-07
1236 1.297909e-07
1237 7.411862e-08
1238 4.293308e-08
1239 2.530168e-08
1240 1.579801e-08
1241 0.000000e+00
1242 0.000000e+00
1243 0.000000e+00
1244 0.000000e+00
1245 8.388201e-07
1246 8.319311e-07
1247 7.039859e-07
1248 5.157422e-07
1249 3.820416e-07
1250 2.627432e-07
1251 1.537400e-07
1252 8.781240e-08
1253 5.087383e-08
1254 2.997432e-08
1255 1.871026e-08
1256 0.000000e+00
1257 0.000000e+00
1258 0.000000e+00
1259 0.000000e+00
1260 9.887425e-07
1261 9.809354e-07
1262 8.304142e-07
1263 6.084779e-07
1264 4.506585e-07
1265 3.101658e-07
1266 1.813932e-07
1267 1.036237e-07
1268 6.004210e-08
1269 3.536944e-08
1270 2.207296e-08
1271 0.000000e+00
1272 0.000000e+00
1273 0.000000e+00
1274 0.000000e+00
1275 1.295952e-07
1276 1.349276e-07
1277 1.220874e-07
1278 9.339054e-08
1279 6.750257e-08
1280 5.055477e-08
1281 2.857137e-08
1282 1.725378e-08
1283 9.749647e-09
1284 5.630040e-09
1285 3.370787e-09
1286 0.000000e+00
1287 0.000000e+00
1288 0.000000e+00
1289 0.000000e+00
1290 2.328418e-07
1291 2.428725e-07
1292 2.203622e-07
1293 1.689720e-07
1294 1.220624e-07
1295 9.154622e-08
1296 5.186478e-08
1297 3.141126e-08
1298 1.771399e-08
1299 1.020798e-08
1300 6.100934e-09
1301 0.000000e+00
1302 0.000000e+00
1303 0.000000e+00
1304 0.000000e+00
1305 3.280011e-07
1306 3.424099e-07
1307 3.110505e-07
1308 2.387630e-07
1309 1.724368e-07
1310 1.294037e-07
1311 7.339484e-08
1312 4.450591e-08
1313 2.507722e-08
1314 1.443749e-08
1315 8.622244e-09
1316 0.000000e+00
1317 0.000000e+00
1318 0.000000e+00
1319 0.000000e+00
1320 4.207243e-07
1321 4.394005e-07
1322 3.994202e-07
1323 3.067740e-07
1324 2.215250e-07
1325 1.662953e-07
1326 9.437592e-08
1327 5.726682e-08
1328 3.225253e-08
1329 1.855919e-08
1330 1.107922e-08
1331 0.000000e+00
1332 0.000000e+00
1333 0.000000e+00
1334 0.000000e+00
1335 5.265738e-07
1336 5.501174e-07
1337 5.002916e-07
1338 3.843966e-07
1339 2.775520e-07
1340 2.084003e-07
1341 1.183216e-07
1342 7.183014e-08
1343 4.044183e-08
1344 2.326322e-08
1345 1.388345e-08
1346 0.000000e+00
1347 0.000000e+00
1348 0.000000e+00
1349 0.000000e+00
1350 5.734658e-08
1351 6.209247e-08
1352 5.957079e-08
1353 4.830045e-08
1354 3.484635e-08
1355 2.626258e-08
1356 1.642937e-08
1357 1.006545e-08
1358 5.588149e-09
1359 3.077731e-09
1360 1.777903e-09
1361 1.080719e-09
1362 0.000000e+00
1363 0.000000e+00
1364 0.000000e+00
1365 1.093803e-07
1366 1.186094e-07
1367 1.140537e-07
1368 9.272571e-08
1369 6.693700e-08
1370 5.040371e-08
1371 3.172691e-08
1372 1.938550e-08
1373 1.076450e-08
1374 5.931335e-09
1375 3.419185e-09
1376 2.074240e-09
1377 0.000000e+00
1378 0.000000e+00
1379 0.000000e+00
1380 1.619359e-07
1381 1.757129e-07
1382 1.691295e-07
1383 1.376605e-07
1384 9.940052e-08
1385 7.482026e-08
1386 4.721953e-08
1387 2.881840e-08
1388 1.600372e-08
1389 8.820237e-09
1390 5.079973e-09
1391 3.079124e-09
1392 0.000000e+00
1393 0.000000e+00
1394 0.000000e+00
1395 2.214086e-07
1396 2.403281e-07
1397 2.314481e-07
1398 1.885035e-07
1399 1.361323e-07
1400 1.024473e-07
1401 6.474792e-08
1402 3.949092e-08
1403 2.193150e-08
1404 1.208886e-08
1405 6.959123e-09
1406 4.216144e-09
1407 0.000000e+00
1408 0.000000e+00
1409 0.000000e+00
1410 6.991204e-08
1411 7.804228e-08
1412 7.842588e-08
1413 6.739271e-08
1414 4.968275e-08
1415 3.658251e-08
1416 2.579186e-08
1417 1.470640e-08
1418 8.282636e-09
1419 4.686360e-09
1420 2.606648e-09
1421 1.519748e-09
1422 0.000000e+00
1423 0.000000e+00
1424 0.000000e+00
1425 1.421826e-07
1426 1.589293e-07
1427 1.600337e-07
1428 1.379024e-07
1429 1.018271e-07
1430 7.488814e-08
1431 5.303606e-08
1432 3.014713e-08
1433 1.701352e-08
1434 9.625013e-09
1435 5.350884e-09
1436 3.113880e-09
1437 0.000000e+00
1438 0.000000e+00
1439 0.000000e+00
1440 2.251564e-07
1441 2.518114e-07
1442 2.537680e-07
1443 2.189187e-07
1444 1.617545e-07
1445 1.189043e-07
1446 8.435851e-08
1447 4.789337e-08
1448 2.705101e-08
1449 1.530225e-08
1450 8.505463e-09
1451 4.945895e-09
1452 0.000000e+00
1453 0.000000e+00
1454 0.000000e+00
1455 4.243683e-08
1456 4.863681e-08
1457 5.084605e-08
1458 4.620924e-08
1459 3.544267e-08
1460 2.559451e-08
1461 1.922612e-08
1462 1.078205e-08
1463 6.451583e-09
1464 3.534014e-09
1465 1.947588e-09
1466 1.087274e-09
1467 0.000000e+00
1468 0.000000e+00
1469 0.000000e+00
1470 9.278611e-08
1471 1.064688e-07
1472 1.115017e-07
1473 1.016006e-07
1474 7.811205e-08
1475 5.637857e-08
1476 4.240405e-08
1477 2.384529e-08
1478 1.431314e-08
1479 7.826886e-09
1480 4.304149e-09
1481 2.398395e-09
1482 0.000000e+00
1483 0.000000e+00
1484 0.000000e+00
1485 3.092566e-08
1486 3.634032e-08
1487 3.940432e-08
1488 3.783097e-08
1489 3.067454e-08
1490 2.213112e-08
1491 1.669424e-08
1492 1.038266e-08
1493 6.317319e-09
1494 3.428104e-09
1495 1.805781e-09
1496 9.741714e-10
1497 5.424559e-10
1498 0.000000e+00
1499 0.000000e+00
1500 1.151739e-04
1501 8.391469e-05
1502 6.262152e-05
1503 3.942259e-05
1504 2.407068e-05
1505 1.419218e-05
1506 8.629215e-06
1507 5.501058e-06
1508 3.699055e-06
1509 0.000000e+00
1510 0.000000e+00
1511 0.000000e+00
1512 0.000000e+00
1513 0.000000e+00
1514 0.000000e+00
1515 6.008901e-05
1516 4.848315e-05
1517 3.517341e-05
1518 2.638942e-05
1519 1.668504e-05
1520 1.018659e-05
1521 5.898426e-06
1522 3.512142e-06
1523 2.185529e-06
1524 1.439228e-06
1525 0.000000e+00
1526 0.000000e+00
1527 0.000000e+00
1528 0.000000e+00
1529 0.000000e+00
1530 1.181623e-04
1531 1.084906e-04
1532 8.424869e-05
1533 6.079419e-05
1534 4.578223e-05
1535 2.665596e-05
1536 1.646577e-05
1537 9.435458e-06
1538 5.545343e-06
1539 3.433400e-06
1540 0.000000e+00
1541 0.000000e+00
1542 0.000000e+00
1543 0.000000e+00
1544 0.000000e+00
1545 9.887834e-05
1546 9.814745e-05
1547 8.311195e-05
1548 6.087247e-05
1549 4.508150e-05
1550 3.107006e-05
1551 1.815865e-05
1552 1.036007e-05
1553 6.013202e-06
1554 3.537972e-06
1555 2.207766e-06
1556 0.000000e+00
1557 0.000000e+00
1558 0.000000e+00
1559 0.000000e+00
1560 3.796202e-05
1561 3.967610e-05
1562 3.609911e-05
1563 2.773694e-05
1564 2.001908e-05
1565 1.505008e-05
1566 8.525813e-06
1567 5.181295e-06
1568 2.914097e-06
1569 1.679028e-06
1570 1.001411e-06
1571 0.000000e+00
1572 0.000000e+00
1573 0.000000e+00
1574 0.000000e+00
1575 9.453464e-06
1576 1.026505e-05
1577 9.890584e-06
1578 8.058021e-06
1579 5.817873e-06
1580 4.379149e-06
1581 2.768879e-06
1582 1.690705e-06
1583 9.388827e-07
1584 5.164624e-07
1585 2.973726e-07
1586 1.801498e-07
1587 0.000000e+00
1588 0.000000e+00
1589 0.000000e+00
1590 1.421435e-05
1591 1.590258e-05
1592 1.603398e-05
1593 1.383946e-05
1594 1.022614e-05
1595 7.515112e-06
1596 5.339266e-06
1597 3.027197e-06
1598 1.708855e-06
1599 9.681814e-07
1600 5.376679e-07
1601 3.125998e-07
1602 0.000000e+00
1603 0.000000e+00
1604 0.000000e+00
1605 3.965377e-06
1606 4.551925e-06
1607 4.769894e-06
1608 4.349678e-06
1609 3.345695e-06
1610 2.414033e-06
1611 1.817330e-06
1612 1.021276e-06
1613 6.137696e-07
1614 3.352761e-07
1615 1.845014e-07
1616 1.027171e-07
1617 0.000000e+00
1618 0.000000e+00
1619 0.000000e+00
1620 1.014373e-06
1621 1.192918e-06
1622 1.294972e-06
1623 1.245391e-06
1624 1.011682e-06
1625 7.300610e-07
1626 5.504934e-07
1627 3.437836e-07
1628 2.090248e-07
1629 1.134589e-07
1630 5.970292e-08
1631 3.217395e-08
1632 1.788623e-08
1633 0.000000e+00
1634 0.000000e+00
1635 1.216199e-06
1636 1.466800e-06
1637 1.650275e-06
1638 1.675860e-06
1639 1.460180e-06
1640 1.086073e-06
1641 7.959979e-07
1642 5.709181e-07
1643 3.207594e-07
1644 1.799438e-07
1645 9.809656e-08
1646 5.107596e-08
1647 2.681264e-08
1648 0.000000e+00
1649 0.000000e+00
