0 2.285275e-09
1 1.488973e-09
2 9.381405e-10
3 5.904351e-10
4 3.788933e-10
5 2.488421e-10
6 1.652972e-10
7 1.086366e-10
8 6.898183e-11
9 4.156995e-11
10 2.354227e-11
11 1.249352e-11
12 6.252670e-12
13 2.984735e-12
14 1.375250e-12
15 3.868008e-09
16 2.578929e-09
17 1.643504e-09
18 1.025127e-09
19 6.473802e-10
20 4.184061e-10
21 2.763306e-10
22 1.831515e-10
23 1.188831e-10
24 7.392513e-11
25 4.336681e-11
26 2.383393e-11
27 1.229668e-11
28 6.007722e-12
29 2.813231e-12
30 4.497179e-09
31 3.021342e-09
32 1.938476e-09
33 1.208906e-09
34 7.599603e-10
35 4.882956e-10
36 3.211904e-10
37 2.129158e-10
38 1.388782e-10
39 8.709798e-11
40 5.165296e-11
41 2.873075e-11
42 1.499026e-11
43 7.391094e-12
44 3.484336e-12
45 4.822250e-09
46 3.251159e-09
47 2.092300e-09
48 1.304961e-09
49 8.187195e-10
50 5.246923e-10
51 3.444876e-10
52 2.283725e-10
53 1.492688e-10
54 9.396610e-11
55 5.599818e-11
56 3.130527e-11
57 1.641133e-11
58 8.125318e-12
59 3.841871e-12
60 5.033765e-09
61 3.400285e-09
62 2.191962e-09
63 1.367342e-09
64 8.568858e-10
65 5.483624e-10
66 3.596744e-10
67 2.383967e-10
68 1.559927e-10
69 9.841294e-11
70 5.880707e-11
71 3.297171e-11
72 1.733134e-11
73 8.599600e-12
74 4.073236e-12
75 5.230419e-09
76 3.538104e-09
77 2.283778e-09
78 1.424639e-09
79 8.921549e-10
80 5.702266e-10
81 3.737197e-10
82 2.476607e-10
83 1.622217e-10
84 1.025047e-10
85 6.137626e-11
86 3.449075e-11
87 1.816748e-11
88 9.029079e-12
89 4.281954e-12
90 5.297714e-09
91 3.587445e-09
92 2.317744e-09
93 1.446018e-09
94 9.049825e-10
95 5.780600e-10
96 3.785859e-10
97 2.509591e-10
98 1.644796e-10
99 1.040526e-10
100 6.239143e-11
101 3.511498e-11
102 1.852345e-11
103 9.217171e-12
104 4.374820e-12
105 5.420937e-09
106 3.674109e-09
107 2.375675e-09
108 1.482588e-09
109 9.273866e-10
110 5.917644e-10
111 3.874728e-10
112 2.567674e-10
113 1.683666e-10
114 1.066066e-10
115 6.400832e-11
116 3.607087e-11
117 1.904916e-11
118 9.488214e-12
119 4.506807e-12
120 5.523221e-09
121 3.746673e-09
122 2.423927e-09
123 1.512486e-09
124 9.456262e-10
125 6.032331e-10
126 3.946724e-10
127 2.616296e-10
128 1.715922e-10
129 1.087480e-10
130 6.536891e-11
131 3.688051e-11
132 1.950128e-11
133 9.721605e-12
134 4.620483e-12
135 5.676763e-09
136 3.854167e-09
137 2.496400e-09
138 1.557764e-09
139 9.733521e-10
140 6.204449e-10
141 4.057853e-10
142 2.689057e-10
143 1.765523e-10
144 1.120074e-10
145 6.740633e-11
146 3.807978e-11
147 2.015845e-11
148 1.005942e-11
149 4.783666e-12
150 7.902954e-09
151 5.445293e-09
152 3.578773e-09
153 2.238769e-09
154 1.388119e-09
155 8.751852e-10
156 5.670392e-10
157 3.749644e-10
158 2.477778e-10
159 1.595157e-10
160 9.789115e-11
161 5.647924e-11
162 3.049269e-11
163 1.546277e-11
164 7.440918e-12
165 1.009473e-08
166 7.047808e-09
167 4.700372e-09
168 2.972649e-09
169 1.834613e-09
170 1.146903e-09
171 7.347310e-10
172 4.825489e-10
173 3.192822e-10
174 2.074772e-10
175 1.293576e-10
176 7.612386e-11
177 4.195220e-11
178 2.167449e-11
179 1.058553e-11
180 1.133822e-08
181 7.966584e-09
182 5.347470e-09
183 3.401895e-09
184 2.097915e-09
185 1.306564e-09
186 8.325629e-10
187 5.447698e-10
188 3.603526e-10
189 2.350033e-10
190 1.474984e-10
191 8.754856e-11
192 4.870018e-11
193 2.538174e-11
194 1.248604e-11
195 1.214092e-08
196 8.561024e-09
197 5.765958e-09
198 3.679733e-09
199 2.268206e-09
200 1.410122e-09
201 8.959625e-10
202 5.850988e-10
203 3.869491e-10
204 2.527999e-10
205 1.592136e-10
206 9.492314e-11
207 5.305395e-11
208 2.777503e-11
209 1.371442e-11
210 1.286494e-08
211 9.094233e-09
212 6.140195e-09
213 3.927499e-09
214 2.420431e-09
215 1.502594e-09
216 9.527060e-10
217 6.212956e-10
218 4.108168e-10
219 2.687616e-10
220 1.696935e-10
221 1.015041e-10
222 5.693274e-11
223 2.990419e-11
224 1.480559e-11
225 1.321206e-08
226 9.355954e-09
227 6.328144e-09
228 4.053875e-09
229 2.498036e-09
230 1.549139e-09
231 9.809193e-10
232 6.389813e-10
233 4.224704e-10
234 2.766483e-10
235 1.749848e-10
236 1.048995e-10
237 5.897709e-11
238 3.104586e-11
239 1.539795e-11
240 1.367784e-08
241 9.700568e-09
242 6.571071e-09
243 4.215475e-09
244 2.596916e-09
245 1.609262e-09
246 1.017687e-09
247 6.624112e-10
248 4.379125e-10
249 2.869726e-10
250 1.817801e-10
251 1.091801e-10
252 6.150604e-11
253 3.243618e-11
254 1.611235e-11
255 1.407088e-08
256 9.991831e-09
257 6.776160e-09
258 4.350879e-09
259 2.680129e-09
260 1.659949e-09
261 1.048838e-09
262 6.821457e-10
263 4.509568e-10
264 2.956974e-10
265 1.875310e-10
266 1.128068e-10
267 6.365174e-11
268 3.361771e-11
269 1.671866e-11
270 1.463155e-08
271 1.040540e-08
272 7.066384e-09
273 4.543438e-09
274 2.798306e-09
275 1.732214e-09
276 1.093133e-09
277 7.103464e-10
278 4.694692e-10
279 3.080790e-10
280 1.956574e-10
281 1.179030e-10
282 6.665085e-11
283 3.526224e-11
284 1.756016e-11
285 1.389150e-08
286 9.895210e-09
287 6.726704e-09
288 4.346724e-09
289 2.682011e-09
290 1.659736e-09
291 1.045692e-09
292 6.776755e-10
293 4.467285e-10
294 2.927613e-10
295 1.859932e-10
296 1.123204e-10
297 6.372559e-11
298 3.386021e-11
299 1.693173e-11
300 1.633560e-08
301 1.177720e-08
302 8.082024e-09
303 5.281586e-09
304 3.273748e-09
305 2.016382e-09
306 1.260347e-09
307 8.101850e-10
308 5.319412e-10
309 3.492960e-10
310 2.236374e-10
311 1.366774e-10
312 7.868239e-11
313 4.243247e-11
314 2.150119e-11
315 1.796013e-08
316 1.303717e-08
317 8.990927e-09
318 5.911327e-09
319 3.676586e-09
320 2.258492e-09
321 1.406483e-09
322 9.000914e-10
323 5.894799e-10
324 3.873010e-10
325 2.489003e-10
326 1.530623e-10
327 8.876707e-11
328 4.824587e-11
329 2.462150e-11
330 1.940957e-08
331 1.415674e-08
332 9.798455e-09
333 6.470963e-09
334 4.033459e-09
335 2.473637e-09
336 1.536358e-09
337 9.801196e-10
338 6.406839e-10
339 4.210871e-10
340 2.713239e-10
341 1.675711e-10
342 9.769255e-11
343 5.338601e-11
344 2.737985e-11
345 2.020264e-08
346 1.478460e-08
347 1.025762e-08
348 6.793236e-09
349 4.240136e-09
350 2.597597e-09
351 1.610810e-09
352 1.025355e-09
353 6.693479e-10
354 4.400464e-10
355 2.840533e-10
356 1.759279e-10
357 1.029151e-10
358 5.643866e-11
359 2.903725e-11
360 2.115185e-08
361 1.552147e-08
362 1.079051e-08
363 7.160381e-09
364 4.475811e-09
365 2.739690e-09
366 1.696244e-09
367 1.077955e-09
368 7.029833e-10
369 4.622719e-10
370 2.987846e-10
371 1.854754e-10
372 1.087993e-10
373 5.983428e-11
374 3.086323e-11
375 2.195577e-08
376 1.614655e-08
377 1.124214e-08
378 7.473499e-09
379 4.676267e-09
380 2.860979e-09
381 1.769215e-09
382 1.122630e-09
383 7.315715e-10
384 4.811585e-10
385 3.113531e-10
386 1.936293e-10
387 1.138263e-10
388 6.274093e-11
389 3.242577e-11
390 2.307583e-08
391 1.701310e-08
392 1.186636e-08
393 7.905023e-09
394 4.952003e-09
395 3.027112e-09
396 1.869748e-09
397 1.184704e-09
398 7.711973e-10
399 5.073151e-10
400 3.287045e-10
401 2.048469e-10
402 1.207266e-10
403 6.670201e-11
404 3.455027e-11
405 1.994274e-08
406 1.463770e-08
407 1.016997e-08
408 6.748367e-09
409 4.230176e-09
410 2.590541e-09
411 1.605546e-09
412 1.019674e-09
413 6.641173e-10
414 4.359512e-10
415 2.813127e-10
416 1.744484e-10
417 1.023136e-10
418 5.630962e-11
419 2.908451e-11
420 2.249450e-08
421 1.669705e-08
422 1.168825e-08
423 7.817094e-09
424 4.940953e-09
425 3.019024e-09
426 1.863618e-09
427 1.175137e-09
428 7.610872e-10
429 4.989340e-10
430 3.230511e-10
431 2.018120e-10
432 1.195689e-10
433 6.656503e-11
434 3.477037e-11
435 2.478561e-08
436 1.855620e-08
437 1.306109e-08
438 8.787256e-09
439 5.586706e-09
440 3.411061e-09
441 2.099477e-09
442 1.317083e-09
443 8.495798e-10
444 5.561334e-10
445 3.608444e-10
446 2.265611e-10
447 1.351820e-10
448 7.586367e-11
449 3.994376e-11
450 2.614487e-08
451 1.967729e-08
452 1.390237e-08
453 9.385646e-09
454 5.989646e-09
455 3.655907e-09
456 2.245952e-09
457 1.404241e-09
458 9.033717e-10
459 5.908695e-10
460 3.838820e-10
461 2.417915e-10
462 1.449101e-10
463 8.173178e-11
464 4.324572e-11
465 2.766699e-08
466 2.091441e-08
467 1.482053e-08
468 1.003454e-08
469 6.422197e-09
470 3.919072e-09
471 2.403932e-09
472 1.499336e-09
473 9.624507e-10
474 6.290544e-10
475 4.090990e-10
476 2.583232e-10
477 1.553586e-10
478 8.796925e-11
479 4.672468e-11
480 2.896142e-08
481 2.196557e-08
482 1.560289e-08
483 1.058620e-08
484 6.792483e-09
485 4.144806e-09
486 2.539339e-09
487 1.580445e-09
488 1.012907e-09
489 6.616521e-10
490 4.305989e-10
491 2.724267e-10
492 1.642797e-10
493 9.329892e-11
494 4.970635e-11
495 3.074852e-08
496 2.340825e-08
497 1.666915e-08
498 1.133873e-08
499 7.293191e-09
500 4.448724e-09
501 2.721938e-09
502 1.690590e-09
503 1.081414e-09
504 7.059582e-10
505 4.599070e-10
506 2.916062e-10
507 1.763737e-10
508 1.004998e-10
509 5.370646e-11
510 2.590207e-08
511 1.952450e-08
512 1.381048e-08
513 9.326525e-09
514 5.965800e-09
515 3.645230e-09
516 2.239320e-09
517 1.399121e-09
518 8.987020e-10
519 5.870511e-10
520 3.810842e-10
521 2.400067e-10
522 1.439466e-10
523 8.131220e-11
524 4.311407e-11
525 2.907574e-08
526 2.218511e-08
527 1.582628e-08
528 1.076327e-08
529 6.948064e-09
530 4.254090e-09
531 2.603698e-09
532 1.615570e-09
533 1.031262e-09
534 6.712011e-10
535 4.361679e-10
536 2.761799e-10
537 1.670809e-10
538 9.538906e-11
539 5.114854e-11
540 3.105379e-08
541 2.388454e-08
542 1.713408e-08
543 1.170741e-08
544 7.600446e-09
545 4.661784e-09
546 2.846440e-09
547 1.758911e-09
548 1.117785e-09
549 7.258611e-10
550 4.718988e-10
551 2.997737e-10
552 1.823257e-10
553 1.047818e-10
554 5.657833e-11
555 3.319956e-08
556 2.569689e-08
557 1.851738e-08
558 1.269663e-08
559 8.277537e-09
560 5.083976e-09
561 3.098614e-09
562 1.908970e-09
563 1.209311e-09
564 7.837224e-10
565 5.096673e-10
566 3.245711e-10
567 1.982154e-10
568 1.144864e-10
569 6.214417e-11
570 3.503357e-08
571 2.725214e-08
572 1.970294e-08
573 1.354421e-08
574 8.860703e-09
575 5.448237e-09
576 3.316178e-09
577 2.038184e-09
578 1.287806e-09
579 8.333697e-10
580 5.420762e-10
581 3.458551e-10
582 2.118641e-10
583 1.228300e-10
584 6.693458e-11
585 3.752878e-08
586 2.934369e-08
587 2.129742e-08
588 1.468344e-08
589 9.638328e-09
590 5.932860e-09
591 3.605981e-09
592 2.210843e-09
593 1.392981e-09
594 9.000128e-10
595 5.856002e-10
596 3.743962e-10
597 2.301181e-10
598 1.339528e-10
599 7.330066e-11
600 3.326804e-08
601 2.580966e-08
602 1.863797e-08
603 1.278941e-08
604 8.354570e-09
605 5.147650e-09
606 3.135290e-09
607 1.930384e-09
608 1.220877e-09
609 7.896543e-10
610 5.128439e-10
611 3.264610e-10
612 1.995041e-10
613 1.154293e-10
614 6.281969e-11
615 3.606859e-08
616 2.830053e-08
617 2.061616e-08
618 1.423297e-08
619 9.368760e-09
620 5.803985e-09
621 3.524371e-09
622 2.160346e-09
623 1.357291e-09
624 8.738496e-10
625 5.669010e-10
626 3.619196e-10
627 2.225519e-10
628 1.298641e-10
629 7.136190e-11
630 3.904181e-08
631 3.091012e-08
632 2.267395e-08
633 1.572920e-08
634 1.041233e-08
635 6.478912e-09
636 3.925882e-09
637 2.398763e-09
638 1.499746e-09
639 9.617730e-10
640 6.232800e-10
641 3.987325e-10
642 2.463238e-10
643 1.446541e-10
644 8.006660e-11
645 4.159118e-08
646 3.315721e-08
647 2.444739e-08
648 1.701819e-08
649 1.131381e-08
650 7.062872e-09
651 4.273262e-09
652 2.604828e-09
653 1.622480e-09
654 1.037568e-09
655 6.718564e-10
656 4.304473e-10
657 2.668136e-10
658 1.574123e-10
659 8.758319e-11
660 4.502782e-08
661 3.615685e-08
662 2.680721e-08
663 1.873284e-08
664 1.250648e-08
665 7.833802e-09
666 4.732395e-09
667 2.877727e-09
668 1.785517e-09
669 1.138326e-09
670 7.365035e-10
671 4.726177e-10
672 2.940036e-10
673 1.742970e-10
674 9.750424e-11
675 3.963777e-08
676 3.156193e-08
677 2.326735e-08
678 1.619308e-08
679 1.075637e-08
680 6.725726e-09
681 4.072030e-09
682 2.484832e-09
683 1.547755e-09
684 9.892291e-10
685 6.398645e-10
686 4.093846e-10
687 2.534443e-10
688 1.493952e-10
689 8.310348e-11
690 4.345645e-08
691 3.501773e-08
692 2.608026e-08
693 1.827016e-08
694 1.222119e-08
695 7.701106e-09
696 4.656380e-09
697 2.831980e-09
698 1.751990e-09
699 1.112837e-09
700 7.176518e-10
701 4.596953e-10
702 2.859779e-10
703 1.698714e-10
704 9.538229e-11
705 4.675579e-08
706 3.802454e-08
707 2.852791e-08
708 2.008875e-08
709 1.350491e-08
710 8.558243e-09
711 5.171057e-09
712 3.137294e-09
713 1.931323e-09
714 1.221113e-09
715 7.856912e-10
716 5.036228e-10
717 3.143774e-10
718 1.877596e-10
719 1.061309e-10
720 5.116566e-08
721 4.201512e-08
722 3.176087e-08
723 2.248394e-08
724 1.519200e-08
725 9.682390e-09
726 5.847055e-09
727 3.539099e-09
728 2.167405e-09
729 1.363995e-09
730 8.755367e-10
731 5.616075e-10
732 3.518069e-10
733 2.112813e-10
734 1.202304e-10
735 4.830140e-08
736 3.952969e-08
737 2.984339e-08
738 2.110845e-08
739 1.423938e-08
740 9.074468e-09
741 5.492231e-09
742 3.327533e-09
743 2.040294e-09
744 1.284579e-09
745 8.238480e-10
746 5.275419e-10
747 3.297501e-10
748 1.976133e-10
749 1.122637e-10
750 5.259993e-08
751 4.357209e-08
752 3.325474e-08
753 2.369770e-08
754 1.608591e-08
755 1.033720e-08
756 6.269589e-09
757 3.786482e-09
758 2.307152e-09
759 1.442765e-09
760 9.209862e-10
761 5.892343e-10
762 3.694320e-10
763 2.227726e-10
764 1.276266e-10
765 5.832979e-08
766 4.893509e-08
767 3.775675e-08
768 2.711693e-08
769 1.852413e-08
770 1.200210e-08
771 7.297243e-09
772 4.393971e-09
773 2.660607e-09
774 1.652444e-09
775 1.049744e-09
776 6.709098e-10
777 4.218708e-10
778 2.559514e-10
779 1.478514e-10
780 5.801609e-08
781 4.879358e-08
782 3.778353e-08
783 2.721676e-08
784 1.862140e-08
785 1.209722e-08
786 7.382328e-09
787 4.440211e-09
788 2.686338e-09
789 1.664244e-09
790 1.054373e-09
791 6.725167e-10
792 4.225505e-10
793 2.565056e-10
794 1.484403e-10
795 6.534352e-08
796 5.585688e-08
797 4.393291e-08
798 3.202349e-08
799 2.209529e-08
800 1.450942e-08
801 8.922713e-09
802 5.345621e-09
803 3.213359e-09
804 1.971155e-09
805 1.238234e-09
806 7.866197e-10
807 4.949348e-10
808 3.023133e-10
809 1.766777e-10
810 7.542551e-08
811 6.593942e-08
812 5.308920e-08
813 3.946709e-08
814 2.759453e-08
815 1.838459e-08
816 1.149848e-08
817 6.871071e-09
818 4.105418e-09
819 2.480572e-09
820 1.534344e-09
821 9.646605e-10
822 6.053208e-10
823 3.715760e-10
824 2.196340e-10
825 5.789655e-07
826 4.229563e-07
827 3.131366e-07
828 1.951053e-07
829 1.188119e-07
830 7.038743e-08
831 4.297895e-08
832 2.757321e-08
833 1.861142e-08
834 0.000000e+00
835 0.000000e+00
836 0.000000e+00
837 0.000000e+00
838 0.000000e+00
839 0.000000e+00
840 8.777015e-07
841 6.413276e-07
842 4.753877e-07
843 2.994337e-07
844 1.819280e-07
845 1.076530e-07
846 6.560840e-08
847 4.193956e-08
848 2.823323e-08
849 0.000000e+00
850 0.000000e+00
851 0.000000e+00
852 0.000000e+00
853 0.000000e+00
854 0.000000e+00
855 1.039928e-06
856 7.599453e-07
857 5.635124e-07
858 3.562899e-07
859 2.162832e-07
860 1.279381e-07
861 7.792203e-08
862 4.974943e-08
863 3.345990e-08
864 0.000000e+00
865 0.000000e+00
866 0.000000e+00
867 0.000000e+00
868 0.000000e+00
869 0.000000e+00
870 1.143224e-06
871 8.354756e-07
872 6.196275e-07
873 3.924833e-07
874 2.381546e-07
875 1.408520e-07
876 8.576137e-08
877 5.472251e-08
878 3.678803e-08
879 0.000000e+00
880 0.000000e+00
881 0.000000e+00
882 0.000000e+00
883 0.000000e+00
884 0.000000e+00
885 1.234607e-06
886 9.023016e-07
887 6.692606e-07
888 4.244790e-07
889 2.574911e-07
890 1.522703e-07
891 9.269369e-08
892 5.912075e-08
893 3.973243e-08
894 0.000000e+00
895 0.000000e+00
896 0.000000e+00
897 0.000000e+00
898 0.000000e+00
899 0.000000e+00
900 1.284428e-06
901 9.387357e-07
902 6.963427e-07
903 4.420379e-07
904 2.680880e-07
905 1.585245e-07
906 9.648735e-08
907 6.152306e-08
908 4.133810e-08
909 0.000000e+00
910 0.000000e+00
911 0.000000e+00
912 0.000000e+00
913 0.000000e+00
914 0.000000e+00
915 1.344262e-06
916 9.824833e-07
917 7.288464e-07
918 4.630003e-07
919 2.807564e-07
920 1.660042e-07
921 1.010286e-07
922 6.440332e-08
923 4.326587e-08
924 0.000000e+00
925 0.000000e+00
926 0.000000e+00
927 0.000000e+00
928 0.000000e+00
929 0.000000e+00
930 1.394932e-06
931 1.019533e-06
932 7.563751e-07
933 4.807622e-07
934 2.914886e-07
935 1.723408e-07
936 1.048753e-07
937 6.684279e-08
938 4.489852e-08
939 0.000000e+00
940 0.000000e+00
941 0.000000e+00
942 0.000000e+00
943 0.000000e+00
944 0.000000e+00
945 1.465661e-06
946 1.071248e-06
947 7.947902e-07
948 5.055149e-07
949 3.064502e-07
950 1.811770e-07
951 1.102390e-07
952 7.024672e-08
953 4.717698e-08
954 0.000000e+00
955 0.000000e+00
956 0.000000e+00
957 0.000000e+00
958 0.000000e+00
959 0.000000e+00
960 7.021994e-07
961 5.599409e-07
962 4.062502e-07
963 3.045325e-07
964 1.889291e-07
965 1.155357e-07
966 6.715203e-08
967 4.013872e-08
968 2.513781e-08
969 1.663295e-08
970 0.000000e+00
971 0.000000e+00
972 0.000000e+00
973 0.000000e+00
974 0.000000e+00
975 1.068206e-06
976 8.571283e-07
977 6.224055e-07
978 4.661800e-07
979 2.926152e-07
980 1.783059e-07
981 1.035719e-07
982 6.183071e-08
983 3.859609e-08
984 2.546998e-08
985 0.000000e+00
986 0.000000e+00
987 0.000000e+00
988 0.000000e+00
989 0.000000e+00
990 1.307245e-06
991 1.051519e-06
992 7.638567e-07
993 5.719129e-07
994 3.606314e-07
995 2.194315e-07
996 1.274350e-07
997 7.604368e-08
998 4.740817e-08
999 3.125207e-08
1000 0.000000e+00
1001 0.000000e+00
1002 0.000000e+00
1003 0.000000e+00
1004 0.000000e+00
1005 1.514503e-06
1006 1.220039e-06
1007 8.864679e-07
1008 6.635729e-07
1009 4.195684e-07
1010 2.550683e-07
1011 1.481140e-07
1012 8.836049e-08
1013 5.504527e-08
1014 3.626420e-08
1015 0.000000e+00
1016 0.000000e+00
1017 0.000000e+00
1018 0.000000e+00
1019 0.000000e+00
1020 1.646759e-06
1021 1.327728e-06
1022 9.648362e-07
1023 7.221461e-07
1024 4.573371e-07
1025 2.778883e-07
1026 1.613534e-07
1027 9.624387e-08
1028 5.992952e-08
1029 3.946732e-08
1030 0.000000e+00
1031 0.000000e+00
1032 0.000000e+00
1033 0.000000e+00
1034 0.000000e+00
1035 1.785033e-06
1036 1.440171e-06
1037 1.046652e-06
1038 7.833047e-07
1039 4.966839e-07
1040 3.016740e-07
1041 1.751568e-07
1042 1.044647e-07
1043 6.502615e-08
1044 4.281172e-08
1045 0.000000e+00
1046 0.000000e+00
1047 0.000000e+00
1048 0.000000e+00
1049 0.000000e+00
1050 1.903529e-06
1051 1.536537e-06
1052 1.116764e-06
1053 8.357193e-07
1054 5.304093e-07
1055 3.220624e-07
1056 1.869868e-07
1057 1.115108e-07
1058 6.939432e-08
1059 4.567774e-08
1060 0.000000e+00
1061 0.000000e+00
1062 0.000000e+00
1063 0.000000e+00
1064 0.000000e+00
1065 2.062431e-06
1066 1.665715e-06
1067 1.210755e-06
1068 9.059825e-07
1069 5.755828e-07
1070 3.493796e-07
1071 2.028384e-07
1072 1.209519e-07
1073 7.524865e-08
1074 4.951976e-08
1075 0.000000e+00
1076 0.000000e+00
1077 0.000000e+00
1078 0.000000e+00
1079 0.000000e+00
1080 3.699697e-07
1081 3.366849e-07
1082 2.595514e-07
1083 1.876710e-07
1084 1.406246e-07
1085 8.140424e-08
1086 4.990450e-08
1087 2.876232e-08
1088 1.699576e-08
1089 1.056950e-08
1090 0.000000e+00
1091 0.000000e+00
1092 0.000000e+00
1093 0.000000e+00
1094 0.000000e+00
1095 5.851518e-07
1096 5.344491e-07
1097 4.133942e-07
1098 2.987506e-07
1099 2.241372e-07
1100 1.303272e-07
1101 8.006794e-08
1102 4.605739e-08
1103 2.713841e-08
1104 1.684518e-08
1105 0.000000e+00
1106 0.000000e+00
1107 0.000000e+00
1108 0.000000e+00
1109 0.000000e+00
1110 7.775956e-07
1111 7.114869e-07
1112 5.512457e-07
1113 3.982760e-07
1114 2.989767e-07
1115 1.742442e-07
1116 1.071547e-07
1117 6.158136e-08
1118 3.623401e-08
1119 2.247004e-08
1120 0.000000e+00
1121 0.000000e+00
1122 0.000000e+00
1123 0.000000e+00
1124 0.000000e+00
1125 9.099535e-07
1126 8.333208e-07
1127 6.461585e-07
1128 4.667979e-07
1129 3.505116e-07
1130 2.045068e-07
1131 1.258236e-07
1132 7.227858e-08
1133 4.249936e-08
1134 2.634323e-08
1135 0.000000e+00
1136 0.000000e+00
1137 0.000000e+00
1138 0.000000e+00
1139 0.000000e+00
1140 1.039771e-06
1141 9.527626e-07
1142 7.391801e-07
1143 5.339572e-07
1144 4.010132e-07
1145 2.341461e-07
1146 1.441047e-07
1147 8.275559e-08
1148 4.863737e-08
1149 3.013897e-08
1150 0.000000e+00
1151 0.000000e+00
1152 0.000000e+00
1153 0.000000e+00
1154 0.000000e+00
1155 1.151666e-06
1156 1.055723e-06
1157 8.193654e-07
1158 5.918497e-07
1159 4.445474e-07
1160 2.596972e-07
1161 1.598649e-07
1162 9.178716e-08
1163 5.392878e-08
1164 3.341091e-08
1165 0.000000e+00
1166 0.000000e+00
1167 0.000000e+00
1168 0.000000e+00
1169 0.000000e+00
1170 1.298623e-06
1171 1.190923e-06
1172 9.246388e-07
1173 6.678562e-07
1174 5.017003e-07
1175 2.932376e-07
1176 1.805513e-07
1177 1.036431e-07
1178 6.087547e-08
1179 3.770662e-08
1180 0.000000e+00
1181 0.000000e+00
1182 0.000000e+00
1183 0.000000e+00
1184 0.000000e+00
1185 2.084840e-07
1186 2.057256e-07
1187 1.729356e-07
1188 1.263087e-07
1189 9.383499e-08
1190 6.373591e-08
1191 3.761808e-08
1192 2.143451e-08
1193 1.238940e-08
1194 7.323124e-09
1195 4.587912e-09
1196 0.000000e+00
1197 0.000000e+00
1198 0.000000e+00
1199 0.000000e+00
1200 3.677124e-07
1201 3.637811e-07
1202 3.068339e-07
1203 2.244518e-07
1204 1.665003e-07
1205 1.138156e-07
1206 6.687719e-08
1207 3.815250e-08
1208 2.207992e-08
1209 1.302939e-08
1210 8.147629e-09
1211 0.000000e+00
1212 0.000000e+00
1213 0.000000e+00
1214 0.000000e+00
1215 4.869952e-07
1216 4.823003e-07
1217 4.073602e-07
1218 2.981802e-07
1219 2.210585e-07
1220 1.515022e-07
1221 8.885966e-08
1222 5.072023e-08
1223 2.936703e-08
1224 1.731812e-08
1225 1.082123e-08
1226 0.000000e+00
1227 0.000000e+00
1228 0.000000e+00
1229 0.000000e+00
1230 6.002236e-07
1231 5.947817e-07
1232 5.027552e-07
1233 3.681405e-07
1234 2.728325e-07
1235 1.872517e-07
1236 1.097184e-07
1237 6.264419e-08
1238 3.628041e-08
1239 2.138732e-08
1240 1.335823e-08
1241 0.000000e+00
1242 0.000000e+00
1243 0.000000e+00
1244 0.000000e+00
1245 6.981397e-07
1246 6.920623e-07
1247 5.852555e-07
1248 4.286425e-07
1249 3.176074e-07
1250 2.181713e-07
1251 1.277581e-07
1252 7.295701e-08
1253 4.225935e-08
1254 2.490650e-08
1255 1.555233e-08
1256 0.000000e+00
1257 0.000000e+00
1258 0.000000e+00
1259 0.000000e+00
1260 8.252478e-07
1261 8.183338e-07
1262 6.923340e-07
1263 5.071693e-07
1264 3.757217e-07
1265 2.582970e-07
1266 1.511707e-07
1267 8.634131e-08
1268 5.001912e-08
1269 2.947393e-08
1270 1.840000e-08
1271 0.000000e+00
1272 0.000000e+00
1273 0.000000e+00
1274 0.000000e+00
1275 9.945250e-08
1276 1.036162e-07
1277 9.385151e-08
1278 7.185448e-08
1279 5.192477e-08
1280 3.891021e-08
1281 2.200819e-08
1282 1.330449e-08
1283 7.512316e-09
1284 4.335112e-09
1285 2.593765e-09
1286 0.000000e+00
1287 0.000000e+00
1288 0.000000e+00
1289 0.000000e+00
1290 1.724103e-07
1291 1.799388e-07
1292 1.633967e-07
1293 1.253807e-07
1294 9.055732e-08
1295 6.794676e-08
1296 3.852234e-08
1297 2.334957e-08
1298 1.316015e-08
1299 7.579279e-09
1300 4.527477e-09
1301 0.000000e+00
1302 0.000000e+00
1303 0.000000e+00
1304 0.000000e+00
1305 2.431336e-07
1306 2.539548e-07
1307 2.308848e-07
1308 1.773535e-07
1309 1.280653e-07
1310 9.614465e-08
1311 5.457139e-08
1312 3.311734e-08
1313 1.865000e-08
1314 1.073074e-08
1315 6.405277e-09
1316 0.000000e+00
1317 0.000000e+00
1318 0.000000e+00
1319 0.000000e+00
1320 3.044897e-07
1321 3.181683e-07
1322 2.894335e-07
1323 2.224449e-07
1324 1.606064e-07
1325 1.206089e-07
1326 6.849597e-08
1327 4.159274e-08
1328 2.341327e-08
1329 1.346503e-08
1330 8.034479e-09
1331 0.000000e+00
1332 0.000000e+00
1333 0.000000e+00
1334 0.000000e+00
1335 3.834947e-07
1336 4.008503e-07
1337 3.648230e-07
1338 2.805008e-07
1339 2.025044e-07
1340 1.521072e-07
1341 8.642392e-08
1342 5.250396e-08
1343 2.954584e-08
1344 1.698545e-08
1345 1.013206e-08
1346 0.000000e+00
1347 0.000000e+00
1348 0.000000e+00
1349 0.000000e+00
1350 1.107367e-07
1351 1.199082e-07
1352 1.150504e-07
1353 9.329576e-08
1354 6.731100e-08
1355 5.072726e-08
1356 3.174380e-08
1357 1.944410e-08
1358 1.079518e-08
1359 5.946204e-09
1360 3.434518e-09
1361 2.087493e-09
1362 0.000000e+00
1363 0.000000e+00
1364 0.000000e+00
1365 2.079373e-07
1366 2.254767e-07
1367 2.168086e-07
1368 1.762598e-07
1369 1.272390e-07
1370 9.581121e-08
1371 6.030473e-08
1372 3.684633e-08
1373 2.046034e-08
1374 1.127456e-08
1375 6.499399e-09
1376 3.942926e-09
1377 0.000000e+00
1378 0.000000e+00
1379 0.000000e+00
1380 2.954248e-07
1381 3.205282e-07
1382 3.084764e-07
1383 2.510406e-07
1384 1.812645e-07
1385 1.364458e-07
1386 8.608289e-08
1387 5.254223e-08
1388 2.917809e-08
1389 1.608179e-08
1390 9.263188e-09
1391 5.615310e-09
1392 0.000000e+00
1393 0.000000e+00
1394 0.000000e+00
1395 4.074670e-07
1396 4.422536e-07
1397 4.258653e-07
1398 3.468042e-07
1399 2.504486e-07
1400 1.884820e-07
1401 1.190917e-07
1402 7.264158e-08
1403 4.034162e-08
1404 2.223759e-08
1405 1.280239e-08
1406 7.756938e-09
1407 0.000000e+00
1408 0.000000e+00
1409 0.000000e+00
1410 6.326180e-08
1411 7.062986e-08
1412 7.099270e-08
1413 6.102458e-08
1414 4.499666e-08
1415 3.312749e-08
1416 2.336770e-08
1417 1.331957e-08
1418 7.503478e-09
1419 4.245306e-09
1420 2.361225e-09
1421 1.376363e-09
1422 0.000000e+00
1423 0.000000e+00
1424 0.000000e+00
1425 1.186747e-07
1426 1.326497e-07
1427 1.335661e-07
1428 1.150893e-07
1429 8.498007e-08
1430 6.249921e-08
1431 4.425834e-08
1432 2.515938e-08
1433 1.419852e-08
1434 8.032226e-09
1435 4.465505e-09
1436 2.598708e-09
1437 0.000000e+00
1438 0.000000e+00
1439 0.000000e+00
1440 1.909940e-07
1441 2.136063e-07
1442 2.152672e-07
1443 1.857079e-07
1444 1.372174e-07
1445 1.008667e-07
1446 7.156258e-08
1447 4.062842e-08
1448 2.294851e-08
1449 1.298105e-08
1450 7.215353e-09
1451 4.195641e-09
1452 0.000000e+00
1453 0.000000e+00
1454 0.000000e+00
1455 4.605022e-08
1456 5.277937e-08
1457 5.517883e-08
1458 5.014939e-08
1459 3.846664e-08
1460 2.777793e-08
1461 2.086697e-08
1462 1.170268e-08
1463 7.002808e-09
1464 3.835821e-09
1465 2.113873e-09
1466 1.180058e-09
1467 0.000000e+00
1468 0.000000e+00
1469 0.000000e+00
1470 1.042556e-07
1471 1.196402e-07
1472 1.253128e-07
1473 1.142074e-07
1474 8.781967e-08
1475 6.338287e-08
1476 4.767671e-08
1477 2.681615e-08
1478 1.610002e-08
1479 8.802930e-09
1480 4.840105e-09
1481 2.696649e-09
1482 0.000000e+00
1483 0.000000e+00
1484 0.000000e+00
1485 2.812467e-08
1486 3.304776e-08
1487 3.583276e-08
1488 3.439958e-08
1489 2.789047e-08
1490 2.012230e-08
1491 1.517912e-08
1492 9.438970e-09
1493 5.743382e-09
1494 3.116633e-09
1495 1.641741e-09
1496 8.857134e-10
1497 4.932238e-10
1498 0.000000e+00
1499 0.000000e+00
1500 1.436591e-04
1501 1.046703e-04
1502 7.812367e-05
1503 4.923126e-05
1504 3.005467e-05
1505 1.771812e-05
1506 1.077098e-05
1507 6.863943e-06
1508 4.614232e-06
1509 0.000000e+00
1510 0.000000e+00
1511 0.000000e+00
1512 0.000000e+00
1513 0.000000e+00
1514 0.000000e+00
1515 2.365298e-04
1516 1.909290e-04
1517 1.385209e-04
1518 1.039243e-04
1519 6.575704e-05
1520 4.013968e-05
1521 2.324119e-05
1522 1.383671e-05
1523 8.608469e-06
1524 5.667852e-06
1525 0.000000e+00
1526 0.000000e+00
1527 0.000000e+00
1528 0.000000e+00
1529 0.000000e+00
1530 1.278571e-04
1531 1.173214e-04
1532 9.105730e-05
1533 6.571262e-05
1534 4.947638e-05
1535 2.878579e-05
1536 1.777577e-05
1537 1.018923e-05
1538 5.990962e-06
1539 3.710446e-06
1540 0.000000e+00
1541 0.000000e+00
1542 0.000000e+00
1543 0.000000e+00
1544 0.000000e+00
1545 7.026441e-05
1546 6.971301e-05
1547 5.899816e-05
1548 4.319933e-05
1549 3.200113e-05
1550 2.203087e-05
1551 1.288564e-05
1552 7.350021e-06
1553 4.265260e-06
1554 2.510250e-06
1555 1.566957e-06
1556 0.000000e+00
1557 0.000000e+00
1558 0.000000e+00
1559 0.000000e+00
1560 2.068638e-05
1561 2.163220e-05
1562 1.969769e-05
1563 1.514541e-05
1564 1.092938e-05
1565 8.219874e-06
1566 4.659885e-06
1567 2.834200e-06
1568 1.593130e-06
1569 9.173724e-07
1570 5.468652e-07
1571 0.000000e+00
1572 0.000000e+00
1573 0.000000e+00
1574 0.000000e+00
1575 3.281099e-05
1576 3.562561e-05
1577 3.432298e-05
1578 2.796056e-05
1579 2.018700e-05
1580 1.519537e-05
1581 9.605517e-06
1582 5.865824e-06
1583 3.257399e-06
1584 1.791808e-06
1585 1.031782e-06
1586 6.251071e-07
1587 0.000000e+00
1588 0.000000e+00
1589 0.000000e+00
1590 1.052585e-05
1591 1.177629e-05
1592 1.187404e-05
1593 1.024936e-05
1594 7.573563e-06
1595 5.565653e-06
1596 3.954503e-06
1597 2.241966e-06
1598 1.265631e-06
1599 7.170649e-07
1600 3.982098e-07
1601 2.315125e-07
1602 0.000000e+00
1603 0.000000e+00
1604 0.000000e+00
1605 5.196307e-06
1606 5.965613e-06
1607 6.252290e-06
1608 5.702902e-06
1609 4.387495e-06
1610 3.165568e-06
1611 2.383395e-06
1612 1.339694e-06
1613 8.053706e-07
1614 4.398652e-07
1615 2.420140e-07
1616 1.347124e-07
1617 0.000000e+00
1618 0.000000e+00
1619 0.000000e+00
1620 8.784436e-07
1621 1.033072e-06
1622 1.121458e-06
1623 1.078529e-06
1624 8.761385e-07
1625 6.322494e-07
1626 4.767376e-07
1627 2.977288e-07
1628 1.810235e-07
1629 9.825982e-08
1630 5.170439e-08
1631 2.786357e-08
1632 1.548977e-08
1633 0.000000e+00
1634 0.000000e+00
1635 7.306694e-07
1636 8.811830e-07
1637 9.913392e-07
1638 1.006607e-06
1639 8.769457e-07
1640 6.522137e-07
1641 4.780421e-07
1642 3.427980e-07
1643 1.926185e-07
1644 1.080459e-07
1645 5.890016e-08
1646 3.066808e-08
1647 1.610090e-08
1648 0.000000e+00
1649 0.000000e+00
