0 2.290675e-09
1 1.491527e-09
2 9.394300e-10
3 5.914090e-10
4 3.796900e-10
5 2.494781e-10
6 1.657442e-10
7 1.089080e-10
8 6.911019e-11
9 4.161039e-11
10 2.353942e-11
11 1.247881e-11
12 6.240586e-12
13 2.976073e-12
14 1.370516e-12
15 3.870569e-09
16 2.579359e-09
17 1.642937e-09
18 1.024718e-09
19 6.473085e-10
20 4.185250e-10
21 2.764938e-10
22 1.832680e-10
23 1.189273e-10
24 7.391282e-11
25 4.332759e-11
26 2.379234e-11
27 1.226508e-11
28 5.988067e-12
29 2.802541e-12
30 4.488695e-09
31 3.013544e-09
32 1.932067e-09
33 1.204623e-09
34 7.575577e-10
35 4.870130e-10
36 3.204999e-10
37 2.124898e-10
38 1.385604e-10
39 8.683698e-11
40 5.145121e-11
41 2.858278e-11
42 1.489564e-11
43 7.336922e-12
44 3.456164e-12
45 4.786241e-09
46 3.224652e-09
47 2.073531e-09
48 1.292773e-09
49 8.114021e-10
50 5.203262e-10
51 3.418046e-10
52 2.266403e-10
53 1.480977e-10
54 9.316239e-11
55 5.546100e-11
56 3.096664e-11
57 1.621272e-11
58 8.017522e-12
59 3.787814e-12
60 5.046810e-09
61 3.406711e-09
62 2.194334e-09
63 1.368295e-09
64 8.577870e-10
65 5.492298e-10
66 3.604419e-10
67 2.389619e-10
68 1.563314e-10
69 9.855997e-11
70 5.884108e-11
71 3.295201e-11
72 1.729966e-11
73 8.574366e-12
74 4.057539e-12
75 5.185386e-09
76 3.504573e-09
77 2.260023e-09
78 1.409167e-09
79 8.828480e-10
80 5.646446e-10
81 3.703087e-10
82 2.454638e-10
83 1.607387e-10
84 1.014868e-10
85 6.069393e-11
86 3.405758e-11
87 1.791311e-11
88 8.890806e-12
89 4.212012e-12
90 5.343307e-09
91 3.615127e-09
92 2.333323e-09
93 1.455086e-09
94 9.110451e-10
95 5.823156e-10
96 3.816291e-10
97 2.530501e-10
98 1.658074e-10
99 1.048103e-10
100 6.277065e-11
101 3.527766e-11
102 1.858154e-11
103 9.233631e-12
104 4.377021e-12
105 5.423053e-09
106 3.672379e-09
107 2.372239e-09
108 1.479741e-09
109 9.259779e-10
110 5.912399e-10
111 3.873921e-10
112 2.567922e-10
113 1.683441e-10
114 1.065124e-10
115 6.387726e-11
116 3.594605e-11
117 1.895518e-11
118 9.428774e-12
119 4.473844e-12
120 5.547588e-09
121 3.760008e-09
122 2.430235e-09
123 1.515636e-09
124 9.479174e-10
125 6.050980e-10
126 3.961572e-10
127 2.627021e-10
128 1.722656e-10
129 1.090916e-10
130 6.550096e-11
131 3.690440e-11
132 1.948556e-11
133 9.700887e-12
134 4.605809e-12
135 5.651901e-09
136 3.833927e-09
137 2.480795e-09
138 1.547232e-09
139 9.671393e-10
140 6.168821e-10
141 4.037396e-10
142 2.676405e-10
143 1.756854e-10
144 1.113744e-10
145 6.694660e-11
146 3.776558e-11
147 1.996197e-11
148 9.947706e-12
149 4.725341e-12
150 7.944144e-09
151 5.473995e-09
152 3.597966e-09
153 2.250474e-09
154 1.395284e-09
155 8.796220e-10
156 5.698986e-10
157 3.768744e-10
158 2.490672e-10
159 1.603682e-10
160 9.842677e-11
161 5.679298e-11
162 3.066268e-11
163 1.554837e-11
164 7.481595e-12
165 1.012978e-08
166 7.071595e-09
167 4.716118e-09
168 2.982036e-09
169 1.840191e-09
170 1.150401e-09
171 7.370222e-10
172 4.841068e-10
173 3.203456e-10
174 2.081817e-10
175 1.297963e-10
176 7.637640e-11
177 4.208480e-11
178 2.173841e-11
179 1.061435e-11
180 1.132261e-08
181 7.954515e-09
182 5.339049e-09
183 3.395874e-09
184 2.093818e-09
185 1.304042e-09
186 8.310134e-10
187 5.438277e-10
188 3.597798e-10
189 2.346515e-10
190 1.472773e-10
191 8.740889e-11
192 4.861304e-11
193 2.532956e-11
194 1.245680e-11
195 1.226284e-08
196 8.646639e-09
197 5.824077e-09
198 3.716294e-09
199 2.290148e-09
200 1.423695e-09
201 9.045761e-10
202 5.907741e-10
203 3.907677e-10
204 2.553393e-10
205 1.608345e-10
206 9.589486e-11
207 5.359430e-11
208 2.805367e-11
209 1.384916e-11
210 1.282502e-08
211 9.063485e-09
212 6.118268e-09
213 3.911776e-09
214 2.410135e-09
215 1.496375e-09
216 9.489542e-10
217 6.190131e-10
218 4.093921e-10
219 2.678411e-10
220 1.690906e-10
221 1.011131e-10
222 5.668872e-11
223 2.976024e-11
224 1.472651e-11
225 1.340525e-08
226 9.489466e-09
227 6.417270e-09
228 4.109385e-09
229 2.531418e-09
230 1.570015e-09
231 9.943290e-10
232 6.479143e-10
233 4.284631e-10
234 2.805732e-10
235 1.774558e-10
236 1.063507e-10
237 5.976736e-11
238 3.144526e-11
239 1.558975e-11
240 1.377258e-08
241 9.764746e-09
242 6.613604e-09
243 4.241213e-09
244 2.611856e-09
245 1.618650e-09
246 1.023781e-09
247 6.665509e-10
248 4.407431e-10
249 2.888621e-10
250 1.829671e-10
251 1.098686e-10
252 6.187059e-11
253 3.261261e-11
254 1.619164e-11
255 1.423192e-08
256 1.010336e-08
257 6.851215e-09
258 4.397551e-09
259 2.707955e-09
260 1.677207e-09
261 1.059870e-09
262 6.894871e-10
263 4.559197e-10
264 2.989986e-10
265 1.896195e-10
266 1.140434e-10
267 6.432811e-11
268 3.396085e-11
269 1.688040e-11
270 1.466750e-08
271 1.042740e-08
272 7.080260e-09
273 4.550639e-09
274 2.801628e-09
275 1.734415e-09
276 1.094689e-09
277 7.115443e-10
278 4.703854e-10
279 3.087193e-10
280 1.960562e-10
281 1.181157e-10
282 6.674606e-11
283 3.529366e-11
284 1.756616e-11
285 1.391188e-08
286 9.907284e-09
287 6.733889e-09
288 4.350467e-09
289 2.683699e-09
290 1.660878e-09
291 1.046566e-09
292 6.783630e-10
293 4.472365e-10
294 2.931041e-10
295 1.861952e-10
296 1.124213e-10
297 6.376534e-11
298 3.387022e-11
299 1.693106e-11
300 1.628474e-08
301 1.173753e-08
302 8.053582e-09
303 5.262122e-09
304 3.260771e-09
305 2.008392e-09
306 1.255497e-09
307 8.072077e-10
308 5.300710e-10
309 3.480940e-10
310 2.228600e-10
311 1.361844e-10
312 7.837933e-11
313 4.225609e-11
314 2.140463e-11
315 1.812606e-08
316 1.315664e-08
317 9.073192e-09
318 5.965595e-09
319 3.709361e-09
320 2.278501e-09
321 1.418830e-09
322 9.080485e-10
323 5.947602e-10
324 3.908261e-10
325 2.511969e-10
326 1.544859e-10
327 8.959241e-11
328 4.868993e-11
329 2.484394e-11
330 1.929296e-08
331 1.406239e-08
332 9.728885e-09
333 6.422199e-09
334 4.000628e-09
335 2.453852e-09
336 1.524392e-09
337 9.728712e-10
338 6.361808e-10
339 4.181856e-10
340 2.694179e-10
341 1.663290e-10
342 9.691085e-11
343 5.292004e-11
344 2.711995e-11
345 2.043870e-08
346 1.494731e-08
347 1.036595e-08
348 6.861147e-09
349 4.280284e-09
350 2.622586e-09
351 1.626544e-09
352 1.035787e-09
353 6.764976e-10
354 4.447765e-10
355 2.870796e-10
356 1.777387e-10
357 1.039150e-10
358 5.694575e-11
359 2.927523e-11
360 2.124323e-08
361 1.557887e-08
362 1.082606e-08
363 7.181440e-09
364 4.486016e-09
365 2.745974e-09
366 1.700356e-09
367 1.081014e-09
368 7.052503e-10
369 4.638611e-10
370 2.998015e-10
371 1.860544e-10
372 1.090847e-10
373 5.995162e-11
374 3.089984e-11
375 2.215589e-08
376 1.628435e-08
377 1.133392e-08
378 7.532276e-09
379 4.709915e-09
380 2.881478e-09
381 1.782040e-09
382 1.131204e-09
383 7.374423e-10
384 4.851368e-10
385 3.139331e-10
386 1.951912e-10
387 1.146947e-10
388 6.318132e-11
389 3.263044e-11
390 2.307062e-08
391 1.699765e-08
392 1.185032e-08
393 7.891455e-09
394 4.939829e-09
395 3.019600e-09
396 1.865334e-09
397 1.182443e-09
398 7.700591e-10
399 5.066980e-10
400 3.283027e-10
401 2.045394e-10
402 1.204826e-10
403 6.652017e-11
404 3.442837e-11
405 1.980869e-08
406 1.453820e-08
407 1.010024e-08
408 6.702052e-09
409 4.200704e-09
410 2.572276e-09
411 1.594214e-09
412 1.012524e-09
413 6.595066e-10
414 4.329552e-10
415 2.793927e-10
416 1.732598e-10
417 1.016135e-10
418 5.592015e-11
419 2.887997e-11
420 2.265539e-08
421 1.682313e-08
422 1.177938e-08
423 7.880566e-09
424 4.982266e-09
425 3.043668e-09
426 1.878540e-09
427 1.184243e-09
428 7.668581e-10
429 5.027247e-10
430 3.255675e-10
431 2.034495e-10
432 1.205862e-10
433 6.715782e-11
434 3.509184e-11
435 2.454024e-08
436 1.836292e-08
437 1.291992e-08
438 8.689749e-09
439 5.522402e-09
440 3.371158e-09
441 2.075270e-09
442 1.302295e-09
443 8.402928e-10
444 5.501593e-10
445 3.569667e-10
446 2.240817e-10
447 1.336541e-10
448 7.496981e-11
449 3.945124e-11
450 2.635441e-08
451 1.982516e-08
452 1.400136e-08
453 9.450025e-09
454 6.028352e-09
455 3.678468e-09
456 2.260084e-09
457 1.413515e-09
458 9.096183e-10
459 5.950857e-10
460 3.866393e-10
461 2.434937e-10
462 1.458855e-10
463 8.224546e-11
464 4.349437e-11
465 2.769836e-08
466 2.093007e-08
467 1.482667e-08
468 1.003698e-08
469 6.421669e-09
470 3.917341e-09
471 2.403196e-09
472 1.499148e-09
473 9.625774e-10
474 6.292808e-10
475 4.092905e-10
476 2.584328e-10
477 1.553940e-10
478 8.795999e-11
479 4.669913e-11
480 2.914352e-08
481 2.209718e-08
482 1.569191e-08
483 1.064550e-08
484 6.829470e-09
485 4.165138e-09
486 2.552056e-09
487 1.588549e-09
488 1.018328e-09
489 6.653523e-10
490 4.330756e-10
491 2.740026e-10
492 1.652124e-10
493 9.381651e-11
494 4.995740e-11
495 3.064944e-08
496 2.332258e-08
497 1.660160e-08
498 1.129069e-08
499 7.259653e-09
500 4.426184e-09
501 2.708565e-09
502 1.682596e-09
503 1.076623e-09
504 7.030311e-10
505 4.580700e-10
506 2.904353e-10
507 1.756304e-10
508 1.000398e-10
509 5.343390e-11
510 2.651894e-08
511 2.001816e-08
512 1.417326e-08
513 9.579725e-09
514 6.134492e-09
515 3.748421e-09
516 2.301766e-09
517 1.436911e-09
518 9.222838e-10
519 6.022480e-10
520 3.910326e-10
521 2.464496e-10
522 1.479718e-10
523 8.369417e-11
524 4.443572e-11
525 2.924444e-08
526 2.232294e-08
527 1.592869e-08
528 1.083517e-08
529 6.996813e-09
530 4.283956e-09
531 2.621729e-09
532 1.626359e-09
533 1.037932e-09
534 6.754681e-10
535 4.389601e-10
536 2.779997e-10
537 1.682310e-10
538 9.607922e-11
539 5.153686e-11
540 3.183225e-08
541 2.449960e-08
542 1.758311e-08
543 1.201802e-08
544 7.806022e-09
545 4.788514e-09
546 2.923360e-09
547 1.805762e-09
548 1.147166e-09
549 7.447849e-10
550 4.842138e-10
551 3.076762e-10
552 1.872143e-10
553 1.076501e-10
554 5.816051e-11
555 3.383455e-08
556 2.621411e-08
557 1.890250e-08
558 1.296601e-08
559 8.459987e-09
560 5.197142e-09
561 3.166788e-09
562 1.949964e-09
563 1.234655e-09
564 7.998883e-10
565 5.201901e-10
566 3.313914e-10
567 2.025060e-10
568 1.170556e-10
569 6.359092e-11
570 3.591647e-08
571 2.797296e-08
572 2.024057e-08
573 1.392190e-08
574 9.115960e-09
575 5.606765e-09
576 3.411594e-09
577 2.095544e-09
578 1.323223e-09
579 8.559457e-10
580 5.567677e-10
581 3.553812e-10
582 2.178632e-10
583 1.264268e-10
584 6.896285e-11
585 3.812191e-08
586 2.984222e-08
587 2.167443e-08
588 1.495097e-08
589 9.822118e-09
590 6.047719e-09
591 3.674482e-09
592 2.251620e-09
593 1.417947e-09
594 9.157468e-10
595 5.958614e-10
596 3.810992e-10
597 2.343953e-10
598 1.365584e-10
599 7.479350e-11
600 3.276430e-08
601 2.538496e-08
602 1.831217e-08
603 1.255664e-08
604 8.195093e-09
605 5.045854e-09
606 3.074431e-09
607 1.893905e-09
608 1.198708e-09
609 7.757935e-10
610 5.039157e-10
611 3.206715e-10
612 1.958223e-10
613 1.131831e-10
614 6.152417e-11
615 3.616372e-08
616 2.833817e-08
617 2.062170e-08
618 1.422633e-08
619 9.356690e-09
620 5.791666e-09
621 3.517924e-09
622 2.157283e-09
623 1.356431e-09
624 8.738722e-10
625 5.670554e-10
626 3.619394e-10
627 2.224250e-10
628 1.296689e-10
629 7.117462e-11
630 3.888868e-08
631 3.075349e-08
632 2.253644e-08
633 1.562337e-08
634 1.033510e-08
635 6.425111e-09
636 3.893910e-09
637 2.379922e-09
638 1.489053e-09
639 9.555455e-10
640 6.194512e-10
641 3.962528e-10
642 2.446788e-10
643 1.435772e-10
644 7.939203e-11
645 4.165013e-08
646 3.316966e-08
647 2.443290e-08
648 1.699845e-08
649 1.129313e-08
650 7.043237e-09
651 4.261616e-09
652 2.598261e-09
653 1.619527e-09
654 1.036373e-09
655 6.713565e-10
656 4.301411e-10
657 2.665326e-10
658 1.571425e-10
659 8.735409e-11
660 4.462150e-08
661 3.578104e-08
662 2.649483e-08
663 1.849911e-08
664 1.234088e-08
665 7.720654e-09
666 4.664274e-09
667 2.837051e-09
668 1.761848e-09
669 1.124223e-09
670 7.277695e-10
671 4.670344e-10
672 2.904024e-10
673 1.720161e-10
674 9.611741e-11
675 4.047897e-08
676 3.219514e-08
677 2.371130e-08
678 1.649103e-08
679 1.094699e-08
680 6.839526e-09
681 4.141400e-09
682 2.527955e-09
683 1.575700e-09
684 1.007711e-09
685 6.520155e-10
686 4.171147e-10
687 2.581112e-10
688 1.520400e-10
689 8.449324e-11
690 4.411690e-08
691 3.552071e-08
692 2.643502e-08
693 1.850895e-08
694 1.237526e-08
695 7.793177e-09
696 4.711668e-09
697 2.866222e-09
698 1.774066e-09
699 1.127414e-09
700 7.272817e-10
701 4.658776e-10
702 2.897511e-10
703 1.720296e-10
704 9.653110e-11
705 4.774111e-08
706 3.880149e-08
707 2.909200e-08
708 2.047629e-08
709 1.376071e-08
710 8.715203e-09
711 5.264830e-09
712 3.194563e-09
713 1.967369e-09
714 1.244456e-09
715 8.009984e-10
716 5.135062e-10
717 3.205126e-10
718 1.913620e-10
719 1.081124e-10
720 5.168549e-08
721 4.239799e-08
722 3.201700e-08
723 2.264775e-08
724 1.529466e-08
725 9.739133e-09
726 5.879007e-09
727 3.559389e-09
728 2.181173e-09
729 1.373620e-09
730 8.822012e-10
731 5.659994e-10
732 3.544955e-10
733 2.127863e-10
734 1.209947e-10
735 4.880343e-08
736 3.993300e-08
737 3.014214e-08
738 2.131659e-08
739 1.437821e-08
740 9.161583e-09
741 5.544390e-09
742 3.359370e-09
743 2.060021e-09
744 1.297165e-09
745 8.320053e-10
746 5.327882e-10
747 3.330204e-10
748 1.995553e-10
749 1.133512e-10
750 5.350656e-08
751 4.433399e-08
752 3.384239e-08
753 2.411885e-08
754 1.637352e-08
755 1.052353e-08
756 6.382072e-09
757 3.854296e-09
758 2.348144e-09
759 1.468255e-09
760 9.372224e-10
761 5.996454e-10
762 3.759988e-10
763 2.267658e-10
764 1.299356e-10
765 5.870499e-08
766 4.924191e-08
767 3.798547e-08
768 2.727559e-08
769 1.863029e-08
770 1.206917e-08
771 7.336014e-09
772 4.417696e-09
773 2.675070e-09
774 1.661697e-09
775 1.055806e-09
776 6.748728e-10
777 4.243867e-10
778 2.574716e-10
779 1.487143e-10
780 5.949123e-08
781 5.008511e-08
782 3.882106e-08
783 2.798414e-08
784 1.915627e-08
785 1.245336e-08
786 7.602866e-09
787 4.571619e-09
788 2.764613e-09
789 1.711696e-09
790 1.083892e-09
791 6.911975e-10
792 4.343433e-10
793 2.637762e-10
794 1.527465e-10
795 6.632017e-08
796 5.673214e-08
797 4.465270e-08
798 3.256572e-08
799 2.247744e-08
800 1.476733e-08
801 9.084990e-09
802 5.441804e-09
803 3.270353e-09
804 2.005238e-09
805 1.259139e-09
806 7.997278e-10
807 5.031947e-10
808 3.074342e-10
809 1.797457e-10
810 7.571205e-08
811 6.620582e-08
812 5.331655e-08
813 3.964379e-08
814 2.772152e-08
815 1.847178e-08
816 1.155485e-08
817 6.904442e-09
818 4.125143e-09
819 2.492121e-09
820 1.541257e-09
821 9.689153e-10
822 6.079799e-10
823 3.732302e-10
824 2.206383e-10
825 6.007075e-07
826 4.387126e-07
827 3.250387e-07
828 2.022802e-07
829 1.232115e-07
830 7.299408e-08
831 4.457440e-08
832 2.859814e-08
833 1.930668e-08
834 0.000000e+00
835 0.000000e+00
836 0.000000e+00
837 0.000000e+00
838 0.000000e+00
839 0.000000e+00
840 9.065707e-07
841 6.622023e-07
842 4.911672e-07
843 3.089375e-07
844 1.877686e-07
845 1.110978e-07
846 6.772079e-08
847 4.329594e-08
848 2.915418e-08
849 0.000000e+00
850 0.000000e+00
851 0.000000e+00
852 0.000000e+00
853 0.000000e+00
854 0.000000e+00
855 1.068816e-06
856 7.807890e-07
857 5.793173e-07
858 3.657379e-07
859 2.221075e-07
860 1.313633e-07
861 8.002704e-08
862 5.110217e-08
863 3.437986e-08
864 0.000000e+00
865 0.000000e+00
866 0.000000e+00
867 0.000000e+00
868 0.000000e+00
869 0.000000e+00
870 1.189635e-06
871 8.690838e-07
872 6.449370e-07
873 4.079214e-07
874 2.476218e-07
875 1.464252e-07
876 8.917581e-08
877 5.691023e-08
878 3.827040e-08
879 0.000000e+00
880 0.000000e+00
881 0.000000e+00
882 0.000000e+00
883 0.000000e+00
884 0.000000e+00
885 1.265592e-06
886 9.245959e-07
887 6.862009e-07
888 4.345216e-07
889 2.637032e-07
890 1.559155e-07
891 9.493814e-08
892 6.056443e-08
893 4.071677e-08
894 0.000000e+00
895 0.000000e+00
896 0.000000e+00
897 0.000000e+00
898 0.000000e+00
899 0.000000e+00
900 1.340254e-06
901 9.791714e-07
902 7.267555e-07
903 4.605992e-07
904 2.794741e-07
905 1.652263e-07
906 1.005938e-07
907 6.415440e-08
908 4.312107e-08
909 0.000000e+00
910 0.000000e+00
911 0.000000e+00
912 0.000000e+00
913 0.000000e+00
914 0.000000e+00
915 1.392599e-06
916 1.017426e-06
917 7.552056e-07
918 4.789757e-07
919 2.905784e-07
920 1.717771e-07
921 1.045705e-07
922 6.667470e-08
923 4.480710e-08
924 0.000000e+00
925 0.000000e+00
926 0.000000e+00
927 0.000000e+00
928 0.000000e+00
929 0.000000e+00
930 1.452090e-06
931 1.060904e-06
932 7.875180e-07
933 4.997600e-07
934 3.031497e-07
935 1.791969e-07
936 1.090777e-07
937 6.953543e-08
938 4.672297e-08
939 0.000000e+00
940 0.000000e+00
941 0.000000e+00
942 0.000000e+00
943 0.000000e+00
944 0.000000e+00
945 1.511744e-06
946 1.104514e-06
947 8.199321e-07
948 5.206614e-07
949 3.157832e-07
950 1.866527e-07
951 1.136046e-07
952 7.240647e-08
953 4.864453e-08
954 0.000000e+00
955 0.000000e+00
956 0.000000e+00
957 0.000000e+00
958 0.000000e+00
959 0.000000e+00
960 7.281184e-07
961 5.799304e-07
962 4.206550e-07
963 3.154205e-07
964 1.952269e-07
965 1.194619e-07
966 6.943668e-08
967 4.152282e-08
968 2.601850e-08
969 1.722461e-08
970 0.000000e+00
971 0.000000e+00
972 0.000000e+00
973 0.000000e+00
974 0.000000e+00
975 1.101988e-06
976 8.831310e-07
977 6.410964e-07
978 4.803341e-07
979 3.007677e-07
980 1.834137e-07
981 1.065315e-07
982 6.362489e-08
983 3.973773e-08
984 2.623798e-08
985 0.000000e+00
986 0.000000e+00
987 0.000000e+00
988 0.000000e+00
989 0.000000e+00
990 1.369291e-06
991 1.100050e-06
992 7.988476e-07
993 5.983183e-07
994 3.763726e-07
995 2.291939e-07
996 1.330887e-07
997 7.945021e-08
998 4.955787e-08
999 3.268744e-08
1000 0.000000e+00
1001 0.000000e+00
1002 0.000000e+00
1003 0.000000e+00
1004 0.000000e+00
1005 1.550531e-06
1006 1.247260e-06
1007 9.059078e-07
1008 6.783829e-07
1009 4.277532e-07
1010 2.602890e-07
1011 1.511272e-07
1012 9.019659e-08
1013 5.622341e-08
1014 3.706437e-08
1015 0.000000e+00
1016 0.000000e+00
1017 0.000000e+00
1018 0.000000e+00
1019 0.000000e+00
1020 1.716872e-06
1021 1.382247e-06
1022 1.004077e-06
1023 7.518024e-07
1024 4.748168e-07
1025 2.887810e-07
1026 1.676567e-07
1027 1.000463e-07
1028 6.233494e-08
1029 4.107797e-08
1030 0.000000e+00
1031 0.000000e+00
1032 0.000000e+00
1033 0.000000e+00
1034 0.000000e+00
1035 1.849607e-06
1036 1.490109e-06
1037 1.082533e-06
1038 8.104675e-07
1039 5.125063e-07
1040 3.115844e-07
1041 1.808841e-07
1042 1.079263e-07
1043 6.722088e-08
1044 4.428509e-08
1045 0.000000e+00
1046 0.000000e+00
1047 0.000000e+00
1048 0.000000e+00
1049 0.000000e+00
1050 1.983627e-06
1051 1.598885e-06
1052 1.161638e-06
1053 8.696320e-07
1054 5.504350e-07
1055 3.345486e-07
1056 1.942043e-07
1057 1.158633e-07
1058 7.214586e-08
1059 4.751932e-08
1060 0.000000e+00
1061 0.000000e+00
1062 0.000000e+00
1063 0.000000e+00
1064 0.000000e+00
1065 2.127384e-06
1066 1.715660e-06
1067 1.246571e-06
1068 9.331439e-07
1069 5.912047e-07
1070 3.592194e-07
1071 2.085152e-07
1072 1.243895e-07
1073 7.743401e-08
1074 5.099129e-08
1075 0.000000e+00
1076 0.000000e+00
1077 0.000000e+00
1078 0.000000e+00
1079 0.000000e+00
1080 3.083457e-07
1081 2.807818e-07
1082 2.165476e-07
1083 1.565425e-07
1084 1.173725e-07
1085 6.793081e-08
1086 4.166937e-08
1087 2.400713e-08
1088 1.418332e-08
1089 8.818014e-09
1090 0.000000e+00
1091 0.000000e+00
1092 0.000000e+00
1093 0.000000e+00
1094 0.000000e+00
1095 5.029966e-07
1096 4.597493e-07
1097 3.557991e-07
1098 2.570723e-07
1099 1.929829e-07
1100 1.122191e-07
1101 6.898755e-08
1102 3.966704e-08
1103 2.336489e-08
1104 1.449831e-08
1105 0.000000e+00
1106 0.000000e+00
1107 0.000000e+00
1108 0.000000e+00
1109 0.000000e+00
1110 6.450258e-07
1111 5.904794e-07
1112 4.576253e-07
1113 3.305776e-07
1114 2.482800e-07
1115 1.446671e-07
1116 8.901246e-08
1117 5.113994e-08
1118 3.008454e-08
1119 1.865306e-08
1120 0.000000e+00
1121 0.000000e+00
1122 0.000000e+00
1123 0.000000e+00
1124 0.000000e+00
1125 7.708478e-07
1126 7.062614e-07
1127 5.478020e-07
1128 3.956730e-07
1129 2.972484e-07
1130 1.733950e-07
1131 1.067389e-07
1132 6.129743e-08
1133 3.603500e-08
1134 2.233242e-08
1135 0.000000e+00
1136 0.000000e+00
1137 0.000000e+00
1138 0.000000e+00
1139 0.000000e+00
1140 8.779585e-07
1141 8.048740e-07
1142 6.246368e-07
1143 4.511341e-07
1144 3.389737e-07
1145 1.978858e-07
1146 1.218539e-07
1147 6.995641e-08
1148 4.110602e-08
1149 2.546752e-08
1150 0.000000e+00
1151 0.000000e+00
1152 0.000000e+00
1153 0.000000e+00
1154 0.000000e+00
1155 9.799408e-07
1156 8.987394e-07
1157 6.977405e-07
1158 5.039057e-07
1159 3.786717e-07
1160 2.211765e-07
1161 1.362249e-07
1162 7.819132e-08
1163 4.592968e-08
1164 2.845030e-08
1165 0.000000e+00
1166 0.000000e+00
1167 0.000000e+00
1168 0.000000e+00
1169 0.000000e+00
1170 1.093183e-06
1171 1.002982e-06
1172 7.789447e-07
1173 5.625237e-07
1174 4.227699e-07
1175 2.470558e-07
1176 1.521953e-07
1177 8.734160e-08
1178 5.128904e-08
1179 3.176361e-08
1180 0.000000e+00
1181 0.000000e+00
1182 0.000000e+00
1183 0.000000e+00
1184 0.000000e+00
1185 7.662363e-08
1186 7.570668e-08
1187 6.374106e-08
1188 4.658213e-08
1189 3.458366e-08
1190 2.356410e-08
1191 1.388075e-08
1192 7.911716e-09
1193 4.575898e-09
1194 2.702208e-09
1195 1.691456e-09
1196 0.000000e+00
1197 0.000000e+00
1198 0.000000e+00
1199 0.000000e+00
1200 1.279285e-07
1201 1.266912e-07
1202 1.069927e-07
1203 7.830242e-08
1204 5.805530e-08
1205 3.978352e-08
1206 2.334035e-08
1207 1.331867e-08
1208 7.711611e-09
1209 4.547323e-09
1210 2.841651e-09
1211 0.000000e+00
1212 0.000000e+00
1213 0.000000e+00
1214 0.000000e+00
1215 1.742184e-07
1216 1.727176e-07
1217 1.460682e-07
1218 1.069703e-07
1219 7.926200e-08
1220 5.445630e-08
1221 3.189016e-08
1222 1.820756e-08
1223 1.054723e-08
1224 6.215391e-09
1225 3.881054e-09
1226 0.000000e+00
1227 0.000000e+00
1228 0.000000e+00
1229 0.000000e+00
1230 2.150441e-07
1231 2.133175e-07
1232 1.805431e-07
1233 1.322653e-07
1234 9.797183e-08
1235 6.740790e-08
1236 3.943436e-08
1237 2.252183e-08
1238 1.304968e-08
1239 7.687338e-09
1240 4.798119e-09
1241 0.000000e+00
1242 0.000000e+00
1243 0.000000e+00
1244 0.000000e+00
1245 2.527163e-07
1246 2.507759e-07
1247 2.123444e-07
1248 1.555981e-07
1249 1.152309e-07
1250 7.935083e-08
1251 4.639302e-08
1252 2.650101e-08
1253 1.535768e-08
1254 9.045016e-09
1255 5.644080e-09
1256 0.000000e+00
1257 0.000000e+00
1258 0.000000e+00
1259 0.000000e+00
1260 2.953405e-07
1261 2.931613e-07
1262 2.483359e-07
1263 1.820058e-07
1264 1.347640e-07
1265 9.286891e-08
1266 5.426879e-08
1267 3.100460e-08
1268 1.796992e-08
1269 1.058160e-08
1270 6.601495e-09
1271 0.000000e+00
1272 0.000000e+00
1273 0.000000e+00
1274 0.000000e+00
1275 1.434553e-07
1276 1.493916e-07
1277 1.352161e-07
1278 1.034543e-07
1279 7.476855e-08
1280 5.601401e-08
1281 3.165287e-08
1282 1.912113e-08
1283 1.080200e-08
1284 6.237860e-09
1285 3.733933e-09
1286 0.000000e+00
1287 0.000000e+00
1288 0.000000e+00
1289 0.000000e+00
1290 2.587950e-07
1291 2.699861e-07
1292 2.450168e-07
1293 1.879014e-07
1294 1.357255e-07
1295 1.018189e-07
1296 5.767485e-08
1297 3.493931e-08
1298 1.969956e-08
1299 1.135291e-08
1300 6.784225e-09
1301 0.000000e+00
1302 0.000000e+00
1303 0.000000e+00
1304 0.000000e+00
1305 3.667901e-07
1306 3.829638e-07
1307 3.479636e-07
1308 2.671319e-07
1309 1.929081e-07
1310 1.448022e-07
1311 8.211523e-08
1312 4.980711e-08
1313 2.805841e-08
1314 1.615479e-08
1315 9.646448e-09
1316 0.000000e+00
1317 0.000000e+00
1318 0.000000e+00
1319 0.000000e+00
1320 4.644530e-07
1321 4.851226e-07
1322 4.410443e-07
1323 3.387654e-07
1324 2.446091e-07
1325 1.836621e-07
1326 1.042083e-07
1327 6.324608e-08
1328 3.561442e-08
1329 2.049584e-08
1330 1.223410e-08
1331 0.000000e+00
1332 0.000000e+00
1333 0.000000e+00
1334 0.000000e+00
1335 5.763392e-07
1336 6.021666e-07
1337 5.476921e-07
1338 4.208431e-07
1339 3.038475e-07
1340 2.281908e-07
1341 1.295259e-07
1342 7.864703e-08
1343 4.427332e-08
1344 2.547024e-08
1345 1.519917e-08
1346 0.000000e+00
1347 0.000000e+00
1348 0.000000e+00
1349 0.000000e+00
1350 6.321358e-08
1351 6.842493e-08
1352 6.561714e-08
1353 5.317371e-08
1354 3.835690e-08
1355 2.891412e-08
1356 1.806501e-08
1357 1.107436e-08
1358 6.147967e-09
1359 3.385481e-09
1360 1.956550e-09
1361 1.189793e-09
1362 0.000000e+00
1363 0.000000e+00
1364 0.000000e+00
1365 1.218837e-07
1366 1.321282e-07
1367 1.269947e-07
1368 1.031882e-07
1369 7.447845e-08
1370 5.609414e-08
1371 3.526237e-08
1372 2.156038e-08
1373 1.197147e-08
1374 6.594855e-09
1375 3.803442e-09
1376 2.308319e-09
1377 0.000000e+00
1378 0.000000e+00
1379 0.000000e+00
1380 1.757190e-07
1381 1.905962e-07
1382 1.833484e-07
1383 1.491291e-07
1384 1.076615e-07
1385 8.105943e-08
1386 5.107408e-08
1387 3.119655e-08
1388 1.732319e-08
1389 9.544773e-09
1390 5.500423e-09
1391 3.335724e-09
1392 0.000000e+00
1393 0.000000e+00
1394 0.000000e+00
1395 2.379834e-07
1396 2.582211e-07
1397 2.485311e-07
1398 2.022700e-07
1399 1.460456e-07
1400 1.099371e-07
1401 6.936524e-08
1402 4.234353e-08
1403 2.351408e-08
1404 1.295727e-08
1405 7.463419e-09
1406 4.524143e-09
1407 0.000000e+00
1408 0.000000e+00
1409 0.000000e+00
1410 6.685161e-08
1411 7.462656e-08
1412 7.499284e-08
1413 6.444129e-08
1414 4.750524e-08
1415 3.497939e-08
1416 2.466184e-08
1417 1.406167e-08
1418 7.918845e-09
1419 4.481000e-09
1420 2.492307e-09
1421 1.453124e-09
1422 0.000000e+00
1423 0.000000e+00
1424 0.000000e+00
1425 1.289649e-07
1426 1.441351e-07
1427 1.451044e-07
1428 1.249976e-07
1429 9.227908e-08
1430 6.787494e-08
1431 4.804701e-08
1432 2.731910e-08
1433 1.541252e-08
1434 8.720595e-09
1435 4.848083e-09
1436 2.821940e-09
1437 0.000000e+00
1438 0.000000e+00
1439 0.000000e+00
1440 2.025607e-07
1441 2.265052e-07
1442 2.282081e-07
1443 1.968011e-07
1444 1.453787e-07
1445 1.068822e-07
1446 7.579148e-08
1447 4.304238e-08
1448 2.430265e-08
1449 1.374974e-08
1450 7.642530e-09
1451 4.445264e-09
1452 0.000000e+00
1453 0.000000e+00
1454 0.000000e+00
1455 4.008897e-08
1456 4.593975e-08
1457 4.801722e-08
1458 4.362519e-08
1459 3.345130e-08
1460 2.415775e-08
1461 1.814469e-08
1462 1.017169e-08
1463 6.084170e-09
1464 3.333376e-09
1465 1.837553e-09
1466 1.026065e-09
1467 0.000000e+00
1468 0.000000e+00
1469 0.000000e+00
1470 8.722163e-08
1471 1.000705e-07
1472 1.047803e-07
1473 9.544620e-08
1474 7.335894e-08
1475 5.295058e-08
1476 3.982134e-08
1477 2.238363e-08
1478 1.343111e-08
1479 7.345808e-09
1480 4.040897e-09
1481 2.252164e-09
1482 0.000000e+00
1483 0.000000e+00
1484 0.000000e+00
1485 3.671568e-08
1486 4.314515e-08
1487 4.678467e-08
1488 4.491883e-08
1489 3.642314e-08
1490 2.627843e-08
1491 1.982281e-08
1492 1.232917e-08
1493 7.502198e-09
1494 4.071068e-09
1495 2.144202e-09
1496 1.156750e-09
1497 6.440948e-10
1498 0.000000e+00
1499 0.000000e+00
1500 1.554079e-04
1501 1.132392e-04
1502 8.449723e-05
1503 5.322253e-05
1504 3.247786e-05
1505 1.915201e-05
1506 1.164712e-05
1507 7.423847e-06
1508 4.991612e-06
1509 0.000000e+00
1510 0.000000e+00
1511 0.000000e+00
1512 0.000000e+00
1513 0.000000e+00
1514 0.000000e+00
1515 2.550051e-04
1516 2.055366e-04
1517 1.490993e-04
1518 1.118692e-04
1519 7.060317e-05
1520 4.311436e-05
1521 2.496936e-05
1522 1.487513e-05
1523 9.260927e-06
1524 6.101255e-06
1525 0.000000e+00
1526 0.000000e+00
1527 0.000000e+00
1528 0.000000e+00
1529 0.000000e+00
1530 9.231327e-05
1531 8.473238e-05
1532 6.578184e-05
1533 4.747079e-05
1534 3.574475e-05
1535 2.080549e-05
1536 1.284876e-05
1537 7.364476e-06
1538 4.328788e-06
1539 2.680680e-06
1540 0.000000e+00
1541 0.000000e+00
1542 0.000000e+00
1543 0.000000e+00
1544 0.000000e+00
1545 9.216467e-06
1546 9.152262e-06
1547 7.754539e-06
1548 5.681012e-06
1549 4.206282e-06
1550 2.901920e-06
1551 1.694812e-06
1552 9.671600e-07
1553 5.614307e-07
1554 3.302498e-07
1555 2.060219e-07
1556 0.000000e+00
1557 0.000000e+00
1558 0.000000e+00
1559 0.000000e+00
1560 4.749320e-05
1561 4.963836e-05
1562 4.516431e-05
1563 3.470274e-05
1564 2.504649e-05
1565 1.882992e-05
1566 1.066737e-05
1567 6.482833e-06
1568 3.646123e-06
1569 2.100709e-06
1570 1.252910e-06
1571 0.000000e+00
1572 0.000000e+00
1573 0.000000e+00
1574 0.000000e+00
1575 1.135139e-05
1576 1.232019e-05
1577 1.186248e-05
1578 9.656667e-06
1579 6.970862e-06
1580 5.248387e-06
1581 3.312381e-06
1582 2.024147e-06
1583 1.123982e-06
1584 6.182280e-07
1585 3.561848e-07
1586 2.159069e-07
1587 0.000000e+00
1588 0.000000e+00
1589 0.000000e+00
1590 1.196960e-05
1591 1.338823e-05
1592 1.349437e-05
1593 1.164217e-05
1594 8.600291e-06
1595 6.321551e-06
1596 4.487868e-06
1597 2.545841e-06
1598 1.436685e-06
1599 8.139535e-07
1600 4.520693e-07
1601 2.629139e-07
1602 0.000000e+00
1603 0.000000e+00
1604 0.000000e+00
1605 3.639047e-06
1606 4.176484e-06
1607 4.375134e-06
1608 3.987941e-06
1609 3.066277e-06
1610 2.212640e-06
1611 1.665310e-06
1612 9.355009e-07
1613 5.619204e-07
1614 3.070500e-07
1615 1.690138e-07
1616 9.412676e-08
1617 0.000000e+00
1618 0.000000e+00
1619 0.000000e+00
1620 1.500045e-06
1621 1.764027e-06
1622 1.914858e-06
1623 1.841421e-06
1624 1.495767e-06
1625 1.079387e-06
1626 8.139086e-07
1627 5.082006e-07
1628 3.090020e-07
1629 1.677242e-07
1630 8.826237e-08
1631 4.756706e-08
1632 2.644506e-08
1633 0.000000e+00
1634 0.000000e+00
1635 5.214745e-07
1636 6.287892e-07
1637 7.072222e-07
1638 7.178518e-07
1639 6.250682e-07
1640 4.647424e-07
1641 3.407053e-07
1642 2.441292e-07
1643 1.372401e-07
1644 7.694767e-08
1645 4.194699e-08
1646 2.184157e-08
1647 1.147078e-08
1648 0.000000e+00
1649 0.000000e+00
