0 2.044904e-09
1 1.321824e-09
2 8.293846e-10
3 5.239688e-10
4 3.381479e-10
5 2.232804e-10
6 1.485888e-10
7 9.734780e-11
8 6.133662e-11
9 3.654190e-11
10 2.041415e-11
11 1.068718e-11
12 5.288460e-12
13 2.501212e-12
14 1.144502e-12
15 3.504218e-09
16 2.317481e-09
17 1.464182e-09
18 9.128274e-10
19 5.792439e-10
20 3.768397e-10
21 2.501227e-10
22 1.658988e-10
23 1.071948e-10
24 6.605366e-11
25 3.826775e-11
26 2.073174e-11
27 1.054657e-11
28 5.091226e-12
29 2.362473e-12
30 3.956446e-09
31 2.630615e-09
32 1.668025e-09
33 1.036372e-09
34 6.552898e-10
35 4.245539e-10
36 2.813515e-10
37 1.869665e-10
38 1.214472e-10
39 7.536667e-11
40 4.402449e-11
41 2.404015e-11
42 1.230439e-11
43 5.965762e-12
44 2.776005e-12
45 4.214941e-09
46 2.809163e-09
47 1.783870e-09
48 1.106737e-09
49 6.986181e-10
50 4.517511e-10
51 2.991864e-10
52 1.990369e-10
53 1.295765e-10
54 8.068862e-11
55 4.730066e-11
56 2.590876e-11
57 1.329640e-11
58 6.456396e-12
59 3.006669e-12
60 4.395840e-09
61 2.933904e-09
62 1.864533e-09
63 1.155523e-09
64 7.286653e-10
65 4.706661e-10
66 3.116683e-10
67 2.074351e-10
68 1.352358e-10
69 8.436876e-11
70 4.955923e-11
71 2.720482e-11
72 1.398297e-11
73 6.795382e-12
74 3.165590e-12
75 4.506373e-09
76 3.010357e-09
77 1.914595e-09
78 1.185743e-09
79 7.472148e-10
80 4.822225e-10
81 3.192264e-10
82 2.125142e-10
83 1.387279e-10
84 8.667073e-11
85 5.098690e-11
86 2.802395e-11
87 1.441710e-11
88 7.010959e-12
89 3.266891e-12
90 4.620535e-09
91 3.088768e-09
92 1.965082e-09
93 1.216443e-09
94 7.661559e-10
95 4.942656e-10
96 3.271238e-10
97 2.178977e-10
98 1.423357e-10
99 8.901761e-11
100 5.241534e-11
101 2.883963e-11
102 1.484884e-11
103 7.224599e-12
104 3.367196e-12
105 4.648010e-09
106 3.109862e-09
107 1.979586e-09
108 1.224737e-09
109 7.709516e-10
110 4.971054e-10
111 3.289512e-10
112 2.191297e-10
113 1.432160e-10
114 8.963557e-11
115 5.283937e-11
116 2.908608e-11
117 1.498421e-11
118 7.297093e-12
119 3.401719e-12
120 4.726514e-09
121 3.163706e-09
122 2.014040e-09
123 1.245907e-09
124 7.840261e-10
125 5.052462e-10
126 3.342377e-10
127 2.227589e-10
128 1.456329e-10
129 9.122532e-11
130 5.382907e-11
131 2.967057e-11
132 1.529338e-11
133 7.446290e-12
134 3.472316e-12
135 4.880142e-09
136 3.267546e-09
137 2.082004e-09
138 1.287322e-09
139 8.095774e-10
140 5.214353e-10
141 3.449938e-10
142 2.298910e-10
143 1.505091e-10
144 9.436109e-11
145 5.571815e-11
146 3.072895e-11
147 1.585047e-11
148 7.721018e-12
149 3.601225e-12
150 7.685227e-09
151 5.275928e-09
152 3.452528e-09
153 2.148782e-09
154 1.334263e-09
155 8.429349e-10
156 5.482156e-10
157 3.635189e-10
158 2.403422e-10
159 1.544128e-10
160 9.434491e-11
161 5.409441e-11
162 2.899504e-11
163 1.460005e-11
164 6.984513e-12
165 9.699700e-09
166 6.740547e-09
167 4.475893e-09
168 2.812281e-09
169 1.735453e-09
170 1.087052e-09
171 6.994430e-10
172 4.610576e-10
173 3.055356e-10
174 1.982691e-10
175 1.231014e-10
176 7.197321e-11
177 3.935216e-11
178 2.016527e-11
179 9.777923e-12
180 1.085011e-08
181 7.576400e-09
182 5.059445e-09
183 3.191846e-09
184 1.964971e-09
185 1.227132e-09
186 7.859278e-10
187 5.168058e-10
188 3.427323e-10
189 2.232817e-10
190 1.394947e-10
191 8.216635e-11
192 4.526216e-11
193 2.334409e-11
194 1.137460e-11
195 1.163366e-08
196 8.145513e-09
197 5.455856e-09
198 3.449303e-09
199 2.120578e-09
200 1.321985e-09
201 8.445763e-10
202 5.547747e-10
203 3.680666e-10
204 2.402972e-10
205 1.506237e-10
206 8.906907e-11
207 4.925417e-11
208 2.548709e-11
209 1.244979e-11
210 1.216136e-08
211 8.528555e-09
212 5.723220e-09
213 3.623518e-09
214 2.226053e-09
215 1.385785e-09
216 8.840321e-10
217 5.801280e-10
218 3.850164e-10
219 2.517626e-10
220 1.581741e-10
221 9.378386e-11
222 5.198603e-11
223 2.696120e-11
224 1.319020e-11
225 1.264516e-08
226 8.879616e-09
227 5.968211e-09
228 3.781062e-09
229 2.320960e-09
230 1.443808e-09
231 9.202678e-10
232 6.035820e-10
233 4.006752e-10
234 2.622438e-10
235 1.650168e-10
236 9.799224e-11
237 5.442580e-11
238 2.826790e-11
239 1.384544e-11
240 1.286829e-08
241 9.045627e-09
242 6.087450e-09
243 3.861526e-09
244 2.368736e-09
245 1.472640e-09
246 9.375224e-10
247 6.145043e-10
248 4.080324e-10
249 2.672822e-10
250 1.684027e-10
251 1.001867e-10
252 5.573102e-11
253 2.898127e-11
254 1.420860e-11
255 1.322497e-08
256 9.305040e-09
257 6.268823e-09
258 3.978844e-09
259 2.439222e-09
260 1.515765e-09
261 9.640669e-10
262 6.316900e-10
263 4.195397e-10
264 2.750508e-10
265 1.734962e-10
266 1.033569e-10
267 5.756975e-11
268 2.997094e-11
269 1.470364e-11
270 1.381864e-08
271 9.732839e-09
272 6.564283e-09
273 4.169942e-09
274 2.555153e-09
275 1.587470e-09
276 1.008500e-09
277 6.604427e-10
278 4.386117e-10
279 2.877966e-10
280 1.817807e-10
281 1.084493e-10
282 6.048950e-11
283 3.152898e-11
284 1.548247e-11
285 1.346795e-08
286 9.559838e-09
287 6.483546e-09
288 4.175601e-09
289 2.569986e-09
290 1.592929e-09
291 1.005460e-09
292 6.532445e-10
293 4.313193e-10
294 2.826622e-10
295 1.792747e-10
296 1.079239e-10
297 6.097309e-11
298 3.224336e-11
299 1.604902e-11
300 1.591017e-08
301 1.142408e-08
302 7.819447e-09
303 5.093946e-09
304 3.145410e-09
305 1.940122e-09
306 1.214666e-09
307 7.829848e-10
308 5.152263e-10
309 3.384941e-10
310 2.164512e-10
311 1.319155e-10
312 7.561491e-11
313 4.057407e-11
314 2.045495e-11
315 1.756567e-08
316 1.268726e-08
317 8.722897e-09
318 5.715939e-09
319 3.536431e-09
320 2.174944e-09
321 1.356585e-09
322 8.711406e-10
323 5.721495e-10
324 3.763609e-10
325 2.416347e-10
326 1.481489e-10
327 8.551533e-11
328 4.620721e-11
329 2.343534e-11
330 1.872298e-08
331 1.357428e-08
332 9.358216e-09
333 6.153892e-09
334 3.812420e-09
335 2.340662e-09
336 1.456449e-09
337 9.329880e-10
338 6.120800e-10
339 4.029358e-10
340 2.593672e-10
341 1.596315e-10
342 9.254918e-11
343 5.022477e-11
344 2.556688e-11
345 1.973804e-08
346 1.434574e-08
347 9.911190e-09
348 6.534026e-09
349 4.050354e-09
350 2.483936e-09
351 1.543025e-09
352 9.867883e-10
353 6.468160e-10
354 4.260410e-10
355 2.747514e-10
356 1.695378e-10
357 9.858226e-11
358 5.365106e-11
359 2.737691e-11
360 2.031282e-08
361 1.479476e-08
362 1.023748e-08
363 6.761426e-09
364 4.193763e-09
365 2.569699e-09
366 1.594032e-09
367 1.018093e-09
368 6.669230e-10
369 4.395021e-10
370 2.837986e-10
371 1.754806e-10
372 1.022759e-10
373 5.578676e-11
374 2.852025e-11
375 2.108469e-08
376 1.538513e-08
377 1.066075e-08
378 7.052608e-09
379 4.376515e-09
380 2.680450e-09
381 1.660363e-09
382 1.059132e-09
383 6.935636e-10
384 4.572379e-10
385 2.956343e-10
386 1.831211e-10
387 1.069538e-10
388 5.845340e-11
389 2.993237e-11
390 2.226837e-08
391 1.628073e-08
392 1.129671e-08
393 7.487302e-09
394 4.649077e-09
395 2.844729e-09
396 1.760253e-09
397 1.121573e-09
398 7.338253e-10
399 4.840272e-10
400 3.133704e-10
401 1.944895e-10
402 1.138310e-10
403 6.233087e-11
404 3.197245e-11
405 1.971178e-08
406 1.443083e-08
407 1.000827e-08
408 6.630930e-09
409 4.146424e-09
410 2.539415e-09
411 1.574926e-09
412 1.001924e-09
413 6.535639e-10
414 4.293229e-10
415 2.769407e-10
416 1.715103e-10
417 1.003743e-10
418 5.509135e-11
419 2.837078e-11
420 2.245603e-08
421 1.663024e-08
422 1.162193e-08
423 7.764438e-09
424 4.896405e-09
425 2.989688e-09
426 1.846511e-09
427 1.166028e-09
428 7.562805e-10
429 4.962498e-10
430 3.213428e-10
431 2.005835e-10
432 1.186500e-10
433 6.590444e-11
434 3.433382e-11
435 2.441545e-08
436 1.821478e-08
437 1.278655e-08
438 8.587591e-09
439 5.441947e-09
440 3.317581e-09
441 2.044001e-09
442 1.284856e-09
443 8.306619e-10
444 5.446005e-10
445 3.534628e-10
446 2.216877e-10
447 1.319694e-10
448 7.381639e-11
449 3.871271e-11
450 2.609425e-08
451 1.955510e-08
452 1.377033e-08
453 9.277177e-09
454 5.897850e-09
455 3.591892e-09
456 2.209263e-09
457 1.384609e-09
458 8.931382e-10
459 5.853598e-10
460 3.804891e-10
461 2.393745e-10
462 1.430779e-10
463 8.038327e-11
464 4.233171e-11
465 2.714168e-08
466 2.041269e-08
467 1.441091e-08
468 9.732900e-09
469 6.202728e-09
470 3.774698e-09
471 2.318622e-09
472 1.450014e-09
473 9.337450e-10
474 6.117418e-10
475 3.980944e-10
476 2.510525e-10
477 1.505297e-10
478 8.485511e-11
479 4.482759e-11
480 2.844005e-08
481 2.145693e-08
482 1.517885e-08
483 1.027315e-08
484 6.561634e-09
485 3.990826e-09
486 2.448593e-09
487 1.528155e-09
488 9.826866e-10
489 6.435624e-10
490 4.192255e-10
491 2.649194e-10
492 1.592676e-10
493 9.003764e-11
494 4.769578e-11
495 3.034477e-08
496 2.297091e-08
497 1.628272e-08
498 1.104605e-08
499 7.069584e-09
500 4.296396e-09
501 2.632995e-09
502 1.640157e-09
503 1.053056e-09
504 6.894914e-10
505 4.496320e-10
506 2.847409e-10
507 1.716560e-10
508 9.732514e-11
509 5.169056e-11
510 2.629820e-08
511 1.981758e-08
512 1.401243e-08
513 9.462119e-09
514 6.051145e-09
515 3.694069e-09
516 2.269890e-09
517 1.418009e-09
518 9.112235e-10
519 5.954496e-10
520 3.866651e-10
521 2.435692e-10
522 1.460837e-10
523 8.250088e-11
524 4.372371e-11
525 2.921002e-08
526 2.227047e-08
527 1.587384e-08
528 1.079119e-08
529 6.962555e-09
530 4.257268e-09
531 2.606860e-09
532 1.617706e-09
533 1.033246e-09
534 6.729218e-10
535 4.374774e-10
536 2.770413e-10
537 1.675613e-10
538 9.560539e-11
539 5.121590e-11
540 3.164654e-08
541 2.430432e-08
542 1.740977e-08
543 1.188636e-08
544 7.709957e-09
545 4.719219e-09
546 2.883214e-09
547 1.781974e-09
548 1.133643e-09
549 7.369561e-10
550 4.794523e-10
551 3.046194e-10
552 1.851893e-10
553 1.063169e-10
554 5.731686e-11
555 3.326703e-08
556 2.569667e-08
557 1.847819e-08
558 1.265375e-08
559 8.239884e-09
560 5.046776e-09
561 3.078303e-09
562 1.897263e-09
563 1.203603e-09
564 7.812097e-10
565 5.085181e-10
566 3.238842e-10
567 1.976550e-10
568 1.139905e-10
569 6.173786e-11
570 3.518375e-08
571 2.731168e-08
572 1.970114e-08
573 1.352551e-08
574 8.837804e-09
575 5.416635e-09
576 3.299391e-09
577 2.028196e-09
578 1.283619e-09
579 8.320942e-10
580 5.418867e-10
581 3.458489e-10
582 2.117354e-10
583 1.225724e-10
584 6.663976e-11
585 3.790578e-08
586 2.956262e-08
587 2.139611e-08
588 1.472802e-08
589 9.653365e-09
590 5.919731e-09
591 3.601037e-09
592 2.208099e-09
593 1.394136e-09
594 9.025812e-10
595 5.881253e-10
596 3.761481e-10
597 2.310227e-10
598 1.342363e-10
599 7.325358e-11
600 3.312837e-08
601 2.568648e-08
602 1.853709e-08
603 1.271502e-08
604 8.303273e-09
605 5.111810e-09
606 3.113892e-09
607 1.917195e-09
608 1.213026e-09
609 7.850402e-10
610 5.100145e-10
611 3.246875e-10
612 1.983893e-10
613 1.147380e-10
614 6.240387e-11
615 3.646220e-08
616 2.858528e-08
617 2.080389e-08
618 1.435348e-08
619 9.443626e-09
620 5.843833e-09
621 3.548426e-09
622 2.175173e-09
623 1.367591e-09
624 8.811251e-10
625 5.719098e-10
626 3.651807e-10
627 2.245138e-10
628 1.309375e-10
629 7.188946e-11
630 3.879532e-08
631 3.066685e-08
632 2.245495e-08
633 1.555828e-08
634 1.029008e-08
635 6.390592e-09
636 3.871460e-09
637 2.366009e-09
638 1.481197e-09
639 9.510946e-10
640 6.169214e-10
641 3.947774e-10
642 2.437881e-10
643 1.430219e-10
644 7.904051e-11
645 4.144250e-08
646 3.298599e-08
647 2.427498e-08
648 1.687489e-08
649 1.120950e-08
650 6.982280e-09
651 4.221827e-09
652 2.573691e-09
653 1.605305e-09
654 1.028146e-09
655 6.665552e-10
656 4.272888e-10
657 2.648106e-10
658 1.560911e-10
659 8.671185e-11
660 4.510735e-08
661 3.614117e-08
662 2.672788e-08
663 1.864323e-08
664 1.243302e-08
665 7.765962e-09
666 4.687467e-09
667 2.850890e-09
668 1.772010e-09
669 1.131947e-09
670 7.335071e-10
671 4.710265e-10
672 2.929382e-10
673 1.734589e-10
674 9.683760e-11
675 4.074354e-08
676 3.242548e-08
677 2.388954e-08
678 1.661863e-08
679 1.103567e-08
680 6.896294e-09
681 4.174053e-09
682 2.547421e-09
683 1.587431e-09
684 1.015015e-09
685 6.567832e-10
686 4.202775e-10
687 2.601699e-10
688 1.533156e-10
689 8.524231e-11
690 4.392821e-08
691 3.535935e-08
692 2.630388e-08
693 1.841034e-08
694 1.230743e-08
695 7.747335e-09
696 4.681464e-09
697 2.848333e-09
698 1.763376e-09
699 1.120969e-09
700 7.233775e-10
701 4.634860e-10
702 2.882884e-10
703 1.711472e-10
704 9.601089e-11
705 4.742769e-08
706 3.853598e-08
707 2.887691e-08
708 2.031305e-08
709 1.364830e-08
710 8.639607e-09
711 5.213579e-09
712 3.164495e-09
713 1.949343e-09
714 1.233583e-09
715 7.944529e-10
716 5.095355e-10
717 3.181110e-10
718 1.899276e-10
719 1.072714e-10
720 5.216779e-08
721 4.277113e-08
722 3.227014e-08
723 2.280665e-08
724 1.539631e-08
725 9.796553e-09
726 5.904908e-09
727 3.576721e-09
728 2.192589e-09
729 1.381720e-09
730 8.881524e-10
731 5.701762e-10
732 3.572255e-10
733 2.144120e-10
734 1.218592e-10
735 4.804304e-08
736 3.926552e-08
737 2.960446e-08
738 2.091839e-08
739 1.410047e-08
740 8.976458e-09
741 5.429496e-09
742 3.291176e-09
743 2.019419e-09
744 1.272533e-09
745 8.166992e-10
746 5.231004e-10
747 3.269004e-10
748 1.957781e-10
749 1.111108e-10
750 5.255573e-08
751 4.349915e-08
752 3.316664e-08
753 2.361396e-08
754 1.602025e-08
755 1.028760e-08
756 6.233091e-09
757 3.766063e-09
758 2.295455e-09
759 1.436470e-09
760 9.176244e-10
761 5.873557e-10
762 3.682934e-10
763 2.220299e-10
764 1.271270e-10
765 5.854363e-08
766 4.903440e-08
767 3.776130e-08
768 2.707356e-08
769 1.847486e-08
770 1.195446e-08
771 7.253945e-09
772 4.371098e-09
773 2.648103e-09
774 1.646970e-09
775 1.047714e-09
776 6.702436e-10
777 4.215610e-10
778 2.556544e-10
779 1.475253e-10
780 5.840876e-08
781 4.915326e-08
782 3.808125e-08
783 2.743922e-08
784 1.877776e-08
785 1.220355e-08
786 7.447109e-09
787 4.478474e-09
788 2.708532e-09
789 1.677585e-09
790 1.062660e-09
791 6.778088e-10
792 4.259572e-10
793 2.586578e-10
794 1.497463e-10
795 6.617046e-08
796 5.657387e-08
797 4.449921e-08
798 3.243250e-08
799 2.237532e-08
800 1.469461e-08
801 9.033602e-09
802 5.411005e-09
803 3.251968e-09
804 1.995013e-09
805 1.253452e-09
806 7.964656e-10
807 5.012552e-10
808 3.062449e-10
809 1.790076e-10
810 7.685698e-08
811 6.719077e-08
812 5.409446e-08
813 4.021074e-08
814 2.811184e-08
815 1.872873e-08
816 1.171257e-08
817 6.997753e-09
818 4.181218e-09
819 2.526481e-09
820 1.562854e-09
821 9.826999e-10
822 6.167065e-10
823 3.785967e-10
824 2.237954e-10
825 8.127034e-07
826 5.934954e-07
827 4.395738e-07
828 2.727034e-07
829 1.662331e-07
830 9.851064e-08
831 6.018562e-08
832 3.865392e-08
833 2.611503e-08
834 0.000000e+00
835 0.000000e+00
836 0.000000e+00
837 0.000000e+00
838 0.000000e+00
839 0.000000e+00
840 1.261522e-06
841 9.214936e-07
842 6.833954e-07
843 4.296680e-07
844 2.611726e-07
845 1.545347e-07
846 9.420663e-08
847 6.023951e-08
848 4.056836e-08
849 0.000000e+00
850 0.000000e+00
851 0.000000e+00
852 0.000000e+00
853 0.000000e+00
854 0.000000e+00
855 1.507469e-06
856 1.101242e-06
857 8.169912e-07
858 5.156682e-07
859 3.131715e-07
860 1.852273e-07
861 1.128472e-07
862 7.206770e-08
863 4.848888e-08
864 0.000000e+00
865 0.000000e+00
866 0.000000e+00
867 0.000000e+00
868 0.000000e+00
869 0.000000e+00
870 1.673338e-06
871 1.222472e-06
872 9.070854e-07
873 5.736307e-07
874 3.482259e-07
875 2.059208e-07
876 1.254155e-07
877 8.004468e-08
878 5.383059e-08
879 0.000000e+00
880 0.000000e+00
881 0.000000e+00
882 0.000000e+00
883 0.000000e+00
884 0.000000e+00
885 1.789939e-06
886 1.307704e-06
887 9.704305e-07
888 6.144489e-07
889 3.729048e-07
890 2.204850e-07
891 1.342593e-07
892 8.565460e-08
893 5.758625e-08
894 0.000000e+00
895 0.000000e+00
896 0.000000e+00
897 0.000000e+00
898 0.000000e+00
899 0.000000e+00
900 1.891571e-06
901 1.381983e-06
902 1.025630e-06
903 6.499456e-07
904 3.943758e-07
905 2.331580e-07
906 1.419574e-07
907 9.054095e-08
908 6.085934e-08
909 0.000000e+00
910 0.000000e+00
911 0.000000e+00
912 0.000000e+00
913 0.000000e+00
914 0.000000e+00
915 1.950483e-06
916 1.425053e-06
917 1.057657e-06
918 6.706941e-07
919 4.069053e-07
920 2.405482e-07
921 1.464414e-07
922 9.337995e-08
923 6.275745e-08
924 0.000000e+00
925 0.000000e+00
926 0.000000e+00
927 0.000000e+00
928 0.000000e+00
929 0.000000e+00
930 2.028300e-06
931 1.481929e-06
932 1.099926e-06
933 6.979161e-07
934 4.233657e-07
935 2.502642e-07
936 1.523416e-07
937 9.712309e-08
938 6.526372e-08
939 0.000000e+00
940 0.000000e+00
941 0.000000e+00
942 0.000000e+00
943 0.000000e+00
944 0.000000e+00
945 2.146514e-06
946 1.568321e-06
947 1.164117e-06
948 7.391131e-07
949 4.482943e-07
950 2.649811e-07
951 1.612842e-07
952 1.028031e-07
953 6.906972e-08
954 0.000000e+00
955 0.000000e+00
956 0.000000e+00
957 0.000000e+00
958 0.000000e+00
959 0.000000e+00
960 3.154344e-07
961 2.509499e-07
962 1.819760e-07
963 1.365064e-07
964 8.427351e-08
965 5.162629e-08
966 3.000616e-08
967 1.794480e-08
968 1.125145e-08
969 7.452409e-09
970 0.000000e+00
971 0.000000e+00
972 0.000000e+00
973 0.000000e+00
974 0.000000e+00
975 5.042168e-07
976 4.043368e-07
977 2.935359e-07
978 2.199379e-07
979 1.378451e-07
980 8.404940e-08
981 4.881204e-08
982 2.914731e-08
983 1.819880e-08
984 1.201312e-08
985 0.000000e+00
986 0.000000e+00
987 0.000000e+00
988 0.000000e+00
989 0.000000e+00
990 6.282598e-07
991 5.051226e-07
992 3.668449e-07
993 2.747566e-07
994 1.730541e-07
995 1.053505e-07
996 6.116944e-08
997 3.650938e-08
998 2.276425e-08
999 1.501005e-08
1000 0.000000e+00
1001 0.000000e+00
1002 0.000000e+00
1003 0.000000e+00
1004 0.000000e+00
1005 7.194984e-07
1006 5.792823e-07
1007 4.207919e-07
1008 3.150957e-07
1009 1.989782e-07
1010 1.210325e-07
1011 7.026598e-08
1012 4.192839e-08
1013 2.612427e-08
1014 1.721534e-08
1015 0.000000e+00
1016 0.000000e+00
1017 0.000000e+00
1018 0.000000e+00
1019 0.000000e+00
1020 7.944095e-07
1021 6.401416e-07
1022 4.650565e-07
1023 3.481987e-07
1024 2.202273e-07
1025 1.338914e-07
1026 7.772586e-08
1027 4.637277e-08
1028 2.888072e-08
1029 1.902499e-08
1030 0.000000e+00
1031 0.000000e+00
1032 0.000000e+00
1033 0.000000e+00
1034 0.000000e+00
1035 8.474701e-07
1036 6.833294e-07
1037 4.964765e-07
1038 3.716887e-07
1039 2.353592e-07
1040 1.430384e-07
1041 8.303103e-08
1042 4.953258e-08
1043 3.083867e-08
1044 2.030924e-08
1045 0.000000e+00
1046 0.000000e+00
1047 0.000000e+00
1048 0.000000e+00
1049 0.000000e+00
1050 9.073183e-07
1051 7.319670e-07
1052 5.318580e-07
1053 3.981438e-07
1054 2.523575e-07
1055 1.533213e-07
1056 8.899599e-08
1057 5.308619e-08
1058 3.304206e-08
1059 2.175559e-08
1060 0.000000e+00
1061 0.000000e+00
1062 0.000000e+00
1063 0.000000e+00
1064 0.000000e+00
1065 9.894980e-07
1066 7.986779e-07
1067 5.803787e-07
1068 4.344303e-07
1069 2.756254e-07
1070 1.674062e-07
1071 9.716703e-08
1072 5.795462e-08
1073 3.606276e-08
1074 2.373930e-08
1075 0.000000e+00
1076 0.000000e+00
1077 0.000000e+00
1078 0.000000e+00
1079 0.000000e+00
1080 1.468455e-07
1081 1.335117e-07
1082 1.028209e-07
1083 7.434592e-08
1084 5.571340e-08
1085 3.218271e-08
1086 1.972314e-08
1087 1.137267e-08
1088 6.727157e-09
1089 4.185793e-09
1090 0.000000e+00
1091 0.000000e+00
1092 0.000000e+00
1093 0.000000e+00
1094 0.000000e+00
1095 2.513918e-07
1096 2.296890e-07
1097 1.776947e-07
1098 1.283961e-07
1099 9.637179e-08
1100 5.601843e-08
1101 3.443043e-08
1102 1.980102e-08
1103 1.166604e-08
1104 7.240384e-09
1105 0.000000e+00
1106 0.000000e+00
1107 0.000000e+00
1108 0.000000e+00
1109 0.000000e+00
1110 3.295230e-07
1111 3.015973e-07
1112 2.337032e-07
1113 1.688272e-07
1114 1.267853e-07
1115 7.386321e-08
1116 4.544179e-08
1117 2.611045e-08
1118 1.536191e-08
1119 9.525672e-09
1120 0.000000e+00
1121 0.000000e+00
1122 0.000000e+00
1123 0.000000e+00
1124 0.000000e+00
1125 3.915478e-07
1126 3.586644e-07
1127 2.781391e-07
1128 2.009049e-07
1129 1.509141e-07
1130 8.801492e-08
1131 5.417365e-08
1132 3.111407e-08
1133 1.829341e-08
1134 1.133859e-08
1135 0.000000e+00
1136 0.000000e+00
1137 0.000000e+00
1138 0.000000e+00
1139 0.000000e+00
1140 4.397589e-07
1141 4.030492e-07
1142 3.127184e-07
1143 2.258671e-07
1144 1.696920e-07
1145 9.903717e-08
1146 6.097610e-08
1147 3.501126e-08
1148 2.057569e-08
1149 1.274956e-08
1150 0.000000e+00
1151 0.000000e+00
1152 0.000000e+00
1153 0.000000e+00
1154 0.000000e+00
1155 4.904107e-07
1156 4.496593e-07
1157 3.490173e-07
1158 2.520704e-07
1159 1.894030e-07
1160 1.106008e-07
1161 6.811112e-08
1162 3.909970e-08
1163 2.297069e-08
1164 1.423060e-08
1165 0.000000e+00
1166 0.000000e+00
1167 0.000000e+00
1168 0.000000e+00
1169 0.000000e+00
1170 5.562412e-07
1171 5.102155e-07
1172 3.961606e-07
1173 2.861045e-07
1174 2.150006e-07
1175 1.256099e-07
1176 7.737059e-08
1177 4.440676e-08
1178 2.608050e-08
1179 1.615396e-08
1180 0.000000e+00
1181 0.000000e+00
1182 0.000000e+00
1183 0.000000e+00
1184 0.000000e+00
1185 2.252205e-07
1186 2.223442e-07
1187 1.870011e-07
1188 1.365902e-07
1189 1.014562e-07
1190 6.898958e-08
1191 4.069727e-08
1192 2.318661e-08
1193 1.340568e-08
1194 7.920405e-09
1195 4.960742e-09
1196 0.000000e+00
1197 0.000000e+00
1198 0.000000e+00
1199 0.000000e+00
1200 4.090908e-07
1201 4.051533e-07
1202 3.421792e-07
1203 2.504299e-07
1204 1.856709e-07
1205 1.272478e-07
1206 7.464799e-08
1207 4.259773e-08
1208 2.466488e-08
1209 1.454379e-08
1210 9.088224e-09
1211 0.000000e+00
1212 0.000000e+00
1213 0.000000e+00
1214 0.000000e+00
1215 5.518868e-07
1216 5.471456e-07
1217 4.627423e-07
1218 3.388891e-07
1219 2.511023e-07
1220 1.725320e-07
1221 1.010301e-07
1222 5.768447e-08
1223 3.341549e-08
1224 1.969119e-08
1225 1.229535e-08
1226 0.000000e+00
1227 0.000000e+00
1228 0.000000e+00
1229 0.000000e+00
1230 6.681220e-07
1231 6.627531e-07
1232 5.609224e-07
1233 4.109327e-07
1234 3.043866e-07
1235 2.094213e-07
1236 1.225169e-07
1237 6.997258e-08
1238 4.054321e-08
1239 2.388364e-08
1240 1.490723e-08
1241 0.000000e+00
1242 0.000000e+00
1243 0.000000e+00
1244 0.000000e+00
1245 7.858339e-07
1246 7.798037e-07
1247 6.603084e-07
1248 4.838523e-07
1249 3.583242e-07
1250 2.467474e-07
1251 1.442637e-07
1252 8.240831e-08
1253 4.775620e-08
1254 2.812651e-08
1255 1.755098e-08
1256 0.000000e+00
1257 0.000000e+00
1258 0.000000e+00
1259 0.000000e+00
1260 9.340741e-07
1261 9.271926e-07
1262 7.854228e-07
1263 5.756396e-07
1264 4.262255e-07
1265 2.937235e-07
1266 1.716377e-07
1267 9.806116e-08
1268 5.683468e-08
1269 3.346722e-08
1270 2.087894e-08
1271 0.000000e+00
1272 0.000000e+00
1273 0.000000e+00
1274 0.000000e+00
1275 8.233898e-08
1276 8.569777e-08
1277 7.750174e-08
1278 5.925356e-08
1279 4.283138e-08
1280 3.207379e-08
1281 1.811123e-08
1282 1.093120e-08
1283 6.179055e-09
1284 3.570484e-09
1285 2.138393e-09
1286 0.000000e+00
1287 0.000000e+00
1288 0.000000e+00
1289 0.000000e+00
1290 1.508062e-07
1291 1.573023e-07
1292 1.427211e-07
1293 1.094299e-07
1294 7.904779e-08
1295 5.929182e-08
1296 3.358021e-08
1297 2.033812e-08
1298 1.146903e-08
1299 6.610512e-09
1300 3.950894e-09
1301 0.000000e+00
1302 0.000000e+00
1303 0.000000e+00
1304 0.000000e+00
1305 2.076679e-07
1306 2.167829e-07
1307 1.969137e-07
1308 1.511340e-07
1309 1.091480e-07
1310 8.191591e-08
1311 4.644332e-08
1312 2.816198e-08
1313 1.586815e-08
1314 9.137899e-09
1315 5.457458e-09
1316 0.000000e+00
1317 0.000000e+00
1318 0.000000e+00
1319 0.000000e+00
1320 2.637507e-07
1321 2.754395e-07
1322 2.503468e-07
1323 1.922464e-07
1324 1.388219e-07
1325 1.042173e-07
1326 5.912054e-08
1327 3.587175e-08
1328 2.020364e-08
1329 1.162896e-08
1330 6.942583e-09
1331 0.000000e+00
1332 0.000000e+00
1333 0.000000e+00
1334 0.000000e+00
1335 3.328992e-07
1336 3.477538e-07
1337 3.162112e-07
1338 2.429212e-07
1339 1.753981e-07
1340 1.317050e-07
1341 7.474367e-08
1342 4.537162e-08
1343 2.554607e-08
1344 1.469917e-08
1345 8.773118e-09
1346 0.000000e+00
1347 0.000000e+00
1348 0.000000e+00
1349 0.000000e+00
1350 4.683928e-08
1351 5.070302e-08
1352 4.862511e-08
1353 3.940596e-08
1354 2.842493e-08
1355 2.142762e-08
1356 1.338858e-08
1357 8.208542e-09
1358 4.556986e-09
1359 2.508787e-09
1360 1.449916e-09
1361 8.816882e-10
1362 0.000000e+00
1363 0.000000e+00
1364 0.000000e+00
1365 9.022134e-08
1366 9.783980e-08
1367 9.408942e-08
1368 7.649962e-08
1369 5.522214e-08
1370 4.158341e-08
1371 2.617709e-08
1372 1.599653e-08
1373 8.882506e-09
1374 4.893229e-09
1375 2.820785e-09
1376 1.711174e-09
1377 0.000000e+00
1378 0.000000e+00
1379 0.000000e+00
1380 1.315924e-07
1381 1.427906e-07
1382 1.374439e-07
1383 1.118707e-07
1384 8.077543e-08
1385 6.080335e-08
1386 3.837156e-08
1387 2.342255e-08
1388 1.300699e-08
1389 7.167022e-09
1390 4.128031e-09
1391 2.502153e-09
1392 0.000000e+00
1393 0.000000e+00
1394 0.000000e+00
1395 1.816788e-07
1396 1.972072e-07
1397 1.899226e-07
1398 1.546811e-07
1399 1.117020e-07
1400 8.406581e-08
1401 5.312676e-08
1402 3.240903e-08
1403 1.799814e-08
1404 9.918511e-09
1405 5.710065e-09
1406 3.459501e-09
1407 0.000000e+00
1408 0.000000e+00
1409 0.000000e+00
1410 5.468111e-08
1411 6.102075e-08
1412 6.128982e-08
1413 5.263017e-08
1414 3.878270e-08
1415 2.856516e-08
1416 2.011736e-08
1417 1.147925e-08
1418 6.461114e-09
1419 3.656412e-09
1420 2.033882e-09
1421 1.186392e-09
1422 0.000000e+00
1423 0.000000e+00
1424 0.000000e+00
1425 1.120487e-07
1426 1.252327e-07
1427 1.260816e-07
1428 1.086192e-07
1429 8.019077e-08
1430 5.898180e-08
1431 4.175711e-08
1432 2.374055e-08
1433 1.339446e-08
1434 7.578719e-09
1435 4.213208e-09
1436 2.452260e-09
1437 0.000000e+00
1438 0.000000e+00
1439 0.000000e+00
1440 1.794843e-07
1441 2.007102e-07
1442 2.022336e-07
1443 1.744164e-07
1444 1.288507e-07
1445 9.472681e-08
1446 6.718179e-08
1447 3.814923e-08
1448 2.154142e-08
1449 1.218738e-08
1450 6.774029e-09
1451 3.939840e-09
1452 0.000000e+00
1453 0.000000e+00
1454 0.000000e+00
1455 3.757731e-08
1456 4.306668e-08
1457 4.502172e-08
1458 4.091388e-08
1459 3.137833e-08
1460 2.265899e-08
1461 1.702241e-08
1462 9.543098e-09
1463 5.709994e-09
1464 3.127653e-09
1465 1.724116e-09
1466 9.625119e-10
1467 0.000000e+00
1468 0.000000e+00
1469 0.000000e+00
1470 8.601445e-08
1471 9.871574e-08
1472 1.034091e-07
1473 9.426106e-08
1474 7.249101e-08
1475 5.231673e-08
1476 3.935870e-08
1477 2.213736e-08
1478 1.329394e-08
1479 7.267462e-09
1480 3.995910e-09
1481 2.225981e-09
1482 0.000000e+00
1483 0.000000e+00
1484 0.000000e+00
1485 6.850845e-08
1486 8.050661e-08
1487 8.730017e-08
1488 8.382191e-08
1489 6.797105e-08
1490 4.903936e-08
1491 3.699230e-08
1492 2.301001e-08
1493 1.400153e-08
1494 7.597993e-09
1495 4.001536e-09
1496 2.158714e-09
1497 1.201964e-09
1498 0.000000e+00
1499 0.000000e+00
1500 3.080974e-04
1501 2.244939e-04
1502 1.675118e-04
1503 1.054839e-04
1504 6.437533e-05
1505 3.796177e-05
1506 2.308662e-05
1507 1.471660e-05
1508 9.895724e-06
1509 0.000000e+00
1510 0.000000e+00
1511 0.000000e+00
1512 0.000000e+00
1513 0.000000e+00
1514 0.000000e+00
1515 5.426403e-05
1516 4.377472e-05
1517 3.175830e-05
1518 2.382659e-05
1519 1.506054e-05
1520 9.193201e-06
1521 5.323561e-06
1522 3.170821e-06
1523 1.973212e-06
1524 1.299492e-06
1525 0.000000e+00
1526 0.000000e+00
1527 0.000000e+00
1528 0.000000e+00
1529 0.000000e+00
1530 2.349223e-05
1531 2.155751e-05
1532 1.673260e-05
1533 1.207525e-05
1534 9.091789e-06
1535 5.290341e-06
1536 3.266743e-06
1537 1.872613e-06
1538 1.100905e-06
1539 6.818404e-07
1540 0.000000e+00
1541 0.000000e+00
1542 0.000000e+00
1543 0.000000e+00
1544 0.000000e+00
1545 9.068083e-05
1546 9.005033e-05
1547 7.629842e-05
1548 5.589680e-05
1549 4.138640e-05
1550 2.855338e-05
1551 1.667572e-05
1552 9.516152e-06
1553 5.524159e-06
1554 3.249428e-06
1555 2.027095e-06
1556 0.000000e+00
1557 0.000000e+00
1558 0.000000e+00
1559 0.000000e+00
1560 1.556979e-05
1561 1.627014e-05
1562 1.479993e-05
1563 1.136925e-05
1564 8.206129e-06
1565 6.168556e-06
1566 3.493761e-06
1567 2.122697e-06
1568 1.194080e-06
1569 6.880985e-07
1570 4.104633e-07
1571 0.000000e+00
1572 0.000000e+00
1573 0.000000e+00
1574 0.000000e+00
1575 6.544395e-06
1576 7.105875e-06
1577 6.846116e-06
1578 5.577172e-06
1579 4.026622e-06
1580 3.030956e-06
1581 1.916051e-06
1582 1.170059e-06
1583 6.497511e-07
1584 3.574172e-07
1585 2.058087e-07
1586 1.246873e-07
1587 0.000000e+00
1588 0.000000e+00
1589 0.000000e+00
1590 9.269638e-06
1591 1.036884e-05
1592 1.045184e-05
1593 9.018139e-06
1594 6.662291e-06
1595 4.896826e-06
1596 3.477006e-06
1597 1.972175e-06
1598 1.113025e-06
1599 6.305894e-07
1600 3.502199e-07
1601 2.036660e-07
1602 0.000000e+00
1603 0.000000e+00
1604 0.000000e+00
1605 3.528328e-06
1606 4.050742e-06
1607 4.245478e-06
1608 3.872536e-06
1609 2.979388e-06
1610 2.149620e-06
1611 1.618477e-06
1612 9.097938e-07
1613 5.469378e-07
1614 2.987203e-07
1615 1.643464e-07
1616 9.147970e-08
1617 0.000000e+00
1618 0.000000e+00
1619 0.000000e+00
1620 5.251329e-06
1621 6.175982e-06
1622 6.704842e-06
1623 6.448885e-06
1624 5.239367e-06
1625 3.781027e-06
1626 2.850902e-06
1627 1.780944e-06
1628 1.082693e-06
1629 5.877008e-07
1630 3.092694e-07
1631 1.666494e-07
1632 9.263189e-08
1633 0.000000e+00
1634 0.000000e+00
1635 6.638619e-07
1636 8.004795e-07
1637 9.003346e-07
1638 9.138775e-07
1639 7.957648e-07
1640 5.916606e-07
1641 4.337480e-07
1642 3.108050e-07
1643 1.747205e-07
1644 9.796397e-08
1645 5.340361e-08
1646 2.780690e-08
1647 1.460350e-08
1648 0.000000e+00
1649 0.000000e+00
