0 2.245493e-09
1 1.458412e-09
2 9.166958e-10
3 5.776512e-10
4 3.714932e-10
5 2.445575e-10
6 1.626522e-10
7 1.068096e-10
8 6.764175e-11
9 4.059628e-11
10 2.286348e-11
11 1.206656e-11
12 6.007944e-12
13 2.856633e-12
14 1.312380e-12
15 3.820846e-09
16 2.540215e-09
17 1.613185e-09
18 1.005398e-09
19 6.359883e-10
20 4.120463e-10
21 2.727042e-10
22 1.808632e-10
23 1.172489e-10
24 7.269938e-11
25 4.245059e-11
26 2.320733e-11
27 1.190928e-11
28 5.790774e-12
29 2.701749e-12
30 4.298819e-09
31 2.876901e-09
32 1.836774e-09
33 1.143133e-09
34 7.201824e-10
35 4.642186e-10
36 3.063472e-10
37 2.033845e-10
38 1.324794e-10
39 8.276677e-11
40 4.880508e-11
41 2.694738e-11
42 1.395185e-11
43 6.831845e-12
44 3.204057e-12
45 4.591575e-09
46 3.080818e-09
47 1.971459e-09
48 1.226229e-09
49 7.712714e-10
50 4.961306e-10
51 3.269849e-10
52 2.171203e-10
53 1.417230e-10
54 8.882541e-11
55 5.257536e-11
56 2.914866e-11
57 1.514663e-11
58 7.439067e-12
59 3.495294e-12
60 4.807224e-09
61 3.231536e-09
62 2.070839e-09
63 1.287809e-09
64 8.090615e-10
65 5.196837e-10
66 3.422157e-10
67 2.272794e-10
68 1.485313e-10
69 9.330753e-11
70 5.537162e-11
71 3.078062e-11
72 1.603287e-11
73 7.890015e-12
74 3.711862e-12
75 4.948410e-09
76 3.330694e-09
77 2.136248e-09
78 1.328207e-09
79 8.337890e-10
80 5.350782e-10
81 3.521820e-10
82 2.339322e-10
83 1.530176e-10
84 9.626080e-11
85 5.723297e-11
86 3.187077e-11
87 1.662599e-11
88 8.190340e-12
89 3.857149e-12
90 5.064512e-09
91 3.412671e-09
92 2.190583e-09
93 1.361793e-09
94 8.543554e-10
95 5.478581e-10
96 3.604140e-10
97 2.394327e-10
98 1.567170e-10
99 9.870460e-11
100 5.876725e-11
101 3.277275e-11
102 1.712528e-11
103 8.444467e-12
104 3.979313e-12
105 5.204799e-09
106 3.509651e-09
107 2.254266e-09
108 1.400989e-09
109 8.785866e-10
110 5.630549e-10
111 3.702750e-10
112 2.460357e-10
113 1.611401e-10
114 1.015789e-10
115 6.054383e-11
116 3.379523e-11
117 1.767154e-11
118 8.720814e-12
119 4.111142e-12
120 5.259744e-09
121 3.549625e-09
122 2.281626e-09
123 1.417391e-09
124 8.886011e-10
125 5.691339e-10
126 3.741275e-10
127 2.486707e-10
128 1.629706e-10
129 1.028217e-10
130 6.134767e-11
131 3.427920e-11
132 1.794169e-11
133 8.859568e-12
134 4.179196e-12
135 5.452561e-09
136 3.681986e-09
137 2.368684e-09
138 1.471756e-09
139 9.220364e-10
140 5.901895e-10
141 3.878134e-10
142 2.576988e-10
143 1.690169e-10
144 1.067547e-10
145 6.376149e-11
146 3.567656e-11
147 1.868999e-11
148 9.235031e-12
149 4.358486e-12
150 8.112661e-09
151 5.587921e-09
152 3.672106e-09
153 2.293554e-09
154 1.421891e-09
155 8.961974e-10
156 5.809865e-10
157 3.844518e-10
158 2.542552e-10
159 1.637539e-10
160 1.004928e-10
161 5.795340e-11
162 3.125353e-11
163 1.582548e-11
164 7.604476e-12
165 1.009853e-08
166 7.042995e-09
167 4.695208e-09
168 2.963694e-09
169 1.827611e-09
170 1.142580e-09
171 7.326202e-10
172 4.817031e-10
173 3.190126e-10
174 2.073792e-10
175 1.292511e-10
176 7.597449e-11
177 4.179450e-11
178 2.154516e-11
179 1.049992e-11
180 1.126969e-08
181 7.900132e-09
182 5.295234e-09
183 3.357905e-09
184 2.067712e-09
185 1.288873e-09
186 8.225582e-10
187 5.393507e-10
188 3.572340e-10
189 2.330088e-10
190 1.460803e-10
191 8.650203e-11
192 4.795661e-11
193 2.489744e-11
194 1.220224e-11
195 1.213906e-08
196 8.537576e-09
197 5.742729e-09
198 3.652319e-09
199 2.246920e-09
200 1.397774e-09
201 8.896611e-10
202 5.822857e-10
203 3.856897e-10
204 2.520878e-10
205 1.586206e-10
206 9.435106e-11
207 5.255182e-11
208 2.739858e-11
209 1.347301e-11
210 1.273439e-08
211 8.976090e-09
212 6.050476e-09
213 3.855305e-09
214 2.370495e-09
215 1.472878e-09
216 9.357883e-10
217 6.117499e-10
218 4.051988e-10
219 2.651973e-10
220 1.672464e-10
221 9.976887e-11
222 5.573538e-11
223 2.913562e-11
224 1.435942e-11
225 1.323564e-08
226 9.345046e-09
227 6.310538e-09
228 4.026823e-09
229 2.474912e-09
230 1.536211e-09
231 9.746475e-10
232 6.365144e-10
233 4.216143e-10
234 2.762437e-10
235 1.745452e-10
236 1.043511e-10
237 5.843050e-11
238 3.061300e-11
239 1.510808e-11
240 1.375104e-08
241 9.718877e-09
242 6.570631e-09
243 4.197156e-09
244 2.578664e-09
245 1.599620e-09
246 1.013779e-09
247 6.617108e-10
248 4.384156e-10
249 2.874558e-10
250 1.818572e-10
251 1.089008e-10
252 6.107687e-11
253 3.203984e-11
254 1.582618e-11
255 1.404872e-08
256 9.942327e-09
257 6.730232e-09
258 4.304544e-09
259 2.643762e-09
260 1.638445e-09
261 1.037277e-09
262 6.766127e-10
263 4.482726e-10
264 2.941587e-10
265 1.863370e-10
266 1.117590e-10
267 6.277289e-11
268 3.297679e-11
269 1.631175e-11
270 1.473413e-08
271 1.043931e-08
272 7.074838e-09
273 4.528927e-09
274 2.780446e-09
275 1.722572e-09
276 1.089781e-09
277 7.102650e-10
278 4.705331e-10
279 3.089886e-10
280 1.959888e-10
281 1.177309e-10
282 6.625117e-11
283 3.484806e-11
284 1.725541e-11
285 1.364820e-08
286 9.718255e-09
287 6.605452e-09
288 4.266166e-09
289 2.629045e-09
290 1.627750e-09
291 1.025386e-09
292 6.647451e-10
293 4.384770e-10
294 2.874836e-10
295 1.826750e-10
296 1.102999e-10
297 6.254575e-11
298 3.320390e-11
299 1.658551e-11
300 1.594322e-08
301 1.147392e-08
302 7.863988e-09
303 5.133788e-09
304 3.175922e-09
305 1.956796e-09
306 1.223901e-09
307 7.877893e-10
308 5.177356e-10
309 3.401207e-10
310 2.176915e-10
311 1.329146e-10
312 7.637901e-11
313 4.110174e-11
314 2.077861e-11
315 1.768402e-08
316 1.281293e-08
317 8.826099e-09
318 5.799161e-09
319 3.597159e-09
320 2.209905e-09
321 1.376746e-09
322 8.821790e-10
323 5.784685e-10
324 3.803646e-10
325 2.444643e-10
326 1.502288e-10
327 8.699682e-11
328 4.718476e-11
329 2.402092e-11
330 1.890143e-08
331 1.374993e-08
332 9.502537e-09
333 6.266577e-09
334 3.893681e-09
335 2.388290e-09
336 1.484157e-09
337 9.484050e-10
338 6.209772e-10
339 4.085725e-10
340 2.632570e-10
341 1.624140e-10
342 9.448836e-11
343 5.148692e-11
344 2.631803e-11
345 1.993370e-08
346 1.454895e-08
347 1.007742e-08
348 6.664455e-09
349 4.146341e-09
350 2.540185e-09
351 1.575356e-09
352 1.004682e-09
353 6.571022e-10
354 4.325035e-10
355 2.792275e-10
356 1.727763e-10
357 1.008672e-10
358 5.515306e-11
359 2.827983e-11
360 2.092075e-08
361 1.530301e-08
362 1.061654e-08
363 7.034098e-09
364 4.379822e-09
365 2.681522e-09
366 1.660589e-09
367 1.057585e-09
368 6.911876e-10
369 4.551077e-10
370 2.941824e-10
371 1.823939e-10
372 1.067300e-10
373 5.849404e-11
374 3.005034e-11
375 2.158839e-08
376 1.582425e-08
377 1.099518e-08
378 7.298808e-09
379 4.548510e-09
380 2.781998e-09
381 1.721170e-09
382 1.094582e-09
383 7.148616e-10
384 4.708408e-10
385 3.047417e-10
386 1.893101e-10
387 1.110270e-10
388 6.098451e-11
389 3.138961e-11
390 2.287430e-08
391 1.680370e-08
392 1.169355e-08
393 7.777128e-09
394 4.850993e-09
395 2.965224e-09
396 1.832056e-09
397 1.163483e-09
398 7.591902e-10
399 5.002305e-10
400 3.241840e-10
401 2.017778e-10
402 1.185941e-10
403 6.528547e-11
404 3.367200e-11
405 1.930222e-08
406 1.412641e-08
407 9.794218e-09
408 6.487099e-09
409 4.056252e-09
410 2.484484e-09
411 1.541432e-09
412 9.808469e-10
413 6.398348e-10
414 4.202733e-10
415 2.710347e-10
416 1.677823e-10
417 9.815237e-11
418 5.385313e-11
419 2.772629e-11
420 2.201148e-08
421 1.629791e-08
422 1.138847e-08
423 7.606898e-09
424 4.796888e-09
425 2.929385e-09
426 1.809500e-09
427 1.142888e-09
428 7.412802e-10
429 4.863616e-10
430 3.148849e-10
431 1.965066e-10
432 1.162113e-10
433 6.453838e-11
434 3.361916e-11
435 2.393495e-08
436 1.784841e-08
437 1.252804e-08
438 8.411964e-09
439 5.330552e-09
440 3.250784e-09
441 2.003026e-09
442 1.259362e-09
443 8.141494e-10
444 5.337487e-10
445 3.463286e-10
446 2.171433e-10
447 1.292226e-10
448 7.226241e-11
449 3.789342e-11
450 2.557510e-08
451 1.917314e-08
452 1.350667e-08
453 9.101223e-09
454 5.787483e-09
455 3.526207e-09
456 2.168547e-09
457 1.359113e-09
458 8.764137e-10
459 5.742123e-10
460 3.731921e-10
461 2.347843e-10
462 1.403547e-10
463 7.887766e-11
464 4.155749e-11
465 2.708147e-08
466 2.037374e-08
467 1.438405e-08
468 9.714919e-09
469 6.192462e-09
470 3.770601e-09
471 2.315766e-09
472 1.448325e-09
473 9.324649e-10
474 6.107317e-10
475 3.973402e-10
476 2.505348e-10
477 1.502143e-10
478 8.468941e-11
479 4.475452e-11
480 2.818991e-08
481 2.127740e-08
482 1.505559e-08
483 1.019116e-08
484 6.512070e-09
485 3.961666e-09
486 2.430617e-09
487 1.516931e-09
488 9.751028e-10
489 6.384561e-10
490 4.158373e-10
491 2.627599e-10
492 1.579879e-10
493 8.934230e-11
494 4.734037e-11
495 3.013013e-08
496 2.281509e-08
497 1.617933e-08
498 1.097685e-08
499 7.028072e-09
500 4.273699e-09
501 2.619087e-09
502 1.631321e-09
503 1.047029e-09
504 6.852866e-10
505 4.467688e-10
506 2.828934e-10
507 1.705570e-10
508 9.673148e-11
509 5.140171e-11
510 2.580012e-08
511 1.943991e-08
512 1.374468e-08
513 9.280817e-09
514 5.934521e-09
515 3.623316e-09
516 2.226793e-09
517 1.391097e-09
518 8.939410e-10
519 5.841346e-10
520 3.792865e-10
521 2.388932e-10
522 1.432620e-10
523 8.089949e-11
524 4.287286e-11
525 2.862927e-08
526 2.181934e-08
527 1.554850e-08
528 1.056849e-08
529 6.816197e-09
530 4.168234e-09
531 2.552633e-09
532 1.584539e-09
533 1.012159e-09
534 6.592742e-10
535 4.285569e-10
536 2.713270e-10
537 1.640512e-10
538 9.356956e-11
539 5.010936e-11
540 3.106499e-08
541 2.386993e-08
542 1.710483e-08
543 1.168207e-08
544 7.578364e-09
545 4.640520e-09
546 2.834703e-09
547 1.751868e-09
548 1.114265e-09
549 7.241081e-10
550 4.710531e-10
551 2.993071e-10
552 1.820023e-10
553 1.045246e-10
554 5.637592e-11
555 3.321994e-08
556 2.566530e-08
557 1.846087e-08
558 1.264271e-08
559 8.233245e-09
560 5.045268e-09
561 3.077269e-09
562 1.896358e-09
563 1.202926e-09
564 7.805983e-10
565 5.080295e-10
566 3.235395e-10
567 1.974450e-10
568 1.138818e-10
569 6.169377e-11
570 3.491410e-08
571 2.711111e-08
572 1.956624e-08
573 1.343745e-08
574 8.781966e-09
575 5.384633e-09
576 3.279680e-09
577 2.016092e-09
578 1.275530e-09
579 8.265890e-10
580 5.382008e-10
581 3.434876e-10
582 2.103188e-10
583 1.217873e-10
584 6.624077e-11
585 3.767730e-08
586 2.939484e-08
587 2.128357e-08
588 1.465538e-08
589 9.607909e-09
590 5.895482e-09
591 3.586092e-09
592 2.198975e-09
593 1.387837e-09
594 8.982387e-10
595 5.851201e-10
596 3.741943e-10
597 2.298442e-10
598 1.335876e-10
599 7.293119e-11
600 3.238256e-08
601 2.508114e-08
602 1.808139e-08
603 1.239588e-08
604 8.087970e-09
605 4.977247e-09
606 3.032833e-09
607 1.868472e-09
608 1.182900e-09
609 7.658902e-10
610 4.975927e-10
611 3.166673e-10
612 1.933508e-10
613 1.117200e-10
614 6.070049e-11
615 3.571882e-08
616 2.799733e-08
617 2.037203e-08
618 1.405551e-08
619 9.244407e-09
620 5.720508e-09
621 3.473605e-09
622 2.129558e-09
623 1.339105e-09
624 8.628302e-10
625 5.600539e-10
626 3.575947e-10
627 2.198237e-10
628 1.281804e-10
629 7.036209e-11
630 3.860639e-08
631 3.049254e-08
632 2.231416e-08
633 1.545356e-08
634 1.021510e-08
635 6.341927e-09
636 3.843061e-09
637 2.349313e-09
638 1.471215e-09
639 9.450520e-10
640 6.130764e-10
641 3.922373e-10
642 2.421122e-10
643 1.419526e-10
644 7.839691e-11
645 4.098303e-08
646 3.259882e-08
647 2.397792e-08
648 1.666663e-08
649 1.106567e-08
650 6.889925e-09
651 4.167370e-09
652 2.540857e-09
653 1.585414e-09
654 1.015617e-09
655 6.584878e-10
656 4.220664e-10
657 2.614946e-10
658 1.540691e-10
659 8.554528e-11
660 4.464964e-08
661 3.575399e-08
662 2.642165e-08
663 1.842391e-08
664 1.228109e-08
665 7.667586e-09
666 4.629663e-09
667 2.816209e-09
668 1.751177e-09
669 1.119020e-09
670 7.252003e-10
671 4.656185e-10
672 2.894635e-10
673 1.713113e-10
674 9.558265e-11
675 4.011730e-08
676 3.197227e-08
677 2.358634e-08
678 1.642294e-08
679 1.091346e-08
680 6.827381e-09
681 4.131394e-09
682 2.520498e-09
683 1.569235e-09
684 1.002584e-09
685 6.485058e-10
686 4.150506e-10
687 2.570860e-10
688 1.516439e-10
689 8.441017e-11
690 4.393854e-08
691 3.540385e-08
692 2.635526e-08
693 1.845677e-08
694 1.234362e-08
695 7.775932e-09
696 4.698912e-09
697 2.858634e-09
698 1.768617e-09
699 1.123659e-09
700 7.249223e-10
701 4.644608e-10
702 2.889684e-10
703 1.716359e-10
704 9.635049e-11
705 4.721891e-08
706 3.842090e-08
707 2.882799e-08
708 2.029625e-08
709 1.364762e-08
710 8.647966e-09
711 5.219923e-09
712 3.167469e-09
713 1.949370e-09
714 1.232587e-09
715 7.933578e-10
716 5.087959e-10
717 3.177782e-10
718 1.898775e-10
719 1.073578e-10
720 5.203197e-08
721 4.271215e-08
722 3.227829e-08
723 2.283111e-08
724 1.542427e-08
725 9.825560e-09
726 5.924227e-09
727 3.587330e-09
728 2.197240e-09
729 1.383404e-09
730 8.886472e-10
731 5.704036e-10
732 3.574819e-10
733 2.147248e-10
734 1.221665e-10
735 4.872765e-08
736 3.982026e-08
737 3.001338e-08
738 2.120438e-08
739 1.429056e-08
740 9.096177e-09
741 5.501853e-09
742 3.335488e-09
743 2.046692e-09
744 1.289912e-09
745 8.279440e-10
746 5.303031e-10
747 3.313702e-10
748 1.984221e-10
749 1.125884e-10
750 5.303610e-08
751 4.390524e-08
752 3.348104e-08
753 2.384060e-08
754 1.617505e-08
755 1.038766e-08
756 6.293625e-09
757 3.802930e-09
758 2.317513e-09
759 1.450114e-09
760 9.263412e-10
761 5.929365e-10
762 3.718155e-10
763 2.241741e-10
764 1.283688e-10
765 5.912080e-08
766 4.951054e-08
767 3.812795e-08
768 2.733299e-08
769 1.864952e-08
770 1.206677e-08
771 7.321115e-09
772 4.411742e-09
773 2.672801e-09
774 1.662477e-09
775 1.057660e-09
776 6.766414e-10
777 4.255898e-10
778 2.580902e-10
779 1.489213e-10
780 5.871846e-08
781 4.946296e-08
782 3.835708e-08
783 2.765821e-08
784 1.893681e-08
785 1.231464e-08
786 7.518369e-09
787 4.520443e-09
788 2.732676e-09
789 1.691594e-09
790 1.070963e-09
791 6.829433e-10
792 4.292283e-10
793 2.607456e-10
794 1.510466e-10
795 6.658731e-08
796 5.697959e-08
797 4.484733e-08
798 3.270448e-08
799 2.257188e-08
800 1.483111e-08
801 9.121598e-09
802 5.462422e-09
803 3.281897e-09
804 2.012507e-09
805 1.263907e-09
806 8.029257e-10
807 5.053350e-10
808 3.088194e-10
809 1.805937e-10
810 7.737720e-08
811 6.767500e-08
812 5.450826e-08
813 4.053271e-08
814 2.834329e-08
815 1.888775e-08
816 1.181551e-08
817 7.058648e-09
818 4.217245e-09
819 2.547559e-09
820 1.575456e-09
821 9.904494e-10
822 6.215486e-10
823 3.816094e-10
824 2.256255e-10
825 8.224345e-07
826 6.005923e-07
827 4.451835e-07
828 2.772026e-07
829 1.688600e-07
830 1.000232e-07
831 6.106447e-08
832 3.916461e-08
833 2.643342e-08
834 0.000000e+00
835 0.000000e+00
836 0.000000e+00
837 0.000000e+00
838 0.000000e+00
839 0.000000e+00
840 1.217139e-06
841 8.890843e-07
842 6.596728e-07
843 4.155060e-07
844 2.524634e-07
845 1.493641e-07
846 9.101836e-08
847 5.816000e-08
848 3.914703e-08
849 0.000000e+00
850 0.000000e+00
851 0.000000e+00
852 0.000000e+00
853 0.000000e+00
854 0.000000e+00
855 1.431926e-06
856 1.046085e-06
857 7.763764e-07
858 4.907221e-07
859 2.979243e-07
860 1.762001e-07
861 1.073137e-07
862 6.849627e-08
863 4.606546e-08
864 0.000000e+00
865 0.000000e+00
866 0.000000e+00
867 0.000000e+00
868 0.000000e+00
869 0.000000e+00
870 1.592074e-06
871 1.163155e-06
872 8.633925e-07
873 5.468117e-07
874 3.318244e-07
875 1.962109e-07
876 1.194638e-07
877 7.620331e-08
878 5.122413e-08
879 0.000000e+00
880 0.000000e+00
881 0.000000e+00
882 0.000000e+00
883 0.000000e+00
884 0.000000e+00
885 1.703984e-06
886 1.244960e-06
887 9.241985e-07
888 5.860448e-07
889 3.555319e-07
890 2.102040e-07
891 1.279586e-07
892 8.158979e-08
893 5.482921e-08
894 0.000000e+00
895 0.000000e+00
896 0.000000e+00
897 0.000000e+00
898 0.000000e+00
899 0.000000e+00
900 1.798931e-06
901 1.314368e-06
902 9.757970e-07
903 6.193499e-07
904 3.756540e-07
905 2.220808e-07
906 1.351686e-07
907 8.616132e-08
908 5.788790e-08
909 0.000000e+00
910 0.000000e+00
911 0.000000e+00
912 0.000000e+00
913 0.000000e+00
914 0.000000e+00
915 1.889299e-06
916 1.380423e-06
917 1.024884e-06
918 6.509222e-07
919 3.947462e-07
920 2.333541e-07
921 1.420156e-07
922 9.050709e-08
923 6.079824e-08
924 0.000000e+00
925 0.000000e+00
926 0.000000e+00
927 0.000000e+00
928 0.000000e+00
929 0.000000e+00
930 1.951188e-06
931 1.425671e-06
932 1.058533e-06
933 6.727167e-07
934 4.079055e-07
935 2.411171e-07
936 1.467266e-07
937 9.349027e-08
938 6.279262e-08
939 0.000000e+00
940 0.000000e+00
941 0.000000e+00
942 0.000000e+00
943 0.000000e+00
944 0.000000e+00
945 2.068885e-06
946 1.511697e-06
947 1.122461e-06
948 7.137968e-07
949 4.327502e-07
950 2.557879e-07
951 1.556392e-07
952 9.914867e-08
953 6.658319e-08
954 0.000000e+00
955 0.000000e+00
956 0.000000e+00
957 0.000000e+00
958 0.000000e+00
959 0.000000e+00
960 6.860020e-07
961 5.466453e-07
962 3.964896e-07
963 2.973534e-07
964 1.841438e-07
965 1.127001e-07
966 6.549225e-08
967 3.915380e-08
968 2.452836e-08
969 1.623515e-08
970 0.000000e+00
971 0.000000e+00
972 0.000000e+00
973 0.000000e+00
974 0.000000e+00
975 1.028339e-06
976 8.246652e-07
977 5.986917e-07
978 4.485772e-07
979 2.811738e-07
980 1.714383e-07
981 9.956362e-08
982 5.945131e-08
983 3.711874e-08
984 2.450168e-08
985 0.000000e+00
986 0.000000e+00
987 0.000000e+00
988 0.000000e+00
989 0.000000e+00
990 1.286632e-06
991 1.034576e-06
992 7.513712e-07
993 5.627522e-07
994 3.545173e-07
995 2.158086e-07
996 1.253039e-07
997 7.478585e-08
998 4.662777e-08
999 3.074336e-08
1000 0.000000e+00
1001 0.000000e+00
1002 0.000000e+00
1003 0.000000e+00
1004 0.000000e+00
1005 1.471513e-06
1006 1.184855e-06
1007 8.606947e-07
1008 6.444933e-07
1009 4.070518e-07
1010 2.475864e-07
1011 1.437386e-07
1012 8.576749e-08
1013 5.343692e-08
1014 3.521230e-08
1015 0.000000e+00
1016 0.000000e+00
1017 0.000000e+00
1018 0.000000e+00
1019 0.000000e+00
1020 1.630276e-06
1021 1.313927e-06
1022 9.545876e-07
1023 7.146999e-07
1024 4.521823e-07
1025 2.748842e-07
1026 1.595725e-07
1027 9.519972e-08
1028 5.928501e-08
1029 3.905045e-08
1030 0.000000e+00
1031 0.000000e+00
1032 0.000000e+00
1033 0.000000e+00
1034 0.000000e+00
1035 1.767001e-06
1036 1.424955e-06
1037 1.035346e-06
1038 7.750949e-07
1039 4.909277e-07
1040 2.983352e-07
1041 1.731776e-07
1042 1.033057e-07
1043 6.431340e-08
1044 4.235218e-08
1045 0.000000e+00
1046 0.000000e+00
1047 0.000000e+00
1048 0.000000e+00
1049 0.000000e+00
1050 1.880856e-06
1051 1.517603e-06
1052 1.102746e-06
1053 8.254874e-07
1054 5.233734e-07
1055 3.179483e-07
1056 1.845553e-07
1057 1.100825e-07
1058 6.851287e-08
1059 4.510724e-08
1060 0.000000e+00
1061 0.000000e+00
1062 0.000000e+00
1063 0.000000e+00
1064 0.000000e+00
1065 2.053769e-06
1066 1.657967e-06
1067 1.204833e-06
1068 9.018364e-07
1069 5.723268e-07
1070 3.475830e-07
1071 2.017479e-07
1072 1.203271e-07
1073 7.486884e-08
1074 4.928090e-08
1075 0.000000e+00
1076 0.000000e+00
1077 0.000000e+00
1078 0.000000e+00
1079 0.000000e+00
1080 3.830218e-07
1081 3.481025e-07
1082 2.679962e-07
1083 1.937975e-07
1084 1.451895e-07
1085 8.385267e-08
1086 5.137355e-08
1087 2.963031e-08
1088 1.752954e-08
1089 1.090969e-08
1090 0.000000e+00
1091 0.000000e+00
1092 0.000000e+00
1093 0.000000e+00
1094 0.000000e+00
1095 6.533788e-07
1096 5.966220e-07
1097 4.613301e-07
1098 3.333760e-07
1099 2.501552e-07
1100 1.453315e-07
1101 8.929387e-08
1102 5.136953e-08
1103 3.027509e-08
1104 1.879584e-08
1105 0.000000e+00
1106 0.000000e+00
1107 0.000000e+00
1108 0.000000e+00
1109 0.000000e+00
1110 8.514127e-07
1111 7.787539e-07
1112 6.031076e-07
1113 4.357279e-07
1114 3.271318e-07
1115 1.904576e-07
1116 1.171306e-07
1117 6.732539e-08
1118 3.962579e-08
1119 2.457989e-08
1120 0.000000e+00
1121 0.000000e+00
1122 0.000000e+00
1123 0.000000e+00
1124 0.000000e+00
1125 1.022400e-06
1126 9.360255e-07
1127 7.255147e-07
1128 5.241012e-07
1129 3.935943e-07
1130 2.294217e-07
1131 1.411673e-07
1132 8.110205e-08
1133 4.769899e-08
1134 2.957372e-08
1135 0.000000e+00
1136 0.000000e+00
1137 0.000000e+00
1138 0.000000e+00
1139 0.000000e+00
1140 1.162002e-06
1141 1.064369e-06
1142 8.253866e-07
1143 5.962066e-07
1144 4.478156e-07
1145 2.611966e-07
1146 1.607652e-07
1147 9.233666e-08
1148 5.428452e-08
1149 3.364794e-08
1150 0.000000e+00
1151 0.000000e+00
1152 0.000000e+00
1153 0.000000e+00
1154 0.000000e+00
1155 1.290144e-06
1156 1.182253e-06
1157 9.171724e-07
1158 6.624671e-07
1159 4.976519e-07
1160 2.904230e-07
1161 1.787981e-07
1162 1.026713e-07
1163 6.033909e-08
1164 3.739252e-08
1165 0.000000e+00
1166 0.000000e+00
1167 0.000000e+00
1168 0.000000e+00
1169 0.000000e+00
1170 1.463632e-06
1171 1.341739e-06
1172 1.041259e-06
1173 7.520563e-07
1174 5.650236e-07
1175 3.298968e-07
1176 2.031429e-07
1177 1.166281e-07
1178 6.852105e-08
1179 4.245456e-08
1180 0.000000e+00
1181 0.000000e+00
1182 0.000000e+00
1183 0.000000e+00
1184 0.000000e+00
1185 1.025740e-07
1186 1.011869e-07
1187 8.502010e-08
1188 6.207692e-08
1189 4.612794e-08
1190 3.130808e-08
1191 1.849110e-08
1192 1.053224e-08
1193 6.087133e-09
1194 3.598363e-09
1195 2.254963e-09
1196 0.000000e+00
1197 0.000000e+00
1198 0.000000e+00
1199 0.000000e+00
1200 1.810771e-07
1201 1.791612e-07
1202 1.511274e-07
1203 1.105462e-07
1204 8.200263e-08
1205 5.606973e-08
1206 3.294315e-08
1207 1.879107e-08
1208 1.087607e-08
1209 6.417083e-09
1210 4.012700e-09
1211 0.000000e+00
1212 0.000000e+00
1213 0.000000e+00
1214 0.000000e+00
1215 2.495483e-07
1216 2.471894e-07
1217 2.088226e-07
1218 1.528547e-07
1219 1.133132e-07
1220 7.769507e-08
1221 4.555892e-08
1222 2.600207e-08
1223 1.505759e-08
1224 8.877962e-09
1225 5.546935e-09
1226 0.000000e+00
1227 0.000000e+00
1228 0.000000e+00
1229 0.000000e+00
1230 3.037418e-07
1231 3.010249e-07
1232 2.544733e-07
1233 1.863284e-07
1234 1.380871e-07
1235 9.479888e-08
1236 5.554014e-08
1237 3.170646e-08
1238 1.836525e-08
1239 1.082472e-08
1240 6.760846e-09
1241 0.000000e+00
1242 0.000000e+00
1243 0.000000e+00
1244 0.000000e+00
1245 3.562219e-07
1246 3.531711e-07
1247 2.987046e-07
1248 2.187670e-07
1249 1.620909e-07
1250 1.113811e-07
1251 6.521241e-08
1252 3.723509e-08
1253 2.157143e-08
1254 1.271148e-08
1255 7.937119e-09
1256 0.000000e+00
1257 0.000000e+00
1258 0.000000e+00
1259 0.000000e+00
1260 4.228742e-07
1261 4.193781e-07
1262 3.548413e-07
1263 2.599283e-07
1264 1.925555e-07
1265 1.324106e-07
1266 7.748544e-08
1267 4.424930e-08
1268 2.563846e-08
1269 1.510538e-08
1270 9.429802e-09
1271 0.000000e+00
1272 0.000000e+00
1273 0.000000e+00
1274 0.000000e+00
1275 4.708971e-08
1276 4.903276e-08
1277 4.437267e-08
1278 3.394356e-08
1279 2.453208e-08
1280 1.837834e-08
1281 1.038178e-08
1282 6.270446e-09
1283 3.542630e-09
1284 2.046360e-09
1285 1.225044e-09
1286 0.000000e+00
1287 0.000000e+00
1288 0.000000e+00
1289 0.000000e+00
1290 9.096304e-08
1291 9.494161e-08
1292 8.622106e-08
1293 6.616138e-08
1294 4.778284e-08
1295 3.585883e-08
1296 2.032431e-08
1297 1.232099e-08
1298 6.943437e-09
1299 3.999523e-09
1300 2.388970e-09
1301 0.000000e+00
1302 0.000000e+00
1303 0.000000e+00
1304 0.000000e+00
1305 1.249920e-07
1306 1.305505e-07
1307 1.186825e-07
1308 9.115533e-08
1309 6.582025e-08
1310 4.941994e-08
1311 2.803847e-08
1312 1.701565e-08
1313 9.582135e-09
1314 5.514832e-09
1315 3.291934e-09
1316 0.000000e+00
1317 0.000000e+00
1318 0.000000e+00
1319 0.000000e+00
1320 1.591412e-07
1321 1.662891e-07
1322 1.512682e-07
1323 1.162479e-07
1324 8.392836e-08
1325 6.303496e-08
1326 3.578486e-08
1327 2.173054e-08
1328 1.223192e-08
1329 7.036309e-09
1330 4.198495e-09
1331 0.000000e+00
1332 0.000000e+00
1333 0.000000e+00
1334 0.000000e+00
1335 2.006570e-07
1336 2.097315e-07
1337 1.908684e-07
1338 1.467362e-07
1339 1.059313e-07
1340 7.957688e-08
1341 4.519383e-08
1342 2.745657e-08
1343 1.545027e-08
1344 8.884574e-09
1345 5.299948e-09
1346 0.000000e+00
1347 0.000000e+00
1348 0.000000e+00
1349 0.000000e+00
1350 1.023140e-07
1351 1.107712e-07
1352 1.062575e-07
1353 8.613646e-08
1354 6.213759e-08
1355 4.683655e-08
1356 2.928422e-08
1357 1.794860e-08
1358 9.964405e-09
1359 5.486243e-09
1360 3.169956e-09
1361 1.927227e-09
1362 0.000000e+00
1363 0.000000e+00
1364 0.000000e+00
1365 1.881700e-07
1366 2.040454e-07
1367 1.962040e-07
1368 1.595042e-07
1369 1.151377e-07
1370 8.670393e-08
1371 5.456652e-08
1372 3.334815e-08
1373 1.851731e-08
1374 1.020101e-08
1375 5.881052e-09
1376 3.567924e-09
1377 0.000000e+00
1378 0.000000e+00
1379 0.000000e+00
1380 2.759987e-07
1381 2.994691e-07
1382 2.882340e-07
1383 2.345830e-07
1384 1.693761e-07
1385 1.275002e-07
1386 8.044704e-08
1387 4.910922e-08
1388 2.727113e-08
1389 1.502693e-08
1390 8.655679e-09
1391 5.246864e-09
1392 0.000000e+00
1393 0.000000e+00
1394 0.000000e+00
1395 3.793262e-07
1396 4.117232e-07
1397 3.964797e-07
1398 3.228759e-07
1399 2.331583e-07
1400 1.754775e-07
1401 1.108704e-07
1402 6.764028e-08
1403 3.756338e-08
1404 2.070069e-08
1405 1.191827e-08
1406 7.221319e-09
1407 0.000000e+00
1408 0.000000e+00
1409 0.000000e+00
1410 4.139198e-08
1411 4.618770e-08
1412 4.638650e-08
1413 3.982718e-08
1414 2.934619e-08
1415 2.161594e-08
1416 1.521980e-08
1417 8.686033e-09
1418 4.888542e-09
1419 2.766407e-09
1420 1.538883e-09
1421 8.977371e-10
1422 0.000000e+00
1423 0.000000e+00
1424 0.000000e+00
1425 8.566279e-08
1426 9.573834e-08
1427 9.638126e-08
1428 8.302639e-08
1429 6.129402e-08
1430 4.508429e-08
1431 3.191369e-08
1432 1.814604e-08
1433 1.023760e-08
1434 5.792367e-09
1435 3.220233e-09
1436 1.874412e-09
1437 0.000000e+00
1438 0.000000e+00
1439 0.000000e+00
1440 1.359004e-07
1441 1.519622e-07
1442 1.531026e-07
1443 1.320281e-07
1444 9.752948e-08
1445 7.170432e-08
1446 5.084415e-08
1447 2.887564e-08
1448 1.630378e-08
1449 9.223987e-09
1450 5.127062e-09
1451 2.982177e-09
1452 0.000000e+00
1453 0.000000e+00
1454 0.000000e+00
1455 5.201375e-08
1456 5.960112e-08
1457 6.229031e-08
1458 5.658455e-08
1459 4.338229e-08
1460 3.133030e-08
1461 2.353086e-08
1462 1.318835e-08
1463 7.887256e-09
1464 4.321561e-09
1465 2.382719e-09
1466 1.330603e-09
1467 0.000000e+00
1468 0.000000e+00
1469 0.000000e+00
1470 1.151388e-07
1471 1.321056e-07
1472 1.383324e-07
1473 1.260229e-07
1474 9.686900e-08
1475 6.991863e-08
1476 5.258465e-08
1477 2.956145e-08
1478 1.774046e-08
1479 9.702018e-09
1480 5.336537e-09
1481 2.974041e-09
1482 0.000000e+00
1483 0.000000e+00
1484 0.000000e+00
1485 4.566685e-08
1486 5.365798e-08
1487 5.817543e-08
1488 5.584231e-08
1489 4.526843e-08
1490 3.265839e-08
1491 2.463741e-08
1492 1.531454e-08
1493 9.320781e-09
1494 5.057724e-09
1495 2.663759e-09
1496 1.437301e-09
1497 8.005073e-10
1498 0.000000e+00
1499 0.000000e+00
1500 2.840277e-04
1501 2.069646e-04
1502 1.544715e-04
1503 9.744042e-05
1504 5.944313e-05
1505 3.504716e-05
1506 2.130849e-05
1507 1.357491e-05
1508 9.123804e-06
1509 0.000000e+00
1510 0.000000e+00
1511 0.000000e+00
1512 0.000000e+00
1513 0.000000e+00
1514 0.000000e+00
1515 2.323143e-04
1516 1.874369e-04
1517 1.359859e-04
1518 1.020230e-04
1519 6.450248e-05
1520 3.937156e-05
1521 2.279854e-05
1522 1.357856e-05
1523 8.449421e-06
1524 5.564252e-06
1525 0.000000e+00
1526 0.000000e+00
1527 0.000000e+00
1528 0.000000e+00
1529 0.000000e+00
1530 1.612670e-04
1531 1.479002e-04
1532 1.147368e-04
1533 8.280812e-05
1534 6.233586e-05
1535 3.624698e-05
1536 2.237543e-05
1537 1.283018e-05
1538 7.545935e-06
1539 4.674970e-06
1540 0.000000e+00
1541 0.000000e+00
1542 0.000000e+00
1543 0.000000e+00
1544 0.000000e+00
1545 1.835965e-05
1546 1.821554e-05
1547 1.541568e-05
1548 1.128763e-05
1549 8.361676e-06
1550 5.756436e-06
1551 3.366947e-06
1552 1.920543e-06
1553 1.114439e-06
1554 6.558972e-07
1555 4.094340e-07
1556 0.000000e+00
1557 0.000000e+00
1558 0.000000e+00
1559 0.000000e+00
1560 5.625866e-06
1561 5.882344e-06
1562 5.355324e-06
1563 4.116992e-06
1564 2.971053e-06
1565 2.234304e-06
1566 1.266420e-06
1567 7.701030e-07
1568 4.329431e-07
1569 2.493315e-07
1570 1.486511e-07
1571 0.000000e+00
1572 0.000000e+00
1573 0.000000e+00
1574 0.000000e+00
1575 2.819213e-05
1576 3.060897e-05
1577 2.948757e-05
1578 2.401949e-05
1579 1.734123e-05
1580 1.305373e-05
1581 8.250071e-06
1582 5.038532e-06
1583 2.797942e-06
1584 1.539072e-06
1585 8.863052e-07
1586 5.370020e-07
1587 0.000000e+00
1588 0.000000e+00
1589 0.000000e+00
1590 5.237219e-06
1591 5.857879e-06
1592 5.904243e-06
1593 5.093695e-06
1594 3.762795e-06
1595 2.765806e-06
1596 1.963484e-06
1597 1.113854e-06
1598 6.285650e-07
1599 3.561145e-07
1600 1.977870e-07
1601 1.150294e-07
1602 0.000000e+00
1603 0.000000e+00
1604 0.000000e+00
1605 6.160274e-06
1606 7.070437e-06
1607 7.407336e-06
1608 6.752609e-06
1609 5.192502e-06
1610 3.746830e-06
1611 2.820180e-06
1612 1.584422e-06
1613 9.518347e-07
1614 5.200698e-07
1615 2.862473e-07
1616 1.594018e-07
1617 0.000000e+00
1618 0.000000e+00
1619 0.000000e+00
1620 2.251132e-06
1621 2.647149e-06
1622 2.873267e-06
1623 2.762741e-06
1624 2.243806e-06
1625 1.619148e-06
1626 1.220965e-06
1627 7.621295e-07
1628 4.634470e-07
1629 2.515502e-07
1630 1.323737e-07
1631 7.134607e-08
1632 3.967022e-08
1633 0.000000e+00
1634 0.000000e+00
1635 4.787941e-07
1636 5.773811e-07
1637 6.494910e-07
1638 6.593892e-07
1639 5.743206e-07
1640 4.270813e-07
1641 3.130600e-07
1642 2.244163e-07
1643 1.261257e-07
1644 7.073280e-08
1645 3.855999e-08
1646 2.007734e-08
1647 1.054231e-08
1648 0.000000e+00
1649 0.000000e+00
