0 2.251850e-09
1 1.464360e-09
2 9.209943e-10
3 5.800166e-10
4 3.727419e-10
5 2.451440e-10
6 1.629915e-10
7 1.070839e-10
8 6.790951e-11
9 4.082233e-11
10 2.303746e-11
11 1.218361e-11
12 6.078875e-12
13 2.893919e-12
14 1.330799e-12
15 3.782723e-09
16 2.517076e-09
17 1.600184e-09
18 9.972428e-10
19 6.305853e-10
20 4.082320e-10
21 2.700322e-10
22 1.790779e-10
23 1.161424e-10
24 7.208486e-11
25 4.214759e-11
26 2.307717e-11
27 1.185990e-11
28 5.774334e-12
29 2.696706e-12
30 4.401270e-09
31 2.948849e-09
32 1.885735e-09
33 1.173992e-09
34 7.391087e-10
35 4.759048e-10
36 3.137717e-10
37 2.082365e-10
38 1.357179e-10
39 8.490955e-11
40 5.015548e-11
41 2.776087e-11
42 1.440711e-11
43 7.070104e-12
44 3.319808e-12
45 4.663150e-09
46 3.134131e-09
47 2.009297e-09
48 1.250384e-09
49 7.857464e-10
50 5.047578e-10
51 3.322958e-10
52 2.205289e-10
53 1.440725e-10
54 9.044501e-11
55 5.367345e-11
56 2.984366e-11
57 1.555295e-11
58 7.657500e-12
59 3.605041e-12
60 4.843020e-09
61 3.260784e-09
62 2.093585e-09
63 1.302729e-09
64 8.177467e-10
65 5.245942e-10
66 3.450255e-10
67 2.290538e-10
68 1.497841e-10
69 9.424039e-11
70 5.605849e-11
71 3.125019e-11
72 1.632275e-11
73 8.052187e-12
74 3.795851e-12
75 5.056229e-09
76 3.408842e-09
77 2.190553e-09
78 1.363013e-09
79 8.549015e-10
80 5.478801e-10
81 3.601389e-10
82 2.391275e-10
83 1.565016e-10
84 9.861902e-11
85 5.876384e-11
86 3.281394e-11
87 1.716822e-11
88 8.480747e-12
89 4.001350e-12
90 5.140639e-09
91 3.469972e-09
92 2.231735e-09
93 1.388391e-09
94 8.702829e-10
95 5.573259e-10
96 3.661841e-10
97 2.431111e-10
98 1.592327e-10
99 1.004440e-10
100 5.994444e-11
101 3.352519e-11
102 1.756377e-11
103 8.683805e-12
104 4.101774e-12
105 5.243005e-09
106 3.541260e-09
107 2.279188e-09
108 1.417670e-09
109 8.882337e-10
110 5.684624e-10
111 3.733378e-10
112 2.479156e-10
113 1.624822e-10
114 1.025904e-10
115 6.129343e-11
116 3.432142e-11
117 1.800022e-11
118 8.906025e-12
119 4.207316e-12
120 5.369197e-09
121 3.629333e-09
122 2.337796e-09
123 1.453597e-09
124 9.104594e-10
125 5.823602e-10
126 3.822941e-10
127 2.539645e-10
128 1.665231e-10
129 1.052273e-10
130 6.293339e-11
131 3.526806e-11
132 1.851208e-11
133 9.167537e-12
134 4.333730e-12
135 5.495368e-09
136 3.717375e-09
137 2.396484e-09
138 1.490399e-09
139 9.328638e-10
140 5.963006e-10
141 3.912824e-10
142 2.598459e-10
143 1.705160e-10
144 1.078739e-10
145 6.458988e-11
146 3.624828e-11
147 1.904853e-11
148 9.438692e-12
149 4.464410e-12
150 7.794208e-09
151 5.365096e-09
152 3.522643e-09
153 2.199898e-09
154 1.364255e-09
155 8.603582e-10
156 5.580448e-10
157 3.693360e-10
158 2.441953e-10
159 1.571647e-10
160 9.635776e-11
161 5.551226e-11
162 2.990887e-11
163 1.513330e-11
164 7.267996e-12
165 1.000878e-08
166 6.977643e-09
167 4.649000e-09
168 2.933730e-09
169 1.809726e-09
170 1.131907e-09
171 7.259634e-10
172 4.774101e-10
173 3.161075e-10
174 2.054035e-10
175 1.279423e-10
176 7.515523e-11
177 4.131935e-11
178 2.129075e-11
179 1.037272e-11
180 1.110410e-08
181 7.785254e-09
182 5.218315e-09
183 3.310121e-09
184 2.038929e-09
185 1.270726e-09
186 8.111909e-10
187 5.316987e-10
188 3.521136e-10
189 2.296414e-10
190 1.439590e-10
191 8.524890e-11
192 4.726947e-11
193 2.454734e-11
194 1.203451e-11
195 1.183190e-08
196 8.321223e-09
197 5.595251e-09
198 3.558900e-09
199 2.190231e-09
200 1.362640e-09
201 8.674423e-10
202 5.677404e-10
203 3.759789e-10
204 2.456705e-10
205 1.545261e-10
206 9.189045e-11
207 5.117578e-11
208 2.668163e-11
209 1.312218e-11
210 1.257108e-08
211 8.860183e-09
212 5.970398e-09
213 3.804425e-09
214 2.340351e-09
215 1.454158e-09
216 9.241410e-10
217 6.041051e-10
218 4.000736e-10
219 2.617653e-10
220 1.650237e-10
221 9.840401e-11
222 5.496111e-11
223 2.872974e-11
224 1.416119e-11
225 1.297255e-08
226 9.158219e-09
227 6.181699e-09
228 3.944844e-09
229 2.425596e-09
230 1.505899e-09
231 9.556182e-10
232 6.240849e-10
233 4.132910e-10
234 2.706896e-10
235 1.709598e-10
236 1.021743e-10
237 5.719931e-11
238 2.996717e-11
239 1.479146e-11
240 1.337572e-08
241 9.453763e-09
242 6.390254e-09
243 4.081562e-09
244 2.509086e-09
245 1.556574e-09
246 9.866583e-10
247 6.439715e-10
248 4.265565e-10
249 2.795858e-10
250 1.768171e-10
251 1.058550e-10
252 5.936290e-11
253 3.114112e-11
254 1.538667e-11
255 1.383337e-08
256 9.789326e-09
257 6.624152e-09
258 4.236810e-09
259 2.603506e-09
260 1.613792e-09
261 1.021875e-09
262 6.665469e-10
263 4.414807e-10
264 2.895959e-10
265 1.833679e-10
266 1.099207e-10
267 6.173676e-11
268 3.243243e-11
269 1.604507e-11
270 1.432531e-08
271 1.014986e-08
272 6.876930e-09
273 4.402251e-09
274 2.704464e-09
275 1.675589e-09
276 1.060215e-09
277 6.909580e-10
278 4.576204e-10
279 3.004016e-10
280 1.904729e-10
281 1.143902e-10
282 6.435435e-11
283 3.385854e-11
284 1.677082e-11
285 1.396102e-08
286 9.938375e-09
287 6.753188e-09
288 4.359984e-09
289 2.687155e-09
290 1.663958e-09
291 1.048461e-09
292 6.798529e-10
293 4.484517e-10
294 2.939759e-10
295 1.867417e-10
296 1.127111e-10
297 6.388792e-11
298 3.390498e-11
299 1.693155e-11
300 1.627462e-08
301 1.171820e-08
302 8.036458e-09
303 5.249069e-09
304 3.248759e-09
305 2.001205e-09
306 1.251295e-09
307 8.050705e-10
308 5.289302e-10
309 3.474718e-10
310 2.224621e-10
311 1.358981e-10
312 7.814711e-11
313 4.208523e-11
314 2.129191e-11
315 1.781759e-08
316 1.291232e-08
317 8.895690e-09
318 5.845110e-09
319 3.626896e-09
320 2.228127e-09
321 1.388113e-09
322 8.893428e-10
323 5.830733e-10
324 3.833534e-10
325 2.463716e-10
326 1.514060e-10
327 8.768976e-11
328 4.757096e-11
329 2.422437e-11
330 1.928115e-08
331 1.402989e-08
332 9.695284e-09
333 6.392014e-09
334 3.973718e-09
335 2.437515e-09
336 1.514804e-09
337 9.679745e-10
338 6.337005e-10
339 4.168796e-10
340 2.685724e-10
341 1.656792e-10
342 9.638942e-11
343 5.252857e-11
344 2.685645e-11
345 2.018319e-08
346 1.473295e-08
347 1.020496e-08
348 6.748542e-09
349 4.200086e-09
350 2.573466e-09
351 1.596182e-09
352 1.017876e-09
353 6.656028e-10
354 4.380198e-10
355 2.827478e-10
356 1.749351e-10
357 1.021263e-10
358 5.584841e-11
359 2.864193e-11
360 2.103554e-08
361 1.539129e-08
362 1.067916e-08
363 7.076013e-09
364 4.407653e-09
365 2.698561e-09
366 1.671471e-09
367 1.064299e-09
368 6.954275e-10
369 4.578089e-10
370 2.958962e-10
371 1.834555e-10
372 1.073655e-10
373 5.885803e-11
374 3.024871e-11
375 2.196175e-08
376 1.609998e-08
377 1.118808e-08
378 7.427047e-09
379 4.629896e-09
380 2.832062e-09
381 1.752444e-09
382 1.114337e-09
383 7.276411e-10
384 4.791480e-10
385 3.100537e-10
386 1.925863e-10
387 1.129487e-10
388 6.205008e-11
389 3.194767e-11
390 2.298739e-08
391 1.689136e-08
392 1.175665e-08
393 7.819068e-09
394 4.879591e-09
395 2.983011e-09
396 1.843003e-09
397 1.170370e-09
398 7.634904e-10
399 5.029499e-10
400 3.258977e-10
401 2.028384e-10
402 1.192311e-10
403 6.565406e-11
404 3.387145e-11
405 1.978399e-08
406 1.451613e-08
407 1.008179e-08
408 6.690178e-09
409 4.191727e-09
410 2.565628e-09
411 1.590245e-09
412 1.010303e-09
413 6.581376e-10
414 4.321515e-10
415 2.789296e-10
416 1.729767e-10
417 1.014371e-10
418 5.581027e-11
419 2.881148e-11
420 2.227532e-08
421 1.652953e-08
422 1.156754e-08
423 7.737362e-09
424 4.887923e-09
425 2.984527e-09
426 1.842337e-09
427 1.161987e-09
428 7.527725e-10
429 4.936768e-10
430 3.197538e-10
431 1.997907e-10
432 1.183705e-10
433 6.588148e-11
434 3.439623e-11
435 2.455345e-08
436 1.835316e-08
437 1.290323e-08
438 8.675112e-09
439 5.508956e-09
440 3.360102e-09
441 2.068997e-09
442 1.298937e-09
443 8.386125e-10
444 5.494199e-10
445 3.565894e-10
446 2.238297e-10
447 1.334445e-10
448 7.479262e-11
449 3.931537e-11
450 2.607400e-08
451 1.959849e-08
452 1.383068e-08
453 9.334161e-09
454 5.948204e-09
455 3.625487e-09
456 2.228106e-09
457 1.394100e-09
458 8.977238e-10
459 5.876808e-10
460 3.820034e-10
461 2.405974e-10
462 1.441038e-10
463 8.117962e-11
464 4.288288e-11
465 2.745648e-08
466 2.071509e-08
467 1.465704e-08
468 9.915537e-09
469 6.336344e-09
470 3.860102e-09
471 2.368913e-09
472 1.478962e-09
473 9.505580e-10
474 6.219669e-10
475 4.047096e-10
476 2.555006e-10
477 1.535180e-10
478 8.678758e-11
479 4.599872e-11
480 2.892443e-08
481 2.189663e-08
482 1.552542e-08
483 1.052552e-08
484 6.742446e-09
485 4.104740e-09
486 2.516596e-09
487 1.567917e-09
488 1.006073e-09
489 6.580688e-10
490 4.285855e-10
491 2.711418e-10
492 1.633399e-10
493 9.261141e-11
494 4.922162e-11
495 3.058158e-08
496 2.323329e-08
497 1.651331e-08
498 1.122280e-08
499 7.205494e-09
500 4.384947e-09
501 2.685087e-09
502 1.669341e-09
503 1.069398e-09
504 6.990845e-10
505 4.557625e-10
506 2.889386e-10
507 1.745853e-10
508 9.930140e-11
509 5.293549e-11
510 2.568625e-08
511 1.937294e-08
512 1.370937e-08
513 9.261883e-09
514 5.927549e-09
515 3.620057e-09
516 2.223797e-09
517 1.388520e-09
518 8.917594e-10
519 5.825214e-10
520 3.782613e-10
521 2.383564e-10
522 1.430492e-10
523 8.085704e-11
524 4.289498e-11
525 2.884128e-08
526 2.200022e-08
527 1.568666e-08
528 1.066841e-08
529 6.885227e-09
530 4.212270e-09
531 2.578772e-09
532 1.600115e-09
533 1.021581e-09
534 6.651742e-10
535 4.323674e-10
536 2.738113e-10
537 1.656423e-10
538 9.454685e-11
539 5.067617e-11
540 3.107262e-08
541 2.390201e-08
542 1.714189e-08
543 1.171388e-08
544 7.604287e-09
545 4.659811e-09
546 2.845470e-09
547 1.757851e-09
548 1.117386e-09
549 7.257647e-10
550 4.720481e-10
551 2.999972e-10
552 1.825193e-10
553 1.049055e-10
554 5.663681e-11
555 3.304885e-08
556 2.556985e-08
557 1.841344e-08
558 1.261992e-08
559 8.226435e-09
560 5.046010e-09
561 3.076292e-09
562 1.894815e-09
563 1.200862e-09
564 7.787144e-10
565 5.066845e-10
566 3.227759e-10
567 1.971272e-10
568 1.138247e-10
569 6.174531e-11
570 3.511594e-08
571 2.730138e-08
572 1.972445e-08
573 1.355372e-08
574 8.866133e-09
575 5.441975e-09
576 3.313303e-09
577 2.036034e-09
578 1.287117e-09
579 8.335129e-10
580 5.425304e-10
581 3.462964e-10
582 2.121579e-10
583 1.229655e-10
584 6.696061e-11
585 3.748497e-08
586 2.929120e-08
587 2.123685e-08
588 1.463540e-08
589 9.604840e-09
590 5.901013e-09
591 3.587773e-09
592 2.198815e-09
593 1.386443e-09
594 8.965165e-10
595 5.838050e-10
596 3.734264e-10
597 2.295400e-10
598 1.335655e-10
599 7.302544e-11
600 3.296081e-08
601 2.553680e-08
602 1.841495e-08
603 1.262681e-08
604 8.240421e-09
605 5.072315e-09
606 3.090438e-09
607 1.903804e-09
608 1.205026e-09
609 7.800807e-10
610 5.067769e-10
611 3.225243e-10
612 1.969564e-10
613 1.138299e-10
614 6.186535e-11
615 3.607293e-08
616 2.828196e-08
617 2.058430e-08
618 1.420470e-08
619 9.343776e-09
620 5.783830e-09
621 3.511990e-09
622 2.153052e-09
623 1.353620e-09
624 8.719984e-10
625 5.659322e-10
626 3.613354e-10
627 2.221381e-10
628 1.295510e-10
629 7.113197e-11
630 3.878680e-08
631 3.065829e-08
632 2.245094e-08
633 1.555581e-08
634 1.028715e-08
635 6.390889e-09
636 3.872582e-09
637 2.366952e-09
638 1.481497e-09
639 9.512065e-10
640 6.169083e-10
641 3.946926e-10
642 2.436955e-10
643 1.429521e-10
644 7.900128e-11
645 4.159344e-08
646 3.309799e-08
647 2.435708e-08
648 1.693619e-08
649 1.124707e-08
650 7.006953e-09
651 4.238786e-09
652 2.584405e-09
653 1.611999e-09
654 1.032229e-09
655 6.690464e-10
656 4.287689e-10
657 2.656579e-10
658 1.565584e-10
659 8.696338e-11
660 4.483353e-08
661 3.593064e-08
662 2.657448e-08
663 1.854162e-08
664 1.236497e-08
665 7.726551e-09
666 4.665940e-09
667 2.837943e-09
668 1.763637e-09
669 1.126283e-09
670 7.295936e-10
671 4.683759e-10
672 2.912337e-10
673 1.724414e-10
674 9.628234e-11
675 4.016060e-08
676 3.200334e-08
677 2.360785e-08
678 1.643772e-08
679 1.092248e-08
680 6.833002e-09
681 4.135172e-09
682 2.522885e-09
683 1.570795e-09
684 1.003598e-09
685 6.491395e-10
686 4.154309e-10
687 2.573005e-10
688 1.517574e-10
689 8.446703e-11
690 4.376953e-08
691 3.528369e-08
692 2.627683e-08
693 1.840785e-08
694 1.231394e-08
695 7.760118e-09
696 4.689784e-09
697 2.852761e-09
698 1.764522e-09
699 1.120753e-09
700 7.228887e-10
701 4.631357e-10
702 2.881764e-10
703 1.712078e-10
704 9.614404e-11
705 4.747342e-08
706 3.862483e-08
707 2.898254e-08
708 2.040724e-08
709 1.372219e-08
710 8.696164e-09
711 5.251044e-09
712 3.186106e-09
713 1.960866e-09
714 1.239790e-09
715 7.978462e-10
716 5.115778e-10
717 3.194624e-10
718 1.908625e-10
719 1.079115e-10
720 5.177875e-08
721 4.252254e-08
722 3.215258e-08
723 2.275240e-08
724 1.537505e-08
725 9.798257e-09
726 5.911151e-09
727 3.578543e-09
728 2.191299e-09
729 1.379182e-09
730 8.855940e-10
731 5.683083e-10
732 3.561524e-10
733 2.139579e-10
734 1.217704e-10
735 4.834268e-08
736 3.955242e-08
737 2.984387e-08
738 2.110059e-08
739 1.422994e-08
740 9.065612e-09
741 5.484891e-09
742 3.324046e-09
743 2.038386e-09
744 1.283792e-09
745 8.235894e-10
746 5.274524e-10
747 3.296824e-10
748 1.975332e-10
749 1.121803e-10
750 5.308794e-08
751 4.397249e-08
752 3.355307e-08
753 2.390455e-08
754 1.622387e-08
755 1.042386e-08
756 6.318931e-09
757 3.817319e-09
758 2.325726e-09
759 1.454623e-09
760 9.288286e-10
761 5.943837e-10
762 3.727150e-10
763 2.247605e-10
764 1.287546e-10
765 5.864729e-08
766 4.918075e-08
767 3.792508e-08
768 2.722223e-08
769 1.858853e-08
770 1.203970e-08
771 7.312507e-09
772 4.404450e-09
773 2.666968e-09
774 1.657207e-09
775 1.053351e-09
776 6.735346e-10
777 4.236332e-10
778 2.570264e-10
779 1.484384e-10
780 5.914939e-08
781 4.978703e-08
782 3.857995e-08
783 2.780458e-08
784 1.902990e-08
785 1.236855e-08
786 7.549295e-09
787 4.540076e-09
788 2.745545e-09
789 1.700299e-09
790 1.076853e-09
791 6.867860e-10
792 4.315867e-10
793 2.620862e-10
794 1.517461e-10
795 6.643716e-08
796 5.684395e-08
797 4.473656e-08
798 3.262571e-08
799 2.251652e-08
800 1.479355e-08
801 9.099081e-09
802 5.449694e-09
803 3.274569e-09
804 2.008025e-09
805 1.261046e-09
806 8.010565e-10
807 5.041087e-10
808 3.080344e-10
809 1.801139e-10
810 7.656943e-08
811 6.702135e-08
812 5.402762e-08
813 4.020624e-08
814 2.813040e-08
815 1.875526e-08
816 1.174041e-08
817 7.014674e-09
818 4.190071e-09
819 2.529777e-09
820 1.563527e-09
821 9.824733e-10
822 6.164072e-10
823 3.784768e-10
824 2.238432e-10
825 9.256683e-07
826 6.759087e-07
827 5.012030e-07
828 3.120456e-07
829 1.900929e-07
830 1.125995e-07
831 6.873915e-08
832 4.408160e-08
833 2.975047e-08
834 0.000000e+00
835 0.000000e+00
836 0.000000e+00
837 0.000000e+00
838 0.000000e+00
839 0.000000e+00
840 1.424243e-06
841 1.040272e-06
842 7.721116e-07
843 4.863793e-07
844 2.955247e-07
845 1.748303e-07
846 1.065307e-07
847 6.806085e-08
848 4.580686e-08
849 0.000000e+00
850 0.000000e+00
851 0.000000e+00
852 0.000000e+00
853 0.000000e+00
854 0.000000e+00
855 1.674355e-06
856 1.223107e-06
857 9.080521e-07
858 5.741936e-07
859 3.485704e-07
860 2.061368e-07
861 1.255333e-07
862 8.010534e-08
863 5.386421e-08
864 0.000000e+00
865 0.000000e+00
866 0.000000e+00
867 0.000000e+00
868 0.000000e+00
869 0.000000e+00
870 1.837149e-06
871 1.342105e-06
872 9.965246e-07
873 6.313009e-07
874 3.830749e-07
875 2.265014e-07
876 1.378960e-07
877 8.794309e-08
878 5.910872e-08
879 0.000000e+00
880 0.000000e+00
881 0.000000e+00
882 0.000000e+00
883 0.000000e+00
884 0.000000e+00
885 1.990585e-06
886 1.454253e-06
887 1.079887e-06
888 6.849238e-07
889 4.154959e-07
890 2.456428e-07
891 1.495230e-07
892 9.532180e-08
893 6.405021e-08
894 0.000000e+00
895 0.000000e+00
896 0.000000e+00
897 0.000000e+00
898 0.000000e+00
899 0.000000e+00
900 2.085848e-06
901 1.523898e-06
902 1.131677e-06
903 7.184393e-07
904 4.357331e-07
905 2.575831e-07
906 1.567692e-07
907 9.991171e-08
908 6.711970e-08
909 0.000000e+00
910 0.000000e+00
911 0.000000e+00
912 0.000000e+00
913 0.000000e+00
914 0.000000e+00
915 2.175397e-06
916 1.589355e-06
917 1.180345e-06
918 7.498401e-07
919 4.547062e-07
920 2.687815e-07
921 1.635681e-07
922 1.042224e-07
923 7.000432e-08
924 0.000000e+00
925 0.000000e+00
926 0.000000e+00
927 0.000000e+00
928 0.000000e+00
929 0.000000e+00
930 2.272855e-06
931 1.660586e-06
932 1.233302e-06
933 7.839434e-07
934 4.753222e-07
935 2.809519e-07
936 1.709590e-07
937 1.089108e-07
938 7.314330e-08
939 0.000000e+00
940 0.000000e+00
941 0.000000e+00
942 0.000000e+00
943 0.000000e+00
944 0.000000e+00
945 2.380773e-06
946 1.739466e-06
947 1.291943e-06
948 8.217632e-07
949 4.981753e-07
950 2.944418e-07
951 1.791499e-07
952 1.141050e-07
953 7.661924e-08
954 0.000000e+00
955 0.000000e+00
956 0.000000e+00
957 0.000000e+00
958 0.000000e+00
959 0.000000e+00
960 4.286613e-07
961 3.415916e-07
962 2.477513e-07
963 1.858219e-07
964 1.150659e-07
965 7.042790e-08
966 4.092461e-08
967 2.446719e-08
968 1.532720e-08
969 1.014483e-08
970 0.000000e+00
971 0.000000e+00
972 0.000000e+00
973 0.000000e+00
974 0.000000e+00
975 6.529503e-07
976 5.238019e-07
977 3.802672e-07
978 2.849349e-07
979 1.786920e-07
980 1.089392e-07
981 6.326083e-08
982 3.777325e-08
983 2.357921e-08
984 1.556237e-08
985 0.000000e+00
986 0.000000e+00
987 0.000000e+00
988 0.000000e+00
989 0.000000e+00
990 7.980206e-07
991 6.417353e-07
992 4.660541e-07
993 3.490831e-07
994 2.199161e-07
995 1.338791e-07
996 7.772659e-08
997 4.639096e-08
998 2.892250e-08
999 1.906924e-08
1000 0.000000e+00
1001 0.000000e+00
1002 0.000000e+00
1003 0.000000e+00
1004 0.000000e+00
1005 9.216899e-07
1006 7.421490e-07
1007 5.390807e-07
1008 4.037014e-07
1009 2.549477e-07
1010 1.550851e-07
1011 9.002845e-08
1012 5.372057e-08
1013 3.346942e-08
1014 2.205480e-08
1015 0.000000e+00
1016 0.000000e+00
1017 0.000000e+00
1018 0.000000e+00
1019 0.000000e+00
1020 1.012754e-06
1021 8.162182e-07
1022 5.929647e-07
1023 4.439906e-07
1024 2.808712e-07
1025 1.707621e-07
1026 9.912169e-08
1027 5.913724e-08
1028 3.682626e-08
1029 2.425756e-08
1030 0.000000e+00
1031 0.000000e+00
1032 0.000000e+00
1033 0.000000e+00
1034 0.000000e+00
1035 1.091656e-06
1036 8.803454e-07
1037 6.396093e-07
1038 4.788724e-07
1039 3.032826e-07
1040 1.843201e-07
1041 1.069855e-07
1042 6.382224e-08
1043 3.973161e-08
1044 2.616437e-08
1045 0.000000e+00
1046 0.000000e+00
1047 0.000000e+00
1048 0.000000e+00
1049 0.000000e+00
1050 1.173155e-06
1051 9.465566e-07
1052 6.877625e-07
1053 5.148866e-07
1054 3.263960e-07
1055 1.983078e-07
1056 1.150999e-07
1057 6.865662e-08
1058 4.273023e-08
1059 2.813287e-08
1060 0.000000e+00
1061 0.000000e+00
1062 0.000000e+00
1063 0.000000e+00
1064 0.000000e+00
1065 1.267023e-06
1066 1.022842e-06
1067 7.432525e-07
1068 5.563819e-07
1069 3.530509e-07
1070 2.144341e-07
1071 1.244538e-07
1072 7.422960e-08
1073 4.618581e-08
1074 3.040137e-08
1075 0.000000e+00
1076 0.000000e+00
1077 0.000000e+00
1078 0.000000e+00
1079 0.000000e+00
1080 2.039207e-07
1081 1.855906e-07
1082 1.430579e-07
1083 1.034228e-07
1084 7.753469e-08
1085 4.483798e-08
1086 2.749675e-08
1087 1.584636e-08
1088 9.366174e-09
1089 5.824766e-09
1090 0.000000e+00
1091 0.000000e+00
1092 0.000000e+00
1093 0.000000e+00
1094 0.000000e+00
1095 3.284815e-07
1096 3.001675e-07
1097 2.322471e-07
1098 1.678070e-07
1099 1.259662e-07
1100 7.322320e-08
1101 4.501108e-08
1102 2.588369e-08
1103 1.524841e-08
1104 9.463188e-09
1105 0.000000e+00
1106 0.000000e+00
1107 0.000000e+00
1108 0.000000e+00
1109 0.000000e+00
1110 4.303775e-07
1111 3.939019e-07
1112 3.052256e-07
1113 2.204888e-07
1114 1.655930e-07
1115 9.645785e-08
1116 5.934570e-08
1117 3.409901e-08
1118 2.006233e-08
1119 1.244055e-08
1120 0.000000e+00
1121 0.000000e+00
1122 0.000000e+00
1123 0.000000e+00
1124 0.000000e+00
1125 5.122728e-07
1126 4.692901e-07
1127 3.639427e-07
1128 2.628746e-07
1129 1.974793e-07
1130 1.151658e-07
1131 7.089129e-08
1132 4.071411e-08
1133 2.393701e-08
1134 1.483627e-08
1135 0.000000e+00
1136 0.000000e+00
1137 0.000000e+00
1138 0.000000e+00
1139 0.000000e+00
1140 5.805134e-07
1141 5.320831e-07
1142 4.128416e-07
1143 2.981739e-07
1144 2.240336e-07
1145 1.307405e-07
1146 8.050217e-08
1147 4.622120e-08
1148 2.716320e-08
1149 1.683133e-08
1150 0.000000e+00
1151 0.000000e+00
1152 0.000000e+00
1153 0.000000e+00
1154 0.000000e+00
1155 6.490843e-07
1156 5.951685e-07
1157 4.619627e-07
1158 3.336325e-07
1159 2.507062e-07
1160 1.463817e-07
1161 9.015318e-08
1162 5.175178e-08
1163 3.040348e-08
1164 1.883537e-08
1165 0.000000e+00
1166 0.000000e+00
1167 0.000000e+00
1168 0.000000e+00
1169 0.000000e+00
1170 7.297374e-07
1171 6.693810e-07
1172 5.197518e-07
1173 3.753513e-07
1174 2.820875e-07
1175 1.647880e-07
1176 1.015108e-07
1177 5.826009e-08
1178 3.421633e-08
1179 2.119312e-08
1180 0.000000e+00
1181 0.000000e+00
1182 0.000000e+00
1183 0.000000e+00
1184 0.000000e+00
1185 1.160559e-07
1186 1.145449e-07
1187 9.630546e-08
1188 7.033571e-08
1189 5.225041e-08
1190 3.550753e-08
1191 2.095422e-08
1192 1.193744e-08
1193 6.900890e-09
1194 4.078011e-09
1195 2.554644e-09
1196 0.000000e+00
1197 0.000000e+00
1198 0.000000e+00
1199 0.000000e+00
1200 2.018950e-07
1201 1.998038e-07
1202 1.685864e-07
1203 1.233287e-07
1204 9.147430e-08
1205 6.257919e-08
1206 3.675583e-08
1207 2.096683e-08
1208 1.213662e-08
1209 7.159731e-09
1210 4.476444e-09
1211 0.000000e+00
1212 0.000000e+00
1213 0.000000e+00
1214 0.000000e+00
1215 2.751664e-07
1216 2.726174e-07
1217 2.303572e-07
1218 1.686321e-07
1219 1.249968e-07
1220 8.574395e-08
1221 5.026521e-08
1222 2.868899e-08
1223 1.661519e-08
1224 9.794990e-09
1225 6.119178e-09
1226 0.000000e+00
1227 0.000000e+00
1228 0.000000e+00
1229 0.000000e+00
1230 3.349405e-07
1231 3.320121e-07
1232 2.807385e-07
1233 2.055793e-07
1234 1.523376e-07
1235 1.046326e-07
1236 6.128262e-08
1237 3.498618e-08
1238 2.026706e-08
1239 1.194398e-08
1240 7.458954e-09
1241 0.000000e+00
1242 0.000000e+00
1243 0.000000e+00
1244 0.000000e+00
1245 3.940931e-07
1246 3.907863e-07
1247 3.305882e-07
1248 2.421342e-07
1249 1.793901e-07
1250 1.233180e-07
1251 7.218282e-08
1252 4.121644e-08
1253 2.387996e-08
1254 1.407017e-08
1255 8.784508e-09
1256 0.000000e+00
1257 0.000000e+00
1258 0.000000e+00
1259 0.000000e+00
1260 4.644870e-07
1261 4.607321e-07
1262 3.899146e-07
1263 2.856426e-07
1264 2.115849e-07
1265 1.455606e-07
1266 8.515704e-08
1267 4.863203e-08
1268 2.818034e-08
1269 1.660084e-08
1270 1.036220e-08
1271 0.000000e+00
1272 0.000000e+00
1273 0.000000e+00
1274 0.000000e+00
1275 1.173406e-07
1276 1.221773e-07
1277 1.105578e-07
1278 8.456810e-08
1279 6.112110e-08
1280 4.578727e-08
1281 2.586380e-08
1282 1.562034e-08
1283 8.825577e-09
1284 5.098089e-09
1285 3.052107e-09
1286 0.000000e+00
1287 0.000000e+00
1288 0.000000e+00
1289 0.000000e+00
1290 2.200306e-07
1291 2.295968e-07
1292 2.084276e-07
1293 1.598841e-07
1294 1.154792e-07
1295 8.664716e-08
1296 4.909061e-08
1297 2.974859e-08
1298 1.676912e-08
1299 9.662306e-09
1300 5.772805e-09
1301 0.000000e+00
1302 0.000000e+00
1303 0.000000e+00
1304 0.000000e+00
1305 3.034874e-07
1306 3.169082e-07
1307 2.879949e-07
1308 2.211256e-07
1309 1.596775e-07
1310 1.198730e-07
1311 6.798378e-08
1312 4.124341e-08
1313 2.323099e-08
1314 1.337425e-08
1315 7.985154e-09
1316 0.000000e+00
1317 0.000000e+00
1318 0.000000e+00
1319 0.000000e+00
1320 3.851855e-07
1321 4.023759e-07
1322 3.658796e-07
1323 2.810709e-07
1324 2.029420e-07
1325 1.523948e-07
1326 8.647479e-08
1327 5.249269e-08
1328 2.955525e-08
1329 1.700743e-08
1330 1.015071e-08
1331 0.000000e+00
1332 0.000000e+00
1333 0.000000e+00
1334 0.000000e+00
1335 4.831988e-07
1336 5.049190e-07
1337 4.593277e-07
1338 3.529943e-07
1339 2.548503e-07
1340 1.914153e-07
1341 1.086624e-07
1342 6.599143e-08
1343 3.714400e-08
1344 2.136666e-08
1345 1.274895e-08
1346 0.000000e+00
1347 0.000000e+00
1348 0.000000e+00
1349 0.000000e+00
1350 9.380807e-08
1351 1.015766e-07
1352 9.745813e-08
1353 7.902275e-08
1354 5.700832e-08
1355 4.296743e-08
1356 2.687971e-08
1357 1.647166e-08
1358 9.144584e-09
1359 5.034715e-09
1360 2.908571e-09
1361 1.768004e-09
1362 0.000000e+00
1363 0.000000e+00
1364 0.000000e+00
1365 1.735962e-07
1366 1.882555e-07
1367 1.810382e-07
1368 1.471915e-07
1369 1.062512e-07
1370 8.001013e-08
1371 5.036586e-08
1372 3.077928e-08
1373 1.709096e-08
1374 9.414679e-09
1375 5.427364e-09
1376 3.292422e-09
1377 0.000000e+00
1378 0.000000e+00
1379 0.000000e+00
1380 2.514018e-07
1381 2.727850e-07
1382 2.625549e-07
1383 2.136875e-07
1384 1.542873e-07
1385 1.161429e-07
1386 7.328153e-08
1387 4.473721e-08
1388 2.484317e-08
1389 1.368803e-08
1390 7.884543e-09
1391 4.779395e-09
1392 0.000000e+00
1393 0.000000e+00
1394 0.000000e+00
1395 3.453066e-07
1396 3.748071e-07
1397 3.609438e-07
1398 2.939459e-07
1399 2.122654e-07
1400 1.597543e-07
1401 1.009411e-07
1402 6.158435e-08
1403 3.420010e-08
1404 1.884599e-08
1405 1.085035e-08
1406 6.574168e-09
1407 0.000000e+00
1408 0.000000e+00
1409 0.000000e+00
1410 7.007306e-08
1411 7.821731e-08
1412 7.859264e-08
1413 6.752440e-08
1414 4.977301e-08
1415 3.665161e-08
1416 2.583506e-08
1417 1.473272e-08
1418 8.295358e-09
1419 4.694518e-09
1420 2.611017e-09
1421 1.522499e-09
1422 0.000000e+00
1423 0.000000e+00
1424 0.000000e+00
1425 1.378881e-07
1426 1.541173e-07
1427 1.551696e-07
1428 1.336873e-07
1429 9.870080e-08
1430 7.259415e-08
1431 5.140008e-08
1432 2.922049e-08
1433 1.648656e-08
1434 9.328595e-09
1435 5.185858e-09
1436 3.018263e-09
1437 0.000000e+00
1438 0.000000e+00
1439 0.000000e+00
1440 2.202621e-07
1441 2.463182e-07
1442 2.482020e-07
1443 2.140773e-07
1444 1.581550e-07
1445 1.162670e-07
1446 8.246882e-08
1447 4.682546e-08
1448 2.644121e-08
1449 1.496010e-08
1450 8.314883e-09
1451 4.835809e-09
1452 0.000000e+00
1453 0.000000e+00
1454 0.000000e+00
1455 4.580968e-08
1456 5.250415e-08
1457 5.489175e-08
1458 4.988881e-08
1459 3.826542e-08
1460 2.763183e-08
1461 2.075920e-08
1462 1.163938e-08
1463 6.965165e-09
1464 3.814934e-09
1465 2.102768e-09
1466 1.173814e-09
1467 0.000000e+00
1468 0.000000e+00
1469 0.000000e+00
1470 1.035156e-07
1471 1.187967e-07
1472 1.244381e-07
1473 1.134212e-07
1474 8.721920e-08
1475 6.294696e-08
1476 4.735441e-08
1477 2.663185e-08
1478 1.599156e-08
1479 8.742544e-09
1480 4.807343e-09
1481 2.678153e-09
1482 0.000000e+00
1483 0.000000e+00
1484 0.000000e+00
1485 5.645107e-08
1486 6.634379e-08
1487 7.195207e-08
1488 6.910010e-08
1489 5.604701e-08
1490 4.043862e-08
1491 3.050202e-08
1492 1.898404e-08
1493 1.154924e-08
1494 6.267504e-09
1495 3.300946e-09
1496 1.780435e-09
1497 9.911121e-10
1498 0.000000e+00
1499 0.000000e+00
1500 3.829981e-04
1501 2.790938e-04
1502 2.083102e-04
1503 1.314807e-04
1504 8.018428e-05
1505 4.727680e-05
1506 2.874434e-05
1507 1.830857e-05
1508 1.230372e-05
1509 0.000000e+00
1510 0.000000e+00
1511 0.000000e+00
1512 0.000000e+00
1513 0.000000e+00
1514 0.000000e+00
1515 8.995346e-05
1516 7.257437e-05
1517 5.265379e-05
1518 3.950255e-05
1519 2.497448e-05
1520 1.524269e-05
1521 8.826679e-06
1522 5.257651e-06
1523 3.271612e-06
1524 2.154484e-06
1525 0.000000e+00
1526 0.000000e+00
1527 0.000000e+00
1528 0.000000e+00
1529 0.000000e+00
1530 4.083201e-05
1531 3.746951e-05
1532 2.908296e-05
1533 2.098820e-05
1534 1.580235e-05
1535 9.195235e-06
1536 5.677901e-06
1537 3.254823e-06
1538 1.913461e-06
1539 1.185107e-06
1540 0.000000e+00
1541 0.000000e+00
1542 0.000000e+00
1543 0.000000e+00
1544 0.000000e+00
1545 2.253402e-05
1546 2.236040e-05
1547 1.892713e-05
1548 1.385999e-05
1549 1.026634e-05
1550 7.070139e-06
1551 4.134349e-06
1552 2.358458e-06
1553 1.368606e-06
1554 8.054226e-07
1555 5.027198e-07
1556 0.000000e+00
1557 0.000000e+00
1558 0.000000e+00
1559 0.000000e+00
1560 3.304403e-05
1561 3.454025e-05
1562 3.143199e-05
1563 2.415457e-05
1564 1.743296e-05
1565 1.310706e-05
1566 7.426297e-06
1567 4.513884e-06
1568 2.538456e-06
1569 1.462349e-06
1570 8.720966e-07
1571 0.000000e+00
1572 0.000000e+00
1573 0.000000e+00
1574 0.000000e+00
1575 2.365280e-05
1576 2.568059e-05
1577 2.473968e-05
1578 2.015182e-05
1579 1.454895e-05
1580 1.095179e-05
1581 6.921555e-06
1582 4.227166e-06
1583 2.347389e-06
1584 1.291248e-06
1585 7.435912e-07
1586 4.505344e-07
1587 0.000000e+00
1588 0.000000e+00
1589 0.000000e+00
1590 1.389092e-05
1591 1.553823e-05
1592 1.566281e-05
1593 1.351458e-05
1594 9.984252e-06
1595 7.338396e-06
1596 5.210829e-06
1597 2.955548e-06
1598 1.668047e-06
1599 9.450274e-07
1600 5.248556e-07
1601 3.052180e-07
1602 0.000000e+00
1603 0.000000e+00
1604 0.000000e+00
1605 5.016377e-06
1606 5.758702e-06
1607 6.034908e-06
1608 5.503923e-06
1609 4.233972e-06
1610 3.054900e-06
1611 2.299887e-06
1612 1.292652e-06
1613 7.769542e-07
1614 4.243953e-07
1615 2.335118e-07
1616 1.299949e-07
1617 0.000000e+00
1618 0.000000e+00
1619 0.000000e+00
1620 3.393572e-06
1621 3.991129e-06
1622 4.332937e-06
1623 4.167568e-06
1624 3.385983e-06
1625 2.443527e-06
1626 1.842412e-06
1627 1.150982e-06
1628 6.997080e-07
1629 3.798098e-07
1630 1.998730e-07
1631 1.077005e-07
1632 5.986431e-08
1633 0.000000e+00
1634 0.000000e+00
1635 9.009461e-07
1636 1.086445e-06
1637 1.222121e-06
1638 1.240722e-06
1639 1.080637e-06
1640 8.035821e-07
1641 5.890497e-07
1642 4.222463e-07
1643 2.373139e-07
1644 1.330862e-07
1645 7.255241e-08
1646 3.777626e-08
1647 1.983583e-08
1648 0.000000e+00
1649 0.000000e+00
