0 2.189796e-09
1 1.422907e-09
2 8.949339e-10
3 5.638697e-10
4 3.624925e-10
5 2.385242e-10
6 1.585942e-10
7 1.041458e-10
8 6.598457e-11
9 3.962783e-11
10 2.233382e-11
11 1.179970e-11
12 5.883382e-12
13 2.799730e-12
14 1.287359e-12
15 3.773225e-09
16 2.509967e-09
17 1.595708e-09
18 9.948252e-10
19 6.290866e-10
20 4.073286e-10
21 2.694233e-10
22 1.786315e-10
23 1.158194e-10
24 7.185582e-11
25 4.200257e-11
26 2.299390e-11
27 1.181666e-11
28 5.753943e-12
29 2.687428e-12
30 4.284369e-09
31 2.869268e-09
32 1.834251e-09
33 1.142452e-09
34 7.195213e-10
35 4.634816e-10
36 3.056069e-10
37 2.027434e-10
38 1.320765e-10
39 8.256169e-11
40 4.873267e-11
41 2.695485e-11
42 1.398342e-11
43 6.859956e-12
44 3.221432e-12
45 4.591177e-09
46 3.084802e-09
47 1.977510e-09
48 1.231257e-09
49 7.738329e-10
50 4.972189e-10
51 3.273070e-10
52 2.171942e-10
53 1.418142e-10
54 8.899371e-11
55 5.278301e-11
56 2.934014e-11
57 1.528958e-11
58 7.529030e-12
59 3.545076e-12
60 4.806153e-09
61 3.235361e-09
62 2.077143e-09
63 1.293220e-09
64 8.118853e-10
65 5.209364e-10
66 3.425917e-10
67 2.273633e-10
68 1.486203e-10
69 9.346572e-11
70 5.558303e-11
71 3.097992e-11
72 1.618423e-11
73 7.985801e-12
74 3.765498e-12
75 4.930022e-09
76 3.322961e-09
77 2.135502e-09
78 1.329340e-09
79 8.339204e-10
80 5.345449e-10
81 3.513586e-10
82 2.332052e-10
83 1.525678e-10
84 9.610339e-11
85 5.724995e-11
86 3.196733e-11
87 1.672806e-11
88 8.263921e-12
89 3.900218e-12
90 5.054887e-09
91 3.410617e-09
92 2.193491e-09
93 1.365423e-09
94 8.560088e-10
95 5.483067e-10
96 3.602181e-10
97 2.391211e-10
98 1.565450e-10
99 9.871330e-11
100 5.889572e-11
101 3.293394e-11
102 1.725618e-11
103 8.533447e-12
104 4.030504e-12
105 5.147869e-09
106 3.475827e-09
107 2.237091e-09
108 1.392259e-09
109 8.726246e-10
110 5.584907e-10
111 3.667582e-10
112 2.434946e-10
113 1.594926e-10
114 1.006612e-10
115 6.012587e-11
116 3.365909e-11
117 1.765317e-11
118 8.736644e-12
119 4.128754e-12
120 5.272170e-09
121 3.563174e-09
122 2.295012e-09
123 1.427895e-09
124 8.945523e-10
125 5.722401e-10
126 3.756335e-10
127 2.494476e-10
128 1.634867e-10
129 1.032711e-10
130 6.174299e-11
131 3.459858e-11
132 1.816535e-11
133 8.997769e-12
134 4.254158e-12
135 5.443123e-09
136 3.681181e-09
137 2.373109e-09
138 1.476745e-09
139 9.244630e-10
140 5.910480e-10
141 3.877987e-10
142 2.574542e-10
143 1.688715e-10
144 1.067915e-10
145 6.392459e-11
146 3.586980e-11
147 1.885185e-11
148 9.344582e-12
149 4.420810e-12
150 8.046906e-09
151 5.543222e-09
152 3.643136e-09
153 2.277078e-09
154 1.411558e-09
155 8.897750e-10
156 5.766930e-10
157 3.815130e-10
158 2.522388e-10
159 1.624354e-10
160 9.968872e-11
161 5.750251e-11
162 3.102485e-11
163 1.571896e-11
164 7.557798e-12
165 1.005028e-08
166 7.007972e-09
167 4.670364e-09
168 2.949038e-09
169 1.819421e-09
170 1.137706e-09
171 7.295508e-10
172 4.795646e-10
173 3.175007e-10
174 2.063018e-10
175 1.285302e-10
176 7.553128e-11
177 4.154865e-11
178 2.142072e-11
179 1.044167e-11
180 1.133538e-08
181 7.954913e-09
182 5.336030e-09
183 3.389289e-09
184 2.087885e-09
185 1.300825e-09
186 8.294487e-10
187 5.433731e-10
188 3.596952e-10
189 2.346441e-10
190 1.472081e-10
191 8.727697e-11
192 4.846502e-11
193 2.520691e-11
194 1.237475e-11
195 1.219424e-08
196 8.586507e-09
197 5.779328e-09
198 3.681695e-09
199 2.266270e-09
200 1.409474e-09
201 8.962142e-10
202 5.860839e-10
203 3.879634e-10
204 2.535666e-10
205 1.596421e-10
206 9.507107e-11
207 5.304048e-11
208 2.770479e-11
209 1.364806e-11
210 1.274359e-08
211 8.993689e-09
212 6.066871e-09
213 3.871876e-09
214 2.382728e-09
215 1.479864e-09
216 9.394281e-10
217 6.134891e-10
218 4.060795e-10
219 2.657626e-10
220 1.676911e-10
221 1.001544e-10
222 5.604613e-11
223 2.935614e-11
224 1.449547e-11
225 1.325490e-08
226 9.369500e-09
227 6.331037e-09
228 4.046077e-09
229 2.489242e-09
230 1.544469e-09
231 9.791204e-10
232 6.388035e-10
233 4.228151e-10
234 2.769786e-10
235 1.750909e-10
236 1.047925e-10
237 5.877507e-11
238 3.085099e-11
239 1.525757e-11
240 1.365170e-08
241 9.661607e-09
242 6.536782e-09
243 4.182576e-09
244 2.572314e-09
245 1.595026e-09
246 1.009999e-09
247 6.585241e-10
248 4.359532e-10
249 2.857912e-10
250 1.809023e-10
251 1.084615e-10
252 6.093930e-11
253 3.203480e-11
254 1.585604e-11
255 1.412982e-08
256 1.001315e-08
257 6.783151e-09
258 4.344684e-09
259 2.671887e-09
260 1.655276e-09
261 1.047081e-09
262 6.822419e-10
263 4.516074e-10
264 2.962873e-10
265 1.877792e-10
266 1.127585e-10
267 6.345505e-11
268 3.340043e-11
269 1.655580e-11
270 1.476431e-08
271 1.047604e-08
272 7.105609e-09
273 4.556753e-09
274 2.800896e-09
275 1.734400e-09
276 1.096255e-09
277 7.136473e-10
278 4.723482e-10
279 3.101065e-10
280 1.968078e-10
281 1.183915e-10
282 6.674195e-11
283 3.518537e-11
284 1.746234e-11
285 1.347347e-08
286 9.576937e-09
287 6.499372e-09
288 4.189653e-09
289 2.581844e-09
290 1.599700e-09
291 1.009202e-09
292 6.550184e-10
293 4.322206e-10
294 2.832067e-10
295 1.796821e-10
296 1.082611e-10
297 6.124204e-11
298 3.243662e-11
299 1.617125e-11
300 1.595160e-08
301 1.147512e-08
302 7.862824e-09
303 5.130066e-09
304 3.173865e-09
305 1.955844e-09
306 1.223864e-09
307 7.878795e-10
308 5.178978e-10
309 3.401676e-10
310 2.176342e-10
311 1.328090e-10
312 7.627538e-11
313 4.102604e-11
314 2.073359e-11
315 1.761201e-08
316 1.275067e-08
317 8.778726e-09
318 5.762369e-09
319 3.574111e-09
320 2.196602e-09
321 1.369342e-09
322 8.778939e-10
323 5.757583e-10
324 3.785048e-10
325 2.431164e-10
326 1.492687e-10
327 8.635504e-11
328 4.679368e-11
329 2.380505e-11
330 1.871917e-08
331 1.360810e-08
332 9.399071e-09
333 6.191942e-09
334 3.846887e-09
335 2.360657e-09
336 1.468037e-09
337 9.386202e-10
338 6.147229e-10
339 4.043568e-10
340 2.603616e-10
341 1.604706e-10
342 9.325829e-11
343 5.076630e-11
344 2.593028e-11
345 1.971895e-08
346 1.437714e-08
347 9.951082e-09
348 6.573502e-09
349 4.088335e-09
350 2.506049e-09
351 1.555554e-09
352 9.927124e-10
353 6.494890e-10
354 4.273814e-10
355 2.756881e-10
356 1.703826e-10
357 9.933800e-11
358 5.425090e-11
359 2.778880e-11
360 2.051370e-08
361 1.498956e-08
362 1.039260e-08
363 6.877876e-09
364 4.281715e-09
365 2.622538e-09
366 1.625533e-09
367 1.035940e-09
368 6.772437e-10
369 4.458036e-10
370 2.879461e-10
371 1.783308e-10
372 1.042264e-10
373 5.705961e-11
374 2.928972e-11
375 2.142091e-08
376 1.568551e-08
377 1.089183e-08
378 7.221732e-09
379 4.499142e-09
380 2.753491e-09
381 1.704782e-09
382 1.085001e-09
383 7.088273e-10
384 4.667336e-10
385 3.018395e-10
386 1.872832e-10
387 1.096966e-10
388 6.018359e-11
389 3.095095e-11
390 2.260305e-08
391 1.658865e-08
392 1.153707e-08
393 7.663780e-09
394 4.779583e-09
395 2.923355e-09
396 1.807414e-09
397 1.148702e-09
398 7.497512e-10
399 4.938778e-10
400 3.198150e-10
401 1.988371e-10
402 1.167234e-10
403 6.418653e-11
404 3.307528e-11
405 1.976913e-08
406 1.450461e-08
407 1.007349e-08
408 6.684209e-09
409 4.188004e-09
410 2.563449e-09
411 1.589045e-09
412 1.009586e-09
413 6.576738e-10
414 4.318511e-10
415 2.786921e-10
416 1.728137e-10
417 1.013402e-10
418 5.575215e-11
419 2.878111e-11
420 2.248754e-08
421 1.669164e-08
422 1.168319e-08
423 7.816022e-09
424 4.938737e-09
425 3.015925e-09
426 1.861645e-09
427 1.173887e-09
428 7.603681e-10
429 4.985914e-10
430 3.229425e-10
431 2.018082e-10
432 1.195898e-10
433 6.657799e-11
434 3.477064e-11
435 2.437534e-08
436 1.822760e-08
437 1.281909e-08
438 8.621458e-09
439 5.476063e-09
440 3.340361e-09
441 2.056739e-09
442 1.290888e-09
443 8.332264e-10
444 5.457945e-10
445 3.542407e-10
446 2.223948e-10
447 1.326298e-10
448 7.436576e-11
449 3.910839e-11
450 2.603728e-08
451 1.957390e-08
452 1.381608e-08
453 9.323075e-09
454 5.942906e-09
455 3.622894e-09
456 2.226482e-09
457 1.393132e-09
458 8.968996e-10
459 5.870664e-10
460 3.815673e-10
461 2.403164e-10
462 1.439428e-10
463 8.110113e-11
464 4.285022e-11
465 2.738120e-08
466 2.066115e-08
467 1.461957e-08
468 9.890538e-09
469 6.321443e-09
470 3.852072e-09
471 2.363797e-09
472 1.475669e-09
473 9.483189e-10
474 6.204118e-10
475 4.036530e-10
476 2.548251e-10
477 1.531199e-10
478 8.657478e-11
479 4.589639e-11
480 2.886781e-08
481 2.185856e-08
482 1.550301e-08
483 1.051129e-08
484 6.734916e-09
485 4.101416e-09
486 2.514344e-09
487 1.566257e-09
488 1.004787e-09
489 6.571431e-10
490 4.279432e-10
491 2.707394e-10
492 1.631351e-10
493 9.250791e-11
494 4.918256e-11
495 3.077836e-08
496 2.338887e-08
497 1.662789e-08
498 1.130156e-08
499 7.257719e-09
500 4.418223e-09
501 2.705210e-09
502 1.681635e-09
503 1.077071e-09
504 7.039711e-10
505 4.589009e-10
506 2.909257e-10
507 1.758046e-10
508 1.000167e-10
509 5.333355e-11
510 2.622236e-08
511 1.979416e-08
512 1.401333e-08
513 9.471470e-09
514 6.065399e-09
515 3.704847e-09
516 2.275277e-09
517 1.420061e-09
518 9.116430e-10
519 5.953569e-10
520 3.866186e-10
521 2.437032e-10
522 1.463361e-10
523 8.277066e-11
524 4.394219e-11
525 2.897121e-08
526 2.212169e-08
527 1.578628e-08
528 1.074128e-08
529 6.937214e-09
530 4.245503e-09
531 2.598377e-09
532 1.611423e-09
533 1.028229e-09
534 6.692592e-10
535 4.350242e-10
536 2.755965e-10
537 1.668324e-10
538 9.530735e-11
539 5.113130e-11
540 3.137990e-08
541 2.415282e-08
542 1.733186e-08
543 1.184590e-08
544 7.693606e-09
545 4.716037e-09
546 2.879243e-09
547 1.778263e-09
548 1.129918e-09
549 7.337334e-10
550 4.771938e-10
551 3.033145e-10
552 1.846011e-10
553 1.061540e-10
554 5.734379e-11
555 3.333022e-08
556 2.580387e-08
557 1.859152e-08
558 1.274597e-08
559 8.312498e-09
560 5.100814e-09
561 3.108996e-09
562 1.914420e-09
563 1.212854e-09
564 7.862631e-10
565 5.115450e-10
566 3.259167e-10
567 1.991133e-10
568 1.150291e-10
569 6.243612e-11
570 3.546442e-08
571 2.759526e-08
572 1.994974e-08
573 1.371528e-08
574 8.976152e-09
575 5.512459e-09
576 3.355232e-09
577 2.061041e-09
578 1.302334e-09
579 8.430550e-10
580 5.486755e-10
581 3.502816e-10
582 2.146945e-10
583 1.245148e-10
584 6.785523e-11
585 3.817818e-08
586 2.985735e-08
587 2.166282e-08
588 1.493363e-08
589 9.806049e-09
590 6.028133e-09
591 3.663538e-09
592 2.244810e-09
593 1.414783e-09
594 9.144870e-10
595 5.954201e-10
596 3.809130e-10
597 2.342382e-10
598 1.363824e-10
599 7.462012e-11
600 3.259548e-08
601 2.528847e-08
602 1.825465e-08
603 1.252615e-08
604 8.182196e-09
605 5.039664e-09
606 3.069409e-09
607 1.889729e-09
608 1.195190e-09
609 7.732809e-10
610 5.023067e-10
611 3.198026e-10
612 1.954477e-10
613 1.130779e-10
614 6.153005e-11
615 3.584080e-08
616 2.812251e-08
617 2.048185e-08
618 1.413959e-08
619 9.306024e-09
620 5.763139e-09
621 3.498700e-09
622 2.144419e-09
623 1.347487e-09
624 8.677267e-10
625 5.630824e-10
626 3.595709e-10
627 2.211426e-10
628 1.290463e-10
629 7.090409e-11
630 3.849033e-08
631 3.045024e-08
632 2.231310e-08
633 1.546804e-08
634 1.023471e-08
635 6.361973e-09
636 3.854046e-09
637 2.355085e-09
638 1.473320e-09
639 9.455386e-10
640 6.131249e-10
641 3.923245e-10
642 2.423307e-10
643 1.422381e-10
644 7.866440e-11
645 4.134781e-08
646 3.293943e-08
647 2.426244e-08
648 1.687948e-08
649 1.121680e-08
650 6.993330e-09
651 4.229278e-09
652 2.577865e-09
653 1.606877e-09
654 1.028368e-09
655 6.663930e-10
656 4.271374e-10
657 2.647813e-10
658 1.561606e-10
659 8.682150e-11
660 4.494925e-08
661 3.606332e-08
662 2.669663e-08
663 1.863612e-08
664 1.243587e-08
665 7.777171e-09
666 4.694793e-09
667 2.854890e-09
668 1.773036e-09
669 1.131634e-09
670 7.328788e-10
671 4.705476e-10
672 2.927280e-10
673 1.734530e-10
674 9.693248e-11
675 4.001605e-08
676 3.188134e-08
677 2.351372e-08
678 1.636959e-08
679 1.087613e-08
680 6.802686e-09
681 4.116861e-09
682 2.511867e-09
683 1.564116e-09
684 9.994593e-10
685 6.465169e-10
686 4.137528e-10
687 2.562435e-10
688 1.511147e-10
689 8.409477e-11
690 4.352365e-08
691 3.507310e-08
692 2.611164e-08
693 1.828752e-08
694 1.223114e-08
695 7.705530e-09
696 4.656585e-09
697 2.832779e-09
698 1.752501e-09
699 1.113348e-09
700 7.182444e-10
701 4.601792e-10
702 2.863129e-10
703 1.700686e-10
704 9.547842e-11
705 4.726519e-08
706 3.844651e-08
707 2.884034e-08
708 2.030202e-08
709 1.364920e-08
710 8.647443e-09
711 5.219829e-09
712 3.167737e-09
713 1.949860e-09
714 1.233057e-09
715 7.937133e-10
716 5.089994e-10
717 3.178623e-10
718 1.898910e-10
719 1.073417e-10
720 5.194109e-08
721 4.264349e-08
722 3.221995e-08
723 2.279003e-08
724 1.539617e-08
725 9.807495e-09
726 5.913764e-09
727 3.580940e-09
728 2.193336e-09
729 1.380978e-09
730 8.870769e-10
731 5.693823e-10
732 3.568305e-10
733 2.143264e-10
734 1.219364e-10
735 4.797364e-08
736 3.923229e-08
737 2.958957e-08
738 2.091445e-08
739 1.410060e-08
740 8.979913e-09
741 5.432116e-09
742 3.292585e-09
743 2.019540e-09
744 1.272270e-09
745 8.163997e-10
746 5.228875e-10
747 3.268011e-10
748 1.957631e-10
749 1.111384e-10
750 5.275702e-08
751 4.368519e-08
752 3.332160e-08
753 2.373130e-08
754 1.610285e-08
755 1.034344e-08
756 6.267572e-09
757 3.786718e-09
758 2.307394e-09
759 1.443552e-09
760 9.220259e-10
761 5.901459e-10
762 3.700799e-10
763 2.231544e-10
764 1.278084e-10
765 5.868830e-08
766 4.917998e-08
767 3.789593e-08
768 2.717753e-08
769 1.854879e-08
770 1.200714e-08
771 7.286138e-09
772 4.389862e-09
773 2.658605e-09
774 1.653084e-09
775 1.051403e-09
776 6.725872e-10
777 4.230973e-10
778 2.566593e-10
779 1.481605e-10
780 5.893705e-08
781 4.961947e-08
782 3.845718e-08
783 2.771828e-08
784 1.897214e-08
785 1.233286e-08
786 7.527152e-09
787 4.526353e-09
788 2.736851e-09
789 1.694804e-09
790 1.073338e-09
791 6.845676e-10
792 4.302349e-10
793 2.613026e-10
794 1.513168e-10
795 6.667141e-08
796 5.703533e-08
797 4.487483e-08
798 3.271194e-08
799 2.257097e-08
800 1.482727e-08
801 9.115181e-09
802 5.458309e-09
803 3.279631e-09
804 2.011644e-09
805 1.263810e-09
806 8.030887e-10
807 5.055182e-10
808 3.089373e-10
809 1.806418e-10
810 7.742378e-08
811 6.774854e-08
812 5.459290e-08
813 4.060921e-08
814 2.840215e-08
815 1.893194e-08
816 1.184631e-08
817 7.075439e-09
818 4.226997e-09
819 2.552752e-09
820 1.578245e-09
821 9.920871e-10
822 6.225984e-10
823 3.823210e-10
824 2.261095e-10
825 9.214632e-07
826 6.728067e-07
827 4.990309e-07
828 3.108333e-07
829 1.893342e-07
830 1.121439e-07
831 6.845360e-08
832 4.388803e-08
833 2.961555e-08
834 0.000000e+00
835 0.000000e+00
836 0.000000e+00
837 0.000000e+00
838 0.000000e+00
839 0.000000e+00
840 1.361134e-06
841 9.941016e-07
842 7.379770e-07
843 4.646954e-07
844 2.823750e-07
845 1.670525e-07
846 1.017950e-07
847 6.503798e-08
848 4.377477e-08
849 0.000000e+00
850 0.000000e+00
851 0.000000e+00
852 0.000000e+00
853 0.000000e+00
854 0.000000e+00
855 1.631149e-06
856 1.191460e-06
857 8.847255e-07
858 5.593890e-07
859 3.395943e-07
860 2.008202e-07
861 1.222965e-07
862 7.803557e-08
863 5.247233e-08
864 0.000000e+00
865 0.000000e+00
866 0.000000e+00
867 0.000000e+00
868 0.000000e+00
869 0.000000e+00
870 1.806974e-06
871 1.319969e-06
872 9.802732e-07
873 6.209752e-07
874 3.768161e-07
875 2.227898e-07
876 1.356369e-07
877 8.649638e-08
878 5.813561e-08
879 0.000000e+00
880 0.000000e+00
881 0.000000e+00
882 0.000000e+00
883 0.000000e+00
884 0.000000e+00
885 1.924629e-06
886 1.405967e-06
887 1.044223e-06
888 6.622777e-07
889 4.017692e-07
890 2.375140e-07
891 1.445747e-07
892 9.216092e-08
893 6.192570e-08
894 0.000000e+00
895 0.000000e+00
896 0.000000e+00
897 0.000000e+00
898 0.000000e+00
899 0.000000e+00
900 2.030015e-06
901 1.482999e-06
902 1.101500e-06
903 6.992142e-07
904 4.240902e-07
905 2.506884e-07
906 1.525738e-07
907 9.723298e-08
908 6.532017e-08
909 0.000000e+00
910 0.000000e+00
911 0.000000e+00
912 0.000000e+00
913 0.000000e+00
914 0.000000e+00
915 2.113875e-06
916 1.544291e-06
917 1.147084e-06
918 7.286349e-07
919 4.418678e-07
920 2.611801e-07
921 1.589428e-07
922 1.012704e-07
923 6.802141e-08
924 0.000000e+00
925 0.000000e+00
926 0.000000e+00
927 0.000000e+00
928 0.000000e+00
929 0.000000e+00
930 2.210025e-06
931 1.614559e-06
932 1.199328e-06
933 7.622851e-07
934 4.622084e-07
935 2.731855e-07
936 1.662335e-07
937 1.058960e-07
938 7.111798e-08
939 0.000000e+00
940 0.000000e+00
941 0.000000e+00
942 0.000000e+00
943 0.000000e+00
944 0.000000e+00
945 2.334496e-06
946 1.705532e-06
947 1.266958e-06
948 8.057998e-07
949 4.885171e-07
950 2.887172e-07
951 1.756675e-07
952 1.118825e-07
953 7.512680e-08
954 0.000000e+00
955 0.000000e+00
956 0.000000e+00
957 0.000000e+00
958 0.000000e+00
959 0.000000e+00
960 6.168042e-07
961 4.912007e-07
962 3.562266e-07
963 2.672114e-07
964 1.652509e-07
965 1.011769e-07
966 5.879693e-08
967 3.515986e-08
968 2.203283e-08
969 1.458749e-08
970 0.000000e+00
971 0.000000e+00
972 0.000000e+00
973 0.000000e+00
974 0.000000e+00
975 9.763133e-07
976 7.830056e-07
977 5.684084e-07
978 4.259360e-07
979 2.669785e-07
980 1.627921e-07
981 9.453170e-08
982 5.645004e-08
983 3.524217e-08
984 2.326254e-08
985 0.000000e+00
986 0.000000e+00
987 0.000000e+00
988 0.000000e+00
989 0.000000e+00
990 1.207923e-06
991 9.711385e-07
992 7.052352e-07
993 5.282731e-07
994 3.326580e-07
995 2.025437e-07
996 1.175883e-07
997 7.018785e-08
998 4.376225e-08
999 2.885637e-08
1000 0.000000e+00
1001 0.000000e+00
1002 0.000000e+00
1003 0.000000e+00
1004 0.000000e+00
1005 1.372082e-06
1006 1.104567e-06
1007 8.022844e-07
1008 6.008467e-07
1009 3.792896e-07
1010 2.307568e-07
1011 1.339519e-07
1012 7.993640e-08
1013 4.980658e-08
1014 3.282368e-08
1015 0.000000e+00
1016 0.000000e+00
1017 0.000000e+00
1018 0.000000e+00
1019 0.000000e+00
1020 1.513000e-06
1021 1.219051e-06
1022 8.855443e-07
1023 6.631190e-07
1024 4.192691e-07
1025 2.549511e-07
1026 1.479856e-07
1027 8.829743e-08
1028 5.499169e-08
1029 3.622751e-08
1030 0.000000e+00
1031 0.000000e+00
1032 0.000000e+00
1033 0.000000e+00
1034 0.000000e+00
1035 1.627889e-06
1036 1.312414e-06
1037 9.534515e-07
1038 7.139047e-07
1039 4.518882e-07
1040 2.746882e-07
1041 1.594324e-07
1042 9.511768e-08
1043 5.922087e-08
1044 3.900363e-08
1045 0.000000e+00
1046 0.000000e+00
1047 0.000000e+00
1048 0.000000e+00
1049 0.000000e+00
1050 1.751702e-06
1051 1.412956e-06
1052 1.026573e-06
1053 7.685921e-07
1054 4.869728e-07
1055 2.959259e-07
1056 1.717514e-07
1057 1.024576e-07
1058 6.377364e-08
1059 4.199309e-08
1060 0.000000e+00
1061 0.000000e+00
1062 0.000000e+00
1063 0.000000e+00
1064 0.000000e+00
1065 1.906961e-06
1066 1.539008e-06
1067 1.118239e-06
1068 8.371575e-07
1069 5.309284e-07
1070 3.225383e-07
1071 1.871887e-07
1072 1.116562e-07
1073 6.948057e-08
1074 4.574072e-08
1075 0.000000e+00
1076 0.000000e+00
1077 0.000000e+00
1078 0.000000e+00
1079 0.000000e+00
1080 1.631480e-07
1081 1.484019e-07
1082 1.143361e-07
1083 8.266674e-08
1084 6.195786e-08
1085 3.581096e-08
1086 2.195318e-08
1087 1.265580e-08
1088 7.482578e-09
1089 4.654915e-09
1090 0.000000e+00
1091 0.000000e+00
1092 0.000000e+00
1093 0.000000e+00
1094 0.000000e+00
1095 2.663236e-07
1096 2.432164e-07
1097 1.880739e-07
1098 1.359019e-07
1099 1.019934e-07
1100 5.924482e-08
1101 3.640730e-08
1102 2.094310e-08
1103 1.234235e-08
1104 7.662430e-09
1105 0.000000e+00
1106 0.000000e+00
1107 0.000000e+00
1108 0.000000e+00
1109 0.000000e+00
1110 3.429475e-07
1111 3.136818e-07
1112 2.429190e-07
1113 1.754948e-07
1114 1.317741e-07
1115 7.669547e-08
1116 4.717368e-08
1117 2.711423e-08
1118 1.595908e-08
1119 9.899726e-09
1120 0.000000e+00
1121 0.000000e+00
1122 0.000000e+00
1123 0.000000e+00
1124 0.000000e+00
1125 4.073242e-07
1126 3.728798e-07
1127 2.889843e-07
1128 2.087508e-07
1129 1.567857e-07
1130 9.135017e-08
1131 5.621432e-08
1132 3.229641e-08
1133 1.899647e-08
1134 1.177881e-08
1135 0.000000e+00
1136 0.000000e+00
1137 0.000000e+00
1138 0.000000e+00
1139 0.000000e+00
1140 4.604676e-07
1141 4.217493e-07
1142 3.270163e-07
1143 2.362061e-07
1144 1.774354e-07
1145 1.034502e-07
1146 6.367939e-08
1147 3.657532e-08
1148 2.150418e-08
1149 1.333028e-08
1150 0.000000e+00
1151 0.000000e+00
1152 0.000000e+00
1153 0.000000e+00
1154 0.000000e+00
1155 5.159110e-07
1156 4.727208e-07
1157 3.666766e-07
1158 2.648386e-07
1159 1.989700e-07
1160 1.160647e-07
1161 7.146103e-08
1162 4.103624e-08
1163 2.411914e-08
1164 1.494806e-08
1165 0.000000e+00
1166 0.000000e+00
1167 0.000000e+00
1168 0.000000e+00
1169 0.000000e+00
1170 5.842051e-07
1171 5.355039e-07
1172 4.155194e-07
1173 3.001011e-07
1174 2.254894e-07
1175 1.315977e-07
1176 8.104283e-08
1177 4.652914e-08
1178 2.733906e-08
1179 1.694041e-08
1180 0.000000e+00
1181 0.000000e+00
1182 0.000000e+00
1183 0.000000e+00
1184 0.000000e+00
1185 2.370649e-07
1186 2.342104e-07
1187 1.971655e-07
1188 1.440737e-07
1189 1.069712e-07
1190 7.287146e-08
1191 4.293460e-08
1192 2.446831e-08
1193 1.415166e-08
1194 8.357069e-09
1195 5.231574e-09
1196 0.000000e+00
1197 0.000000e+00
1198 0.000000e+00
1199 0.000000e+00
1200 4.057688e-07
1201 4.019239e-07
1202 3.395113e-07
1203 2.484871e-07
1204 1.842183e-07
1205 1.262979e-07
1206 7.407501e-08
1207 4.227034e-08
1208 2.447772e-08
1209 1.443161e-08
1210 9.017401e-09
1211 0.000000e+00
1212 0.000000e+00
1213 0.000000e+00
1214 0.000000e+00
1215 5.481889e-07
1216 5.435482e-07
1217 4.597609e-07
1218 3.367145e-07
1219 2.494782e-07
1220 1.714647e-07
1221 1.003892e-07
1222 5.731675e-08
1223 3.320551e-08
1224 1.956538e-08
1225 1.221607e-08
1226 0.000000e+00
1227 0.000000e+00
1228 0.000000e+00
1229 0.000000e+00
1230 6.665316e-07
1231 6.612330e-07
1232 5.596883e-07
1233 4.100301e-07
1234 3.037084e-07
1235 2.089985e-07
1236 1.222552e-07
1237 6.981994e-08
1238 4.045825e-08
1239 2.383137e-08
1240 1.487411e-08
1241 0.000000e+00
1242 0.000000e+00
1243 0.000000e+00
1244 0.000000e+00
1245 7.877674e-07
1246 7.817848e-07
1247 6.620359e-07
1248 4.851189e-07
1249 3.592527e-07
1250 2.474380e-07
1251 1.446496e-07
1252 8.262526e-08
1253 4.788578e-08
1254 2.820048e-08
1255 1.759654e-08
1256 0.000000e+00
1257 0.000000e+00
1258 0.000000e+00
1259 0.000000e+00
1260 9.355230e-07
1261 9.287030e-07
1262 7.867622e-07
1263 5.766247e-07
1264 4.269404e-07
1265 2.942757e-07
1266 1.719411e-07
1267 9.822941e-08
1268 5.693715e-08
1269 3.352472e-08
1270 2.091420e-08
1271 0.000000e+00
1272 0.000000e+00
1273 0.000000e+00
1274 0.000000e+00
1275 9.046301e-08
1276 9.425253e-08
1277 8.536886e-08
1278 6.535227e-08
1279 4.722227e-08
1280 3.539592e-08
1281 2.000600e-08
1282 1.209465e-08
1283 6.828586e-09
1284 3.942434e-09
1285 2.358793e-09
1286 0.000000e+00
1287 0.000000e+00
1288 0.000000e+00
1289 0.000000e+00
1290 1.641599e-07
1291 1.713739e-07
1292 1.556759e-07
1293 1.194828e-07
1294 8.628552e-08
1295 6.476804e-08
1296 3.671049e-08
1297 2.226159e-08
1298 1.254252e-08
1299 7.224199e-09
1300 4.314311e-09
1301 0.000000e+00
1302 0.000000e+00
1303 0.000000e+00
1304 0.000000e+00
1305 2.262725e-07
1306 2.363841e-07
1307 2.149595e-07
1308 1.651403e-07
1309 1.192323e-07
1310 8.954411e-08
1311 5.080634e-08
1312 3.084276e-08
1313 1.736452e-08
1314 9.992936e-09
1315 5.963848e-09
1316 0.000000e+00
1317 0.000000e+00
1318 0.000000e+00
1319 0.000000e+00
1320 2.891104e-07
1321 3.021533e-07
1322 2.749319e-07
1323 2.113212e-07
1324 1.525577e-07
1325 1.146031e-07
1326 6.506181e-08
1327 3.952093e-08
1328 2.224104e-08
1329 1.279309e-08
1330 7.632254e-09
1331 0.000000e+00
1332 0.000000e+00
1333 0.000000e+00
1334 0.000000e+00
1335 3.651485e-07
1336 3.817350e-07
1337 3.474897e-07
1338 2.671957e-07
1339 1.928783e-07
1340 1.449229e-07
1341 8.230949e-08
1342 5.001995e-08
1343 2.814113e-08
1344 1.618104e-08
1345 9.650844e-09
1346 0.000000e+00
1347 0.000000e+00
1348 0.000000e+00
1349 0.000000e+00
1350 6.860596e-08
1351 7.426413e-08
1352 7.121939e-08
1353 5.771515e-08
1354 4.163186e-08
1355 3.138362e-08
1356 1.960818e-08
1357 1.202196e-08
1358 6.673935e-09
1359 3.674375e-09
1360 2.123570e-09
1361 1.291355e-09
1362 0.000000e+00
1363 0.000000e+00
1364 0.000000e+00
1365 1.266411e-07
1366 1.372953e-07
1367 1.319745e-07
1368 1.072463e-07
1369 7.740752e-08
1370 5.829957e-08
1371 3.665664e-08
1372 2.241266e-08
1373 1.244469e-08
1374 6.854807e-09
1375 3.953145e-09
1376 2.399009e-09
1377 0.000000e+00
1378 0.000000e+00
1379 0.000000e+00
1380 1.848218e-07
1381 2.004867e-07
1382 1.928870e-07
1383 1.569074e-07
1384 1.132780e-07
1385 8.528624e-08
1386 5.375166e-08
1387 3.283094e-08
1388 1.823073e-08
1389 1.004382e-08
1390 5.787601e-09
1391 3.509586e-09
1392 0.000000e+00
1393 0.000000e+00
1394 0.000000e+00
1395 2.548213e-07
1396 2.765131e-07
1397 2.661683e-07
1398 2.166515e-07
1399 1.564313e-07
1400 1.177520e-07
1401 7.431579e-08
1402 4.536394e-08
1403 2.519124e-08
1404 1.388016e-08
1405 7.994491e-09
1406 4.845649e-09
1407 0.000000e+00
1408 0.000000e+00
1409 0.000000e+00
1410 8.612540e-08
1411 9.613486e-08
1412 9.659618e-08
1413 8.299050e-08
1414 6.117121e-08
1415 4.504521e-08
1416 3.175190e-08
1417 1.810646e-08
1418 1.019408e-08
1419 5.769758e-09
1420 3.208849e-09
1421 1.871133e-09
1422 0.000000e+00
1423 0.000000e+00
1424 0.000000e+00
1425 1.748512e-07
1426 1.954592e-07
1427 1.968355e-07
1428 1.696310e-07
1429 1.252567e-07
1430 9.211488e-08
1431 6.525265e-08
1432 3.708306e-08
1433 2.092615e-08
1434 1.184136e-08
1435 6.582118e-09
1436 3.830192e-09
1437 0.000000e+00
1438 0.000000e+00
1439 0.000000e+00
1440 2.802492e-07
1441 3.134415e-07
1442 3.158982e-07
1443 2.725349e-07
1444 2.013687e-07
1445 1.480194e-07
1446 1.050359e-07
1447 5.962091e-08
1448 3.367163e-08
1449 1.905184e-08
1450 1.058827e-08
1451 6.156912e-09
1452 0.000000e+00
1453 0.000000e+00
1454 0.000000e+00
1455 2.772065e-08
1456 3.176514e-08
1457 3.319947e-08
1458 3.015970e-08
1459 2.312333e-08
1460 1.669910e-08
1461 1.254288e-08
1462 7.029252e-09
1463 4.204071e-09
1464 2.303335e-09
1465 1.270065e-09
1466 7.092131e-10
1467 0.000000e+00
1468 0.000000e+00
1469 0.000000e+00
1470 6.299860e-08
1471 7.228922e-08
1472 7.570763e-08
1473 6.898544e-08
1474 5.303617e-08
1475 3.827872e-08
1476 2.879294e-08
1477 1.618809e-08
1478 9.717294e-09
1479 5.313397e-09
1480 2.922373e-09
1481 1.628372e-09
1482 0.000000e+00
1483 0.000000e+00
1484 0.000000e+00
1485 2.158538e-08
1486 2.536471e-08
1487 2.750390e-08
1488 2.640613e-08
1489 2.141065e-08
1490 1.544684e-08
1491 1.165257e-08
1492 7.246523e-09
1493 4.410047e-09
1494 2.393089e-09
1495 1.260232e-09
1496 6.799145e-10
1497 3.786070e-10
1498 0.000000e+00
1499 0.000000e+00
1500 3.652924e-04
1501 2.662012e-04
1502 1.986806e-04
1503 1.254297e-04
1504 7.647997e-05
1505 4.509468e-05
1506 2.741899e-05
1507 1.746343e-05
1508 1.173529e-05
1509 0.000000e+00
1510 0.000000e+00
1511 0.000000e+00
1512 0.000000e+00
1513 0.000000e+00
1514 0.000000e+00
1515 2.020831e-04
1516 1.629955e-04
1517 1.182539e-04
1518 8.871796e-05
1519 5.606426e-05
1520 3.421920e-05
1521 1.981667e-05
1522 1.180549e-05
1523 7.346962e-06
1524 4.838738e-06
1525 0.000000e+00
1526 0.000000e+00
1527 0.000000e+00
1528 0.000000e+00
1529 0.000000e+00
1530 2.595216e-05
1531 2.379714e-05
1532 1.845829e-05
1533 1.332221e-05
1534 1.002781e-05
1535 5.830028e-06
1536 3.598365e-06
1537 2.063610e-06
1538 1.213782e-06
1539 7.520678e-07
1540 0.000000e+00
1541 0.000000e+00
1542 0.000000e+00
1543 0.000000e+00
1544 0.000000e+00
1545 9.114825e-05
1546 9.051605e-05
1547 7.669505e-05
1548 5.618834e-05
1549 4.160178e-05
1550 2.870300e-05
1551 1.676280e-05
1552 9.566089e-06
1553 5.552923e-06
1554 3.266384e-06
1555 2.037656e-06
1556 0.000000e+00
1557 0.000000e+00
1558 0.000000e+00
1559 0.000000e+00
1560 1.882172e-05
1561 1.968235e-05
1562 1.792248e-05
1563 1.378057e-05
1564 9.944461e-06
1565 7.479190e-06
1566 4.240074e-06
1567 2.578849e-06
1568 1.449627e-06
1569 8.346940e-07
1570 4.975879e-07
1571 0.000000e+00
1572 0.000000e+00
1573 0.000000e+00
1574 0.000000e+00
1575 1.276669e-05
1576 1.385695e-05
1577 1.334302e-05
1578 1.086276e-05
1579 7.841649e-06
1580 5.903860e-06
1581 3.726705e-06
1582 2.277162e-06
1583 1.264483e-06
1584 6.955222e-07
1585 4.006936e-07
1586 2.428716e-07
1587 0.000000e+00
1588 0.000000e+00
1589 0.000000e+00
1590 2.241406e-05
1591 2.507498e-05
1592 2.528033e-05
1593 2.181778e-05
1594 1.612057e-05
1595 1.184743e-05
1596 8.415678e-06
1597 4.772119e-06
1598 2.693725e-06
1599 1.526108e-06
1600 8.475459e-07
1601 4.927926e-07
1602 0.000000e+00
1603 0.000000e+00
1604 0.000000e+00
1605 1.841094e-06
1606 2.113227e-06
1607 2.214103e-06
1608 2.018656e-06
1609 1.552444e-06
1610 1.120195e-06
1611 8.431986e-07
1612 4.737844e-07
1613 2.846614e-07
1614 1.555247e-07
1615 8.559145e-08
1616 4.765955e-08
1617 0.000000e+00
1618 0.000000e+00
1619 0.000000e+00
1620 4.987865e-07
1621 5.865683e-07
1622 6.367296e-07
1623 6.123201e-07
1624 4.973820e-07
1625 3.589273e-07
1626 2.706463e-07
1627 1.689982e-07
1628 1.027526e-07
1629 5.577344e-08
1630 2.935110e-08
1631 1.581773e-08
1632 8.793775e-09
1633 0.000000e+00
1634 0.000000e+00
1635 1.841218e-07
1636 2.220333e-07
1637 2.497621e-07
1638 2.535660e-07
1639 2.208524e-07
1640 1.642316e-07
1641 1.203862e-07
1642 8.629774e-08
1643 4.850112e-08
1644 2.719963e-08
1645 1.482813e-08
1646 7.720588e-09
1647 4.053960e-09
1648 0.000000e+00
1649 0.000000e+00
