0 2.233686e-09
1 1.451650e-09
2 9.126447e-10
3 5.747670e-10
4 3.694744e-10
5 2.431230e-10
6 1.616862e-10
7 1.062220e-10
8 6.732139e-11
9 4.044059e-11
10 2.280213e-11
11 1.204622e-11
12 6.004515e-12
13 2.856221e-12
14 1.312740e-12
15 3.755734e-09
16 2.497270e-09
17 1.586370e-09
18 9.884905e-10
19 6.251944e-10
20 4.050395e-10
21 2.680318e-10
22 1.777743e-10
23 1.152707e-10
24 7.148362e-11
25 4.175458e-11
26 2.283247e-11
27 1.171872e-11
28 5.698922e-12
29 2.659151e-12
30 4.358031e-09
31 2.917457e-09
32 1.863429e-09
33 1.159656e-09
34 7.303283e-10
35 4.706144e-10
36 3.104848e-10
37 2.061316e-10
38 1.343167e-10
39 8.396930e-11
40 4.954223e-11
41 2.737734e-11
42 1.418520e-11
43 6.949440e-12
44 3.259609e-12
45 4.643899e-09
46 3.117727e-09
47 1.995651e-09
48 1.241174e-09
49 7.804241e-10
50 5.017580e-10
51 3.306313e-10
52 2.195496e-10
53 1.433660e-10
54 8.991303e-11
55 5.326208e-11
56 2.955093e-11
57 1.536541e-11
58 7.549777e-12
59 3.548124e-12
60 4.811653e-09
61 3.235730e-09
62 2.074310e-09
63 1.289644e-09
64 8.099792e-10
65 5.200870e-10
66 3.424414e-10
67 2.274562e-10
68 1.487010e-10
69 9.346113e-11
70 5.551141e-11
71 3.087736e-11
72 1.609249e-11
73 7.919786e-12
74 3.726660e-12
75 4.934219e-09
76 3.322537e-09
77 2.131965e-09
78 1.325302e-09
79 8.316511e-10
80 5.335200e-10
81 3.510610e-10
82 2.332059e-10
83 1.526320e-10
84 9.608075e-11
85 5.715856e-11
86 3.185337e-11
87 1.662769e-11
88 8.193610e-12
89 3.858735e-12
90 5.094931e-09
91 3.433991e-09
92 2.205208e-09
93 1.370474e-09
94 8.596119e-10
95 5.509887e-10
96 3.624271e-10
97 2.407961e-10
98 1.577157e-10
99 9.939301e-11
100 5.920871e-11
101 3.304022e-11
102 1.726695e-11
103 8.516522e-12
104 4.013484e-12
105 5.208518e-09
106 3.513323e-09
107 2.258006e-09
108 1.403071e-09
109 8.794615e-10
110 5.633482e-10
111 3.703971e-10
112 2.461123e-10
113 1.612240e-10
114 1.017340e-10
115 6.067948e-11
116 3.390003e-11
117 1.773730e-11
118 8.755992e-12
119 4.125513e-12
120 5.336573e-09
121 3.602421e-09
122 2.316546e-09
123 1.439163e-09
124 9.016918e-10
125 5.772719e-10
126 3.794123e-10
127 2.521525e-10
128 1.653149e-10
129 1.043686e-10
130 6.231711e-11
131 3.484921e-11
132 1.824704e-11
133 9.013284e-12
134 4.251891e-12
135 5.396782e-09
136 3.645156e-09
137 2.346148e-09
138 1.457420e-09
139 9.126568e-10
140 5.839522e-10
141 3.836716e-10
142 2.549340e-10
143 1.673001e-10
144 1.057263e-10
145 6.319311e-11
146 3.537942e-11
147 1.854427e-11
148 9.167216e-12
149 4.325883e-12
150 7.782956e-09
151 5.355007e-09
152 3.514820e-09
153 2.193622e-09
154 1.360562e-09
155 8.580602e-10
156 5.567881e-10
157 3.686383e-10
158 2.437435e-10
159 1.568634e-10
160 9.613617e-11
161 5.534761e-11
162 2.979689e-11
163 1.506519e-11
164 7.230367e-12
165 9.994541e-09
166 6.964942e-09
167 4.638857e-09
168 2.925745e-09
169 1.804570e-09
170 1.128565e-09
171 7.242509e-10
172 4.763568e-10
173 3.154955e-10
174 2.050037e-10
175 1.276560e-10
176 7.495315e-11
177 4.118174e-11
178 2.120462e-11
179 1.032385e-11
180 1.110954e-08
181 7.780801e-09
182 5.210538e-09
183 3.300878e-09
184 2.032511e-09
185 1.267547e-09
186 8.096787e-10
187 5.311514e-10
188 3.518658e-10
189 2.294324e-10
190 1.437207e-10
191 8.499513e-11
192 4.705227e-11
193 2.439222e-11
194 1.193964e-11
195 1.182193e-08
196 8.305378e-09
197 5.580141e-09
198 3.544478e-09
199 2.180471e-09
200 1.357188e-09
201 8.645849e-10
202 5.663624e-10
203 3.752413e-10
204 2.451723e-10
205 1.541111e-10
206 9.153507e-11
207 5.089946e-11
208 2.649209e-11
209 1.300793e-11
210 1.235224e-08
211 8.696564e-09
212 5.855624e-09
213 3.726074e-09
214 2.290613e-09
215 1.424114e-09
216 9.056035e-10
217 5.924725e-10
218 3.925936e-10
219 2.568826e-10
220 1.618407e-10
221 9.640642e-11
222 5.376849e-11
223 2.805793e-11
224 1.380402e-11
225 1.292845e-08
226 9.115065e-09
227 6.147492e-09
228 3.916626e-09
229 2.406507e-09
230 1.494895e-09
231 9.494094e-10
232 6.206496e-10
233 4.113270e-10
234 2.693651e-10
235 1.700051e-10
236 1.014723e-10
237 5.670717e-11
238 2.964644e-11
239 1.460877e-11
240 1.337082e-08
241 9.439134e-09
242 6.374549e-09
243 4.066373e-09
244 2.497524e-09
245 1.550348e-09
246 9.834057e-10
247 6.423663e-10
248 4.257779e-10
249 2.790936e-10
250 1.764001e-10
251 1.054783e-10
252 5.905270e-11
253 3.092067e-11
254 1.525379e-11
255 1.383439e-08
256 9.776601e-09
257 6.609934e-09
258 4.220324e-09
259 2.591099e-09
260 1.607177e-09
261 1.018391e-09
262 6.650063e-10
263 4.408450e-10
264 2.891704e-10
265 1.829838e-10
266 1.095704e-10
267 6.143203e-11
268 3.220739e-11
269 1.590370e-11
270 1.415193e-08
271 1.001257e-08
272 6.777753e-09
273 4.331794e-09
274 2.658266e-09
275 1.648353e-09
276 1.043641e-09
277 6.808810e-10
278 4.512753e-10
279 2.962605e-10
280 1.877386e-10
281 1.125885e-10
282 6.322491e-11
283 3.319197e-11
284 1.640738e-11
285 1.401458e-08
286 9.978350e-09
287 6.782168e-09
288 4.380261e-09
289 2.699090e-09
290 1.671048e-09
291 1.052788e-09
292 6.825058e-10
293 4.502171e-10
294 2.951802e-10
295 1.875681e-10
296 1.132554e-10
297 6.422069e-11
298 3.409115e-11
299 1.702725e-11
300 1.633868e-08
301 1.175818e-08
302 8.059566e-09
303 5.261355e-09
304 3.254017e-09
305 2.005145e-09
306 1.254009e-09
307 8.071049e-10
308 5.305321e-10
309 3.485414e-10
310 2.231026e-10
311 1.362265e-10
312 7.828327e-11
313 4.212542e-11
314 2.129495e-11
315 1.790161e-08
316 1.296702e-08
317 8.931152e-09
318 5.866755e-09
319 3.637992e-09
320 2.235188e-09
321 1.392515e-09
322 8.924281e-10
323 5.852840e-10
324 3.848802e-10
325 2.473598e-10
326 1.519890e-10
327 8.799600e-11
328 4.771117e-11
329 2.427964e-11
330 1.907670e-08
331 1.387583e-08
332 9.585397e-09
333 6.321289e-09
334 3.926482e-09
335 2.408026e-09
336 1.496465e-09
337 9.564682e-10
338 6.264030e-10
339 4.121797e-10
340 2.655983e-10
341 1.638492e-10
342 9.531010e-11
343 5.192122e-11
344 2.653055e-11
345 2.024193e-08
346 1.476533e-08
347 1.022308e-08
348 6.758874e-09
349 4.202737e-09
350 2.574591e-09
351 1.597154e-09
352 1.018928e-09
353 6.666260e-10
354 4.388776e-10
355 2.832942e-10
356 1.752398e-10
357 1.022573e-10
358 5.587988e-11
359 2.863140e-11
360 2.118280e-08
361 1.548935e-08
362 1.074351e-08
363 7.117674e-09
364 4.429684e-09
365 2.711646e-09
366 1.679396e-09
367 1.069656e-09
368 6.992748e-10
369 4.605338e-10
370 2.977197e-10
371 1.845783e-10
372 1.079849e-10
373 5.916129e-11
374 3.037898e-11
375 2.212005e-08
376 1.620562e-08
377 1.125588e-08
378 7.470022e-09
379 4.652206e-09
380 2.845192e-09
381 1.760392e-09
382 1.119959e-09
383 7.317039e-10
384 4.820361e-10
385 3.119826e-10
386 1.937691e-10
387 1.135925e-10
388 6.236006e-11
389 3.207635e-11
390 2.287776e-08
391 1.679767e-08
392 1.168517e-08
393 7.770258e-09
394 4.843233e-09
395 2.959944e-09
396 1.829174e-09
397 1.162021e-09
398 7.584945e-10
399 4.998940e-10
400 3.239837e-10
401 2.016223e-10
402 1.184742e-10
403 6.517838e-11
404 3.359085e-11
405 1.975817e-08
406 1.446269e-08
407 1.002874e-08
408 6.643625e-09
409 4.153891e-09
410 2.544286e-09
411 1.578292e-09
412 1.004233e-09
413 6.550548e-10
414 4.302737e-10
415 2.775257e-10
416 1.718338e-10
417 1.005434e-10
418 5.517606e-11
419 2.841182e-11
420 2.225206e-08
421 1.647470e-08
422 1.151133e-08
423 7.688732e-09
424 4.847656e-09
425 2.960541e-09
426 1.828723e-09
427 1.155030e-09
428 7.492404e-10
429 4.915885e-10
430 3.182802e-10
431 1.986287e-10
432 1.174634e-10
433 6.522843e-11
434 3.397418e-11
435 2.413577e-08
436 1.800280e-08
437 1.263645e-08
438 8.485428e-09
439 5.377118e-09
440 3.278237e-09
441 2.020190e-09
442 1.269962e-09
443 8.210619e-10
444 5.382908e-10
445 3.493194e-10
446 2.190479e-10
447 1.303726e-10
448 7.291117e-11
449 3.823359e-11
450 2.593172e-08
451 1.942996e-08
452 1.368396e-08
453 9.219021e-09
454 5.860318e-09
455 3.569679e-09
456 2.195723e-09
457 1.376414e-09
458 8.876813e-10
459 5.817514e-10
460 3.780953e-10
461 2.378366e-10
462 1.421442e-10
463 7.985452e-11
464 4.205406e-11
465 2.741093e-08
466 2.062188e-08
467 1.455874e-08
468 9.833476e-09
469 6.268054e-09
470 3.815161e-09
471 2.343143e-09
472 1.465377e-09
473 9.434762e-10
474 6.180346e-10
475 4.021632e-10
476 2.536191e-10
477 1.520832e-10
478 8.574639e-11
479 4.530940e-11
480 2.885127e-08
481 2.176975e-08
482 1.540083e-08
483 1.042317e-08
484 6.658309e-09
485 4.049843e-09
486 2.484916e-09
487 1.550930e-09
488 9.972078e-10
489 6.530483e-10
490 4.253454e-10
491 2.687604e-10
492 1.615716e-10
493 9.134441e-11
494 4.838867e-11
495 3.011515e-08
496 2.279977e-08
497 1.616509e-08
498 1.096665e-08
499 7.020224e-09
500 4.267109e-09
501 2.615204e-09
502 1.629042e-09
503 1.045740e-09
504 6.845830e-10
505 4.463785e-10
506 2.826641e-10
507 1.704113e-10
508 9.663289e-11
509 5.133477e-11
510 2.573848e-08
511 1.938386e-08
512 1.370031e-08
513 9.247434e-09
514 5.911104e-09
515 3.608936e-09
516 2.218008e-09
517 1.386172e-09
518 8.909863e-10
519 5.822758e-10
520 3.780741e-10
521 2.380857e-10
522 1.427299e-10
523 8.056282e-11
524 4.267276e-11
525 2.850608e-08
526 2.172021e-08
527 1.547493e-08
528 1.051653e-08
529 6.781848e-09
530 4.146422e-09
531 2.539703e-09
532 1.576535e-09
533 1.007253e-09
534 6.561233e-10
535 4.265306e-10
536 2.700328e-10
537 1.632499e-10
538 9.309512e-11
539 4.984301e-11
540 3.104978e-08
541 2.383475e-08
542 1.706764e-08
543 1.165037e-08
544 7.553203e-09
545 4.623526e-09
546 2.825119e-09
547 1.746679e-09
548 1.111463e-09
549 7.226111e-10
550 4.700765e-10
551 2.985916e-10
552 1.814611e-10
553 1.041338e-10
554 5.611696e-11
555 3.318502e-08
556 2.562986e-08
557 1.842896e-08
558 1.261976e-08
559 8.216621e-09
560 5.032953e-09
561 3.070223e-09
562 1.892435e-09
563 1.200542e-09
564 7.792218e-10
565 5.071988e-10
566 3.230116e-10
567 1.970994e-10
568 1.136548e-10
569 6.154992e-11
570 3.523445e-08
571 2.733793e-08
572 1.971796e-08
573 1.353602e-08
574 8.841454e-09
575 5.419069e-09
576 3.301354e-09
577 2.030006e-09
578 1.284927e-09
579 8.329756e-10
580 5.424127e-10
581 3.461099e-10
582 2.118333e-10
583 1.225898e-10
584 6.662988e-11
585 3.713991e-08
586 2.895665e-08
587 2.095660e-08
588 1.442477e-08
589 9.452438e-09
590 5.797162e-09
591 3.527055e-09
592 2.163304e-09
593 1.365847e-09
594 8.843020e-10
595 5.761258e-10
596 3.684070e-10
597 2.262185e-10
598 1.314163e-10
599 7.170262e-11
600 3.223142e-08
601 2.497004e-08
602 1.800851e-08
603 1.234888e-08
604 8.059512e-09
605 4.960324e-09
606 3.022531e-09
607 1.861612e-09
608 1.178287e-09
609 7.627773e-10
610 4.955629e-10
611 3.154140e-10
612 1.926349e-10
613 1.113435e-10
614 6.051788e-11
615 3.566309e-08
616 2.794147e-08
617 2.032418e-08
618 1.402032e-08
619 9.219541e-09
620 5.703851e-09
621 3.464184e-09
622 2.124127e-09
623 1.335938e-09
624 8.609212e-10
625 5.588150e-10
626 3.567529e-10
627 2.192537e-10
628 1.278094e-10
629 7.013578e-11
630 3.860549e-08
631 3.051295e-08
632 2.234074e-08
633 1.547931e-08
634 1.023685e-08
635 6.357572e-09
636 3.852204e-09
637 2.354259e-09
638 1.473855e-09
639 9.463914e-10
640 6.138457e-10
641 3.927757e-10
642 2.425264e-10
643 1.422648e-10
644 7.861487e-11
645 4.138119e-08
646 3.292020e-08
647 2.421870e-08
648 1.683414e-08
649 1.117904e-08
650 6.962022e-09
651 4.211082e-09
652 2.567800e-09
653 1.601890e-09
654 1.026038e-09
655 6.651520e-10
656 4.263061e-10
657 2.641222e-10
658 1.556302e-10
659 8.642564e-11
660 4.407479e-08
661 3.530368e-08
662 2.610541e-08
663 1.820893e-08
664 1.214111e-08
665 7.583278e-09
666 4.578909e-09
667 2.785043e-09
668 1.731250e-09
669 1.105939e-09
670 7.165854e-10
671 4.600758e-10
672 2.860617e-10
673 1.693472e-10
674 9.452388e-11
675 4.007055e-08
676 3.187474e-08
677 2.347482e-08
678 1.632677e-08
679 1.083831e-08
680 6.771140e-09
681 4.098951e-09
682 2.502002e-09
683 1.559478e-09
684 9.973704e-10
685 6.454084e-10
686 4.129547e-10
687 2.555729e-10
688 1.505564e-10
689 8.367698e-11
690 4.398518e-08
691 3.541096e-08
692 2.634626e-08
693 1.844281e-08
694 1.233024e-08
695 7.762674e-09
696 4.691386e-09
697 2.854181e-09
698 1.766755e-09
699 1.122965e-09
700 7.246173e-10
701 4.642606e-10
702 2.887773e-10
703 1.714496e-10
704 9.619299e-11
705 4.763103e-08
706 3.869101e-08
707 2.898933e-08
708 2.039168e-08
709 1.369946e-08
710 8.670752e-09
711 5.234399e-09
712 3.177152e-09
713 1.957322e-09
714 1.238681e-09
715 7.977075e-10
716 5.115475e-10
717 3.193052e-10
718 1.905994e-10
719 1.076308e-10
720 5.129052e-08
721 4.205191e-08
722 3.173140e-08
723 2.243013e-08
724 1.514267e-08
725 9.635961e-09
726 5.810872e-09
727 3.519166e-09
728 2.157322e-09
729 1.359362e-09
730 8.736096e-10
731 5.607460e-10
732 3.512678e-10
733 2.108208e-10
734 1.198235e-10
735 4.903971e-08
736 4.012418e-08
737 3.028231e-08
738 2.141328e-08
739 1.444266e-08
740 9.201723e-09
741 5.567380e-09
742 3.373681e-09
743 2.068713e-09
744 1.302703e-09
745 8.357029e-10
746 5.352122e-10
747 3.345570e-10
748 2.004773e-10
749 1.138695e-10
750 5.380275e-08
751 4.456001e-08
752 3.399862e-08
753 2.421971e-08
754 1.643723e-08
755 1.056051e-08
756 6.401596e-09
757 3.867013e-09
758 2.356287e-09
759 1.473779e-09
760 9.411094e-10
761 6.022509e-10
762 3.776415e-10
763 2.277226e-10
764 1.304441e-10
765 5.873865e-08
766 4.925506e-08
767 3.797860e-08
768 2.725950e-08
769 1.861283e-08
770 1.205500e-08
771 7.321634e-09
772 4.410046e-09
773 2.670464e-09
774 1.659456e-09
775 1.054820e-09
776 6.744797e-10
777 4.242196e-10
778 2.573713e-10
779 1.486291e-10
780 5.985921e-08
781 5.035416e-08
782 3.899952e-08
783 2.809505e-08
784 1.922353e-08
785 1.248997e-08
786 7.621490e-09
787 4.583869e-09
788 2.772803e-09
789 1.717697e-09
790 1.088200e-09
791 6.941167e-10
792 4.361692e-10
793 2.648126e-10
794 1.532728e-10
795 6.641877e-08
796 5.678683e-08
797 4.466903e-08
798 3.255946e-08
799 2.246467e-08
800 1.475350e-08
801 9.071183e-09
802 5.433871e-09
803 3.265872e-09
804 2.003387e-09
805 1.258580e-09
806 7.996430e-10
807 5.032109e-10
808 3.074216e-10
809 1.796909e-10
810 7.560134e-08
811 6.612278e-08
812 5.326069e-08
813 3.960860e-08
814 2.769967e-08
815 1.845944e-08
816 1.154862e-08
817 6.900337e-09
818 4.122508e-09
819 2.490227e-09
820 1.539895e-09
821 9.679893e-10
822 6.073953e-10
823 3.728930e-10
824 2.204630e-10
825 1.125758e-06
826 8.219862e-07
827 6.095616e-07
828 3.793969e-07
829 2.311436e-07
830 1.369175e-07
831 8.358652e-08
832 5.360571e-08
833 3.618033e-08
834 0.000000e+00
835 0.000000e+00
836 0.000000e+00
837 0.000000e+00
838 0.000000e+00
839 0.000000e+00
840 1.742393e-06
841 1.272624e-06
842 9.446407e-07
843 5.951407e-07
844 3.615973e-07
845 2.139146e-07
846 1.303422e-07
847 8.326850e-08
848 5.603917e-08
849 0.000000e+00
850 0.000000e+00
851 0.000000e+00
852 0.000000e+00
853 0.000000e+00
854 0.000000e+00
855 2.046174e-06
856 1.494675e-06
857 1.109727e-06
858 7.016010e-07
859 4.259333e-07
860 2.518869e-07
861 1.533981e-07
862 9.788883e-08
863 6.582458e-08
864 0.000000e+00
865 0.000000e+00
866 0.000000e+00
867 0.000000e+00
868 0.000000e+00
869 0.000000e+00
870 2.248220e-06
871 1.642366e-06
872 1.219549e-06
873 7.725418e-07
874 4.687841e-07
875 2.771765e-07
876 1.687487e-07
877 1.076181e-07
878 7.233337e-08
879 0.000000e+00
880 0.000000e+00
881 0.000000e+00
882 0.000000e+00
883 0.000000e+00
884 0.000000e+00
885 2.399919e-06
886 1.753254e-06
887 1.302003e-06
888 8.258222e-07
889 5.009661e-07
890 2.961685e-07
891 1.802765e-07
892 1.149234e-07
893 7.722035e-08
894 0.000000e+00
895 0.000000e+00
896 0.000000e+00
897 0.000000e+00
898 0.000000e+00
899 0.000000e+00
900 2.549689e-06
901 1.862729e-06
902 1.383383e-06
903 8.782068e-07
904 5.326366e-07
905 3.148646e-07
906 1.916316e-07
907 1.221283e-07
908 8.204431e-08
909 0.000000e+00
910 0.000000e+00
911 0.000000e+00
912 0.000000e+00
913 0.000000e+00
914 0.000000e+00
915 2.670852e-06
916 1.951290e-06
917 1.449229e-06
918 9.206788e-07
919 5.582990e-07
920 3.300133e-07
921 2.008279e-07
922 1.279598e-07
923 8.594695e-08
924 0.000000e+00
925 0.000000e+00
926 0.000000e+00
927 0.000000e+00
928 0.000000e+00
929 0.000000e+00
930 2.791529e-06
931 2.039492e-06
932 1.514798e-06
933 9.628946e-07
934 5.838180e-07
935 3.450785e-07
936 2.099778e-07
937 1.337654e-07
938 8.983382e-08
939 0.000000e+00
940 0.000000e+00
941 0.000000e+00
942 0.000000e+00
943 0.000000e+00
944 0.000000e+00
945 2.890002e-06
946 2.111484e-06
947 1.568339e-06
948 9.975884e-07
949 6.047635e-07
950 3.574338e-07
951 2.174745e-07
952 1.385118e-07
953 9.300685e-08
954 0.000000e+00
955 0.000000e+00
956 0.000000e+00
957 0.000000e+00
958 0.000000e+00
959 0.000000e+00
960 5.978193e-07
961 4.759115e-07
962 3.451569e-07
963 2.588569e-07
964 1.600426e-07
965 9.797808e-08
966 5.694723e-08
967 3.405632e-08
968 2.134526e-08
969 1.413403e-08
970 0.000000e+00
971 0.000000e+00
972 0.000000e+00
973 0.000000e+00
974 0.000000e+00
975 8.937104e-07
976 7.160102e-07
977 5.197345e-07
978 3.894467e-07
979 2.436981e-07
980 1.486477e-07
981 8.633663e-08
982 5.156793e-08
983 3.221186e-08
984 2.127175e-08
985 0.000000e+00
986 0.000000e+00
987 0.000000e+00
988 0.000000e+00
989 0.000000e+00
990 1.100164e-06
991 8.836701e-07
992 6.416714e-07
993 4.806389e-07
994 3.022217e-07
995 1.840686e-07
996 1.068824e-07
997 6.380924e-08
998 3.980470e-08
999 2.625681e-08
1000 0.000000e+00
1001 0.000000e+00
1002 0.000000e+00
1003 0.000000e+00
1004 0.000000e+00
1005 1.256444e-06
1006 1.010610e-06
1007 7.339888e-07
1008 5.496797e-07
1009 3.465289e-07
1010 2.108846e-07
1011 1.224368e-07
1012 7.307672e-08
1013 4.555269e-08
1014 3.003088e-08
1015 0.000000e+00
1016 0.000000e+00
1017 0.000000e+00
1018 0.000000e+00
1019 0.000000e+00
1020 1.394874e-06
1021 1.122914e-06
1022 8.156545e-07
1023 6.107619e-07
1024 3.856479e-07
1025 2.345771e-07
1026 1.361805e-07
1027 8.126719e-08
1028 5.063557e-08
1029 3.336977e-08
1030 0.000000e+00
1031 0.000000e+00
1032 0.000000e+00
1033 0.000000e+00
1034 0.000000e+00
1035 1.513830e-06
1036 1.219473e-06
1037 8.858752e-07
1038 6.632820e-07
1039 4.193219e-07
1040 2.549635e-07
1041 1.480054e-07
1042 8.831344e-08
1043 5.500742e-08
1044 3.624067e-08
1045 0.000000e+00
1046 0.000000e+00
1047 0.000000e+00
1048 0.000000e+00
1049 0.000000e+00
1050 1.625827e-06
1051 1.310340e-06
1052 9.519513e-07
1053 7.127052e-07
1054 4.509764e-07
1055 2.741345e-07
1056 1.591263e-07
1057 9.494055e-08
1058 5.911993e-08
1059 3.894216e-08
1060 0.000000e+00
1061 0.000000e+00
1062 0.000000e+00
1063 0.000000e+00
1064 0.000000e+00
1065 1.734875e-06
1066 1.398973e-06
1067 1.016417e-06
1068 7.609105e-07
1069 4.819565e-07
1070 2.928746e-07
1071 1.699957e-07
1072 1.014155e-07
1073 6.313478e-08
1074 4.157756e-08
1075 0.000000e+00
1076 0.000000e+00
1077 0.000000e+00
1078 0.000000e+00
1079 0.000000e+00
1080 3.138473e-07
1081 2.852600e-07
1082 2.196222e-07
1083 1.588086e-07
1084 1.189932e-07
1085 6.871250e-08
1086 4.210227e-08
1087 2.428179e-08
1088 1.436552e-08
1089 8.940259e-09
1090 0.000000e+00
1091 0.000000e+00
1092 0.000000e+00
1093 0.000000e+00
1094 0.000000e+00
1095 5.258724e-07
1096 4.802034e-07
1097 3.713091e-07
1098 2.683134e-07
1099 2.013565e-07
1100 1.169576e-07
1101 7.186663e-08
1102 4.134307e-08
1103 2.436667e-08
1104 1.512763e-08
1105 0.000000e+00
1106 0.000000e+00
1107 0.000000e+00
1108 0.000000e+00
1109 0.000000e+00
1110 6.877570e-07
1111 6.291141e-07
1112 4.872258e-07
1113 3.519937e-07
1114 2.642972e-07
1115 1.538544e-07
1116 9.463220e-08
1117 5.439034e-08
1118 3.201176e-08
1119 1.985663e-08
1120 0.000000e+00
1121 0.000000e+00
1122 0.000000e+00
1123 0.000000e+00
1124 0.000000e+00
1125 8.229329e-07
1126 7.534002e-07
1127 5.839408e-07
1128 4.218156e-07
1129 3.168089e-07
1130 1.846225e-07
1131 1.136113e-07
1132 6.526995e-08
1133 3.838893e-08
1134 2.380184e-08
1135 0.000000e+00
1136 0.000000e+00
1137 0.000000e+00
1138 0.000000e+00
1139 0.000000e+00
1140 9.430102e-07
1141 8.638229e-07
1142 6.698842e-07
1143 4.838602e-07
1144 3.634740e-07
1145 2.119716e-07
1146 1.304841e-07
1147 7.494112e-08
1148 4.405659e-08
1149 2.730786e-08
1150 0.000000e+00
1151 0.000000e+00
1152 0.000000e+00
1153 0.000000e+00
1154 0.000000e+00
1155 1.052640e-06
1156 9.646263e-07
1157 7.483267e-07
1158 5.404915e-07
1159 4.060661e-07
1160 2.369279e-07
1161 1.458781e-07
1162 8.376533e-08
1163 4.922916e-08
1164 3.050773e-08
1165 0.000000e+00
1166 0.000000e+00
1167 0.000000e+00
1168 0.000000e+00
1169 0.000000e+00
1170 1.169223e-06
1171 1.071881e-06
1172 8.318320e-07
1173 6.007723e-07
1174 4.514092e-07
1175 2.635130e-07
1176 1.622836e-07
1177 9.316675e-08
1178 5.473726e-08
1179 3.391455e-08
1180 0.000000e+00
1181 0.000000e+00
1182 0.000000e+00
1183 0.000000e+00
1184 0.000000e+00
1185 1.184489e-07
1186 1.168428e-07
1187 9.816614e-08
1188 7.167063e-08
1189 5.325902e-08
1190 3.614344e-08
1191 2.135010e-08
1192 1.215977e-08
1193 7.027480e-09
1194 4.154287e-09
1195 2.603477e-09
1196 0.000000e+00
1197 0.000000e+00
1198 0.000000e+00
1199 0.000000e+00
1200 2.138662e-07
1201 2.116328e-07
1202 1.785458e-07
1203 1.306070e-07
1204 9.687780e-08
1205 6.626218e-08
1206 3.892447e-08
1207 2.220284e-08
1208 1.285176e-08
1209 7.581922e-09
1210 4.740723e-09
1211 0.000000e+00
1212 0.000000e+00
1213 0.000000e+00
1214 0.000000e+00
1215 2.909539e-07
1216 2.882189e-07
1217 2.434958e-07
1218 1.782339e-07
1219 1.321250e-07
1220 9.060352e-08
1221 5.312583e-08
1222 3.031932e-08
1223 1.755851e-08
1224 1.035191e-08
1225 6.467824e-09
1226 0.000000e+00
1227 0.000000e+00
1228 0.000000e+00
1229 0.000000e+00
1230 3.605886e-07
1231 3.574051e-07
1232 3.021727e-07
1233 2.212622e-07
1234 1.639675e-07
1235 1.125964e-07
1236 6.595661e-08
1237 3.765241e-08
1238 2.181104e-08
1239 1.285450e-08
1240 8.028127e-09
1241 0.000000e+00
1242 0.000000e+00
1243 0.000000e+00
1244 0.000000e+00
1245 4.230794e-07
1246 4.194867e-07
1247 3.548201e-07
1248 2.598652e-07
1249 1.925372e-07
1250 1.323259e-07
1251 7.746735e-08
1252 4.423152e-08
1253 2.562612e-08
1254 1.509971e-08
1255 9.428013e-09
1256 0.000000e+00
1257 0.000000e+00
1258 0.000000e+00
1259 0.000000e+00
1260 4.927605e-07
1261 4.887277e-07
1262 4.135521e-07
1263 3.029401e-07
1264 2.244102e-07
1265 1.543485e-07
1266 9.031205e-08
1267 5.157319e-08
1268 2.988390e-08
1269 1.760525e-08
1270 1.098995e-08
1271 0.000000e+00
1272 0.000000e+00
1273 0.000000e+00
1274 0.000000e+00
1275 1.105370e-07
1276 1.150486e-07
1277 1.040482e-07
1278 7.955071e-08
1279 5.750200e-08
1280 4.306203e-08
1281 2.431436e-08
1282 1.467560e-08
1283 8.295437e-09
1284 4.793561e-09
1285 2.870863e-09
1286 0.000000e+00
1287 0.000000e+00
1288 0.000000e+00
1289 0.000000e+00
1290 2.057097e-07
1291 2.145761e-07
1292 1.946895e-07
1293 1.492752e-07
1294 1.078287e-07
1295 8.088394e-08
1296 4.580439e-08
1297 2.774232e-08
1298 1.564413e-08
1299 9.017512e-09
1300 5.389415e-09
1301 0.000000e+00
1302 0.000000e+00
1303 0.000000e+00
1304 0.000000e+00
1305 2.924089e-07
1306 3.052537e-07
1307 2.772915e-07
1308 2.128309e-07
1309 1.537016e-07
1310 1.153612e-07
1311 6.540173e-08
1312 3.966065e-08
1313 2.234601e-08
1314 1.286854e-08
1315 7.685256e-09
1316 0.000000e+00
1317 0.000000e+00
1318 0.000000e+00
1319 0.000000e+00
1320 3.691779e-07
1321 3.855439e-07
1322 3.504227e-07
1323 2.690963e-07
1324 1.943123e-07
1325 1.458825e-07
1326 8.274770e-08
1327 5.020923e-08
1328 2.827789e-08
1329 1.627748e-08
1330 9.717707e-09
1331 0.000000e+00
1332 0.000000e+00
1333 0.000000e+00
1334 0.000000e+00
1335 4.575348e-07
1336 4.779615e-07
1337 4.346152e-07
1338 3.338790e-07
1339 2.410698e-07
1340 1.810256e-07
1341 1.027243e-07
1342 6.235912e-08
1343 3.510982e-08
1344 2.020303e-08
1345 1.205785e-08
1346 0.000000e+00
1347 0.000000e+00
1348 0.000000e+00
1349 0.000000e+00
1350 1.017538e-07
1351 1.101588e-07
1352 1.056602e-07
1353 8.564244e-08
1354 6.177862e-08
1355 4.656873e-08
1356 2.910818e-08
1357 1.784438e-08
1358 9.906377e-09
1359 5.453567e-09
1360 3.151453e-09
1361 1.916155e-09
1362 0.000000e+00
1363 0.000000e+00
1364 0.000000e+00
1365 2.036826e-07
1366 2.208979e-07
1367 2.124546e-07
1368 1.727564e-07
1369 1.247083e-07
1370 9.390540e-08
1371 5.912855e-08
1372 3.613101e-08
1373 2.006271e-08
1374 1.105162e-08
1375 6.370444e-09
1376 3.864175e-09
1377 0.000000e+00
1378 0.000000e+00
1379 0.000000e+00
1380 2.928033e-07
1381 3.177276e-07
1382 3.058387e-07
1383 2.489395e-07
1384 1.797436e-07
1385 1.353018e-07
1386 8.538918e-08
1387 5.212483e-08
1388 2.894577e-08
1389 1.594827e-08
1390 9.185818e-09
1391 5.567785e-09
1392 0.000000e+00
1393 0.000000e+00
1394 0.000000e+00
1395 3.977828e-07
1396 4.317936e-07
1397 4.158601e-07
1398 3.387050e-07
1399 2.445928e-07
1400 1.840779e-07
1401 1.163379e-07
1402 7.097201e-08
1403 3.941366e-08
1404 2.171869e-08
1405 1.250333e-08
1406 7.575118e-09
1407 0.000000e+00
1408 0.000000e+00
1409 0.000000e+00
1410 4.855721e-08
1411 5.418844e-08
1412 5.443006e-08
1413 4.674297e-08
1414 3.444599e-08
1415 2.537029e-08
1416 1.786898e-08
1417 1.019567e-08
1418 5.739100e-09
1419 3.247625e-09
1420 1.806529e-09
1421 1.053730e-09
1422 0.000000e+00
1423 0.000000e+00
1424 0.000000e+00
1425 9.423493e-08
1426 1.053019e-07
1427 1.059836e-07
1428 9.126622e-08
1429 6.736340e-08
1430 4.955566e-08
1431 3.505997e-08
1432 1.994224e-08
1433 1.124792e-08
1434 6.364283e-09
1435 3.538380e-09
1436 2.060082e-09
1437 0.000000e+00
1438 0.000000e+00
1439 0.000000e+00
1440 1.488172e-07
1441 1.663829e-07
1442 1.675959e-07
1443 1.444849e-07
1444 1.067127e-07
1445 7.846531e-08
1446 5.561317e-08
1447 3.159346e-08
1448 1.783408e-08
1449 1.009025e-08
1450 5.608793e-09
1451 3.263059e-09
1452 0.000000e+00
1453 0.000000e+00
1454 0.000000e+00
1455 3.031306e-08
1456 3.473698e-08
1457 3.630732e-08
1458 3.298548e-08
1459 2.529188e-08
1460 1.826503e-08
1461 1.371917e-08
1462 7.689627e-09
1463 4.599410e-09
1464 2.519864e-09
1465 1.389280e-09
1466 7.757558e-10
1467 0.000000e+00
1468 0.000000e+00
1469 0.000000e+00
1470 6.814365e-08
1471 7.819183e-08
1472 8.188680e-08
1473 7.461248e-08
1474 5.735929e-08
1475 4.139949e-08
1476 3.113921e-08
1477 1.750687e-08
1478 1.050821e-08
1479 5.746088e-09
1480 3.160418e-09
1481 1.761089e-09
1482 0.000000e+00
1483 0.000000e+00
1484 0.000000e+00
1485 3.612707e-08
1486 4.244856e-08
1487 4.602135e-08
1488 4.417490e-08
1489 3.580963e-08
1490 2.583434e-08
1491 1.948947e-08
1492 1.211372e-08
1493 7.372785e-09
1494 4.000664e-09
1495 2.107094e-09
1496 1.136956e-09
1497 6.332427e-10
1498 0.000000e+00
1499 0.000000e+00
1500 5.702635e-04
1501 4.155600e-04
1502 3.101664e-04
1503 1.957913e-04
1504 1.193975e-04
1505 7.039724e-05
1506 4.280173e-05
1507 2.726141e-05
1508 1.831980e-05
1509 0.000000e+00
1510 0.000000e+00
1511 0.000000e+00
1512 0.000000e+00
1513 0.000000e+00
1514 0.000000e+00
1515 1.705378e-04
1516 1.374373e-04
1517 9.969992e-05
1518 7.480372e-05
1519 4.720279e-05
1520 2.882385e-05
1521 1.669375e-05
1522 9.945933e-06
1523 6.192398e-06
1524 4.079806e-06
1525 0.000000e+00
1526 0.000000e+00
1527 0.000000e+00
1528 0.000000e+00
1529 0.000000e+00
1530 1.060907e-04
1531 9.729547e-05
1532 7.547778e-05
1533 5.447458e-05
1534 4.100618e-05
1535 2.384418e-05
1536 1.471840e-05
1537 8.440008e-06
1538 4.963839e-06
1539 3.075359e-06
1540 0.000000e+00
1541 0.000000e+00
1542 0.000000e+00
1543 0.000000e+00
1544 0.000000e+00
1545 2.572977e-05
1546 2.552913e-05
1547 2.160641e-05
1548 1.582091e-05
1549 1.171962e-05
1550 8.068945e-06
1551 4.719207e-06
1552 2.691976e-06
1553 1.562068e-06
1554 9.193325e-07
1555 5.738617e-07
1556 0.000000e+00
1557 0.000000e+00
1558 0.000000e+00
1559 0.000000e+00
1560 3.006516e-05
1561 3.141718e-05
1562 2.857779e-05
1563 2.195296e-05
1564 1.584536e-05
1565 1.191082e-05
1566 6.745975e-06
1567 4.098536e-06
1568 2.305599e-06
1569 1.328623e-06
1570 7.925661e-07
1571 0.000000e+00
1572 0.000000e+00
1573 0.000000e+00
1574 0.000000e+00
1575 3.202733e-05
1576 3.477543e-05
1577 3.350434e-05
1578 2.729415e-05
1579 1.970601e-05
1580 1.483322e-05
1581 9.377049e-06
1582 5.726191e-06
1583 3.179836e-06
1584 1.749181e-06
1585 1.007218e-06
1586 6.102105e-07
1587 0.000000e+00
1588 0.000000e+00
1589 0.000000e+00
1590 6.460979e-06
1591 7.225487e-06
1592 7.280913e-06
1593 6.279267e-06
1594 4.637708e-06
1595 3.409405e-06
1596 2.419066e-06
1597 1.372818e-06
1598 7.745299e-07
1599 4.388052e-07
1600 2.437315e-07
1601 1.417822e-07
1602 0.000000e+00
1603 0.000000e+00
1604 0.000000e+00
1605 2.230128e-06
1606 2.559752e-06
1607 2.681930e-06
1608 2.445187e-06
1609 1.880453e-06
1610 1.356876e-06
1611 1.021356e-06
1612 5.738825e-07
1613 3.448013e-07
1614 1.883813e-07
1615 1.036759e-07
1616 5.772938e-08
1617 0.000000e+00
1618 0.000000e+00
1619 0.000000e+00
1620 1.438404e-06
1621 1.691312e-06
1622 1.835582e-06
1623 1.764675e-06
1624 1.432936e-06
1625 1.033982e-06
1626 7.797464e-07
1627 4.865037e-07
1628 2.958828e-07
1629 1.605944e-07
1630 8.451148e-08
1631 4.555558e-08
1632 2.533418e-08
1633 0.000000e+00
1634 0.000000e+00
1635 5.320804e-07
1636 6.415819e-07
1637 7.216258e-07
1638 7.324907e-07
1639 6.378422e-07
1640 4.742507e-07
1641 3.476702e-07
1642 2.491353e-07
1643 1.400491e-07
1644 7.852532e-08
1645 4.280744e-08
1646 2.228928e-08
1647 1.170559e-08
1648 0.000000e+00
1649 0.000000e+00
