0 2.331738e-09
1 1.520273e-09
2 9.579564e-10
3 6.026504e-10
4 3.865364e-10
5 2.537227e-10
6 1.685531e-10
7 1.108210e-10
8 7.044130e-11
9 4.250228e-11
10 2.409654e-11
11 1.280326e-11
12 6.415356e-12
13 3.064436e-12
14 1.412651e-12
15 3.972869e-09
16 2.651152e-09
17 1.690751e-09
18 1.054294e-09
19 6.654403e-10
20 4.297902e-10
21 2.837356e-10
22 1.881022e-10
23 1.221791e-10
24 7.605962e-11
25 4.467881e-11
26 2.458730e-11
27 1.269991e-11
28 6.210256e-12
29 2.909877e-12
30 4.535476e-09
31 3.048712e-09
32 1.956840e-09
33 1.220039e-09
34 7.667827e-10
35 4.924516e-10
36 3.239021e-10
37 2.146944e-10
38 1.400977e-10
39 8.792024e-11
40 5.218671e-11
41 2.904690e-11
42 1.516395e-11
43 7.480148e-12
44 3.527854e-12
45 4.868065e-09
46 3.283911e-09
47 2.114411e-09
48 1.318497e-09
49 8.269305e-10
50 5.297278e-10
51 3.477353e-10
52 2.305498e-10
53 1.507367e-10
54 9.495335e-11
55 5.663139e-11
56 3.168826e-11
57 1.662367e-11
58 8.233852e-12
59 3.894439e-12
60 5.138208e-09
61 3.472831e-09
62 2.239978e-09
63 1.396979e-09
64 8.751428e-10
65 5.597466e-10
66 3.670186e-10
67 2.432922e-10
68 1.592646e-10
69 1.005520e-10
70 6.013803e-11
71 3.374986e-11
72 1.775450e-11
73 8.813636e-12
74 4.175870e-12
75 5.259971e-09
76 3.559930e-09
77 2.298854e-09
78 1.433708e-09
79 8.975532e-10
80 5.734988e-10
81 3.757852e-10
82 2.490911e-10
83 1.631807e-10
84 1.031723e-10
85 6.182072e-11
86 3.476003e-11
87 1.831916e-11
88 9.109704e-12
89 4.321073e-12
90 5.436261e-09
91 3.683246e-09
92 2.380688e-09
93 1.485008e-09
94 9.290758e-10
95 5.932143e-10
96 3.884146e-10
97 2.574928e-10
98 1.688277e-10
99 1.068603e-10
100 6.412840e-11
101 3.611807e-11
102 1.906368e-11
103 9.489887e-12
104 4.504326e-12
105 5.577995e-09
106 3.782770e-09
107 2.447081e-09
108 1.526804e-09
109 9.544450e-10
110 6.089454e-10
111 3.986320e-10
112 2.641819e-10
113 1.732914e-10
114 1.097974e-10
115 6.597169e-11
116 3.720555e-11
117 1.966173e-11
118 9.796178e-12
119 4.654170e-12
120 5.679884e-09
121 3.855307e-09
122 2.495465e-09
123 1.556821e-09
124 9.730206e-10
125 6.204203e-10
126 4.058199e-10
127 2.690301e-10
128 1.765292e-10
129 1.119519e-10
130 6.734784e-11
131 3.802426e-11
132 2.011788e-11
133 1.003326e-11
134 4.769918e-12
135 5.758207e-09
136 3.911737e-09
137 2.534654e-09
138 1.581298e-09
139 9.876921e-10
140 6.293081e-10
141 4.115037e-10
142 2.726919e-10
143 1.791274e-10
144 1.137073e-10
145 6.848263e-11
146 3.871705e-11
147 2.050776e-11
148 1.023848e-11
149 4.871055e-12
150 8.199117e-09
151 5.655602e-09
152 3.722211e-09
153 2.330188e-09
154 1.443996e-09
155 9.095398e-10
156 5.887505e-10
157 3.891540e-10
158 2.572362e-10
159 1.657779e-10
160 1.018919e-10
161 5.889523e-11
162 3.185411e-11
163 1.617806e-11
164 7.794235e-12
165 1.025564e-08
166 7.164846e-09
167 4.782404e-09
168 3.026482e-09
169 1.867244e-09
170 1.166689e-09
171 7.469899e-10
172 4.904323e-10
173 3.245003e-10
174 2.109840e-10
175 1.316586e-10
176 7.756347e-11
177 4.279072e-11
178 2.212791e-11
179 1.081487e-11
180 1.154340e-08
181 8.116741e-09
182 5.453031e-09
183 3.471801e-09
184 2.140207e-09
185 1.332279e-09
186 8.483430e-10
187 5.548370e-10
188 3.670189e-10
189 2.394771e-10
190 1.504432e-10
191 8.939736e-11
192 4.978626e-11
193 2.597434e-11
194 1.278749e-11
195 1.250988e-08
196 8.828963e-09
197 5.952256e-09
198 3.801904e-09
199 2.342788e-09
200 1.455713e-09
201 9.241599e-10
202 6.032310e-10
203 3.989391e-10
204 2.607798e-10
205 1.644077e-10
206 9.814533e-11
207 5.492767e-11
208 2.878998e-11
209 1.422791e-11
210 1.303842e-08
211 9.223474e-09
212 6.232120e-09
213 3.989080e-09
214 2.457522e-09
215 1.524951e-09
216 9.663210e-10
217 6.299540e-10
218 4.165247e-10
219 2.726097e-10
220 1.722687e-10
221 1.031395e-10
222 5.790876e-11
223 3.044247e-11
224 1.508128e-11
225 1.367328e-08
226 9.689123e-09
227 6.558494e-09
228 4.205036e-09
229 2.590144e-09
230 1.605747e-09
231 1.015977e-09
232 6.615504e-10
233 4.373876e-10
234 2.865402e-10
235 1.814015e-10
236 1.088601e-10
237 6.126948e-11
238 3.228198e-11
239 1.602095e-11
240 1.419929e-08
241 1.007735e-08
242 6.832086e-09
243 4.386161e-09
244 2.701152e-09
245 1.673277e-09
246 1.057498e-09
247 6.879758e-10
248 4.547818e-10
249 2.981737e-10
250 1.890393e-10
251 1.136600e-10
252 6.410151e-11
253 3.383634e-11
254 1.681853e-11
255 1.460593e-08
256 1.037985e-08
257 7.045263e-09
258 4.527541e-09
259 2.788005e-09
260 1.726075e-09
261 1.089796e-09
262 7.084165e-10
263 4.683015e-10
264 3.072281e-10
265 1.950201e-10
266 1.174446e-10
267 6.634515e-11
268 3.507494e-11
269 1.745494e-11
270 1.497841e-08
271 1.065988e-08
272 7.245293e-09
273 4.662651e-09
274 2.870789e-09
275 1.776317e-09
276 1.120133e-09
277 7.275175e-10
278 4.808183e-10
279 3.156631e-10
280 2.006531e-10
281 1.210483e-10
282 6.850855e-11
283 3.627917e-11
284 1.807909e-11
285 1.374770e-08
286 9.790818e-09
287 6.655085e-09
288 4.299754e-09
289 2.652364e-09
290 1.641670e-09
291 1.034264e-09
292 6.703855e-10
293 4.419686e-10
294 2.896632e-10
295 1.840200e-10
296 1.111137e-10
297 6.302647e-11
298 3.347877e-11
299 1.673568e-11
300 1.618104e-08
301 1.166285e-08
302 8.001823e-09
303 5.229026e-09
304 3.240233e-09
305 1.995576e-09
306 1.247483e-09
307 8.020261e-10
308 5.266814e-10
309 3.458831e-10
310 2.214537e-10
311 1.353375e-10
312 7.789075e-11
313 4.199368e-11
314 2.127180e-11
315 1.800222e-08
316 1.306557e-08
317 9.009696e-09
318 5.923726e-09
319 3.682732e-09
320 2.262049e-09
321 1.408666e-09
322 9.016939e-10
323 5.905824e-10
324 3.881020e-10
325 2.494469e-10
326 1.534045e-10
327 8.895852e-11
328 4.834014e-11
329 2.466221e-11
330 1.908421e-08
331 1.390854e-08
332 9.621655e-09
333 6.350992e-09
334 3.955270e-09
335 2.426243e-09
336 1.507211e-09
337 9.620049e-10
338 6.291313e-10
339 4.135749e-10
340 2.664502e-10
341 1.644895e-10
342 9.583125e-11
343 5.232303e-11
344 2.680937e-11
345 2.028044e-08
346 1.483024e-08
347 1.028360e-08
348 6.806577e-09
349 4.245931e-09
350 2.600952e-09
351 1.613339e-09
352 1.027423e-09
353 6.710602e-10
354 4.412801e-10
355 2.848267e-10
356 1.763470e-10
357 1.030983e-10
358 5.649352e-11
359 2.903842e-11
360 2.129349e-08
361 1.561182e-08
362 1.084765e-08
363 7.195140e-09
364 4.493757e-09
365 2.750497e-09
366 1.703301e-09
367 1.082954e-09
368 7.066173e-10
369 4.647989e-10
370 3.004162e-10
371 1.864276e-10
372 1.092919e-10
373 6.005553e-11
374 3.094688e-11
375 2.209660e-08
376 1.623713e-08
377 1.129963e-08
378 7.508858e-09
379 4.694283e-09
380 2.871668e-09
381 1.776088e-09
382 1.127546e-09
383 7.351546e-10
384 4.836741e-10
385 3.129946e-10
386 1.945974e-10
387 1.143313e-10
388 6.296832e-11
389 3.251246e-11
390 2.289087e-08
391 1.686226e-08
392 1.175470e-08
393 7.827060e-09
394 4.898586e-09
395 2.993982e-09
396 1.849471e-09
397 1.172370e-09
398 7.636743e-10
399 5.025713e-10
400 3.256566e-10
401 2.028867e-10
402 1.194974e-10
403 6.596482e-11
404 3.413114e-11
405 1.979392e-08
406 1.452789e-08
407 1.009332e-08
408 6.697855e-09
409 4.197823e-09
410 2.570506e-09
411 1.592906e-09
412 1.011790e-09
413 6.590074e-10
414 4.326446e-10
415 2.792117e-10
416 1.731543e-10
417 1.015574e-10
418 5.589203e-11
419 2.886619e-11
420 2.262276e-08
421 1.679713e-08
422 1.175991e-08
423 7.867302e-09
424 4.973300e-09
425 3.037877e-09
426 1.875031e-09
427 1.182164e-09
428 7.655348e-10
429 5.018967e-10
430 3.250387e-10
431 2.031150e-10
432 1.203799e-10
433 6.703563e-11
434 3.502304e-11
435 2.440476e-08
436 1.825860e-08
437 1.284455e-08
438 8.638191e-09
439 5.488961e-09
440 3.350354e-09
441 2.062404e-09
442 1.294344e-09
443 8.352521e-10
444 5.469245e-10
445 3.548872e-10
446 2.227712e-10
447 1.328608e-10
448 7.451315e-11
449 3.920253e-11
450 2.629593e-08
451 1.977876e-08
452 1.396492e-08
453 9.426124e-09
454 6.012509e-09
455 3.667752e-09
456 2.253676e-09
457 1.409520e-09
458 9.071392e-10
459 5.935509e-10
460 3.856842e-10
461 2.429050e-10
462 1.455301e-10
463 8.203719e-11
464 4.337615e-11
465 2.790737e-08
466 2.108151e-08
467 1.493008e-08
468 1.010536e-08
469 6.464109e-09
470 3.941830e-09
471 2.418531e-09
472 1.508849e-09
473 9.690059e-10
474 6.336075e-10
475 4.121501e-10
476 2.602374e-10
477 1.564601e-10
478 8.854243e-11
479 4.699260e-11
480 2.921427e-08
481 2.214325e-08
482 1.571949e-08
483 1.066232e-08
484 6.837868e-09
485 4.169036e-09
486 2.554836e-09
487 1.590428e-09
488 1.019791e-09
489 6.664548e-10
490 4.338465e-10
491 2.744865e-10
492 1.654792e-10
493 9.394233e-11
494 5.000502e-11
495 3.056271e-08
496 2.325895e-08
497 1.654712e-08
498 1.125182e-08
499 7.232956e-09
500 4.407632e-09
501 2.697684e-09
502 1.676006e-09
503 1.072652e-09
504 7.006155e-10
505 4.565712e-10
506 2.894932e-10
507 1.750404e-10
508 9.967787e-11
509 5.321979e-11
510 2.645229e-08
511 1.996138e-08
512 1.412918e-08
513 9.548308e-09
514 6.112754e-09
515 3.734351e-09
516 2.293453e-09
517 1.431959e-09
518 9.192826e-10
519 6.003860e-10
520 3.898317e-10
521 2.456624e-10
522 1.474715e-10
523 8.338665e-11
524 4.425712e-11
525 2.904737e-08
526 2.216335e-08
527 1.580922e-08
528 1.075119e-08
529 6.940610e-09
530 4.248297e-09
531 2.600182e-09
532 1.613272e-09
533 1.029841e-09
534 6.703576e-10
535 4.356710e-10
536 2.758924e-10
537 1.669179e-10
538 9.529625e-11
539 5.109485e-11
540 3.172180e-08
541 2.440468e-08
542 1.750803e-08
543 1.196350e-08
544 7.768660e-09
545 4.763191e-09
546 2.908289e-09
547 1.796565e-09
548 1.141690e-09
549 7.414468e-10
550 4.821278e-10
551 3.063544e-10
552 1.863814e-10
553 1.071384e-10
554 5.785855e-11
555 3.402828e-08
556 2.634579e-08
557 1.898508e-08
558 1.301692e-08
559 8.489433e-09
560 5.211546e-09
561 3.176089e-09
562 1.955972e-09
563 1.239103e-09
564 8.031376e-10
565 5.224344e-10
566 3.328145e-10
567 2.033184e-10
568 1.174646e-10
569 6.376840e-11
570 3.592692e-08
571 2.795733e-08
572 2.021274e-08
573 1.389538e-08
574 9.093787e-09
575 5.588193e-09
576 3.400854e-09
577 2.089313e-09
578 1.320089e-09
579 8.544121e-10
580 5.559576e-10
581 3.548642e-10
582 2.174757e-10
583 1.261252e-10
584 6.874056e-11
585 3.793628e-08
586 2.967065e-08
587 2.153075e-08
588 1.484344e-08
589 9.746346e-09
590 5.994845e-09
591 3.642890e-09
592 2.232541e-09
593 1.406869e-09
594 9.091876e-10
595 5.918330e-10
596 3.785475e-10
597 2.327594e-10
598 1.355230e-10
599 7.416112e-11
600 3.241141e-08
601 2.509816e-08
602 1.809991e-08
603 1.240759e-08
604 8.095638e-09
605 4.982952e-09
606 3.036225e-09
607 1.870630e-09
608 1.184327e-09
609 7.666895e-10
610 4.980594e-10
611 3.169284e-10
612 1.934975e-10
613 1.118021e-10
614 6.074735e-11
615 3.590622e-08
616 2.812718e-08
617 2.045931e-08
618 1.411169e-08
619 9.279689e-09
620 5.741529e-09
621 3.487388e-09
622 2.138593e-09
623 1.345052e-09
624 8.667937e-10
625 5.625720e-10
626 3.591008e-10
627 2.206636e-10
628 1.286151e-10
629 7.057263e-11
630 3.894722e-08
631 3.077571e-08
632 2.253476e-08
633 1.561295e-08
634 1.032359e-08
635 6.412733e-09
636 3.885869e-09
637 2.375333e-09
638 1.487033e-09
639 9.548447e-10
640 6.192475e-10
641 3.961652e-10
642 2.445751e-10
643 1.434466e-10
644 7.926230e-11
645 4.147500e-08
646 3.299614e-08
647 2.427866e-08
648 1.687783e-08
649 1.120652e-08
650 6.981537e-09
651 4.222935e-09
652 2.575319e-09
653 1.606457e-09
654 1.028835e-09
655 6.668597e-10
656 4.273401e-10
657 2.647365e-10
658 1.559889e-10
659 8.663125e-11
660 4.419996e-08
661 3.540316e-08
662 2.617917e-08
663 1.826403e-08
664 1.217670e-08
665 7.608053e-09
666 4.594073e-09
667 2.794898e-09
668 1.737167e-09
669 1.109520e-09
670 7.187844e-10
671 4.614130e-10
672 2.868603e-10
673 1.698137e-10
674 9.479028e-11
675 4.038379e-08
676 3.212341e-08
677 2.365906e-08
678 1.645410e-08
679 1.092345e-08
680 6.824423e-09
681 4.131372e-09
682 2.521715e-09
683 1.571789e-09
684 1.005252e-09
685 6.504833e-10
686 4.161839e-10
687 2.575690e-10
688 1.517385e-10
689 8.433117e-11
690 4.440352e-08
691 3.574180e-08
692 2.658993e-08
693 1.861095e-08
694 1.244132e-08
695 7.832226e-09
696 4.733019e-09
697 2.879751e-09
698 1.782834e-09
699 1.133292e-09
700 7.312936e-10
701 4.685347e-10
702 2.914171e-10
703 1.730011e-10
704 9.705218e-11
705 4.777027e-08
706 3.880139e-08
707 2.906888e-08
708 2.044523e-08
709 1.373449e-08
710 8.692871e-09
711 5.246628e-09
712 3.184628e-09
713 1.962014e-09
714 1.241790e-09
715 7.997593e-10
716 5.129088e-10
717 3.201693e-10
718 1.911160e-10
719 1.079185e-10
720 5.144807e-08
721 4.217156e-08
722 3.181252e-08
723 2.248049e-08
724 1.517416e-08
725 9.654174e-09
726 5.819436e-09
727 3.525093e-09
728 2.161093e-09
729 1.362019e-09
730 8.755191e-10
731 5.620623e-10
732 3.521115e-10
733 2.113158e-10
734 1.200827e-10
735 4.956571e-08
736 4.053597e-08
737 3.058047e-08
738 2.161636e-08
739 1.457587e-08
740 9.283619e-09
741 5.615803e-09
742 3.403434e-09
743 2.087638e-09
744 1.315062e-09
745 8.437619e-10
746 5.404148e-10
747 3.377790e-10
748 2.023627e-10
749 1.149018e-10
750 5.401639e-08
751 4.471771e-08
752 3.410118e-08
753 2.428129e-08
754 1.647418e-08
755 1.058070e-08
756 6.410319e-09
757 3.872972e-09
758 2.360230e-09
759 1.476932e-09
760 9.434162e-10
761 6.038875e-10
762 3.786951e-10
763 2.283323e-10
764 1.307565e-10
765 5.891677e-08
766 4.935774e-08
767 3.801533e-08
768 2.725312e-08
769 1.859511e-08
770 1.203383e-08
771 7.298857e-09
772 4.397943e-09
773 2.663568e-09
774 1.656743e-09
775 1.054117e-09
776 6.744976e-10
777 4.243488e-10
778 2.574094e-10
779 1.485672e-10
780 5.976557e-08
781 5.027785e-08
782 3.893813e-08
783 2.804791e-08
784 1.919038e-08
785 1.246867e-08
786 7.606730e-09
787 4.575019e-09
788 2.767145e-09
789 1.714333e-09
790 1.086218e-09
791 6.929354e-10
792 4.354702e-10
793 2.644064e-10
794 1.530421e-10
795 6.624133e-08
796 5.660009e-08
797 4.448295e-08
798 3.239006e-08
799 2.233064e-08
800 1.465825e-08
801 9.001104e-09
802 5.390159e-09
803 3.239397e-09
804 1.988783e-09
805 1.250656e-09
806 7.952737e-10
807 5.007378e-10
808 3.059702e-10
809 1.788123e-10
810 7.546930e-08
811 6.598022e-08
812 5.311798e-08
813 3.947966e-08
814 2.759808e-08
815 1.838748e-08
816 1.149695e-08
817 6.867352e-09
818 4.103503e-09
819 2.480030e-09
820 1.534146e-09
821 9.648000e-10
822 6.055536e-10
823 3.717869e-10
824 2.197807e-10
825 3.260847e-07
826 2.381900e-07
827 1.764550e-07
828 1.100507e-07
829 6.700883e-08
830 3.969108e-08
831 2.422840e-08
832 1.553552e-08
833 1.048261e-08
834 0.000000e+00
835 0.000000e+00
836 0.000000e+00
837 0.000000e+00
838 0.000000e+00
839 0.000000e+00
840 4.785889e-07
841 3.496708e-07
842 2.593123e-07
843 1.634182e-07
844 9.927995e-08
845 5.874236e-08
846 3.579427e-08
847 2.287379e-08
848 1.539506e-08
849 0.000000e+00
850 0.000000e+00
851 0.000000e+00
852 0.000000e+00
853 0.000000e+00
854 0.000000e+00
855 5.679447e-07
856 4.150064e-07
857 3.078623e-07
858 1.947608e-07
859 1.182134e-07
860 6.992151e-08
861 4.258009e-08
862 2.717641e-08
863 1.827413e-08
864 0.000000e+00
865 0.000000e+00
866 0.000000e+00
867 0.000000e+00
868 0.000000e+00
869 0.000000e+00
870 6.322452e-07
871 4.620185e-07
872 3.427899e-07
873 2.172664e-07
874 1.318165e-07
875 7.795368e-08
876 4.745724e-08
877 3.027129e-08
878 2.034563e-08
879 0.000000e+00
880 0.000000e+00
881 0.000000e+00
882 0.000000e+00
883 0.000000e+00
884 0.000000e+00
885 6.701942e-07
886 4.897702e-07
887 3.634133e-07
888 2.306094e-07
889 1.398733e-07
890 8.270967e-08
891 5.034296e-08
892 3.209980e-08
893 2.156865e-08
894 0.000000e+00
895 0.000000e+00
896 0.000000e+00
897 0.000000e+00
898 0.000000e+00
899 0.000000e+00
900 7.121774e-07
901 5.204701e-07
902 3.862191e-07
903 2.453028e-07
904 1.487540e-07
905 8.795413e-08
906 5.352716e-08
907 3.412016e-08
908 2.292122e-08
909 0.000000e+00
910 0.000000e+00
911 0.000000e+00
912 0.000000e+00
913 0.000000e+00
914 0.000000e+00
915 7.476900e-07
916 5.464345e-07
917 4.055129e-07
918 2.577446e-07
919 1.562718e-07
920 9.239314e-08
921 5.622212e-08
922 3.582972e-08
923 2.406533e-08
924 0.000000e+00
925 0.000000e+00
926 0.000000e+00
927 0.000000e+00
928 0.000000e+00
929 0.000000e+00
930 7.759387e-07
931 5.670898e-07
932 4.208631e-07
933 2.676594e-07
934 1.622614e-07
935 9.592958e-08
936 5.836818e-08
937 3.719038e-08
938 2.497554e-08
939 0.000000e+00
940 0.000000e+00
941 0.000000e+00
942 0.000000e+00
943 0.000000e+00
944 0.000000e+00
945 8.038747e-07
946 5.875187e-07
947 4.360483e-07
948 2.775013e-07
949 1.682011e-07
950 9.943556e-08
951 6.049498e-08
952 3.853720e-08
953 2.587599e-08
954 0.000000e+00
955 0.000000e+00
956 0.000000e+00
957 0.000000e+00
958 0.000000e+00
959 0.000000e+00
960 6.142923e-07
961 4.896108e-07
962 3.551962e-07
963 2.662810e-07
964 1.650547e-07
965 1.009583e-07
966 5.868147e-08
967 3.508039e-08
968 2.197487e-08
969 1.454324e-08
970 0.000000e+00
971 0.000000e+00
972 0.000000e+00
973 0.000000e+00
974 0.000000e+00
975 9.372089e-07
976 7.517211e-07
977 5.458288e-07
978 4.088502e-07
979 2.564425e-07
980 1.562980e-07
981 9.078763e-08
982 5.420602e-08
983 3.384280e-08
984 2.233702e-08
985 0.000000e+00
986 0.000000e+00
987 0.000000e+00
988 0.000000e+00
989 0.000000e+00
990 1.163971e-06
991 9.359350e-07
992 6.798290e-07
993 5.090417e-07
994 3.207812e-07
995 1.952193e-07
996 1.133731e-07
997 6.766025e-08
998 4.218729e-08
999 2.781505e-08
1000 0.000000e+00
1001 0.000000e+00
1002 0.000000e+00
1003 0.000000e+00
1004 0.000000e+00
1005 1.313699e-06
1006 1.057712e-06
1007 7.684480e-07
1008 5.752775e-07
1009 3.634087e-07
1010 2.209934e-07
1011 1.283256e-07
1012 7.656585e-08
1013 4.770809e-08
1014 3.143746e-08
1015 0.000000e+00
1016 0.000000e+00
1017 0.000000e+00
1018 0.000000e+00
1019 0.000000e+00
1020 1.461329e-06
1021 1.177664e-06
1022 8.556930e-07
1023 6.405233e-07
1024 4.052962e-07
1025 2.463346e-07
1026 1.430296e-07
1027 8.532520e-08
1028 5.314142e-08
1029 3.500402e-08
1030 0.000000e+00
1031 0.000000e+00
1032 0.000000e+00
1033 0.000000e+00
1034 0.000000e+00
1035 1.589553e-06
1036 1.281872e-06
1037 9.315067e-07
1038 6.972003e-07
1039 4.417121e-07
1040 2.683594e-07
1041 1.558099e-07
1042 9.293822e-08
1043 5.786292e-08
1044 3.810325e-08
1045 0.000000e+00
1046 0.000000e+00
1047 0.000000e+00
1048 0.000000e+00
1049 0.000000e+00
1050 1.696494e-06
1051 1.368818e-06
1052 9.947635e-07
1053 7.444900e-07
1054 4.721202e-07
1055 2.867487e-07
1056 1.664805e-07
1057 9.929398e-08
1058 6.180318e-08
1059 4.068918e-08
1060 0.000000e+00
1061 0.000000e+00
1062 0.000000e+00
1063 0.000000e+00
1064 0.000000e+00
1065 1.811652e-06
1066 1.462508e-06
1067 1.062935e-06
1068 7.954513e-07
1069 5.049382e-07
1070 3.065856e-07
1071 1.779878e-07
1072 1.061478e-07
1073 6.605120e-08
1074 4.347564e-08
1075 0.000000e+00
1076 0.000000e+00
1077 0.000000e+00
1078 0.000000e+00
1079 0.000000e+00
1080 2.091935e-07
1081 1.903642e-07
1082 1.467404e-07
1083 1.060994e-07
1084 7.950790e-08
1085 4.601261e-08
1086 2.820856e-08
1087 1.625828e-08
1088 9.607982e-09
1089 5.975320e-09
1090 0.000000e+00
1091 0.000000e+00
1092 0.000000e+00
1093 0.000000e+00
1094 0.000000e+00
1095 3.395264e-07
1096 3.101493e-07
1097 2.399236e-07
1098 1.733800e-07
1099 1.300938e-07
1100 7.564597e-08
1101 4.648046e-08
1102 2.673460e-08
1103 1.575141e-08
1104 9.776505e-09
1105 0.000000e+00
1106 0.000000e+00
1107 0.000000e+00
1108 0.000000e+00
1109 0.000000e+00
1110 4.335921e-07
1111 3.967151e-07
1112 3.073442e-07
1113 2.220545e-07
1114 1.667007e-07
1115 9.713218e-08
1116 5.973583e-08
1117 3.433021e-08
1118 2.020082e-08
1119 1.252767e-08
1120 0.000000e+00
1121 0.000000e+00
1122 0.000000e+00
1123 0.000000e+00
1124 0.000000e+00
1125 5.210530e-07
1126 4.771679e-07
1127 3.699883e-07
1128 2.672800e-07
1129 2.007110e-07
1130 1.170850e-07
1131 7.204199e-08
1132 4.138353e-08
1133 2.433369e-08
1134 1.508364e-08
1135 0.000000e+00
1136 0.000000e+00
1137 0.000000e+00
1138 0.000000e+00
1139 0.000000e+00
1140 5.981441e-07
1141 5.480973e-07
1142 4.252176e-07
1143 3.071536e-07
1144 2.306960e-07
1145 1.346790e-07
1146 8.289380e-08
1147 4.760297e-08
1148 2.797778e-08
1149 1.733710e-08
1150 0.000000e+00
1151 0.000000e+00
1152 0.000000e+00
1153 0.000000e+00
1154 0.000000e+00
1155 6.640128e-07
1156 6.087065e-07
1157 4.724195e-07
1158 3.412313e-07
1159 2.563240e-07
1160 1.497186e-07
1161 9.217088e-08
1162 5.291959e-08
1163 3.109260e-08
1164 1.926314e-08
1165 0.000000e+00
1166 0.000000e+00
1167 0.000000e+00
1168 0.000000e+00
1169 0.000000e+00
1170 7.377922e-07
1171 6.766124e-07
1172 5.253173e-07
1173 3.794189e-07
1174 2.850439e-07
1175 1.665781e-07
1176 1.025725e-07
1177 5.887983e-08
1178 3.458369e-08
1179 2.142175e-08
1180 0.000000e+00
1181 0.000000e+00
1182 0.000000e+00
1183 0.000000e+00
1184 0.000000e+00
1185 2.416225e-07
1186 2.385538e-07
1187 2.006668e-07
1188 1.466002e-07
1189 1.088791e-07
1190 7.405326e-08
1191 4.367094e-08
1192 2.488686e-08
1193 1.438885e-08
1194 8.501596e-09
1195 5.324226e-09
1196 0.000000e+00
1197 0.000000e+00
1198 0.000000e+00
1199 0.000000e+00
1200 4.029282e-07
1201 3.988011e-07
1202 3.365593e-07
1203 2.462505e-07
1204 1.826284e-07
1205 1.249761e-07
1206 7.338431e-08
1207 4.187101e-08
1208 2.423655e-08
1209 1.429759e-08
1210 8.937947e-09
1211 0.000000e+00
1212 0.000000e+00
1213 0.000000e+00
1214 0.000000e+00
1215 5.530906e-07
1216 5.480434e-07
1217 4.631933e-07
1218 3.391410e-07
1219 2.513561e-07
1220 1.724808e-07
1221 1.010833e-07
1222 5.770869e-08
1223 3.342013e-08
1224 1.970163e-08
1225 1.230617e-08
1226 0.000000e+00
1227 0.000000e+00
1228 0.000000e+00
1229 0.000000e+00
1230 6.865414e-07
1231 6.806830e-07
1232 5.757504e-07
1233 4.217073e-07
1234 3.124444e-07
1235 2.147086e-07
1236 1.257038e-07
1237 7.178609e-08
1238 4.158335e-08
1239 2.450512e-08
1240 1.530004e-08
1241 0.000000e+00
1242 0.000000e+00
1243 0.000000e+00
1244 0.000000e+00
1245 8.021002e-07
1246 7.955496e-07
1247 6.732258e-07
1248 4.932152e-07
1249 3.653475e-07
1250 2.512878e-07
1251 1.470276e-07
1252 8.397943e-08
1253 4.865393e-08
1254 2.866558e-08
1255 1.789282e-08
1256 0.000000e+00
1257 0.000000e+00
1258 0.000000e+00
1259 0.000000e+00
1260 9.342898e-07
1261 9.269509e-07
1262 7.847541e-07
1263 5.750374e-07
1264 4.258776e-07
1265 2.931477e-07
1266 1.714268e-07
1267 9.793173e-08
1268 5.674523e-08
1269 3.342617e-08
1270 2.085957e-08
1271 0.000000e+00
1272 0.000000e+00
1273 0.000000e+00
1274 0.000000e+00
1275 1.013981e-07
1276 1.056017e-07
1277 9.559249e-08
1278 7.314790e-08
1279 5.286503e-08
1280 3.960495e-08
1281 2.238575e-08
1282 1.352449e-08
1283 7.639664e-09
1284 4.411049e-09
1285 2.640187e-09
1286 0.000000e+00
1287 0.000000e+00
1288 0.000000e+00
1289 0.000000e+00
1290 1.890199e-07
1291 1.972656e-07
1292 1.791212e-07
1293 1.374378e-07
1294 9.926569e-08
1295 7.448198e-08
1296 4.222056e-08
1297 2.559036e-08
1298 1.442329e-08
1299 8.307654e-09
1300 4.962729e-09
1301 0.000000e+00
1302 0.000000e+00
1303 0.000000e+00
1304 0.000000e+00
1305 2.694017e-07
1306 2.813907e-07
1307 2.558255e-07
1308 1.965075e-07
1309 1.418947e-07
1310 1.065304e-07
1311 6.045996e-08
1312 3.669140e-08
1313 2.066242e-08
1314 1.188948e-08
1315 7.096949e-09
1316 0.000000e+00
1317 0.000000e+00
1318 0.000000e+00
1319 0.000000e+00
1320 3.395820e-07
1321 3.548396e-07
1322 3.227962e-07
1323 2.480807e-07
1324 1.791139e-07
1325 1.345129e-07
1326 7.638549e-08
1327 4.638435e-08
1328 2.611002e-08
1329 1.501678e-08
1330 8.960306e-09
1331 0.000000e+00
1332 0.000000e+00
1333 0.000000e+00
1334 0.000000e+00
1335 4.209674e-07
1336 4.400194e-07
1337 4.004682e-07
1338 3.079023e-07
1339 2.222847e-07
1340 1.669705e-07
1341 9.485847e-08
1342 5.762888e-08
1343 3.242930e-08
1344 1.864442e-08
1345 1.112166e-08
1346 0.000000e+00
1347 0.000000e+00
1348 0.000000e+00
1349 0.000000e+00
1350 6.788051e-08
1351 7.348141e-08
1352 7.047289e-08
1353 5.711639e-08
1354 4.120244e-08
1355 3.105750e-08
1356 1.941002e-08
1357 1.189716e-08
1358 6.604877e-09
1359 3.637169e-09
1360 2.101794e-09
1361 1.278004e-09
1362 0.000000e+00
1363 0.000000e+00
1364 0.000000e+00
1365 1.343196e-07
1366 1.456590e-07
1367 1.400727e-07
1368 1.138866e-07
1369 8.221349e-08
1370 6.190594e-08
1371 3.897235e-08
1372 2.381154e-08
1373 1.322225e-08
1374 7.285481e-09
1375 4.199630e-09
1376 2.547576e-09
1377 0.000000e+00
1378 0.000000e+00
1379 0.000000e+00
1380 1.931353e-07
1381 2.095646e-07
1382 2.017111e-07
1383 1.641780e-07
1384 1.185475e-07
1385 8.923308e-08
1386 5.631346e-08
1387 3.436936e-08
1388 1.908629e-08
1389 1.051894e-08
1390 6.058446e-09
1391 3.672249e-09
1392 0.000000e+00
1393 0.000000e+00
1394 0.000000e+00
1395 2.619594e-07
1396 2.843470e-07
1397 2.738405e-07
1398 2.230305e-07
1399 1.610665e-07
1400 1.212118e-07
1401 7.660775e-08
1402 4.672516e-08
1403 2.594901e-08
1404 1.430307e-08
1405 8.233746e-09
1406 4.988366e-09
1407 0.000000e+00
1408 0.000000e+00
1409 0.000000e+00
1410 2.770687e-08
1411 3.091590e-08
1412 3.104767e-08
1413 2.665604e-08
1414 1.964102e-08
1415 1.446763e-08
1416 1.018543e-08
1417 5.813426e-09
1418 3.272009e-09
1419 1.851368e-09
1420 1.029953e-09
1421 6.008590e-10
1422 0.000000e+00
1423 0.000000e+00
1424 0.000000e+00
1425 5.493854e-08
1426 6.139493e-08
1427 6.179913e-08
1428 5.322680e-08
1429 3.929175e-08
1430 2.890289e-08
1431 2.045289e-08
1432 1.163228e-08
1433 6.562469e-09
1434 3.712526e-09
1435 2.064155e-09
1436 1.201610e-09
1437 0.000000e+00
1438 0.000000e+00
1439 0.000000e+00
1440 8.659512e-08
1441 9.682552e-08
1442 9.754486e-08
1443 8.411104e-08
1444 6.213226e-08
1445 4.568151e-08
1446 3.238587e-08
1447 1.839561e-08
1448 1.038686e-08
1449 5.875639e-09
1450 3.266179e-09
1451 1.899883e-09
1452 0.000000e+00
1453 0.000000e+00
1454 0.000000e+00
1455 6.781839e-08
1456 7.768733e-08
1457 8.115549e-08
1458 7.367228e-08
1459 5.645017e-08
1460 4.077362e-08
1461 3.061228e-08
1462 1.714680e-08
1463 1.024632e-08
1464 5.616716e-09
1465 3.098294e-09
1466 1.731046e-09
1467 0.000000e+00
1468 0.000000e+00
1469 0.000000e+00
1470 1.554948e-07
1471 1.784063e-07
1472 1.868117e-07
1473 1.701848e-07
1474 1.308136e-07
1475 9.442143e-08
1476 7.100857e-08
1477 3.992216e-08
1478 2.395680e-08
1479 1.310239e-08
1480 7.206409e-09
1481 4.016273e-09
1482 0.000000e+00
1483 0.000000e+00
1484 0.000000e+00
1485 2.143408e-08
1486 2.518129e-08
1487 2.729567e-08
1488 2.619307e-08
1489 2.122554e-08
1490 1.531162e-08
1491 1.155246e-08
1492 7.174654e-09
1493 4.368272e-09
1494 2.370225e-09
1495 1.248149e-09
1496 6.736670e-10
1497 3.753307e-10
1498 0.000000e+00
1499 0.000000e+00
1500 4.336004e-05
1501 3.159359e-05
1502 2.358307e-05
1503 1.487598e-05
1504 9.078238e-06
1505 5.351633e-06
1506 3.253082e-06
1507 2.072387e-06
1508 1.392815e-06
1509 0.000000e+00
1510 0.000000e+00
1511 0.000000e+00
1512 0.000000e+00
1513 0.000000e+00
1514 0.000000e+00
1515 1.831010e-04
1516 1.477291e-04
1517 1.071740e-04
1518 8.040914e-05
1519 5.083609e-05
1520 3.103668e-05
1521 1.797154e-05
1522 1.070118e-05
1523 6.659270e-06
1524 4.385353e-06
1525 0.000000e+00
1526 0.000000e+00
1527 0.000000e+00
1528 0.000000e+00
1529 0.000000e+00
1530 4.142576e-05
1531 3.801096e-05
1532 2.950079e-05
1533 2.128966e-05
1534 1.602930e-05
1535 9.325616e-06
1536 5.758551e-06
1537 3.300975e-06
1538 1.940890e-06
1539 1.202115e-06
1540 0.000000e+00
1541 0.000000e+00
1542 0.000000e+00
1543 0.000000e+00
1544 0.000000e+00
1545 9.057808e-05
1546 8.991308e-05
1547 7.614304e-05
1548 5.576958e-05
1549 4.130142e-05
1550 2.846777e-05
1551 1.663657e-05
1552 9.491876e-06
1553 5.509367e-06
1554 3.241454e-06
1555 2.022669e-06
1556 0.000000e+00
1557 0.000000e+00
1558 0.000000e+00
1559 0.000000e+00
1560 2.499385e-05
1561 2.613597e-05
1562 2.379784e-05
1563 1.829728e-05
1564 1.320397e-05
1565 9.930377e-06
1566 5.629380e-06
1567 3.423743e-06
1568 1.924564e-06
1569 1.108245e-06
1570 6.606670e-07
1571 0.000000e+00
1572 0.000000e+00
1573 0.000000e+00
1574 0.000000e+00
1575 1.359104e-05
1576 1.475781e-05
1577 1.421950e-05
1578 1.158475e-05
1579 8.364146e-06
1580 6.295754e-06
1581 3.980701e-06
1582 2.430670e-06
1583 1.349800e-06
1584 7.424990e-07
1585 4.275222e-07
1586 2.589950e-07
1587 0.000000e+00
1588 0.000000e+00
1589 0.000000e+00
1590 2.152184e-06
1591 2.407249e-06
1592 2.426318e-06
1593 2.093272e-06
1594 1.546336e-06
1595 1.136617e-06
1596 8.069199e-07
1597 4.577402e-07
1598 2.583099e-07
1599 1.463494e-07
1600 8.128148e-08
1601 4.727189e-08
1602 0.000000e+00
1603 0.000000e+00
1604 0.000000e+00
1605 1.142611e-05
1606 1.311480e-05
1607 1.374044e-05
1608 1.252688e-05
1609 9.633367e-06
1610 6.951160e-06
1611 5.232299e-06
1612 2.939711e-06
1613 1.766216e-06
1614 9.649630e-07
1615 5.311071e-07
1616 2.957349e-07
1617 0.000000e+00
1618 0.000000e+00
1619 0.000000e+00
1620 5.260323e-07
1621 6.186269e-07
1622 6.715577e-07
1623 6.458522e-07
1624 5.246578e-07
1625 3.786103e-07
1626 2.854843e-07
1627 1.782903e-07
1628 1.084018e-07
1629 5.884070e-08
1630 3.096236e-08
1631 1.668556e-08
1632 9.275784e-09
1633 0.000000e+00
1634 0.000000e+00
1635 1.421056e-06
1636 1.713792e-06
1637 1.928041e-06
1638 1.957750e-06
1639 1.705573e-06
1640 1.268497e-06
1641 9.297466e-07
1642 6.667142e-07
1643 3.746270e-07
1644 2.101390e-07
1645 1.145563e-07
1646 5.964671e-08
1647 3.131475e-08
1648 0.000000e+00
1649 0.000000e+00
