0 2.136840e-09
1 1.385612e-09
2 8.707567e-10
3 5.491353e-10
4 3.535321e-10
5 2.329469e-10
6 1.549291e-10
7 1.016606e-10
8 6.427671e-11
9 3.848403e-11
10 2.162262e-11
11 1.138449e-11
12 5.658497e-12
13 2.686110e-12
14 1.232781e-12
15 3.674408e-09
16 2.439658e-09
17 1.547892e-09
18 9.649116e-10
19 6.108498e-10
20 3.961244e-10
21 2.623027e-10
22 1.739518e-10
23 1.126705e-10
24 6.975159e-11
25 4.066556e-11
26 2.218909e-11
27 1.136639e-11
28 5.519172e-12
29 2.572479e-12
30 4.166254e-09
31 2.783645e-09
32 1.774774e-09
33 1.104454e-09
34 6.964517e-10
35 4.494244e-10
36 2.968560e-10
37 1.970152e-10
38 1.282348e-10
39 7.998784e-11
40 4.705543e-11
41 2.592359e-11
42 1.339150e-11
43 6.545029e-12
44 3.064820e-12
45 4.440411e-09
46 2.974972e-09
47 1.900884e-09
48 1.182005e-09
49 7.440352e-10
50 4.791595e-10
51 3.161172e-10
52 2.099454e-10
53 1.369451e-10
54 8.569804e-11
55 5.061880e-11
56 2.799283e-11
57 1.451096e-11
58 7.110451e-12
59 3.335451e-12
60 4.600192e-09
61 3.086845e-09
62 1.974868e-09
63 1.227546e-09
64 7.717984e-10
65 4.963921e-10
66 3.272499e-10
67 2.173978e-10
68 1.419730e-10
69 8.903031e-11
70 5.272022e-11
71 2.922626e-11
72 1.518172e-11
73 7.450906e-12
74 3.498556e-12
75 4.790985e-09
76 3.218913e-09
77 2.061366e-09
78 1.280914e-09
79 8.047536e-10
80 5.170429e-10
81 3.407051e-10
82 2.263816e-10
83 1.479777e-10
84 9.294217e-11
85 5.512549e-11
86 3.061658e-11
87 1.592880e-11
88 7.829183e-12
89 3.679466e-12
90 4.878287e-09
91 3.280316e-09
92 2.101988e-09
93 1.305902e-09
94 8.200562e-10
95 5.266081e-10
96 3.468416e-10
97 2.304949e-10
98 1.508163e-10
99 9.481326e-11
100 5.631071e-11
101 3.131167e-11
102 1.630880e-11
103 8.020841e-12
104 3.770359e-12
105 4.960402e-09
106 3.338012e-09
107 2.140202e-09
108 1.329702e-09
109 8.343157e-10
110 5.353905e-10
111 3.526400e-10
112 2.343304e-10
113 1.533884e-10
114 9.651799e-11
115 5.738185e-11
116 3.194167e-11
117 1.665128e-11
118 8.193824e-12
119 3.854739e-12
120 5.102496e-09
121 3.436180e-09
122 2.204204e-09
123 1.368973e-09
124 8.588060e-10
125 5.508065e-10
126 3.625393e-10
127 2.410257e-10
128 1.578283e-10
129 9.941113e-11
130 5.916698e-11
131 3.296864e-11
132 1.720216e-11
133 8.471081e-12
134 3.986338e-12
135 5.230201e-09
136 3.524784e-09
137 2.262917e-09
138 1.405155e-09
139 8.809177e-10
140 5.646287e-10
141 3.715880e-10
142 2.469806e-10
143 1.619081e-10
144 1.020802e-10
145 6.081640e-11
146 3.392657e-11
147 1.771892e-11
148 8.732798e-12
149 4.110964e-12
150 7.991596e-09
151 5.504859e-09
152 3.617406e-09
153 2.259219e-09
154 1.400508e-09
155 8.827322e-10
156 5.722418e-10
157 3.787106e-10
158 2.504472e-10
159 1.613177e-10
160 9.900191e-11
161 5.709197e-11
162 3.079088e-11
163 1.559250e-11
164 7.493134e-12
165 1.004872e-08
166 7.008287e-09
167 4.671564e-09
168 2.948581e-09
169 1.818287e-09
170 1.136806e-09
171 7.289883e-10
172 4.793154e-10
173 3.174076e-10
174 2.063361e-10
175 1.286007e-10
176 7.559942e-11
177 4.158718e-11
178 2.143843e-11
179 1.044781e-11
180 1.122299e-08
181 7.868643e-09
182 5.274809e-09
183 3.345788e-09
184 2.060006e-09
185 1.283875e-09
186 8.193250e-10
187 5.370777e-10
188 3.557436e-10
189 2.320628e-10
190 1.455150e-10
191 8.618717e-11
192 4.779296e-11
193 2.481611e-11
194 1.216376e-11
195 1.194699e-08
196 8.402535e-09
197 5.650815e-09
198 3.593817e-09
199 2.210726e-09
200 1.375495e-09
201 8.753849e-10
202 5.729552e-10
203 3.795435e-10
204 2.480681e-10
205 1.560782e-10
206 9.283229e-11
207 5.170024e-11
208 2.695120e-11
209 1.325085e-11
210 1.271066e-08
211 8.959879e-09
212 6.039474e-09
213 3.848818e-09
214 2.365551e-09
215 1.469890e-09
216 9.336784e-10
217 6.104289e-10
218 4.043770e-10
219 2.646957e-10
220 1.669696e-10
221 9.961368e-11
222 5.565680e-11
223 2.909596e-11
224 1.433728e-11
225 1.312233e-08
226 9.261904e-09
227 6.252434e-09
228 3.989779e-09
229 2.451509e-09
230 1.521844e-09
231 9.655702e-10
232 6.306404e-10
233 4.178199e-10
234 2.737530e-10
235 1.729590e-10
236 1.033891e-10
237 5.787919e-11
238 3.031126e-11
239 1.495557e-11
240 1.350651e-08
241 9.545281e-09
242 6.453049e-09
243 4.122056e-09
244 2.531761e-09
245 1.570554e-09
246 9.953272e-10
247 6.497014e-10
248 4.304419e-10
249 2.822664e-10
250 1.785807e-10
251 1.069327e-10
252 5.996897e-11
253 3.145281e-11
254 1.553748e-11
255 1.404448e-08
256 9.937068e-09
257 6.725320e-09
258 4.299562e-09
259 2.639926e-09
260 1.636850e-09
261 1.036365e-09
262 6.760235e-10
263 4.479593e-10
264 2.939495e-10
265 1.862008e-10
266 1.116595e-10
267 6.271348e-11
268 3.293939e-11
269 1.628803e-11
270 1.457445e-08
271 1.032495e-08
272 6.996184e-09
273 4.478334e-09
274 2.748335e-09
275 1.703319e-09
276 1.077112e-09
277 7.021742e-10
278 4.652332e-10
279 3.055450e-10
280 1.938135e-10
281 1.164238e-10
282 6.549526e-11
283 3.444701e-11
284 1.705106e-11
285 1.370246e-08
286 9.752299e-09
287 6.627392e-09
288 4.279949e-09
289 2.637158e-09
290 1.632715e-09
291 1.028803e-09
292 6.671123e-10
293 4.400322e-10
294 2.884955e-10
295 1.832921e-10
296 1.106456e-10
297 6.272296e-11
298 3.328726e-11
299 1.662241e-11
300 1.603820e-08
301 1.154311e-08
302 7.913469e-09
303 5.165791e-09
304 3.195730e-09
305 1.969146e-09
306 1.231362e-09
307 7.924775e-10
308 5.208598e-10
309 3.421884e-10
310 2.190371e-10
311 1.337437e-10
312 7.686478e-11
313 4.137028e-11
314 2.091589e-11
315 1.754542e-08
316 1.270812e-08
317 8.752112e-09
318 5.748316e-09
319 3.564830e-09
320 2.190320e-09
321 1.364625e-09
322 8.747224e-10
323 5.736359e-10
324 3.772170e-10
325 2.424006e-10
326 1.489159e-10
327 8.620176e-11
328 4.673221e-11
329 2.377990e-11
330 1.904578e-08
331 1.385390e-08
332 9.573146e-09
333 6.313182e-09
334 3.921781e-09
335 2.405837e-09
336 1.494685e-09
337 9.553021e-10
338 6.256046e-10
339 4.116192e-10
340 2.652347e-10
341 1.636326e-10
342 9.519297e-11
343 5.186367e-11
344 2.650618e-11
345 1.990693e-08
346 1.452011e-08
347 1.005231e-08
348 6.644692e-09
349 4.132343e-09
350 2.531509e-09
351 1.570896e-09
352 1.002114e-09
353 6.556243e-10
354 4.315710e-10
355 2.785688e-10
356 1.722970e-10
357 1.005303e-10
358 5.493320e-11
359 2.814599e-11
360 2.071620e-08
361 1.514593e-08
362 1.050470e-08
363 6.957300e-09
364 4.330508e-09
365 2.650889e-09
366 1.642322e-09
367 1.046199e-09
368 6.838632e-10
369 4.503542e-10
370 2.910871e-10
371 1.804318e-10
372 1.055412e-10
373 5.781446e-11
374 2.968524e-11
375 2.174632e-08
376 1.593113e-08
377 1.106527e-08
378 7.341545e-09
379 4.573428e-09
380 2.797620e-09
381 1.730985e-09
382 1.101129e-09
383 7.194002e-10
384 4.739032e-10
385 3.066974e-10
386 1.904621e-10
387 1.116447e-10
388 6.129091e-11
389 3.152783e-11
390 2.280984e-08
391 1.674808e-08
392 1.165105e-08
393 7.745516e-09
394 4.829137e-09
395 2.951126e-09
396 1.823771e-09
397 1.158553e-09
398 7.562971e-10
399 4.984110e-10
400 3.230078e-10
401 2.010006e-10
402 1.181038e-10
403 6.498291e-11
404 3.348598e-11
405 1.950760e-08
406 1.428855e-08
407 9.913118e-09
408 6.569700e-09
409 4.110388e-09
410 2.517207e-09
411 1.560933e-09
412 9.927090e-10
413 6.473443e-10
414 4.251836e-10
415 2.742896e-10
416 1.699088e-10
417 9.947788e-11
418 5.462840e-11
419 2.814851e-11
420 2.193075e-08
421 1.624336e-08
422 1.135246e-08
423 7.583875e-09
424 4.783925e-09
425 2.921364e-09
426 1.804371e-09
427 1.139397e-09
428 7.388805e-10
429 4.847809e-10
430 3.138819e-10
431 1.959169e-10
432 1.158925e-10
433 6.437997e-11
434 3.354619e-11
435 2.426950e-08
436 1.811931e-08
437 1.272641e-08
438 8.550172e-09
439 5.422337e-09
440 3.306399e-09
441 2.036451e-09
442 1.279626e-09
443 8.268625e-10
444 5.419645e-10
445 3.517492e-10
446 2.206715e-10
447 1.314317e-10
448 7.356639e-11
449 3.861211e-11
450 2.567215e-08
451 1.924997e-08
452 1.355992e-08
453 9.138551e-09
454 5.813304e-09
455 3.541457e-09
456 2.177933e-09
457 1.364529e-09
458 8.798540e-10
459 5.764762e-10
460 3.746740e-10
461 2.357471e-10
462 1.409604e-10
463 7.923659e-11
464 4.175621e-11
465 2.698669e-08
466 2.031347e-08
467 1.434710e-08
468 9.693744e-09
469 6.181602e-09
470 3.763197e-09
471 2.311197e-09
472 1.444712e-09
473 9.298700e-10
474 6.089850e-10
475 3.962706e-10
476 2.499494e-10
477 1.499384e-10
478 8.458111e-11
479 4.472023e-11
480 2.856559e-08
481 2.156896e-08
482 1.526706e-08
483 1.033666e-08
484 6.607287e-09
485 4.020243e-09
486 2.466395e-09
487 1.538416e-09
488 9.888187e-10
489 6.472816e-10
490 4.216113e-10
491 2.664795e-10
492 1.602771e-10
493 9.067334e-11
494 4.807914e-11
495 3.025838e-08
496 2.292388e-08
497 1.626125e-08
498 1.103625e-08
499 7.069810e-09
500 4.298241e-09
501 2.633579e-09
502 1.639584e-09
503 1.052038e-09
504 6.885116e-10
505 4.489553e-10
506 2.843899e-10
507 1.715483e-10
508 9.734809e-11
509 5.175588e-11
510 2.526465e-08
511 1.901988e-08
512 1.343918e-08
513 9.069876e-09
514 5.795744e-09
515 3.537995e-09
516 2.174602e-09
517 1.359445e-09
518 8.739657e-10
519 5.712580e-10
520 3.708861e-10
521 2.335135e-10
522 1.399484e-10
523 7.896384e-11
524 4.181023e-11
525 2.855406e-08
526 2.175983e-08
527 1.550480e-08
528 1.053735e-08
529 6.796258e-09
530 4.155470e-09
531 2.544614e-09
532 1.579567e-09
533 1.009138e-09
534 6.573282e-10
535 4.273271e-10
536 2.705567e-10
537 1.635840e-10
538 9.329634e-11
539 4.995644e-11
540 3.056859e-08
541 2.345711e-08
542 1.679239e-08
543 1.145875e-08
544 7.427592e-09
545 4.545360e-09
546 2.777776e-09
547 1.717621e-09
548 1.093280e-09
549 7.109279e-10
550 4.625021e-10
551 2.937409e-10
552 1.784655e-10
553 1.023777e-10
554 5.514789e-11
555 3.246815e-08
556 2.505853e-08
557 1.800946e-08
558 1.232805e-08
559 8.022217e-09
560 4.912624e-09
561 2.997096e-09
562 1.847771e-09
563 1.172882e-09
564 7.614795e-10
565 4.956697e-10
566 3.156066e-10
567 1.925028e-10
568 1.109449e-10
569 6.004592e-11
570 3.466545e-08
571 2.688380e-08
572 1.937985e-08
573 1.329886e-08
574 8.683566e-09
575 5.321032e-09
576 3.241822e-09
577 1.993677e-09
578 1.262404e-09
579 8.186256e-10
580 5.331224e-10
581 3.401493e-10
582 2.081269e-10
583 1.203950e-10
584 6.540452e-11
585 3.705838e-08
586 2.887714e-08
587 2.088916e-08
588 1.437363e-08
589 9.415358e-09
590 5.772167e-09
591 3.511961e-09
592 2.154449e-09
593 1.360769e-09
594 8.813024e-10
595 5.742531e-10
596 3.671883e-10
597 2.254145e-10
598 1.308970e-10
599 7.138292e-11
600 3.301386e-08
601 2.560614e-08
602 1.848697e-08
603 1.268332e-08
604 8.285085e-09
605 5.101716e-09
606 3.107175e-09
607 1.912805e-09
608 1.210022e-09
609 7.829103e-10
610 5.086074e-10
611 3.238283e-10
612 1.979099e-10
613 1.144969e-10
614 6.229547e-11
615 3.590439e-08
616 2.814589e-08
617 2.048389e-08
618 1.413174e-08
619 9.297579e-09
620 5.753489e-09
621 3.493732e-09
622 2.141707e-09
623 1.346573e-09
624 8.676084e-10
625 5.631205e-10
626 3.595490e-10
627 2.210380e-10
628 1.289031e-10
629 7.076940e-11
630 3.862597e-08
631 3.053745e-08
632 2.236612e-08
633 1.549819e-08
634 1.025151e-08
635 6.368158e-09
636 3.857677e-09
637 2.357456e-09
638 1.475587e-09
639 9.474148e-10
640 6.144888e-10
641 3.932178e-10
642 2.428429e-10
643 1.424866e-10
644 7.875985e-11
645 4.166845e-08
646 3.317125e-08
647 2.441536e-08
648 1.697533e-08
649 1.127636e-08
650 7.025414e-09
651 4.247734e-09
652 2.589595e-09
653 1.614984e-09
654 1.034214e-09
655 6.704271e-10
656 4.297622e-10
657 2.663551e-10
658 1.570185e-10
659 8.724107e-11
660 4.503919e-08
661 3.610254e-08
662 2.670604e-08
663 1.863438e-08
664 1.243011e-08
665 7.766885e-09
666 4.687482e-09
667 2.850707e-09
668 1.771413e-09
669 1.131278e-09
670 7.329907e-10
671 4.707105e-10
672 2.927929e-10
673 1.734224e-10
674 9.685181e-11
675 3.957901e-08
676 3.146753e-08
677 2.316518e-08
678 1.610531e-08
679 1.068886e-08
680 6.675028e-09
681 4.040820e-09
682 2.466716e-09
683 1.538022e-09
684 9.839682e-10
685 6.368405e-10
686 4.074601e-10
687 2.521400e-10
688 1.484877e-10
689 8.248919e-11
690 4.312584e-08
691 3.468459e-08
692 2.578370e-08
693 1.803705e-08
694 1.205222e-08
695 7.582263e-09
696 4.581635e-09
697 2.788188e-09
698 1.727062e-09
699 1.098383e-09
700 7.089940e-10
701 4.542605e-10
702 2.824666e-10
703 1.676054e-10
704 9.396278e-11
705 4.698673e-08
706 3.813794e-08
707 2.855201e-08
708 2.007182e-08
709 1.347873e-08
710 8.525698e-09
711 5.144878e-09
712 3.123325e-09
713 1.925150e-09
714 1.219030e-09
715 7.853677e-10
716 5.037245e-10
717 3.143838e-10
718 1.875894e-10
719 1.058686e-10
720 5.130970e-08
721 4.203254e-08
722 3.168715e-08
723 2.238153e-08
724 1.510306e-08
725 9.603155e-09
726 5.787140e-09
727 3.505941e-09
728 2.150284e-09
729 1.355795e-09
730 8.718432e-10
731 5.597854e-10
732 3.506537e-10
733 2.103761e-10
734 1.194899e-10
735 4.769216e-08
736 3.895787e-08
737 2.935855e-08
738 2.073717e-08
739 1.397424e-08
740 8.892825e-09
741 5.378352e-09
742 3.260554e-09
743 2.001304e-09
744 1.261527e-09
745 8.097952e-10
746 5.186990e-10
747 3.241038e-10
748 1.940470e-10
749 1.100852e-10
750 5.265139e-08
751 4.354652e-08
752 3.317989e-08
753 2.361157e-08
754 1.601249e-08
755 1.027712e-08
756 6.225405e-09
757 3.762124e-09
758 2.293898e-09
759 1.436167e-09
760 9.177172e-10
761 5.874825e-10
762 3.683224e-10
763 2.219704e-10
764 1.270291e-10
765 5.825850e-08
766 4.877526e-08
767 3.754462e-08
768 2.690972e-08
769 1.835726e-08
770 1.187442e-08
771 7.202666e-09
772 4.340863e-09
773 2.630212e-09
774 1.636361e-09
775 1.041288e-09
776 6.662566e-10
777 4.190611e-10
778 2.541030e-10
779 1.465897e-10
780 5.903391e-08
781 4.963047e-08
782 3.841377e-08
783 2.765838e-08
784 1.891785e-08
785 1.228610e-08
786 7.493912e-09
787 4.507750e-09
788 2.727336e-09
789 1.690282e-09
790 1.071282e-09
791 6.834848e-10
792 4.294882e-10
793 2.607012e-10
794 1.508357e-10
795 6.644943e-08
796 5.677755e-08
797 4.462964e-08
798 3.250862e-08
799 2.241910e-08
800 1.471706e-08
801 9.042300e-09
802 5.416825e-09
803 3.255947e-09
804 1.998397e-09
805 1.256183e-09
806 7.984559e-10
807 5.025552e-10
808 3.069981e-10
809 1.793879e-10
810 7.682372e-08
811 6.717765e-08
812 5.409663e-08
813 4.021970e-08
814 2.812127e-08
815 1.873756e-08
816 1.171983e-08
817 7.001630e-09
818 4.183337e-09
819 2.527400e-09
820 1.563202e-09
821 9.828390e-10
822 6.167902e-10
823 3.786736e-10
824 2.238688e-10
825 6.565217e-07
826 4.794846e-07
827 3.553259e-07
828 2.213597e-07
829 1.348311e-07
830 7.986517e-08
831 4.875573e-08
832 3.126862e-08
833 2.110258e-08
834 0.000000e+00
835 0.000000e+00
836 0.000000e+00
837 0.000000e+00
838 0.000000e+00
839 0.000000e+00
840 9.825761e-07
841 7.178331e-07
842 5.324984e-07
843 3.356044e-07
844 2.038873e-07
845 1.206284e-07
846 7.350060e-08
847 4.696254e-08
848 3.160598e-08
849 0.000000e+00
850 0.000000e+00
851 0.000000e+00
852 0.000000e+00
853 0.000000e+00
854 0.000000e+00
855 1.159084e-06
856 8.468801e-07
857 6.284075e-07
858 3.974934e-07
859 2.412775e-07
860 1.427046e-07
861 8.690179e-08
862 5.546078e-08
863 3.729265e-08
864 0.000000e+00
865 0.000000e+00
866 0.000000e+00
867 0.000000e+00
868 0.000000e+00
869 0.000000e+00
870 1.271444e-06
871 9.290301e-07
872 6.894637e-07
873 4.369380e-07
874 2.651046e-07
875 1.567695e-07
876 9.543893e-08
877 6.087269e-08
878 4.091285e-08
879 0.000000e+00
880 0.000000e+00
881 0.000000e+00
882 0.000000e+00
883 0.000000e+00
884 0.000000e+00
885 1.382641e-06
886 1.010330e-06
887 7.498759e-07
888 4.758617e-07
889 2.886288e-07
890 1.706604e-07
891 1.038733e-07
892 6.622379e-08
893 4.449540e-08
894 0.000000e+00
895 0.000000e+00
896 0.000000e+00
897 0.000000e+00
898 0.000000e+00
899 0.000000e+00
900 1.446773e-06
901 1.057224e-06
902 7.847298e-07
903 4.983888e-07
904 3.022333e-07
905 1.786913e-07
906 1.087475e-07
907 6.931301e-08
908 4.656174e-08
909 0.000000e+00
910 0.000000e+00
911 0.000000e+00
912 0.000000e+00
913 0.000000e+00
914 0.000000e+00
915 1.507214e-06
916 1.101415e-06
917 8.175776e-07
918 5.196220e-07
919 3.150558e-07
920 1.862604e-07
921 1.133412e-07
922 7.222441e-08
923 4.850920e-08
924 0.000000e+00
925 0.000000e+00
926 0.000000e+00
927 0.000000e+00
928 0.000000e+00
929 0.000000e+00
930 1.583353e-06
931 1.157077e-06
932 8.589341e-07
933 5.462367e-07
934 3.311481e-07
935 1.957625e-07
936 1.191116e-07
937 7.588693e-08
938 5.096161e-08
939 0.000000e+00
940 0.000000e+00
941 0.000000e+00
942 0.000000e+00
943 0.000000e+00
944 0.000000e+00
945 1.662530e-06
946 1.214959e-06
947 9.019499e-07
948 5.739785e-07
949 3.479134e-07
950 2.056598e-07
951 1.251209e-07
952 7.969869e-08
953 5.351250e-08
954 0.000000e+00
955 0.000000e+00
956 0.000000e+00
957 0.000000e+00
958 0.000000e+00
959 0.000000e+00
960 6.316503e-07
961 5.034246e-07
962 3.651648e-07
963 2.738332e-07
964 1.696468e-07
965 1.038172e-07
966 6.033128e-08
967 3.606471e-08
968 2.259180e-08
969 1.495213e-08
970 0.000000e+00
971 0.000000e+00
972 0.000000e+00
973 0.000000e+00
974 0.000000e+00
975 9.596931e-07
976 7.700186e-07
977 5.590855e-07
978 4.188441e-07
979 2.628026e-07
980 1.601845e-07
981 9.303082e-08
982 5.554102e-08
983 3.466953e-08
984 2.287964e-08
985 0.000000e+00
986 0.000000e+00
987 0.000000e+00
988 0.000000e+00
989 0.000000e+00
990 1.176532e-06
991 9.464139e-07
992 6.874314e-07
993 5.147931e-07
994 3.245544e-07
995 1.975163e-07
996 1.146894e-07
997 6.844138e-08
998 4.266567e-08
999 2.812608e-08
1000 0.000000e+00
1001 0.000000e+00
1002 0.000000e+00
1003 0.000000e+00
1004 0.000000e+00
1005 1.375271e-06
1006 1.107954e-06
1007 8.049430e-07
1008 6.026578e-07
1009 3.810075e-07
1010 2.316649e-07
1011 1.345018e-07
1012 8.024353e-08
1013 4.998471e-08
1014 3.292980e-08
1015 0.000000e+00
1016 0.000000e+00
1017 0.000000e+00
1018 0.000000e+00
1019 0.000000e+00
1020 1.500194e-06
1021 1.209559e-06
1022 8.788740e-07
1023 6.579262e-07
1024 4.165773e-07
1025 2.531699e-07
1026 1.469779e-07
1027 8.767423e-08
1028 5.459049e-08
1029 3.595188e-08
1030 0.000000e+00
1031 0.000000e+00
1032 0.000000e+00
1033 0.000000e+00
1034 0.000000e+00
1035 1.618174e-06
1036 1.305544e-06
1037 9.487054e-07
1038 7.101312e-07
1039 4.501805e-07
1040 2.734834e-07
1041 1.587624e-07
1042 9.469300e-08
1043 5.894104e-08
1044 3.880627e-08
1045 0.000000e+00
1046 0.000000e+00
1047 0.000000e+00
1048 0.000000e+00
1049 0.000000e+00
1050 1.749536e-06
1051 1.412255e-06
1052 1.026337e-06
1053 7.681786e-07
1054 4.874555e-07
1055 2.960334e-07
1056 1.718473e-07
1057 1.024880e-07
1058 6.377549e-08
1059 4.197992e-08
1060 0.000000e+00
1061 0.000000e+00
1062 0.000000e+00
1063 0.000000e+00
1064 0.000000e+00
1065 1.894917e-06
1066 1.530446e-06
1067 1.112319e-06
1068 8.324664e-07
1069 5.287879e-07
1070 3.210288e-07
1071 1.863489e-07
1072 1.111261e-07
1073 6.913126e-08
1074 4.549467e-08
1075 0.000000e+00
1076 0.000000e+00
1077 0.000000e+00
1078 0.000000e+00
1079 0.000000e+00
1080 3.584357e-07
1081 3.256422e-07
1082 2.506451e-07
1083 1.812700e-07
1084 1.357589e-07
1085 7.841091e-08
1086 4.802489e-08
1087 2.770497e-08
1088 1.639189e-08
1089 1.020338e-08
1090 0.000000e+00
1091 0.000000e+00
1092 0.000000e+00
1093 0.000000e+00
1094 0.000000e+00
1095 5.882012e-07
1096 5.367987e-07
1097 4.148859e-07
1098 2.998525e-07
1099 2.249208e-07
1100 1.306311e-07
1101 8.022866e-08
1102 4.616915e-08
1103 2.721860e-08
1104 1.690284e-08
1105 0.000000e+00
1106 0.000000e+00
1107 0.000000e+00
1108 0.000000e+00
1109 0.000000e+00
1110 7.917887e-07
1111 7.239449e-07
1112 5.604960e-07
1113 4.049849e-07
1114 3.039665e-07
1115 1.769540e-07
1116 1.087941e-07
1117 6.254645e-08
1118 3.681948e-08
1119 2.284290e-08
1120 0.000000e+00
1121 0.000000e+00
1122 0.000000e+00
1123 0.000000e+00
1124 0.000000e+00
1125 9.251396e-07
1126 8.465494e-07
1127 6.559125e-07
1128 4.738744e-07
1129 3.557660e-07
1130 2.073177e-07
1131 1.275205e-07
1132 7.328166e-08
1133 4.311153e-08
1134 2.673552e-08
1135 0.000000e+00
1136 0.000000e+00
1137 0.000000e+00
1138 0.000000e+00
1139 0.000000e+00
1140 1.051267e-06
1141 9.625211e-07
1142 7.461588e-07
1143 5.390335e-07
1144 4.047603e-07
1145 2.360377e-07
1146 1.452333e-07
1147 8.343573e-08
1148 4.906305e-08
1149 3.041721e-08
1150 0.000000e+00
1151 0.000000e+00
1152 0.000000e+00
1153 0.000000e+00
1154 0.000000e+00
1155 1.182831e-06
1156 1.083438e-06
1157 8.402198e-07
1158 6.069479e-07
1159 4.558202e-07
1160 2.659539e-07
1161 1.636793e-07
1162 9.401194e-08
1163 5.526418e-08
1164 3.425429e-08
1165 0.000000e+00
1166 0.000000e+00
1167 0.000000e+00
1168 0.000000e+00
1169 0.000000e+00
1170 1.333497e-06
1171 1.221936e-06
1172 9.479822e-07
1173 6.847544e-07
1174 5.143225e-07
1175 3.002380e-07
1176 1.848216e-07
1177 1.061337e-07
1178 6.236965e-08
1179 3.865047e-08
1180 0.000000e+00
1181 0.000000e+00
1182 0.000000e+00
1183 0.000000e+00
1184 0.000000e+00
1185 1.999805e-07
1186 1.973550e-07
1187 1.659100e-07
1188 1.211663e-07
1189 9.001582e-08
1190 6.115586e-08
1191 3.609587e-08
1192 2.056351e-08
1193 1.188692e-08
1194 7.025008e-09
1195 4.400978e-09
1196 0.000000e+00
1197 0.000000e+00
1198 0.000000e+00
1199 0.000000e+00
1200 3.795975e-07
1201 3.758738e-07
1202 3.173824e-07
1203 2.322702e-07
1204 1.722204e-07
1205 1.179780e-07
1206 6.922828e-08
1207 3.950504e-08
1208 2.287171e-08
1209 1.348846e-08
1210 8.429596e-09
1211 0.000000e+00
1212 0.000000e+00
1213 0.000000e+00
1214 0.000000e+00
1215 5.007533e-07
1216 4.963493e-07
1217 4.196740e-07
1218 3.073247e-07
1219 2.277380e-07
1220 1.563964e-07
1221 9.161100e-08
1222 5.230609e-08
1223 3.029588e-08
1224 1.785583e-08
1225 1.115077e-08
1226 0.000000e+00
1227 0.000000e+00
1228 0.000000e+00
1229 0.000000e+00
1230 6.150562e-07
1231 6.099990e-07
1232 5.161636e-07
1233 3.781193e-07
1234 2.801047e-07
1235 1.926300e-07
1236 1.127236e-07
1237 6.437958e-08
1238 3.729809e-08
1239 2.197523e-08
1240 1.371757e-08
1241 0.000000e+00
1242 0.000000e+00
1243 0.000000e+00
1244 0.000000e+00
1245 7.298805e-07
1246 7.241506e-07
1247 6.130529e-07
1248 4.492001e-07
1249 3.326901e-07
1250 2.289983e-07
1251 1.339211e-07
1252 7.650072e-08
1253 4.432748e-08
1254 2.611093e-08
1255 1.629481e-08
1256 0.000000e+00
1257 0.000000e+00
1258 0.000000e+00
1259 0.000000e+00
1260 8.640725e-07
1261 8.575632e-07
1262 7.263059e-07
1263 5.322910e-07
1264 3.941555e-07
1265 2.715184e-07
1266 1.587006e-07
1267 9.067076e-08
1268 5.254529e-08
1269 3.094560e-08
1270 1.930746e-08
1271 0.000000e+00
1272 0.000000e+00
1273 0.000000e+00
1274 0.000000e+00
1275 1.659642e-07
1276 1.727924e-07
1277 1.563440e-07
1278 1.195862e-07
1279 8.643399e-08
1280 6.474057e-08
1281 3.657565e-08
1282 2.208729e-08
1283 1.248056e-08
1284 7.208860e-09
1285 4.316031e-09
1286 0.000000e+00
1287 0.000000e+00
1288 0.000000e+00
1289 0.000000e+00
1290 2.936323e-07
1291 3.063606e-07
1292 2.780709e-07
1293 2.132828e-07
1294 1.540565e-07
1295 1.155724e-07
1296 6.548490e-08
1297 3.967572e-08
1298 2.236814e-08
1299 1.288818e-08
1300 7.700964e-09
1301 0.000000e+00
1302 0.000000e+00
1303 0.000000e+00
1304 0.000000e+00
1305 4.131649e-07
1306 4.314340e-07
1307 3.920779e-07
1308 3.010551e-07
1309 2.174022e-07
1310 1.631918e-07
1311 9.257542e-08
1312 5.615980e-08
1313 3.163431e-08
1314 1.820927e-08
1315 1.087198e-08
1316 0.000000e+00
1317 0.000000e+00
1318 0.000000e+00
1319 0.000000e+00
1320 5.298341e-07
1321 5.534929e-07
1322 5.033145e-07
1323 3.866780e-07
1324 2.791993e-07
1325 2.096419e-07
1326 1.189946e-07
1327 7.223261e-08
1328 4.067028e-08
1329 2.339903e-08
1330 1.396528e-08
1331 0.000000e+00
1332 0.000000e+00
1333 0.000000e+00
1334 0.000000e+00
1335 6.680603e-07
1336 6.981152e-07
1337 6.351170e-07
1338 4.881398e-07
1339 3.524260e-07
1340 2.646865e-07
1341 1.503049e-07
1342 9.128221e-08
1343 5.137936e-08
1344 2.954937e-08
1345 1.763081e-08
1346 0.000000e+00
1347 0.000000e+00
1348 0.000000e+00
1349 0.000000e+00
1350 5.087152e-08
1351 5.502925e-08
1352 5.271804e-08
1353 4.267178e-08
1354 3.077424e-08
1355 2.320621e-08
1356 1.446111e-08
1357 8.873806e-09
1358 4.926001e-09
1359 2.712645e-09
1360 1.569016e-09
1361 9.549440e-10
1362 0.000000e+00
1363 0.000000e+00
1364 0.000000e+00
1365 1.008032e-07
1366 1.092500e-07
1367 1.049674e-07
1368 8.525651e-08
1369 6.153219e-08
1370 4.634805e-08
1371 2.911042e-08
1372 1.780322e-08
1373 9.885182e-09
1374 5.446247e-09
1375 3.141814e-09
1376 1.907326e-09
1377 0.000000e+00
1378 0.000000e+00
1379 0.000000e+00
1380 1.479518e-07
1381 1.604486e-07
1382 1.543047e-07
1383 1.254680e-07
1384 9.057641e-08
1385 6.820022e-08
1386 4.294402e-08
1387 2.623480e-08
1388 1.456792e-08
1389 8.027677e-09
1390 4.627024e-09
1391 2.806644e-09
1392 0.000000e+00
1393 0.000000e+00
1394 0.000000e+00
1395 2.042849e-07
1396 2.216211e-07
1397 2.132533e-07
1398 1.735138e-07
1399 1.252790e-07
1400 9.430978e-08
1401 5.947309e-08
1402 3.630918e-08
1403 2.016300e-08
1404 1.111207e-08
1405 6.401601e-09
1406 3.881174e-09
1407 0.000000e+00
1408 0.000000e+00
1409 0.000000e+00
1410 5.878296e-08
1411 6.558180e-08
1412 6.584610e-08
1413 5.651427e-08
1414 4.163375e-08
1415 3.067186e-08
1416 2.158240e-08
1417 1.232273e-08
1418 6.934026e-09
1419 3.923506e-09
1420 2.182839e-09
1421 1.273704e-09
1422 0.000000e+00
1423 0.000000e+00
1424 0.000000e+00
1425 1.223171e-07
1426 1.366857e-07
1427 1.375761e-07
1428 1.184809e-07
1429 8.745621e-08
1430 6.433509e-08
1431 4.551930e-08
1432 2.589103e-08
1433 1.460505e-08
1434 8.262786e-09
1435 4.594099e-09
1436 2.674575e-09
1437 0.000000e+00
1438 0.000000e+00
1439 0.000000e+00
1440 1.974597e-07
1441 2.207799e-07
1442 2.224087e-07
1443 1.917640e-07
1444 1.416460e-07
1445 1.041463e-07
1446 7.382748e-08
1447 4.193705e-08
1448 2.367724e-08
1449 1.339452e-08
1450 7.445761e-09
1451 4.331260e-09
1452 0.000000e+00
1453 0.000000e+00
1454 0.000000e+00
1455 1.975385e-08
1456 2.263266e-08
1457 2.364960e-08
1458 2.147771e-08
1459 1.646286e-08
1460 1.188997e-08
1461 8.928859e-09
1462 5.003129e-09
1463 2.991144e-09
1464 1.639199e-09
1465 9.039574e-10
1466 5.048981e-10
1467 0.000000e+00
1468 0.000000e+00
1469 0.000000e+00
1470 4.655363e-08
1471 5.341857e-08
1472 5.594353e-08
1473 5.097558e-08
1474 3.918979e-08
1475 2.828573e-08
1476 2.127500e-08
1477 1.196290e-08
1478 7.180754e-09
1479 3.926614e-09
1480 2.159420e-09
1481 1.203286e-09
1482 0.000000e+00
1483 0.000000e+00
1484 0.000000e+00
1485 2.912326e-08
1486 3.421611e-08
1487 3.709155e-08
1488 3.559648e-08
1489 2.884927e-08
1490 2.081221e-08
1491 1.570158e-08
1492 9.754903e-09
1493 5.937826e-09
1494 3.221935e-09
1495 1.697017e-09
1496 9.158051e-10
1497 5.101651e-10
1498 0.000000e+00
1499 0.000000e+00
1500 1.831543e-04
1501 1.334564e-04
1502 9.961956e-05
1503 6.285860e-05
1504 3.835170e-05
1505 2.260907e-05
1506 1.374395e-05
1507 8.754714e-06
1508 5.883483e-06
1509 0.000000e+00
1510 0.000000e+00
1511 0.000000e+00
1512 0.000000e+00
1513 0.000000e+00
1514 0.000000e+00
1515 1.978025e-04
1516 1.596715e-04
1517 1.158467e-04
1518 8.691114e-05
1519 5.499441e-05
1520 3.356430e-05
1521 1.943425e-05
1522 1.157220e-05
1523 7.199347e-06
1524 4.740049e-06
1525 0.000000e+00
1526 0.000000e+00
1527 0.000000e+00
1528 0.000000e+00
1529 0.000000e+00
1530 1.335795e-04
1531 1.224647e-04
1532 9.497322e-05
1533 6.854743e-05
1534 5.159470e-05
1535 2.998782e-05
1536 1.850853e-05
1537 1.061461e-05
1538 6.244655e-06
1539 3.869463e-06
1540 0.000000e+00
1541 0.000000e+00
1542 0.000000e+00
1543 0.000000e+00
1544 0.000000e+00
1545 7.674528e-05
1546 7.620372e-05
1547 6.455768e-05
1548 4.729230e-05
1549 3.501776e-05
1550 2.415337e-05
1551 1.410842e-05
1552 8.050621e-06
1553 4.673343e-06
1554 2.749104e-06
1555 1.715098e-06
1556 0.000000e+00
1557 0.000000e+00
1558 0.000000e+00
1559 0.000000e+00
1560 6.216320e-05
1561 6.498481e-05
1562 5.914591e-05
1563 4.545814e-05
1564 3.280703e-05
1565 2.466824e-05
1566 1.397858e-05
1567 8.497954e-06
1568 4.778339e-06
1569 2.752448e-06
1570 1.641284e-06
1571 0.000000e+00
1572 0.000000e+00
1573 0.000000e+00
1574 0.000000e+00
1575 8.122689e-06
1576 8.814938e-06
1577 8.485870e-06
1578 6.906503e-06
1579 4.985363e-06
1580 3.753755e-06
1581 2.367931e-06
1582 1.447312e-06
1583 8.036637e-07
1584 4.420236e-07
1585 2.547098e-07
1586 1.544206e-07
1587 0.000000e+00
1588 0.000000e+00
1589 0.000000e+00
1590 1.105461e-05
1591 1.236405e-05
1592 1.246095e-05
1593 1.074913e-05
1594 7.940047e-06
1595 5.836531e-06
1596 4.142766e-06
1597 2.350372e-06
1598 1.326249e-06
1599 7.514007e-07
1600 4.173346e-07
1601 2.427328e-07
1602 0.000000e+00
1603 0.000000e+00
1604 0.000000e+00
1605 1.014709e-06
1606 1.164776e-06
1607 1.220496e-06
1608 1.112915e-06
1609 8.559895e-07
1610 6.176341e-07
1611 4.649490e-07
1612 2.612748e-07
1613 1.570112e-07
1614 8.577211e-08
1615 4.720128e-08
1616 2.627958e-08
1617 0.000000e+00
1618 0.000000e+00
1619 0.000000e+00
1620 9.227182e-07
1621 1.084977e-06
1622 1.177558e-06
1623 1.132124e-06
1624 9.193387e-07
1625 6.633818e-07
1626 5.002652e-07
1627 3.121618e-07
1628 1.898488e-07
1629 1.030443e-07
1630 5.422310e-08
1631 2.922800e-08
1632 1.625368e-08
1633 0.000000e+00
1634 0.000000e+00
1635 1.008228e-06
1636 1.215934e-06
1637 1.367961e-06
1638 1.389063e-06
1639 1.210162e-06
1640 9.000473e-07
1641 6.596864e-07
1642 4.730734e-07
1643 2.658144e-07
1644 1.491053e-07
1645 8.128518e-08
1646 4.232280e-08
1647 2.221921e-08
1648 0.000000e+00
1649 0.000000e+00
