0 2.249534e-09
1 1.462417e-09
2 9.198177e-10
3 5.792721e-10
4 3.722572e-10
5 2.449024e-10
6 1.628631e-10
7 1.069844e-10
8 6.781633e-11
9 4.075208e-11
10 2.298539e-11
11 1.215018e-11
12 6.059959e-12
13 2.884076e-12
14 1.326218e-12
15 3.797475e-09
16 2.526270e-09
17 1.606034e-09
18 1.000999e-09
19 6.329104e-10
20 4.098165e-10
21 2.711070e-10
22 1.797893e-10
23 1.165908e-10
24 7.233782e-11
25 4.228674e-11
26 2.314644e-11
27 1.189203e-11
28 5.788877e-12
29 2.703116e-12
30 4.352942e-09
31 2.915602e-09
32 1.863859e-09
33 1.160500e-09
34 7.307419e-10
35 4.706495e-10
36 3.103276e-10
37 2.059706e-10
38 1.342094e-10
39 8.393068e-11
40 4.955968e-11
41 2.741639e-11
42 1.422032e-11
43 6.975667e-12
44 3.274774e-12
45 4.659387e-09
46 3.130546e-09
47 2.006287e-09
48 1.248667e-09
49 7.847832e-10
50 5.042461e-10
51 3.320324e-10
52 2.203847e-10
53 1.439251e-10
54 9.032495e-11
55 5.356617e-11
56 2.976517e-11
57 1.550540e-11
58 7.631011e-12
59 3.590873e-12
60 4.864775e-09
61 3.274729e-09
62 2.101657e-09
63 1.307723e-09
64 8.209819e-10
65 5.268182e-10
66 3.465890e-10
67 2.300938e-10
68 1.504306e-10
69 9.461859e-11
70 5.626979e-11
71 3.135493e-11
72 1.636895e-11
73 8.073556e-12
74 3.805190e-12
75 5.019106e-09
76 3.382684e-09
77 2.173342e-09
78 1.352029e-09
79 8.481867e-10
80 5.437708e-10
81 3.574889e-10
82 2.373558e-10
83 1.553550e-10
84 9.786135e-11
85 5.828524e-11
86 3.253673e-11
87 1.701708e-11
88 8.401083e-12
89 3.962608e-12
90 5.144117e-09
91 3.470568e-09
92 2.231444e-09
93 1.388237e-09
94 8.703338e-10
95 5.574786e-10
96 3.663785e-10
97 2.432785e-10
98 1.593469e-10
99 1.004805e-10
100 5.993820e-11
101 3.350499e-11
102 1.754414e-11
103 8.670105e-12
104 4.092290e-12
105 5.254067e-09
106 3.547219e-09
107 2.282705e-09
108 1.419910e-09
109 8.896622e-10
110 5.695225e-10
111 3.741217e-10
112 2.484498e-10
113 1.627591e-10
114 1.027327e-10
115 6.134498e-11
116 3.434475e-11
117 1.800635e-11
118 8.905781e-12
119 4.202683e-12
120 5.329661e-09
121 3.601378e-09
122 2.318904e-09
123 1.442147e-09
124 9.032319e-10
125 5.778267e-10
126 3.794190e-10
127 2.520105e-10
128 1.652332e-10
129 1.043822e-10
130 6.240822e-11
131 3.496325e-11
132 1.834439e-11
133 9.079878e-12
134 4.290491e-12
135 5.477258e-09
136 3.703734e-09
137 2.386996e-09
138 1.484417e-09
139 9.291931e-10
140 5.941258e-10
141 3.899701e-10
142 2.589601e-10
143 1.699289e-10
144 1.074699e-10
145 6.432004e-11
146 3.607670e-11
147 1.894905e-11
148 9.384537e-12
149 4.436935e-12
150 7.894786e-09
151 5.435198e-09
152 3.569952e-09
153 2.229830e-09
154 1.382705e-09
155 8.717375e-10
156 5.653568e-10
157 3.741531e-10
158 2.473837e-10
159 1.592591e-10
160 9.767229e-11
161 5.628806e-11
162 3.033667e-11
163 1.535374e-11
164 7.375714e-12
165 9.974582e-09
166 6.953642e-09
167 4.633104e-09
168 2.924010e-09
169 1.803745e-09
170 1.127942e-09
171 7.236314e-10
172 4.758099e-10
173 3.150744e-10
174 2.047188e-10
175 1.275131e-10
176 7.490686e-11
177 4.118138e-11
178 2.121727e-11
179 1.033580e-11
180 1.118285e-08
181 7.840109e-09
182 5.254547e-09
183 3.333236e-09
184 2.052785e-09
185 1.279646e-09
186 8.167888e-10
187 5.354179e-10
188 3.545887e-10
189 2.312604e-10
190 1.449731e-10
191 8.584128e-11
192 4.759278e-11
193 2.471163e-11
194 1.211302e-11
195 1.199611e-08
196 8.437542e-09
197 5.673795e-09
198 3.609469e-09
199 2.221150e-09
200 1.381929e-09
201 8.795765e-10
202 5.756616e-10
203 3.812474e-10
204 2.491521e-10
205 1.567420e-10
206 9.322458e-11
207 5.192534e-11
208 2.707338e-11
209 1.331457e-11
210 1.260507e-08
211 8.885500e-09
212 5.988574e-09
213 3.815745e-09
214 2.347172e-09
215 1.458654e-09
216 9.267267e-10
217 6.057369e-10
218 4.011867e-10
219 2.625388e-10
220 1.655409e-10
221 9.875291e-11
222 5.516863e-11
223 2.883734e-11
224 1.421359e-11
225 1.310035e-08
226 9.247948e-09
227 6.242329e-09
228 3.983877e-09
229 2.449024e-09
230 1.520678e-09
231 9.647666e-10
232 6.301445e-10
233 4.173603e-10
234 2.733793e-10
235 1.726783e-10
236 1.032090e-10
237 5.777970e-11
238 3.026527e-11
239 1.493917e-11
240 1.352964e-08
241 9.563327e-09
242 6.464218e-09
243 4.130054e-09
244 2.538339e-09
245 1.574930e-09
246 9.979578e-10
247 6.513105e-10
248 4.314759e-10
249 2.828551e-10
250 1.789111e-10
251 1.071142e-10
252 6.007526e-11
253 3.151536e-11
254 1.556998e-11
255 1.386540e-08
256 9.811746e-09
257 6.640267e-09
258 4.247046e-09
259 2.608991e-09
260 1.617700e-09
261 1.024134e-09
262 6.679556e-10
263 4.425342e-10
264 2.903083e-10
265 1.838532e-10
266 1.102462e-10
267 6.192421e-11
268 3.252586e-11
269 1.609045e-11
270 1.441589e-08
271 1.021381e-08
272 6.920936e-09
273 4.430706e-09
274 2.720906e-09
275 1.686427e-09
276 1.066651e-09
277 6.951841e-10
278 4.604804e-10
279 3.023205e-10
280 1.917327e-10
281 1.151599e-10
282 6.478314e-11
283 3.408012e-11
284 1.687828e-11
285 1.363330e-08
286 9.697886e-09
287 6.586034e-09
288 4.249196e-09
289 2.618266e-09
290 1.621725e-09
291 1.022539e-09
292 6.634016e-10
293 4.376809e-10
294 2.868710e-10
295 1.821358e-10
296 1.098444e-10
297 6.220210e-11
298 3.297596e-11
299 1.645202e-11
300 1.603509e-08
301 1.153560e-08
302 7.904883e-09
303 5.158152e-09
304 3.190076e-09
305 1.966169e-09
306 1.230001e-09
307 7.918929e-10
308 5.205684e-10
309 3.419930e-10
310 2.188435e-10
311 1.335655e-10
312 7.671463e-11
313 4.126043e-11
314 2.084891e-11
315 1.767923e-08
316 1.279996e-08
317 8.813948e-09
318 5.786728e-09
319 3.587840e-09
320 2.204917e-09
321 1.374165e-09
322 8.809878e-10
323 5.778576e-10
324 3.800037e-10
325 2.441488e-10
326 1.499411e-10
327 8.675818e-11
328 4.701171e-11
329 2.391160e-11
330 1.891427e-08
331 1.374914e-08
332 9.493761e-09
333 6.255450e-09
334 3.885492e-09
335 2.383786e-09
336 1.481986e-09
337 9.476839e-10
338 6.208678e-10
339 4.084927e-10
340 2.630935e-10
341 1.621980e-10
342 9.427689e-11
343 5.131767e-11
344 2.620474e-11
345 1.991440e-08
346 1.451774e-08
347 1.004766e-08
348 6.638480e-09
349 4.126821e-09
350 2.528841e-09
351 1.569360e-09
352 1.001714e-09
353 6.555557e-10
354 4.315354e-10
355 2.784633e-10
356 1.721426e-10
357 1.003733e-10
358 5.481006e-11
359 2.806461e-11
360 2.078744e-08
361 1.518903e-08
362 1.053039e-08
363 6.970483e-09
364 4.337002e-09
365 2.655394e-09
366 1.645525e-09
367 1.048801e-09
368 6.858587e-10
369 4.516690e-10
370 2.918536e-10
371 1.808065e-10
372 1.056864e-10
373 5.784994e-11
374 2.968283e-11
375 2.149759e-08
376 1.573890e-08
377 1.092724e-08
378 7.246905e-09
379 4.511742e-09
380 2.760294e-09
381 1.708587e-09
382 1.087571e-09
383 7.107550e-10
384 4.682194e-10
385 3.029308e-10
386 1.880129e-10
387 1.101318e-10
388 6.040885e-11
389 3.105103e-11
390 2.257895e-08
391 1.656669e-08
392 1.151944e-08
393 7.654294e-09
394 4.769389e-09
395 2.915887e-09
396 1.802589e-09
397 1.145866e-09
398 7.482082e-10
399 4.930930e-10
400 3.194407e-10
401 1.986555e-10
402 1.166318e-10
403 6.411103e-11
404 3.301718e-11
405 1.965114e-08
406 1.439757e-08
407 9.989839e-09
408 6.621757e-09
409 4.143439e-09
410 2.537379e-09
411 1.573587e-09
412 1.000684e-09
413 6.524167e-10
414 4.285313e-10
415 2.764761e-10
416 1.712847e-10
417 1.003040e-10
418 5.509572e-11
419 2.839651e-11
420 2.230229e-08
421 1.652918e-08
422 1.155763e-08
423 7.724835e-09
424 4.874831e-09
425 2.976668e-09
426 1.838171e-09
427 1.160281e-09
428 7.522395e-10
429 4.934952e-10
430 3.195885e-10
431 1.995615e-10
432 1.181139e-10
433 6.565344e-11
434 3.422968e-11
435 2.429544e-08
436 1.813816e-08
437 1.273928e-08
438 8.558981e-09
439 5.427813e-09
440 3.309120e-09
441 2.038852e-09
442 1.281026e-09
443 8.278685e-10
444 5.426297e-10
445 3.521833e-10
446 2.209407e-10
447 1.315872e-10
448 7.364978e-11
449 3.865334e-11
450 2.592120e-08
451 1.944208e-08
452 1.370034e-08
453 9.235800e-09
454 5.875891e-09
455 3.579191e-09
456 2.201122e-09
457 1.378958e-09
458 8.888975e-10
459 5.824172e-10
460 3.785808e-10
461 2.382558e-10
462 1.424983e-10
463 8.012272e-11
464 4.223371e-11
465 2.733295e-08
466 2.058109e-08
467 1.453840e-08
468 9.824074e-09
469 6.266841e-09
470 3.814618e-09
471 2.342501e-09
472 1.464238e-09
473 9.423409e-10
474 6.171456e-10
475 4.016139e-10
476 2.533645e-10
477 1.520201e-10
478 8.577382e-11
479 4.535935e-11
480 2.851578e-08
481 2.153782e-08
482 1.524790e-08
483 1.032523e-08
484 6.601314e-09
485 4.015234e-09
486 2.463305e-09
487 1.536516e-09
488 9.874264e-10
489 6.464652e-10
490 4.211360e-10
491 2.662217e-10
492 1.601602e-10
493 9.062106e-11
494 4.805012e-11
495 3.023299e-08
496 2.291180e-08
497 1.625491e-08
498 1.103296e-08
499 7.068925e-09
500 4.296815e-09
501 2.633102e-09
502 1.639214e-09
503 1.051743e-09
504 6.883251e-10
505 4.488572e-10
506 2.843337e-10
507 1.715441e-10
508 9.735604e-11
509 5.176389e-11
510 2.599260e-08
511 1.959748e-08
512 1.386236e-08
513 9.363046e-09
514 5.990177e-09
515 3.657664e-09
516 2.247312e-09
517 1.403616e-09
518 9.016836e-10
519 5.891245e-10
520 3.825748e-10
521 2.410446e-10
522 1.446194e-10
523 8.170778e-11
524 4.332314e-11
525 2.889480e-08
526 2.203525e-08
527 1.570892e-08
528 1.068052e-08
529 6.891979e-09
530 4.214552e-09
531 2.580898e-09
532 1.601412e-09
533 1.022753e-09
534 6.660576e-10
535 4.330146e-10
536 2.742302e-10
537 1.658785e-10
538 9.465816e-11
539 5.071621e-11
540 3.124902e-08
541 2.401192e-08
542 1.720537e-08
543 1.174965e-08
544 7.622694e-09
545 4.666853e-09
546 2.850727e-09
547 1.761739e-09
548 1.120564e-09
549 7.283772e-10
550 4.738821e-10
551 3.011227e-10
552 1.831073e-10
553 1.051527e-10
554 5.670694e-11
555 3.329841e-08
556 2.573327e-08
557 1.851039e-08
558 1.267874e-08
559 8.258946e-09
560 5.059363e-09
561 3.085719e-09
562 1.901304e-09
563 1.205917e-09
564 7.826267e-10
565 5.094559e-10
566 3.245335e-10
567 1.981059e-10
568 1.142877e-10
569 6.192049e-11
570 3.505340e-08
571 2.721974e-08
572 1.964251e-08
573 1.348869e-08
574 8.816072e-09
575 5.403589e-09
576 3.291135e-09
577 2.022785e-09
578 1.279983e-09
579 8.296687e-10
580 5.403384e-10
581 3.449121e-10
582 2.112130e-10
583 1.223056e-10
584 6.651466e-11
585 3.751928e-08
586 2.927421e-08
587 2.119383e-08
588 1.459149e-08
589 9.567017e-09
590 5.867511e-09
591 3.568920e-09
592 2.187903e-09
593 1.381174e-09
594 8.941079e-10
595 5.825871e-10
596 3.726648e-10
597 2.289422e-10
598 1.330690e-10
599 7.263960e-11
600 3.275942e-08
601 2.538812e-08
602 1.831629e-08
603 1.256125e-08
604 8.200099e-09
605 5.047082e-09
606 3.075283e-09
607 1.893818e-09
608 1.198522e-09
609 7.758344e-10
610 5.040637e-10
611 3.208674e-10
612 1.960052e-10
613 1.133182e-10
614 6.160574e-11
615 3.598400e-08
616 2.820300e-08
617 2.051884e-08
618 1.415672e-08
619 9.311408e-09
620 5.760883e-09
621 3.498222e-09
622 2.144687e-09
623 1.348725e-09
624 8.691667e-10
625 5.642160e-10
626 3.602660e-10
627 2.214635e-10
628 1.291282e-10
629 7.087403e-11
630 3.878503e-08
631 3.064707e-08
632 2.243149e-08
633 1.553763e-08
634 1.027435e-08
635 6.378369e-09
636 3.864011e-09
637 2.361619e-09
638 1.478876e-09
639 9.499520e-10
640 6.163276e-10
641 3.944196e-10
642 2.435383e-10
643 1.428344e-10
644 7.890429e-11
645 4.121667e-08
646 3.278597e-08
647 2.411304e-08
648 1.675802e-08
649 1.112702e-08
650 6.926420e-09
651 4.187801e-09
652 2.553621e-09
653 1.593477e-09
654 1.021002e-09
655 6.621541e-10
656 4.245059e-10
657 2.630440e-10
658 1.549898e-10
659 8.605015e-11
660 4.454495e-08
661 3.566613e-08
662 2.635811e-08
663 1.837632e-08
664 1.225046e-08
665 7.646225e-09
666 4.614563e-09
667 2.806879e-09
668 1.745637e-09
669 1.115764e-09
670 7.232939e-10
671 4.645311e-10
672 2.888559e-10
673 1.709704e-10
674 9.538646e-11
675 4.017016e-08
676 3.197408e-08
677 2.355930e-08
678 1.639075e-08
679 1.088480e-08
680 6.802436e-09
681 4.117063e-09
682 2.512712e-09
683 1.565707e-09
684 1.001136e-09
685 6.478223e-10
686 4.145542e-10
687 2.566384e-10
688 1.512438e-10
689 8.409756e-11
690 4.388941e-08
691 3.533192e-08
692 2.628393e-08
693 1.839672e-08
694 1.229895e-08
695 7.741936e-09
696 4.677357e-09
697 2.846105e-09
698 1.761895e-09
699 1.120029e-09
700 7.228840e-10
701 4.632189e-10
702 2.881501e-10
703 1.710750e-10
704 9.597226e-11
705 4.713253e-08
706 3.829034e-08
707 2.868553e-08
708 2.017310e-08
709 1.355278e-08
710 8.576564e-09
711 5.173341e-09
712 3.140791e-09
713 1.934968e-09
714 1.224759e-09
715 7.890543e-10
716 5.061865e-10
717 3.160514e-10
718 1.886881e-10
719 1.065504e-10
720 5.147967e-08
721 4.219387e-08
722 3.181982e-08
723 2.247826e-08
724 1.517153e-08
725 9.649720e-09
726 5.812141e-09
727 3.521453e-09
728 2.159222e-09
729 1.361225e-09
730 8.753495e-10
731 5.621611e-10
732 3.522566e-10
733 2.114155e-10
734 1.201217e-10
735 4.867245e-08
736 3.979692e-08
737 3.001305e-08
738 2.121133e-08
739 1.430015e-08
740 9.105698e-09
741 5.507618e-09
742 3.338417e-09
743 2.048028e-09
744 1.290364e-09
745 8.281378e-10
746 5.304506e-10
747 3.315336e-10
748 1.985858e-10
749 1.127266e-10
750 5.297007e-08
751 4.384675e-08
752 3.343194e-08
753 2.380105e-08
754 1.614692e-08
755 1.036880e-08
756 6.280059e-09
757 3.795001e-09
758 2.312874e-09
759 1.447500e-09
760 9.248514e-10
761 5.920889e-10
762 3.713192e-10
763 2.238776e-10
764 1.281889e-10
765 5.857987e-08
766 4.905710e-08
767 3.776590e-08
768 2.706458e-08
769 1.846437e-08
770 1.194586e-08
771 7.242029e-09
772 4.364963e-09
773 2.644086e-09
774 1.645185e-09
775 1.047036e-09
776 6.701216e-10
777 4.216069e-10
778 2.557132e-10
779 1.475464e-10
780 5.860222e-08
781 4.932408e-08
782 3.821810e-08
783 2.753945e-08
784 1.884720e-08
785 1.224940e-08
786 7.474481e-09
787 4.495071e-09
788 2.718316e-09
789 1.683718e-09
790 1.066586e-09
791 6.803575e-10
792 4.275965e-10
793 2.596764e-10
794 1.503468e-10
795 6.591291e-08
796 5.635439e-08
797 4.431159e-08
798 3.228416e-08
799 2.226713e-08
800 1.462201e-08
801 8.983742e-09
802 5.380170e-09
803 3.233083e-09
804 1.984110e-09
805 1.247138e-09
806 7.927815e-10
807 4.990994e-10
808 3.049854e-10
809 1.782768e-10
810 7.612010e-08
811 6.655940e-08
812 5.359416e-08
813 3.984063e-08
814 2.785268e-08
815 1.855760e-08
816 1.160531e-08
817 6.931529e-09
818 4.141823e-09
819 2.502626e-09
820 1.548091e-09
821 9.735498e-10
822 6.110716e-10
823 3.752079e-10
824 2.218309e-10
825 5.054590e-07
826 3.691904e-07
827 2.735627e-07
828 1.702856e-07
829 1.037366e-07
830 6.145547e-08
831 3.752492e-08
832 2.407362e-08
833 1.625091e-08
834 0.000000e+00
835 0.000000e+00
836 0.000000e+00
837 0.000000e+00
838 0.000000e+00
839 0.000000e+00
840 7.609676e-07
841 5.559549e-07
842 4.123968e-07
843 2.596339e-07
844 1.577816e-07
845 9.335661e-08
846 5.689699e-08
847 3.636666e-08
848 2.448236e-08
849 0.000000e+00
850 0.000000e+00
851 0.000000e+00
852 0.000000e+00
853 0.000000e+00
854 0.000000e+00
855 9.034708e-07
856 6.601393e-07
857 4.898344e-07
858 3.095543e-07
859 1.879543e-07
860 1.111685e-07
861 6.771198e-08
862 4.322638e-08
863 2.907417e-08
864 0.000000e+00
865 0.000000e+00
866 0.000000e+00
867 0.000000e+00
868 0.000000e+00
869 0.000000e+00
870 9.993278e-07
871 7.302182e-07
872 5.419243e-07
873 3.431341e-07
874 2.082519e-07
875 1.231503e-07
876 7.498702e-08
877 4.784112e-08
878 3.216291e-08
879 0.000000e+00
880 0.000000e+00
881 0.000000e+00
882 0.000000e+00
883 0.000000e+00
884 0.000000e+00
885 1.071193e-06
886 7.827614e-07
887 5.809742e-07
888 3.683088e-07
889 2.234694e-07
890 1.321335e-07
891 8.044121e-08
892 5.130076e-08
893 3.447879e-08
894 0.000000e+00
895 0.000000e+00
896 0.000000e+00
897 0.000000e+00
898 0.000000e+00
899 0.000000e+00
900 1.129439e-06
901 8.253442e-07
902 6.126261e-07
903 3.887123e-07
904 2.358020e-07
905 1.394142e-07
906 8.486152e-08
907 5.410480e-08
908 3.635564e-08
909 0.000000e+00
910 0.000000e+00
911 0.000000e+00
912 0.000000e+00
913 0.000000e+00
914 0.000000e+00
915 1.180268e-06
916 8.625041e-07
917 6.402459e-07
918 4.065191e-07
919 2.465652e-07
920 1.457672e-07
921 8.871918e-08
922 5.655163e-08
923 3.799350e-08
924 0.000000e+00
925 0.000000e+00
926 0.000000e+00
927 0.000000e+00
928 0.000000e+00
929 0.000000e+00
930 1.221890e-06
931 8.929363e-07
932 6.628694e-07
933 4.211366e-07
934 2.553961e-07
935 1.509787e-07
936 9.188247e-08
937 5.855661e-08
938 3.933478e-08
939 0.000000e+00
940 0.000000e+00
941 0.000000e+00
942 0.000000e+00
943 0.000000e+00
944 0.000000e+00
945 1.284683e-06
946 9.388454e-07
947 6.969857e-07
948 4.430983e-07
949 2.686743e-07
950 1.588185e-07
951 9.664394e-08
952 6.157795e-08
953 4.135810e-08
954 0.000000e+00
955 0.000000e+00
956 0.000000e+00
957 0.000000e+00
958 0.000000e+00
959 0.000000e+00
960 3.371209e-07
961 2.684815e-07
962 1.947561e-07
963 1.460536e-07
964 9.035757e-08
965 5.531225e-08
966 3.214989e-08
967 1.922399e-08
968 1.204762e-08
969 7.976554e-09
970 0.000000e+00
971 0.000000e+00
972 0.000000e+00
973 0.000000e+00
974 0.000000e+00
975 5.201601e-07
976 4.171022e-07
977 3.028521e-07
978 2.269050e-07
979 1.422064e-07
980 8.670752e-08
981 5.036222e-08
982 3.007382e-08
983 1.877885e-08
984 1.239681e-08
985 0.000000e+00
986 0.000000e+00
987 0.000000e+00
988 0.000000e+00
989 0.000000e+00
990 6.448120e-07
991 5.183992e-07
992 3.765467e-07
993 2.820115e-07
994 1.775998e-07
995 1.081223e-07
996 6.278598e-08
997 3.747520e-08
998 2.336911e-08
999 1.541004e-08
1000 0.000000e+00
1001 0.000000e+00
1002 0.000000e+00
1003 0.000000e+00
1004 0.000000e+00
1005 7.382357e-07
1006 5.943126e-07
1007 4.317715e-07
1008 3.233096e-07
1009 2.041234e-07
1010 1.241698e-07
1011 7.209649e-08
1012 4.302199e-08
1013 2.680897e-08
1014 1.766814e-08
1015 0.000000e+00
1016 0.000000e+00
1017 0.000000e+00
1018 0.000000e+00
1019 0.000000e+00
1020 8.139596e-07
1021 6.558390e-07
1022 4.765327e-07
1023 3.567807e-07
1024 2.256220e-07
1025 1.371778e-07
1026 7.964314e-08
1027 4.751755e-08
1028 2.959718e-08
1029 1.949827e-08
1030 0.000000e+00
1031 0.000000e+00
1032 0.000000e+00
1033 0.000000e+00
1034 0.000000e+00
1035 8.800254e-07
1036 7.095243e-07
1037 5.155916e-07
1038 3.859857e-07
1039 2.443794e-07
1040 1.485270e-07
1041 8.622743e-08
1042 5.144028e-08
1043 3.202995e-08
1044 2.109535e-08
1045 0.000000e+00
1046 0.000000e+00
1047 0.000000e+00
1048 0.000000e+00
1049 0.000000e+00
1050 9.376319e-07
1051 7.563658e-07
1052 5.496694e-07
1053 4.114656e-07
1054 2.607626e-07
1055 1.584377e-07
1056 9.197664e-08
1057 5.486471e-08
1058 3.415309e-08
1059 2.248867e-08
1060 0.000000e+00
1061 0.000000e+00
1062 0.000000e+00
1063 0.000000e+00
1064 0.000000e+00
1065 1.015768e-06
1066 8.198310e-07
1067 5.958365e-07
1068 4.459927e-07
1069 2.829175e-07
1070 1.718473e-07
1071 9.975607e-08
1072 5.949995e-08
1073 3.702828e-08
1074 2.437647e-08
1075 0.000000e+00
1076 0.000000e+00
1077 0.000000e+00
1078 0.000000e+00
1079 0.000000e+00
1080 1.975501e-07
1081 1.796441e-07
1082 1.383867e-07
1083 1.000764e-07
1084 7.498926e-08
1085 4.333978e-08
1086 2.656131e-08
1087 1.531538e-08
1088 9.057481e-09
1089 5.635354e-09
1090 0.000000e+00
1091 0.000000e+00
1092 0.000000e+00
1093 0.000000e+00
1094 0.000000e+00
1095 3.302906e-07
1096 3.017163e-07
1097 2.334033e-07
1098 1.686808e-07
1099 1.265857e-07
1100 7.358220e-08
1101 4.521682e-08
1102 2.600879e-08
1103 1.532526e-08
1104 9.512576e-09
1105 0.000000e+00
1106 0.000000e+00
1107 0.000000e+00
1108 0.000000e+00
1109 0.000000e+00
1110 4.306280e-07
1111 3.940342e-07
1112 3.052903e-07
1113 2.205836e-07
1114 1.656231e-07
1115 9.648066e-08
1116 5.934314e-08
1117 3.410487e-08
1118 2.006900e-08
1119 1.244630e-08
1120 0.000000e+00
1121 0.000000e+00
1122 0.000000e+00
1123 0.000000e+00
1124 0.000000e+00
1125 5.118675e-07
1126 4.687719e-07
1127 3.634880e-07
1128 2.626035e-07
1129 1.972257e-07
1130 1.150174e-07
1131 7.077884e-08
1132 4.065897e-08
1133 2.390921e-08
1134 1.482137e-08
1135 0.000000e+00
1136 0.000000e+00
1137 0.000000e+00
1138 0.000000e+00
1139 0.000000e+00
1140 5.827486e-07
1141 5.339873e-07
1142 4.142683e-07
1143 2.992682e-07
1144 2.248018e-07
1145 1.311919e-07
1146 8.075741e-08
1147 4.637790e-08
1148 2.726008e-08
1149 1.689370e-08
1150 0.000000e+00
1151 0.000000e+00
1152 0.000000e+00
1153 0.000000e+00
1154 0.000000e+00
1155 6.464868e-07
1156 5.926388e-07
1157 4.599480e-07
1158 3.322486e-07
1159 2.496085e-07
1160 1.457458e-07
1161 8.973673e-08
1162 5.152373e-08
1163 3.027471e-08
1164 1.875787e-08
1165 0.000000e+00
1166 0.000000e+00
1167 0.000000e+00
1168 0.000000e+00
1169 0.000000e+00
1170 7.283846e-07
1171 6.679733e-07
1172 5.186008e-07
1173 3.745984e-07
1174 2.814577e-07
1175 1.644239e-07
1176 1.012585e-07
1177 5.812754e-08
1178 3.414473e-08
1179 2.115149e-08
1180 0.000000e+00
1181 0.000000e+00
1182 0.000000e+00
1183 0.000000e+00
1184 0.000000e+00
1185 1.303832e-07
1186 1.286719e-07
1187 1.081739e-07
1188 7.900929e-08
1189 5.870226e-08
1190 3.987794e-08
1191 2.354074e-08
1192 1.341087e-08
1193 7.752167e-09
1194 4.581502e-09
1195 2.870289e-09
1196 0.000000e+00
1197 0.000000e+00
1198 0.000000e+00
1199 0.000000e+00
1200 2.309516e-07
1201 2.286177e-07
1202 1.929726e-07
1203 1.412114e-07
1204 1.047317e-07
1205 7.168720e-08
1206 4.209271e-08
1207 2.401617e-08
1208 1.390264e-08
1209 8.200579e-09
1210 5.126212e-09
1211 0.000000e+00
1212 0.000000e+00
1213 0.000000e+00
1214 0.000000e+00
1215 3.123230e-07
1216 3.095003e-07
1217 2.616146e-07
1218 1.915692e-07
1219 1.419925e-07
1220 9.744465e-08
1221 5.711207e-08
1222 3.260329e-08
1223 1.888241e-08
1224 1.113063e-08
1225 6.952514e-09
1226 0.000000e+00
1227 0.000000e+00
1228 0.000000e+00
1229 0.000000e+00
1230 3.831935e-07
1231 3.799432e-07
1232 3.213903e-07
1233 2.354215e-07
1234 1.744400e-07
1235 1.198757e-07
1236 7.019122e-08
1237 4.008120e-08
1238 2.321897e-08
1239 1.368230e-08
1240 8.542871e-09
1241 0.000000e+00
1242 0.000000e+00
1243 0.000000e+00
1244 0.000000e+00
1245 4.479889e-07
1246 4.443469e-07
1247 3.760516e-07
1248 2.755231e-07
1249 2.041120e-07
1250 1.403905e-07
1251 8.215209e-08
1252 4.692000e-08
1253 2.718501e-08
1254 1.601582e-08
1255 9.997221e-09
1256 0.000000e+00
1257 0.000000e+00
1258 0.000000e+00
1259 0.000000e+00
1260 5.288015e-07
1261 5.246659e-07
1262 4.442070e-07
1263 3.255223e-07
1264 2.411084e-07
1265 1.659601e-07
1266 9.706421e-08
1267 5.544503e-08
1268 3.212871e-08
1269 1.892488e-08
1270 1.181051e-08
1271 0.000000e+00
1272 0.000000e+00
1273 0.000000e+00
1274 0.000000e+00
1275 9.296751e-08
1276 9.677592e-08
1277 8.754345e-08
1278 6.695068e-08
1279 4.839849e-08
1280 3.624681e-08
1281 2.047234e-08
1282 1.235866e-08
1283 6.985011e-09
1284 4.035787e-09
1285 2.416707e-09
1286 0.000000e+00
1287 0.000000e+00
1288 0.000000e+00
1289 0.000000e+00
1290 1.733603e-07
1291 1.808873e-07
1292 1.642038e-07
1293 1.259664e-07
1294 9.099608e-08
1295 6.826808e-08
1296 3.868461e-08
1297 2.343924e-08
1298 1.321416e-08
1299 7.613783e-09
1300 4.549148e-09
1301 0.000000e+00
1302 0.000000e+00
1303 0.000000e+00
1304 0.000000e+00
1305 2.424634e-07
1306 2.531893e-07
1307 2.301013e-07
1308 1.766982e-07
1309 1.276148e-07
1310 9.579444e-08
1311 5.434249e-08
1312 3.296555e-08
1313 1.856967e-08
1314 1.068970e-08
1315 6.382326e-09
1316 0.000000e+00
1317 0.000000e+00
1318 0.000000e+00
1319 0.000000e+00
1320 3.062112e-07
1321 3.198865e-07
1322 2.908926e-07
1323 2.235011e-07
1324 1.613974e-07
1325 1.211888e-07
1326 6.878711e-08
1327 4.175388e-08
1328 2.351021e-08
1329 1.352724e-08
1330 8.073489e-09
1331 0.000000e+00
1332 0.000000e+00
1333 0.000000e+00
1334 0.000000e+00
1335 3.841561e-07
1336 4.014323e-07
1337 3.652105e-07
1338 2.807097e-07
1339 2.026908e-07
1340 1.522281e-07
1341 8.644124e-08
1342 5.249408e-08
1343 2.954836e-08
1344 1.699550e-08
1345 1.014064e-08
1346 0.000000e+00
1347 0.000000e+00
1348 0.000000e+00
1349 0.000000e+00
1350 7.059228e-08
1351 7.638867e-08
1352 7.322055e-08
1353 5.930637e-08
1354 4.278056e-08
1355 3.225638e-08
1356 2.012599e-08
1357 1.234624e-08
1358 6.854003e-09
1359 3.773627e-09
1360 2.181913e-09
1361 1.327423e-09
1362 0.000000e+00
1363 0.000000e+00
1364 0.000000e+00
1365 1.383978e-07
1366 1.500499e-07
1367 1.442505e-07
1368 1.172452e-07
1369 8.464026e-08
1370 6.374576e-08
1371 4.009185e-08
1372 2.450860e-08
1373 1.360926e-08
1374 7.497652e-09
1375 4.323422e-09
1376 2.623491e-09
1377 0.000000e+00
1378 0.000000e+00
1379 0.000000e+00
1380 1.999281e-07
1381 2.168901e-07
1382 2.086976e-07
1383 1.698086e-07
1384 1.226162e-07
1385 9.231383e-08
1386 5.820123e-08
1387 3.554105e-08
1388 1.973688e-08
1389 1.087582e-08
1390 6.266123e-09
1391 3.799324e-09
1392 0.000000e+00
1393 0.000000e+00
1394 0.000000e+00
1395 2.739546e-07
1396 2.973002e-07
1397 2.862206e-07
1398 2.330303e-07
1399 1.682909e-07
1400 1.266749e-07
1401 7.997821e-08
1402 4.880901e-08
1403 2.710609e-08
1404 1.493828e-08
1405 8.602574e-09
1406 5.213599e-09
1407 0.000000e+00
1408 0.000000e+00
1409 0.000000e+00
1410 5.720739e-08
1411 6.382911e-08
1412 6.409513e-08
1413 5.502208e-08
1414 4.054197e-08
1415 2.986840e-08
1416 2.102149e-08
1417 1.200185e-08
1418 6.753563e-09
1419 3.821838e-09
1420 2.126038e-09
1421 1.240449e-09
1422 0.000000e+00
1423 0.000000e+00
1424 0.000000e+00
1425 1.172708e-07
1426 1.310664e-07
1427 1.319522e-07
1428 1.136783e-07
1429 8.393513e-08
1430 6.174309e-08
1431 4.370510e-08
1432 2.485383e-08
1433 1.402260e-08
1434 7.933564e-09
1435 4.410584e-09
1436 2.567194e-09
1437 0.000000e+00
1438 0.000000e+00
1439 0.000000e+00
1440 1.864659e-07
1441 2.085133e-07
1442 2.100928e-07
1443 1.811975e-07
1444 1.338744e-07
1445 9.843172e-08
1446 6.979941e-08
1447 3.964442e-08
1448 2.238585e-08
1449 1.266432e-08
1450 7.039246e-09
1451 4.094128e-09
1452 0.000000e+00
1453 0.000000e+00
1454 0.000000e+00
1455 4.983993e-08
1456 5.710257e-08
1457 5.966723e-08
1458 5.418716e-08
1459 4.153642e-08
1460 3.000272e-08
1461 2.253017e-08
1462 1.262394e-08
1463 7.546551e-09
1464 4.135864e-09
1465 2.281049e-09
1466 1.274085e-09
1467 0.000000e+00
1468 0.000000e+00
1469 0.000000e+00
1470 1.144179e-07
1471 1.312911e-07
1472 1.374998e-07
1473 1.252944e-07
1474 9.633672e-08
1475 6.954042e-08
1476 5.230427e-08
1477 2.941251e-08
1478 1.765421e-08
1479 9.654094e-09
1480 5.309427e-09
1481 2.958519e-09
1482 0.000000e+00
1483 0.000000e+00
1484 0.000000e+00
1485 5.314490e-08
1486 6.244227e-08
1487 6.769567e-08
1488 6.497640e-08
1489 5.267140e-08
1490 3.800313e-08
1491 2.867184e-08
1492 1.781705e-08
1493 1.084595e-08
1494 5.885447e-09
1495 3.099507e-09
1496 1.672616e-09
1497 9.316728e-10
1498 0.000000e+00
1499 0.000000e+00
1500 1.109684e-04
1501 8.086786e-05
1502 6.035546e-05
1503 3.805236e-05
1504 2.321989e-05
1505 1.369104e-05
1506 8.324421e-06
1507 5.304277e-06
1508 3.565556e-06
1509 0.000000e+00
1510 0.000000e+00
1511 0.000000e+00
1512 0.000000e+00
1513 0.000000e+00
1514 0.000000e+00
1515 5.757601e-05
1516 4.644359e-05
1517 3.369791e-05
1518 2.528332e-05
1519 1.597668e-05
1520 9.754545e-06
1521 5.648866e-06
1522 3.364481e-06
1523 2.093966e-06
1524 1.379138e-06
1525 0.000000e+00
1526 0.000000e+00
1527 0.000000e+00
1528 0.000000e+00
1529 0.000000e+00
1530 4.047788e-05
1531 3.713775e-05
1532 2.882267e-05
1533 2.080348e-05
1534 1.566222e-05
1535 9.111532e-06
1536 5.625604e-06
1537 3.225263e-06
1538 1.896511e-06
1539 1.174730e-06
1540 0.000000e+00
1541 0.000000e+00
1542 0.000000e+00
1543 0.000000e+00
1544 0.000000e+00
1545 2.912801e-05
1546 2.891312e-05
1547 2.448503e-05
1548 1.793535e-05
1549 1.328396e-05
1550 9.154542e-06
1551 5.351144e-06
1552 3.053081e-06
1553 1.771954e-06
1554 1.042590e-06
1555 6.506122e-07
1556 0.000000e+00
1557 0.000000e+00
1558 0.000000e+00
1559 0.000000e+00
1560 2.085098e-05
1561 2.179680e-05
1562 1.983793e-05
1563 1.524768e-05
1564 1.100576e-05
1565 8.274949e-06
1566 4.689296e-06
1567 2.850415e-06
1568 1.602925e-06
1569 9.233707e-07
1570 5.506294e-07
1571 0.000000e+00
1572 0.000000e+00
1573 0.000000e+00
1574 0.000000e+00
1575 1.487210e-05
1576 1.614453e-05
1577 1.554949e-05
1578 1.266314e-05
1579 9.143013e-06
1580 6.883420e-06
1581 4.347301e-06
1582 2.655947e-06
1583 1.474901e-06
1584 8.112783e-07
1585 4.673052e-07
1586 2.832009e-07
1587 0.000000e+00
1588 0.000000e+00
1589 0.000000e+00
1590 1.001028e-05
1591 1.119728e-05
1592 1.128693e-05
1593 9.739022e-06
1594 7.195644e-06
1595 5.289411e-06
1596 3.755371e-06
1597 2.130464e-06
1598 1.202339e-06
1599 6.811759e-07
1600 3.783133e-07
1601 2.200058e-07
1602 0.000000e+00
1603 0.000000e+00
1604 0.000000e+00
1605 6.201116e-06
1606 7.118100e-06
1607 7.458527e-06
1608 6.801106e-06
1609 5.231433e-06
1610 3.775220e-06
1611 2.841823e-06
1612 1.597077e-06
1613 9.596537e-07
1614 5.242846e-07
1615 2.885232e-07
1616 1.606418e-07
1617 0.000000e+00
1618 0.000000e+00
1619 0.000000e+00
1620 3.163407e-06
1621 3.720115e-06
1622 4.038202e-06
1623 3.883392e-06
1624 3.154630e-06
1625 2.276770e-06
1626 1.716871e-06
1627 1.071974e-06
1628 6.518364e-07
1629 3.538249e-07
1630 1.861971e-07
1631 1.003484e-07
1632 5.578990e-08
1633 0.000000e+00
1634 0.000000e+00
1635 8.891198e-07
1636 1.072208e-06
1637 1.206146e-06
1638 1.224576e-06
1639 1.066696e-06
1640 7.933436e-07
1641 5.815894e-07
1642 4.169104e-07
1643 2.343421e-07
1644 1.314261e-07
1645 7.164692e-08
1646 3.730540e-08
1647 1.958823e-08
1648 0.000000e+00
1649 0.000000e+00
