0 2.198739e-09
1 1.427468e-09
2 8.972375e-10
3 5.654098e-10
4 3.636898e-10
5 2.394902e-10
6 1.593119e-10
7 1.045954e-10
8 6.621521e-11
9 3.971425e-11
10 2.234986e-11
11 1.178785e-11
12 5.867461e-12
13 2.788164e-12
14 1.280752e-12
15 3.727672e-09
16 2.476704e-09
17 1.572443e-09
18 9.800270e-10
19 6.201161e-10
20 4.019521e-10
21 2.661072e-10
22 1.764874e-10
23 1.143653e-10
24 7.085619e-11
25 4.134044e-11
26 2.257874e-11
27 1.157590e-11
28 5.624846e-12
29 2.622935e-12
30 4.259404e-09
31 2.848536e-09
32 1.817784e-09
33 1.131343e-09
34 7.130004e-10
35 4.597964e-10
36 3.035014e-10
37 2.014997e-10
38 1.312091e-10
39 8.192292e-11
40 4.826259e-11
41 2.662709e-11
42 1.377323e-11
43 6.740175e-12
44 3.158461e-12
45 4.551666e-09
46 3.052933e-09
47 1.952669e-09
48 1.214516e-09
49 7.640396e-10
50 4.915732e-10
51 3.240932e-10
52 2.152117e-10
53 1.404568e-10
54 8.799993e-11
55 5.205855e-11
56 2.884081e-11
57 1.497839e-11
58 7.351854e-12
59 3.452407e-12
60 4.747394e-09
61 3.189965e-09
62 2.042934e-09
63 1.270199e-09
64 7.981932e-10
65 5.129163e-10
66 3.379040e-10
67 2.244464e-10
68 1.466461e-10
69 9.208029e-11
70 5.461861e-11
71 3.034026e-11
72 1.578806e-11
73 7.761745e-12
74 3.650055e-12
75 4.894608e-09
76 3.292650e-09
77 2.110868e-09
78 1.311946e-09
79 8.238501e-10
80 5.289326e-10
81 3.482568e-10
82 2.313603e-10
83 1.513396e-10
84 9.516391e-11
85 5.652981e-11
86 3.145480e-11
87 1.639641e-11
88 8.070759e-12
89 3.797724e-12
90 5.013634e-09
91 3.376195e-09
92 2.165895e-09
93 1.346155e-09
94 8.447859e-10
95 5.419164e-10
96 3.566790e-10
97 2.369900e-10
98 1.551387e-10
99 9.765458e-11
100 5.809577e-11
101 3.236893e-11
102 1.689142e-11
103 8.321675e-12
104 3.918433e-12
105 5.118434e-09
106 3.449067e-09
107 2.214426e-09
108 1.376017e-09
109 8.630429e-10
110 5.533137e-10
111 3.640267e-10
112 2.419069e-10
113 1.583793e-10
114 9.979019e-11
115 5.942636e-11
116 3.315975e-11
117 1.732429e-11
118 8.541414e-12
119 4.020725e-12
120 5.217838e-09
121 3.518949e-09
122 2.260476e-09
123 1.404333e-09
124 8.804200e-10
125 5.641036e-10
126 3.709815e-10
127 2.465790e-10
128 1.615834e-10
129 1.018951e-10
130 6.075299e-11
131 3.392031e-11
132 1.773473e-11
133 8.749648e-12
134 4.124069e-12
135 5.331436e-09
136 3.597957e-09
137 2.313258e-09
138 1.436907e-09
139 9.003732e-10
140 5.765930e-10
141 3.790778e-10
142 2.519083e-10
143 1.652134e-10
144 1.043020e-10
145 6.224873e-11
146 3.479566e-11
147 1.821031e-11
148 8.989200e-12
149 4.238943e-12
150 7.866350e-09
151 5.413562e-09
152 3.554091e-09
153 2.218525e-09
154 1.375905e-09
155 8.676157e-10
156 5.629248e-10
157 3.726680e-10
158 2.464235e-10
159 1.586109e-10
160 9.723035e-11
161 5.599598e-11
162 3.015510e-11
163 1.524926e-11
164 7.320589e-12
165 9.935436e-09
166 6.922939e-09
167 4.610661e-09
168 2.907640e-09
169 1.793583e-09
170 1.121756e-09
171 7.200309e-10
172 4.736453e-10
173 3.136966e-10
174 2.038014e-10
175 1.268891e-10
176 7.449001e-11
177 4.091707e-11
178 2.106404e-11
179 1.025254e-11
180 1.112484e-08
181 7.794082e-09
182 5.220872e-09
183 3.308565e-09
184 2.037226e-09
185 1.270228e-09
186 8.112811e-10
187 5.321099e-10
188 3.525092e-10
189 2.298829e-10
190 1.440382e-10
191 8.521526e-11
192 4.719371e-11
193 2.447547e-11
194 1.198432e-11
195 1.192461e-08
196 8.380553e-09
197 5.631807e-09
198 3.578739e-09
199 2.201524e-09
200 1.370146e-09
201 8.726415e-10
202 5.715165e-10
203 3.786477e-10
204 2.474451e-10
205 1.555847e-10
206 9.244885e-11
207 5.142947e-11
208 2.677711e-11
209 1.315216e-11
210 1.252319e-08
211 8.819275e-09
212 5.940428e-09
213 3.780308e-09
214 2.324542e-09
215 1.444932e-09
216 9.186623e-10
217 6.009687e-10
218 3.981715e-10
219 2.605533e-10
220 1.641958e-10
221 9.785088e-11
222 5.459100e-11
223 2.849641e-11
224 1.402615e-11
225 1.301016e-08
226 9.175256e-09
227 6.188977e-09
228 3.944753e-09
229 2.423885e-09
230 1.505565e-09
231 9.558837e-10
232 6.248618e-10
233 4.140429e-10
234 2.711998e-10
235 1.712020e-10
236 1.022187e-10
237 5.714523e-11
238 2.988607e-11
239 1.473058e-11
240 1.343195e-08
241 9.484706e-09
242 6.406385e-09
243 4.087615e-09
244 2.511071e-09
245 1.558552e-09
246 9.883300e-10
247 6.455592e-10
248 4.278872e-10
249 2.804925e-10
250 1.773104e-10
251 1.060407e-10
252 5.938701e-11
253 3.110434e-11
254 1.534378e-11
255 1.383531e-08
256 9.780145e-09
257 6.614025e-09
258 4.224468e-09
259 2.593726e-09
260 1.608820e-09
261 1.019305e-09
262 6.653771e-10
263 4.410642e-10
264 2.893388e-10
265 1.831286e-10
266 1.096893e-10
267 6.151965e-11
268 3.225996e-11
269 1.593412e-11
270 1.430441e-08
271 1.012368e-08
272 6.854627e-09
273 4.381960e-09
274 2.689421e-09
275 1.667535e-09
276 1.055540e-09
277 6.885577e-10
278 4.563480e-10
279 2.996084e-10
280 1.898967e-10
281 1.139268e-10
282 6.399203e-11
283 3.360600e-11
284 1.661720e-11
285 1.361727e-08
286 9.684127e-09
287 6.575789e-09
288 4.241665e-09
289 2.612982e-09
290 1.618630e-09
291 1.020715e-09
292 6.623256e-10
293 4.370286e-10
294 2.864535e-10
295 1.818569e-10
296 1.096558e-10
297 6.207806e-11
298 3.289907e-11
299 1.640809e-11
300 1.601414e-08
301 1.151717e-08
302 7.890952e-09
303 5.147968e-09
304 3.182740e-09
305 1.961875e-09
306 1.227421e-09
307 7.903902e-10
308 5.196694e-10
309 3.414223e-10
310 2.184669e-10
311 1.333112e-10
312 7.654646e-11
313 4.115508e-11
314 2.078775e-11
315 1.764783e-08
316 1.277206e-08
317 8.792626e-09
318 5.771215e-09
319 3.576575e-09
320 2.198279e-09
321 1.370165e-09
322 8.786660e-10
323 5.764791e-10
324 3.791356e-10
325 2.435757e-10
326 1.495546e-10
327 8.650212e-11
328 4.685009e-11
329 2.381750e-11
330 1.887449e-08
331 1.371363e-08
332 9.466824e-09
333 6.235817e-09
334 3.871058e-09
335 2.375215e-09
336 1.476824e-09
337 9.447010e-10
338 6.190894e-10
339 4.073793e-10
340 2.623685e-10
341 1.617094e-10
342 9.395294e-11
343 5.111336e-11
344 2.608502e-11
345 1.986768e-08
346 1.447594e-08
347 1.001564e-08
348 6.615150e-09
349 4.109793e-09
350 2.518770e-09
351 1.563274e-09
352 9.981913e-10
353 6.534641e-10
354 4.302270e-10
355 2.776019e-10
356 1.715623e-10
357 9.998829e-11
358 5.456707e-11
359 2.792206e-11
360 2.073476e-08
361 1.514182e-08
362 1.049419e-08
363 6.944115e-09
364 4.317731e-09
365 2.643981e-09
366 1.638627e-09
367 1.044810e-09
368 6.834916e-10
369 4.501894e-10
370 2.908802e-10
371 1.801508e-10
372 1.052513e-10
373 5.757511e-11
374 2.952144e-11
375 2.155473e-08
376 1.577116e-08
377 1.094571e-08
378 7.256502e-09
379 4.514551e-09
380 2.762448e-09
381 1.710076e-09
382 1.088967e-09
383 7.119442e-10
384 4.690880e-10
385 3.034754e-10
386 1.882946e-10
387 1.102400e-10
388 6.042782e-11
389 3.103829e-11
390 2.251611e-08
391 1.650999e-08
392 1.147580e-08
393 7.622483e-09
394 4.746024e-09
395 2.902044e-09
396 1.794209e-09
397 1.141030e-09
398 7.453480e-10
399 4.913102e-10
400 3.182692e-10
401 1.978657e-10
402 1.161066e-10
403 6.377817e-11
404 3.282106e-11
405 1.964353e-08
406 1.439044e-08
407 9.984242e-09
408 6.617709e-09
409 4.140401e-09
410 2.535477e-09
411 1.572436e-09
412 1.000028e-09
413 6.520345e-10
414 4.282983e-10
415 2.763274e-10
416 1.711851e-10
417 1.002375e-10
418 5.505295e-11
419 2.837075e-11
420 2.229358e-08
421 1.652092e-08
422 1.155098e-08
423 7.720017e-09
424 4.871217e-09
425 2.974413e-09
426 1.836791e-09
427 1.159497e-09
428 7.517850e-10
429 4.932199e-10
430 3.194120e-10
431 1.994439e-10
432 1.180353e-10
433 6.560260e-11
434 3.419882e-11
435 2.428362e-08
436 1.812696e-08
437 1.273024e-08
438 8.552463e-09
439 5.422916e-09
440 3.306094e-09
441 2.036991e-09
442 1.279973e-09
443 8.272572e-10
444 5.422585e-10
445 3.519445e-10
446 2.207811e-10
447 1.314803e-10
448 7.358069e-11
449 3.861144e-11
450 2.590681e-08
451 1.942848e-08
452 1.368949e-08
453 9.228011e-09
454 5.870016e-09
455 3.575551e-09
456 2.198895e-09
457 1.377708e-09
458 8.881669e-10
459 5.819736e-10
460 3.782953e-10
461 2.380642e-10
462 1.423698e-10
463 8.003981e-11
464 4.218351e-11
465 2.731638e-08
466 2.056521e-08
467 1.452545e-08
468 9.814938e-09
469 6.259842e-09
470 3.810506e-09
471 2.339987e-09
472 1.462789e-09
473 9.414895e-10
474 6.166269e-10
475 4.012789e-10
476 2.531361e-10
477 1.518669e-10
478 8.567476e-11
479 4.530038e-11
480 2.865051e-08
481 2.163611e-08
482 1.531597e-08
483 1.037079e-08
484 6.629298e-09
485 4.032214e-09
486 2.473726e-09
487 1.543200e-09
488 9.918146e-10
489 6.493788e-10
490 4.230357e-10
491 2.674078e-10
492 1.608566e-10
493 9.100186e-11
494 4.824418e-11
495 3.021525e-08
496 2.289464e-08
497 1.624116e-08
498 1.102313e-08
499 7.061368e-09
500 4.292184e-09
501 2.630257e-09
502 1.637643e-09
503 1.050833e-09
504 6.877737e-10
505 4.485002e-10
506 2.840922e-10
507 1.713803e-10
508 9.724904e-11
509 5.169866e-11
510 2.599126e-08
511 1.959619e-08
512 1.386131e-08
513 9.362291e-09
514 5.989608e-09
515 3.657298e-09
516 2.247087e-09
517 1.403492e-09
518 9.016108e-10
519 5.890813e-10
520 3.825471e-10
521 2.410262e-10
522 1.446070e-10
523 8.169974e-11
524 4.331823e-11
525 2.889587e-08
526 2.203647e-08
527 1.571017e-08
528 1.068155e-08
529 6.892701e-09
530 4.215150e-09
531 2.581235e-09
532 1.601632e-09
533 1.022872e-09
534 6.661235e-10
535 4.330517e-10
536 2.742524e-10
537 1.658927e-10
538 9.466760e-11
539 5.072249e-11
540 3.125457e-08
541 2.401798e-08
542 1.721124e-08
543 1.175439e-08
544 7.626080e-09
545 4.669477e-09
546 2.852292e-09
547 1.762716e-09
548 1.121104e-09
549 7.286767e-10
550 4.740548e-10
551 3.012278e-10
552 1.831749e-10
553 1.051972e-10
554 5.673594e-11
555 3.330805e-08
556 2.574375e-08
557 1.852047e-08
558 1.268687e-08
559 8.264778e-09
560 5.063845e-09
561 3.088416e-09
562 1.902997e-09
563 1.206837e-09
564 7.831411e-10
565 5.097531e-10
566 3.247148e-10
567 1.982223e-10
568 1.143642e-10
569 6.197028e-11
570 3.525548e-08
571 2.738087e-08
572 1.976232e-08
573 1.357265e-08
574 8.871686e-09
575 5.438931e-09
576 3.312697e-09
577 2.036017e-09
578 1.288170e-09
579 8.348539e-10
580 5.436622e-10
581 3.470219e-10
582 2.125125e-10
583 1.230709e-10
584 6.694227e-11
585 3.754247e-08
586 2.929817e-08
587 2.121600e-08
588 1.460907e-08
589 9.579646e-09
590 5.876885e-09
591 3.574597e-09
592 2.191395e-09
593 1.383128e-09
594 8.952102e-10
595 5.832344e-10
596 3.730636e-10
597 2.291981e-10
598 1.332355e-10
599 7.274601e-11
600 3.276331e-08
601 2.539228e-08
602 1.831999e-08
603 1.256416e-08
604 8.202190e-09
605 5.048669e-09
606 3.076215e-09
607 1.894396e-09
608 1.198843e-09
609 7.760138e-10
610 5.041693e-10
611 3.209329e-10
612 1.960477e-10
613 1.133462e-10
614 6.162385e-11
615 3.599406e-08
616 2.821387e-08
617 2.052923e-08
618 1.416512e-08
619 9.317474e-09
620 5.765452e-09
621 3.501067e-09
622 2.146426e-09
623 1.349691e-09
624 8.697017e-10
625 5.645253e-10
626 3.604543e-10
627 2.215841e-10
628 1.292072e-10
629 7.092520e-11
630 3.880826e-08
631 3.067237e-08
632 2.245600e-08
633 1.555777e-08
634 1.028896e-08
635 6.389312e-09
636 3.871066e-09
637 2.365853e-09
638 1.481235e-09
639 9.512649e-10
640 6.170781e-10
641 3.948712e-10
642 2.438246e-10
643 1.430210e-10
644 7.902524e-11
645 4.147343e-08
646 3.300121e-08
647 2.428056e-08
648 1.687938e-08
649 1.120956e-08
650 6.980643e-09
651 4.221353e-09
652 2.573952e-09
653 1.605727e-09
654 1.028543e-09
655 6.668834e-10
656 4.274896e-10
657 2.649014e-10
658 1.561116e-10
659 8.669980e-11
660 4.460217e-08
661 3.572724e-08
662 2.641653e-08
663 1.842419e-08
664 1.228517e-08
665 7.671862e-09
666 4.631212e-09
667 2.816838e-09
668 1.751216e-09
669 1.118880e-09
670 7.250824e-10
671 4.656128e-10
672 2.895396e-10
673 1.714135e-10
674 9.567167e-11
675 4.017761e-08
676 3.198224e-08
677 2.356726e-08
678 1.639737e-08
679 1.088959e-08
680 6.806023e-09
681 4.119413e-09
682 2.514117e-09
683 1.566479e-09
684 1.001570e-09
685 6.480686e-10
686 4.147019e-10
687 2.567318e-10
688 1.513047e-10
689 8.413690e-11
690 4.390924e-08
691 3.535396e-08
692 2.630592e-08
693 1.841545e-08
694 1.231272e-08
695 7.752110e-09
696 4.684412e-09
697 2.850158e-09
698 1.764178e-09
699 1.121315e-09
700 7.236015e-10
701 4.636410e-10
702 2.884113e-10
703 1.712431e-10
704 9.608127e-11
705 4.743072e-08
706 3.854628e-08
707 2.889023e-08
708 2.032518e-08
709 1.365798e-08
710 8.646434e-09
711 5.217983e-09
712 3.167269e-09
713 1.950831e-09
714 1.234407e-09
715 7.950039e-10
716 5.098983e-10
717 3.183569e-10
718 1.900897e-10
719 1.073736e-10
720 5.156129e-08
721 4.228343e-08
722 3.190907e-08
723 2.255488e-08
724 1.522829e-08
725 9.691134e-09
726 5.841389e-09
727 3.538118e-09
728 2.168756e-09
729 1.366587e-09
730 8.783560e-10
731 5.639120e-10
732 3.533291e-10
733 2.120982e-10
734 1.205607e-10
735 4.868337e-08
736 3.980922e-08
737 3.002558e-08
738 2.122231e-08
739 1.430832e-08
740 9.111666e-09
741 5.511958e-09
742 3.340828e-09
743 2.049404e-09
744 1.291139e-09
745 8.285710e-10
746 5.306998e-10
747 3.316850e-10
748 1.986820e-10
749 1.127889e-10
750 5.328852e-08
751 4.412091e-08
752 3.365163e-08
753 2.396504e-08
754 1.626124e-08
755 1.044446e-08
756 6.328662e-09
757 3.823750e-09
758 2.330262e-09
759 1.458010e-09
760 9.313263e-10
761 5.961159e-10
762 3.738143e-10
763 2.253914e-10
764 1.290766e-10
765 5.867145e-08
766 4.915975e-08
767 3.787116e-08
768 2.715915e-08
769 1.853674e-08
770 1.199804e-08
771 7.280615e-09
772 4.386959e-09
773 2.657244e-09
774 1.652410e-09
775 1.051022e-09
776 6.723553e-10
777 4.229305e-10
778 2.565309e-10
779 1.480651e-10
780 5.924962e-08
781 4.987391e-08
782 3.864931e-08
783 2.785422e-08
784 1.906442e-08
785 1.239154e-08
786 7.562703e-09
787 4.547957e-09
788 2.750342e-09
789 1.703343e-09
790 1.078873e-09
791 6.881267e-10
792 4.324558e-10
793 2.626270e-10
794 1.520629e-10
795 6.634257e-08
796 5.674258e-08
797 4.463892e-08
798 3.254073e-08
799 2.245308e-08
800 1.474825e-08
801 9.067360e-09
802 5.430846e-09
803 3.263606e-09
804 2.001955e-09
805 1.257693e-09
806 7.991534e-10
807 5.029791e-10
808 3.073355e-10
809 1.796732e-10
810 7.619345e-08
811 6.663918e-08
812 5.367448e-08
813 3.991394e-08
814 2.791176e-08
815 1.860037e-08
816 1.163571e-08
817 6.951560e-09
818 4.153350e-09
819 2.509060e-09
820 1.551664e-09
821 9.755152e-10
822 6.121831e-10
823 3.758579e-10
824 2.222216e-10
825 5.035550e-07
826 3.677939e-07
827 2.725259e-07
828 1.695807e-07
829 1.033172e-07
830 6.120831e-08
831 3.737579e-08
832 2.398038e-08
833 1.618927e-08
834 0.000000e+00
835 0.000000e+00
836 0.000000e+00
837 0.000000e+00
838 0.000000e+00
839 0.000000e+00
840 7.609524e-07
841 5.559436e-07
842 4.123886e-07
843 2.596279e-07
844 1.577782e-07
845 9.335456e-08
846 5.689575e-08
847 3.636590e-08
848 2.448186e-08
849 0.000000e+00
850 0.000000e+00
851 0.000000e+00
852 0.000000e+00
853 0.000000e+00
854 0.000000e+00
855 9.034708e-07
856 6.601393e-07
857 4.898343e-07
858 3.095543e-07
859 1.879543e-07
860 1.111685e-07
861 6.771198e-08
862 4.322638e-08
863 2.907417e-08
864 0.000000e+00
865 0.000000e+00
866 0.000000e+00
867 0.000000e+00
868 0.000000e+00
869 0.000000e+00
870 9.993278e-07
871 7.302182e-07
872 5.419243e-07
873 3.431341e-07
874 2.082519e-07
875 1.231503e-07
876 7.498702e-08
877 4.784112e-08
878 3.216291e-08
879 0.000000e+00
880 0.000000e+00
881 0.000000e+00
882 0.000000e+00
883 0.000000e+00
884 0.000000e+00
885 1.071193e-06
886 7.827614e-07
887 5.809742e-07
888 3.683088e-07
889 2.234694e-07
890 1.321335e-07
891 8.044121e-08
892 5.130076e-08
893 3.447879e-08
894 0.000000e+00
895 0.000000e+00
896 0.000000e+00
897 0.000000e+00
898 0.000000e+00
899 0.000000e+00
900 1.129439e-06
901 8.253442e-07
902 6.126261e-07
903 3.887123e-07
904 2.358020e-07
905 1.394142e-07
906 8.486152e-08
907 5.410480e-08
908 3.635564e-08
909 0.000000e+00
910 0.000000e+00
911 0.000000e+00
912 0.000000e+00
913 0.000000e+00
914 0.000000e+00
915 1.180268e-06
916 8.625041e-07
917 6.402459e-07
918 4.065191e-07
919 2.465652e-07
920 1.457672e-07
921 8.871918e-08
922 5.655163e-08
923 3.799350e-08
924 0.000000e+00
925 0.000000e+00
926 0.000000e+00
927 0.000000e+00
928 0.000000e+00
929 0.000000e+00
930 1.228460e-06
931 8.977376e-07
932 6.664337e-07
933 4.234011e-07
934 2.567693e-07
935 1.517905e-07
936 9.237652e-08
937 5.887147e-08
938 3.954628e-08
939 0.000000e+00
940 0.000000e+00
941 0.000000e+00
942 0.000000e+00
943 0.000000e+00
944 0.000000e+00
945 1.284803e-06
946 9.389328e-07
947 6.970507e-07
948 4.431402e-07
949 2.686996e-07
950 1.588335e-07
951 9.665301e-08
952 6.158371e-08
953 4.136195e-08
954 0.000000e+00
955 0.000000e+00
956 0.000000e+00
957 0.000000e+00
958 0.000000e+00
959 0.000000e+00
960 3.359379e-07
961 2.674929e-07
962 1.940331e-07
963 1.455162e-07
964 8.999158e-08
965 5.509565e-08
966 3.202421e-08
967 1.914933e-08
968 1.200201e-08
969 7.947071e-09
970 0.000000e+00
971 0.000000e+00
972 0.000000e+00
973 0.000000e+00
974 0.000000e+00
975 5.201307e-07
976 4.170769e-07
977 3.028334e-07
978 2.268912e-07
979 1.421967e-07
980 8.670190e-08
981 5.035894e-08
982 3.007186e-08
983 1.877767e-08
984 1.239605e-08
985 0.000000e+00
986 0.000000e+00
987 0.000000e+00
988 0.000000e+00
989 0.000000e+00
990 6.448119e-07
991 5.183992e-07
992 3.765466e-07
993 2.820115e-07
994 1.775997e-07
995 1.081223e-07
996 6.278598e-08
997 3.747520e-08
998 2.336910e-08
999 1.541004e-08
1000 0.000000e+00
1001 0.000000e+00
1002 0.000000e+00
1003 0.000000e+00
1004 0.000000e+00
1005 7.382357e-07
1006 5.943126e-07
1007 4.317715e-07
1008 3.233096e-07
1009 2.041234e-07
1010 1.241698e-07
1011 7.209649e-08
1012 4.302199e-08
1013 2.680897e-08
1014 1.766814e-08
1015 0.000000e+00
1016 0.000000e+00
1017 0.000000e+00
1018 0.000000e+00
1019 0.000000e+00
1020 8.139596e-07
1021 6.558390e-07
1022 4.765327e-07
1023 3.567807e-07
1024 2.256220e-07
1025 1.371778e-07
1026 7.964314e-08
1027 4.751755e-08
1028 2.959718e-08
1029 1.949827e-08
1030 0.000000e+00
1031 0.000000e+00
1032 0.000000e+00
1033 0.000000e+00
1034 0.000000e+00
1035 8.800254e-07
1036 7.095243e-07
1037 5.155916e-07
1038 3.859857e-07
1039 2.443794e-07
1040 1.485270e-07
1041 8.622743e-08
1042 5.144028e-08
1043 3.202995e-08
1044 2.109535e-08
1045 0.000000e+00
1046 0.000000e+00
1047 0.000000e+00
1048 0.000000e+00
1049 0.000000e+00
1050 9.426736e-07
1051 7.604327e-07
1052 5.526249e-07
1053 4.136780e-07
1054 2.621647e-07
1055 1.592896e-07
1056 9.247120e-08
1057 5.515972e-08
1058 3.433673e-08
1059 2.260959e-08
1060 0.000000e+00
1061 0.000000e+00
1062 0.000000e+00
1063 0.000000e+00
1064 0.000000e+00
1065 1.015924e-06
1066 8.199577e-07
1067 5.959287e-07
1068 4.460616e-07
1069 2.829618e-07
1070 1.718741e-07
1071 9.977161e-08
1072 5.950921e-08
1073 3.703402e-08
1074 2.438024e-08
1075 0.000000e+00
1076 0.000000e+00
1077 0.000000e+00
1078 0.000000e+00
1079 0.000000e+00
1080 1.968123e-07
1081 1.789552e-07
1082 1.378420e-07
1083 9.968382e-08
1084 7.469252e-08
1085 4.316241e-08
1086 2.645106e-08
1087 1.525259e-08
1088 9.021144e-09
1089 5.613077e-09
1090 0.000000e+00
1091 0.000000e+00
1092 0.000000e+00
1093 0.000000e+00
1094 0.000000e+00
1095 3.302634e-07
1096 3.016909e-07
1097 2.333831e-07
1098 1.686663e-07
1099 1.265746e-07
1100 7.357538e-08
1101 4.521258e-08
1102 2.600641e-08
1103 1.532389e-08
1104 9.511740e-09
1105 0.000000e+00
1106 0.000000e+00
1107 0.000000e+00
1108 0.000000e+00
1109 0.000000e+00
1110 4.306279e-07
1111 3.940342e-07
1112 3.052903e-07
1113 2.205836e-07
1114 1.656230e-07
1115 9.648065e-08
1116 5.934313e-08
1117 3.410486e-08
1118 2.006900e-08
1119 1.244630e-08
1120 0.000000e+00
1121 0.000000e+00
1122 0.000000e+00
1123 0.000000e+00
1124 0.000000e+00
1125 5.118675e-07
1126 4.687719e-07
1127 3.634880e-07
1128 2.626035e-07
1129 1.972257e-07
1130 1.150174e-07
1131 7.077884e-08
1132 4.065897e-08
1133 2.390921e-08
1134 1.482137e-08
1135 0.000000e+00
1136 0.000000e+00
1137 0.000000e+00
1138 0.000000e+00
1139 0.000000e+00
1140 5.827486e-07
1141 5.339873e-07
1142 4.142683e-07
1143 2.992682e-07
1144 2.248018e-07
1145 1.311919e-07
1146 8.075741e-08
1147 4.637790e-08
1148 2.726008e-08
1149 1.689370e-08
1150 0.000000e+00
1151 0.000000e+00
1152 0.000000e+00
1153 0.000000e+00
1154 0.000000e+00
1155 6.499630e-07
1156 5.958254e-07
1157 4.624212e-07
1158 3.340351e-07
1159 2.509506e-07
1160 1.465295e-07
1161 9.021925e-08
1162 5.180077e-08
1163 3.043750e-08
1164 1.885873e-08
1165 0.000000e+00
1166 0.000000e+00
1167 0.000000e+00
1168 0.000000e+00
1169 0.000000e+00
1170 7.285521e-07
1171 6.681274e-07
1172 5.187208e-07
1173 3.746850e-07
1174 2.815228e-07
1175 1.644622e-07
1176 1.012821e-07
1177 5.814105e-08
1178 3.415265e-08
1179 2.115639e-08
1180 0.000000e+00
1181 0.000000e+00
1182 0.000000e+00
1183 0.000000e+00
1184 0.000000e+00
1185 1.301986e-07
1186 1.284886e-07
1187 1.080188e-07
1188 7.889588e-08
1189 5.861804e-08
1190 3.981995e-08
1191 2.350686e-08
1192 1.339156e-08
1193 7.740921e-09
1194 4.574898e-09
1195 2.866173e-09
1196 0.000000e+00
1197 0.000000e+00
1198 0.000000e+00
1199 0.000000e+00
1200 2.309477e-07
1201 2.286138e-07
1202 1.929693e-07
1203 1.412090e-07
1204 1.047299e-07
1205 7.168593e-08
1206 4.209198e-08
1207 2.401576e-08
1208 1.390240e-08
1209 8.200423e-09
1210 5.126123e-09
1211 0.000000e+00
1212 0.000000e+00
1213 0.000000e+00
1214 0.000000e+00
1215 3.123230e-07
1216 3.095003e-07
1217 2.616146e-07
1218 1.915692e-07
1219 1.419925e-07
1220 9.744465e-08
1221 5.711207e-08
1222 3.260329e-08
1223 1.888241e-08
1224 1.113063e-08
1225 6.952514e-09
1226 0.000000e+00
1227 0.000000e+00
1228 0.000000e+00
1229 0.000000e+00
1230 3.831935e-07
1231 3.799432e-07
1232 3.213903e-07
1233 2.354215e-07
1234 1.744400e-07
1235 1.198757e-07
1236 7.019122e-08
1237 4.008120e-08
1238 2.321897e-08
1239 1.368230e-08
1240 8.542871e-09
1241 0.000000e+00
1242 0.000000e+00
1243 0.000000e+00
1244 0.000000e+00
1245 4.503977e-07
1246 4.467362e-07
1247 3.780737e-07
1248 2.770046e-07
1249 2.052095e-07
1250 1.411454e-07
1251 8.259382e-08
1252 4.717229e-08
1253 2.733118e-08
1254 1.610194e-08
1255 1.005098e-08
1256 0.000000e+00
1257 0.000000e+00
1258 0.000000e+00
1259 0.000000e+00
1260 5.289691e-07
1261 5.248324e-07
1262 4.443482e-07
1263 3.256260e-07
1264 2.411851e-07
1265 1.660131e-07
1266 9.709513e-08
1267 5.546270e-08
1268 3.213896e-08
1269 1.893091e-08
1270 1.181427e-08
1271 0.000000e+00
1272 0.000000e+00
1273 0.000000e+00
1274 0.000000e+00
1275 9.332697e-08
1276 9.715693e-08
1277 8.789668e-08
1278 6.722737e-08
1279 4.859748e-08
1280 3.639752e-08
1281 2.055977e-08
1282 1.241276e-08
1283 7.015081e-09
1284 4.052780e-09
1285 2.426731e-09
1286 0.000000e+00
1287 0.000000e+00
1288 0.000000e+00
1289 0.000000e+00
1290 1.733781e-07
1291 1.809063e-07
1292 1.642215e-07
1293 1.259806e-07
1294 9.100628e-08
1295 6.827572e-08
1296 3.868910e-08
1297 2.344206e-08
1298 1.321570e-08
1299 7.614663e-09
1300 4.549661e-09
1301 0.000000e+00
1302 0.000000e+00
1303 0.000000e+00
1304 0.000000e+00
1305 2.424634e-07
1306 2.531893e-07
1307 2.301013e-07
1308 1.766983e-07
1309 1.276148e-07
1310 9.579445e-08
1311 5.434249e-08
1312 3.296555e-08
1313 1.856967e-08
1314 1.068970e-08
1315 6.382326e-09
1316 0.000000e+00
1317 0.000000e+00
1318 0.000000e+00
1319 0.000000e+00
1320 3.078577e-07
1321 3.216065e-07
1322 2.924568e-07
1323 2.247029e-07
1324 1.622652e-07
1325 1.218404e-07
1326 6.915697e-08
1327 4.197839e-08
1328 2.363663e-08
1329 1.359998e-08
1330 8.116900e-09
1331 0.000000e+00
1332 0.000000e+00
1333 0.000000e+00
1334 0.000000e+00
1335 3.843198e-07
1336 4.016038e-07
1337 3.653664e-07
1338 2.808297e-07
1339 2.027774e-07
1340 1.522932e-07
1341 8.647828e-08
1342 5.251662e-08
1343 2.956103e-08
1344 1.700278e-08
1345 1.014498e-08
1346 0.000000e+00
1347 0.000000e+00
1348 0.000000e+00
1349 0.000000e+00
1350 7.135395e-08
1351 7.722262e-08
1352 7.403398e-08
1353 5.997866e-08
1354 4.326798e-08
1355 3.262133e-08
1356 2.036454e-08
1357 1.248945e-08
1358 6.933634e-09
1359 3.817739e-09
1360 2.207001e-09
1361 1.342455e-09
1362 0.000000e+00
1363 0.000000e+00
1364 0.000000e+00
1365 1.384181e-07
1366 1.500723e-07
1367 1.442724e-07
1368 1.172638e-07
1369 8.465365e-08
1370 6.375571e-08
1371 4.009849e-08
1372 2.451253e-08
1373 1.361145e-08
1374 7.498882e-09
1375 4.324112e-09
1376 2.623897e-09
1377 0.000000e+00
1378 0.000000e+00
1379 0.000000e+00
1380 2.010031e-07
1381 2.180563e-07
1382 2.098198e-07
1383 1.707216e-07
1384 1.232755e-07
1385 9.281020e-08
1386 5.851418e-08
1387 3.573215e-08
1388 1.984300e-08
1389 1.093430e-08
1390 6.299816e-09
1391 3.819753e-09
1392 0.000000e+00
1393 0.000000e+00
1394 0.000000e+00
1395 2.741103e-07
1396 2.974693e-07
1397 2.863836e-07
1398 2.331633e-07
1399 1.683870e-07
1400 1.267472e-07
1401 8.002402e-08
1402 4.883691e-08
1403 2.712159e-08
1404 1.494683e-08
1405 8.607488e-09
1406 5.216573e-09
1407 0.000000e+00
1408 0.000000e+00
1409 0.000000e+00
1410 5.815466e-08
1411 6.489633e-08
1412 6.518235e-08
1413 5.597473e-08
1414 4.125206e-08
1415 3.038719e-08
1416 2.139813e-08
1417 1.221241e-08
1418 6.873925e-09
1419 3.889740e-09
1420 2.163720e-09
1421 1.262137e-09
1422 0.000000e+00
1423 0.000000e+00
1424 0.000000e+00
1425 1.179097e-07
1426 1.317806e-07
1427 1.326714e-07
1428 1.142983e-07
1429 8.439294e-08
1430 6.207981e-08
1431 4.394358e-08
1432 2.498942e-08
1433 1.409911e-08
1434 7.976848e-09
1435 4.434642e-09
1436 2.581197e-09
1437 0.000000e+00
1438 0.000000e+00
1439 0.000000e+00
1440 1.866123e-07
1441 2.086772e-07
1442 2.102582e-07
1443 1.813404e-07
1444 1.339801e-07
1445 9.850938e-08
1446 6.985464e-08
1447 3.967569e-08
1448 2.240355e-08
1449 1.267433e-08
1450 7.044810e-09
1451 4.097360e-09
1452 0.000000e+00
1453 0.000000e+00
1454 0.000000e+00
1455 5.091805e-08
1456 5.834606e-08
1457 6.097977e-08
1458 5.539693e-08
1459 4.247670e-08
1460 3.068005e-08
1461 2.304216e-08
1462 1.291577e-08
1463 7.723973e-09
1464 4.232242e-09
1465 2.333497e-09
1466 1.303087e-09
1467 0.000000e+00
1468 0.000000e+00
1469 0.000000e+00
1470 1.145525e-07
1471 1.314457e-07
1472 1.376621e-07
1473 1.254426e-07
1474 9.645092e-08
1475 6.962282e-08
1476 5.236632e-08
1477 2.944749e-08
1478 1.767526e-08
1479 9.665607e-09
1480 5.315737e-09
1481 2.962029e-09
1482 0.000000e+00
1483 0.000000e+00
1484 0.000000e+00
1485 5.362939e-08
1486 6.301604e-08
1487 6.832501e-08
1488 6.559204e-08
1489 5.318111e-08
1490 3.837294e-08
1491 2.894877e-08
1492 1.799797e-08
1493 1.095363e-08
1494 5.944069e-09
1495 3.130706e-09
1496 1.689166e-09
1497 9.407119e-10
1498 0.000000e+00
1499 0.000000e+00
1500 1.109684e-04
1501 8.086786e-05
1502 6.035546e-05
1503 3.805236e-05
1504 2.321989e-05
1505 1.369104e-05
1506 8.324421e-06
1507 5.304277e-06
1508 3.565556e-06
1509 0.000000e+00
1510 0.000000e+00
1511 0.000000e+00
1512 0.000000e+00
1513 0.000000e+00
1514 0.000000e+00
1515 5.757601e-05
1516 4.644359e-05
1517 3.369791e-05
1518 2.528332e-05
1519 1.597668e-05
1520 9.754545e-06
1521 5.648866e-06
1522 3.364481e-06
1523 2.093966e-06
1524 1.379138e-06
1525 0.000000e+00
1526 0.000000e+00
1527 0.000000e+00
1528 0.000000e+00
1529 0.000000e+00
1530 4.047788e-05
1531 3.713775e-05
1532 2.882267e-05
1533 2.080348e-05
1534 1.566222e-05
1535 9.111532e-06
1536 5.625604e-06
1537 3.225263e-06
1538 1.896511e-06
1539 1.174730e-06
1540 0.000000e+00
1541 0.000000e+00
1542 0.000000e+00
1543 0.000000e+00
1544 0.000000e+00
1545 2.912801e-05
1546 2.891312e-05
1547 2.448503e-05
1548 1.793535e-05
1549 1.328396e-05
1550 9.154542e-06
1551 5.351144e-06
1552 3.053081e-06
1553 1.771954e-06
1554 1.042590e-06
1555 6.506122e-07
1556 0.000000e+00
1557 0.000000e+00
1558 0.000000e+00
1559 0.000000e+00
1560 2.085098e-05
1561 2.179680e-05
1562 1.983793e-05
1563 1.524768e-05
1564 1.100576e-05
1565 8.274949e-06
1566 4.689296e-06
1567 2.850415e-06
1568 1.602925e-06
1569 9.233707e-07
1570 5.506294e-07
1571 0.000000e+00
1572 0.000000e+00
1573 0.000000e+00
1574 0.000000e+00
1575 1.487210e-05
1576 1.614453e-05
1577 1.554949e-05
1578 1.266314e-05
1579 9.143013e-06
1580 6.883420e-06
1581 4.347301e-06
1582 2.655947e-06
1583 1.474901e-06
1584 8.112783e-07
1585 4.673052e-07
1586 2.832009e-07
1587 0.000000e+00
1588 0.000000e+00
1589 0.000000e+00
1590 1.001028e-05
1591 1.119728e-05
1592 1.128693e-05
1593 9.739022e-06
1594 7.195644e-06
1595 5.289411e-06
1596 3.755371e-06
1597 2.130464e-06
1598 1.202339e-06
1599 6.811759e-07
1600 3.783133e-07
1601 2.200058e-07
1602 0.000000e+00
1603 0.000000e+00
1604 0.000000e+00
1605 6.201116e-06
1606 7.118100e-06
1607 7.458527e-06
1608 6.801106e-06
1609 5.231433e-06
1610 3.775220e-06
1611 2.841823e-06
1612 1.597077e-06
1613 9.596537e-07
1614 5.242846e-07
1615 2.885232e-07
1616 1.606418e-07
1617 0.000000e+00
1618 0.000000e+00
1619 0.000000e+00
1620 3.163407e-06
1621 3.720115e-06
1622 4.038202e-06
1623 3.883392e-06
1624 3.154630e-06
1625 2.276770e-06
1626 1.716871e-06
1627 1.071974e-06
1628 6.518364e-07
1629 3.538249e-07
1630 1.861971e-07
1631 1.003484e-07
1632 5.578990e-08
1633 0.000000e+00
1634 0.000000e+00
1635 8.891198e-07
1636 1.072208e-06
1637 1.206146e-06
1638 1.224576e-06
1639 1.066696e-06
1640 7.933436e-07
1641 5.815894e-07
1642 4.169104e-07
1643 2.343421e-07
1644 1.314261e-07
1645 7.164692e-08
1646 3.730540e-08
1647 1.958823e-08
1648 0.000000e+00
1649 0.000000e+00
