0 2.297330e-09
1 1.495784e-09
2 9.417457e-10
3 5.927551e-10
4 3.805399e-10
5 2.500760e-10
6 1.662194e-10
7 1.092319e-10
8 6.933068e-11
9 4.174657e-11
10 2.360491e-11
11 1.251065e-11
12 6.254735e-12
13 2.982571e-12
14 1.373413e-12
15 3.871197e-09
16 2.579310e-09
17 1.642661e-09
18 1.024172e-09
19 6.469822e-10
20 4.183958e-10
21 2.764886e-10
22 1.833074e-10
23 1.189573e-10
24 7.392672e-11
25 4.331747e-11
26 2.377634e-11
27 1.225003e-11
28 5.977656e-12
29 2.796454e-12
30 4.456519e-09
31 2.990842e-09
32 1.916452e-09
33 1.194368e-09
34 7.512603e-10
35 4.831167e-10
36 3.180654e-10
37 2.109751e-10
38 1.375589e-10
39 8.618614e-11
40 5.103684e-11
41 2.833270e-11
42 1.474958e-11
43 7.259031e-12
44 3.416723e-12
45 4.781823e-09
46 3.219828e-09
47 2.069012e-09
48 1.289383e-09
49 8.094673e-10
50 5.192217e-10
51 3.412797e-10
52 2.263365e-10
53 1.478974e-10
54 9.300138e-11
55 5.532700e-11
56 3.086399e-11
57 1.614424e-11
58 7.975584e-12
59 3.764454e-12
60 4.999979e-09
61 3.373628e-09
62 2.171332e-09
63 1.353151e-09
64 8.485144e-10
65 5.435132e-10
66 3.568723e-10
67 2.366942e-10
68 1.548283e-10
69 9.758379e-11
70 5.822406e-11
71 3.257878e-11
72 1.708334e-11
73 8.457359e-12
74 3.999076e-12
75 5.202541e-09
76 3.514902e-09
77 2.265020e-09
78 1.411431e-09
79 8.844053e-10
80 5.659404e-10
81 3.713089e-10
82 2.462732e-10
83 1.612720e-10
84 1.017971e-10
85 6.083561e-11
86 3.410656e-11
87 1.792045e-11
88 8.885213e-12
89 4.205404e-12
90 5.296414e-09
91 3.582256e-09
92 2.310343e-09
93 1.439918e-09
94 9.016679e-10
95 5.764639e-10
96 3.780427e-10
97 2.507440e-10
98 1.643148e-10
99 1.038295e-10
100 6.215052e-11
101 3.489557e-11
102 1.835949e-11
103 9.113104e-12
104 4.316799e-12
105 5.413291e-09
106 3.664096e-09
107 2.365337e-09
108 1.474103e-09
109 9.225315e-10
110 5.894364e-10
111 3.863454e-10
112 2.562641e-10
113 1.679557e-10
114 1.062366e-10
115 6.366215e-11
116 3.580229e-11
117 1.886179e-11
118 9.371101e-12
119 4.438745e-12
120 5.523912e-09
121 3.742362e-09
122 2.417426e-09
123 1.506421e-09
124 9.423496e-10
125 6.017003e-10
126 3.941890e-10
127 2.615002e-10
128 1.715280e-10
129 1.085910e-10
130 6.515647e-11
131 3.667016e-11
132 1.933589e-11
133 9.614873e-12
134 4.560382e-12
135 5.650282e-09
136 3.830914e-09
137 2.477068e-09
138 1.543644e-09
139 9.651030e-10
140 6.158786e-10
141 4.033049e-10
142 2.674712e-10
143 1.755838e-10
144 1.112846e-10
145 6.684441e-11
146 3.766772e-11
147 1.988507e-11
148 9.895072e-12
149 4.696294e-12
150 7.943694e-09
151 5.472968e-09
152 3.597560e-09
153 2.249838e-09
154 1.394873e-09
155 8.791205e-10
156 5.697007e-10
157 3.767891e-10
158 2.490673e-10
159 1.603879e-10
160 9.844158e-11
161 5.680030e-11
162 3.065854e-11
163 1.554049e-11
164 7.475550e-12
165 1.004855e-08
166 7.012689e-09
167 4.676312e-09
168 2.955738e-09
169 1.823888e-09
170 1.140090e-09
171 7.307328e-10
172 4.800830e-10
173 3.177469e-10
174 2.064844e-10
175 1.287115e-10
176 7.571048e-11
177 4.169475e-11
178 2.152333e-11
179 1.050313e-11
180 1.129722e-08
181 7.932768e-09
182 5.322631e-09
183 3.383370e-09
184 2.085266e-09
185 1.299104e-09
186 8.282163e-10
187 5.422365e-10
188 3.588292e-10
189 2.340408e-10
190 1.468540e-10
191 8.710487e-11
192 4.840544e-11
193 2.519926e-11
194 1.238268e-11
195 1.214185e-08
196 8.556744e-09
197 5.761559e-09
198 3.673914e-09
199 2.263331e-09
200 1.407192e-09
201 8.944308e-10
202 5.845133e-10
203 3.867333e-10
204 2.527372e-10
205 1.591630e-10
206 9.485208e-11
207 5.297510e-11
208 2.770568e-11
209 1.366570e-11
210 1.287097e-08
211 9.092195e-09
212 6.136791e-09
213 3.920576e-09
214 2.414778e-09
215 1.499501e-09
216 9.512937e-10
217 6.207495e-10
218 4.106629e-10
219 2.687252e-10
220 1.696276e-10
221 1.014069e-10
222 5.681837e-11
223 2.980028e-11
224 1.473582e-11
225 1.328990e-08
226 9.403770e-09
227 6.357336e-09
228 4.068463e-09
229 2.504916e-09
230 1.554046e-09
231 9.844258e-10
232 6.418170e-10
233 4.245667e-10
234 2.780761e-10
235 1.758447e-10
236 1.053388e-10
237 5.915695e-11
238 3.109764e-11
239 1.540357e-11
240 1.373632e-08
241 9.733560e-09
242 6.589914e-09
243 4.222507e-09
244 2.599609e-09
245 1.611524e-09
246 1.019532e-09
247 6.641020e-10
248 4.393689e-10
249 2.879884e-10
250 1.823702e-10
251 1.094415e-10
252 6.158114e-11
253 3.242708e-11
254 1.607935e-11
255 1.416241e-08
256 1.004800e-08
257 6.811553e-09
258 4.369434e-09
259 2.689214e-09
260 1.665929e-09
261 1.052952e-09
262 6.853624e-10
263 4.534296e-10
264 2.974062e-10
265 1.885716e-10
266 1.133485e-10
267 6.388191e-11
268 3.368535e-11
269 1.672758e-11
270 1.465725e-08
271 1.041321e-08
272 7.068266e-09
273 4.539126e-09
274 2.793011e-09
275 1.729465e-09
276 1.092040e-09
277 7.102188e-10
278 4.697318e-10
279 3.083368e-10
280 1.957839e-10
281 1.178859e-10
282 6.655007e-11
283 3.515123e-11
284 1.747793e-11
285 1.368115e-08
286 9.739675e-09
287 6.617462e-09
288 4.272208e-09
289 2.634745e-09
290 1.631353e-09
291 1.028291e-09
292 6.667643e-10
293 4.397013e-10
294 2.881516e-10
295 1.829874e-10
296 1.104199e-10
297 6.258214e-11
298 3.321329e-11
299 1.658918e-11
300 1.610624e-08
301 1.159952e-08
302 7.953989e-09
303 5.193891e-09
304 3.216268e-09
305 1.981646e-09
306 1.239385e-09
307 7.973188e-10
308 5.237791e-10
309 3.439973e-10
310 2.201627e-10
311 1.344540e-10
312 7.730450e-11
313 4.163344e-11
314 2.106826e-11
315 1.779452e-08
316 1.290492e-08
317 8.895485e-09
318 5.846063e-09
319 3.631563e-09
320 2.231175e-09
321 1.390071e-09
322 8.901527e-10
323 5.832627e-10
324 3.833514e-10
325 2.463348e-10
326 1.514092e-10
327 8.773444e-11
328 4.763195e-11
329 2.427935e-11
330 1.921092e-08
331 1.399403e-08
332 9.676060e-09
333 6.383144e-09
334 3.974154e-09
335 2.437769e-09
336 1.514968e-09
337 9.673601e-10
338 6.329237e-10
339 4.161234e-10
340 2.680401e-10
341 1.654084e-10
342 9.631067e-11
343 5.254810e-11
344 2.690448e-11
345 2.009973e-08
346 1.468809e-08
347 1.018131e-08
348 6.735656e-09
349 4.198656e-09
350 2.572563e-09
351 1.595816e-09
352 1.016931e-09
353 6.644909e-10
354 4.370378e-10
355 2.820382e-10
356 1.745379e-10
357 1.019675e-10
358 5.582762e-11
359 2.867156e-11
360 2.100062e-08
361 1.538545e-08
362 1.068484e-08
363 7.082792e-09
364 4.420079e-09
365 2.706116e-09
366 1.676204e-09
367 1.066444e-09
368 6.962079e-10
369 4.580337e-10
370 2.959837e-10
371 1.835720e-10
372 1.075275e-10
373 5.902611e-11
374 3.038539e-11
375 2.185248e-08
376 1.604437e-08
377 1.115977e-08
378 7.412238e-09
379 4.629513e-09
380 2.832342e-09
381 1.752368e-09
382 1.113306e-09
383 7.262455e-10
384 4.779021e-10
385 3.092057e-10
386 1.921338e-10
387 1.127946e-10
388 6.205716e-11
389 3.200922e-11
390 2.284820e-08
391 1.681550e-08
392 1.171561e-08
393 7.796941e-09
394 4.875005e-09
395 2.980614e-09
396 1.841726e-09
397 1.168363e-09
398 7.613909e-10
399 5.011862e-10
400 3.246843e-10
401 2.021640e-10
402 1.189682e-10
403 6.560531e-11
404 3.391131e-11
405 1.969816e-08
406 1.444252e-08
407 1.002641e-08
408 6.648283e-09
409 4.163301e-09
410 2.549989e-09
411 1.581224e-09
412 1.005035e-09
413 6.549382e-10
414 4.300496e-10
415 2.774466e-10
416 1.719297e-10
417 1.007352e-10
418 5.537506e-11
419 2.856685e-11
420 2.237337e-08
421 1.659850e-08
422 1.161526e-08
423 7.766944e-09
424 4.906154e-09
425 2.997493e-09
426 1.850528e-09
427 1.167355e-09
428 7.563294e-10
429 4.959313e-10
430 3.211223e-10
431 2.005722e-10
432 1.187887e-10
433 6.609320e-11
434 3.450103e-11
435 2.459883e-08
436 1.839348e-08
437 1.293516e-08
438 8.696924e-09
439 5.523151e-09
440 3.371003e-09
441 2.075943e-09
442 1.303191e-09
443 8.413239e-10
444 5.509910e-10
445 3.575066e-10
446 2.243551e-10
447 1.337454e-10
448 7.496724e-11
449 3.941795e-11
450 2.608643e-08
451 1.960551e-08
452 1.383873e-08
453 9.337824e-09
454 5.951314e-09
455 3.630838e-09
456 2.231386e-09
457 1.396488e-09
458 8.989755e-10
459 5.883703e-10
460 3.822880e-10
461 2.406783e-10
462 1.441116e-10
463 8.117782e-11
464 4.289008e-11
465 2.753855e-08
466 2.078471e-08
467 1.471108e-08
468 9.951611e-09
469 6.361028e-09
470 3.879473e-09
471 2.380441e-09
472 1.486197e-09
473 9.549800e-10
474 6.245994e-10
475 4.062464e-10
476 2.563872e-10
477 1.540321e-10
478 8.709013e-11
479 4.617947e-11
480 2.891223e-08
481 2.189509e-08
482 1.553543e-08
483 1.053271e-08
484 6.748974e-09
485 4.114243e-09
486 2.521791e-09
487 1.570997e-09
488 1.007828e-09
489 6.588328e-10
490 4.289192e-10
491 2.712510e-10
492 1.634153e-10
493 9.267509e-11
494 4.928546e-11
495 3.052091e-08
496 2.319812e-08
497 1.649905e-08
498 1.121362e-08
499 7.202196e-09
500 4.389040e-09
501 2.686935e-09
502 1.670439e-09
503 1.069713e-09
504 6.989053e-10
505 4.554170e-10
506 2.886068e-10
507 1.743865e-10
508 9.921685e-11
509 5.292507e-11
510 2.603951e-08
511 1.964512e-08
512 1.390402e-08
513 9.394206e-09
514 6.012962e-09
515 3.674091e-09
516 2.256689e-09
517 1.409115e-09
518 9.048425e-10
519 5.909672e-10
520 3.837015e-10
521 2.417711e-10
522 1.451013e-10
523 8.202490e-11
524 4.352327e-11
525 2.918517e-08
526 2.227637e-08
527 1.589444e-08
528 1.081202e-08
529 6.981020e-09
530 4.273637e-09
531 2.615966e-09
532 1.622805e-09
533 1.035758e-09
534 6.741337e-10
535 4.381215e-10
536 2.774720e-10
537 1.679040e-10
538 9.588274e-11
539 5.142372e-11
540 3.137725e-08
541 2.414504e-08
542 1.732555e-08
543 1.184180e-08
544 7.689532e-09
545 4.716338e-09
546 2.879315e-09
547 1.778922e-09
548 1.130283e-09
549 7.339517e-10
550 4.772214e-10
551 3.032357e-10
552 1.844948e-10
553 1.060663e-10
554 5.728975e-11
555 3.347976e-08
556 2.592216e-08
557 1.868174e-08
558 1.281069e-08
559 8.354576e-09
560 5.130344e-09
561 3.126924e-09
562 1.926152e-09
563 1.219935e-09
564 7.906406e-10
565 5.142417e-10
566 3.275524e-10
567 2.000843e-10
568 1.155901e-10
569 6.275256e-11
570 3.547393e-08
571 2.760824e-08
572 1.996836e-08
573 1.373120e-08
574 8.986634e-09
575 5.524170e-09
576 3.362177e-09
577 2.065839e-09
578 1.305013e-09
579 8.444785e-10
580 5.494134e-10
581 3.506515e-10
582 2.148918e-10
583 1.246372e-10
584 6.794252e-11
585 3.781086e-08
586 2.957889e-08
587 2.147152e-08
588 1.480621e-08
589 9.722545e-09
590 5.983212e-09
591 3.636417e-09
592 2.228657e-09
593 1.404143e-09
594 9.072025e-10
595 5.903840e-10
596 3.775676e-10
597 2.321490e-10
598 1.351797e-10
599 7.398980e-11
600 3.329912e-08
601 2.581958e-08
602 1.863781e-08
603 1.278632e-08
604 8.349467e-09
605 5.142590e-09
606 3.133108e-09
607 1.929403e-09
608 1.220515e-09
609 7.897363e-10
610 5.129607e-10
611 3.265110e-10
612 1.994839e-10
613 1.153716e-10
614 6.275679e-11
615 3.632970e-08
616 2.849584e-08
617 2.074971e-08
618 1.432454e-08
619 9.425753e-09
620 5.837590e-09
621 3.544987e-09
622 2.173301e-09
623 1.365817e-09
624 8.795766e-10
625 5.707100e-10
626 3.643548e-10
627 2.240163e-10
628 1.306817e-10
629 7.178354e-11
630 3.921633e-08
631 3.102847e-08
632 2.274458e-08
633 1.577145e-08
634 1.043628e-08
635 6.489932e-09
636 3.932949e-09
637 2.403501e-09
638 1.503435e-09
639 9.645902e-10
640 6.252852e-10
641 4.000137e-10
642 2.470490e-10
643 1.450072e-10
644 8.020865e-11
645 4.195392e-08
646 3.343119e-08
647 2.463724e-08
648 1.714751e-08
649 1.139611e-08
650 7.109901e-09
651 4.301370e-09
652 2.622469e-09
653 1.634051e-09
654 1.045342e-09
655 6.771227e-10
656 4.338774e-10
657 2.689193e-10
658 1.586104e-10
659 8.820906e-11
660 4.516059e-08
661 3.623880e-08
662 2.684931e-08
663 1.875356e-08
664 1.251591e-08
665 7.833657e-09
666 4.731886e-09
667 2.877726e-09
668 1.786496e-09
669 1.139608e-09
670 7.376063e-10
671 4.733945e-10
672 2.944444e-10
673 1.744865e-10
674 9.754775e-11
675 4.021311e-08
676 3.202121e-08
677 2.360546e-08
678 1.642914e-08
679 1.091272e-08
680 6.823272e-09
681 4.130855e-09
682 2.520898e-09
683 1.570266e-09
684 1.003681e-09
685 6.492636e-10
686 4.154141e-10
687 2.571795e-10
688 1.515955e-10
689 8.432582e-11
690 4.396971e-08
691 3.542096e-08
692 2.637251e-08
693 1.847192e-08
694 1.235416e-08
695 7.782792e-09
696 4.705480e-09
697 2.862379e-09
698 1.771044e-09
699 1.125168e-09
700 7.257639e-10
701 4.649130e-10
702 2.892010e-10
703 1.717520e-10
704 9.641121e-11
705 4.754515e-08
706 3.867362e-08
707 2.901762e-08
708 2.043416e-08
709 1.373836e-08
710 8.705733e-09
711 5.259299e-09
712 3.191039e-09
713 1.964276e-09
714 1.241948e-09
715 7.992226e-10
716 5.123632e-10
717 3.198768e-10
718 1.910649e-10
719 1.080052e-10
720 5.173264e-08
721 4.247632e-08
722 3.210388e-08
723 2.272299e-08
724 1.535272e-08
725 9.783026e-09
726 5.906050e-09
727 3.575172e-09
728 2.189763e-09
729 1.378339e-09
730 8.849023e-10
731 5.677139e-10
732 3.556626e-10
733 2.135932e-10
734 1.215306e-10
735 4.871348e-08
736 3.984328e-08
737 3.006050e-08
738 2.125316e-08
739 1.433149e-08
740 9.128544e-09
741 5.524310e-09
742 3.347745e-09
743 2.053411e-09
744 1.293378e-09
745 8.298127e-10
746 5.314084e-10
747 3.321114e-10
748 1.989511e-10
749 1.129624e-10
750 5.334752e-08
751 4.418817e-08
752 3.372140e-08
753 2.402776e-08
754 1.630899e-08
755 1.047908e-08
756 6.354370e-09
757 3.838216e-09
758 2.338812e-09
759 1.462731e-09
760 9.339276e-10
761 5.975806e-10
762 3.746826e-10
763 2.259325e-10
764 1.294233e-10
765 5.878477e-08
766 4.929175e-08
767 3.801094e-08
768 2.728711e-08
769 1.863517e-08
770 1.206948e-08
771 7.334351e-09
772 4.417339e-09
773 2.675354e-09
774 1.662335e-09
775 1.056437e-09
776 6.753681e-10
777 4.246952e-10
778 2.576225e-10
779 1.487640e-10
780 5.927457e-08
781 4.990291e-08
782 3.868027e-08
783 2.788325e-08
784 1.908737e-08
785 1.240807e-08
786 7.575210e-09
787 4.555329e-09
788 2.754851e-09
789 1.705788e-09
790 1.080180e-09
791 6.888420e-10
792 4.328637e-10
793 2.628723e-10
794 1.522166e-10
795 6.639053e-08
796 5.680179e-08
797 4.470580e-08
798 3.260663e-08
799 2.250694e-08
800 1.478730e-08
801 9.097406e-09
802 5.449349e-09
803 3.274894e-09
804 2.008039e-09
805 1.260880e-09
806 8.008485e-10
807 5.039120e-10
808 3.078800e-10
809 1.800100e-10
810 7.617374e-08
811 6.662367e-08
812 5.366582e-08
813 3.991241e-08
814 2.791407e-08
815 1.860277e-08
816 1.163867e-08
817 6.954754e-09
818 4.155088e-09
819 2.509957e-09
820 1.552071e-09
821 9.756319e-10
822 6.121799e-10
823 3.758219e-10
824 2.221891e-10
825 5.080823e-07
826 3.711194e-07
827 2.749950e-07
828 1.712655e-07
829 1.043171e-07
830 6.179727e-08
831 3.773132e-08
832 2.420244e-08
833 1.633596e-08
834 0.000000e+00
835 0.000000e+00
836 0.000000e+00
837 0.000000e+00
838 0.000000e+00
839 0.000000e+00
840 7.609902e-07
841 5.559717e-07
842 4.124092e-07
843 2.596428e-07
844 1.577868e-07
845 9.335966e-08
846 5.689883e-08
847 3.636780e-08
848 2.448310e-08
849 0.000000e+00
850 0.000000e+00
851 0.000000e+00
852 0.000000e+00
853 0.000000e+00
854 0.000000e+00
855 9.034708e-07
856 6.601393e-07
857 4.898344e-07
858 3.095543e-07
859 1.879543e-07
860 1.111685e-07
861 6.771198e-08
862 4.322638e-08
863 2.907417e-08
864 0.000000e+00
865 0.000000e+00
866 0.000000e+00
867 0.000000e+00
868 0.000000e+00
869 0.000000e+00
870 9.993278e-07
871 7.302182e-07
872 5.419243e-07
873 3.431341e-07
874 2.082519e-07
875 1.231503e-07
876 7.498702e-08
877 4.784112e-08
878 3.216291e-08
879 0.000000e+00
880 0.000000e+00
881 0.000000e+00
882 0.000000e+00
883 0.000000e+00
884 0.000000e+00
885 1.079232e-06
886 7.886355e-07
887 5.853340e-07
888 3.710727e-07
889 2.251464e-07
890 1.331250e-07
891 8.104487e-08
892 5.168573e-08
893 3.473753e-08
894 0.000000e+00
895 0.000000e+00
896 0.000000e+00
897 0.000000e+00
898 0.000000e+00
899 0.000000e+00
900 1.129439e-06
901 8.253442e-07
902 6.126261e-07
903 3.887123e-07
904 2.358020e-07
905 1.394142e-07
906 8.486152e-08
907 5.410480e-08
908 3.635564e-08
909 0.000000e+00
910 0.000000e+00
911 0.000000e+00
912 0.000000e+00
913 0.000000e+00
914 0.000000e+00
915 1.180268e-06
916 8.625041e-07
917 6.402459e-07
918 4.065191e-07
919 2.465652e-07
920 1.457672e-07
921 8.871918e-08
922 5.655163e-08
923 3.799350e-08
924 0.000000e+00
925 0.000000e+00
926 0.000000e+00
927 0.000000e+00
928 0.000000e+00
929 0.000000e+00
930 1.228460e-06
931 8.977376e-07
932 6.664337e-07
933 4.234011e-07
934 2.567693e-07
935 1.517905e-07
936 9.237652e-08
937 5.887147e-08
938 3.954628e-08
939 0.000000e+00
940 0.000000e+00
941 0.000000e+00
942 0.000000e+00
943 0.000000e+00
944 0.000000e+00
945 1.284683e-06
946 9.388454e-07
947 6.969857e-07
948 4.430983e-07
949 2.686743e-07
950 1.588185e-07
951 9.664394e-08
952 6.157795e-08
953 4.135810e-08
954 0.000000e+00
955 0.000000e+00
956 0.000000e+00
957 0.000000e+00
958 0.000000e+00
959 0.000000e+00
960 3.399207e-07
961 2.708450e-07
962 1.964874e-07
963 1.473383e-07
964 9.124025e-08
965 5.583218e-08
966 3.245155e-08
967 1.940324e-08
968 1.215680e-08
969 8.047140e-09
970 0.000000e+00
971 0.000000e+00
972 0.000000e+00
973 0.000000e+00
974 0.000000e+00
975 5.202374e-07
976 4.171689e-07
977 3.029010e-07
978 2.269412e-07
979 1.422324e-07
980 8.672238e-08
981 5.037092e-08
982 3.007899e-08
983 1.878197e-08
984 1.239881e-08
985 0.000000e+00
986 0.000000e+00
987 0.000000e+00
988 0.000000e+00
989 0.000000e+00
990 6.448121e-07
991 5.183993e-07
992 3.765467e-07
993 2.820116e-07
994 1.775998e-07
995 1.081224e-07
996 6.278599e-08
997 3.747521e-08
998 2.336911e-08
999 1.541004e-08
1000 0.000000e+00
1001 0.000000e+00
1002 0.000000e+00
1003 0.000000e+00
1004 0.000000e+00
1005 7.437757e-07
1006 5.987726e-07
1007 4.350117e-07
1008 3.257358e-07
1009 2.056552e-07
1010 1.251016e-07
1011 7.263752e-08
1012 4.334484e-08
1013 2.701015e-08
1014 1.780073e-08
1015 0.000000e+00
1016 0.000000e+00
1017 0.000000e+00
1018 0.000000e+00
1019 0.000000e+00
1020 8.139596e-07
1021 6.558390e-07
1022 4.765327e-07
1023 3.567807e-07
1024 2.256220e-07
1025 1.371778e-07
1026 7.964314e-08
1027 4.751755e-08
1028 2.959718e-08
1029 1.949827e-08
1030 0.000000e+00
1031 0.000000e+00
1032 0.000000e+00
1033 0.000000e+00
1034 0.000000e+00
1035 8.800254e-07
1036 7.095243e-07
1037 5.155916e-07
1038 3.859857e-07
1039 2.443794e-07
1040 1.485270e-07
1041 8.622743e-08
1042 5.144028e-08
1043 3.202995e-08
1044 2.109535e-08
1045 0.000000e+00
1046 0.000000e+00
1047 0.000000e+00
1048 0.000000e+00
1049 0.000000e+00
1050 9.426736e-07
1051 7.604327e-07
1052 5.526249e-07
1053 4.136780e-07
1054 2.621647e-07
1055 1.592896e-07
1056 9.247120e-08
1057 5.515972e-08
1058 3.433673e-08
1059 2.260959e-08
1060 0.000000e+00
1061 0.000000e+00
1062 0.000000e+00
1063 0.000000e+00
1064 0.000000e+00
1065 1.015768e-06
1066 8.198310e-07
1067 5.958365e-07
1068 4.459927e-07
1069 2.829175e-07
1070 1.718473e-07
1071 9.975607e-08
1072 5.949995e-08
1073 3.702828e-08
1074 2.437647e-08
1075 0.000000e+00
1076 0.000000e+00
1077 0.000000e+00
1078 0.000000e+00
1079 0.000000e+00
1080 2.010686e-07
1081 1.829480e-07
1082 1.410085e-07
1083 1.019654e-07
1084 7.641696e-08
1085 4.420196e-08
1086 2.709763e-08
1087 1.562007e-08
1088 9.233037e-09
1089 5.742851e-09
1090 0.000000e+00
1091 0.000000e+00
1092 0.000000e+00
1093 0.000000e+00
1094 0.000000e+00
1095 3.304396e-07
1096 3.018594e-07
1097 2.335179e-07
1098 1.687628e-07
1099 1.266479e-07
1100 7.362079e-08
1101 4.524078e-08
1102 2.602231e-08
1103 1.533299e-08
1104 9.517270e-09
1105 0.000000e+00
1106 0.000000e+00
1107 0.000000e+00
1108 0.000000e+00
1109 0.000000e+00
1110 4.338599e-07
1111 3.969915e-07
1112 3.075816e-07
1113 2.222392e-07
1114 1.668661e-07
1115 9.720478e-08
1116 5.978853e-08
1117 3.436084e-08
1118 2.021962e-08
1119 1.253972e-08
1120 0.000000e+00
1121 0.000000e+00
1122 0.000000e+00
1123 0.000000e+00
1124 0.000000e+00
1125 5.118675e-07
1126 4.687719e-07
1127 3.634880e-07
1128 2.626035e-07
1129 1.972257e-07
1130 1.150174e-07
1131 7.077884e-08
1132 4.065897e-08
1133 2.390921e-08
1134 1.482137e-08
1135 0.000000e+00
1136 0.000000e+00
1137 0.000000e+00
1138 0.000000e+00
1139 0.000000e+00
1140 5.827486e-07
1141 5.339873e-07
1142 4.142683e-07
1143 2.992682e-07
1144 2.248018e-07
1145 1.311919e-07
1146 8.075741e-08
1147 4.637790e-08
1148 2.726008e-08
1149 1.689370e-08
1150 0.000000e+00
1151 0.000000e+00
1152 0.000000e+00
1153 0.000000e+00
1154 0.000000e+00
1155 6.499630e-07
1156 5.958254e-07
1157 4.624212e-07
1158 3.340351e-07
1159 2.509506e-07
1160 1.465295e-07
1161 9.021925e-08
1162 5.180077e-08
1163 3.043750e-08
1164 1.885873e-08
1165 0.000000e+00
1166 0.000000e+00
1167 0.000000e+00
1168 0.000000e+00
1169 0.000000e+00
1170 7.283846e-07
1171 6.679733e-07
1172 5.186008e-07
1173 3.745984e-07
1174 2.814577e-07
1175 1.644239e-07
1176 1.012585e-07
1177 5.812754e-08
1178 3.414473e-08
1179 2.115149e-08
1180 0.000000e+00
1181 0.000000e+00
1182 0.000000e+00
1183 0.000000e+00
1184 0.000000e+00
1185 1.343256e-07
1186 1.326374e-07
1187 1.115927e-07
1188 8.153691e-08
1189 6.055961e-08
1190 4.119830e-08
1191 2.429558e-08
1192 1.384534e-08
1193 8.005228e-09
1194 4.729412e-09
1195 2.961704e-09
1196 0.000000e+00
1197 0.000000e+00
1198 0.000000e+00
1199 0.000000e+00
1200 2.328668e-07
1201 2.305176e-07
1202 1.945820e-07
1203 1.423912e-07
1204 1.056054e-07
1205 7.228868e-08
1206 4.244455e-08
1207 2.421733e-08
1208 1.401911e-08
1209 8.269161e-09
1210 5.169018e-09
1211 0.000000e+00
1212 0.000000e+00
1213 0.000000e+00
1214 0.000000e+00
1215 3.123234e-07
1216 3.095007e-07
1217 2.616149e-07
1218 1.915695e-07
1219 1.419927e-07
1220 9.744478e-08
1221 5.711214e-08
1222 3.260333e-08
1223 1.888244e-08
1224 1.113065e-08
1225 6.952523e-09
1226 0.000000e+00
1227 0.000000e+00
1228 0.000000e+00
1229 0.000000e+00
1230 3.831935e-07
1231 3.799432e-07
1232 3.213903e-07
1233 2.354215e-07
1234 1.744400e-07
1235 1.198757e-07
1236 7.019122e-08
1237 4.008120e-08
1238 2.321897e-08
1239 1.368230e-08
1240 8.542871e-09
1241 0.000000e+00
1242 0.000000e+00
1243 0.000000e+00
1244 0.000000e+00
1245 4.503977e-07
1246 4.467362e-07
1247 3.780737e-07
1248 2.770046e-07
1249 2.052095e-07
1250 1.411454e-07
1251 8.259382e-08
1252 4.717229e-08
1253 2.733118e-08
1254 1.610194e-08
1255 1.005098e-08
1256 0.000000e+00
1257 0.000000e+00
1258 0.000000e+00
1259 0.000000e+00
1260 5.288015e-07
1261 5.246659e-07
1262 4.442070e-07
1263 3.255223e-07
1264 2.411084e-07
1265 1.659601e-07
1266 9.706421e-08
1267 5.544503e-08
1268 3.212871e-08
1269 1.892488e-08
1270 1.181051e-08
1271 0.000000e+00
1272 0.000000e+00
1273 0.000000e+00
1274 0.000000e+00
1275 9.770151e-08
1276 1.017605e-07
1277 9.212913e-08
1278 7.051013e-08
1279 5.096343e-08
1280 3.818278e-08
1281 2.158428e-08
1282 1.304131e-08
1283 7.366474e-09
1284 4.253147e-09
1285 2.545513e-09
1286 0.000000e+00
1287 0.000000e+00
1288 0.000000e+00
1289 0.000000e+00
1290 1.735198e-07
1291 1.810575e-07
1292 1.643621e-07
1293 1.260908e-07
1294 9.108560e-08
1295 6.833593e-08
1296 3.872436e-08
1297 2.346394e-08
1298 1.322787e-08
1299 7.621485e-09
1300 4.553667e-09
1301 0.000000e+00
1302 0.000000e+00
1303 0.000000e+00
1304 0.000000e+00
1305 2.424635e-07
1306 2.531894e-07
1307 2.301014e-07
1308 1.766983e-07
1309 1.276149e-07
1310 9.579450e-08
1311 5.434252e-08
1312 3.296557e-08
1313 1.856968e-08
1314 1.068971e-08
1315 6.382329e-09
1316 0.000000e+00
1317 0.000000e+00
1318 0.000000e+00
1319 0.000000e+00
1320 3.078577e-07
1321 3.216065e-07
1322 2.924568e-07
1323 2.247029e-07
1324 1.622652e-07
1325 1.218404e-07
1326 6.915697e-08
1327 4.197839e-08
1328 2.363663e-08
1329 1.359998e-08
1330 8.116900e-09
1331 0.000000e+00
1332 0.000000e+00
1333 0.000000e+00
1334 0.000000e+00
1335 3.841561e-07
1336 4.014323e-07
1337 3.652105e-07
1338 2.807097e-07
1339 2.026908e-07
1340 1.522281e-07
1341 8.644124e-08
1342 5.249408e-08
1343 2.954836e-08
1344 1.699550e-08
1345 1.014064e-08
1346 0.000000e+00
1347 0.000000e+00
1348 0.000000e+00
1349 0.000000e+00
1350 7.423020e-08
1351 8.036640e-08
1352 7.709381e-08
1353 6.250163e-08
1354 4.509532e-08
1355 3.399096e-08
1356 2.125422e-08
1357 1.302543e-08
1358 7.231554e-09
1359 3.982452e-09
1360 2.300937e-09
1361 1.398854e-09
1362 0.000000e+00
1363 0.000000e+00
1364 0.000000e+00
1365 1.384857e-07
1366 1.501467e-07
1367 1.443457e-07
1368 1.173247e-07
1369 8.469780e-08
1370 6.378870e-08
1371 4.012050e-08
1372 2.452564e-08
1373 1.361871e-08
1374 7.502939e-09
1375 4.326397e-09
1376 2.625266e-09
1377 0.000000e+00
1378 0.000000e+00
1379 0.000000e+00
1380 2.010031e-07
1381 2.180563e-07
1382 2.098198e-07
1383 1.707216e-07
1384 1.232755e-07
1385 9.281020e-08
1386 5.851418e-08
1387 3.573215e-08
1388 1.984300e-08
1389 1.093430e-08
1390 6.299816e-09
1391 3.819753e-09
1392 0.000000e+00
1393 0.000000e+00
1394 0.000000e+00
1395 2.739546e-07
1396 2.973002e-07
1397 2.862206e-07
1398 2.330303e-07
1399 1.682909e-07
1400 1.266749e-07
1401 7.997821e-08
1402 4.880901e-08
1403 2.710609e-08
1404 1.493828e-08
1405 8.602574e-09
1406 5.213599e-09
1407 0.000000e+00
1408 0.000000e+00
1409 0.000000e+00
1410 6.015836e-08
1411 6.715185e-08
1412 6.747820e-08
1413 5.798210e-08
1414 4.274732e-08
1415 3.148015e-08
1416 2.218974e-08
1417 1.265566e-08
1418 7.126830e-09
1419 4.032561e-09
1420 2.242962e-09
1421 1.307805e-09
1422 0.000000e+00
1423 0.000000e+00
1424 0.000000e+00
1425 1.179258e-07
1426 1.317988e-07
1427 1.326902e-07
1428 1.143149e-07
1429 8.440540e-08
1430 6.208887e-08
1431 4.395024e-08
1432 2.499312e-08
1433 1.410125e-08
1434 7.978047e-09
1435 4.435308e-09
1436 2.581577e-09
1437 0.000000e+00
1438 0.000000e+00
1439 0.000000e+00
1440 1.864659e-07
1441 2.085133e-07
1442 2.100928e-07
1443 1.811975e-07
1444 1.338744e-07
1445 9.843172e-08
1446 6.979941e-08
1447 3.964442e-08
1448 2.238585e-08
1449 1.266432e-08
1450 7.039246e-09
1451 4.094128e-09
1452 0.000000e+00
1453 0.000000e+00
1454 0.000000e+00
1455 5.199038e-08
1456 5.958529e-08
1457 6.229110e-08
1458 5.661025e-08
1459 4.342246e-08
1460 3.136091e-08
1461 2.355761e-08
1462 1.321054e-08
1463 7.903982e-09
1464 4.329814e-09
1465 2.386437e-09
1466 1.332290e-09
1467 0.000000e+00
1468 0.000000e+00
1469 0.000000e+00
1470 1.144186e-07
1471 1.312919e-07
1472 1.375007e-07
1473 1.252952e-07
1474 9.633737e-08
1475 6.954089e-08
1476 5.230463e-08
1477 2.941272e-08
1478 1.765433e-08
1479 9.654163e-09
1480 5.309464e-09
1481 2.958539e-09
1482 0.000000e+00
1483 0.000000e+00
1484 0.000000e+00
1485 5.380740e-08
1486 6.322847e-08
1487 6.856066e-08
1488 6.582577e-08
1489 5.337790e-08
1490 3.851609e-08
1491 2.905550e-08
1492 1.807013e-08
1493 1.099590e-08
1494 5.967144e-09
1495 3.143085e-09
1496 1.695661e-09
1497 9.442060e-10
1498 0.000000e+00
1499 0.000000e+00
1500 1.109684e-04
1501 8.086786e-05
1502 6.035546e-05
1503 3.805236e-05
1504 2.321989e-05
1505 1.369104e-05
1506 8.324421e-06
1507 5.304277e-06
1508 3.565556e-06
1509 0.000000e+00
1510 0.000000e+00
1511 0.000000e+00
1512 0.000000e+00
1513 0.000000e+00
1514 0.000000e+00
1515 5.757601e-05
1516 4.644359e-05
1517 3.369791e-05
1518 2.528332e-05
1519 1.597668e-05
1520 9.754545e-06
1521 5.648866e-06
1522 3.364481e-06
1523 2.093966e-06
1524 1.379138e-06
1525 0.000000e+00
1526 0.000000e+00
1527 0.000000e+00
1528 0.000000e+00
1529 0.000000e+00
1530 4.047788e-05
1531 3.713775e-05
1532 2.882267e-05
1533 2.080348e-05
1534 1.566222e-05
1535 9.111532e-06
1536 5.625604e-06
1537 3.225263e-06
1538 1.896511e-06
1539 1.174730e-06
1540 0.000000e+00
1541 0.000000e+00
1542 0.000000e+00
1543 0.000000e+00
1544 0.000000e+00
1545 2.912801e-05
1546 2.891312e-05
1547 2.448503e-05
1548 1.793535e-05
1549 1.328396e-05
1550 9.154542e-06
1551 5.351144e-06
1552 3.053081e-06
1553 1.771954e-06
1554 1.042590e-06
1555 6.506122e-07
1556 0.000000e+00
1557 0.000000e+00
1558 0.000000e+00
1559 0.000000e+00
1560 2.085098e-05
1561 2.179680e-05
1562 1.983793e-05
1563 1.524768e-05
1564 1.100576e-05
1565 8.274949e-06
1566 4.689296e-06
1567 2.850415e-06
1568 1.602925e-06
1569 9.233707e-07
1570 5.506294e-07
1571 0.000000e+00
1572 0.000000e+00
1573 0.000000e+00
1574 0.000000e+00
1575 1.487210e-05
1576 1.614453e-05
1577 1.554949e-05
1578 1.266314e-05
1579 9.143013e-06
1580 6.883420e-06
1581 4.347301e-06
1582 2.655947e-06
1583 1.474901e-06
1584 8.112783e-07
1585 4.673052e-07
1586 2.832009e-07
1587 0.000000e+00
1588 0.000000e+00
1589 0.000000e+00
1590 1.001028e-05
1591 1.119728e-05
1592 1.128693e-05
1593 9.739022e-06
1594 7.195644e-06
1595 5.289411e-06
1596 3.755371e-06
1597 2.130464e-06
1598 1.202339e-06
1599 6.811759e-07
1600 3.783133e-07
1601 2.200058e-07
1602 0.000000e+00
1603 0.000000e+00
1604 0.000000e+00
1605 6.201116e-06
1606 7.118100e-06
1607 7.458527e-06
1608 6.801106e-06
1609 5.231433e-06
1610 3.775220e-06
1611 2.841823e-06
1612 1.597077e-06
1613 9.596537e-07
1614 5.242846e-07
1615 2.885232e-07
1616 1.606418e-07
1617 0.000000e+00
1618 0.000000e+00
1619 0.000000e+00
1620 3.163407e-06
1621 3.720115e-06
1622 4.038202e-06
1623 3.883392e-06
1624 3.154630e-06
1625 2.276770e-06
1626 1.716871e-06
1627 1.071974e-06
1628 6.518364e-07
1629 3.538249e-07
1630 1.861971e-07
1631 1.003484e-07
1632 5.578990e-08
1633 0.000000e+00
1634 0.000000e+00
1635 8.891198e-07
1636 1.072208e-06
1637 1.206146e-06
1638 1.224576e-06
1639 1.066696e-06
1640 7.933436e-07
1641 5.815894e-07
1642 4.169104e-07
1643 2.343421e-07
1644 1.314261e-07
1645 7.164692e-08
1646 3.730540e-08
1647 1.958823e-08
1648 0.000000e+00
1649 0.000000e+00
