0 2.174438e-09
1 1.411054e-09
2 8.867554e-10
3 5.590769e-10
4 3.597784e-10
5 2.369624e-10
6 1.575871e-10
7 1.034398e-10
8 6.545963e-11
9 3.922879e-11
10 2.205283e-11
11 1.162168e-11
12 5.780959e-12
13 2.745716e-12
14 1.260606e-12
15 3.699194e-09
16 2.456876e-09
17 1.558949e-09
18 9.716764e-10
19 6.150935e-10
20 3.988023e-10
21 2.640828e-10
22 1.751312e-10
23 1.134566e-10
24 7.026905e-11
25 4.097094e-11
26 2.236344e-11
27 1.145877e-11
28 5.565090e-12
29 2.594187e-12
30 4.223823e-09
31 2.823617e-09
32 1.800783e-09
33 1.120754e-09
34 7.065606e-10
35 4.558403e-10
36 3.009808e-10
37 1.998131e-10
38 1.300767e-10
39 8.116889e-11
40 4.778161e-11
41 2.634138e-11
42 1.361619e-11
43 6.658996e-12
44 3.119438e-12
45 4.511386e-09
46 3.024766e-09
47 1.933522e-09
48 1.202544e-09
49 7.567621e-10
50 4.871542e-10
51 3.212435e-10
52 2.133342e-10
53 1.392013e-10
54 8.716825e-11
55 5.153036e-11
56 2.852788e-11
57 1.480187e-11
58 7.259802e-12
59 3.408299e-12
60 4.705483e-09
61 3.160065e-09
62 2.022923e-09
63 1.257688e-09
64 7.906214e-10
65 5.082387e-10
66 3.349044e-10
67 2.224780e-10
68 1.453247e-10
69 9.120597e-11
70 5.404696e-11
71 2.999471e-11
72 1.559998e-11
73 7.664582e-12
74 3.603286e-12
75 4.850414e-09
76 3.261584e-09
77 2.089720e-09
78 1.298943e-09
79 8.159126e-10
80 5.239934e-10
81 3.451234e-10
82 2.292814e-10
83 1.499277e-10
84 9.421015e-11
85 5.593296e-11
86 3.109778e-11
87 1.619795e-11
88 7.969113e-12
89 3.748450e-12
90 4.967132e-09
91 3.343427e-09
92 2.144015e-09
93 1.332491e-09
94 8.364357e-10
95 5.368042e-10
96 3.534378e-10
97 2.347890e-10
98 1.536366e-10
99 9.665747e-11
100 5.746035e-11
101 3.198693e-11
102 1.668471e-11
103 8.215777e-12
104 3.866695e-12
105 5.070454e-09
106 3.415498e-09
107 2.191089e-09
108 1.361462e-09
109 8.543000e-10
110 5.479348e-10
111 3.606181e-10
112 2.396495e-10
113 1.569145e-10
114 9.880969e-11
115 5.880115e-11
116 3.277008e-11
117 1.710446e-11
118 8.430866e-12
119 3.970218e-12
120 5.167929e-09
121 3.484018e-09
122 2.236789e-09
123 1.389193e-09
124 8.714251e-10
125 5.585932e-10
126 3.674868e-10
127 2.442091e-10
128 1.599709e-10
129 1.008215e-10
130 6.007691e-11
131 3.351506e-11
132 1.750765e-11
133 8.633198e-12
134 4.067465e-12
135 5.279977e-09
136 3.561772e-09
137 2.288473e-09
138 1.421532e-09
139 8.911190e-10
140 5.709006e-10
141 3.754049e-10
142 2.495322e-10
143 1.635910e-10
144 1.032162e-10
145 6.155246e-11
146 3.437859e-11
147 1.797753e-11
148 8.869284e-12
149 4.181005e-12
150 7.863944e-09
151 5.412019e-09
152 3.552685e-09
153 2.217262e-09
154 1.375165e-09
155 8.673400e-10
156 5.627621e-10
157 3.725386e-10
158 2.463542e-10
159 1.585580e-10
160 9.719670e-11
161 5.597051e-11
162 3.013918e-11
163 1.524159e-11
164 7.316152e-12
165 9.936620e-09
166 6.923625e-09
167 4.610832e-09
168 2.907137e-09
169 1.793178e-09
170 1.121740e-09
171 7.199261e-10
172 4.736588e-10
173 3.137223e-10
174 2.038155e-10
175 1.268944e-10
176 7.448353e-11
177 4.091048e-11
178 2.105813e-11
179 1.024985e-11
180 1.112571e-08
181 7.793733e-09
182 5.221441e-09
183 3.308231e-09
184 2.037224e-09
185 1.270163e-09
186 8.113256e-10
187 5.321747e-10
188 3.525190e-10
189 2.299019e-10
190 1.440444e-10
191 8.521880e-11
192 4.719397e-11
193 2.447386e-11
194 1.198320e-11
195 1.192412e-08
196 8.379707e-09
197 5.631883e-09
198 3.578109e-09
199 2.201193e-09
200 1.369998e-09
201 8.725540e-10
202 5.714817e-10
203 3.786352e-10
204 2.474175e-10
205 1.555451e-10
206 9.242495e-11
207 5.141121e-11
208 2.676744e-11
209 1.314715e-11
210 1.252186e-08
211 8.818528e-09
212 5.939499e-09
213 3.780570e-09
214 2.324311e-09
215 1.444695e-09
216 9.186304e-10
217 6.009490e-10
218 3.981862e-10
219 2.605532e-10
220 1.641974e-10
221 9.782991e-11
222 5.457433e-11
223 2.848979e-11
224 1.402148e-11
225 1.300870e-08
226 9.175281e-09
227 6.189275e-09
228 3.944599e-09
229 2.423984e-09
230 1.505464e-09
231 9.560444e-10
232 6.248747e-10
233 4.140534e-10
234 2.712015e-10
235 1.711953e-10
236 1.022100e-10
237 5.713848e-11
238 2.988196e-11
239 1.472964e-11
240 1.343143e-08
241 9.483867e-09
242 6.406469e-09
243 4.086588e-09
244 2.510548e-09
245 1.558131e-09
246 9.883720e-10
247 6.456139e-10
248 4.278956e-10
249 2.804843e-10
250 1.772994e-10
251 1.060350e-10
252 5.937341e-11
253 3.109198e-11
254 1.534254e-11
255 1.383188e-08
256 9.778287e-09
257 6.612847e-09
258 4.223798e-09
259 2.593902e-09
260 1.608295e-09
261 1.019473e-09
262 6.653681e-10
263 4.409928e-10
264 2.892697e-10
265 1.830685e-10
266 1.096479e-10
267 6.149113e-11
268 3.224849e-11
269 1.592883e-11
270 1.429857e-08
271 1.011979e-08
272 6.852316e-09
273 4.379911e-09
274 2.688704e-09
275 1.666487e-09
276 1.055342e-09
277 6.884190e-10
278 4.562484e-10
279 2.995296e-10
280 1.898191e-10
281 1.138685e-10
282 6.396251e-11
283 3.359186e-11
284 1.660989e-11
285 1.363949e-08
286 9.701338e-09
287 6.588079e-09
288 4.249769e-09
289 2.617912e-09
290 1.621808e-09
291 1.022523e-09
292 6.634674e-10
293 4.377809e-10
294 2.869608e-10
295 1.821937e-10
296 1.098735e-10
297 6.221228e-11
298 3.297670e-11
299 1.644980e-11
300 1.604175e-08
301 1.153777e-08
302 7.907027e-09
303 5.159764e-09
304 3.190729e-09
305 1.966597e-09
306 1.230184e-09
307 7.921133e-10
308 5.206905e-10
309 3.421041e-10
310 2.189176e-10
311 1.336078e-10
312 7.673295e-11
313 4.126479e-11
314 2.084766e-11
315 1.768272e-08
316 1.280025e-08
317 8.812945e-09
318 5.786072e-09
319 3.586460e-09
320 2.204115e-09
321 1.373706e-09
322 8.807972e-10
323 5.777957e-10
324 3.800038e-10
325 2.441485e-10
326 1.499266e-10
327 8.673658e-11
328 4.699056e-11
329 2.389562e-11
330 1.891375e-08
331 1.374489e-08
332 9.492938e-09
333 6.253450e-09
334 3.882914e-09
335 2.382569e-09
336 1.481048e-09
337 9.472585e-10
338 6.206615e-10
339 4.084039e-10
340 2.630587e-10
341 1.621622e-10
342 9.423769e-11
343 5.128408e-11
344 2.618132e-11
345 1.991146e-08
346 1.451328e-08
347 1.004336e-08
348 6.634771e-09
349 4.123268e-09
350 2.527310e-09
351 1.568225e-09
352 1.001161e-09
353 6.552485e-10
354 4.313927e-10
355 2.783739e-10
356 1.720702e-10
357 1.003117e-10
358 5.476102e-11
359 2.803326e-11
360 2.078174e-08
361 1.518233e-08
362 1.052409e-08
363 6.966172e-09
364 4.332464e-09
365 2.653665e-09
366 1.644236e-09
367 1.048153e-09
368 6.855112e-10
369 4.514687e-10
370 2.917228e-10
371 1.807053e-10
372 1.056057e-10
373 5.779124e-11
374 2.964559e-11
375 2.160552e-08
376 1.581444e-08
377 1.097901e-08
378 7.279962e-09
379 4.531142e-09
380 2.773028e-09
381 1.716133e-09
382 1.092650e-09
383 7.141800e-10
384 4.704976e-10
385 3.044014e-10
386 1.889001e-10
387 1.106294e-10
388 6.066688e-11
389 3.117570e-11
390 2.256362e-08
391 1.655097e-08
392 1.150743e-08
393 7.644760e-09
394 4.761878e-09
395 2.912341e-09
396 1.800122e-09
397 1.144534e-09
398 7.474594e-10
399 4.926361e-10
400 3.191328e-10
401 1.984181e-10
402 1.164637e-10
403 6.400610e-11
404 3.295311e-11
405 1.968489e-08
406 1.442496e-08
407 1.001006e-08
408 6.636441e-09
409 4.153678e-09
410 2.543210e-09
411 1.577042e-09
412 1.002752e-09
413 6.537026e-10
414 4.293301e-10
415 2.770080e-10
416 1.716371e-10
417 1.005278e-10
418 5.523232e-11
419 2.847168e-11
420 2.234552e-08
421 1.656477e-08
422 1.158432e-08
423 7.743744e-09
424 4.887566e-09
425 2.984148e-09
426 1.842697e-09
427 1.163036e-09
428 7.539270e-10
429 4.945995e-10
430 3.203136e-10
431 2.000352e-10
432 1.184141e-10
433 6.583464e-11
434 3.433180e-11
435 2.435167e-08
436 1.818206e-08
437 1.277281e-08
438 8.583012e-09
439 5.444506e-09
440 3.319677e-09
441 2.044785e-09
442 1.284689e-09
443 8.300576e-10
444 5.440536e-10
445 3.531125e-10
446 2.215478e-10
447 1.319741e-10
448 7.388535e-11
449 3.878895e-11
450 2.597699e-08
451 1.949304e-08
452 1.373983e-08
453 9.263533e-09
454 5.895454e-09
455 3.591933e-09
456 2.208428e-09
457 1.383231e-09
458 8.916536e-10
459 5.840848e-10
460 3.796609e-10
461 2.389613e-10
462 1.429500e-10
463 8.040007e-11
464 4.239456e-11
465 2.739772e-08
466 2.063792e-08
467 1.458239e-08
468 9.856342e-09
469 6.288974e-09
470 3.829171e-09
471 2.351093e-09
472 1.469375e-09
473 9.454218e-10
474 6.190464e-10
475 4.028348e-10
476 2.541601e-10
477 1.525311e-10
478 8.609081e-11
479 4.554560e-11
480 2.874016e-08
481 2.171788e-08
482 1.537901e-08
483 1.041694e-08
484 6.662441e-09
485 4.053293e-09
486 2.486306e-09
487 1.550727e-09
488 9.961194e-10
489 6.520942e-10
490 4.247885e-10
491 2.685570e-10
492 1.616048e-10
493 9.146862e-11
494 4.852163e-11
495 3.030587e-08
496 2.297839e-08
497 1.630731e-08
498 1.107171e-08
499 7.096066e-09
500 4.315052e-09
501 2.643787e-09
502 1.645566e-09
503 1.055509e-09
504 6.906151e-10
505 4.503047e-10
506 2.852734e-10
507 1.721534e-10
508 9.773981e-11
509 5.199387e-11
510 2.605423e-08
511 1.964867e-08
512 1.390355e-08
513 9.392593e-09
514 6.010926e-09
515 3.670293e-09
516 2.254876e-09
517 1.408143e-09
518 9.043960e-10
519 5.908505e-10
520 3.836899e-10
521 2.417742e-10
522 1.450890e-10
523 8.199848e-11
524 4.349233e-11
525 2.897049e-08
526 2.210240e-08
527 1.576077e-08
528 1.071975e-08
529 6.919358e-09
530 4.232380e-09
531 2.591069e-09
532 1.607584e-09
533 1.026392e-09
534 6.683391e-10
535 4.344762e-10
536 2.751834e-10
537 1.664940e-10
538 9.504210e-11
539 5.094380e-11
540 3.134316e-08
541 2.409870e-08
542 1.727566e-08
543 1.180216e-08
544 7.659257e-09
545 4.691461e-09
546 2.865327e-09
547 1.770459e-09
548 1.125811e-09
549 7.314764e-10
550 4.758332e-10
551 3.023842e-10
552 1.839236e-10
553 1.056682e-10
554 5.701736e-11
555 3.341221e-08
556 2.584025e-08
557 1.860050e-08
558 1.274518e-08
559 8.305784e-09
560 5.091960e-09
561 3.104990e-09
562 1.912528e-09
563 1.212616e-09
564 7.866061e-10
565 5.119298e-10
566 3.261201e-10
567 1.991345e-10
568 1.149429e-10
569 6.232016e-11
570 3.536920e-08
571 2.748682e-08
572 1.984974e-08
573 1.363657e-08
574 8.918148e-09
575 5.470240e-09
576 3.331210e-09
577 2.047193e-09
578 1.294667e-09
579 8.387203e-10
580 5.460779e-10
581 3.485832e-10
582 2.135277e-10
583 1.237166e-10
584 6.733445e-11
585 3.765901e-08
586 2.940812e-08
587 2.130858e-08
588 1.467962e-08
589 9.630117e-09
590 5.911863e-09
591 3.595358e-09
592 2.203737e-09
593 1.390260e-09
594 8.994243e-10
595 5.858382e-10
596 3.747358e-10
597 2.302882e-10
598 1.339352e-10
599 7.317685e-11
600 3.284342e-08
601 2.546832e-08
602 1.837654e-08
603 1.260723e-08
604 8.233001e-09
605 5.069302e-09
606 3.087781e-09
607 1.901448e-09
608 1.203091e-09
609 7.785876e-10
610 5.058060e-10
611 3.219970e-10
612 1.967348e-10
613 1.137763e-10
614 6.188029e-11
615 3.609014e-08
616 2.830238e-08
617 2.060251e-08
618 1.421893e-08
619 9.354837e-09
620 5.791142e-09
621 3.516044e-09
622 2.155388e-09
623 1.355012e-09
624 8.728787e-10
625 5.665231e-10
626 3.617442e-10
627 2.224175e-10
628 1.297328e-10
629 7.124166e-11
630 3.892279e-08
631 3.078028e-08
632 2.254743e-08
633 1.562584e-08
634 1.033657e-08
635 6.422740e-09
636 3.890895e-09
637 2.377865e-09
638 1.488087e-09
639 9.553526e-10
640 6.196191e-10
641 3.964928e-10
642 2.448708e-10
643 1.436860e-10
644 7.943116e-11
645 4.160452e-08
646 3.312562e-08
647 2.438625e-08
648 1.695880e-08
649 1.126736e-08
650 7.020612e-09
651 4.245890e-09
652 2.588524e-09
653 1.614111e-09
654 1.033470e-09
655 6.699014e-10
656 4.294062e-10
657 2.661379e-10
658 1.568997e-10
659 8.718470e-11
660 4.473496e-08
661 3.586435e-08
662 2.653076e-08
663 1.851255e-08
664 1.234856e-08
665 7.716820e-09
666 4.658813e-09
667 2.833303e-09
668 1.760622e-09
669 1.124342e-09
670 7.283704e-10
671 4.676775e-10
672 2.908689e-10
673 1.722674e-10
674 9.620439e-11
675 4.028053e-08
676 3.207778e-08
677 2.364548e-08
678 1.645702e-08
679 1.093067e-08
680 6.834481e-09
681 4.136110e-09
682 2.524176e-09
683 1.572426e-09
684 1.005100e-09
685 6.502673e-10
686 4.161350e-10
687 2.576571e-10
688 1.518893e-10
689 8.448454e-11
690 4.402189e-08
691 3.546730e-08
692 2.639958e-08
693 1.848718e-08
694 1.236306e-08
695 7.787524e-09
696 4.706014e-09
697 2.863032e-09
698 1.771615e-09
699 1.125721e-09
700 7.262935e-10
701 4.653469e-10
702 2.895066e-10
703 1.719380e-10
704 9.650599e-11
705 4.756894e-08
706 3.867983e-08
707 2.900615e-08
708 2.041403e-08
709 1.372291e-08
710 8.691201e-09
711 5.246786e-09
712 3.184348e-09
713 1.960496e-09
714 1.240194e-09
715 7.984133e-10
716 5.120301e-10
717 3.197181e-10
718 1.909543e-10
719 1.079077e-10
720 5.170332e-08
721 4.241935e-08
722 3.204104e-08
723 2.265671e-08
724 1.530243e-08
725 9.743422e-09
726 5.875345e-09
727 3.558064e-09
728 2.180155e-09
729 1.373166e-09
730 8.822245e-10
731 5.662851e-10
732 3.548319e-10
733 2.130576e-10
734 1.211620e-10
735 4.880658e-08
736 3.992914e-08
737 3.012586e-08
738 2.129891e-08
739 1.436307e-08
740 9.149925e-09
741 5.535460e-09
742 3.354922e-09
743 2.057512e-09
744 1.295988e-09
745 8.314810e-10
746 5.325340e-10
747 3.328584e-10
748 1.994260e-10
749 1.132445e-10
750 5.343164e-08
751 4.426016e-08
752 3.377346e-08
753 2.406142e-08
754 1.633080e-08
755 1.049259e-08
756 6.359595e-09
757 3.842181e-09
758 2.340799e-09
759 1.464232e-09
760 9.350041e-10
761 5.983922e-10
762 3.752573e-10
763 2.263043e-10
764 1.296405e-10
765 5.881749e-08
766 4.930447e-08
767 3.800466e-08
768 2.726969e-08
769 1.861676e-08
770 1.205443e-08
771 7.318439e-09
772 4.408929e-09
773 2.670074e-09
774 1.659729e-09
775 1.055271e-09
776 6.749100e-10
777 4.245198e-10
778 2.575343e-10
779 1.486925e-10
780 5.939970e-08
781 5.002131e-08
782 3.877891e-08
783 2.795756e-08
784 1.913949e-08
785 1.244361e-08
786 7.596399e-09
787 4.568083e-09
788 2.761911e-09
789 1.710051e-09
790 1.082863e-09
791 6.905766e-10
792 4.340013e-10
793 2.636024e-10
794 1.526656e-10
795 6.648069e-08
796 5.688265e-08
797 4.476824e-08
798 3.264701e-08
799 2.253278e-08
800 1.480481e-08
801 9.105460e-09
802 5.453390e-09
803 3.276758e-09
804 2.009481e-09
805 1.262013e-09
806 8.017210e-10
807 5.045554e-10
808 3.083200e-10
809 1.802845e-10
810 7.627003e-08
811 6.671797e-08
812 5.374843e-08
813 3.997638e-08
814 2.795923e-08
815 1.863422e-08
816 1.165881e-08
817 6.965761e-09
818 4.161626e-09
819 2.513739e-09
820 1.554331e-09
821 9.770663e-10
822 6.131153e-10
823 3.764302e-10
824 2.225730e-10
825 5.036421e-07
826 3.678554e-07
827 2.725731e-07
828 1.696045e-07
829 1.033336e-07
830 6.121794e-08
831 3.738165e-08
832 2.398430e-08
833 1.619201e-08
834 0.000000e+00
835 0.000000e+00
836 0.000000e+00
837 0.000000e+00
838 0.000000e+00
839 0.000000e+00
840 7.614674e-07
841 5.563203e-07
842 4.126684e-07
843 2.598092e-07
844 1.578875e-07
845 9.341912e-08
846 5.693494e-08
847 3.639073e-08
848 2.449847e-08
849 0.000000e+00
850 0.000000e+00
851 0.000000e+00
852 0.000000e+00
853 0.000000e+00
854 0.000000e+00
855 9.041045e-07
856 6.606025e-07
857 4.901787e-07
858 3.097763e-07
859 1.880885e-07
860 1.112476e-07
861 6.776008e-08
862 4.325685e-08
863 2.909458e-08
864 0.000000e+00
865 0.000000e+00
866 0.000000e+00
867 0.000000e+00
868 0.000000e+00
869 0.000000e+00
870 9.999917e-07
871 7.307036e-07
872 5.422850e-07
873 3.433666e-07
874 2.083924e-07
875 1.232333e-07
876 7.503740e-08
877 4.787308e-08
878 3.218430e-08
879 0.000000e+00
880 0.000000e+00
881 0.000000e+00
882 0.000000e+00
883 0.000000e+00
884 0.000000e+00
885 1.071853e-06
886 7.832436e-07
887 5.813326e-07
888 3.685398e-07
889 2.236091e-07
890 1.322159e-07
891 8.049126e-08
892 5.133250e-08
893 3.450004e-08
894 0.000000e+00
895 0.000000e+00
896 0.000000e+00
897 0.000000e+00
898 0.000000e+00
899 0.000000e+00
900 1.130082e-06
901 8.258144e-07
902 6.129756e-07
903 3.889376e-07
904 2.359381e-07
905 1.394945e-07
906 8.491034e-08
907 5.413576e-08
908 3.637637e-08
909 0.000000e+00
910 0.000000e+00
911 0.000000e+00
912 0.000000e+00
913 0.000000e+00
914 0.000000e+00
915 1.180880e-06
916 8.629509e-07
917 6.405780e-07
918 4.067332e-07
919 2.466946e-07
920 1.458436e-07
921 8.876557e-08
922 5.658105e-08
923 3.801320e-08
924 0.000000e+00
925 0.000000e+00
926 0.000000e+00
927 0.000000e+00
928 0.000000e+00
929 0.000000e+00
930 1.229033e-06
931 8.981569e-07
932 6.667453e-07
933 4.236020e-07
934 2.568907e-07
935 1.518622e-07
936 9.242004e-08
937 5.889908e-08
938 3.956476e-08
939 0.000000e+00
940 0.000000e+00
941 0.000000e+00
942 0.000000e+00
943 0.000000e+00
944 0.000000e+00
945 1.284998e-06
946 9.390752e-07
947 6.971565e-07
948 4.432084e-07
949 2.687408e-07
950 1.588578e-07
951 9.666779e-08
952 6.159308e-08
953 4.136823e-08
954 0.000000e+00
955 0.000000e+00
956 0.000000e+00
957 0.000000e+00
958 0.000000e+00
959 0.000000e+00
960 3.370223e-07
961 2.683733e-07
962 1.946720e-07
963 1.459950e-07
964 9.029990e-08
965 5.528287e-08
966 3.213285e-08
967 1.921383e-08
968 1.204198e-08
969 7.973205e-09
970 0.000000e+00
971 0.000000e+00
972 0.000000e+00
973 0.000000e+00
974 0.000000e+00
975 5.210063e-07
976 4.177902e-07
977 3.033533e-07
978 2.272796e-07
979 1.424478e-07
980 8.685334e-08
981 5.044686e-08
982 3.012424e-08
983 1.881008e-08
984 1.241730e-08
985 0.000000e+00
986 0.000000e+00
987 0.000000e+00
988 0.000000e+00
989 0.000000e+00
990 6.456756e-07
991 5.191005e-07
992 3.770569e-07
993 2.823932e-07
994 1.778448e-07
995 1.082706e-07
996 6.287199e-08
997 3.752644e-08
998 2.340088e-08
999 1.543090e-08
1000 0.000000e+00
1001 0.000000e+00
1002 0.000000e+00
1003 0.000000e+00
1004 0.000000e+00
1005 7.390921e-07
1006 5.950085e-07
1007 4.322771e-07
1008 3.236881e-07
1009 2.043665e-07
1010 1.243169e-07
1011 7.218195e-08
1012 4.307283e-08
1013 2.684049e-08
1014 1.768884e-08
1015 0.000000e+00
1016 0.000000e+00
1017 0.000000e+00
1018 0.000000e+00
1019 0.000000e+00
1020 8.147885e-07
1021 6.565128e-07
1022 4.770227e-07
1023 3.571471e-07
1024 2.258573e-07
1025 1.373201e-07
1026 7.972573e-08
1027 4.756676e-08
1028 2.962770e-08
1029 1.951831e-08
1030 0.000000e+00
1031 0.000000e+00
1032 0.000000e+00
1033 0.000000e+00
1034 0.000000e+00
1035 8.808208e-07
1036 7.101706e-07
1037 5.160617e-07
1038 3.863372e-07
1039 2.446051e-07
1040 1.486636e-07
1041 8.630669e-08
1042 5.148750e-08
1043 3.205924e-08
1044 2.111457e-08
1045 0.000000e+00
1046 0.000000e+00
1047 0.000000e+00
1048 0.000000e+00
1049 0.000000e+00
1050 9.434209e-07
1051 7.610400e-07
1052 5.530667e-07
1053 4.140084e-07
1054 2.623769e-07
1055 1.594179e-07
1056 9.254567e-08
1057 5.520408e-08
1058 3.436425e-08
1059 2.262766e-08
1060 0.000000e+00
1061 0.000000e+00
1062 0.000000e+00
1063 0.000000e+00
1064 0.000000e+00
1065 1.016176e-06
1066 8.201626e-07
1067 5.960777e-07
1068 4.461731e-07
1069 2.830334e-07
1070 1.719174e-07
1071 9.979675e-08
1072 5.952418e-08
1073 3.704331e-08
1074 2.438634e-08
1075 0.000000e+00
1076 0.000000e+00
1077 0.000000e+00
1078 0.000000e+00
1079 0.000000e+00
1080 1.983959e-07
1081 1.804167e-07
1082 1.389829e-07
1083 1.005069e-07
1084 7.531260e-08
1085 4.352707e-08
1086 2.667645e-08
1087 1.538158e-08
1088 9.096594e-09
1089 5.659626e-09
1090 0.000000e+00
1091 0.000000e+00
1092 0.000000e+00
1093 0.000000e+00
1094 0.000000e+00
1095 3.312809e-07
1096 3.026295e-07
1097 2.341160e-07
1098 1.691950e-07
1099 1.269727e-07
1100 7.380997e-08
1101 4.535741e-08
1102 2.608931e-08
1103 1.537234e-08
1104 9.541655e-09
1105 0.000000e+00
1106 0.000000e+00
1107 0.000000e+00
1108 0.000000e+00
1109 0.000000e+00
1110 4.315458e-07
1111 3.948781e-07
1112 3.059476e-07
1113 2.210584e-07
1114 1.659801e-07
1115 9.669009e-08
1116 5.947242e-08
1117 3.417892e-08
1118 2.011239e-08
1119 1.247314e-08
1120 0.000000e+00
1121 0.000000e+00
1122 0.000000e+00
1123 0.000000e+00
1124 0.000000e+00
1125 5.127587e-07
1126 4.695919e-07
1127 3.641264e-07
1128 2.630645e-07
1129 1.975724e-07
1130 1.152207e-07
1131 7.090429e-08
1132 4.073087e-08
1133 2.395134e-08
1134 1.484743e-08
1135 0.000000e+00
1136 0.000000e+00
1137 0.000000e+00
1138 0.000000e+00
1139 0.000000e+00
1140 5.836001e-07
1141 5.347710e-07
1142 4.148783e-07
1143 2.997088e-07
1144 2.251330e-07
1145 1.313862e-07
1146 8.087727e-08
1147 4.644660e-08
1148 2.730033e-08
1149 1.691859e-08
1150 0.000000e+00
1151 0.000000e+00
1152 0.000000e+00
1153 0.000000e+00
1154 0.000000e+00
1155 6.507612e-07
1156 5.965598e-07
1157 4.629926e-07
1158 3.344480e-07
1159 2.512612e-07
1160 1.467116e-07
1161 9.033160e-08
1162 5.186517e-08
1163 3.047523e-08
1164 1.888207e-08
1165 0.000000e+00
1166 0.000000e+00
1167 0.000000e+00
1168 0.000000e+00
1169 0.000000e+00
1170 7.288234e-07
1171 6.683770e-07
1172 5.189152e-07
1173 3.748254e-07
1174 2.816284e-07
1175 1.645241e-07
1176 1.013203e-07
1177 5.816295e-08
1178 3.416548e-08
1179 2.116432e-08
1180 0.000000e+00
1181 0.000000e+00
1182 0.000000e+00
1183 0.000000e+00
1184 0.000000e+00
1185 1.320107e-07
1186 1.302950e-07
1187 1.095571e-07
1188 8.002592e-08
1189 5.945305e-08
1190 4.040091e-08
1191 2.384405e-08
1192 1.358453e-08
1193 7.853022e-09
1194 4.640737e-09
1195 2.907136e-09
1196 0.000000e+00
1197 0.000000e+00
1198 0.000000e+00
1199 0.000000e+00
1200 2.319693e-07
1201 2.296308e-07
1202 1.938348e-07
1203 1.418448e-07
1204 1.051998e-07
1205 7.201222e-08
1206 4.228174e-08
1207 2.412445e-08
1208 1.396543e-08
1209 8.237450e-09
1210 5.149176e-09
1211 0.000000e+00
1212 0.000000e+00
1213 0.000000e+00
1214 0.000000e+00
1215 3.132139e-07
1216 3.103859e-07
1217 2.623661e-07
1218 1.921205e-07
1219 1.424005e-07
1220 9.772664e-08
1221 5.727649e-08
1222 3.269730e-08
1223 1.893693e-08
1224 1.116271e-08
1225 6.972512e-09
1226 0.000000e+00
1227 0.000000e+00
1228 0.000000e+00
1229 0.000000e+00
1230 3.840423e-07
1231 3.807869e-07
1232 3.221060e-07
1233 2.359468e-07
1234 1.748286e-07
1235 1.201443e-07
1236 7.034788e-08
1237 4.017076e-08
1238 2.327091e-08
1239 1.371288e-08
1240 8.561920e-09
1241 0.000000e+00
1242 0.000000e+00
1243 0.000000e+00
1244 0.000000e+00
1245 4.511978e-07
1246 4.475314e-07
1247 3.787485e-07
1248 2.774997e-07
1249 2.055758e-07
1250 1.413986e-07
1251 8.274148e-08
1252 4.725670e-08
1253 2.738014e-08
1254 1.613075e-08
1255 1.006893e-08
1256 0.000000e+00
1257 0.000000e+00
1258 0.000000e+00
1259 0.000000e+00
1260 5.292414e-07
1261 5.251032e-07
1262 4.445780e-07
1263 3.257945e-07
1264 2.413098e-07
1265 1.660993e-07
1266 9.714539e-08
1267 5.549144e-08
1268 3.215563e-08
1269 1.894072e-08
1270 1.182038e-08
1271 0.000000e+00
1272 0.000000e+00
1273 0.000000e+00
1274 0.000000e+00
1275 9.515273e-08
1276 9.907145e-08
1277 8.964732e-08
1278 6.857813e-08
1279 4.957202e-08
1280 3.713118e-08
1281 2.097832e-08
1282 1.266826e-08
1283 7.158394e-09
1284 4.134898e-09
1285 2.475560e-09
1286 0.000000e+00
1287 0.000000e+00
1288 0.000000e+00
1289 0.000000e+00
1290 1.743290e-07
1291 1.819029e-07
1292 1.651313e-07
1293 1.266820e-07
1294 9.151233e-08
1295 6.865657e-08
1296 3.890621e-08
1297 2.357440e-08
1298 1.329003e-08
1299 7.657267e-09
1300 4.575020e-09
1301 0.000000e+00
1302 0.000000e+00
1303 0.000000e+00
1304 0.000000e+00
1305 2.432898e-07
1306 2.540534e-07
1307 2.308890e-07
1308 1.773047e-07
1309 1.280526e-07
1310 9.612352e-08
1311 5.452966e-08
1312 3.307939e-08
1313 1.863369e-08
1314 1.072647e-08
1315 6.404241e-09
1316 0.000000e+00
1317 0.000000e+00
1318 0.000000e+00
1319 0.000000e+00
1320 3.086347e-07
1321 3.224198e-07
1322 2.931983e-07
1323 2.252735e-07
1324 1.626773e-07
1325 1.221500e-07
1326 6.933308e-08
1327 4.208547e-08
1328 2.369686e-08
1329 1.363457e-08
1330 8.137519e-09
1331 0.000000e+00
1332 0.000000e+00
1333 0.000000e+00
1334 0.000000e+00
1335 3.845847e-07
1336 4.018810e-07
1337 3.656191e-07
1338 2.810241e-07
1339 2.029178e-07
1340 1.523987e-07
1341 8.653829e-08
1342 5.255313e-08
1343 2.958156e-08
1344 1.701457e-08
1345 1.015201e-08
1346 0.000000e+00
1347 0.000000e+00
1348 0.000000e+00
1349 0.000000e+00
1350 7.300819e-08
1351 7.902268e-08
1352 7.577442e-08
1353 6.140299e-08
1354 4.429768e-08
1355 3.339514e-08
1356 2.085862e-08
1357 1.278955e-08
1358 7.100350e-09
1359 3.909684e-09
1360 2.259751e-09
1361 1.374306e-09
1362 0.000000e+00
1363 0.000000e+00
1364 0.000000e+00
1365 1.392534e-07
1366 1.509803e-07
1367 1.451486e-07
1368 1.179789e-07
1369 8.517042e-08
1370 6.414439e-08
1371 4.034541e-08
1372 2.466286e-08
1373 1.369492e-08
1374 7.544937e-09
1375 4.350565e-09
1376 2.639903e-09
1377 0.000000e+00
1378 0.000000e+00
1379 0.000000e+00
1380 2.017461e-07
1381 2.188634e-07
1382 2.105971e-07
1383 1.713562e-07
1384 1.237339e-07
1385 9.315508e-08
1386 5.873278e-08
1387 3.586535e-08
1388 1.991697e-08
1389 1.097508e-08
1390 6.323268e-09
1391 3.833949e-09
1392 0.000000e+00
1393 0.000000e+00
1394 0.000000e+00
1395 2.743626e-07
1396 2.977434e-07
1397 2.866479e-07
1398 2.333788e-07
1399 1.685426e-07
1400 1.268643e-07
1401 8.009825e-08
1402 4.888214e-08
1403 2.714671e-08
1404 1.496067e-08
1405 8.615452e-09
1406 5.221394e-09
1407 0.000000e+00
1408 0.000000e+00
1409 0.000000e+00
1410 5.954073e-08
1411 6.645032e-08
1412 6.675472e-08
1413 5.733851e-08
1414 4.226296e-08
1415 3.112866e-08
1416 2.192880e-08
1417 1.251186e-08
1418 7.043744e-09
1419 3.985790e-09
1420 2.217051e-09
1421 1.293034e-09
1422 0.000000e+00
1423 0.000000e+00
1424 0.000000e+00
1425 1.186193e-07
1426 1.325752e-07
1427 1.334735e-07
1428 1.149914e-07
1429 8.490574e-08
1430 6.245648e-08
1431 4.421169e-08
1432 2.514132e-08
1433 1.418502e-08
1434 8.025439e-09
1435 4.461641e-09
1436 2.596873e-09
1437 0.000000e+00
1438 0.000000e+00
1439 0.000000e+00
1440 1.868497e-07
1441 2.089429e-07
1442 2.105263e-07
1443 1.815720e-07
1444 1.341514e-07
1445 9.863525e-08
1446 6.994417e-08
1447 3.972643e-08
1448 2.243224e-08
1449 1.269056e-08
1450 7.053829e-09
1451 4.102602e-09
1452 0.000000e+00
1453 0.000000e+00
1454 0.000000e+00
1455 5.193031e-08
1456 5.951080e-08
1457 6.220444e-08
1458 5.651954e-08
1459 4.334445e-08
1460 3.130574e-08
1461 2.351400e-08
1462 1.318272e-08
1463 7.885321e-09
1464 4.320157e-09
1465 2.381613e-09
1466 1.329790e-09
1467 0.000000e+00
1468 0.000000e+00
1469 0.000000e+00
1470 1.147713e-07
1471 1.316969e-07
1472 1.379257e-07
1473 1.256834e-07
1474 9.663644e-08
1475 6.975672e-08
1476 5.246711e-08
1477 2.950435e-08
1478 1.770948e-08
1479 9.684281e-09
1480 5.325987e-09
1481 2.967731e-09
1482 0.000000e+00
1483 0.000000e+00
1484 0.000000e+00
1485 5.392490e-08
1486 6.336493e-08
1487 6.870562e-08
1488 6.596081e-08
1489 5.348357e-08
1490 3.859165e-08
1491 2.911314e-08
1492 1.810284e-08
1493 1.101679e-08
1494 5.978397e-09
1495 3.148867e-09
1496 1.698879e-09
1497 9.460664e-10
1498 0.000000e+00
1499 0.000000e+00
1500 1.109684e-04
1501 8.086786e-05
1502 6.035546e-05
1503 3.805236e-05
1504 2.321989e-05
1505 1.369104e-05
1506 8.324421e-06
1507 5.304277e-06
1508 3.565556e-06
1509 0.000000e+00
1510 0.000000e+00
1511 0.000000e+00
1512 0.000000e+00
1513 0.000000e+00
1514 0.000000e+00
1515 5.757601e-05
1516 4.644359e-05
1517 3.369791e-05
1518 2.528332e-05
1519 1.597668e-05
1520 9.754545e-06
1521 5.648866e-06
1522 3.364481e-06
1523 2.093966e-06
1524 1.379138e-06
1525 0.000000e+00
1526 0.000000e+00
1527 0.000000e+00
1528 0.000000e+00
1529 0.000000e+00
1530 4.047788e-05
1531 3.713775e-05
1532 2.882267e-05
1533 2.080348e-05
1534 1.566222e-05
1535 9.111532e-06
1536 5.625604e-06
1537 3.225263e-06
1538 1.896511e-06
1539 1.174730e-06
1540 0.000000e+00
1541 0.000000e+00
1542 0.000000e+00
1543 0.000000e+00
1544 0.000000e+00
1545 2.912801e-05
1546 2.891312e-05
1547 2.448503e-05
1548 1.793535e-05
1549 1.328396e-05
1550 9.154542e-06
1551 5.351144e-06
1552 3.053081e-06
1553 1.771954e-06
1554 1.042590e-06
1555 6.506122e-07
1556 0.000000e+00
1557 0.000000e+00
1558 0.000000e+00
1559 0.000000e+00
1560 2.085098e-05
1561 2.179680e-05
1562 1.983793e-05
1563 1.524768e-05
1564 1.100576e-05
1565 8.274949e-06
1566 4.689296e-06
1567 2.850415e-06
1568 1.602925e-06
1569 9.233707e-07
1570 5.506294e-07
1571 0.000000e+00
1572 0.000000e+00
1573 0.000000e+00
1574 0.000000e+00
1575 1.487210e-05
1576 1.614453e-05
1577 1.554949e-05
1578 1.266314e-05
1579 9.143013e-06
1580 6.883420e-06
1581 4.347301e-06
1582 2.655947e-06
1583 1.474901e-06
1584 8.112783e-07
1585 4.673052e-07
1586 2.832009e-07
1587 0.000000e+00
1588 0.000000e+00
1589 0.000000e+00
1590 1.001028e-05
1591 1.119728e-05
1592 1.128693e-05
1593 9.739022e-06
1594 7.195644e-06
1595 5.289411e-06
1596 3.755371e-06
1597 2.130464e-06
1598 1.202339e-06
1599 6.811759e-07
1600 3.783133e-07
1601 2.200058e-07
1602 0.000000e+00
1603 0.000000e+00
1604 0.000000e+00
1605 6.201116e-06
1606 7.118100e-06
1607 7.458527e-06
1608 6.801106e-06
1609 5.231433e-06
1610 3.775220e-06
1611 2.841823e-06
1612 1.597077e-06
1613 9.596537e-07
1614 5.242846e-07
1615 2.885232e-07
1616 1.606418e-07
1617 0.000000e+00
1618 0.000000e+00
1619 0.000000e+00
1620 3.163407e-06
1621 3.720115e-06
1622 4.038202e-06
1623 3.883392e-06
1624 3.154630e-06
1625 2.276770e-06
1626 1.716871e-06
1627 1.071974e-06
1628 6.518364e-07
1629 3.538249e-07
1630 1.861971e-07
1631 1.003484e-07
1632 5.578990e-08
1633 0.000000e+00
1634 0.000000e+00
1635 8.891198e-07
1636 1.072208e-06
1637 1.206146e-06
1638 1.224576e-06
1639 1.066696e-06
1640 7.933436e-07
1641 5.815894e-07
1642 4.169104e-07
1643 2.343421e-07
1644 1.314261e-07
1645 7.164692e-08
1646 3.730540e-08
1647 1.958823e-08
1648 0.000000e+00
1649 0.000000e+00
