0 2.215308e-09
1 1.438909e-09
2 9.046895e-10
3 5.700029e-10
4 3.665494e-10
5 2.412634e-10
6 1.604448e-10
7 1.053556e-10
8 6.672735e-11
9 4.005473e-11
10 2.255685e-11
11 1.191243e-11
12 5.934757e-12
13 2.822157e-12
14 1.296799e-12
15 3.754558e-09
16 2.496026e-09
17 1.585641e-09
18 9.884745e-10
19 6.252976e-10
20 4.050715e-10
21 2.680629e-10
22 1.777571e-10
23 1.152221e-10
24 7.143752e-11
25 4.171535e-11
26 2.280801e-11
27 1.170713e-11
28 5.693980e-12
29 2.657134e-12
30 4.297725e-09
31 2.876643e-09
32 1.837469e-09
33 1.143955e-09
34 7.206974e-10
35 4.644136e-10
36 3.064097e-10
37 2.033655e-10
38 1.324626e-10
39 8.276926e-11
40 4.881175e-11
41 2.696597e-11
42 1.397042e-11
43 6.846410e-12
44 3.211845e-12
45 4.597456e-09
46 3.086221e-09
47 1.975997e-09
48 1.229762e-09
49 7.732618e-10
50 4.972038e-10
51 3.275553e-10
52 2.174625e-10
53 1.419549e-10
54 8.900743e-11
55 5.272639e-11
56 2.925806e-11
57 1.521902e-11
58 7.481791e-12
59 3.518095e-12
60 4.798014e-09
61 3.226998e-09
62 2.069107e-09
63 1.287362e-09
64 8.086146e-10
65 5.192240e-10
66 3.417589e-10
67 2.269024e-10
68 1.483049e-10
69 9.319484e-11
70 5.534279e-11
71 3.079616e-11
72 1.605930e-11
73 7.909742e-12
74 3.724004e-12
75 4.948716e-09
76 3.332472e-09
77 2.139001e-09
78 1.330610e-09
79 8.351078e-10
80 5.356890e-10
81 3.524202e-10
82 2.340225e-10
83 1.531071e-10
84 9.635528e-11
85 5.732002e-11
86 3.194931e-11
87 1.668696e-11
88 8.228653e-12
89 3.877868e-12
90 5.071305e-09
91 3.418466e-09
92 2.195707e-09
93 1.365704e-09
94 8.566071e-10
95 5.491132e-10
96 3.610739e-10
97 2.397783e-10
98 1.569837e-10
99 9.891888e-11
100 5.893077e-11
101 3.289387e-11
102 1.720011e-11
103 8.489813e-12
104 4.003684e-12
105 5.178121e-09
106 3.492959e-09
107 2.245209e-09
108 1.396104e-09
109 8.754479e-10
110 5.607312e-10
111 3.685728e-10
112 2.448352e-10
113 1.603420e-10
114 1.011192e-10
115 6.032134e-11
116 3.370560e-11
117 1.764181e-11
118 8.714917e-12
119 4.113292e-12
120 5.279556e-09
121 3.564450e-09
122 2.292714e-09
123 1.425180e-09
124 8.932614e-10
125 5.718778e-10
126 3.757752e-10
127 2.496357e-10
128 1.636246e-10
129 1.032723e-10
130 6.166056e-11
131 3.448799e-11
132 1.806862e-11
133 8.932073e-12
134 4.216839e-12
135 5.396075e-09
136 3.645647e-09
137 2.347047e-09
138 1.459169e-09
139 9.139203e-10
140 5.847733e-10
141 3.840854e-10
142 2.551020e-10
143 1.673335e-10
144 1.057321e-10
145 6.319613e-11
146 3.539326e-11
147 1.856280e-11
148 9.181845e-12
149 4.337056e-12
150 7.885054e-09
151 5.427974e-09
152 3.564207e-09
153 2.225951e-09
154 1.380308e-09
155 8.703882e-10
156 5.645261e-10
157 3.736470e-10
158 2.470573e-10
159 1.590385e-10
160 9.752103e-11
161 5.618749e-11
162 3.027505e-11
163 1.531906e-11
164 7.357461e-12
165 9.964891e-09
166 6.946526e-09
167 4.627737e-09
168 2.920080e-09
169 1.801402e-09
170 1.126632e-09
171 7.227770e-10
172 4.753291e-10
173 3.147706e-10
174 2.045052e-10
175 1.273678e-10
176 7.481056e-11
177 4.112193e-11
178 2.118107e-11
179 1.031693e-11
180 1.117116e-08
181 7.830456e-09
182 5.247845e-09
183 3.328455e-09
184 2.050021e-09
185 1.277914e-09
186 8.156537e-10
187 5.347755e-10
188 3.541612e-10
189 2.309736e-10
190 1.447722e-10
191 8.570972e-11
192 4.750977e-11
193 2.466392e-11
194 1.208819e-11
195 1.198179e-08
196 8.426160e-09
197 5.665789e-09
198 3.603596e-09
199 2.217613e-09
200 1.379762e-09
201 8.783498e-10
202 5.748500e-10
203 3.807850e-10
204 2.488321e-10
205 1.565218e-10
206 9.307690e-11
207 5.183106e-11
208 2.701960e-11
209 1.328576e-11
210 1.258881e-08
211 8.872744e-09
212 5.979262e-09
213 3.809586e-09
214 2.343384e-09
215 1.456215e-09
216 9.253357e-10
217 6.049393e-10
218 4.006597e-10
219 2.621635e-10
220 1.652815e-10
221 9.857964e-11
222 5.505099e-11
223 2.877764e-11
224 1.418031e-11
225 1.308338e-08
226 9.235426e-09
227 6.233890e-09
228 3.977396e-09
229 2.445339e-09
230 1.518139e-09
231 9.633959e-10
232 6.293100e-10
233 4.168187e-10
234 2.730171e-10
235 1.724262e-10
236 1.030343e-10
237 5.767222e-11
238 3.020447e-11
239 1.490670e-11
240 1.351191e-08
241 9.549598e-09
242 6.454460e-09
243 4.122583e-09
244 2.533955e-09
245 1.572087e-09
246 9.965614e-10
247 6.505114e-10
248 4.309164e-10
249 2.824664e-10
250 1.786407e-10
251 1.069393e-10
252 5.996187e-11
253 3.145104e-11
254 1.553527e-11
255 1.392013e-08
256 9.850288e-09
257 6.665754e-09
258 4.261676e-09
259 2.618994e-09
260 1.623568e-09
261 1.028118e-09
262 6.706756e-10
263 4.443149e-10
264 2.914555e-10
265 1.845534e-10
266 1.106455e-10
267 6.213663e-11
268 3.263211e-11
269 1.614064e-11
270 1.439531e-08
271 1.019872e-08
272 6.910064e-09
273 4.422656e-09
274 2.716475e-09
275 1.683841e-09
276 1.065083e-09
277 6.941842e-10
278 4.598321e-10
279 3.018784e-10
280 1.914249e-10
281 1.149535e-10
282 6.466427e-11
283 3.400812e-11
284 1.684136e-11
285 1.364115e-08
286 9.704227e-09
287 6.590765e-09
288 4.252488e-09
289 2.620408e-09
290 1.623066e-09
291 1.023266e-09
292 6.638610e-10
293 4.379692e-10
294 2.870655e-10
295 1.822669e-10
296 1.099299e-10
297 6.225427e-11
298 3.300631e-11
299 1.646862e-11
300 1.604839e-08
301 1.154653e-08
302 7.912758e-09
303 5.164003e-09
304 3.194278e-09
305 1.968569e-09
306 1.231497e-09
307 7.928033e-10
308 5.211031e-10
309 3.423413e-10
310 2.190704e-10
311 1.337155e-10
312 7.681062e-11
313 4.131874e-11
314 2.088209e-11
315 1.769941e-08
316 1.281785e-08
317 8.826593e-09
318 5.796248e-09
319 3.594595e-09
320 2.208909e-09
321 1.376670e-09
322 8.824713e-10
323 5.787454e-10
324 3.805635e-10
325 2.445139e-10
326 1.501822e-10
327 8.691275e-11
328 4.710735e-11
329 2.396754e-11
330 1.893744e-08
331 1.377063e-08
332 9.513476e-09
333 6.270127e-09
334 3.894794e-09
335 2.389610e-09
336 1.485675e-09
337 9.497387e-10
338 6.220554e-10
339 4.092358e-10
340 2.635962e-10
341 1.625306e-10
342 9.449263e-11
343 5.145242e-11
344 2.628413e-11
345 1.994520e-08
346 1.454580e-08
347 1.006990e-08
348 6.654525e-09
349 4.138191e-09
350 2.536365e-09
351 1.573692e-09
352 1.004220e-09
353 6.570391e-10
354 4.324489e-10
355 2.790494e-10
356 1.725304e-10
357 1.006270e-10
358 5.496786e-11
359 2.816138e-11
360 2.082275e-08
361 1.522139e-08
362 1.055548e-08
363 6.989039e-09
364 4.350277e-09
365 2.663840e-09
366 1.650629e-09
367 1.051760e-09
368 6.876005e-10
369 4.527421e-10
370 2.925450e-10
371 1.812639e-10
372 1.059864e-10
373 5.804008e-11
374 2.979593e-11
375 2.165187e-08
376 1.585941e-08
377 1.101440e-08
378 7.306542e-09
379 4.550932e-09
380 2.784632e-09
381 1.723447e-09
382 1.096723e-09
383 7.165167e-10
384 4.719192e-10
385 3.053213e-10
386 1.895253e-10
387 1.110539e-10
388 6.094324e-11
389 3.134343e-11
390 2.262173e-08
391 1.660597e-08
392 1.155085e-08
393 7.677034e-09
394 4.785914e-09
395 2.926450e-09
396 1.808922e-09
397 1.149531e-09
398 7.503558e-10
399 4.944076e-10
400 3.202834e-10
401 1.992120e-10
402 1.169875e-10
403 6.434440e-11
404 3.316147e-11
405 1.967222e-08
406 1.441617e-08
407 1.000408e-08
408 6.632437e-09
409 4.150865e-09
410 2.541742e-09
411 1.576292e-09
412 1.002258e-09
413 6.533687e-10
414 4.291352e-10
415 2.768669e-10
416 1.715432e-10
417 1.004715e-10
418 5.519950e-11
419 2.845684e-11
420 2.233329e-08
421 1.655688e-08
422 1.157922e-08
423 7.740555e-09
424 4.885940e-09
425 2.983774e-09
426 1.842400e-09
427 1.162789e-09
428 7.537154e-10
429 4.944121e-10
430 3.201785e-10
431 1.999500e-10
432 1.183654e-10
433 6.581185e-11
434 3.432391e-11
435 2.434557e-08
436 1.818005e-08
437 1.277333e-08
438 8.583935e-09
439 5.445663e-09
440 3.321056e-09
441 2.045771e-09
442 1.285121e-09
443 8.302483e-10
444 5.440818e-10
445 3.531062e-10
446 2.215451e-10
447 1.319836e-10
448 7.390219e-11
449 3.880604e-11
450 2.597581e-08
451 1.949652e-08
452 1.374608e-08
453 9.268735e-09
454 5.899623e-09
455 3.595050e-09
456 2.210425e-09
457 1.384459e-09
458 8.921741e-10
459 5.843378e-10
460 3.797901e-10
461 2.390464e-10
462 1.430182e-10
463 8.045733e-11
464 4.243778e-11
465 2.740212e-08
466 2.064680e-08
467 1.459258e-08
468 9.864018e-09
469 6.295683e-09
470 3.834322e-09
471 2.353990e-09
472 1.470954e-09
473 9.462483e-10
474 6.194834e-10
475 4.030804e-10
476 2.543208e-10
477 1.526496e-10
478 8.617943e-11
479 4.560809e-11
480 2.874838e-08
481 2.173295e-08
482 1.539198e-08
483 1.042769e-08
484 6.670469e-09
485 4.059606e-09
486 2.489945e-09
487 1.552632e-09
488 9.972934e-10
489 6.526566e-10
490 4.251178e-10
491 2.687724e-10
492 1.617599e-10
493 9.157993e-11
494 4.859851e-11
495 3.032605e-08
496 2.300069e-08
497 1.632921e-08
498 1.108802e-08
499 7.108808e-09
500 4.324300e-09
501 2.649130e-09
502 1.648577e-09
503 1.057176e-09
504 6.915570e-10
505 4.508732e-10
506 2.856458e-10
507 1.724103e-10
508 9.791670e-11
509 5.210974e-11
510 2.602522e-08
511 1.962700e-08
512 1.388571e-08
513 9.380206e-09
514 6.002487e-09
515 3.665611e-09
516 2.251949e-09
517 1.406399e-09
518 9.033136e-10
519 5.901334e-10
520 3.832169e-10
521 2.414646e-10
522 1.448908e-10
523 8.187934e-11
524 4.342601e-11
525 2.893761e-08
526 2.207531e-08
527 1.574214e-08
528 1.070577e-08
529 6.909407e-09
530 4.226508e-09
531 2.587760e-09
532 1.605572e-09
533 1.025150e-09
534 6.675121e-10
535 4.339248e-10
536 2.748205e-10
537 1.662635e-10
538 9.490347e-11
539 5.086554e-11
540 3.130892e-08
541 2.406987e-08
542 1.725466e-08
543 1.178675e-08
544 7.648914e-09
545 4.685491e-09
546 2.861479e-09
547 1.768210e-09
548 1.124345e-09
549 7.305863e-10
550 4.752419e-10
551 3.019963e-10
552 1.836773e-10
553 1.055196e-10
554 5.693378e-11
555 3.337598e-08
556 2.580960e-08
557 1.857754e-08
558 1.272860e-08
559 8.294563e-09
560 5.084910e-09
561 3.100529e-09
562 1.910034e-09
563 1.211010e-09
564 7.856114e-10
565 5.112794e-10
566 3.256983e-10
567 1.988658e-10
568 1.147799e-10
569 6.222759e-11
570 3.533307e-08
571 2.745638e-08
572 1.982682e-08
573 1.362110e-08
574 8.906513e-09
575 5.463467e-09
576 3.326924e-09
577 2.044520e-09
578 1.293069e-09
579 8.377292e-10
580 5.454319e-10
581 3.481606e-10
582 2.132594e-10
583 1.235542e-10
584 6.724242e-11
585 3.762931e-08
586 2.938280e-08
587 2.129044e-08
588 1.466508e-08
589 9.620011e-09
590 5.905778e-09
591 3.591322e-09
592 2.201345e-09
593 1.388840e-09
594 8.985505e-10
595 5.852788e-10
596 3.743744e-10
597 2.300589e-10
598 1.337955e-10
599 7.309635e-11
600 3.279570e-08
601 2.542682e-08
602 1.834478e-08
603 1.258339e-08
604 8.215798e-09
605 5.058203e-09
606 3.081508e-09
607 1.897666e-09
608 1.200791e-09
609 7.771691e-10
610 5.048954e-10
611 3.214040e-10
612 1.963529e-10
613 1.135386e-10
614 6.173953e-11
615 3.603306e-08
616 2.825014e-08
617 2.056074e-08
618 1.418753e-08
619 9.332943e-09
620 5.776186e-09
621 3.507300e-09
622 2.150260e-09
623 1.351899e-09
624 8.710167e-10
625 5.653477e-10
626 3.609888e-10
627 2.219289e-10
628 1.294257e-10
629 7.105736e-11
630 3.885291e-08
631 3.071442e-08
632 2.249091e-08
633 1.558392e-08
634 1.030729e-08
635 6.402105e-09
636 3.878445e-09
637 2.370365e-09
638 1.483767e-09
639 9.527703e-10
640 6.180385e-10
641 3.954908e-10
642 2.442269e-10
643 1.432780e-10
644 7.918213e-11
645 4.152272e-08
646 3.304718e-08
647 2.431923e-08
648 1.690837e-08
649 1.122989e-08
650 6.994809e-09
651 4.230000e-09
652 2.578739e-09
653 1.608611e-09
654 1.030236e-09
655 6.679394e-10
656 4.281722e-10
657 2.653474e-10
658 1.563968e-10
659 8.687447e-11
660 4.465075e-08
661 3.577472e-08
662 2.645636e-08
663 1.845400e-08
664 1.230640e-08
665 7.686891e-09
666 4.639823e-09
667 2.822085e-09
668 1.754224e-09
669 1.120642e-09
670 7.261721e-10
671 4.663142e-10
672 2.899988e-10
673 1.717099e-10
674 9.585531e-11
675 4.021430e-08
676 3.201595e-08
677 2.359471e-08
678 1.641830e-08
679 1.090357e-08
680 6.815646e-09
681 4.124902e-09
682 2.517511e-09
683 1.568483e-09
684 1.002774e-09
685 6.488252e-10
686 4.152139e-10
687 2.570491e-10
688 1.515145e-10
689 8.425713e-11
690 4.393934e-08
691 3.538713e-08
692 2.633065e-08
693 1.843344e-08
694 1.232477e-08
695 7.760420e-09
696 4.688978e-09
697 2.853037e-09
698 1.765815e-09
699 1.122294e-09
700 7.242568e-10
701 4.640754e-10
702 2.886957e-10
703 1.714231e-10
704 9.618837e-11
705 4.745909e-08
706 3.856994e-08
707 2.890682e-08
708 2.033484e-08
709 1.366468e-08
710 8.650355e-09
711 5.219395e-09
712 3.168362e-09
713 1.951447e-09
714 1.234865e-09
715 7.953469e-10
716 5.101596e-10
717 3.185412e-10
718 1.902075e-10
719 1.074405e-10
720 5.157502e-08
721 4.229189e-08
722 3.191439e-08
723 2.255261e-08
724 1.522568e-08
725 9.688631e-09
726 5.838047e-09
727 3.536596e-09
728 2.167828e-09
729 1.366141e-09
730 8.781925e-10
731 5.638770e-10
732 3.533337e-10
733 2.121038e-10
734 1.205573e-10
735 4.872189e-08
736 3.984490e-08
737 3.005435e-08
738 2.124357e-08
739 1.432308e-08
740 9.121737e-09
741 5.517491e-09
742 3.344401e-09
743 2.051415e-09
744 1.292369e-09
745 8.293494e-10
746 5.312087e-10
747 3.320162e-10
748 1.988923e-10
749 1.129154e-10
750 5.331560e-08
751 4.414277e-08
752 3.366558e-08
753 2.397251e-08
754 1.626525e-08
755 1.044660e-08
756 6.328381e-09
757 3.823912e-09
758 2.330216e-09
759 1.458123e-09
760 9.314973e-10
761 5.962931e-10
762 3.739575e-10
763 2.254870e-10
764 1.291304e-10
765 5.866336e-08
766 4.913936e-08
767 3.784244e-08
768 2.712993e-08
769 1.851120e-08
770 1.197895e-08
771 7.264563e-09
772 4.377946e-09
773 2.651673e-09
774 1.649482e-09
775 1.049526e-09
776 6.715976e-10
777 4.225267e-10
778 2.562931e-10
779 1.479099e-10
780 5.929119e-08
781 4.991201e-08
782 3.867978e-08
783 2.787607e-08
784 1.907917e-08
785 1.240148e-08
786 7.568113e-09
787 4.551256e-09
788 2.752087e-09
789 1.704468e-09
790 1.079618e-09
791 6.886321e-10
792 4.327987e-10
793 2.628495e-10
794 1.521989e-10
795 6.633419e-08
796 5.672412e-08
797 4.461026e-08
798 3.250600e-08
799 2.242276e-08
800 1.472586e-08
801 9.048815e-09
802 5.418862e-09
803 3.256207e-09
804 1.998056e-09
805 1.255756e-09
806 7.982016e-10
807 5.025053e-10
808 3.070808e-10
809 1.795187e-10
810 7.619101e-08
811 6.663040e-08
812 5.365866e-08
813 3.989290e-08
814 2.789112e-08
815 1.858468e-08
816 1.162330e-08
817 6.942040e-09
818 4.148014e-09
819 2.506161e-09
820 1.550140e-09
821 9.747875e-10
822 6.118434e-10
823 3.756949e-10
824 2.221342e-10
825 5.047544e-07
826 3.686732e-07
827 2.731788e-07
828 1.700242e-07
829 1.035811e-07
830 6.136386e-08
831 3.746977e-08
832 2.403911e-08
833 1.622809e-08
834 0.000000e+00
835 0.000000e+00
836 0.000000e+00
837 0.000000e+00
838 0.000000e+00
839 0.000000e+00
840 7.611551e-07
841 5.560920e-07
842 4.124987e-07
843 2.596997e-07
844 1.578214e-07
845 9.338006e-08
846 5.691123e-08
847 3.637569e-08
848 2.448840e-08
849 0.000000e+00
850 0.000000e+00
851 0.000000e+00
852 0.000000e+00
853 0.000000e+00
854 0.000000e+00
855 9.037107e-07
856 6.603146e-07
857 4.899647e-07
858 3.096383e-07
859 1.880050e-07
860 1.111985e-07
861 6.773018e-08
862 4.323792e-08
863 2.908189e-08
864 0.000000e+00
865 0.000000e+00
866 0.000000e+00
867 0.000000e+00
868 0.000000e+00
869 0.000000e+00
870 9.995771e-07
871 7.304004e-07
872 5.420597e-07
873 3.432213e-07
874 2.083046e-07
875 1.231814e-07
876 7.500593e-08
877 4.785312e-08
878 3.217094e-08
879 0.000000e+00
880 0.000000e+00
881 0.000000e+00
882 0.000000e+00
883 0.000000e+00
884 0.000000e+00
885 1.071440e-06
886 7.829420e-07
887 5.811084e-07
888 3.683953e-07
889 2.235217e-07
890 1.321643e-07
891 8.045996e-08
892 5.131264e-08
893 3.448674e-08
894 0.000000e+00
895 0.000000e+00
896 0.000000e+00
897 0.000000e+00
898 0.000000e+00
899 0.000000e+00
900 1.129680e-06
901 8.255202e-07
902 6.127569e-07
903 3.887966e-07
904 2.358529e-07
905 1.394442e-07
906 8.487980e-08
907 5.411639e-08
908 3.636340e-08
909 0.000000e+00
910 0.000000e+00
911 0.000000e+00
912 0.000000e+00
913 0.000000e+00
914 0.000000e+00
915 1.180497e-06
916 8.626711e-07
917 6.403701e-07
918 4.065991e-07
919 2.466136e-07
920 1.457958e-07
921 8.873653e-08
922 5.656263e-08
923 3.800086e-08
924 0.000000e+00
925 0.000000e+00
926 0.000000e+00
927 0.000000e+00
928 0.000000e+00
929 0.000000e+00
930 1.228674e-06
931 8.978941e-07
932 6.665500e-07
933 4.234761e-07
934 2.568146e-07
935 1.518173e-07
936 9.239277e-08
937 5.888178e-08
938 3.955318e-08
939 0.000000e+00
940 0.000000e+00
941 0.000000e+00
942 0.000000e+00
943 0.000000e+00
944 0.000000e+00
945 1.284890e-06
946 9.389965e-07
947 6.970980e-07
948 4.431706e-07
949 2.687180e-07
950 1.588444e-07
951 9.665961e-08
952 6.158789e-08
953 4.136476e-08
954 0.000000e+00
955 0.000000e+00
956 0.000000e+00
957 0.000000e+00
958 0.000000e+00
959 0.000000e+00
960 3.373706e-07
961 2.686858e-07
962 1.949040e-07
963 1.461643e-07
964 9.042886e-08
965 5.535529e-08
966 3.217498e-08
967 1.923890e-08
968 1.205686e-08
969 7.982606e-09
970 0.000000e+00
971 0.000000e+00
972 0.000000e+00
973 0.000000e+00
974 0.000000e+00
975 5.204858e-07
976 4.173670e-07
977 3.030454e-07
978 2.270494e-07
979 1.422997e-07
980 8.676382e-08
981 5.039490e-08
982 3.009328e-08
983 1.879090e-08
984 1.240471e-08
985 0.000000e+00
986 0.000000e+00
987 0.000000e+00
988 0.000000e+00
989 0.000000e+00
990 6.451347e-07
991 5.186614e-07
992 3.767374e-07
993 2.821543e-07
994 1.776913e-07
995 1.081778e-07
996 6.281813e-08
997 3.749435e-08
998 2.338098e-08
999 1.541784e-08
1000 0.000000e+00
1001 0.000000e+00
1002 0.000000e+00
1003 0.000000e+00
1004 0.000000e+00
1005 7.385553e-07
1006 5.945723e-07
1007 4.319604e-07
1008 3.234508e-07
1009 2.042141e-07
1010 1.242246e-07
1011 7.212833e-08
1012 4.304096e-08
1013 2.682068e-08
1014 1.767586e-08
1015 0.000000e+00
1016 0.000000e+00
1017 0.000000e+00
1018 0.000000e+00
1019 0.000000e+00
1020 8.142683e-07
1021 6.560901e-07
1022 4.767152e-07
1023 3.569171e-07
1024 2.257097e-07
1025 1.372308e-07
1026 7.967390e-08
1027 4.753588e-08
1028 2.960855e-08
1029 1.950574e-08
1030 0.000000e+00
1031 0.000000e+00
1032 0.000000e+00
1033 0.000000e+00
1034 0.000000e+00
1035 8.803219e-07
1036 7.097653e-07
1037 5.157669e-07
1038 3.861168e-07
1039 2.444636e-07
1040 1.485780e-07
1041 8.625699e-08
1042 5.145789e-08
1043 3.204087e-08
1044 2.110251e-08
1045 0.000000e+00
1046 0.000000e+00
1047 0.000000e+00
1048 0.000000e+00
1049 0.000000e+00
1050 9.429532e-07
1051 7.606599e-07
1052 5.527902e-07
1053 4.138016e-07
1054 2.622441e-07
1055 1.593376e-07
1056 9.249906e-08
1057 5.517631e-08
1058 3.434702e-08
1059 2.261635e-08
1060 0.000000e+00
1061 0.000000e+00
1062 0.000000e+00
1063 0.000000e+00
1064 0.000000e+00
1065 1.016036e-06
1066 8.200492e-07
1067 5.959953e-07
1068 4.461114e-07
1069 2.829938e-07
1070 1.718934e-07
1071 9.978284e-08
1072 5.951589e-08
1073 3.703817e-08
1074 2.438297e-08
1075 0.000000e+00
1076 0.000000e+00
1077 0.000000e+00
1078 0.000000e+00
1079 0.000000e+00
1080 1.985034e-07
1081 1.805332e-07
1082 1.390868e-07
1083 1.005811e-07
1084 7.536987e-08
1085 4.356759e-08
1086 2.670223e-08
1087 1.539573e-08
1088 9.104096e-09
1089 5.664011e-09
1090 0.000000e+00
1091 0.000000e+00
1092 0.000000e+00
1093 0.000000e+00
1094 0.000000e+00
1095 3.306891e-07
1096 3.020850e-07
1097 2.336913e-07
1098 1.688886e-07
1099 1.267422e-07
1100 7.367468e-08
1101 4.527393e-08
1102 2.604147e-08
1103 1.534432e-08
1104 9.524346e-09
1105 0.000000e+00
1106 0.000000e+00
1107 0.000000e+00
1108 0.000000e+00
1109 0.000000e+00
1110 4.309716e-07
1111 3.943504e-07
1112 3.055365e-07
1113 2.207614e-07
1114 1.657567e-07
1115 9.655908e-08
1116 5.939152e-08
1117 3.413260e-08
1118 2.008524e-08
1119 1.245635e-08
1120 0.000000e+00
1121 0.000000e+00
1122 0.000000e+00
1123 0.000000e+00
1124 0.000000e+00
1125 5.122009e-07
1126 4.690787e-07
1127 3.637269e-07
1128 2.627760e-07
1129 1.973554e-07
1130 1.150934e-07
1131 7.082578e-08
1132 4.068587e-08
1133 2.392497e-08
1134 1.483112e-08
1135 0.000000e+00
1136 0.000000e+00
1137 0.000000e+00
1138 0.000000e+00
1139 0.000000e+00
1140 5.830663e-07
1141 5.342796e-07
1142 4.144959e-07
1143 2.994325e-07
1144 2.249254e-07
1145 1.312644e-07
1146 8.080213e-08
1147 4.640354e-08
1148 2.727510e-08
1149 1.690299e-08
1150 0.000000e+00
1151 0.000000e+00
1152 0.000000e+00
1153 0.000000e+00
1154 0.000000e+00
1155 6.502609e-07
1156 5.960995e-07
1157 4.626346e-07
1158 3.341892e-07
1159 2.510665e-07
1160 1.465975e-07
1161 9.026119e-08
1162 5.182481e-08
1163 3.045158e-08
1164 1.886744e-08
1165 0.000000e+00
1166 0.000000e+00
1167 0.000000e+00
1168 0.000000e+00
1169 0.000000e+00
1170 7.286721e-07
1171 6.682378e-07
1172 5.188068e-07
1173 3.747471e-07
1174 2.815695e-07
1175 1.644896e-07
1176 1.012990e-07
1177 5.815074e-08
1178 3.415833e-08
1179 2.115990e-08
1180 0.000000e+00
1181 0.000000e+00
1182 0.000000e+00
1183 0.000000e+00
1184 0.000000e+00
1185 1.319100e-07
1186 1.302033e-07
1187 1.094883e-07
1188 7.997897e-08
1189 5.941608e-08
1190 4.038193e-08
1191 2.383023e-08
1192 1.357720e-08
1193 7.848943e-09
1194 4.638155e-09
1195 2.905390e-09
1196 0.000000e+00
1197 0.000000e+00
1198 0.000000e+00
1199 0.000000e+00
1200 2.313749e-07
1201 2.290400e-07
1202 1.933328e-07
1203 1.414764e-07
1204 1.049273e-07
1205 7.182359e-08
1206 4.217180e-08
1207 2.406157e-08
1208 1.392898e-08
1209 8.216021e-09
1210 5.135818e-09
1211 0.000000e+00
1212 0.000000e+00
1213 0.000000e+00
1214 0.000000e+00
1215 3.126556e-07
1216 3.098310e-07
1217 2.618952e-07
1218 1.917751e-07
1219 1.421448e-07
1220 9.754993e-08
1221 5.717346e-08
1222 3.263839e-08
1223 1.890277e-08
1224 1.114261e-08
1225 6.959979e-09
1226 0.000000e+00
1227 0.000000e+00
1228 0.000000e+00
1229 0.000000e+00
1230 3.835104e-07
1231 3.802582e-07
1232 3.216576e-07
1233 2.356176e-07
1234 1.745851e-07
1235 1.199760e-07
1236 7.024971e-08
1237 4.011464e-08
1238 2.323836e-08
1239 1.369373e-08
1240 8.549984e-09
1241 0.000000e+00
1242 0.000000e+00
1243 0.000000e+00
1244 0.000000e+00
1245 4.506954e-07
1246 4.470320e-07
1247 3.783247e-07
1248 2.771888e-07
1249 2.053458e-07
1250 1.412396e-07
1251 8.264875e-08
1252 4.720369e-08
1253 2.734939e-08
1254 1.611266e-08
1255 1.005765e-08
1256 0.000000e+00
1257 0.000000e+00
1258 0.000000e+00
1259 0.000000e+00
1260 5.290893e-07
1261 5.249520e-07
1262 4.444497e-07
1263 3.257004e-07
1264 2.412402e-07
1265 1.660511e-07
1266 9.711732e-08
1267 5.547539e-08
1268 3.214632e-08
1269 1.893524e-08
1270 1.181697e-08
1271 0.000000e+00
1272 0.000000e+00
1273 0.000000e+00
1274 0.000000e+00
1275 9.447714e-08
1276 9.836408e-08
1277 8.900190e-08
1278 6.808065e-08
1279 4.921301e-08
1280 3.686124e-08
1281 2.082453e-08
1282 1.257458e-08
1283 7.105742e-09
1284 4.104699e-09
1285 2.457578e-09
1286 0.000000e+00
1287 0.000000e+00
1288 0.000000e+00
1289 0.000000e+00
1290 1.737514e-07
1291 1.812979e-07
1292 1.645795e-07
1293 1.262569e-07
1294 9.120543e-08
1295 6.842573e-08
1296 3.877467e-08
1297 2.349425e-08
1298 1.324502e-08
1299 7.631450e-09
1300 4.559649e-09
1301 0.000000e+00
1302 0.000000e+00
1303 0.000000e+00
1304 0.000000e+00
1305 2.427717e-07
1306 2.535119e-07
1307 2.303953e-07
1308 1.769246e-07
1309 1.277782e-07
1310 9.591724e-08
1311 5.441233e-08
1312 3.300804e-08
1313 1.859356e-08
1314 1.070342e-08
1315 6.390504e-09
1316 0.000000e+00
1317 0.000000e+00
1318 0.000000e+00
1319 0.000000e+00
1320 3.081479e-07
1321 3.219101e-07
1322 2.927335e-07
1323 2.249159e-07
1324 1.624190e-07
1325 1.219560e-07
1326 6.922271e-08
1327 4.201833e-08
1328 2.365911e-08
1329 1.361289e-08
1330 8.124597e-09
1331 0.000000e+00
1332 0.000000e+00
1333 0.000000e+00
1334 0.000000e+00
1335 3.844364e-07
1336 4.017258e-07
1337 3.654776e-07
1338 2.809152e-07
1339 2.028392e-07
1340 1.523396e-07
1341 8.650469e-08
1342 5.253268e-08
1343 2.957006e-08
1344 1.700797e-08
1345 1.014807e-08
1346 0.000000e+00
1347 0.000000e+00
1348 0.000000e+00
1349 0.000000e+00
1350 7.182786e-08
1351 7.773573e-08
1352 7.452646e-08
1353 6.037869e-08
1354 4.355656e-08
1355 3.283881e-08
1356 2.050067e-08
1357 1.257300e-08
1358 6.980005e-09
1359 3.843205e-09
1360 2.221724e-09
1361 1.351403e-09
1362 0.000000e+00
1363 0.000000e+00
1364 0.000000e+00
1365 1.387289e-07
1366 1.504100e-07
1367 1.445982e-07
1368 1.175296e-07
1369 8.484562e-08
1370 6.390027e-08
1371 4.019027e-08
1372 2.456839e-08
1373 1.364248e-08
1374 7.516000e-09
1375 4.333936e-09
1376 2.629850e-09
1377 0.000000e+00
1378 0.000000e+00
1379 0.000000e+00
1380 2.012805e-07
1381 2.183576e-07
1382 2.101102e-07
1383 1.709585e-07
1384 1.234466e-07
1385 9.293894e-08
1386 5.859577e-08
1387 3.578186e-08
1388 1.987061e-08
1389 1.094952e-08
1390 6.308570e-09
1391 3.825052e-09
1392 0.000000e+00
1393 0.000000e+00
1394 0.000000e+00
1395 2.742213e-07
1396 2.975899e-07
1397 2.864999e-07
1398 2.332581e-07
1399 1.684555e-07
1400 1.267987e-07
1401 8.005668e-08
1402 4.885681e-08
1403 2.713265e-08
1404 1.495292e-08
1405 8.610993e-09
1406 5.218695e-09
1407 0.000000e+00
1408 0.000000e+00
1409 0.000000e+00
1410 5.809334e-08
1411 6.482359e-08
1412 6.510291e-08
1413 5.589845e-08
1414 4.119241e-08
1415 3.034500e-08
1416 2.136377e-08
1417 1.219455e-08
1418 6.863053e-09
1419 3.883726e-09
1420 2.160400e-09
1421 1.260323e-09
1422 0.000000e+00
1423 0.000000e+00
1424 0.000000e+00
1425 1.181713e-07
1426 1.320734e-07
1427 1.329671e-07
1428 1.145537e-07
1429 8.458183e-08
1430 6.221857e-08
1431 4.404229e-08
1432 2.504538e-08
1433 1.413075e-08
1434 7.994743e-09
1435 4.444585e-09
1436 2.586970e-09
1437 0.000000e+00
1438 0.000000e+00
1439 0.000000e+00
1440 1.867173e-07
1441 2.087946e-07
1442 2.103767e-07
1443 1.814428e-07
1444 1.340558e-07
1445 9.856501e-08
1446 6.989421e-08
1447 3.969811e-08
1448 2.241623e-08
1449 1.268150e-08
1450 7.048796e-09
1451 4.099679e-09
1452 0.000000e+00
1453 0.000000e+00
1454 0.000000e+00
1455 5.060843e-08
1456 5.798568e-08
1457 6.059418e-08
1458 5.503418e-08
1459 4.218976e-08
1460 3.047397e-08
1461 2.288524e-08
1462 1.282424e-08
1463 7.667203e-09
1464 4.201706e-09
1465 2.317173e-09
1466 1.294169e-09
1467 0.000000e+00
1468 0.000000e+00
1469 0.000000e+00
1470 1.146488e-07
1471 1.315562e-07
1472 1.377780e-07
1473 1.255485e-07
1474 9.653252e-08
1475 6.968175e-08
1476 5.241065e-08
1477 2.947249e-08
1478 1.769030e-08
1479 9.673821e-09
1480 5.320245e-09
1481 2.964537e-09
1482 0.000000e+00
1483 0.000000e+00
1484 0.000000e+00
1485 5.336667e-08
1486 6.270330e-08
1487 6.797926e-08
1488 6.524972e-08
1489 5.289368e-08
1490 3.816361e-08
1491 2.879284e-08
1492 1.789298e-08
1493 1.089204e-08
1494 5.910461e-09
1495 3.112683e-09
1496 1.679704e-09
1497 9.356041e-10
1498 0.000000e+00
1499 0.000000e+00
1500 1.109684e-04
1501 8.086786e-05
1502 6.035546e-05
1503 3.805236e-05
1504 2.321989e-05
1505 1.369104e-05
1506 8.324421e-06
1507 5.304277e-06
1508 3.565556e-06
1509 0.000000e+00
1510 0.000000e+00
1511 0.000000e+00
1512 0.000000e+00
1513 0.000000e+00
1514 0.000000e+00
1515 5.757601e-05
1516 4.644359e-05
1517 3.369791e-05
1518 2.528332e-05
1519 1.597668e-05
1520 9.754545e-06
1521 5.648866e-06
1522 3.364481e-06
1523 2.093966e-06
1524 1.379138e-06
1525 0.000000e+00
1526 0.000000e+00
1527 0.000000e+00
1528 0.000000e+00
1529 0.000000e+00
1530 4.047788e-05
1531 3.713775e-05
1532 2.882267e-05
1533 2.080348e-05
1534 1.566222e-05
1535 9.111532e-06
1536 5.625604e-06
1537 3.225263e-06
1538 1.896511e-06
1539 1.174730e-06
1540 0.000000e+00
1541 0.000000e+00
1542 0.000000e+00
1543 0.000000e+00
1544 0.000000e+00
1545 2.912801e-05
1546 2.891312e-05
1547 2.448503e-05
1548 1.793535e-05
1549 1.328396e-05
1550 9.154542e-06
1551 5.351144e-06
1552 3.053081e-06
1553 1.771954e-06
1554 1.042590e-06
1555 6.506122e-07
1556 0.000000e+00
1557 0.000000e+00
1558 0.000000e+00
1559 0.000000e+00
1560 2.085098e-05
1561 2.179680e-05
1562 1.983793e-05
1563 1.524768e-05
1564 1.100576e-05
1565 8.274949e-06
1566 4.689296e-06
1567 2.850415e-06
1568 1.602925e-06
1569 9.233707e-07
1570 5.506294e-07
1571 0.000000e+00
1572 0.000000e+00
1573 0.000000e+00
1574 0.000000e+00
1575 1.487210e-05
1576 1.614453e-05
1577 1.554949e-05
1578 1.266314e-05
1579 9.143013e-06
1580 6.883420e-06
1581 4.347301e-06
1582 2.655947e-06
1583 1.474901e-06
1584 8.112783e-07
1585 4.673052e-07
1586 2.832009e-07
1587 0.000000e+00
1588 0.000000e+00
1589 0.000000e+00
1590 1.001028e-05
1591 1.119728e-05
1592 1.128693e-05
1593 9.739022e-06
1594 7.195644e-06
1595 5.289411e-06
1596 3.755371e-06
1597 2.130464e-06
1598 1.202339e-06
1599 6.811759e-07
1600 3.783133e-07
1601 2.200058e-07
1602 0.000000e+00
1603 0.000000e+00
1604 0.000000e+00
1605 6.201116e-06
1606 7.118100e-06
1607 7.458527e-06
1608 6.801106e-06
1609 5.231433e-06
1610 3.775220e-06
1611 2.841823e-06
1612 1.597077e-06
1613 9.596537e-07
1614 5.242846e-07
1615 2.885232e-07
1616 1.606418e-07
1617 0.000000e+00
1618 0.000000e+00
1619 0.000000e+00
1620 3.163407e-06
1621 3.720115e-06
1622 4.038202e-06
1623 3.883392e-06
1624 3.154630e-06
1625 2.276770e-06
1626 1.716871e-06
1627 1.071974e-06
1628 6.518364e-07
1629 3.538249e-07
1630 1.861971e-07
1631 1.003484e-07
1632 5.578990e-08
1633 0.000000e+00
1634 0.000000e+00
1635 8.891198e-07
1636 1.072208e-06
1637 1.206146e-06
1638 1.224576e-06
1639 1.066696e-06
1640 7.933436e-07
1641 5.815894e-07
1642 4.169104e-07
1643 2.343421e-07
1644 1.314261e-07
1645 7.164692e-08
1646 3.730540e-08
1647 1.958823e-08
1648 0.000000e+00
1649 0.000000e+00
