0 2.233822e-09
1 1.451891e-09
2 9.132048e-10
3 5.752078e-10
4 3.697174e-10
5 2.432647e-10
6 1.617683e-10
7 1.062442e-10
8 6.732546e-11
9 4.044173e-11
10 2.280106e-11
11 1.204882e-11
12 6.007841e-12
13 2.858830e-12
14 1.314469e-12
15 3.793650e-09
16 2.523853e-09
17 1.604636e-09
18 1.000258e-09
19 6.324510e-10
20 4.095053e-10
21 2.708694e-10
22 1.796178e-10
23 1.164801e-10
24 7.225974e-11
25 4.224881e-11
26 2.312890e-11
27 1.188539e-11
28 5.786588e-12
29 2.702467e-12
30 4.336359e-09
31 2.904304e-09
32 1.856690e-09
33 1.156301e-09
34 7.281314e-10
35 4.689959e-10
36 3.092203e-10
37 2.052116e-10
38 1.336928e-10
39 8.359490e-11
40 4.935589e-11
41 2.730311e-11
42 1.416279e-11
43 6.948169e-12
44 3.262401e-12
45 4.642159e-09
46 3.118844e-09
47 1.998890e-09
48 1.244400e-09
49 7.821601e-10
50 5.025788e-10
51 3.309036e-10
52 2.196042e-10
53 1.433907e-10
54 8.997635e-11
55 5.335612e-11
56 2.964916e-11
57 1.544665e-11
58 7.603749e-12
59 3.578946e-12
60 4.847174e-09
61 3.262833e-09
62 2.094154e-09
63 1.303482e-09
64 8.183546e-10
65 5.251540e-10
66 3.454575e-10
67 2.293052e-10
68 1.498877e-10
69 9.426488e-11
70 5.605622e-11
71 3.123788e-11
72 1.631094e-11
73 8.043966e-12
74 3.792183e-12
75 5.001155e-09
76 3.370655e-09
77 2.165749e-09
78 1.347743e-09
79 8.455457e-10
80 5.420866e-10
81 3.563589e-10
82 2.365627e-10
83 1.548081e-10
84 9.750100e-11
85 5.806936e-11
86 3.241916e-11
87 1.695877e-11
88 8.375088e-12
89 3.951552e-12
90 5.125868e-09
91 3.458294e-09
92 2.223763e-09
93 1.383938e-09
94 8.677034e-10
95 5.558059e-10
96 3.652322e-10
97 2.424710e-10
98 1.587903e-10
99 1.001150e-10
100 5.971912e-11
101 3.338658e-11
102 1.748642e-11
103 8.644125e-12
104 4.081379e-12
105 5.235624e-09
106 3.534858e-09
107 2.274965e-09
108 1.415612e-09
109 8.870376e-10
110 5.678534e-10
111 3.729758e-10
112 2.476385e-10
113 1.621960e-10
114 1.023634e-10
115 6.112375e-11
116 3.422576e-11
117 1.794826e-11
118 8.879937e-12
119 4.191935e-12
120 5.339671e-09
121 3.608237e-09
122 2.323541e-09
123 1.445585e-09
124 9.054370e-10
125 5.792611e-10
126 3.802980e-10
127 2.525445e-10
128 1.655527e-10
129 1.045714e-10
130 6.252054e-11
131 3.503074e-11
132 1.838500e-11
133 9.103216e-12
134 4.303012e-12
135 5.458310e-09
136 3.691063e-09
137 2.379092e-09
138 1.480084e-09
139 9.265296e-10
140 5.924401e-10
141 3.888086e-10
142 2.581344e-10
143 1.693531e-10
144 1.070943e-10
145 6.409419e-11
146 3.595554e-11
147 1.889082e-11
148 9.359366e-12
149 4.426668e-12
150 7.978536e-09
151 5.496790e-09
152 3.612746e-09
153 2.257806e-09
154 1.399702e-09
155 8.820945e-10
156 5.717513e-10
157 3.782530e-10
158 2.501149e-10
159 1.610920e-10
160 9.887496e-11
161 5.703724e-11
162 3.077305e-11
163 1.559027e-11
164 7.495401e-12
165 1.004959e-08
166 7.010090e-09
167 4.673307e-09
168 2.951315e-09
169 1.820683e-09
170 1.138185e-09
171 7.298178e-10
172 4.797005e-10
173 3.176162e-10
174 2.064088e-10
175 1.286365e-10
176 7.562684e-11
177 4.161566e-11
178 2.146199e-11
179 1.046386e-11
180 1.128275e-08
181 7.916617e-09
182 5.309495e-09
183 3.371243e-09
184 2.076683e-09
185 1.294029e-09
186 8.254386e-10
187 5.407739e-10
188 3.580402e-10
189 2.335563e-10
190 1.465030e-10
191 8.683104e-11
192 4.819886e-11
193 2.505801e-11
194 1.229703e-11
195 1.211440e-08
196 8.529156e-09
197 5.739803e-09
198 3.655248e-09
199 2.250074e-09
200 1.399416e-09
201 8.900526e-10
202 5.821509e-10
203 3.853961e-10
204 2.519044e-10
205 1.585786e-10
206 9.441848e-11
207 5.266099e-11
208 2.749729e-11
209 1.354125e-11
210 1.273731e-08
211 8.987929e-09
212 6.062422e-09
213 3.867645e-09
214 2.380067e-09
215 1.478437e-09
216 9.386002e-10
217 6.130256e-10
218 4.058389e-10
219 2.656169e-10
220 1.676151e-10
221 1.000920e-10
222 5.599377e-11
223 2.931730e-11
224 1.447127e-11
225 1.324400e-08
226 9.360004e-09
227 6.323516e-09
228 4.040681e-09
229 2.485319e-09
230 1.542456e-09
231 9.777935e-10
232 6.381441e-10
233 4.224557e-10
234 2.767521e-10
235 1.749364e-10
236 1.046798e-10
237 5.869302e-11
238 3.079470e-11
239 1.522444e-11
240 1.368325e-08
241 9.683628e-09
242 6.551367e-09
243 4.191405e-09
244 2.577543e-09
245 1.598458e-09
246 1.012058e-09
247 6.599253e-10
248 4.369590e-10
249 2.864745e-10
250 1.813291e-10
251 1.086954e-10
252 6.105813e-11
253 3.208741e-11
254 1.587902e-11
255 1.410247e-08
256 9.991960e-09
257 6.768508e-09
258 4.334701e-09
259 2.664737e-09
260 1.651432e-09
261 1.044595e-09
262 6.806957e-10
263 4.507280e-10
264 2.957070e-10
265 1.874060e-10
266 1.125170e-10
267 6.330280e-11
268 3.331015e-11
269 1.650669e-11
270 1.458943e-08
271 1.035025e-08
272 7.020017e-09
273 4.500438e-09
274 2.765812e-09
275 1.713328e-09
276 1.082760e-09
277 7.049992e-10
278 4.666974e-10
279 3.064273e-10
280 1.944783e-10
281 1.169586e-10
282 6.590654e-11
283 3.473540e-11
284 1.723422e-11
285 1.364677e-08
286 9.709778e-09
287 6.595029e-09
288 4.255759e-09
289 2.623035e-09
290 1.624496e-09
291 1.024207e-09
292 6.643720e-10
293 4.382619e-10
294 2.872373e-10
295 1.823786e-10
296 1.100085e-10
297 6.231076e-11
298 3.304417e-11
299 1.649169e-11
300 1.605862e-08
301 1.155699e-08
302 7.921450e-09
303 5.170177e-09
304 3.198979e-09
305 1.971430e-09
306 1.233217e-09
307 7.937453e-10
308 5.216557e-10
309 3.426679e-10
310 2.192870e-10
311 1.338639e-10
312 7.691317e-11
313 4.138661e-11
314 2.092361e-11
315 1.772048e-08
316 1.283802e-08
317 8.843794e-09
318 5.808436e-09
319 3.603971e-09
320 2.214692e-09
321 1.380098e-09
322 8.843962e-10
323 5.798595e-10
324 3.812338e-10
325 2.449474e-10
326 1.504762e-10
327 8.711476e-11
328 4.723920e-11
329 2.404751e-11
330 1.897070e-08
331 1.380152e-08
332 9.535422e-09
333 6.285706e-09
334 3.907847e-09
335 2.397486e-09
336 1.490302e-09
337 9.524516e-10
338 6.236580e-10
339 4.102103e-10
340 2.642054e-10
341 1.629419e-10
342 9.477274e-11
343 5.163534e-11
344 2.639514e-11
345 1.998382e-08
346 1.458208e-08
347 1.009871e-08
348 6.675559e-09
349 4.154399e-09
350 2.545837e-09
351 1.579652e-09
352 1.007617e-09
353 6.590047e-10
354 4.336443e-10
355 2.798252e-10
356 1.730527e-10
357 1.009800e-10
358 5.519936e-11
359 2.829859e-11
360 2.086765e-08
361 1.526394e-08
362 1.058997e-08
363 7.013772e-09
364 4.369204e-09
365 2.675311e-09
366 1.657577e-09
367 1.055713e-09
368 6.898942e-10
369 4.541332e-10
370 2.934428e-10
371 1.818678e-10
372 1.063941e-10
373 5.830433e-11
374 2.995631e-11
375 2.170375e-08
376 1.590826e-08
377 1.105338e-08
378 7.334840e-09
379 4.572430e-09
380 2.797743e-09
381 1.731429e-09
382 1.101248e-09
383 7.191531e-10
384 4.735244e-10
385 3.063568e-10
386 1.902235e-10
387 1.115239e-10
388 6.124756e-11
389 3.152754e-11
390 2.268150e-08
391 1.666271e-08
392 1.159601e-08
393 7.709941e-09
394 4.810799e-09
395 2.941614e-09
396 1.818141e-09
397 1.154784e-09
398 7.534102e-10
399 4.962642e-10
400 3.214827e-10
401 2.000180e-10
402 1.175404e-10
403 6.469506e-11
404 3.336926e-11
405 1.967046e-08
406 1.441610e-08
407 1.000499e-08
408 6.632746e-09
409 4.151670e-09
410 2.542603e-09
411 1.576756e-09
412 1.002488e-09
413 6.534640e-10
414 4.291592e-10
415 2.768779e-10
416 1.715516e-10
417 1.004825e-10
418 5.521148e-11
419 2.846721e-11
420 2.233477e-08
421 1.656099e-08
422 1.158419e-08
423 7.744260e-09
424 4.889267e-09
425 2.986346e-09
426 1.843892e-09
427 1.163557e-09
428 7.541332e-10
429 4.946207e-10
430 3.202955e-10
431 2.000267e-10
432 1.184245e-10
433 6.585609e-11
434 3.435500e-11
435 2.435362e-08
436 1.819575e-08
437 1.278801e-08
438 8.594892e-09
439 5.454366e-09
440 3.327326e-09
441 2.049514e-09
442 1.287181e-09
443 8.314173e-10
444 5.447249e-10
445 3.534878e-10
446 2.217933e-10
447 1.321552e-10
448 7.402133e-11
449 3.888457e-11
450 2.600249e-08
451 1.952292e-08
452 1.376926e-08
453 9.286753e-09
454 5.913480e-09
455 3.605199e-09
456 2.216301e-09
457 1.387775e-09
458 8.939584e-10
459 5.853981e-10
460 3.804305e-10
461 2.394611e-10
462 1.433004e-10
463 8.064804e-11
464 4.256148e-11
465 2.743502e-08
466 2.068261e-08
467 1.462492e-08
468 9.888162e-09
469 6.314081e-09
470 3.847547e-09
471 2.361676e-09
472 1.475354e-09
473 9.487379e-10
474 6.209021e-10
475 4.039396e-10
476 2.548780e-10
477 1.530266e-10
478 8.643318e-11
479 4.577134e-11
480 2.879050e-08
481 2.177485e-08
482 1.543377e-08
483 1.045778e-08
484 6.693555e-09
485 4.076392e-09
486 2.499581e-09
487 1.558165e-09
488 1.000433e-09
489 6.544624e-10
490 4.261958e-10
491 2.694702e-10
492 1.622294e-10
493 9.189992e-11
494 4.880355e-11
495 3.037741e-08
496 2.305619e-08
497 1.637886e-08
498 1.112497e-08
499 7.136658e-09
500 4.344161e-09
501 2.660632e-09
502 1.655231e-09
503 1.060950e-09
504 6.937298e-10
505 4.521952e-10
506 2.865018e-10
507 1.729850e-10
508 9.830046e-11
509 5.235495e-11
510 2.601640e-08
511 1.962166e-08
512 1.388351e-08
513 9.378864e-09
514 6.001739e-09
515 3.666013e-09
516 2.252066e-09
517 1.406404e-09
518 9.032859e-10
519 5.900596e-10
520 3.831465e-10
521 2.414133e-10
522 1.448640e-10
523 8.186879e-11
524 4.342478e-11
525 2.893519e-08
526 2.207693e-08
527 1.574621e-08
528 1.070887e-08
529 6.912565e-09
530 4.229736e-09
531 2.589570e-09
532 1.606600e-09
533 1.025700e-09
534 6.677582e-10
535 4.340397e-10
536 2.748829e-10
537 1.663087e-10
538 9.494163e-11
539 5.089657e-11
540 3.132349e-08
541 2.408943e-08
542 1.727561e-08
543 1.180366e-08
544 7.661837e-09
545 4.695912e-09
546 2.867546e-09
547 1.771872e-09
548 1.126287e-09
549 7.316531e-10
550 4.758400e-10
551 3.023589e-10
552 1.839181e-10
553 1.056865e-10
554 5.704792e-11
555 3.340490e-08
556 2.584448e-08
557 1.861165e-08
558 1.275696e-08
559 8.315592e-09
560 5.101512e-09
561 3.110247e-09
562 1.916135e-09
563 1.214269e-09
564 7.873906e-10
565 5.122943e-10
566 3.263199e-10
567 1.992750e-10
568 1.150573e-10
569 6.241276e-11
570 3.537897e-08
571 2.750953e-08
572 1.987907e-08
573 1.366260e-08
574 8.936882e-09
575 5.487321e-09
576 3.340815e-09
577 2.052994e-09
578 1.297753e-09
579 8.403202e-10
580 5.469257e-10
581 3.490797e-10
582 2.138607e-10
583 1.239584e-10
584 6.750930e-11
585 3.769235e-08
586 2.945553e-08
587 2.135971e-08
588 1.472016e-08
589 9.660158e-09
590 5.936950e-09
591 3.609552e-09
592 2.212483e-09
593 1.395008e-09
594 9.019782e-10
595 5.872624e-10
596 3.755978e-10
597 2.308579e-10
598 1.343297e-10
599 7.344701e-11
600 3.278611e-08
601 2.541643e-08
602 1.834263e-08
603 1.258185e-08
604 8.214949e-09
605 5.058283e-09
606 3.081875e-09
607 1.897870e-09
608 1.200783e-09
609 7.771054e-10
610 5.048125e-10
611 3.213330e-10
612 1.963089e-10
613 1.135182e-10
614 6.173456e-11
615 3.603160e-08
616 2.825411e-08
617 2.056729e-08
618 1.419556e-08
619 9.339449e-09
620 5.781997e-09
621 3.511176e-09
622 2.152597e-09
623 1.353128e-09
624 8.716198e-10
625 5.656414e-10
626 3.611392e-10
627 2.220249e-10
628 1.294965e-10
629 7.111207e-11
630 3.887690e-08
631 3.074639e-08
632 2.252665e-08
633 1.561487e-08
634 1.033027e-08
635 6.420339e-09
636 3.890447e-09
637 2.377589e-09
638 1.487774e-09
639 9.549139e-10
640 6.191860e-10
641 3.961546e-10
642 2.446455e-10
643 1.435582e-10
644 7.937270e-11
645 4.157323e-08
646 3.310852e-08
647 2.438360e-08
648 1.696302e-08
649 1.127013e-08
650 7.026094e-09
651 4.249997e-09
652 2.591244e-09
653 1.615364e-09
654 1.033920e-09
655 6.699806e-10
656 4.293694e-10
657 2.661007e-10
658 1.568955e-10
659 8.720701e-11
660 4.473169e-08
661 3.586886e-08
662 2.655354e-08
663 1.853613e-08
664 1.236638e-08
665 7.733061e-09
666 4.670019e-09
667 2.840224e-09
668 1.764232e-09
669 1.126122e-09
670 7.292332e-10
671 4.681210e-10
672 2.911364e-10
673 1.724581e-10
674 9.634971e-11
675 4.019806e-08
676 3.200467e-08
677 2.358922e-08
678 1.641559e-08
679 1.090284e-08
680 6.815915e-09
681 4.125959e-09
682 2.518002e-09
683 1.568649e-09
684 1.002779e-09
685 6.487528e-10
686 4.151101e-10
687 2.569887e-10
688 1.514717e-10
689 8.424551e-11
690 4.394609e-08
691 3.539479e-08
692 2.634651e-08
693 1.844988e-08
694 1.233798e-08
695 7.770813e-09
696 4.697259e-09
697 2.857608e-09
698 1.768360e-09
699 1.123664e-09
700 7.249197e-10
701 4.644163e-10
702 2.888926e-10
703 1.715533e-10
704 9.628239e-11
705 4.750193e-08
706 3.862556e-08
707 2.896960e-08
708 2.039314e-08
709 1.370813e-08
710 8.683418e-09
711 5.243792e-09
712 3.182104e-09
713 1.959227e-09
714 1.239116e-09
715 7.976375e-10
716 5.114361e-10
717 3.193045e-10
718 1.906974e-10
719 1.077672e-10
720 5.166499e-08
721 4.240096e-08
722 3.202833e-08
723 2.265830e-08
724 1.530495e-08
725 9.747815e-09
726 5.881426e-09
727 3.561031e-09
728 2.181748e-09
729 1.373847e-09
730 8.823909e-10
731 5.662491e-10
732 3.547596e-10
733 2.130145e-10
734 1.211560e-10
735 4.870170e-08
736 3.982994e-08
737 3.004681e-08
738 2.124104e-08
739 1.432238e-08
740 9.121908e-09
741 5.519448e-09
742 3.345019e-09
743 2.051829e-09
744 1.292495e-09
745 8.293235e-10
746 5.311295e-10
747 3.319439e-10
748 1.988456e-10
749 1.128944e-10
750 5.332661e-08
751 4.416434e-08
752 3.369668e-08
753 2.400556e-08
754 1.629209e-08
755 1.046683e-08
756 6.345277e-09
757 3.833098e-09
758 2.335790e-09
759 1.461061e-09
760 9.330076e-10
761 5.970623e-10
762 3.743752e-10
763 2.257409e-10
764 1.293005e-10
765 5.874168e-08
766 4.924249e-08
767 3.795964e-08
768 2.724070e-08
769 1.859965e-08
770 1.204377e-08
771 7.315185e-09
772 4.406496e-09
773 2.668905e-09
774 1.658787e-09
775 1.054490e-09
776 6.742765e-10
777 4.240518e-10
778 2.572234e-10
779 1.485091e-10
780 5.926593e-08
781 4.989287e-08
782 3.866954e-08
783 2.787318e-08
784 1.907940e-08
785 1.240233e-08
786 7.570869e-09
787 4.552764e-09
788 2.753284e-09
789 1.704938e-09
790 1.079725e-09
791 6.885935e-10
792 4.327221e-10
793 2.627872e-10
794 1.521634e-10
795 6.637077e-08
796 5.677867e-08
797 4.468088e-08
798 3.258291e-08
799 2.248787e-08
800 1.477355e-08
801 9.087027e-09
802 5.443003e-09
803 3.271037e-09
804 2.005946e-09
805 1.259768e-09
806 8.002462e-10
807 5.035739e-10
808 3.076800e-10
809 1.798862e-10
810 7.616724e-08
811 6.661589e-08
812 5.365715e-08
813 3.990373e-08
814 2.790666e-08
815 1.859732e-08
816 1.163464e-08
817 6.951958e-09
818 4.153487e-09
819 2.509073e-09
820 1.551592e-09
821 9.753809e-10
822 6.120461e-10
823 3.757477e-10
824 2.221457e-10
825 5.104394e-07
826 3.728317e-07
827 2.762694e-07
828 1.720249e-07
829 1.047886e-07
830 6.207657e-08
831 3.790222e-08
832 2.431312e-08
833 1.641137e-08
834 0.000000e+00
835 0.000000e+00
836 0.000000e+00
837 0.000000e+00
838 0.000000e+00
839 0.000000e+00
840 7.609686e-07
841 5.559556e-07
842 4.123974e-07
843 2.596343e-07
844 1.577818e-07
845 9.335674e-08
846 5.689706e-08
847 3.636671e-08
848 2.448239e-08
849 0.000000e+00
850 0.000000e+00
851 0.000000e+00
852 0.000000e+00
853 0.000000e+00
854 0.000000e+00
855 9.034708e-07
856 6.601393e-07
857 4.898344e-07
858 3.095543e-07
859 1.879543e-07
860 1.111685e-07
861 6.771198e-08
862 4.322638e-08
863 2.907417e-08
864 0.000000e+00
865 0.000000e+00
866 0.000000e+00
867 0.000000e+00
868 0.000000e+00
869 0.000000e+00
870 9.993278e-07
871 7.302182e-07
872 5.419243e-07
873 3.431341e-07
874 2.082519e-07
875 1.231503e-07
876 7.498702e-08
877 4.784112e-08
878 3.216291e-08
879 0.000000e+00
880 0.000000e+00
881 0.000000e+00
882 0.000000e+00
883 0.000000e+00
884 0.000000e+00
885 1.071193e-06
886 7.827614e-07
887 5.809742e-07
888 3.683088e-07
889 2.234694e-07
890 1.321335e-07
891 8.044121e-08
892 5.130076e-08
893 3.447879e-08
894 0.000000e+00
895 0.000000e+00
896 0.000000e+00
897 0.000000e+00
898 0.000000e+00
899 0.000000e+00
900 1.129439e-06
901 8.253442e-07
902 6.126261e-07
903 3.887123e-07
904 2.358020e-07
905 1.394142e-07
906 8.486152e-08
907 5.410480e-08
908 3.635564e-08
909 0.000000e+00
910 0.000000e+00
911 0.000000e+00
912 0.000000e+00
913 0.000000e+00
914 0.000000e+00
915 1.180268e-06
916 8.625041e-07
917 6.402459e-07
918 4.065191e-07
919 2.465652e-07
920 1.457672e-07
921 8.871918e-08
922 5.655163e-08
923 3.799350e-08
924 0.000000e+00
925 0.000000e+00
926 0.000000e+00
927 0.000000e+00
928 0.000000e+00
929 0.000000e+00
930 1.228460e-06
931 8.977376e-07
932 6.664337e-07
933 4.234011e-07
934 2.567693e-07
935 1.517905e-07
936 9.237652e-08
937 5.887147e-08
938 3.954628e-08
939 0.000000e+00
940 0.000000e+00
941 0.000000e+00
942 0.000000e+00
943 0.000000e+00
944 0.000000e+00
945 1.284683e-06
946 9.388454e-07
947 6.969857e-07
948 4.430983e-07
949 2.686743e-07
950 1.588185e-07
951 9.664394e-08
952 6.157795e-08
953 4.135810e-08
954 0.000000e+00
955 0.000000e+00
956 0.000000e+00
957 0.000000e+00
958 0.000000e+00
959 0.000000e+00
960 3.378076e-07
961 2.690653e-07
962 1.951836e-07
963 1.463707e-07
964 9.057760e-08
965 5.544118e-08
966 3.222480e-08
967 1.926854e-08
968 1.207469e-08
969 7.993971e-09
970 0.000000e+00
971 0.000000e+00
972 0.000000e+00
973 0.000000e+00
974 0.000000e+00
975 5.201816e-07
976 4.171208e-07
977 3.028658e-07
978 2.269150e-07
979 1.422136e-07
980 8.671166e-08
981 5.036464e-08
982 3.007525e-08
983 1.877972e-08
984 1.239737e-08
985 0.000000e+00
986 0.000000e+00
987 0.000000e+00
988 0.000000e+00
989 0.000000e+00
990 6.448120e-07
991 5.183992e-07
992 3.765467e-07
993 2.820115e-07
994 1.775998e-07
995 1.081223e-07
996 6.278598e-08
997 3.747520e-08
998 2.336911e-08
999 1.541004e-08
1000 0.000000e+00
1001 0.000000e+00
1002 0.000000e+00
1003 0.000000e+00
1004 0.000000e+00
1005 7.382357e-07
1006 5.943126e-07
1007 4.317715e-07
1008 3.233096e-07
1009 2.041234e-07
1010 1.241698e-07
1011 7.209649e-08
1012 4.302199e-08
1013 2.680897e-08
1014 1.766814e-08
1015 0.000000e+00
1016 0.000000e+00
1017 0.000000e+00
1018 0.000000e+00
1019 0.000000e+00
1020 8.139596e-07
1021 6.558390e-07
1022 4.765327e-07
1023 3.567807e-07
1024 2.256220e-07
1025 1.371778e-07
1026 7.964314e-08
1027 4.751755e-08
1028 2.959718e-08
1029 1.949827e-08
1030 0.000000e+00
1031 0.000000e+00
1032 0.000000e+00
1033 0.000000e+00
1034 0.000000e+00
1035 8.800254e-07
1036 7.095243e-07
1037 5.155916e-07
1038 3.859857e-07
1039 2.443794e-07
1040 1.485270e-07
1041 8.622743e-08
1042 5.144028e-08
1043 3.202995e-08
1044 2.109535e-08
1045 0.000000e+00
1046 0.000000e+00
1047 0.000000e+00
1048 0.000000e+00
1049 0.000000e+00
1050 9.426736e-07
1051 7.604327e-07
1052 5.526249e-07
1053 4.136780e-07
1054 2.621647e-07
1055 1.592896e-07
1056 9.247120e-08
1057 5.515972e-08
1058 3.433673e-08
1059 2.260959e-08
1060 0.000000e+00
1061 0.000000e+00
1062 0.000000e+00
1063 0.000000e+00
1064 0.000000e+00
1065 1.015768e-06
1066 8.198310e-07
1067 5.958365e-07
1068 4.459927e-07
1069 2.829175e-07
1070 1.718473e-07
1071 9.975607e-08
1072 5.949995e-08
1073 3.702828e-08
1074 2.437647e-08
1075 0.000000e+00
1076 0.000000e+00
1077 0.000000e+00
1078 0.000000e+00
1079 0.000000e+00
1080 1.989767e-07
1081 1.809858e-07
1082 1.394540e-07
1083 1.008447e-07
1084 7.556995e-08
1085 4.369178e-08
1086 2.678000e-08
1087 1.543967e-08
1088 9.128970e-09
1089 5.679124e-09
1090 0.000000e+00
1091 0.000000e+00
1092 0.000000e+00
1093 0.000000e+00
1094 0.000000e+00
1095 3.303543e-07
1096 3.017775e-07
1097 2.334523e-07
1098 1.687160e-07
1099 1.266124e-07
1100 7.359877e-08
1101 4.522710e-08
1102 2.601462e-08
1103 1.532857e-08
1104 9.514594e-09
1105 0.000000e+00
1106 0.000000e+00
1107 0.000000e+00
1108 0.000000e+00
1109 0.000000e+00
1110 4.306281e-07
1111 3.940344e-07
1112 3.052904e-07
1113 2.205837e-07
1114 1.656231e-07
1115 9.648070e-08
1116 5.934316e-08
1117 3.410488e-08
1118 2.006901e-08
1119 1.244631e-08
1120 0.000000e+00
1121 0.000000e+00
1122 0.000000e+00
1123 0.000000e+00
1124 0.000000e+00
1125 5.118675e-07
1126 4.687719e-07
1127 3.634880e-07
1128 2.626035e-07
1129 1.972257e-07
1130 1.150174e-07
1131 7.077884e-08
1132 4.065897e-08
1133 2.390921e-08
1134 1.482137e-08
1135 0.000000e+00
1136 0.000000e+00
1137 0.000000e+00
1138 0.000000e+00
1139 0.000000e+00
1140 5.827486e-07
1141 5.339873e-07
1142 4.142683e-07
1143 2.992682e-07
1144 2.248018e-07
1145 1.311919e-07
1146 8.075741e-08
1147 4.637790e-08
1148 2.726008e-08
1149 1.689370e-08
1150 0.000000e+00
1151 0.000000e+00
1152 0.000000e+00
1153 0.000000e+00
1154 0.000000e+00
1155 6.499630e-07
1156 5.958254e-07
1157 4.624212e-07
1158 3.340351e-07
1159 2.509506e-07
1160 1.465295e-07
1161 9.021925e-08
1162 5.180077e-08
1163 3.043750e-08
1164 1.885873e-08
1165 0.000000e+00
1166 0.000000e+00
1167 0.000000e+00
1168 0.000000e+00
1169 0.000000e+00
1170 7.283846e-07
1171 6.679733e-07
1172 5.186008e-07
1173 3.745984e-07
1174 2.814577e-07
1175 1.644239e-07
1176 1.012585e-07
1177 5.812754e-08
1178 3.414473e-08
1179 2.115149e-08
1180 0.000000e+00
1181 0.000000e+00
1182 0.000000e+00
1183 0.000000e+00
1184 0.000000e+00
1185 1.324366e-07
1186 1.307386e-07
1187 1.099571e-07
1188 8.032843e-08
1189 5.967106e-08
1190 4.056819e-08
1191 2.393475e-08
1192 1.363776e-08
1193 7.884353e-09
1194 4.658738e-09
1195 2.917985e-09
1196 0.000000e+00
1197 0.000000e+00
1198 0.000000e+00
1199 0.000000e+00
1200 2.310488e-07
1201 2.287162e-07
1202 1.930588e-07
1203 1.412757e-07
1204 1.047786e-07
1205 7.172114e-08
1206 4.211192e-08
1207 2.402747e-08
1208 1.390915e-08
1209 8.204346e-09
1210 5.128532e-09
1211 0.000000e+00
1212 0.000000e+00
1213 0.000000e+00
1214 0.000000e+00
1215 3.123232e-07
1216 3.095005e-07
1217 2.616148e-07
1218 1.915694e-07
1219 1.419926e-07
1220 9.744472e-08
1221 5.711211e-08
1222 3.260331e-08
1223 1.888242e-08
1224 1.113064e-08
1225 6.952519e-09
1226 0.000000e+00
1227 0.000000e+00
1228 0.000000e+00
1229 0.000000e+00
1230 3.831935e-07
1231 3.799432e-07
1232 3.213903e-07
1233 2.354215e-07
1234 1.744400e-07
1235 1.198757e-07
1236 7.019122e-08
1237 4.008120e-08
1238 2.321897e-08
1239 1.368230e-08
1240 8.542871e-09
1241 0.000000e+00
1242 0.000000e+00
1243 0.000000e+00
1244 0.000000e+00
1245 4.503977e-07
1246 4.467362e-07
1247 3.780737e-07
1248 2.770046e-07
1249 2.052095e-07
1250 1.411454e-07
1251 8.259382e-08
1252 4.717229e-08
1253 2.733118e-08
1254 1.610194e-08
1255 1.005098e-08
1256 0.000000e+00
1257 0.000000e+00
1258 0.000000e+00
1259 0.000000e+00
1260 5.288015e-07
1261 5.246659e-07
1262 4.442070e-07
1263 3.255223e-07
1264 2.411084e-07
1265 1.659601e-07
1266 9.706421e-08
1267 5.544503e-08
1268 3.212871e-08
1269 1.892488e-08
1270 1.181051e-08
1271 0.000000e+00
1272 0.000000e+00
1273 0.000000e+00
1274 0.000000e+00
1275 9.541957e-08
1276 9.936402e-08
1277 8.993194e-08
1278 6.881006e-08
1279 4.973773e-08
1280 3.725901e-08
1281 2.105570e-08
1282 1.271794e-08
1283 7.185353e-09
1284 4.149619e-09
1285 2.484031e-09
1286 0.000000e+00
1287 0.000000e+00
1288 0.000000e+00
1289 0.000000e+00
1290 1.734600e-07
1291 1.809937e-07
1292 1.643031e-07
1293 1.260447e-07
1294 9.105220e-08
1295 6.831069e-08
1296 3.870950e-08
1297 2.345471e-08
1298 1.322277e-08
1299 7.618623e-09
1300 4.551986e-09
1301 0.000000e+00
1302 0.000000e+00
1303 0.000000e+00
1304 0.000000e+00
1305 2.424635e-07
1306 2.531894e-07
1307 2.301014e-07
1308 1.766983e-07
1309 1.276149e-07
1310 9.579448e-08
1311 5.434251e-08
1312 3.296556e-08
1313 1.856968e-08
1314 1.068970e-08
1315 6.382328e-09
1316 0.000000e+00
1317 0.000000e+00
1318 0.000000e+00
1319 0.000000e+00
1320 3.078577e-07
1321 3.216065e-07
1322 2.924568e-07
1323 2.247029e-07
1324 1.622652e-07
1325 1.218404e-07
1326 6.915697e-08
1327 4.197839e-08
1328 2.363663e-08
1329 1.359998e-08
1330 8.116900e-09
1331 0.000000e+00
1332 0.000000e+00
1333 0.000000e+00
1334 0.000000e+00
1335 3.841561e-07
1336 4.014323e-07
1337 3.652105e-07
1338 2.807097e-07
1339 2.026908e-07
1340 1.522281e-07
1341 8.644124e-08
1342 5.249408e-08
1343 2.954836e-08
1344 1.699550e-08
1345 1.014064e-08
1346 0.000000e+00
1347 0.000000e+00
1348 0.000000e+00
1349 0.000000e+00
1350 7.309024e-08
1351 7.912051e-08
1352 7.588116e-08
1353 6.150231e-08
1354 4.437165e-08
1355 3.344849e-08
1356 2.090203e-08
1357 1.281320e-08
1358 7.113591e-09
1359 3.917239e-09
1360 2.263736e-09
1361 1.376515e-09
1362 0.000000e+00
1363 0.000000e+00
1364 0.000000e+00
1365 1.384592e-07
1366 1.501178e-07
1367 1.443170e-07
1368 1.173008e-07
1369 8.468047e-08
1370 6.377591e-08
1371 4.011189e-08
1372 2.452052e-08
1373 1.361588e-08
1374 7.501358e-09
1375 4.325502e-09
1376 2.624732e-09
1377 0.000000e+00
1378 0.000000e+00
1379 0.000000e+00
1380 2.010031e-07
1381 2.180563e-07
1382 2.098198e-07
1383 1.707216e-07
1384 1.232755e-07
1385 9.281020e-08
1386 5.851418e-08
1387 3.573215e-08
1388 1.984300e-08
1389 1.093430e-08
1390 6.299816e-09
1391 3.819753e-09
1392 0.000000e+00
1393 0.000000e+00
1394 0.000000e+00
1395 2.739546e-07
1396 2.973002e-07
1397 2.862206e-07
1398 2.330303e-07
1399 1.682909e-07
1400 1.266749e-07
1401 7.997821e-08
1402 4.880901e-08
1403 2.710609e-08
1404 1.493828e-08
1405 8.602574e-09
1406 5.213599e-09
1407 0.000000e+00
1408 0.000000e+00
1409 0.000000e+00
1410 5.942602e-08
1411 6.632754e-08
1412 6.663911e-08
1413 5.724898e-08
1414 4.220128e-08
1415 3.108104e-08
1416 2.190087e-08
1417 1.249378e-08
1418 7.034508e-09
1419 3.980427e-09
1420 2.214034e-09
1421 1.291129e-09
1422 0.000000e+00
1423 0.000000e+00
1424 0.000000e+00
1425 1.179200e-07
1426 1.317922e-07
1427 1.326835e-07
1428 1.143089e-07
1429 8.440092e-08
1430 6.208562e-08
1431 4.394785e-08
1432 2.499179e-08
1433 1.410048e-08
1434 7.977617e-09
1435 4.435069e-09
1436 2.581440e-09
1437 0.000000e+00
1438 0.000000e+00
1439 0.000000e+00
1440 1.864659e-07
1441 2.085133e-07
1442 2.100928e-07
1443 1.811975e-07
1444 1.338744e-07
1445 9.843172e-08
1446 6.979941e-08
1447 3.964442e-08
1448 2.238585e-08
1449 1.266432e-08
1450 7.039246e-09
1451 4.094128e-09
1452 0.000000e+00
1453 0.000000e+00
1454 0.000000e+00
1455 5.163444e-08
1456 5.917392e-08
1457 6.185582e-08
1458 5.620762e-08
1459 4.310874e-08
1460 3.113501e-08
1461 2.338661e-08
1462 1.311281e-08
1463 7.844306e-09
1464 4.297475e-09
1465 2.368877e-09
1466 1.322605e-09
1467 0.000000e+00
1468 0.000000e+00
1469 0.000000e+00
1470 1.144185e-07
1471 1.312917e-07
1472 1.375006e-07
1473 1.252951e-07
1474 9.633726e-08
1475 6.954081e-08
1476 5.230456e-08
1477 2.941269e-08
1478 1.765431e-08
1479 9.654151e-09
1480 5.309457e-09
1481 2.958535e-09
1482 0.000000e+00
1483 0.000000e+00
1484 0.000000e+00
1485 5.372101e-08
1486 6.312584e-08
1487 6.844767e-08
1488 6.571518e-08
1489 5.328597e-08
1490 3.844928e-08
1491 2.900554e-08
1492 1.803724e-08
1493 1.097642e-08
1494 5.956519e-09
1495 3.137426e-09
1496 1.692665e-09
1497 9.425742e-10
1498 0.000000e+00
1499 0.000000e+00
1500 1.109684e-04
1501 8.086786e-05
1502 6.035546e-05
1503 3.805236e-05
1504 2.321989e-05
1505 1.369104e-05
1506 8.324421e-06
1507 5.304277e-06
1508 3.565556e-06
1509 0.000000e+00
1510 0.000000e+00
1511 0.000000e+00
1512 0.000000e+00
1513 0.000000e+00
1514 0.000000e+00
1515 5.757601e-05
1516 4.644359e-05
1517 3.369791e-05
1518 2.528332e-05
1519 1.597668e-05
1520 9.754545e-06
1521 5.648866e-06
1522 3.364481e-06
1523 2.093966e-06
1524 1.379138e-06
1525 0.000000e+00
1526 0.000000e+00
1527 0.000000e+00
1528 0.000000e+00
1529 0.000000e+00
1530 4.047788e-05
1531 3.713775e-05
1532 2.882267e-05
1533 2.080348e-05
1534 1.566222e-05
1535 9.111532e-06
1536 5.625604e-06
1537 3.225263e-06
1538 1.896511e-06
1539 1.174730e-06
1540 0.000000e+00
1541 0.000000e+00
1542 0.000000e+00
1543 0.000000e+00
1544 0.000000e+00
1545 2.912801e-05
1546 2.891312e-05
1547 2.448503e-05
1548 1.793535e-05
1549 1.328396e-05
1550 9.154542e-06
1551 5.351144e-06
1552 3.053081e-06
1553 1.771954e-06
1554 1.042590e-06
1555 6.506122e-07
1556 0.000000e+00
1557 0.000000e+00
1558 0.000000e+00
1559 0.000000e+00
1560 2.085098e-05
1561 2.179680e-05
1562 1.983793e-05
1563 1.524768e-05
1564 1.100576e-05
1565 8.274949e-06
1566 4.689296e-06
1567 2.850415e-06
1568 1.602925e-06
1569 9.233707e-07
1570 5.506294e-07
1571 0.000000e+00
1572 0.000000e+00
1573 0.000000e+00
1574 0.000000e+00
1575 1.487210e-05
1576 1.614453e-05
1577 1.554949e-05
1578 1.266314e-05
1579 9.143013e-06
1580 6.883420e-06
1581 4.347301e-06
1582 2.655947e-06
1583 1.474901e-06
1584 8.112783e-07
1585 4.673052e-07
1586 2.832009e-07
1587 0.000000e+00
1588 0.000000e+00
1589 0.000000e+00
1590 1.001028e-05
1591 1.119728e-05
1592 1.128693e-05
1593 9.739022e-06
1594 7.195644e-06
1595 5.289411e-06
1596 3.755371e-06
1597 2.130464e-06
1598 1.202339e-06
1599 6.811759e-07
1600 3.783133e-07
1601 2.200058e-07
1602 0.000000e+00
1603 0.000000e+00
1604 0.000000e+00
1605 6.201116e-06
1606 7.118100e-06
1607 7.458527e-06
1608 6.801106e-06
1609 5.231433e-06
1610 3.775220e-06
1611 2.841823e-06
1612 1.597077e-06
1613 9.596537e-07
1614 5.242846e-07
1615 2.885232e-07
1616 1.606418e-07
1617 0.000000e+00
1618 0.000000e+00
1619 0.000000e+00
1620 3.163407e-06
1621 3.720115e-06
1622 4.038202e-06
1623 3.883392e-06
1624 3.154630e-06
1625 2.276770e-06
1626 1.716871e-06
1627 1.071974e-06
1628 6.518364e-07
1629 3.538249e-07
1630 1.861971e-07
1631 1.003484e-07
1632 5.578990e-08
1633 0.000000e+00
1634 0.000000e+00
1635 8.891198e-07
1636 1.072208e-06
1637 1.206146e-06
1638 1.224576e-06
1639 1.066696e-06
1640 7.933436e-07
1641 5.815894e-07
1642 4.169104e-07
1643 2.343421e-07
1644 1.314261e-07
1645 7.164692e-08
1646 3.730540e-08
1647 1.958823e-08
1648 0.000000e+00
1649 0.000000e+00
