0 2.256955e-09
1 1.467779e-09
2 9.234685e-10
3 5.815170e-10
4 3.736179e-10
5 2.457314e-10
6 1.633876e-10
7 1.073325e-10
8 6.805433e-11
9 4.091329e-11
10 2.308957e-11
11 1.221332e-11
12 6.095129e-12
13 2.902319e-12
14 1.335114e-12
15 3.813264e-09
16 2.537877e-09
17 1.614295e-09
18 1.006322e-09
19 6.361202e-10
20 4.117480e-10
21 2.722936e-10
22 1.805528e-10
23 1.171031e-10
24 7.268684e-11
25 4.251887e-11
26 2.329229e-11
27 1.197736e-11
28 5.834839e-12
29 2.726168e-12
30 4.361425e-09
31 2.922561e-09
32 1.869320e-09
33 1.164479e-09
34 7.330893e-10
35 4.720172e-10
36 3.111230e-10
37 2.064236e-10
38 1.345104e-10
39 8.414564e-11
40 4.971161e-11
41 2.752384e-11
42 1.429079e-11
43 7.015631e-12
44 3.296542e-12
45 4.689430e-09
46 3.152830e-09
47 2.022308e-09
48 1.259329e-09
49 7.912310e-10
50 5.081226e-10
51 3.343805e-10
52 2.218706e-10
53 1.449105e-10
54 9.099362e-11
55 5.401493e-11
56 3.005181e-11
57 1.567623e-11
58 7.725197e-12
59 3.639187e-12
60 4.898582e-09
61 3.299899e-09
62 2.119788e-09
63 1.319851e-09
64 8.283137e-10
65 5.312305e-10
66 3.492578e-10
67 2.317775e-10
68 1.515437e-10
69 9.537449e-11
70 5.677670e-11
71 3.168015e-11
72 1.656337e-11
73 8.178114e-12
74 3.858966e-12
75 5.055731e-09
76 3.410011e-09
77 2.193040e-09
78 1.365202e-09
79 8.561533e-10
80 5.485610e-10
81 3.603995e-10
82 2.391886e-10
83 1.565658e-10
84 9.868046e-11
85 5.883588e-11
86 3.288999e-11
87 1.722875e-11
88 8.518648e-12
89 4.022998e-12
90 5.182896e-09
91 3.499536e-09
92 2.252357e-09
93 1.402278e-09
94 8.788334e-10
95 5.625953e-10
96 3.694666e-10
97 2.452226e-10
98 1.606312e-10
99 1.013506e-10
100 6.052280e-11
101 3.388129e-11
102 1.777015e-11
103 8.795396e-12
104 4.156880e-12
105 5.294925e-09
106 3.577775e-09
107 2.304756e-09
108 1.434728e-09
109 8.986507e-10
110 5.749354e-10
111 3.773859e-10
112 2.505006e-10
113 1.641114e-10
114 1.036488e-10
115 6.196175e-11
116 3.474148e-11
117 1.824458e-11
118 9.038035e-12
119 4.270936e-12
120 5.401043e-09
121 3.652676e-09
122 2.354421e-09
123 1.465439e-09
124 9.174888e-10
125 5.866076e-10
126 3.848727e-10
127 2.555103e-10
128 1.675359e-10
129 1.059030e-10
130 6.338876e-11
131 3.556627e-11
132 1.869313e-11
133 9.267541e-12
134 4.385231e-12
135 5.522187e-09
136 3.737327e-09
137 2.411263e-09
138 1.500768e-09
139 9.391009e-10
140 6.000972e-10
141 3.935723e-10
142 2.612191e-10
143 1.714176e-10
144 1.084795e-10
145 6.499826e-11
146 3.651403e-11
147 1.921236e-11
148 9.531215e-12
149 4.512598e-12
150 7.911610e-09
151 5.448273e-09
152 3.579490e-09
153 2.236807e-09
154 1.386958e-09
155 8.743219e-10
156 5.668751e-10
157 3.750722e-10
158 2.479673e-10
159 1.596492e-10
160 9.793821e-11
161 5.646585e-11
162 3.044895e-11
163 1.541906e-11
164 7.410840e-12
165 9.942054e-09
166 6.931369e-09
167 4.617583e-09
168 2.915056e-09
169 1.798677e-09
170 1.124834e-09
171 7.215749e-10
172 4.743889e-10
173 3.140619e-10
174 2.040280e-10
175 1.270761e-10
176 7.465028e-11
177 4.104761e-11
178 2.115541e-11
179 1.030941e-11
180 1.122802e-08
181 7.877094e-09
182 5.281781e-09
183 3.353341e-09
184 2.065981e-09
185 1.287512e-09
186 8.214179e-10
187 5.381714e-10
188 3.562921e-10
189 2.323717e-10
190 1.457236e-10
191 8.634631e-11
192 4.791901e-11
193 2.490871e-11
194 1.222276e-11
195 1.205464e-08
196 8.486015e-09
197 5.709472e-09
198 3.635707e-09
199 2.238520e-09
200 1.392320e-09
201 8.856838e-10
202 5.792959e-10
203 3.834875e-10
204 2.506128e-10
205 1.577265e-10
206 9.388734e-11
207 5.235463e-11
208 2.733292e-11
209 1.345955e-11
210 1.267398e-08
211 8.942099e-09
212 6.030604e-09
213 3.846788e-09
214 2.367788e-09
215 1.470910e-09
216 9.339531e-10
217 6.100412e-10
218 4.038176e-10
219 2.642466e-10
220 1.666908e-10
221 9.952726e-11
222 5.567091e-11
223 2.914400e-11
224 1.438523e-11
225 1.317760e-08
226 9.312036e-09
227 6.289751e-09
228 4.018802e-09
229 2.472387e-09
230 1.534584e-09
231 9.729680e-10
232 6.350106e-10
233 4.203421e-10
234 2.753157e-10
235 1.739810e-10
236 1.040863e-10
237 5.834937e-11
238 3.061127e-11
239 1.513341e-11
240 1.361414e-08
241 9.633661e-09
242 6.516239e-09
243 4.168356e-09
244 2.564067e-09
245 1.590259e-09
246 1.007006e-09
247 6.566582e-10
248 4.347597e-10
249 2.849793e-10
250 1.803390e-10
251 1.080763e-10
252 6.070033e-11
253 3.189608e-11
254 1.578407e-11
255 1.403110e-08
256 9.940476e-09
257 6.732258e-09
258 4.311240e-09
259 2.650882e-09
260 1.643004e-09
261 1.039445e-09
262 6.773396e-10
263 4.484657e-10
264 2.941677e-10
265 1.863866e-10
266 1.118795e-10
267 6.293361e-11
268 3.311315e-11
269 1.640906e-11
270 1.451521e-08
271 1.029669e-08
272 6.982297e-09
273 4.475898e-09
274 2.751344e-09
275 1.704554e-09
276 1.077357e-09
277 7.015035e-10
278 4.643460e-10
279 3.048242e-10
280 1.934148e-10
281 1.162930e-10
282 6.552106e-11
283 3.452977e-11
284 1.713182e-11
285 1.342079e-08
286 9.538411e-09
287 6.473007e-09
288 4.171700e-09
289 2.570788e-09
290 1.592734e-09
291 1.005180e-09
292 6.524925e-10
293 4.305904e-10
294 2.821041e-10
295 1.789601e-10
296 1.078079e-10
297 6.097409e-11
298 3.228834e-11
299 1.609436e-11
300 1.590080e-08
301 1.143484e-08
302 7.833380e-09
303 5.108834e-09
304 3.160068e-09
305 1.948017e-09
306 1.219167e-09
307 7.851064e-10
308 5.161263e-10
309 3.390013e-10
310 2.168389e-10
311 1.322710e-10
312 7.592951e-11
313 4.081958e-11
314 2.062005e-11
315 1.752984e-08
316 1.268884e-08
317 8.735733e-09
318 5.732692e-09
319 3.555332e-09
320 2.185544e-09
321 1.362626e-09
322 8.737142e-10
323 5.730649e-10
324 3.767497e-10
325 2.419518e-10
326 1.485177e-10
327 8.589522e-11
328 4.653026e-11
329 2.366457e-11
330 1.875529e-08
331 1.363224e-08
332 9.412271e-09
333 6.199025e-09
334 3.851950e-09
335 2.364046e-09
336 1.470268e-09
337 9.402433e-10
338 6.158983e-10
339 4.051043e-10
340 2.607945e-10
341 1.607060e-10
342 9.337570e-11
343 5.081862e-11
344 2.595194e-11
345 1.974895e-08
346 1.439679e-08
347 9.963744e-09
348 6.580374e-09
349 4.092744e-09
350 2.508920e-09
351 1.557564e-09
352 9.941950e-10
353 6.505162e-10
354 4.280567e-10
355 2.760912e-10
356 1.706036e-10
357 9.944583e-11
358 5.429992e-11
359 2.780854e-11
360 2.061818e-08
361 1.506457e-08
362 1.044467e-08
363 6.911163e-09
364 4.302426e-09
365 2.635468e-09
366 1.633728e-09
367 1.041244e-09
368 6.807564e-10
369 4.481241e-10
370 2.894252e-10
371 1.792271e-10
372 1.047368e-10
373 5.733069e-11
374 2.942539e-11
375 2.143618e-08
376 1.569574e-08
377 1.089840e-08
378 7.225222e-09
379 4.501725e-09
380 2.755525e-09
381 1.706187e-09
382 1.085791e-09
383 7.094047e-10
384 4.671185e-10
385 3.020701e-10
386 1.874049e-10
387 1.097522e-10
388 6.020490e-11
389 3.095809e-11
390 2.239373e-08
391 1.643343e-08
392 1.142856e-08
393 7.591317e-09
394 4.733386e-09
395 2.895339e-09
396 1.790457e-09
397 1.138037e-09
398 7.428686e-10
399 4.893468e-10
400 3.168581e-10
401 1.969720e-10
402 1.156223e-10
403 6.356332e-11
404 3.274964e-11
405 1.967501e-08
406 1.442040e-08
407 1.000845e-08
408 6.635249e-09
409 4.153547e-09
410 2.543775e-09
411 1.577469e-09
412 1.002895e-09
413 6.536972e-10
414 4.293022e-10
415 2.769697e-10
416 1.716128e-10
417 1.005234e-10
418 5.523788e-11
419 2.848321e-11
420 2.234062e-08
421 1.656662e-08
422 1.158880e-08
423 7.747617e-09
424 4.891773e-09
425 2.987968e-09
426 1.844866e-09
427 1.164113e-09
428 7.544551e-10
429 4.948138e-10
430 3.204181e-10
431 2.001079e-10
432 1.184787e-10
433 6.589131e-11
434 3.437658e-11
435 2.436263e-08
436 1.820448e-08
437 1.279523e-08
438 8.600158e-09
439 5.458288e-09
440 3.329917e-09
441 2.051051e-09
442 1.288061e-09
443 8.319261e-10
444 5.450289e-10
445 3.536799e-10
446 2.219201e-10
447 1.322398e-10
448 7.407640e-11
449 3.891845e-11
450 2.601433e-08
451 1.953444e-08
452 1.377882e-08
453 9.293741e-09
454 5.918678e-09
455 3.608644e-09
456 2.218343e-09
457 1.388949e-09
458 8.946365e-10
459 5.858025e-10
460 3.806852e-10
461 2.396289e-10
462 1.434124e-10
463 8.072098e-11
464 4.260644e-11
465 2.744936e-08
466 2.069660e-08
467 1.463656e-08
468 9.896746e-09
469 6.320409e-09
470 3.851787e-09
471 2.364201e-09
472 1.476800e-09
473 9.495645e-10
474 6.213990e-10
475 4.042523e-10
476 2.550821e-10
477 1.531629e-10
478 8.652195e-11
479 4.582657e-11
480 2.880717e-08
481 2.179112e-08
482 1.544733e-08
483 1.046771e-08
484 6.700932e-09
485 4.081314e-09
486 2.502496e-09
487 1.559838e-09
488 1.001400e-09
489 6.550377e-10
490 4.265574e-10
491 2.697082e-10
492 1.623882e-10
493 9.200340e-11
494 4.886745e-11
495 3.039687e-08
496 2.307522e-08
497 1.639473e-08
498 1.113660e-08
499 7.145294e-09
500 4.349936e-09
501 2.664049e-09
502 1.657193e-09
503 1.062084e-09
504 6.944039e-10
505 4.526186e-10
506 2.867802e-10
507 1.731707e-10
508 9.842157e-11
509 5.242980e-11
510 2.601886e-08
511 1.962414e-08
512 1.388565e-08
513 9.380452e-09
514 6.002906e-09
515 3.666840e-09
516 2.252542e-09
517 1.406680e-09
518 9.034452e-10
519 5.901529e-10
520 3.832040e-10
521 2.414506e-10
522 1.448888e-10
523 8.188509e-11
524 4.343502e-11
525 2.893819e-08
526 2.207998e-08
527 1.574888e-08
528 1.071086e-08
529 6.914026e-09
530 4.230791e-09
531 2.590173e-09
532 1.606955e-09
533 1.025903e-09
534 6.678766e-10
535 4.341120e-10
536 2.749294e-10
537 1.663396e-10
538 9.496194e-11
539 5.090939e-11
540 3.132800e-08
541 2.409404e-08
542 1.727966e-08
543 1.180671e-08
544 7.664060e-09
545 4.697527e-09
546 2.868467e-09
547 1.772416e-09
548 1.126598e-09
549 7.318341e-10
550 4.759502e-10
551 3.024297e-10
552 1.839649e-10
553 1.057174e-10
554 5.706743e-11
555 3.341083e-08
556 2.585054e-08
557 1.861700e-08
558 1.276098e-08
559 8.318527e-09
560 5.103649e-09
561 3.111465e-09
562 1.916857e-09
563 1.214677e-09
564 7.876301e-10
565 5.124398e-10
566 3.264133e-10
567 1.993368e-10
568 1.150980e-10
569 6.243852e-11
570 3.538624e-08
571 2.751696e-08
572 1.988565e-08
573 1.366756e-08
574 8.940489e-09
575 5.489952e-09
576 3.342314e-09
577 2.053867e-09
578 1.298251e-09
579 8.406148e-10
580 5.471046e-10
581 3.491945e-10
582 2.139367e-10
583 1.240084e-10
584 6.754098e-11
585 3.770117e-08
586 2.946456e-08
587 2.136771e-08
588 1.472619e-08
589 9.664546e-09
590 5.940154e-09
591 3.611377e-09
592 2.213566e-09
593 1.395626e-09
594 9.023368e-10
595 5.874801e-10
596 3.757373e-10
597 2.309501e-10
598 1.343905e-10
599 7.348554e-11
600 3.278696e-08
601 2.541731e-08
602 1.834334e-08
603 1.258248e-08
604 8.215397e-09
605 5.058620e-09
606 3.082067e-09
607 1.897987e-09
608 1.200848e-09
609 7.771430e-10
610 5.048350e-10
611 3.213472e-10
612 1.963171e-10
613 1.135236e-10
614 6.173801e-11
615 3.603234e-08
616 2.825488e-08
617 2.056798e-08
618 1.419608e-08
619 9.339824e-09
620 5.782279e-09
621 3.511332e-09
622 2.152694e-09
623 1.353182e-09
624 8.716506e-10
625 5.656600e-10
626 3.611511e-10
627 2.220328e-10
628 1.295017e-10
629 7.111540e-11
630 3.887768e-08
631 3.074718e-08
632 2.252733e-08
633 1.561536e-08
634 1.033061e-08
635 6.420605e-09
636 3.890572e-09
637 2.377672e-09
638 1.487820e-09
639 9.549405e-10
640 6.192028e-10
641 3.961659e-10
642 2.446532e-10
643 1.435634e-10
644 7.937598e-11
645 4.157399e-08
646 3.310953e-08
647 2.438422e-08
648 1.696342e-08
649 1.127041e-08
650 7.026313e-09
651 4.250071e-09
652 2.591301e-09
653 1.615395e-09
654 1.033938e-09
655 6.699934e-10
656 4.293787e-10
657 2.661075e-10
658 1.569001e-10
659 8.720992e-11
660 4.473241e-08
661 3.586954e-08
662 2.655405e-08
663 1.853641e-08
664 1.236656e-08
665 7.733213e-09
666 4.670025e-09
667 2.840245e-09
668 1.764244e-09
669 1.126129e-09
670 7.292405e-10
671 4.681275e-10
672 2.911417e-10
673 1.724619e-10
674 9.635205e-11
675 4.019767e-08
676 3.200424e-08
677 2.358879e-08
678 1.641522e-08
679 1.090257e-08
680 6.815716e-09
681 4.125815e-09
682 2.517921e-09
683 1.568603e-09
684 1.002752e-09
685 6.487387e-10
686 4.151019e-10
687 2.569837e-10
688 1.514684e-10
689 8.424335e-11
690 4.394491e-08
691 3.539346e-08
692 2.634516e-08
693 1.844871e-08
694 1.233712e-08
695 7.770177e-09
696 4.696803e-09
697 2.857351e-09
698 1.768216e-09
699 1.123582e-09
700 7.248738e-10
701 4.643898e-10
702 2.888765e-10
703 1.715430e-10
704 9.627571e-11
705 4.749921e-08
706 3.862250e-08
707 2.896648e-08
708 2.039041e-08
709 1.370609e-08
710 8.681928e-09
711 5.242714e-09
712 3.181497e-09
713 1.958879e-09
714 1.238920e-09
715 7.975291e-10
716 5.113737e-10
717 3.192667e-10
718 1.906734e-10
719 1.077517e-10
720 5.166032e-08
721 4.239569e-08
722 3.202309e-08
723 2.265359e-08
724 1.530143e-08
725 9.745244e-09
726 5.879560e-09
727 3.559980e-09
728 2.181144e-09
729 1.373509e-09
730 8.822031e-10
731 5.661414e-10
732 3.546960e-10
733 2.129742e-10
734 1.211300e-10
735 4.870038e-08
736 3.982844e-08
737 3.004526e-08
738 2.123966e-08
739 1.432134e-08
740 9.121152e-09
741 5.518888e-09
742 3.344707e-09
743 2.051646e-09
744 1.292393e-09
745 8.292672e-10
746 5.310977e-10
747 3.319248e-10
748 1.988336e-10
749 1.128866e-10
750 5.332353e-08
751 4.416082e-08
752 3.369301e-08
753 2.400223e-08
754 1.628954e-08
755 1.046498e-08
756 6.343898e-09
757 3.832320e-09
758 2.335326e-09
759 1.460806e-09
760 9.328676e-10
761 5.969840e-10
762 3.743291e-10
763 2.257123e-10
764 1.292823e-10
765 5.873468e-08
766 4.923445e-08
767 3.795122e-08
768 2.723300e-08
769 1.859371e-08
770 1.203948e-08
771 7.311966e-09
772 4.404662e-09
773 2.667804e-09
774 1.658184e-09
775 1.054161e-09
776 6.740934e-10
777 4.239448e-10
778 2.571576e-10
779 1.484672e-10
780 5.926391e-08
781 4.989051e-08
782 3.866702e-08
783 2.787081e-08
784 1.907751e-08
785 1.240097e-08
786 7.569841e-09
787 4.552153e-09
788 2.752910e-09
789 1.704735e-09
790 1.079618e-09
791 6.885345e-10
792 4.326886e-10
793 2.627672e-10
794 1.521508e-10
795 6.636513e-08
796 5.677206e-08
797 4.467372e-08
798 3.257606e-08
799 2.248233e-08
800 1.476954e-08
801 9.084011e-09
802 5.441135e-09
803 3.269905e-09
804 2.005331e-09
805 1.259442e-09
806 8.000702e-10
807 5.034757e-10
808 3.076223e-10
809 1.798507e-10
810 7.616421e-08
811 6.661225e-08
812 5.365309e-08
813 3.989966e-08
814 2.790316e-08
815 1.859474e-08
816 1.163274e-08
817 6.950628e-09
818 4.152729e-09
819 2.508653e-09
820 1.551363e-09
821 9.752616e-10
822 6.119828e-10
823 3.757127e-10
824 2.221254e-10
825 5.062653e-07
826 3.697845e-07
827 2.740032e-07
828 1.705890e-07
829 1.039155e-07
830 6.156097e-08
831 3.758861e-08
832 2.411327e-08
833 1.627710e-08
834 0.000000e+00
835 0.000000e+00
836 0.000000e+00
837 0.000000e+00
838 0.000000e+00
839 0.000000e+00
840 7.537308e-07
841 5.506639e-07
842 4.084642e-07
843 2.570996e-07
844 1.562495e-07
845 9.245189e-08
846 5.634782e-08
847 3.601816e-08
848 2.424913e-08
849 0.000000e+00
850 0.000000e+00
851 0.000000e+00
852 0.000000e+00
853 0.000000e+00
854 0.000000e+00
855 9.034708e-07
856 6.601393e-07
857 4.898344e-07
858 3.095543e-07
859 1.879543e-07
860 1.111685e-07
861 6.771198e-08
862 4.322638e-08
863 2.907417e-08
864 0.000000e+00
865 0.000000e+00
866 0.000000e+00
867 0.000000e+00
868 0.000000e+00
869 0.000000e+00
870 9.993278e-07
871 7.302182e-07
872 5.419243e-07
873 3.431341e-07
874 2.082519e-07
875 1.231503e-07
876 7.498702e-08
877 4.784112e-08
878 3.216291e-08
879 0.000000e+00
880 0.000000e+00
881 0.000000e+00
882 0.000000e+00
883 0.000000e+00
884 0.000000e+00
885 1.071193e-06
886 7.827614e-07
887 5.809742e-07
888 3.683088e-07
889 2.234694e-07
890 1.321335e-07
891 8.044121e-08
892 5.130076e-08
893 3.447879e-08
894 0.000000e+00
895 0.000000e+00
896 0.000000e+00
897 0.000000e+00
898 0.000000e+00
899 0.000000e+00
900 1.129439e-06
901 8.253442e-07
902 6.126261e-07
903 3.887123e-07
904 2.358020e-07
905 1.394142e-07
906 8.486152e-08
907 5.410480e-08
908 3.635564e-08
909 0.000000e+00
910 0.000000e+00
911 0.000000e+00
912 0.000000e+00
913 0.000000e+00
914 0.000000e+00
915 1.180268e-06
916 8.625041e-07
917 6.402459e-07
918 4.065191e-07
919 2.465652e-07
920 1.457672e-07
921 8.871918e-08
922 5.655163e-08
923 3.799350e-08
924 0.000000e+00
925 0.000000e+00
926 0.000000e+00
927 0.000000e+00
928 0.000000e+00
929 0.000000e+00
930 1.228460e-06
931 8.977376e-07
932 6.664337e-07
933 4.234011e-07
934 2.567693e-07
935 1.517905e-07
936 9.237652e-08
937 5.887147e-08
938 3.954628e-08
939 0.000000e+00
940 0.000000e+00
941 0.000000e+00
942 0.000000e+00
943 0.000000e+00
944 0.000000e+00
945 1.284683e-06
946 9.388454e-07
947 6.969857e-07
948 4.430983e-07
949 2.686743e-07
950 1.588185e-07
951 9.664394e-08
952 6.157795e-08
953 4.135810e-08
954 0.000000e+00
955 0.000000e+00
956 0.000000e+00
957 0.000000e+00
958 0.000000e+00
959 0.000000e+00
960 3.295130e-07
961 2.623613e-07
962 1.903138e-07
963 1.427236e-07
964 8.826062e-08
965 5.403295e-08
966 3.140784e-08
967 1.878171e-08
968 1.177186e-08
969 7.794747e-09
970 0.000000e+00
971 0.000000e+00
972 0.000000e+00
973 0.000000e+00
974 0.000000e+00
975 5.201946e-07
976 4.171320e-07
977 3.028741e-07
978 2.269211e-07
979 1.422180e-07
980 8.671415e-08
981 5.036610e-08
982 3.007612e-08
983 1.878025e-08
984 1.239770e-08
985 0.000000e+00
986 0.000000e+00
987 0.000000e+00
988 0.000000e+00
989 0.000000e+00
990 6.448120e-07
991 5.183992e-07
992 3.765467e-07
993 2.820115e-07
994 1.775998e-07
995 1.081224e-07
996 6.278599e-08
997 3.747520e-08
998 2.336911e-08
999 1.541004e-08
1000 0.000000e+00
1001 0.000000e+00
1002 0.000000e+00
1003 0.000000e+00
1004 0.000000e+00
1005 7.382357e-07
1006 5.943126e-07
1007 4.317715e-07
1008 3.233096e-07
1009 2.041234e-07
1010 1.241698e-07
1011 7.209649e-08
1012 4.302199e-08
1013 2.680897e-08
1014 1.766814e-08
1015 0.000000e+00
1016 0.000000e+00
1017 0.000000e+00
1018 0.000000e+00
1019 0.000000e+00
1020 8.139596e-07
1021 6.558390e-07
1022 4.765327e-07
1023 3.567807e-07
1024 2.256220e-07
1025 1.371778e-07
1026 7.964314e-08
1027 4.751755e-08
1028 2.959718e-08
1029 1.949827e-08
1030 0.000000e+00
1031 0.000000e+00
1032 0.000000e+00
1033 0.000000e+00
1034 0.000000e+00
1035 8.800254e-07
1036 7.095243e-07
1037 5.155916e-07
1038 3.859857e-07
1039 2.443794e-07
1040 1.485270e-07
1041 8.622743e-08
1042 5.144028e-08
1043 3.202995e-08
1044 2.109535e-08
1045 0.000000e+00
1046 0.000000e+00
1047 0.000000e+00
1048 0.000000e+00
1049 0.000000e+00
1050 9.426736e-07
1051 7.604327e-07
1052 5.526249e-07
1053 4.136780e-07
1054 2.621647e-07
1055 1.592896e-07
1056 9.247120e-08
1057 5.515972e-08
1058 3.433673e-08
1059 2.260959e-08
1060 0.000000e+00
1061 0.000000e+00
1062 0.000000e+00
1063 0.000000e+00
1064 0.000000e+00
1065 1.015768e-06
1066 8.198310e-07
1067 5.958365e-07
1068 4.459927e-07
1069 2.829175e-07
1070 1.718473e-07
1071 9.975607e-08
1072 5.949995e-08
1073 3.702828e-08
1074 2.437647e-08
1075 0.000000e+00
1076 0.000000e+00
1077 0.000000e+00
1078 0.000000e+00
1079 0.000000e+00
1080 1.993598e-07
1081 1.813457e-07
1082 1.397383e-07
1083 1.010498e-07
1084 7.572501e-08
1085 4.378455e-08
1086 2.683791e-08
1087 1.547251e-08
1088 9.148001e-09
1089 5.690760e-09
1090 0.000000e+00
1091 0.000000e+00
1092 0.000000e+00
1093 0.000000e+00
1094 0.000000e+00
1095 3.303691e-07
1096 3.017915e-07
1097 2.334635e-07
1098 1.687241e-07
1099 1.266185e-07
1100 7.360256e-08
1101 4.522946e-08
1102 2.601595e-08
1103 1.532933e-08
1104 9.515045e-09
1105 0.000000e+00
1106 0.000000e+00
1107 0.000000e+00
1108 0.000000e+00
1109 0.000000e+00
1110 4.306281e-07
1111 3.940344e-07
1112 3.052905e-07
1113 2.205837e-07
1114 1.656231e-07
1115 9.648071e-08
1116 5.934317e-08
1117 3.410489e-08
1118 2.006901e-08
1119 1.244631e-08
1120 0.000000e+00
1121 0.000000e+00
1122 0.000000e+00
1123 0.000000e+00
1124 0.000000e+00
1125 5.118675e-07
1126 4.687719e-07
1127 3.634880e-07
1128 2.626035e-07
1129 1.972257e-07
1130 1.150174e-07
1131 7.077884e-08
1132 4.065897e-08
1133 2.390921e-08
1134 1.482137e-08
1135 0.000000e+00
1136 0.000000e+00
1137 0.000000e+00
1138 0.000000e+00
1139 0.000000e+00
1140 5.827486e-07
1141 5.339873e-07
1142 4.142683e-07
1143 2.992682e-07
1144 2.248018e-07
1145 1.311919e-07
1146 8.075741e-08
1147 4.637790e-08
1148 2.726008e-08
1149 1.689370e-08
1150 0.000000e+00
1151 0.000000e+00
1152 0.000000e+00
1153 0.000000e+00
1154 0.000000e+00
1155 6.499630e-07
1156 5.958254e-07
1157 4.624212e-07
1158 3.340351e-07
1159 2.509506e-07
1160 1.465295e-07
1161 9.021925e-08
1162 5.180077e-08
1163 3.043750e-08
1164 1.885873e-08
1165 0.000000e+00
1166 0.000000e+00
1167 0.000000e+00
1168 0.000000e+00
1169 0.000000e+00
1170 7.283846e-07
1171 6.679733e-07
1172 5.186008e-07
1173 3.745984e-07
1174 2.814577e-07
1175 1.644239e-07
1176 1.012585e-07
1177 5.812754e-08
1178 3.414473e-08
1179 2.115149e-08
1180 0.000000e+00
1181 0.000000e+00
1182 0.000000e+00
1183 0.000000e+00
1184 0.000000e+00
1185 1.326689e-07
1186 1.309720e-07
1187 1.101571e-07
1188 8.047591e-08
1189 5.977966e-08
1190 4.064462e-08
1191 2.397876e-08
1192 1.366306e-08
1193 7.899058e-09
1194 4.667356e-09
1195 2.923329e-09
1196 0.000000e+00
1197 0.000000e+00
1198 0.000000e+00
1199 0.000000e+00
1200 2.310583e-07
1201 2.287256e-07
1202 1.930670e-07
1203 1.412817e-07
1204 1.047831e-07
1205 7.172438e-08
1206 4.211375e-08
1207 2.402853e-08
1208 1.390976e-08
1209 8.204706e-09
1210 5.128753e-09
1211 0.000000e+00
1212 0.000000e+00
1213 0.000000e+00
1214 0.000000e+00
1215 3.123232e-07
1216 3.095006e-07
1217 2.616148e-07
1218 1.915694e-07
1219 1.419926e-07
1220 9.744473e-08
1221 5.711211e-08
1222 3.260332e-08
1223 1.888242e-08
1224 1.113064e-08
1225 6.952520e-09
1226 0.000000e+00
1227 0.000000e+00
1228 0.000000e+00
1229 0.000000e+00
1230 3.831935e-07
1231 3.799432e-07
1232 3.213903e-07
1233 2.354215e-07
1234 1.744400e-07
1235 1.198757e-07
1236 7.019122e-08
1237 4.008120e-08
1238 2.321897e-08
1239 1.368230e-08
1240 8.542871e-09
1241 0.000000e+00
1242 0.000000e+00
1243 0.000000e+00
1244 0.000000e+00
1245 4.503977e-07
1246 4.467362e-07
1247 3.780737e-07
1248 2.770046e-07
1249 2.052095e-07
1250 1.411454e-07
1251 8.259382e-08
1252 4.717229e-08
1253 2.733118e-08
1254 1.610194e-08
1255 1.005098e-08
1256 0.000000e+00
1257 0.000000e+00
1258 0.000000e+00
1259 0.000000e+00
1260 5.288015e-07
1261 5.246659e-07
1262 4.442070e-07
1263 3.255223e-07
1264 2.411084e-07
1265 1.659601e-07
1266 9.706421e-08
1267 5.544503e-08
1268 3.212871e-08
1269 1.892488e-08
1270 1.181051e-08
1271 0.000000e+00
1272 0.000000e+00
1273 0.000000e+00
1274 0.000000e+00
1275 9.551022e-08
1276 9.945926e-08
1277 9.001943e-08
1278 6.887791e-08
1279 4.978656e-08
1280 3.729586e-08
1281 2.107676e-08
1282 1.273084e-08
1283 7.192576e-09
1284 4.153744e-09
1285 2.486481e-09
1286 0.000000e+00
1287 0.000000e+00
1288 0.000000e+00
1289 0.000000e+00
1290 1.734628e-07
1291 1.809967e-07
1292 1.643058e-07
1293 1.260468e-07
1294 9.105372e-08
1295 6.831185e-08
1296 3.871021e-08
1297 2.345512e-08
1298 1.322300e-08
1299 7.618754e-09
1300 4.552063e-09
1301 0.000000e+00
1302 0.000000e+00
1303 0.000000e+00
1304 0.000000e+00
1305 2.424635e-07
1306 2.531894e-07
1307 2.301014e-07
1308 1.766983e-07
1309 1.276149e-07
1310 9.579448e-08
1311 5.434251e-08
1312 3.296556e-08
1313 1.856968e-08
1314 1.068970e-08
1315 6.382328e-09
1316 0.000000e+00
1317 0.000000e+00
1318 0.000000e+00
1319 0.000000e+00
1320 3.078577e-07
1321 3.216065e-07
1322 2.924568e-07
1323 2.247029e-07
1324 1.622652e-07
1325 1.218404e-07
1326 6.915697e-08
1327 4.197839e-08
1328 2.363663e-08
1329 1.359998e-08
1330 8.116900e-09
1331 0.000000e+00
1332 0.000000e+00
1333 0.000000e+00
1334 0.000000e+00
1335 3.841561e-07
1336 4.014323e-07
1337 3.652105e-07
1338 2.807097e-07
1339 2.026908e-07
1340 1.522281e-07
1341 8.644124e-08
1342 5.249408e-08
1343 2.954836e-08
1344 1.699550e-08
1345 1.014064e-08
1346 0.000000e+00
1347 0.000000e+00
1348 0.000000e+00
1349 0.000000e+00
1350 7.307535e-08
1351 7.910412e-08
1352 7.586489e-08
1353 6.148860e-08
1354 4.436149e-08
1355 3.344105e-08
1356 2.089694e-08
1357 1.281023e-08
1358 7.111932e-09
1359 3.916314e-09
1360 2.263217e-09
1361 1.376210e-09
1362 0.000000e+00
1363 0.000000e+00
1364 0.000000e+00
1365 1.384585e-07
1366 1.501170e-07
1367 1.443162e-07
1368 1.173002e-07
1369 8.467998e-08
1370 6.377555e-08
1371 4.011165e-08
1372 2.452038e-08
1373 1.361580e-08
1374 7.501313e-09
1375 4.325476e-09
1376 2.624717e-09
1377 0.000000e+00
1378 0.000000e+00
1379 0.000000e+00
1380 2.010031e-07
1381 2.180563e-07
1382 2.098198e-07
1383 1.707216e-07
1384 1.232755e-07
1385 9.281020e-08
1386 5.851418e-08
1387 3.573215e-08
1388 1.984300e-08
1389 1.093430e-08
1390 6.299816e-09
1391 3.819753e-09
1392 0.000000e+00
1393 0.000000e+00
1394 0.000000e+00
1395 2.739546e-07
1396 2.973002e-07
1397 2.862206e-07
1398 2.330303e-07
1399 1.682909e-07
1400 1.266749e-07
1401 7.997821e-08
1402 4.880901e-08
1403 2.710609e-08
1404 1.493828e-08
1405 8.602574e-09
1406 5.213599e-09
1407 0.000000e+00
1408 0.000000e+00
1409 0.000000e+00
1410 5.935390e-08
1411 6.624640e-08
1412 6.655623e-08
1413 5.717643e-08
1414 4.214728e-08
1415 3.104148e-08
1416 2.187202e-08
1417 1.247778e-08
1418 7.025306e-09
1419 3.975248e-09
1420 2.211162e-09
1421 1.289479e-09
1422 0.000000e+00
1423 0.000000e+00
1424 0.000000e+00
1425 1.179194e-07
1426 1.317915e-07
1427 1.326827e-07
1428 1.143082e-07
1429 8.440040e-08
1430 6.208523e-08
1431 4.394757e-08
1432 2.499164e-08
1433 1.410039e-08
1434 7.977566e-09
1435 4.435041e-09
1436 2.581424e-09
1437 0.000000e+00
1438 0.000000e+00
1439 0.000000e+00
1440 1.864659e-07
1441 2.085133e-07
1442 2.100928e-07
1443 1.811975e-07
1444 1.338744e-07
1445 9.843172e-08
1446 6.979941e-08
1447 3.964442e-08
1448 2.238585e-08
1449 1.266432e-08
1450 7.039246e-09
1451 4.094128e-09
1452 0.000000e+00
1453 0.000000e+00
1454 0.000000e+00
1455 5.155991e-08
1456 5.908788e-08
1457 6.176465e-08
1458 5.612311e-08
1459 4.304278e-08
1460 3.108771e-08
1461 2.335071e-08
1462 1.309223e-08
1463 7.831717e-09
1464 4.290656e-09
1465 2.365186e-09
1466 1.320569e-09
1467 0.000000e+00
1468 0.000000e+00
1469 0.000000e+00
1470 1.144184e-07
1471 1.312917e-07
1472 1.375005e-07
1473 1.252951e-07
1474 9.633723e-08
1475 6.954079e-08
1476 5.230455e-08
1477 2.941268e-08
1478 1.765431e-08
1479 9.654148e-09
1480 5.309456e-09
1481 2.958534e-09
1482 0.000000e+00
1483 0.000000e+00
1484 0.000000e+00
1485 5.368794e-08
1486 6.308658e-08
1487 6.840442e-08
1488 6.567282e-08
1489 5.325059e-08
1490 3.842369e-08
1491 2.898635e-08
1492 1.802462e-08
1493 1.096891e-08
1494 5.952432e-09
1495 3.135251e-09
1496 1.691512e-09
1497 9.419490e-10
1498 0.000000e+00
1499 0.000000e+00
1500 1.109684e-04
1501 8.086786e-05
1502 6.035546e-05
1503 3.805236e-05
1504 2.321989e-05
1505 1.369104e-05
1506 8.324421e-06
1507 5.304277e-06
1508 3.565556e-06
1509 0.000000e+00
1510 0.000000e+00
1511 0.000000e+00
1512 0.000000e+00
1513 0.000000e+00
1514 0.000000e+00
1515 5.757601e-05
1516 4.644359e-05
1517 3.369791e-05
1518 2.528332e-05
1519 1.597668e-05
1520 9.754545e-06
1521 5.648866e-06
1522 3.364481e-06
1523 2.093966e-06
1524 1.379138e-06
1525 0.000000e+00
1526 0.000000e+00
1527 0.000000e+00
1528 0.000000e+00
1529 0.000000e+00
1530 4.047788e-05
1531 3.713775e-05
1532 2.882267e-05
1533 2.080348e-05
1534 1.566222e-05
1535 9.111532e-06
1536 5.625604e-06
1537 3.225263e-06
1538 1.896511e-06
1539 1.174730e-06
1540 0.000000e+00
1541 0.000000e+00
1542 0.000000e+00
1543 0.000000e+00
1544 0.000000e+00
1545 2.912801e-05
1546 2.891312e-05
1547 2.448503e-05
1548 1.793535e-05
1549 1.328396e-05
1550 9.154542e-06
1551 5.351144e-06
1552 3.053081e-06
1553 1.771954e-06
1554 1.042590e-06
1555 6.506122e-07
1556 0.000000e+00
1557 0.000000e+00
1558 0.000000e+00
1559 0.000000e+00
1560 2.085098e-05
1561 2.179680e-05
1562 1.983793e-05
1563 1.524768e-05
1564 1.100576e-05
1565 8.274949e-06
1566 4.689296e-06
1567 2.850415e-06
1568 1.602925e-06
1569 9.233707e-07
1570 5.506294e-07
1571 0.000000e+00
1572 0.000000e+00
1573 0.000000e+00
1574 0.000000e+00
1575 1.487210e-05
1576 1.614453e-05
1577 1.554949e-05
1578 1.266314e-05
1579 9.143013e-06
1580 6.883420e-06
1581 4.347301e-06
1582 2.655947e-06
1583 1.474901e-06
1584 8.112783e-07
1585 4.673052e-07
1586 2.832009e-07
1587 0.000000e+00
1588 0.000000e+00
1589 0.000000e+00
1590 1.001028e-05
1591 1.119728e-05
1592 1.128693e-05
1593 9.739022e-06
1594 7.195644e-06
1595 5.289411e-06
1596 3.755371e-06
1597 2.130464e-06
1598 1.202339e-06
1599 6.811759e-07
1600 3.783133e-07
1601 2.200058e-07
1602 0.000000e+00
1603 0.000000e+00
1604 0.000000e+00
1605 6.201116e-06
1606 7.118100e-06
1607 7.458527e-06
1608 6.801106e-06
1609 5.231433e-06
1610 3.775220e-06
1611 2.841823e-06
1612 1.597077e-06
1613 9.596537e-07
1614 5.242846e-07
1615 2.885232e-07
1616 1.606418e-07
1617 0.000000e+00
1618 0.000000e+00
1619 0.000000e+00
1620 3.163407e-06
1621 3.720115e-06
1622 4.038202e-06
1623 3.883392e-06
1624 3.154630e-06
1625 2.276770e-06
1626 1.716871e-06
1627 1.071974e-06
1628 6.518364e-07
1629 3.538249e-07
1630 1.861971e-07
1631 1.003484e-07
1632 5.578990e-08
1633 0.000000e+00
1634 0.000000e+00
1635 8.891198e-07
1636 1.072208e-06
1637 1.206146e-06
1638 1.224576e-06
1639 1.066696e-06
1640 7.933436e-07
1641 5.815894e-07
1642 4.169104e-07
1643 2.343421e-07
1644 1.314261e-07
1645 7.164692e-08
1646 3.730540e-08
1647 1.958823e-08
1648 0.000000e+00
1649 0.000000e+00
