0 2.306461e-09
1 1.502122e-09
2 9.458881e-10
3 5.953037e-10
4 3.821092e-10
5 2.510602e-10
6 1.668603e-10
7 1.096616e-10
8 6.961941e-11
9 4.193520e-11
10 2.372170e-11
11 1.257813e-11
12 6.291011e-12
13 3.000834e-12
14 1.382137e-12
15 3.884148e-09
16 2.588574e-09
17 1.649006e-09
18 1.028168e-09
19 6.494135e-10
20 4.198838e-10
21 2.774272e-10
22 1.839234e-10
23 1.193719e-10
24 7.420397e-11
25 4.349610e-11
26 2.388467e-11
27 1.231109e-11
28 6.009656e-12
29 2.812211e-12
30 4.474128e-09
31 3.003555e-09
32 1.925266e-09
33 1.199999e-09
34 7.546784e-10
35 4.852001e-10
36 3.193665e-10
37 2.118216e-10
38 1.381262e-10
39 8.656701e-11
40 5.128468e-11
41 2.848508e-11
42 1.483680e-11
43 7.305385e-12
44 3.439795e-12
45 4.802385e-09
46 3.234738e-09
47 2.079406e-09
48 1.296072e-09
49 8.135258e-10
50 5.216918e-10
51 3.428151e-10
52 2.273304e-10
53 1.485621e-10
54 9.344821e-11
55 5.561900e-11
56 3.104474e-11
57 1.624839e-11
58 8.031307e-12
59 3.792332e-12
60 5.021808e-09
61 3.389430e-09
62 2.182398e-09
63 1.360307e-09
64 8.528552e-10
65 5.461499e-10
66 3.585055e-10
67 2.377474e-10
68 1.555320e-10
69 9.805756e-11
70 5.853495e-11
71 3.276651e-11
72 1.719541e-11
73 8.518661e-12
74 4.029323e-12
75 5.187838e-09
76 3.506238e-09
77 2.260414e-09
78 1.408867e-09
79 8.826392e-10
80 5.646546e-10
81 3.703555e-10
82 2.456072e-10
83 1.608508e-10
84 1.015637e-10
85 6.072667e-11
86 3.406673e-11
87 1.791121e-11
88 8.885881e-12
89 4.207704e-12
90 5.321677e-09
91 3.600665e-09
92 2.323248e-09
93 1.448295e-09
94 9.067497e-10
95 5.795504e-10
96 3.799513e-10
97 2.519727e-10
98 1.651345e-10
99 1.043811e-10
100 6.251277e-11
101 3.512130e-11
102 1.849064e-11
103 9.183809e-12
104 4.352389e-12
105 5.439633e-09
106 3.683306e-09
107 2.378819e-09
108 1.482866e-09
109 9.278462e-10
110 5.926635e-10
111 3.883393e-10
112 2.575468e-10
113 1.688112e-10
114 1.068126e-10
115 6.404056e-11
116 3.603837e-11
117 1.899914e-11
118 9.445223e-12
119 4.476090e-12
120 5.551257e-09
121 3.762321e-09
122 2.431448e-09
123 1.515541e-09
124 9.478823e-10
125 6.050591e-10
126 3.962624e-10
127 2.628332e-10
128 1.724164e-10
129 1.091892e-10
130 6.554987e-11
131 3.691583e-11
132 1.947893e-11
133 9.692171e-12
134 4.599362e-12
135 5.678789e-09
136 3.851741e-09
137 2.491713e-09
138 1.553186e-09
139 9.708897e-10
140 6.193907e-10
141 4.054709e-10
142 2.688626e-10
143 1.765110e-10
144 1.119088e-10
145 6.725526e-11
146 3.792448e-11
147 2.003478e-11
148 9.976047e-12
149 4.737175e-12
150 7.951023e-09
151 5.478618e-09
152 3.601694e-09
153 2.252822e-09
154 1.396690e-09
155 8.802212e-10
156 5.703488e-10
157 3.771826e-10
158 2.493192e-10
159 1.605569e-10
160 9.855674e-11
161 5.687685e-11
162 3.070655e-11
163 1.556834e-11
164 7.490408e-12
165 1.005887e-08
166 7.020889e-09
167 4.682314e-09
168 2.960135e-09
169 1.826668e-09
170 1.141770e-09
171 7.317141e-10
172 4.806729e-10
173 3.181176e-10
174 2.067297e-10
175 1.288780e-10
176 7.582203e-11
177 4.176588e-11
178 2.156540e-11
179 1.052612e-11
180 1.131262e-08
181 7.945158e-09
182 5.331722e-09
183 3.390053e-09
184 2.089557e-09
185 1.301684e-09
186 8.297293e-10
187 5.431412e-10
188 3.593938e-10
189 2.344123e-10
190 1.471056e-10
191 8.727368e-11
192 4.851369e-11
193 2.526393e-11
194 1.241827e-11
195 1.215791e-08
196 8.569674e-09
197 5.771413e-09
198 3.681259e-09
199 2.268149e-09
200 1.410073e-09
201 8.961144e-10
202 5.855071e-10
203 3.873453e-10
204 2.531360e-10
205 1.594339e-10
206 9.503608e-11
207 5.309505e-11
208 2.777872e-11
209 1.370650e-11
210 1.279760e-08
211 9.042805e-09
212 6.104541e-09
213 3.901297e-09
214 2.403247e-09
215 1.492210e-09
216 9.464903e-10
217 6.174800e-10
218 4.084468e-10
219 2.672748e-10
220 1.687365e-10
221 1.009018e-10
222 5.655634e-11
223 2.967497e-11
224 1.467966e-11
225 1.331489e-08
226 9.424185e-09
227 6.372377e-09
228 4.079515e-09
229 2.512155e-09
230 1.558377e-09
231 9.869757e-10
232 6.433318e-10
233 4.255069e-10
234 2.786905e-10
235 1.762595e-10
236 1.056176e-10
237 5.933668e-11
238 3.120588e-11
239 1.546369e-11
240 1.376351e-08
241 9.755793e-09
242 6.606310e-09
243 4.234558e-09
244 2.607519e-09
245 1.616256e-09
246 1.022320e-09
247 6.657585e-10
248 4.403946e-10
249 2.886580e-10
250 1.828222e-10
251 1.097453e-10
252 6.177716e-11
253 3.254525e-11
254 1.614506e-11
255 1.419163e-08
256 1.007193e-08
257 6.829200e-09
258 4.382386e-09
259 2.697745e-09
260 1.671031e-09
261 1.055957e-09
262 6.871479e-10
263 4.545343e-10
264 2.981269e-10
265 1.890578e-10
266 1.136754e-10
267 6.409295e-11
268 3.381269e-11
269 1.679847e-11
270 1.468886e-08
271 1.043915e-08
272 7.087398e-09
273 4.553197e-09
274 2.802284e-09
275 1.735009e-09
276 1.095308e-09
277 7.121584e-10
278 4.709304e-10
279 3.091186e-10
280 1.963111e-10
281 1.182404e-10
282 6.677907e-11
283 3.528954e-11
284 1.755496e-11
285 1.368731e-08
286 9.745053e-09
287 6.621509e-09
288 4.275173e-09
289 2.636865e-09
290 1.632595e-09
291 1.029033e-09
292 6.671978e-10
293 4.399617e-10
294 2.883166e-10
295 1.830971e-10
296 1.104940e-10
297 6.263107e-11
298 3.324384e-11
299 1.660684e-11
300 1.611472e-08
301 1.160713e-08
302 7.959825e-09
303 5.198143e-09
304 3.219374e-09
305 1.983484e-09
306 1.240497e-09
307 7.979624e-10
308 5.241605e-10
309 3.442359e-10
310 2.203197e-10
311 1.345597e-10
312 7.737462e-11
313 4.167774e-11
314 2.109428e-11
315 1.780094e-08
316 1.291161e-08
317 8.900946e-09
318 5.850175e-09
319 3.634830e-09
320 2.233124e-09
321 1.391253e-09
322 8.908109e-10
323 5.836331e-10
324 3.835723e-10
325 2.464777e-10
326 1.515077e-10
327 8.780319e-11
328 4.767804e-11
329 2.430788e-11
330 1.908510e-08
331 1.390553e-08
332 9.616243e-09
333 6.344514e-09
334 3.951119e-09
335 2.423578e-09
336 1.506083e-09
337 9.615354e-10
338 6.290242e-10
339 4.135282e-10
340 2.663720e-10
341 1.643968e-10
342 9.573985e-11
343 5.224990e-11
344 2.675939e-11
345 2.012046e-08
346 1.470704e-08
347 1.019611e-08
348 6.746422e-09
349 4.206595e-09
350 2.577369e-09
351 1.598723e-09
352 1.018605e-09
353 6.654760e-10
354 4.376462e-10
355 2.824346e-10
356 1.748037e-10
357 1.021443e-10
358 5.594024e-11
359 2.873852e-11
360 2.102437e-08
361 1.540721e-08
362 1.070187e-08
363 7.095181e-09
364 4.429222e-09
365 2.711667e-09
366 1.679562e-09
367 1.068376e-09
368 6.973440e-10
369 4.587345e-10
370 2.964396e-10
371 1.838777e-10
372 1.077309e-10
373 5.915574e-11
374 3.046258e-11
375 2.187908e-08
376 1.606877e-08
377 1.117890e-08
378 7.426151e-09
379 4.639783e-09
380 2.838586e-09
381 1.756146e-09
382 1.115481e-09
383 7.275231e-10
384 4.786895e-10
385 3.097176e-10
386 1.924767e-10
387 1.130228e-10
388 6.220272e-11
389 3.209596e-11
390 2.287805e-08
391 1.684293e-08
392 1.173714e-08
393 7.812596e-09
394 4.886572e-09
395 2.987659e-09
396 1.845987e-09
397 1.170814e-09
398 7.628305e-10
399 5.020727e-10
400 3.252602e-10
401 2.025498e-10
402 1.192250e-10
403 6.576917e-11
404 3.400905e-11
405 1.970353e-08
406 1.444767e-08
407 1.003059e-08
408 6.651323e-09
409 4.165575e-09
410 2.551444e-09
411 1.582100e-09
412 1.005535e-09
413 6.552282e-10
414 4.302240e-10
415 2.775577e-10
416 1.720035e-10
417 1.007845e-10
418 5.540703e-11
419 2.858636e-11
420 2.237009e-08
421 1.659707e-08
422 1.161488e-08
423 7.766826e-09
424 4.906401e-09
425 2.997842e-09
426 1.850724e-09
427 1.167435e-09
428 7.563459e-10
429 4.959196e-10
430 3.211063e-10
431 2.005622e-10
432 1.187862e-10
433 6.609573e-11
434 3.450523e-11
435 2.442740e-08
436 1.826804e-08
437 1.284851e-08
438 8.639264e-09
439 5.487291e-09
440 3.349450e-09
441 2.062579e-09
442 1.294692e-09
443 8.357542e-10
444 5.473005e-10
445 3.551027e-10
446 2.228540e-10
447 1.328625e-10
448 7.448284e-11
449 3.917017e-11
450 2.610248e-08
451 1.962132e-08
452 1.385206e-08
453 9.347635e-09
454 5.958577e-09
455 3.635777e-09
456 2.234288e-09
457 1.398166e-09
458 8.999411e-10
459 5.889418e-10
460 3.826447e-10
461 2.409119e-10
462 1.442672e-10
463 8.127949e-11
464 4.295321e-11
465 2.755840e-08
466 2.080432e-08
467 1.472766e-08
468 9.963821e-09
469 6.370068e-09
470 3.885634e-09
471 2.384055e-09
472 1.488288e-09
473 9.561853e-10
474 6.253117e-10
475 4.066902e-10
476 2.566777e-10
477 1.542255e-10
478 8.721658e-11
479 4.625801e-11
480 2.893561e-08
481 2.191822e-08
482 1.555504e-08
483 1.054718e-08
484 6.759666e-09
485 4.121571e-09
486 2.526085e-09
487 1.573480e-09
488 1.009259e-09
489 6.596775e-10
490 4.294448e-10
491 2.715943e-10
492 1.636439e-10
493 9.282458e-11
494 4.937848e-11
495 3.054852e-08
496 2.322547e-08
497 1.652227e-08
498 1.123077e-08
499 7.214860e-09
500 4.397742e-09
501 2.692028e-09
502 1.673387e-09
503 1.071411e-09
504 6.999070e-10
505 4.560397e-10
506 2.890133e-10
507 1.746571e-10
508 9.939383e-11
509 5.303529e-11
510 2.601419e-08
511 1.962475e-08
512 1.388921e-08
513 9.383795e-09
514 6.006000e-09
515 3.670036e-09
516 2.254220e-09
517 1.407641e-09
518 9.039190e-10
519 5.903618e-10
520 3.832956e-10
521 2.415025e-10
522 1.449310e-10
523 8.192374e-11
524 4.346759e-11
525 2.895522e-08
526 2.210077e-08
527 1.576944e-08
528 1.072699e-08
529 6.926057e-09
530 4.240300e-09
531 2.595528e-09
532 1.610162e-09
533 1.027677e-09
534 6.688580e-10
535 4.346796e-10
536 2.752843e-10
537 1.665769e-10
538 9.512437e-11
539 5.101769e-11
540 3.136520e-08
541 2.413629e-08
542 1.732007e-08
543 1.183827e-08
544 7.687275e-09
545 4.715471e-09
546 2.878727e-09
547 1.778597e-09
548 1.130041e-09
549 7.337616e-10
550 4.770769e-10
551 3.031344e-10
552 1.844309e-10
553 1.060310e-10
554 5.727306e-11
555 3.346880e-08
556 2.591488e-08
557 1.867787e-08
558 1.280850e-08
559 8.353293e-09
560 5.130304e-09
561 3.126816e-09
562 1.926127e-09
563 1.219857e-09
564 7.905379e-10
565 5.141454e-10
566 3.274795e-10
567 2.000388e-10
568 1.155673e-10
569 6.274446e-11
570 3.546402e-08
571 2.760238e-08
572 1.996605e-08
573 1.373031e-08
574 8.986289e-09
575 5.524923e-09
576 3.362532e-09
577 2.066106e-09
578 1.305092e-09
579 8.444595e-10
580 5.493631e-10
581 3.506059e-10
582 2.148638e-10
583 1.246264e-10
584 6.794265e-11
585 3.780220e-08
586 2.957471e-08
587 2.147105e-08
588 1.480685e-08
589 9.723314e-09
590 5.984904e-09
591 3.637321e-09
592 2.229264e-09
593 1.404407e-09
594 9.072833e-10
595 5.903890e-10
596 3.775546e-10
597 2.321421e-10
598 1.351832e-10
599 7.399976e-11
600 3.280914e-08
601 2.544087e-08
602 1.836542e-08
603 1.259988e-08
604 8.227950e-09
605 5.068075e-09
606 3.087686e-09
607 1.901428e-09
608 1.202769e-09
609 7.782223e-10
610 5.054690e-10
611 3.217403e-10
612 1.965720e-10
613 1.136913e-10
614 6.184603e-11
615 3.606518e-08
616 2.829011e-08
617 2.060134e-08
618 1.422280e-08
619 9.359124e-09
620 5.796802e-09
621 3.520237e-09
622 2.158120e-09
623 1.356205e-09
624 8.733383e-10
625 5.666411e-10
626 3.617524e-10
627 2.224194e-10
628 1.297553e-10
629 7.127922e-11
630 3.893460e-08
631 3.080853e-08
632 2.258582e-08
633 1.566257e-08
634 1.036477e-08
635 6.446263e-09
636 3.906566e-09
637 2.387363e-09
638 1.493220e-09
639 9.579541e-10
640 6.209449e-10
641 3.972274e-10
642 2.453326e-10
643 1.440081e-10
644 7.966357e-11
645 4.165643e-08
646 3.319834e-08
647 2.446920e-08
648 1.703233e-08
649 1.132031e-08
650 7.063760e-09
651 4.273618e-09
652 2.605525e-09
653 1.623323e-09
654 1.038362e-09
655 6.725434e-10
656 4.309276e-10
657 2.670963e-10
658 1.575467e-10
659 8.762817e-11
660 4.484464e-08
661 3.599098e-08
662 2.667053e-08
663 1.863111e-08
664 1.243518e-08
665 7.784676e-09
666 4.702564e-09
667 2.859862e-09
668 1.775180e-09
669 1.132230e-09
670 7.327514e-10
671 4.702559e-10
672 2.924982e-10
673 1.733482e-10
674 9.692557e-11
675 4.021676e-08
676 3.202523e-08
677 2.360941e-08
678 1.643245e-08
679 1.091513e-08
680 6.825068e-09
681 4.132058e-09
682 2.521607e-09
683 1.570662e-09
684 1.003902e-09
685 6.493886e-10
686 4.154884e-10
687 2.572261e-10
688 1.516256e-10
689 8.434538e-11
690 4.397533e-08
691 3.542719e-08
692 2.637871e-08
693 1.847719e-08
694 1.235803e-08
695 7.785654e-09
696 4.707451e-09
697 2.863521e-09
698 1.771686e-09
699 1.125528e-09
700 7.259661e-10
701 4.650317e-10
702 2.892745e-10
703 1.717994e-10
704 9.644192e-11
705 4.755538e-08
706 3.868499e-08
707 2.902900e-08
708 2.044390e-08
709 1.374554e-08
710 8.711030e-09
711 5.262991e-09
712 3.193162e-09
713 1.965477e-09
714 1.242621e-09
715 7.995995e-10
716 5.125834e-10
717 3.200126e-10
718 1.911520e-10
719 1.080616e-10
720 5.174873e-08
721 4.249426e-08
722 3.212185e-08
723 2.273843e-08
724 1.536414e-08
725 9.791434e-09
726 5.911946e-09
727 3.578553e-09
728 2.191681e-09
729 1.379414e-09
730 8.855030e-10
731 5.680638e-10
732 3.558777e-10
733 2.137310e-10
734 1.216198e-10
735 4.871659e-08
736 3.984679e-08
737 3.006411e-08
738 2.125636e-08
739 1.433391e-08
740 9.130302e-09
741 5.525601e-09
742 3.348469e-09
743 2.053832e-09
744 1.293613e-09
745 8.299426e-10
746 5.314823e-10
747 3.321558e-10
748 1.989790e-10
749 1.129803e-10
750 5.335292e-08
751 4.419433e-08
752 3.372778e-08
753 2.403351e-08
754 1.631337e-08
755 1.048225e-08
756 6.356728e-09
757 3.839544e-09
758 2.339598e-09
759 1.463164e-09
760 9.341664e-10
761 5.977149e-10
762 3.747622e-10
763 2.259821e-10
764 1.294550e-10
765 5.879592e-08
766 4.930450e-08
767 3.802424e-08
768 2.729915e-08
769 1.864440e-08
770 1.207616e-08
771 7.339333e-09
772 4.420160e-09
773 2.677034e-09
774 1.663259e-09
775 1.056943e-09
776 6.756517e-10
777 4.248622e-10
778 2.577259e-10
779 1.488300e-10
780 5.927706e-08
781 4.990581e-08
782 3.868337e-08
783 2.788616e-08
784 1.908968e-08
785 1.240973e-08
786 7.576468e-09
787 4.556075e-09
788 2.755307e-09
789 1.706035e-09
790 1.080312e-09
791 6.889142e-10
792 4.329047e-10
793 2.628969e-10
794 1.522320e-10
795 6.639620e-08
796 5.680843e-08
797 4.471296e-08
798 3.261345e-08
799 2.251243e-08
800 1.479126e-08
801 9.100396e-09
802 5.451183e-09
803 3.276007e-09
804 2.008644e-09
805 1.261201e-09
806 8.010223e-10
807 5.040094e-10
808 3.079375e-10
809 1.800456e-10
810 7.617590e-08
811 6.662625e-08
812 5.366870e-08
813 3.991529e-08
814 2.791654e-08
815 1.860459e-08
816 1.164001e-08
817 6.955690e-09
818 4.155623e-09
819 2.510253e-09
820 1.552232e-09
821 9.757159e-10
822 6.122246e-10
823 3.758466e-10
824 2.222035e-10
825 5.084870e-07
826 3.714164e-07
827 2.752153e-07
828 1.714164e-07
829 1.044064e-07
830 6.184993e-08
831 3.776311e-08
832 2.422222e-08
833 1.634905e-08
834 0.000000e+00
835 0.000000e+00
836 0.000000e+00
837 0.000000e+00
838 0.000000e+00
839 0.000000e+00
840 7.609936e-07
841 5.559742e-07
842 4.124110e-07
843 2.596441e-07
844 1.577875e-07
845 9.336012e-08
846 5.689910e-08
847 3.636797e-08
848 2.448321e-08
849 0.000000e+00
850 0.000000e+00
851 0.000000e+00
852 0.000000e+00
853 0.000000e+00
854 0.000000e+00
855 9.034708e-07
856 6.601393e-07
857 4.898344e-07
858 3.095543e-07
859 1.879543e-07
860 1.111685e-07
861 6.771198e-08
862 4.322638e-08
863 2.907417e-08
864 0.000000e+00
865 0.000000e+00
866 0.000000e+00
867 0.000000e+00
868 0.000000e+00
869 0.000000e+00
870 9.989512e-07
871 7.299429e-07
872 5.417196e-07
873 3.430021e-07
874 2.081721e-07
875 1.231032e-07
876 7.495844e-08
877 4.782299e-08
878 3.215078e-08
879 0.000000e+00
880 0.000000e+00
881 0.000000e+00
882 0.000000e+00
883 0.000000e+00
884 0.000000e+00
885 1.071193e-06
886 7.827614e-07
887 5.809742e-07
888 3.683088e-07
889 2.234694e-07
890 1.321335e-07
891 8.044121e-08
892 5.130076e-08
893 3.447879e-08
894 0.000000e+00
895 0.000000e+00
896 0.000000e+00
897 0.000000e+00
898 0.000000e+00
899 0.000000e+00
900 1.129439e-06
901 8.253442e-07
902 6.126261e-07
903 3.887123e-07
904 2.358020e-07
905 1.394142e-07
906 8.486152e-08
907 5.410480e-08
908 3.635564e-08
909 0.000000e+00
910 0.000000e+00
911 0.000000e+00
912 0.000000e+00
913 0.000000e+00
914 0.000000e+00
915 1.180268e-06
916 8.625041e-07
917 6.402459e-07
918 4.065191e-07
919 2.465652e-07
920 1.457672e-07
921 8.871918e-08
922 5.655163e-08
923 3.799350e-08
924 0.000000e+00
925 0.000000e+00
926 0.000000e+00
927 0.000000e+00
928 0.000000e+00
929 0.000000e+00
930 1.228460e-06
931 8.977376e-07
932 6.664337e-07
933 4.234011e-07
934 2.567693e-07
935 1.517905e-07
936 9.237652e-08
937 5.887147e-08
938 3.954628e-08
939 0.000000e+00
940 0.000000e+00
941 0.000000e+00
942 0.000000e+00
943 0.000000e+00
944 0.000000e+00
945 1.284683e-06
946 9.388454e-07
947 6.969857e-07
948 4.430983e-07
949 2.686743e-07
950 1.588185e-07
951 9.664394e-08
952 6.157795e-08
953 4.135810e-08
954 0.000000e+00
955 0.000000e+00
956 0.000000e+00
957 0.000000e+00
958 0.000000e+00
959 0.000000e+00
960 3.402764e-07
961 2.711441e-07
962 1.967065e-07
963 1.475012e-07
964 9.135178e-08
965 5.589796e-08
966 3.248973e-08
967 1.942601e-08
968 1.217059e-08
969 8.056074e-09
970 0.000000e+00
971 0.000000e+00
972 0.000000e+00
973 0.000000e+00
974 0.000000e+00
975 5.202470e-07
976 4.171771e-07
977 3.029070e-07
978 2.269456e-07
979 1.422356e-07
980 8.672421e-08
981 5.037199e-08
982 3.007962e-08
983 1.878236e-08
984 1.239906e-08
985 0.000000e+00
986 0.000000e+00
987 0.000000e+00
988 0.000000e+00
989 0.000000e+00
990 6.443237e-07
991 5.180024e-07
992 3.762580e-07
993 2.817958e-07
994 1.774611e-07
995 1.080385e-07
996 6.273731e-08
997 3.744621e-08
998 2.335112e-08
999 1.539824e-08
1000 0.000000e+00
1001 0.000000e+00
1002 0.000000e+00
1003 0.000000e+00
1004 0.000000e+00
1005 7.382357e-07
1006 5.943126e-07
1007 4.317715e-07
1008 3.233096e-07
1009 2.041234e-07
1010 1.241698e-07
1011 7.209649e-08
1012 4.302199e-08
1013 2.680897e-08
1014 1.766814e-08
1015 0.000000e+00
1016 0.000000e+00
1017 0.000000e+00
1018 0.000000e+00
1019 0.000000e+00
1020 8.139596e-07
1021 6.558390e-07
1022 4.765327e-07
1023 3.567807e-07
1024 2.256220e-07
1025 1.371778e-07
1026 7.964314e-08
1027 4.751755e-08
1028 2.959718e-08
1029 1.949827e-08
1030 0.000000e+00
1031 0.000000e+00
1032 0.000000e+00
1033 0.000000e+00
1034 0.000000e+00
1035 8.800254e-07
1036 7.095243e-07
1037 5.155916e-07
1038 3.859857e-07
1039 2.443794e-07
1040 1.485270e-07
1041 8.622743e-08
1042 5.144028e-08
1043 3.202995e-08
1044 2.109535e-08
1045 0.000000e+00
1046 0.000000e+00
1047 0.000000e+00
1048 0.000000e+00
1049 0.000000e+00
1050 9.426736e-07
1051 7.604327e-07
1052 5.526249e-07
1053 4.136780e-07
1054 2.621647e-07
1055 1.592896e-07
1056 9.247120e-08
1057 5.515972e-08
1058 3.433673e-08
1059 2.260959e-08
1060 0.000000e+00
1061 0.000000e+00
1062 0.000000e+00
1063 0.000000e+00
1064 0.000000e+00
1065 1.015768e-06
1066 8.198310e-07
1067 5.958365e-07
1068 4.459927e-07
1069 2.829175e-07
1070 1.718473e-07
1071 9.975607e-08
1072 5.949995e-08
1073 3.702828e-08
1074 2.437647e-08
1075 0.000000e+00
1076 0.000000e+00
1077 0.000000e+00
1078 0.000000e+00
1079 0.000000e+00
1080 2.014497e-07
1081 1.833055e-07
1082 1.412920e-07
1083 1.021692e-07
1084 7.657083e-08
1085 4.429474e-08
1086 2.715541e-08
1087 1.565283e-08
1088 9.251937e-09
1089 5.754444e-09
1090 0.000000e+00
1091 0.000000e+00
1092 0.000000e+00
1093 0.000000e+00
1094 0.000000e+00
1095 3.299321e-07
1096 3.013926e-07
1097 2.331552e-07
1098 1.685010e-07
1099 1.264511e-07
1100 7.350552e-08
1101 4.516977e-08
1102 2.598157e-08
1103 1.530908e-08
1104 9.502482e-09
1105 0.000000e+00
1106 0.000000e+00
1107 0.000000e+00
1108 0.000000e+00
1109 0.000000e+00
1110 4.306283e-07
1111 3.940346e-07
1112 3.052906e-07
1113 2.205838e-07
1114 1.656232e-07
1115 9.648076e-08
1116 5.934320e-08
1117 3.410491e-08
1118 2.006902e-08
1119 1.244632e-08
1120 0.000000e+00
1121 0.000000e+00
1122 0.000000e+00
1123 0.000000e+00
1124 0.000000e+00
1125 5.118675e-07
1126 4.687719e-07
1127 3.634880e-07
1128 2.626035e-07
1129 1.972257e-07
1130 1.150174e-07
1131 7.077884e-08
1132 4.065897e-08
1133 2.390921e-08
1134 1.482137e-08
1135 0.000000e+00
1136 0.000000e+00
1137 0.000000e+00
1138 0.000000e+00
1139 0.000000e+00
1140 5.827486e-07
1141 5.339873e-07
1142 4.142683e-07
1143 2.992682e-07
1144 2.248018e-07
1145 1.311919e-07
1146 8.075741e-08
1147 4.637790e-08
1148 2.726008e-08
1149 1.689370e-08
1150 0.000000e+00
1151 0.000000e+00
1152 0.000000e+00
1153 0.000000e+00
1154 0.000000e+00
1155 6.499630e-07
1156 5.958254e-07
1157 4.624212e-07
1158 3.340351e-07
1159 2.509506e-07
1160 1.465295e-07
1161 9.021925e-08
1162 5.180077e-08
1163 3.043750e-08
1164 1.885873e-08
1165 0.000000e+00
1166 0.000000e+00
1167 0.000000e+00
1168 0.000000e+00
1169 0.000000e+00
1170 7.283846e-07
1171 6.679733e-07
1172 5.186008e-07
1173 3.745984e-07
1174 2.814577e-07
1175 1.644239e-07
1176 1.012585e-07
1177 5.812754e-08
1178 3.414473e-08
1179 2.115149e-08
1180 0.000000e+00
1181 0.000000e+00
1182 0.000000e+00
1183 0.000000e+00
1184 0.000000e+00
1185 1.342233e-07
1186 1.325411e-07
1187 1.115166e-07
1188 8.148309e-08
1189 6.051845e-08
1190 4.117363e-08
1191 2.427963e-08
1192 1.383653e-08
1193 8.000221e-09
1194 4.726366e-09
1195 2.959729e-09
1196 0.000000e+00
1197 0.000000e+00
1198 0.000000e+00
1199 0.000000e+00
1200 2.311488e-07
1201 2.288177e-07
1202 1.931472e-07
1203 1.413415e-07
1204 1.048267e-07
1205 7.175596e-08
1206 4.213172e-08
1207 2.403883e-08
1208 1.391579e-08
1209 8.208199e-09
1210 5.130905e-09
1211 0.000000e+00
1212 0.000000e+00
1213 0.000000e+00
1214 0.000000e+00
1215 3.123234e-07
1216 3.095007e-07
1217 2.616149e-07
1218 1.915695e-07
1219 1.419927e-07
1220 9.744479e-08
1221 5.711215e-08
1222 3.260334e-08
1223 1.888244e-08
1224 1.113065e-08
1225 6.952524e-09
1226 0.000000e+00
1227 0.000000e+00
1228 0.000000e+00
1229 0.000000e+00
1230 3.831935e-07
1231 3.799432e-07
1232 3.213903e-07
1233 2.354215e-07
1234 1.744400e-07
1235 1.198757e-07
1236 7.019122e-08
1237 4.008120e-08
1238 2.321897e-08
1239 1.368230e-08
1240 8.542871e-09
1241 0.000000e+00
1242 0.000000e+00
1243 0.000000e+00
1244 0.000000e+00
1245 4.503977e-07
1246 4.467362e-07
1247 3.780737e-07
1248 2.770046e-07
1249 2.052095e-07
1250 1.411454e-07
1251 8.259382e-08
1252 4.717229e-08
1253 2.733118e-08
1254 1.610194e-08
1255 1.005098e-08
1256 0.000000e+00
1257 0.000000e+00
1258 0.000000e+00
1259 0.000000e+00
1260 5.288015e-07
1261 5.246659e-07
1262 4.442070e-07
1263 3.255223e-07
1264 2.411084e-07
1265 1.659601e-07
1266 9.706421e-08
1267 5.544503e-08
1268 3.212871e-08
1269 1.892488e-08
1270 1.181051e-08
1271 0.000000e+00
1272 0.000000e+00
1273 0.000000e+00
1274 0.000000e+00
1275 9.729959e-08
1276 1.013463e-07
1277 9.175954e-08
1278 7.023128e-08
1279 5.076126e-08
1280 3.803242e-08
1281 2.150062e-08
1282 1.299164e-08
1283 7.338080e-09
1284 4.236520e-09
1285 2.535464e-09
1286 0.000000e+00
1287 0.000000e+00
1288 0.000000e+00
1289 0.000000e+00
1290 1.735324e-07
1291 1.810707e-07
1292 1.643747e-07
1293 1.261007e-07
1294 9.109270e-08
1295 6.834131e-08
1296 3.872750e-08
1297 2.346591e-08
1298 1.322895e-08
1299 7.622092e-09
1300 4.554025e-09
1301 0.000000e+00
1302 0.000000e+00
1303 0.000000e+00
1304 0.000000e+00
1305 2.424635e-07
1306 2.531894e-07
1307 2.301014e-07
1308 1.766983e-07
1309 1.276149e-07
1310 9.579450e-08
1311 5.434252e-08
1312 3.296557e-08
1313 1.856968e-08
1314 1.068971e-08
1315 6.382330e-09
1316 0.000000e+00
1317 0.000000e+00
1318 0.000000e+00
1319 0.000000e+00
1320 3.078577e-07
1321 3.216065e-07
1322 2.924568e-07
1323 2.247029e-07
1324 1.622652e-07
1325 1.218404e-07
1326 6.915697e-08
1327 4.197839e-08
1328 2.363663e-08
1329 1.359998e-08
1330 8.116900e-09
1331 0.000000e+00
1332 0.000000e+00
1333 0.000000e+00
1334 0.000000e+00
1335 3.841561e-07
1336 4.014323e-07
1337 3.652105e-07
1338 2.807097e-07
1339 2.026908e-07
1340 1.522281e-07
1341 8.644124e-08
1342 5.249408e-08
1343 2.954836e-08
1344 1.699550e-08
1345 1.014064e-08
1346 0.000000e+00
1347 0.000000e+00
1348 0.000000e+00
1349 0.000000e+00
1350 7.448724e-08
1351 8.064729e-08
1352 7.736729e-08
1353 6.272689e-08
1354 4.525854e-08
1355 3.411325e-08
1356 2.133361e-08
1357 1.307333e-08
1358 7.258174e-09
1359 3.997174e-09
1360 2.309326e-09
1361 1.403888e-09
1362 0.000000e+00
1363 0.000000e+00
1364 0.000000e+00
1365 1.384918e-07
1366 1.501539e-07
1367 1.443522e-07
1368 1.173301e-07
1369 8.470177e-08
1370 6.379166e-08
1371 4.012247e-08
1372 2.452681e-08
1373 1.361936e-08
1374 7.503302e-09
1375 4.326602e-09
1376 2.625388e-09
1377 0.000000e+00
1378 0.000000e+00
1379 0.000000e+00
1380 2.010031e-07
1381 2.180563e-07
1382 2.098198e-07
1383 1.707216e-07
1384 1.232755e-07
1385 9.281020e-08
1386 5.851418e-08
1387 3.573215e-08
1388 1.984300e-08
1389 1.093430e-08
1390 6.299816e-09
1391 3.819753e-09
1392 0.000000e+00
1393 0.000000e+00
1394 0.000000e+00
1395 2.739546e-07
1396 2.973002e-07
1397 2.862206e-07
1398 2.330303e-07
1399 1.682909e-07
1400 1.266749e-07
1401 7.997821e-08
1402 4.880901e-08
1403 2.710609e-08
1404 1.493828e-08
1405 8.602574e-09
1406 5.213599e-09
1407 0.000000e+00
1408 0.000000e+00
1409 0.000000e+00
1410 6.033778e-08
1411 6.735398e-08
1412 6.768352e-08
1413 5.816177e-08
1414 4.288101e-08
1415 3.157792e-08
1416 2.226057e-08
1417 1.269526e-08
1418 7.149452e-09
1419 4.045333e-09
1420 2.250045e-09
1421 1.311885e-09
1422 0.000000e+00
1423 0.000000e+00
1424 0.000000e+00
1425 1.179273e-07
1426 1.318004e-07
1427 1.326919e-07
1428 1.143164e-07
1429 8.440651e-08
1430 6.208968e-08
1431 4.395084e-08
1432 2.499345e-08
1433 1.410144e-08
1434 7.978154e-09
1435 4.435367e-09
1436 2.581611e-09
1437 0.000000e+00
1438 0.000000e+00
1439 0.000000e+00
1440 1.864659e-07
1441 2.085133e-07
1442 2.100928e-07
1443 1.811975e-07
1444 1.338744e-07
1445 9.843172e-08
1446 6.979941e-08
1447 3.964442e-08
1448 2.238585e-08
1449 1.266432e-08
1450 7.039246e-09
1451 4.094128e-09
1452 0.000000e+00
1453 0.000000e+00
1454 0.000000e+00
1455 5.208615e-08
1456 5.969602e-08
1457 6.240818e-08
1458 5.671861e-08
1459 4.350701e-08
1460 3.142178e-08
1461 2.360365e-08
1462 1.323689e-08
1463 7.920069e-09
1464 4.338530e-09
1465 2.391166e-09
1466 1.334901e-09
1467 0.000000e+00
1468 0.000000e+00
1469 0.000000e+00
1470 1.144186e-07
1471 1.312919e-07
1472 1.375008e-07
1473 1.252953e-07
1474 9.633740e-08
1475 6.954091e-08
1476 5.230464e-08
1477 2.941273e-08
1478 1.765434e-08
1479 9.654167e-09
1480 5.309466e-09
1481 2.958540e-09
1482 0.000000e+00
1483 0.000000e+00
1484 0.000000e+00
1485 5.383390e-08
1486 6.326003e-08
1487 6.859537e-08
1488 6.585980e-08
1489 5.340610e-08
1490 3.853668e-08
1491 2.907083e-08
1492 1.808026e-08
1493 1.100193e-08
1494 5.970418e-09
1495 3.144830e-09
1496 1.696584e-09
1497 9.447073e-10
1498 0.000000e+00
1499 0.000000e+00
1500 1.109684e-04
1501 8.086786e-05
1502 6.035546e-05
1503 3.805236e-05
1504 2.321989e-05
1505 1.369104e-05
1506 8.324421e-06
1507 5.304277e-06
1508 3.565556e-06
1509 0.000000e+00
1510 0.000000e+00
1511 0.000000e+00
1512 0.000000e+00
1513 0.000000e+00
1514 0.000000e+00
1515 5.757601e-05
1516 4.644359e-05
1517 3.369791e-05
1518 2.528332e-05
1519 1.597668e-05
1520 9.754545e-06
1521 5.648866e-06
1522 3.364481e-06
1523 2.093966e-06
1524 1.379138e-06
1525 0.000000e+00
1526 0.000000e+00
1527 0.000000e+00
1528 0.000000e+00
1529 0.000000e+00
1530 4.047788e-05
1531 3.713775e-05
1532 2.882267e-05
1533 2.080348e-05
1534 1.566222e-05
1535 9.111532e-06
1536 5.625604e-06
1537 3.225263e-06
1538 1.896511e-06
1539 1.174730e-06
1540 0.000000e+00
1541 0.000000e+00
1542 0.000000e+00
1543 0.000000e+00
1544 0.000000e+00
1545 2.912801e-05
1546 2.891312e-05
1547 2.448503e-05
1548 1.793535e-05
1549 1.328396e-05
1550 9.154542e-06
1551 5.351144e-06
1552 3.053081e-06
1553 1.771954e-06
1554 1.042590e-06
1555 6.506122e-07
1556 0.000000e+00
1557 0.000000e+00
1558 0.000000e+00
1559 0.000000e+00
1560 2.085098e-05
1561 2.179680e-05
1562 1.983793e-05
1563 1.524768e-05
1564 1.100576e-05
1565 8.274949e-06
1566 4.689296e-06
1567 2.850415e-06
1568 1.602925e-06
1569 9.233707e-07
1570 5.506294e-07
1571 0.000000e+00
1572 0.000000e+00
1573 0.000000e+00
1574 0.000000e+00
1575 1.487210e-05
1576 1.614453e-05
1577 1.554949e-05
1578 1.266314e-05
1579 9.143013e-06
1580 6.883420e-06
1581 4.347301e-06
1582 2.655947e-06
1583 1.474901e-06
1584 8.112783e-07
1585 4.673052e-07
1586 2.832009e-07
1587 0.000000e+00
1588 0.000000e+00
1589 0.000000e+00
1590 1.001028e-05
1591 1.119728e-05
1592 1.128693e-05
1593 9.739022e-06
1594 7.195644e-06
1595 5.289411e-06
1596 3.755371e-06
1597 2.130464e-06
1598 1.202339e-06
1599 6.811759e-07
1600 3.783133e-07
1601 2.200058e-07
1602 0.000000e+00
1603 0.000000e+00
1604 0.000000e+00
1605 6.201116e-06
1606 7.118100e-06
1607 7.458527e-06
1608 6.801106e-06
1609 5.231433e-06
1610 3.775220e-06
1611 2.841823e-06
1612 1.597077e-06
1613 9.596537e-07
1614 5.242846e-07
1615 2.885232e-07
1616 1.606418e-07
1617 0.000000e+00
1618 0.000000e+00
1619 0.000000e+00
1620 3.163407e-06
1621 3.720115e-06
1622 4.038202e-06
1623 3.883392e-06
1624 3.154630e-06
1625 2.276770e-06
1626 1.716871e-06
1627 1.071974e-06
1628 6.518364e-07
1629 3.538249e-07
1630 1.861971e-07
1631 1.003484e-07
1632 5.578990e-08
1633 0.000000e+00
1634 0.000000e+00
1635 8.891198e-07
1636 1.072208e-06
1637 1.206146e-06
1638 1.224576e-06
1639 1.066696e-06
1640 7.933436e-07
1641 5.815894e-07
1642 4.169104e-07
1643 2.343421e-07
1644 1.314261e-07
1645 7.164692e-08
1646 3.730540e-08
1647 1.958823e-08
1648 0.000000e+00
1649 0.000000e+00
