0 2.249501e-09
1 1.462395e-09
2 9.198039e-10
3 5.792636e-10
4 3.722519e-10
5 2.448990e-10
6 1.628608e-10
7 1.069833e-10
8 6.781530e-11
9 4.075143e-11
10 2.298501e-11
11 1.214997e-11
12 6.059848e-12
13 2.884022e-12
14 1.326193e-12
15 3.797443e-09
16 2.526249e-09
17 1.606020e-09
18 1.000991e-09
19 6.329052e-10
20 4.098132e-10
21 2.711048e-10
22 1.797878e-10
23 1.165898e-10
24 7.233717e-11
25 4.228634e-11
26 2.314622e-11
27 1.189191e-11
28 5.788821e-12
29 2.703090e-12
30 4.352907e-09
31 2.915578e-09
32 1.863844e-09
33 1.160491e-09
34 7.307366e-10
35 4.706462e-10
36 3.103253e-10
37 2.059690e-10
38 1.342083e-10
39 8.392998e-11
40 4.955925e-11
41 2.741615e-11
42 1.422021e-11
43 6.975611e-12
44 3.274749e-12
45 4.659351e-09
46 3.130522e-09
47 2.006272e-09
48 1.248659e-09
49 7.847795e-10
50 5.042428e-10
51 3.320302e-10
52 2.203831e-10
53 1.439240e-10
54 9.032423e-11
55 5.356574e-11
56 2.976493e-11
57 1.550528e-11
58 7.630904e-12
59 3.590850e-12
60 4.856744e-09
61 3.268785e-09
62 2.097905e-09
63 1.305391e-09
64 8.195665e-10
65 5.259266e-10
66 3.460125e-10
67 2.297462e-10
68 1.501827e-10
69 9.445074e-11
70 5.616236e-11
71 3.128819e-11
72 1.633654e-11
73 8.055715e-12
74 3.795669e-12
75 5.019069e-09
76 3.382659e-09
77 2.173326e-09
78 1.352021e-09
79 8.481815e-10
80 5.437675e-10
81 3.574866e-10
82 2.373542e-10
83 1.553539e-10
84 9.786062e-11
85 5.828481e-11
86 3.253649e-11
87 1.701697e-11
88 8.401033e-12
89 3.962588e-12
90 5.144080e-09
91 3.470543e-09
92 2.231428e-09
93 1.388228e-09
94 8.703287e-10
95 5.574754e-10
96 3.663763e-10
97 2.432769e-10
98 1.593475e-10
99 1.004798e-10
100 5.993776e-11
101 3.350475e-11
102 1.754403e-11
103 8.670057e-12
104 4.092270e-12
105 5.254030e-09
106 3.547194e-09
107 2.282690e-09
108 1.419902e-09
109 8.896572e-10
110 5.695193e-10
111 3.741195e-10
112 2.484482e-10
113 1.627580e-10
114 1.027320e-10
115 6.134454e-11
116 3.434451e-11
117 1.800624e-11
118 8.905735e-12
119 4.202664e-12
120 5.358281e-09
121 3.620717e-09
122 2.331357e-09
123 1.449894e-09
124 9.080836e-10
125 5.809304e-10
126 3.814569e-10
127 2.533639e-10
128 1.661206e-10
129 1.049427e-10
130 6.274335e-11
131 3.515102e-11
132 1.844291e-11
133 9.128654e-12
134 4.313543e-12
135 5.477220e-09
136 3.703709e-09
137 2.386980e-09
138 1.484409e-09
139 9.291881e-10
140 5.941226e-10
141 3.899678e-10
142 2.589585e-10
143 1.699278e-10
144 1.074692e-10
145 6.431960e-11
146 3.607647e-11
147 1.894894e-11
148 9.384493e-12
149 4.436918e-12
150 7.894797e-09
151 5.435207e-09
152 3.569958e-09
153 2.229835e-09
154 1.382708e-09
155 8.717394e-10
156 5.653579e-10
157 3.741538e-10
158 2.473841e-10
159 1.592594e-10
160 9.767247e-11
161 5.628818e-11
162 3.033675e-11
163 1.535379e-11
164 7.375741e-12
165 9.974611e-09
166 6.953666e-09
167 4.633122e-09
168 2.924023e-09
169 1.803754e-09
170 1.127948e-09
171 7.236345e-10
172 4.758117e-10
173 3.150756e-10
174 2.047196e-10
175 1.275136e-10
176 7.490719e-11
177 4.118160e-11
178 2.121740e-11
179 1.033588e-11
180 1.118290e-08
181 7.840156e-09
182 5.254582e-09
183 3.333262e-09
184 2.052802e-09
185 1.279657e-09
186 8.167950e-10
187 5.354216e-10
188 3.545909e-10
189 2.312618e-10
190 1.449741e-10
191 8.584193e-11
192 4.759320e-11
193 2.471189e-11
194 1.211317e-11
195 1.196337e-08
196 8.413681e-09
197 5.657482e-09
198 3.598473e-09
199 2.214282e-09
200 1.377812e-09
201 8.770690e-10
202 5.740630e-10
203 3.801999e-10
204 2.484440e-10
205 1.562756e-10
206 9.293201e-11
207 5.175458e-11
208 2.697801e-11
209 1.326692e-11
210 1.260516e-08
211 8.885578e-09
212 5.988633e-09
213 3.815789e-09
214 2.347202e-09
215 1.458671e-09
216 9.267373e-10
217 6.057431e-10
218 4.011904e-10
219 2.625412e-10
220 1.655425e-10
221 9.875400e-11
222 5.516934e-11
223 2.883778e-11
224 1.421384e-11
225 1.310046e-08
226 9.248038e-09
227 6.242397e-09
228 3.983926e-09
229 2.449059e-09
230 1.520699e-09
231 9.647788e-10
232 6.301516e-10
233 4.173646e-10
234 2.733821e-10
235 1.726802e-10
236 1.032102e-10
237 5.778052e-11
238 3.026577e-11
239 1.493946e-11
240 1.352976e-08
241 9.563428e-09
242 6.464293e-09
243 4.130109e-09
244 2.538377e-09
245 1.574953e-09
246 9.979713e-10
247 6.513184e-10
248 4.314807e-10
249 2.828581e-10
250 1.789132e-10
251 1.071156e-10
252 6.007617e-11
253 3.151593e-11
254 1.557030e-11
255 1.394008e-08
256 9.864613e-09
257 6.676053e-09
258 4.269943e-09
259 2.623062e-09
260 1.626424e-09
261 1.029655e-09
262 6.715559e-10
263 4.449189e-10
264 2.918726e-10
265 1.848440e-10
266 1.108405e-10
267 6.225816e-11
268 3.270137e-11
269 1.617732e-11
270 1.441603e-08
271 1.021393e-08
272 6.921026e-09
273 4.430772e-09
274 2.720952e-09
275 1.686455e-09
276 1.066667e-09
277 6.951937e-10
278 4.604862e-10
279 3.023242e-10
280 1.917352e-10
281 1.151615e-10
282 6.478424e-11
283 3.408080e-11
284 1.687867e-11
285 1.363334e-08
286 9.697919e-09
287 6.586059e-09
288 4.249214e-09
289 2.618279e-09
290 1.621732e-09
291 1.022543e-09
292 6.634043e-10
293 4.376825e-10
294 2.868720e-10
295 1.821365e-10
296 1.098449e-10
297 6.220240e-11
298 3.297615e-11
299 1.645213e-11
300 1.603516e-08
301 1.153566e-08
302 7.904931e-09
303 5.158186e-09
304 3.190102e-09
305 1.966185e-09
306 1.230011e-09
307 7.918982e-10
308 5.205715e-10
309 3.419949e-10
310 2.188448e-10
311 1.335664e-10
312 7.671520e-11
313 4.126079e-11
314 2.084912e-11
315 1.761388e-08
316 1.275014e-08
317 8.777730e-09
318 5.761825e-09
319 3.572098e-09
320 2.195432e-09
321 1.368454e-09
322 8.774536e-10
323 5.755911e-10
324 3.784965e-10
325 2.431436e-10
326 1.492905e-10
327 8.635917e-11
328 4.678319e-11
329 2.379003e-11
330 1.891444e-08
331 1.374929e-08
332 9.493886e-09
333 6.255541e-09
334 3.885560e-09
335 2.383828e-09
336 1.482011e-09
337 9.476984e-10
338 6.208763e-10
339 4.084979e-10
340 2.630968e-10
341 1.622002e-10
342 9.427838e-11
343 5.131862e-11
344 2.620532e-11
345 1.991461e-08
346 1.451793e-08
347 1.004782e-08
348 6.638593e-09
349 4.126905e-09
350 2.528893e-09
351 1.569392e-09
352 1.001732e-09
353 6.555662e-10
354 4.315418e-10
355 2.784674e-10
356 1.721454e-10
357 1.003751e-10
358 5.481125e-11
359 2.806532e-11
360 2.078768e-08
361 1.518926e-08
362 1.053057e-08
363 6.970614e-09
364 4.337100e-09
365 2.655454e-09
366 1.645562e-09
367 1.048822e-09
368 6.858710e-10
369 4.516765e-10
370 2.918584e-10
371 1.808097e-10
372 1.056886e-10
373 5.785132e-11
374 2.968366e-11
375 2.161346e-08
376 1.582379e-08
377 1.098620e-08
378 7.286021e-09
379 4.536112e-09
380 2.775205e-09
381 1.717816e-09
382 1.093443e-09
383 7.145907e-10
384 4.707456e-10
385 3.045652e-10
386 1.890275e-10
387 1.107264e-10
388 6.073524e-11
389 3.121894e-11
390 2.257926e-08
391 1.656698e-08
392 1.151968e-08
393 7.654464e-09
394 4.769516e-09
395 2.915966e-09
396 1.802636e-09
397 1.145893e-09
398 7.482242e-10
399 4.931027e-10
400 3.194469e-10
401 1.986596e-10
402 1.166346e-10
403 6.411281e-11
404 3.301825e-11
405 1.965120e-08
406 1.439762e-08
407 9.989883e-09
408 6.621788e-09
409 4.143463e-09
410 2.537394e-09
411 1.573596e-09
412 1.000690e-09
413 6.524197e-10
414 4.285332e-10
415 2.764773e-10
416 1.712854e-10
417 1.003045e-10
418 5.509605e-11
419 2.839671e-11
420 2.219631e-08
421 1.644381e-08
422 1.149477e-08
423 7.680571e-09
424 4.845099e-09
425 2.958969e-09
426 1.827531e-09
427 1.153865e-09
428 7.482313e-10
429 4.908886e-10
430 3.178591e-10
431 1.984271e-10
432 1.173990e-10
433 6.522957e-11
434 3.399508e-11
435 2.429563e-08
436 1.813834e-08
437 1.273944e-08
438 8.559098e-09
439 5.427900e-09
440 3.309179e-09
441 2.038887e-09
442 1.281046e-09
443 8.278801e-10
444 5.426365e-10
445 3.521876e-10
446 2.209435e-10
447 1.315891e-10
448 7.365099e-11
449 3.865409e-11
450 2.592146e-08
451 1.944235e-08
452 1.370057e-08
453 9.235967e-09
454 5.876015e-09
455 3.579276e-09
456 2.201172e-09
457 1.378987e-09
458 8.889142e-10
459 5.824270e-10
460 3.785868e-10
461 2.382598e-10
462 1.425009e-10
463 8.012444e-11
464 4.223478e-11
465 2.733328e-08
466 2.058142e-08
467 1.453868e-08
468 9.824285e-09
469 6.266997e-09
470 3.814727e-09
471 2.342564e-09
472 1.464275e-09
473 9.423621e-10
474 6.171580e-10
475 4.016216e-10
476 2.533695e-10
477 1.520234e-10
478 8.577599e-11
479 4.536071e-11
480 2.866950e-08
481 2.165403e-08
482 1.533023e-08
483 1.038100e-08
484 6.636996e-09
485 4.036954e-09
486 2.476626e-09
487 1.544823e-09
488 9.927613e-10
489 6.499562e-10
490 4.234097e-10
491 2.676591e-10
492 1.610254e-10
493 9.111094e-11
494 4.831011e-11
495 3.023346e-08
496 2.291227e-08
497 1.625532e-08
498 1.103327e-08
499 7.069149e-09
500 4.296972e-09
501 2.633193e-09
502 1.639268e-09
503 1.051774e-09
504 6.883430e-10
505 4.488683e-10
506 2.843409e-10
507 1.715489e-10
508 9.735916e-11
509 5.176584e-11
510 2.569063e-08
511 1.934460e-08
512 1.367125e-08
513 9.226898e-09
514 5.897131e-09
515 3.600439e-09
516 2.212995e-09
517 1.383235e-09
518 8.892079e-10
519 5.811776e-10
520 3.773567e-10
521 2.376102e-10
522 1.424209e-10
523 8.037144e-11
524 4.256196e-11
525 2.869806e-08
526 2.186590e-08
527 1.557828e-08
528 1.058666e-08
529 6.826828e-09
530 4.173543e-09
531 2.556475e-09
532 1.586992e-09
533 1.014041e-09
534 6.605897e-10
535 4.294587e-10
536 2.718909e-10
537 1.643687e-10
538 9.372636e-11
539 5.017555e-11
540 3.101815e-08
541 2.380774e-08
542 1.704618e-08
543 1.163480e-08
544 7.542368e-09
545 4.615715e-09
546 2.820390e-09
547 1.743861e-09
548 1.109832e-09
549 7.216923e-10
550 4.695561e-10
551 2.982779e-10
552 1.812638e-10
553 1.040066e-10
554 5.603590e-11
555 3.303209e-08
556 2.549855e-08
557 1.832643e-08
558 1.254571e-08
559 8.165471e-09
560 4.999469e-09
561 3.050274e-09
562 1.880400e-09
563 1.193483e-09
564 7.748884e-10
565 5.044624e-10
566 3.212501e-10
567 1.959715e-10
568 1.129548e-10
569 6.113638e-11
570 3.494526e-08
571 2.710286e-08
572 1.954055e-08
573 1.341082e-08
574 8.757460e-09
575 5.364381e-09
576 3.268563e-09
577 2.009931e-09
578 1.272743e-09
579 8.253848e-10
580 5.376132e-10
581 3.430650e-10
582 2.099393e-10
583 1.214538e-10
584 6.598031e-11
585 3.718663e-08
586 2.897583e-08
587 2.095850e-08
588 1.442071e-08
589 9.446280e-09
590 5.789408e-09
591 3.522862e-09
592 2.160972e-09
593 1.365076e-09
594 8.842296e-10
595 5.762097e-10
596 3.684724e-10
597 2.262086e-10
598 1.313514e-10
599 7.162095e-11
600 3.275950e-08
601 2.538821e-08
602 1.831637e-08
603 1.256131e-08
604 8.200144e-09
605 5.047116e-09
606 3.075303e-09
607 1.893830e-09
608 1.198529e-09
609 7.758383e-10
610 5.040660e-10
611 3.208688e-10
612 1.960061e-10
613 1.133188e-10
614 6.160613e-11
615 3.598416e-08
616 2.820318e-08
617 2.051901e-08
618 1.415685e-08
619 9.311507e-09
620 5.760957e-09
621 3.498268e-09
622 2.144715e-09
623 1.348741e-09
624 8.691753e-10
625 5.642210e-10
626 3.602691e-10
627 2.214655e-10
628 1.291295e-10
629 7.087487e-11
630 3.878538e-08
631 3.064744e-08
632 2.243185e-08
633 1.553793e-08
634 1.027457e-08
635 6.378529e-09
636 3.864112e-09
637 2.361680e-09
638 1.478910e-09
639 9.499709e-10
640 6.163385e-10
641 3.944262e-10
642 2.435425e-10
643 1.428371e-10
644 7.890607e-11
645 4.143880e-08
646 3.296282e-08
647 2.424324e-08
648 1.684857e-08
649 1.118717e-08
650 6.963902e-09
651 4.210471e-09
652 2.567443e-09
653 1.602096e-09
654 1.026520e-09
655 6.657308e-10
656 4.267983e-10
657 2.644647e-10
658 1.558273e-10
659 8.651549e-11
660 4.454567e-08
661 3.566691e-08
662 2.635886e-08
663 1.837694e-08
664 1.225091e-08
665 7.646559e-09
666 4.614777e-09
667 2.807008e-09
668 1.745708e-09
669 1.115803e-09
670 7.233168e-10
671 4.645449e-10
672 2.888647e-10
673 1.709761e-10
674 9.539016e-11
675 4.017025e-08
676 3.197417e-08
677 2.355939e-08
678 1.639082e-08
679 1.088485e-08
680 6.802477e-09
681 4.117089e-09
682 2.512727e-09
683 1.565715e-09
684 1.001141e-09
685 6.478251e-10
686 4.145559e-10
687 2.566395e-10
688 1.512445e-10
689 8.409802e-11
690 4.388962e-08
691 3.533216e-08
692 2.628417e-08
693 1.839692e-08
694 1.229910e-08
695 7.742045e-09
696 4.677433e-09
697 2.846148e-09
698 1.761919e-09
699 1.120043e-09
700 7.228917e-10
701 4.632235e-10
702 2.881529e-10
703 1.710769e-10
704 9.597344e-11
705 4.738644e-08
706 3.849676e-08
707 2.884031e-08
708 2.028203e-08
709 1.362599e-08
710 8.622931e-09
711 5.201335e-09
712 3.157781e-09
713 1.945430e-09
714 1.231377e-09
715 7.933150e-10
716 5.089187e-10
717 3.177573e-10
718 1.897067e-10
719 1.071259e-10
720 5.148044e-08
721 4.219473e-08
722 3.182069e-08
723 2.247901e-08
724 1.517209e-08
725 9.650127e-09
726 5.812430e-09
727 3.521618e-09
728 2.159316e-09
729 1.361278e-09
730 8.753788e-10
731 5.621781e-10
732 3.522670e-10
733 2.114222e-10
734 1.201259e-10
735 4.867254e-08
736 3.979702e-08
737 3.001315e-08
738 2.121142e-08
739 1.430021e-08
740 9.105747e-09
741 5.507653e-09
742 3.338436e-09
743 2.048039e-09
744 1.290370e-09
745 8.281413e-10
746 5.304526e-10
747 3.315348e-10
748 1.985866e-10
749 1.127271e-10
750 5.325520e-08
751 4.408286e-08
752 3.361206e-08
753 2.392935e-08
754 1.623399e-08
755 1.042473e-08
756 6.313960e-09
757 3.815481e-09
758 2.325355e-09
759 1.455307e-09
760 9.298378e-10
761 5.952801e-10
762 3.733203e-10
763 2.250842e-10
764 1.288800e-10
765 5.858059e-08
766 4.905793e-08
767 3.776677e-08
768 2.706537e-08
769 1.846498e-08
770 1.194630e-08
771 7.242360e-09
772 4.365151e-09
773 2.644199e-09
774 1.645247e-09
775 1.047070e-09
776 6.701404e-10
777 4.216179e-10
778 2.557201e-10
779 1.475507e-10
780 5.923423e-08
781 4.985607e-08
782 3.863033e-08
783 2.783653e-08
784 1.905053e-08
785 1.238155e-08
786 7.555131e-09
787 4.543571e-09
788 2.747646e-09
789 1.701883e-09
790 1.078092e-09
791 6.876967e-10
792 4.322089e-10
793 2.624775e-10
794 1.519686e-10
795 6.626782e-08
796 5.665800e-08
797 4.455049e-08
798 3.245836e-08
799 2.238736e-08
800 1.470099e-08
801 9.032316e-09
802 5.409265e-09
803 3.250568e-09
804 1.994833e-09
805 1.253873e-09
806 7.970599e-10
807 5.017918e-10
808 3.066304e-10
809 1.792385e-10
810 7.612033e-08
811 6.655967e-08
812 5.359447e-08
813 3.984093e-08
814 2.785294e-08
815 1.855779e-08
816 1.160545e-08
817 6.931627e-09
818 4.141879e-09
819 2.502657e-09
820 1.548108e-09
821 9.735585e-10
822 6.110762e-10
823 3.752105e-10
824 2.218324e-10
825 5.054590e-07
826 3.691904e-07
827 2.735627e-07
828 1.702856e-07
829 1.037366e-07
830 6.145547e-08
831 3.752492e-08
832 2.407362e-08
833 1.625091e-08
834 0.000000e+00
835 0.000000e+00
836 0.000000e+00
837 0.000000e+00
838 0.000000e+00
839 0.000000e+00
840 7.609676e-07
841 5.559549e-07
842 4.123969e-07
843 2.596339e-07
844 1.577816e-07
845 9.335661e-08
846 5.689699e-08
847 3.636666e-08
848 2.448236e-08
849 0.000000e+00
850 0.000000e+00
851 0.000000e+00
852 0.000000e+00
853 0.000000e+00
854 0.000000e+00
855 9.034708e-07
856 6.601393e-07
857 4.898344e-07
858 3.095543e-07
859 1.879543e-07
860 1.111685e-07
861 6.771198e-08
862 4.322638e-08
863 2.907417e-08
864 0.000000e+00
865 0.000000e+00
866 0.000000e+00
867 0.000000e+00
868 0.000000e+00
869 0.000000e+00
870 9.955288e-07
871 7.274405e-07
872 5.398597e-07
873 3.418030e-07
874 2.074474e-07
875 1.226755e-07
876 7.469862e-08
877 4.765827e-08
878 3.204049e-08
879 0.000000e+00
880 0.000000e+00
881 0.000000e+00
882 0.000000e+00
883 0.000000e+00
884 0.000000e+00
885 1.071193e-06
886 7.827614e-07
887 5.809742e-07
888 3.683088e-07
889 2.234694e-07
890 1.321335e-07
891 8.044121e-08
892 5.130076e-08
893 3.447879e-08
894 0.000000e+00
895 0.000000e+00
896 0.000000e+00
897 0.000000e+00
898 0.000000e+00
899 0.000000e+00
900 1.129439e-06
901 8.253442e-07
902 6.126261e-07
903 3.887123e-07
904 2.358020e-07
905 1.394142e-07
906 8.486152e-08
907 5.410480e-08
908 3.635564e-08
909 0.000000e+00
910 0.000000e+00
911 0.000000e+00
912 0.000000e+00
913 0.000000e+00
914 0.000000e+00
915 1.180268e-06
916 8.625041e-07
917 6.402459e-07
918 4.065191e-07
919 2.465652e-07
920 1.457672e-07
921 8.871918e-08
922 5.655163e-08
923 3.799350e-08
924 0.000000e+00
925 0.000000e+00
926 0.000000e+00
927 0.000000e+00
928 0.000000e+00
929 0.000000e+00
930 1.228460e-06
931 8.977376e-07
932 6.664337e-07
933 4.234011e-07
934 2.567693e-07
935 1.517905e-07
936 9.237652e-08
937 5.887147e-08
938 3.954628e-08
939 0.000000e+00
940 0.000000e+00
941 0.000000e+00
942 0.000000e+00
943 0.000000e+00
944 0.000000e+00
945 1.284683e-06
946 9.388454e-07
947 6.969857e-07
948 4.430983e-07
949 2.686743e-07
950 1.588185e-07
951 9.664394e-08
952 6.157795e-08
953 4.135810e-08
954 0.000000e+00
955 0.000000e+00
956 0.000000e+00
957 0.000000e+00
958 0.000000e+00
959 0.000000e+00
960 3.371228e-07
961 2.684831e-07
962 1.947573e-07
963 1.460545e-07
964 9.035818e-08
965 5.531261e-08
966 3.215009e-08
967 1.922411e-08
968 1.204770e-08
969 7.976602e-09
970 0.000000e+00
971 0.000000e+00
972 0.000000e+00
973 0.000000e+00
974 0.000000e+00
975 5.201602e-07
976 4.171023e-07
977 3.028521e-07
978 2.269050e-07
979 1.422064e-07
980 8.670753e-08
981 5.036223e-08
982 3.007382e-08
983 1.877885e-08
984 1.239681e-08
985 0.000000e+00
986 0.000000e+00
987 0.000000e+00
988 0.000000e+00
989 0.000000e+00
990 6.398724e-07
991 5.143851e-07
992 3.736261e-07
993 2.798275e-07
994 1.761971e-07
995 1.072738e-07
996 6.229366e-08
997 3.718196e-08
998 2.318718e-08
999 1.529062e-08
1000 0.000000e+00
1001 0.000000e+00
1002 0.000000e+00
1003 0.000000e+00
1004 0.000000e+00
1005 7.382357e-07
1006 5.943126e-07
1007 4.317715e-07
1008 3.233096e-07
1009 2.041234e-07
1010 1.241698e-07
1011 7.209649e-08
1012 4.302199e-08
1013 2.680897e-08
1014 1.766814e-08
1015 0.000000e+00
1016 0.000000e+00
1017 0.000000e+00
1018 0.000000e+00
1019 0.000000e+00
1020 8.139596e-07
1021 6.558390e-07
1022 4.765327e-07
1023 3.567807e-07
1024 2.256220e-07
1025 1.371778e-07
1026 7.964314e-08
1027 4.751755e-08
1028 2.959718e-08
1029 1.949827e-08
1030 0.000000e+00
1031 0.000000e+00
1032 0.000000e+00
1033 0.000000e+00
1034 0.000000e+00
1035 8.800254e-07
1036 7.095243e-07
1037 5.155916e-07
1038 3.859857e-07
1039 2.443794e-07
1040 1.485270e-07
1041 8.622743e-08
1042 5.144028e-08
1043 3.202995e-08
1044 2.109535e-08
1045 0.000000e+00
1046 0.000000e+00
1047 0.000000e+00
1048 0.000000e+00
1049 0.000000e+00
1050 9.426736e-07
1051 7.604327e-07
1052 5.526249e-07
1053 4.136780e-07
1054 2.621647e-07
1055 1.592896e-07
1056 9.247120e-08
1057 5.515972e-08
1058 3.433673e-08
1059 2.260959e-08
1060 0.000000e+00
1061 0.000000e+00
1062 0.000000e+00
1063 0.000000e+00
1064 0.000000e+00
1065 1.015768e-06
1066 8.198310e-07
1067 5.958365e-07
1068 4.459927e-07
1069 2.829175e-07
1070 1.718473e-07
1071 9.975607e-08
1072 5.949995e-08
1073 3.702828e-08
1074 2.437647e-08
1075 0.000000e+00
1076 0.000000e+00
1077 0.000000e+00
1078 0.000000e+00
1079 0.000000e+00
1080 1.975545e-07
1081 1.796482e-07
1082 1.383900e-07
1083 1.000787e-07
1084 7.499103e-08
1085 4.334085e-08
1086 2.656198e-08
1087 1.531576e-08
1088 9.057699e-09
1089 5.635487e-09
1090 0.000000e+00
1091 0.000000e+00
1092 0.000000e+00
1093 0.000000e+00
1094 0.000000e+00
1095 3.249714e-07
1096 2.968236e-07
1097 2.295928e-07
1098 1.659292e-07
1099 1.245165e-07
1100 7.236810e-08
1101 4.446806e-08
1102 2.557950e-08
1103 1.507376e-08
1104 9.357077e-09
1105 0.000000e+00
1106 0.000000e+00
1107 0.000000e+00
1108 0.000000e+00
1109 0.000000e+00
1110 4.306280e-07
1111 3.940342e-07
1112 3.052903e-07
1113 2.205836e-07
1114 1.656231e-07
1115 9.648066e-08
1116 5.934314e-08
1117 3.410487e-08
1118 2.006900e-08
1119 1.244630e-08
1120 0.000000e+00
1121 0.000000e+00
1122 0.000000e+00
1123 0.000000e+00
1124 0.000000e+00
1125 5.118675e-07
1126 4.687719e-07
1127 3.634880e-07
1128 2.626035e-07
1129 1.972257e-07
1130 1.150174e-07
1131 7.077884e-08
1132 4.065897e-08
1133 2.390921e-08
1134 1.482137e-08
1135 0.000000e+00
1136 0.000000e+00
1137 0.000000e+00
1138 0.000000e+00
1139 0.000000e+00
1140 5.827486e-07
1141 5.339873e-07
1142 4.142683e-07
1143 2.992682e-07
1144 2.248018e-07
1145 1.311919e-07
1146 8.075741e-08
1147 4.637790e-08
1148 2.726008e-08
1149 1.689370e-08
1150 0.000000e+00
1151 0.000000e+00
1152 0.000000e+00
1153 0.000000e+00
1154 0.000000e+00
1155 6.499630e-07
1156 5.958254e-07
1157 4.624212e-07
1158 3.340351e-07
1159 2.509506e-07
1160 1.465295e-07
1161 9.021925e-08
1162 5.180077e-08
1163 3.043750e-08
1164 1.885873e-08
1165 0.000000e+00
1166 0.000000e+00
1167 0.000000e+00
1168 0.000000e+00
1169 0.000000e+00
1170 7.283846e-07
1171 6.679733e-07
1172 5.186008e-07
1173 3.745984e-07
1174 2.814577e-07
1175 1.644239e-07
1176 1.012585e-07
1177 5.812754e-08
1178 3.414473e-08
1179 2.115149e-08
1180 0.000000e+00
1181 0.000000e+00
1182 0.000000e+00
1183 0.000000e+00
1184 0.000000e+00
1185 1.252785e-07
1186 1.236048e-07
1187 1.038804e-07
1188 7.586257e-08
1189 5.637202e-08
1190 3.827139e-08
1191 2.260228e-08
1192 1.287473e-08
1193 7.441312e-09
1194 4.398506e-09
1195 2.756135e-09
1196 0.000000e+00
1197 0.000000e+00
1198 0.000000e+00
1199 0.000000e+00
1200 2.309519e-07
1201 2.286180e-07
1202 1.929729e-07
1203 1.412117e-07
1204 1.047319e-07
1205 7.168732e-08
1206 4.209278e-08
1207 2.401621e-08
1208 1.390266e-08
1209 8.200592e-09
1210 5.126219e-09
1211 0.000000e+00
1212 0.000000e+00
1213 0.000000e+00
1214 0.000000e+00
1215 3.123230e-07
1216 3.095003e-07
1217 2.616146e-07
1218 1.915692e-07
1219 1.419925e-07
1220 9.744465e-08
1221 5.711207e-08
1222 3.260329e-08
1223 1.888241e-08
1224 1.113063e-08
1225 6.952514e-09
1226 0.000000e+00
1227 0.000000e+00
1228 0.000000e+00
1229 0.000000e+00
1230 3.831935e-07
1231 3.799432e-07
1232 3.213903e-07
1233 2.354215e-07
1234 1.744400e-07
1235 1.198757e-07
1236 7.019122e-08
1237 4.008120e-08
1238 2.321897e-08
1239 1.368230e-08
1240 8.542871e-09
1241 0.000000e+00
1242 0.000000e+00
1243 0.000000e+00
1244 0.000000e+00
1245 4.503977e-07
1246 4.467362e-07
1247 3.780737e-07
1248 2.770046e-07
1249 2.052095e-07
1250 1.411454e-07
1251 8.259382e-08
1252 4.717229e-08
1253 2.733118e-08
1254 1.610194e-08
1255 1.005098e-08
1256 0.000000e+00
1257 0.000000e+00
1258 0.000000e+00
1259 0.000000e+00
1260 5.288015e-07
1261 5.246659e-07
1262 4.442070e-07
1263 3.255223e-07
1264 2.411084e-07
1265 1.659601e-07
1266 9.706421e-08
1267 5.544503e-08
1268 3.212871e-08
1269 1.892488e-08
1270 1.181051e-08
1271 0.000000e+00
1272 0.000000e+00
1273 0.000000e+00
1274 0.000000e+00
1275 9.297631e-08
1276 9.678520e-08
1277 8.755203e-08
1278 6.695743e-08
1279 4.840330e-08
1280 3.625044e-08
1281 2.047444e-08
1282 1.235995e-08
1283 6.985729e-09
1284 4.036196e-09
1285 2.416949e-09
1286 0.000000e+00
1287 0.000000e+00
1288 0.000000e+00
1289 0.000000e+00
1290 1.733606e-07
1291 1.808876e-07
1292 1.642041e-07
1293 1.259667e-07
1294 9.099628e-08
1295 6.826823e-08
1296 3.868470e-08
1297 2.343933e-08
1298 1.321419e-08
1299 7.613801e-09
1300 4.549159e-09
1301 0.000000e+00
1302 0.000000e+00
1303 0.000000e+00
1304 0.000000e+00
1305 2.424634e-07
1306 2.531893e-07
1307 2.301013e-07
1308 1.766982e-07
1309 1.276148e-07
1310 9.579444e-08
1311 5.434249e-08
1312 3.296555e-08
1313 1.856967e-08
1314 1.068970e-08
1315 6.382326e-09
1316 0.000000e+00
1317 0.000000e+00
1318 0.000000e+00
1319 0.000000e+00
1320 3.078577e-07
1321 3.216065e-07
1322 2.924568e-07
1323 2.247029e-07
1324 1.622652e-07
1325 1.218404e-07
1326 6.915697e-08
1327 4.197839e-08
1328 2.363663e-08
1329 1.359998e-08
1330 8.116900e-09
1331 0.000000e+00
1332 0.000000e+00
1333 0.000000e+00
1334 0.000000e+00
1335 3.841561e-07
1336 4.014323e-07
1337 3.652105e-07
1338 2.807097e-07
1339 2.026908e-07
1340 1.522281e-07
1341 8.644124e-08
1342 5.249408e-08
1343 2.954836e-08
1344 1.699550e-08
1345 1.014064e-08
1346 0.000000e+00
1347 0.000000e+00
1348 0.000000e+00
1349 0.000000e+00
1350 7.060196e-08
1351 7.639929e-08
1352 7.323091e-08
1353 5.931485e-08
1354 4.278674e-08
1355 3.226099e-08
1356 2.012901e-08
1357 1.234805e-08
1358 6.855015e-09
1359 3.774186e-09
1360 2.182231e-09
1361 1.327614e-09
1362 0.000000e+00
1363 0.000000e+00
1364 0.000000e+00
1365 1.383980e-07
1366 1.500502e-07
1367 1.442508e-07
1368 1.172454e-07
1369 8.464042e-08
1370 6.374588e-08
1371 4.009193e-08
1372 2.450864e-08
1373 1.360929e-08
1374 7.497667e-09
1375 4.323430e-09
1376 2.623496e-09
1377 0.000000e+00
1378 0.000000e+00
1379 0.000000e+00
1380 2.010031e-07
1381 2.180563e-07
1382 2.098198e-07
1383 1.707216e-07
1384 1.232755e-07
1385 9.281020e-08
1386 5.851418e-08
1387 3.573215e-08
1388 1.984300e-08
1389 1.093430e-08
1390 6.299815e-09
1391 3.819753e-09
1392 0.000000e+00
1393 0.000000e+00
1394 0.000000e+00
1395 2.739546e-07
1396 2.973002e-07
1397 2.862206e-07
1398 2.330303e-07
1399 1.682909e-07
1400 1.266749e-07
1401 7.997821e-08
1402 4.880901e-08
1403 2.710609e-08
1404 1.493828e-08
1405 8.602574e-09
1406 5.213599e-09
1407 0.000000e+00
1408 0.000000e+00
1409 0.000000e+00
1410 5.721682e-08
1411 6.383971e-08
1412 6.410595e-08
1413 5.503150e-08
1414 4.054907e-08
1415 2.987353e-08
1416 2.102521e-08
1417 1.200393e-08
1418 6.754752e-09
1419 3.822510e-09
1420 2.126418e-09
1421 1.240663e-09
1422 0.000000e+00
1423 0.000000e+00
1424 0.000000e+00
1425 1.179014e-07
1426 1.317712e-07
1427 1.326618e-07
1428 1.142897e-07
1429 8.438651e-08
1430 6.207513e-08
1431 4.394013e-08
1432 2.498749e-08
1433 1.409801e-08
1434 7.976229e-09
1435 4.434303e-09
1436 2.581000e-09
1437 0.000000e+00
1438 0.000000e+00
1439 0.000000e+00
1440 1.864659e-07
1441 2.085133e-07
1442 2.100928e-07
1443 1.811975e-07
1444 1.338744e-07
1445 9.843172e-08
1446 6.979941e-08
1447 3.964442e-08
1448 2.238585e-08
1449 1.266432e-08
1450 7.039246e-09
1451 4.094128e-09
1452 0.000000e+00
1453 0.000000e+00
1454 0.000000e+00
1455 5.011501e-08
1456 5.741781e-08
1457 5.999675e-08
1458 5.448656e-08
1459 4.176603e-08
1460 3.016856e-08
1461 2.265473e-08
1462 1.269378e-08
1463 7.588322e-09
1464 4.158751e-09
1465 2.293666e-09
1466 1.281129e-09
1467 0.000000e+00
1468 0.000000e+00
1469 0.000000e+00
1470 1.144179e-07
1471 1.312911e-07
1472 1.374998e-07
1473 1.252944e-07
1474 9.633672e-08
1475 6.954042e-08
1476 5.230427e-08
1477 2.941252e-08
1478 1.765421e-08
1479 9.654095e-09
1480 5.309427e-09
1481 2.958519e-09
1482 0.000000e+00
1483 0.000000e+00
1484 0.000000e+00
1485 5.314794e-08
1486 6.244586e-08
1487 6.769962e-08
1488 6.498028e-08
1489 5.267463e-08
1490 3.800547e-08
1491 2.867359e-08
1492 1.781821e-08
1493 1.084664e-08
1494 5.885820e-09
1495 3.099706e-09
1496 1.672721e-09
1497 9.317301e-10
1498 0.000000e+00
1499 0.000000e+00
1500 1.109684e-04
1501 8.086786e-05
1502 6.035546e-05
1503 3.805236e-05
1504 2.321989e-05
1505 1.369104e-05
1506 8.324421e-06
1507 5.304277e-06
1508 3.565556e-06
1509 0.000000e+00
1510 0.000000e+00
1511 0.000000e+00
1512 0.000000e+00
1513 0.000000e+00
1514 0.000000e+00
1515 5.757601e-05
1516 4.644359e-05
1517 3.369791e-05
1518 2.528332e-05
1519 1.597668e-05
1520 9.754545e-06
1521 5.648866e-06
1522 3.364481e-06
1523 2.093966e-06
1524 1.379138e-06
1525 0.000000e+00
1526 0.000000e+00
1527 0.000000e+00
1528 0.000000e+00
1529 0.000000e+00
1530 4.047788e-05
1531 3.713775e-05
1532 2.882267e-05
1533 2.080348e-05
1534 1.566222e-05
1535 9.111532e-06
1536 5.625604e-06
1537 3.225263e-06
1538 1.896511e-06
1539 1.174730e-06
1540 0.000000e+00
1541 0.000000e+00
1542 0.000000e+00
1543 0.000000e+00
1544 0.000000e+00
1545 2.912801e-05
1546 2.891312e-05
1547 2.448503e-05
1548 1.793535e-05
1549 1.328396e-05
1550 9.154542e-06
1551 5.351144e-06
1552 3.053081e-06
1553 1.771954e-06
1554 1.042590e-06
1555 6.506122e-07
1556 0.000000e+00
1557 0.000000e+00
1558 0.000000e+00
1559 0.000000e+00
1560 2.085098e-05
1561 2.179680e-05
1562 1.983793e-05
1563 1.524768e-05
1564 1.100576e-05
1565 8.274949e-06
1566 4.689296e-06
1567 2.850415e-06
1568 1.602925e-06
1569 9.233707e-07
1570 5.506294e-07
1571 0.000000e+00
1572 0.000000e+00
1573 0.000000e+00
1574 0.000000e+00
1575 1.487210e-05
1576 1.614453e-05
1577 1.554949e-05
1578 1.266314e-05
1579 9.143013e-06
1580 6.883420e-06
1581 4.347301e-06
1582 2.655947e-06
1583 1.474901e-06
1584 8.112783e-07
1585 4.673052e-07
1586 2.832009e-07
1587 0.000000e+00
1588 0.000000e+00
1589 0.000000e+00
1590 1.001028e-05
1591 1.119728e-05
1592 1.128693e-05
1593 9.739022e-06
1594 7.195644e-06
1595 5.289411e-06
1596 3.755371e-06
1597 2.130464e-06
1598 1.202339e-06
1599 6.811759e-07
1600 3.783133e-07
1601 2.200058e-07
1602 0.000000e+00
1603 0.000000e+00
1604 0.000000e+00
1605 6.201116e-06
1606 7.118100e-06
1607 7.458527e-06
1608 6.801106e-06
1609 5.231433e-06
1610 3.775220e-06
1611 2.841823e-06
1612 1.597077e-06
1613 9.596537e-07
1614 5.242846e-07
1615 2.885232e-07
1616 1.606418e-07
1617 0.000000e+00
1618 0.000000e+00
1619 0.000000e+00
1620 3.163407e-06
1621 3.720115e-06
1622 4.038202e-06
1623 3.883392e-06
1624 3.154630e-06
1625 2.276770e-06
1626 1.716871e-06
1627 1.071974e-06
1628 6.518364e-07
1629 3.538249e-07
1630 1.861971e-07
1631 1.003484e-07
1632 5.578990e-08
1633 0.000000e+00
1634 0.000000e+00
1635 8.891198e-07
1636 1.072208e-06
1637 1.206146e-06
1638 1.224576e-06
1639 1.066696e-06
1640 7.933436e-07
1641 5.815894e-07
1642 4.169104e-07
1643 2.343421e-07
1644 1.314261e-07
1645 7.164692e-08
1646 3.730540e-08
1647 1.958823e-08
1648 0.000000e+00
1649 0.000000e+00
