0 2.250432e-09
1 1.463022e-09
2 9.201997e-10
3 5.795052e-10
4 3.724032e-10
5 2.449960e-10
6 1.629256e-10
7 1.070266e-10
8 6.784437e-11
9 4.077007e-11
10 2.299602e-11
11 1.215608e-11
12 6.062932e-12
13 2.885543e-12
14 1.326910e-12
15 3.798344e-09
16 2.526870e-09
17 1.606422e-09
18 1.001228e-09
19 6.330504e-10
20 4.099062e-10
21 2.711662e-10
22 1.798295e-10
23 1.166186e-10
24 7.235557e-11
25 4.229754e-11
26 2.315245e-11
27 1.189519e-11
28 5.790412e-12
29 2.703817e-12
30 4.351555e-09
31 2.914686e-09
32 1.863269e-09
33 1.160118e-09
34 7.304960e-10
35 4.704893e-10
36 3.102222e-10
37 2.059032e-10
38 1.341666e-10
39 8.390510e-11
40 4.954473e-11
41 2.740813e-11
42 1.421605e-11
43 6.973447e-12
44 3.273701e-12
45 4.660382e-09
46 3.131202e-09
47 2.006706e-09
48 1.248899e-09
49 7.849272e-10
50 5.043374e-10
51 3.320940e-10
52 2.204281e-10
53 1.439553e-10
54 9.034433e-11
55 5.357798e-11
56 2.977193e-11
57 1.550851e-11
58 7.632413e-12
59 3.591503e-12
60 4.865765e-09
61 3.275377e-09
62 2.102079e-09
63 1.307953e-09
64 8.211190e-10
65 5.269057e-10
66 3.466507e-10
67 2.301368e-10
68 1.504607e-10
69 9.463835e-11
70 5.628188e-11
71 3.136136e-11
72 1.637208e-11
73 8.074929e-12
74 3.805764e-12
75 5.020110e-09
76 3.383363e-09
77 2.173755e-09
78 1.352254e-09
79 8.483447e-10
80 5.438614e-10
81 3.575524e-10
82 2.373994e-10
83 1.553852e-10
84 9.788127e-11
85 5.829645e-11
86 3.254335e-11
87 1.701980e-11
88 8.402378e-12
89 3.963162e-12
90 5.145125e-09
91 3.471239e-09
92 2.231863e-09
93 1.388463e-09
94 8.704739e-10
95 5.575667e-10
96 3.664402e-10
97 2.433221e-10
98 1.593786e-10
99 1.005005e-10
100 5.994996e-11
101 3.351140e-11
102 1.754734e-11
103 8.671333e-12
104 4.092785e-12
105 5.255101e-09
106 3.547918e-09
107 2.283127e-09
108 1.420133e-09
109 8.898124e-10
110 5.696106e-10
111 3.741825e-10
112 2.484935e-10
113 1.627900e-10
114 1.027524e-10
115 6.135688e-11
116 3.435107e-11
117 1.800943e-11
118 8.907050e-12
119 4.203167e-12
120 5.359373e-09
121 3.621417e-09
122 2.331797e-09
123 1.450127e-09
124 9.082064e-10
125 5.810239e-10
126 3.815120e-10
127 2.534093e-10
128 1.661528e-10
129 1.049639e-10
130 6.275606e-11
131 3.515787e-11
132 1.844613e-11
133 9.129902e-12
134 4.314036e-12
135 5.478279e-09
136 3.704422e-09
137 2.387431e-09
138 1.484632e-09
139 9.293327e-10
140 5.942145e-10
141 3.900315e-10
142 2.590040e-10
143 1.699598e-10
144 1.074912e-10
145 6.433217e-11
146 3.608309e-11
147 1.895186e-11
148 9.385718e-12
149 4.437383e-12
150 7.894487e-09
151 5.434947e-09
152 3.569769e-09
153 2.229691e-09
154 1.382617e-09
155 8.716853e-10
156 5.653257e-10
157 3.741348e-10
158 2.473708e-10
159 1.592516e-10
160 9.766721e-11
161 5.628452e-11
162 3.033454e-11
163 1.535239e-11
164 7.374966e-12
165 9.968412e-09
166 6.949228e-09
167 4.630117e-09
168 2.922063e-09
169 1.802528e-09
170 1.127188e-09
171 7.231560e-10
172 4.755031e-10
173 3.148739e-10
174 2.045886e-10
175 1.274310e-10
176 7.485731e-11
177 4.115317e-11
178 2.120215e-11
179 1.032815e-11
180 1.118129e-08
181 7.838788e-09
182 5.253569e-09
183 3.332509e-09
184 2.052269e-09
185 1.279351e-09
186 8.166152e-10
187 5.353157e-10
188 3.545266e-10
189 2.312205e-10
190 1.449463e-10
191 8.582316e-11
192 4.758089e-11
193 2.470430e-11
194 1.210871e-11
195 1.199397e-08
196 8.435718e-09
197 5.672438e-09
198 3.608466e-09
199 2.220457e-09
200 1.381518e-09
201 8.793336e-10
202 5.755190e-10
203 3.811610e-10
204 2.490968e-10
205 1.567050e-10
206 9.319951e-11
207 5.190888e-11
208 2.706320e-11
209 1.330947e-11
210 1.260248e-08
211 8.883292e-09
212 5.986929e-09
213 3.814522e-09
214 2.346328e-09
215 1.458153e-09
216 9.264304e-10
217 6.055631e-10
218 4.010816e-10
219 2.624716e-10
220 1.654960e-10
221 9.872256e-11
222 5.514868e-11
223 2.882499e-11
224 1.420653e-11
225 1.309741e-08
226 9.245414e-09
227 6.240437e-09
228 3.982480e-09
229 2.448051e-09
230 1.520103e-09
231 9.644256e-10
232 6.299447e-10
233 4.172395e-10
234 2.733021e-10
235 1.726268e-10
236 1.031741e-10
237 5.775678e-11
238 3.025107e-11
239 1.493104e-11
240 1.352638e-08
241 9.560518e-09
242 6.462118e-09
243 4.128505e-09
244 2.537256e-09
245 1.574289e-09
246 9.975776e-10
247 6.510879e-10
248 4.313414e-10
249 2.827694e-10
250 1.788539e-10
251 1.070756e-10
252 6.004982e-11
253 3.149958e-11
254 1.556078e-11
255 1.393639e-08
256 9.861436e-09
257 6.673677e-09
258 4.268195e-09
259 2.621837e-09
260 1.625698e-09
261 1.029225e-09
262 6.713038e-10
263 4.447667e-10
264 2.917756e-10
265 1.847792e-10
266 1.107968e-10
267 6.222939e-11
268 3.268351e-11
269 1.616708e-11
270 1.441198e-08
271 1.021044e-08
272 6.918409e-09
273 4.428900e-09
274 2.719603e-09
275 1.685648e-09
276 1.066192e-09
277 6.949157e-10
278 4.603188e-10
279 3.022173e-10
280 1.916639e-10
281 1.151134e-10
282 6.475348e-11
283 3.406113e-11
284 1.686738e-11
285 1.361766e-08
286 9.686582e-09
287 6.578287e-09
288 4.244139e-09
289 2.615094e-09
290 1.619775e-09
291 1.021316e-09
292 6.626165e-10
293 4.371674e-10
294 2.865355e-10
295 1.819221e-10
296 1.097142e-10
297 6.212711e-11
298 3.293539e-11
299 1.643135e-11
300 1.602459e-08
301 1.152768e-08
302 7.899307e-09
303 5.154415e-09
304 3.187646e-09
305 1.964690e-09
306 1.229082e-09
307 7.913187e-10
308 5.202013e-10
309 3.417550e-10
310 2.186904e-10
311 1.334699e-10
312 7.665746e-11
313 4.122811e-11
314 2.083169e-11
315 1.766629e-08
316 1.278990e-08
317 8.806703e-09
318 5.781795e-09
319 3.584555e-09
320 2.202906e-09
321 1.372926e-09
322 8.802257e-10
323 5.773787e-10
324 3.796962e-10
325 2.439506e-10
326 1.498156e-10
327 8.668235e-11
328 4.696729e-11
329 2.388727e-11
330 1.889937e-08
331 1.373699e-08
332 9.485146e-09
333 6.249536e-09
334 3.881507e-09
335 2.381337e-09
336 1.480546e-09
337 9.467689e-10
338 6.202971e-10
339 4.081282e-10
340 2.628584e-10
341 1.620482e-10
342 9.418444e-11
343 5.126327e-11
344 2.617454e-11
345 1.989787e-08
346 1.450448e-08
347 1.003792e-08
348 6.631755e-09
349 4.122252e-09
350 2.526027e-09
351 1.567636e-09
352 1.000671e-09
353 6.549090e-10
354 4.311238e-10
355 2.781978e-10
356 1.719728e-10
357 1.002677e-10
358 5.474743e-11
359 2.802955e-11
360 2.076946e-08
361 1.517449e-08
362 1.051965e-08
363 6.963038e-09
364 4.331918e-09
365 2.652257e-09
366 1.643607e-09
367 1.047645e-09
368 6.851443e-10
369 4.512156e-10
370 2.915611e-10
371 1.806188e-10
372 1.055692e-10
373 5.778001e-11
374 2.964345e-11
375 2.159388e-08
376 1.580793e-08
377 1.097433e-08
378 7.277763e-09
379 4.530441e-09
380 2.771700e-09
381 1.715676e-09
382 1.092158e-09
383 7.137999e-10
384 4.702451e-10
385 3.042423e-10
386 1.888197e-10
387 1.105960e-10
388 6.065700e-11
389 3.117464e-11
390 2.255809e-08
391 1.654959e-08
392 1.150669e-08
393 7.645408e-09
394 4.763272e-09
395 2.912102e-09
396 1.800280e-09
397 1.144482e-09
398 7.473587e-10
399 4.925558e-10
400 3.190941e-10
401 1.984320e-10
402 1.164913e-10
403 6.402647e-11
404 3.296916e-11
405 1.964956e-08
406 1.439598e-08
407 9.988613e-09
408 6.620869e-09
409 4.142773e-09
410 2.536957e-09
411 1.573330e-09
412 1.000539e-09
413 6.523323e-10
414 4.284778e-10
415 2.764436e-10
416 1.712631e-10
417 1.002896e-10
418 5.508635e-11
419 2.839079e-11
420 2.229946e-08
421 1.652641e-08
422 1.155532e-08
423 7.723145e-09
424 4.873575e-09
425 2.975827e-09
426 1.837673e-09
427 1.159997e-09
428 7.520750e-10
429 4.933974e-10
430 3.195270e-10
431 1.995211e-10
432 1.180869e-10
433 6.563580e-11
434 3.421877e-11
435 2.429010e-08
436 1.813286e-08
437 1.273478e-08
438 8.555664e-09
439 5.425363e-09
440 3.307432e-09
441 2.037866e-09
442 1.280456e-09
443 8.275400e-10
444 5.424359e-10
445 3.520628e-10
446 2.208621e-10
447 1.315348e-10
448 7.361550e-11
449 3.863198e-11
450 2.591368e-08
451 1.943459e-08
452 1.369394e-08
453 9.231062e-09
454 5.872389e-09
455 3.576764e-09
456 2.199708e-09
457 1.378136e-09
458 8.884256e-10
459 5.821403e-10
460 3.784088e-10
461 2.381435e-10
462 1.424236e-10
463 8.007394e-11
464 4.220324e-11
465 2.732347e-08
466 2.057197e-08
467 1.453030e-08
468 9.818071e-09
469 6.262420e-09
470 3.811531e-09
471 2.340705e-09
472 1.463194e-09
473 9.417409e-10
474 6.167932e-10
475 4.013962e-10
476 2.532230e-10
477 1.519260e-10
478 8.571216e-11
479 4.532078e-11
480 2.865781e-08
481 2.164233e-08
482 1.532018e-08
483 1.037353e-08
484 6.631499e-09
485 4.033106e-09
486 2.474389e-09
487 1.543520e-09
488 9.920130e-10
489 6.495172e-10
490 4.231387e-10
491 2.674832e-10
492 1.609085e-10
493 9.103431e-11
494 4.826213e-11
495 3.021952e-08
496 2.289830e-08
497 1.624329e-08
498 1.102433e-08
499 7.062573e-09
500 4.292357e-09
501 2.630514e-09
502 1.637706e-09
503 1.050877e-09
504 6.878171e-10
505 4.485440e-10
506 2.841305e-10
507 1.714092e-10
508 9.726754e-11
509 5.170844e-11
510 2.599058e-08
511 1.959543e-08
512 1.386057e-08
513 9.361720e-09
514 5.989207e-09
515 3.656966e-09
516 2.246916e-09
517 1.403385e-09
518 9.015503e-10
519 5.890464e-10
520 3.825269e-10
521 2.410136e-10
522 1.445988e-10
523 8.169422e-11
524 4.331460e-11
525 2.889103e-08
526 2.203136e-08
527 1.570545e-08
528 1.067788e-08
529 6.890064e-09
530 4.213139e-09
531 2.580094e-09
532 1.600931e-09
533 1.022480e-09
534 6.658997e-10
535 4.329193e-10
536 2.741694e-10
537 1.658384e-10
538 9.463174e-11
539 5.069941e-11
540 3.124158e-08
541 2.400416e-08
542 1.719833e-08
543 1.174423e-08
544 7.618764e-09
545 4.663931e-09
546 2.849033e-09
547 1.760717e-09
548 1.119988e-09
549 7.280476e-10
550 4.736853e-10
551 3.009986e-10
552 1.830260e-10
553 1.050991e-10
554 5.667273e-11
555 3.328770e-08
556 2.572206e-08
557 1.850016e-08
558 1.267083e-08
559 8.253216e-09
560 5.055094e-09
561 3.083231e-09
562 1.899799e-09
563 1.205070e-09
564 7.821439e-10
565 5.091686e-10
566 3.243530e-10
567 1.979878e-10
568 1.142099e-10
569 6.187075e-11
570 3.522804e-08
571 2.735159e-08
572 1.973486e-08
573 1.355092e-08
574 8.856021e-09
575 5.427085e-09
576 3.305575e-09
577 2.031691e-09
578 1.285757e-09
579 8.334998e-10
580 5.428696e-10
581 3.465320e-10
582 2.121954e-10
583 1.228623e-10
584 6.680768e-11
585 3.750175e-08
586 2.925581e-08
587 2.117697e-08
588 1.457838e-08
589 9.557529e-09
590 5.860431e-09
591 3.564767e-09
592 2.185389e-09
593 1.379760e-09
594 8.933045e-10
595 5.821106e-10
596 3.723662e-10
597 2.287473e-10
598 1.329408e-10
599 7.255745e-11
600 3.275711e-08
601 2.538566e-08
602 1.831404e-08
603 1.255950e-08
604 8.198834e-09
605 5.046128e-09
606 3.074733e-09
607 1.893477e-09
608 1.198332e-09
609 7.757275e-10
610 5.040004e-10
611 3.208277e-10
612 1.959792e-10
613 1.133011e-10
614 6.159474e-11
615 3.597923e-08
616 2.819788e-08
617 2.051400e-08
618 1.415284e-08
619 9.308616e-09
620 5.758778e-09
621 3.496938e-09
622 2.143900e-09
623 1.348287e-09
624 8.689231e-10
625 5.640743e-10
626 3.601790e-10
627 2.214075e-10
628 1.290914e-10
629 7.085025e-11
630 3.877504e-08
631 3.063625e-08
632 2.242111e-08
633 1.552919e-08
634 1.026824e-08
635 6.373784e-09
636 3.861112e-09
637 2.359870e-09
638 1.477902e-09
639 9.494086e-10
640 6.160149e-10
641 3.942300e-10
642 2.434175e-10
643 1.427554e-10
644 7.885319e-11
645 4.142349e-08
646 3.294620e-08
647 2.422723e-08
648 1.683549e-08
649 1.117769e-08
650 6.956794e-09
651 4.205936e-09
652 2.564716e-09
653 1.600576e-09
654 1.025673e-09
655 6.652445e-10
656 4.265045e-10
657 2.642779e-10
658 1.557054e-10
659 8.643658e-11
660 4.452442e-08
661 3.564381e-08
662 2.633655e-08
663 1.835866e-08
664 1.223764e-08
665 7.636629e-09
666 4.608408e-09
667 2.803186e-09
668 1.743602e-09
669 1.114615e-09
670 7.226365e-10
671 4.641344e-10
672 2.886043e-10
673 1.708063e-10
674 9.528020e-11
675 4.016776e-08
676 3.197147e-08
677 2.355677e-08
678 1.638868e-08
679 1.088331e-08
680 6.801314e-09
681 4.116343e-09
682 2.512276e-09
683 1.565466e-09
684 1.001002e-09
685 6.477460e-10
686 4.145081e-10
687 2.566091e-10
688 1.512246e-10
689 8.408507e-11
690 4.388323e-08
691 3.532508e-08
692 2.627713e-08
693 1.839096e-08
694 1.229477e-08
695 7.738808e-09
696 4.675230e-09
697 2.844861e-09
698 1.761197e-09
699 1.119637e-09
700 7.226641e-10
701 4.630893e-10
702 2.880696e-10
703 1.710231e-10
704 9.593856e-11
705 4.737218e-08
706 3.848084e-08
707 2.882431e-08
708 2.026826e-08
709 1.361580e-08
710 8.615431e-09
711 5.196056e-09
712 3.154761e-09
713 1.943715e-09
714 1.230415e-09
715 7.927781e-10
716 5.086064e-10
717 3.175656e-10
718 1.895841e-10
719 1.070466e-10
720 5.145748e-08
721 4.216905e-08
722 3.179480e-08
723 2.245663e-08
724 1.515549e-08
725 9.637930e-09
726 5.803791e-09
727 3.516691e-09
728 2.156507e-09
729 1.359704e-09
730 8.745016e-10
731 5.616695e-10
732 3.519558e-10
733 2.112236e-10
734 1.199975e-10
735 4.866995e-08
736 3.979412e-08
737 3.001023e-08
738 2.120889e-08
739 1.429835e-08
740 9.104382e-09
741 5.506672e-09
742 3.337893e-09
743 2.047734e-09
744 1.290197e-09
745 8.280439e-10
746 5.303960e-10
747 3.315000e-10
748 1.985642e-10
749 1.127126e-10
750 5.324611e-08
751 4.407251e-08
752 3.360132e-08
753 2.391968e-08
754 1.622663e-08
755 1.041940e-08
756 6.309989e-09
757 3.813253e-09
758 2.324036e-09
759 1.454580e-09
760 9.294364e-10
761 5.950543e-10
762 3.731864e-10
763 2.250008e-10
764 1.288266e-10
765 5.855866e-08
766 4.903279e-08
767 3.774046e-08
768 2.704142e-08
769 1.844655e-08
770 1.193305e-08
771 7.232392e-09
772 4.359485e-09
773 2.640808e-09
774 1.643389e-09
775 1.046053e-09
776 6.695646e-10
777 4.212853e-10
778 2.555149e-10
779 1.474200e-10
780 5.923107e-08
781 4.985242e-08
782 3.862649e-08
783 2.783298e-08
784 1.904778e-08
785 1.237958e-08
786 7.553630e-09
787 4.542728e-09
788 2.747124e-09
789 1.701601e-09
790 1.077940e-09
791 6.876124e-10
792 4.321600e-10
793 2.624475e-10
794 1.519495e-10
795 6.625254e-08
796 5.664008e-08
797 4.453112e-08
798 3.243985e-08
799 2.237241e-08
800 1.469020e-08
801 9.024179e-09
802 5.404242e-09
803 3.247520e-09
804 1.993178e-09
805 1.252996e-09
806 7.965859e-10
807 5.015269e-10
808 3.064745e-10
809 1.791423e-10
810 7.611348e-08
811 6.655147e-08
812 5.358534e-08
813 3.983182e-08
814 2.784518e-08
815 1.855210e-08
816 1.160124e-08
817 6.928714e-09
818 4.140212e-09
819 2.501742e-09
820 1.547610e-09
821 9.732978e-10
822 6.109370e-10
823 3.751330e-10
824 2.217869e-10
825 5.054593e-07
826 3.691905e-07
827 2.735628e-07
828 1.702856e-07
829 1.037365e-07
830 6.145543e-08
831 3.752490e-08
832 2.407362e-08
833 1.625091e-08
834 0.000000e+00
835 0.000000e+00
836 0.000000e+00
837 0.000000e+00
838 0.000000e+00
839 0.000000e+00
840 7.605598e-07
841 5.556569e-07
842 4.121758e-07
843 2.594947e-07
844 1.576971e-07
845 9.330657e-08
846 5.686649e-08
847 3.634717e-08
848 2.446924e-08
849 0.000000e+00
850 0.000000e+00
851 0.000000e+00
852 0.000000e+00
853 0.000000e+00
854 0.000000e+00
855 9.034708e-07
856 6.601393e-07
857 4.898344e-07
858 3.095543e-07
859 1.879543e-07
860 1.111685e-07
861 6.771198e-08
862 4.322638e-08
863 2.907417e-08
864 0.000000e+00
865 0.000000e+00
866 0.000000e+00
867 0.000000e+00
868 0.000000e+00
869 0.000000e+00
870 9.993278e-07
871 7.302182e-07
872 5.419243e-07
873 3.431341e-07
874 2.082519e-07
875 1.231503e-07
876 7.498702e-08
877 4.784112e-08
878 3.216291e-08
879 0.000000e+00
880 0.000000e+00
881 0.000000e+00
882 0.000000e+00
883 0.000000e+00
884 0.000000e+00
885 1.071193e-06
886 7.827614e-07
887 5.809742e-07
888 3.683088e-07
889 2.234694e-07
890 1.321335e-07
891 8.044121e-08
892 5.130076e-08
893 3.447879e-08
894 0.000000e+00
895 0.000000e+00
896 0.000000e+00
897 0.000000e+00
898 0.000000e+00
899 0.000000e+00
900 1.129439e-06
901 8.253442e-07
902 6.126261e-07
903 3.887123e-07
904 2.358020e-07
905 1.394142e-07
906 8.486152e-08
907 5.410480e-08
908 3.635564e-08
909 0.000000e+00
910 0.000000e+00
911 0.000000e+00
912 0.000000e+00
913 0.000000e+00
914 0.000000e+00
915 1.180268e-06
916 8.625041e-07
917 6.402459e-07
918 4.065191e-07
919 2.465652e-07
920 1.457672e-07
921 8.871918e-08
922 5.655163e-08
923 3.799350e-08
924 0.000000e+00
925 0.000000e+00
926 0.000000e+00
927 0.000000e+00
928 0.000000e+00
929 0.000000e+00
930 1.228460e-06
931 8.977376e-07
932 6.664337e-07
933 4.234011e-07
934 2.567693e-07
935 1.517905e-07
936 9.237652e-08
937 5.887147e-08
938 3.954628e-08
939 0.000000e+00
940 0.000000e+00
941 0.000000e+00
942 0.000000e+00
943 0.000000e+00
944 0.000000e+00
945 1.284683e-06
946 9.388454e-07
947 6.969857e-07
948 4.430983e-07
949 2.686743e-07
950 1.588185e-07
951 9.664394e-08
952 6.157795e-08
953 4.135810e-08
954 0.000000e+00
955 0.000000e+00
956 0.000000e+00
957 0.000000e+00
958 0.000000e+00
959 0.000000e+00
960 3.368872e-07
961 2.682928e-07
962 1.946180e-07
963 1.459505e-07
964 9.029213e-08
965 5.527266e-08
966 3.212688e-08
967 1.921024e-08
968 1.203908e-08
969 7.970932e-09
970 0.000000e+00
971 0.000000e+00
972 0.000000e+00
973 0.000000e+00
974 0.000000e+00
975 5.201584e-07
976 4.171008e-07
977 3.028510e-07
978 2.269042e-07
979 1.422059e-07
980 8.670720e-08
981 5.036203e-08
982 3.007370e-08
983 1.877878e-08
984 1.239677e-08
985 0.000000e+00
986 0.000000e+00
987 0.000000e+00
988 0.000000e+00
989 0.000000e+00
990 6.448120e-07
991 5.183992e-07
992 3.765466e-07
993 2.820115e-07
994 1.775998e-07
995 1.081223e-07
996 6.278598e-08
997 3.747520e-08
998 2.336911e-08
999 1.541004e-08
1000 0.000000e+00
1001 0.000000e+00
1002 0.000000e+00
1003 0.000000e+00
1004 0.000000e+00
1005 7.382357e-07
1006 5.943126e-07
1007 4.317715e-07
1008 3.233096e-07
1009 2.041234e-07
1010 1.241698e-07
1011 7.209649e-08
1012 4.302199e-08
1013 2.680897e-08
1014 1.766814e-08
1015 0.000000e+00
1016 0.000000e+00
1017 0.000000e+00
1018 0.000000e+00
1019 0.000000e+00
1020 8.139596e-07
1021 6.558390e-07
1022 4.765327e-07
1023 3.567807e-07
1024 2.256220e-07
1025 1.371778e-07
1026 7.964314e-08
1027 4.751755e-08
1028 2.959718e-08
1029 1.949827e-08
1030 0.000000e+00
1031 0.000000e+00
1032 0.000000e+00
1033 0.000000e+00
1034 0.000000e+00
1035 8.800254e-07
1036 7.095243e-07
1037 5.155916e-07
1038 3.859857e-07
1039 2.443794e-07
1040 1.485270e-07
1041 8.622743e-08
1042 5.144028e-08
1043 3.202995e-08
1044 2.109535e-08
1045 0.000000e+00
1046 0.000000e+00
1047 0.000000e+00
1048 0.000000e+00
1049 0.000000e+00
1050 9.426736e-07
1051 7.604327e-07
1052 5.526249e-07
1053 4.136780e-07
1054 2.621647e-07
1055 1.592896e-07
1056 9.247120e-08
1057 5.515972e-08
1058 3.433673e-08
1059 2.260959e-08
1060 0.000000e+00
1061 0.000000e+00
1062 0.000000e+00
1063 0.000000e+00
1064 0.000000e+00
1065 1.015768e-06
1066 8.198310e-07
1067 5.958365e-07
1068 4.459927e-07
1069 2.829175e-07
1070 1.718473e-07
1071 9.975607e-08
1072 5.949995e-08
1073 3.702828e-08
1074 2.437647e-08
1075 0.000000e+00
1076 0.000000e+00
1077 0.000000e+00
1078 0.000000e+00
1079 0.000000e+00
1080 1.974292e-07
1081 1.795299e-07
1082 1.382955e-07
1083 1.000107e-07
1084 7.493973e-08
1085 4.330979e-08
1086 2.654256e-08
1087 1.530474e-08
1088 9.051361e-09
1089 5.631647e-09
1090 0.000000e+00
1091 0.000000e+00
1092 0.000000e+00
1093 0.000000e+00
1094 0.000000e+00
1095 3.302845e-07
1096 3.017110e-07
1097 2.333990e-07
1098 1.686777e-07
1099 1.265834e-07
1100 7.358076e-08
1101 4.521592e-08
1102 2.600830e-08
1103 1.532497e-08
1104 9.512401e-09
1105 0.000000e+00
1106 0.000000e+00
1107 0.000000e+00
1108 0.000000e+00
1109 0.000000e+00
1110 4.306279e-07
1111 3.940342e-07
1112 3.052903e-07
1113 2.205836e-07
1114 1.656231e-07
1115 9.648066e-08
1116 5.934314e-08
1117 3.410487e-08
1118 2.006900e-08
1119 1.244630e-08
1120 0.000000e+00
1121 0.000000e+00
1122 0.000000e+00
1123 0.000000e+00
1124 0.000000e+00
1125 5.118675e-07
1126 4.687719e-07
1127 3.634880e-07
1128 2.626035e-07
1129 1.972257e-07
1130 1.150174e-07
1131 7.077884e-08
1132 4.065897e-08
1133 2.390921e-08
1134 1.482137e-08
1135 0.000000e+00
1136 0.000000e+00
1137 0.000000e+00
1138 0.000000e+00
1139 0.000000e+00
1140 5.827486e-07
1141 5.339873e-07
1142 4.142683e-07
1143 2.992682e-07
1144 2.248018e-07
1145 1.311919e-07
1146 8.075741e-08
1147 4.637790e-08
1148 2.726008e-08
1149 1.689370e-08
1150 0.000000e+00
1151 0.000000e+00
1152 0.000000e+00
1153 0.000000e+00
1154 0.000000e+00
1155 6.499630e-07
1156 5.958254e-07
1157 4.624212e-07
1158 3.340351e-07
1159 2.509506e-07
1160 1.465295e-07
1161 9.021925e-08
1162 5.180077e-08
1163 3.043750e-08
1164 1.885873e-08
1165 0.000000e+00
1166 0.000000e+00
1167 0.000000e+00
1168 0.000000e+00
1169 0.000000e+00
1170 7.283846e-07
1171 6.679733e-07
1172 5.186008e-07
1173 3.745984e-07
1174 2.814577e-07
1175 1.644239e-07
1176 1.012585e-07
1177 5.812754e-08
1178 3.414473e-08
1179 2.115149e-08
1180 0.000000e+00
1181 0.000000e+00
1182 0.000000e+00
1183 0.000000e+00
1184 0.000000e+00
1185 1.301905e-07
1186 1.284777e-07
1187 1.080066e-07
1188 7.888551e-08
1189 5.861134e-08
1190 3.981311e-08
1191 2.350374e-08
1192 1.338955e-08
1193 7.739750e-09
1194 4.574249e-09
1195 2.865807e-09
1196 0.000000e+00
1197 0.000000e+00
1198 0.000000e+00
1199 0.000000e+00
1200 2.309424e-07
1201 2.286083e-07
1202 1.929644e-07
1203 1.412053e-07
1204 1.047272e-07
1205 7.168396e-08
1206 4.209088e-08
1207 2.401511e-08
1208 1.390202e-08
1209 8.200219e-09
1210 5.125991e-09
1211 0.000000e+00
1212 0.000000e+00
1213 0.000000e+00
1214 0.000000e+00
1215 3.123230e-07
1216 3.095003e-07
1217 2.616146e-07
1218 1.915692e-07
1219 1.419925e-07
1220 9.744464e-08
1221 5.711206e-08
1222 3.260329e-08
1223 1.888241e-08
1224 1.113063e-08
1225 6.952514e-09
1226 0.000000e+00
1227 0.000000e+00
1228 0.000000e+00
1229 0.000000e+00
1230 3.831935e-07
1231 3.799432e-07
1232 3.213903e-07
1233 2.354215e-07
1234 1.744400e-07
1235 1.198757e-07
1236 7.019122e-08
1237 4.008120e-08
1238 2.321897e-08
1239 1.368230e-08
1240 8.542871e-09
1241 0.000000e+00
1242 0.000000e+00
1243 0.000000e+00
1244 0.000000e+00
1245 4.503977e-07
1246 4.467362e-07
1247 3.780737e-07
1248 2.770046e-07
1249 2.052095e-07
1250 1.411454e-07
1251 8.259382e-08
1252 4.717229e-08
1253 2.733118e-08
1254 1.610194e-08
1255 1.005098e-08
1256 0.000000e+00
1257 0.000000e+00
1258 0.000000e+00
1259 0.000000e+00
1260 5.288015e-07
1261 5.246659e-07
1262 4.442070e-07
1263 3.255223e-07
1264 2.411084e-07
1265 1.659601e-07
1266 9.706421e-08
1267 5.544503e-08
1268 3.212871e-08
1269 1.892488e-08
1270 1.181051e-08
1271 0.000000e+00
1272 0.000000e+00
1273 0.000000e+00
1274 0.000000e+00
1275 9.271677e-08
1276 9.651108e-08
1277 8.729864e-08
1278 6.675981e-08
1279 4.826109e-08
1280 3.614299e-08
1281 2.041252e-08
1282 1.232182e-08
1283 6.964457e-09
1284 4.024116e-09
1285 2.409796e-09
1286 0.000000e+00
1287 0.000000e+00
1288 0.000000e+00
1289 0.000000e+00
1290 1.733497e-07
1291 1.808764e-07
1292 1.641934e-07
1293 1.259582e-07
1294 9.099025e-08
1295 6.826366e-08
1296 3.868202e-08
1297 2.343762e-08
1298 1.321327e-08
1299 7.613283e-09
1300 4.548854e-09
1301 0.000000e+00
1302 0.000000e+00
1303 0.000000e+00
1304 0.000000e+00
1305 2.424634e-07
1306 2.531893e-07
1307 2.301013e-07
1308 1.766982e-07
1309 1.276148e-07
1310 9.579444e-08
1311 5.434248e-08
1312 3.296554e-08
1313 1.856967e-08
1314 1.068970e-08
1315 6.382325e-09
1316 0.000000e+00
1317 0.000000e+00
1318 0.000000e+00
1319 0.000000e+00
1320 3.078577e-07
1321 3.216065e-07
1322 2.924568e-07
1323 2.247029e-07
1324 1.622652e-07
1325 1.218404e-07
1326 6.915697e-08
1327 4.197839e-08
1328 2.363663e-08
1329 1.359998e-08
1330 8.116900e-09
1331 0.000000e+00
1332 0.000000e+00
1333 0.000000e+00
1334 0.000000e+00
1335 3.841561e-07
1336 4.014323e-07
1337 3.652105e-07
1338 2.807097e-07
1339 2.026908e-07
1340 1.522281e-07
1341 8.644124e-08
1342 5.249408e-08
1343 2.954836e-08
1344 1.699550e-08
1345 1.014064e-08
1346 0.000000e+00
1347 0.000000e+00
1348 0.000000e+00
1349 0.000000e+00
1350 7.031320e-08
1351 7.608339e-08
1352 7.292330e-08
1353 5.906095e-08
1354 4.260273e-08
1355 3.212311e-08
1356 2.003922e-08
1357 1.229403e-08
1358 6.824988e-09
1359 3.757582e-09
1360 2.172765e-09
1361 1.321936e-09
1362 0.000000e+00
1363 0.000000e+00
1364 0.000000e+00
1365 1.383908e-07
1366 1.500422e-07
1367 1.442430e-07
1368 1.172388e-07
1369 8.463568e-08
1370 6.374234e-08
1371 4.008945e-08
1372 2.450724e-08
1373 1.360851e-08
1374 7.497232e-09
1375 4.323185e-09
1376 2.623350e-09
1377 0.000000e+00
1378 0.000000e+00
1379 0.000000e+00
1380 2.010031e-07
1381 2.180563e-07
1382 2.098198e-07
1383 1.707216e-07
1384 1.232755e-07
1385 9.281020e-08
1386 5.851418e-08
1387 3.573215e-08
1388 1.984300e-08
1389 1.093430e-08
1390 6.299815e-09
1391 3.819753e-09
1392 0.000000e+00
1393 0.000000e+00
1394 0.000000e+00
1395 2.739546e-07
1396 2.973002e-07
1397 2.862206e-07
1398 2.330303e-07
1399 1.682909e-07
1400 1.266749e-07
1401 7.997821e-08
1402 4.880901e-08
1403 2.710609e-08
1404 1.493828e-08
1405 8.602574e-09
1406 5.213599e-09
1407 0.000000e+00
1408 0.000000e+00
1409 0.000000e+00
1410 5.693588e-08
1411 6.352309e-08
1412 6.378310e-08
1413 5.474933e-08
1414 4.033861e-08
1415 2.971984e-08
1416 2.091378e-08
1417 1.194154e-08
1418 6.719157e-09
1419 3.802396e-09
1420 2.115260e-09
1421 1.234236e-09
1422 0.000000e+00
1423 0.000000e+00
1424 0.000000e+00
1425 1.178990e-07
1426 1.317685e-07
1427 1.326589e-07
1428 1.142872e-07
1429 8.438464e-08
1430 6.207377e-08
1431 4.393913e-08
1432 2.498694e-08
1433 1.409769e-08
1434 7.976049e-09
1435 4.434203e-09
1436 2.580943e-09
1437 0.000000e+00
1438 0.000000e+00
1439 0.000000e+00
1440 1.864659e-07
1441 2.085133e-07
1442 2.100928e-07
1443 1.811975e-07
1444 1.338744e-07
1445 9.843172e-08
1446 6.979941e-08
1447 3.964442e-08
1448 2.238585e-08
1449 1.266432e-08
1450 7.039246e-09
1451 4.094128e-09
1452 0.000000e+00
1453 0.000000e+00
1454 0.000000e+00
1455 4.990088e-08
1456 5.717037e-08
1457 5.973477e-08
1458 5.424393e-08
1459 4.157702e-08
1460 3.003244e-08
1461 2.255165e-08
1462 1.263466e-08
1463 7.552175e-09
1464 4.139159e-09
1465 2.283060e-09
1466 1.275285e-09
1467 0.000000e+00
1468 0.000000e+00
1469 0.000000e+00
1470 1.144178e-07
1471 1.312910e-07
1472 1.374997e-07
1473 1.252943e-07
1474 9.633665e-08
1475 6.954037e-08
1476 5.230423e-08
1477 2.941249e-08
1478 1.765419e-08
1479 9.654087e-09
1480 5.309423e-09
1481 2.958516e-09
1482 0.000000e+00
1483 0.000000e+00
1484 0.000000e+00
1485 5.305562e-08
1486 6.233623e-08
1487 6.757902e-08
1488 6.486208e-08
1489 5.257604e-08
1490 3.793382e-08
1491 2.862013e-08
1492 1.778278e-08
1493 1.082570e-08
1494 5.874401e-09
1495 3.093612e-09
1496 1.669498e-09
1497 9.299805e-10
1498 0.000000e+00
1499 0.000000e+00
1500 1.109684e-04
1501 8.086786e-05
1502 6.035546e-05
1503 3.805236e-05
1504 2.321989e-05
1505 1.369104e-05
1506 8.324421e-06
1507 5.304277e-06
1508 3.565556e-06
1509 0.000000e+00
1510 0.000000e+00
1511 0.000000e+00
1512 0.000000e+00
1513 0.000000e+00
1514 0.000000e+00
1515 5.757601e-05
1516 4.644359e-05
1517 3.369791e-05
1518 2.528332e-05
1519 1.597668e-05
1520 9.754545e-06
1521 5.648866e-06
1522 3.364481e-06
1523 2.093966e-06
1524 1.379138e-06
1525 0.000000e+00
1526 0.000000e+00
1527 0.000000e+00
1528 0.000000e+00
1529 0.000000e+00
1530 4.047788e-05
1531 3.713775e-05
1532 2.882267e-05
1533 2.080348e-05
1534 1.566222e-05
1535 9.111532e-06
1536 5.625604e-06
1537 3.225263e-06
1538 1.896511e-06
1539 1.174730e-06
1540 0.000000e+00
1541 0.000000e+00
1542 0.000000e+00
1543 0.000000e+00
1544 0.000000e+00
1545 2.912801e-05
1546 2.891312e-05
1547 2.448503e-05
1548 1.793535e-05
1549 1.328396e-05
1550 9.154542e-06
1551 5.351144e-06
1552 3.053081e-06
1553 1.771954e-06
1554 1.042590e-06
1555 6.506122e-07
1556 0.000000e+00
1557 0.000000e+00
1558 0.000000e+00
1559 0.000000e+00
1560 2.085098e-05
1561 2.179680e-05
1562 1.983793e-05
1563 1.524768e-05
1564 1.100576e-05
1565 8.274949e-06
1566 4.689296e-06
1567 2.850415e-06
1568 1.602925e-06
1569 9.233707e-07
1570 5.506294e-07
1571 0.000000e+00
1572 0.000000e+00
1573 0.000000e+00
1574 0.000000e+00
1575 1.487210e-05
1576 1.614453e-05
1577 1.554949e-05
1578 1.266314e-05
1579 9.143013e-06
1580 6.883420e-06
1581 4.347301e-06
1582 2.655947e-06
1583 1.474901e-06
1584 8.112783e-07
1585 4.673052e-07
1586 2.832009e-07
1587 0.000000e+00
1588 0.000000e+00
1589 0.000000e+00
1590 1.001028e-05
1591 1.119728e-05
1592 1.128693e-05
1593 9.739022e-06
1594 7.195644e-06
1595 5.289411e-06
1596 3.755371e-06
1597 2.130464e-06
1598 1.202339e-06
1599 6.811759e-07
1600 3.783133e-07
1601 2.200058e-07
1602 0.000000e+00
1603 0.000000e+00
1604 0.000000e+00
1605 6.201116e-06
1606 7.118100e-06
1607 7.458527e-06
1608 6.801106e-06
1609 5.231433e-06
1610 3.775220e-06
1611 2.841823e-06
1612 1.597077e-06
1613 9.596537e-07
1614 5.242846e-07
1615 2.885232e-07
1616 1.606418e-07
1617 0.000000e+00
1618 0.000000e+00
1619 0.000000e+00
1620 3.163407e-06
1621 3.720115e-06
1622 4.038202e-06
1623 3.883392e-06
1624 3.154630e-06
1625 2.276770e-06
1626 1.716871e-06
1627 1.071974e-06
1628 6.518364e-07
1629 3.538249e-07
1630 1.861971e-07
1631 1.003484e-07
1632 5.578990e-08
1633 0.000000e+00
1634 0.000000e+00
1635 8.891198e-07
1636 1.072208e-06
1637 1.206146e-06
1638 1.224576e-06
1639 1.066696e-06
1640 7.933436e-07
1641 5.815894e-07
1642 4.169104e-07
1643 2.343421e-07
1644 1.314261e-07
1645 7.164692e-08
1646 3.730540e-08
1647 1.958823e-08
1648 0.000000e+00
1649 0.000000e+00
