0 2.305394e-09
1 1.501005e-09
2 9.451504e-10
3 5.948775e-10
4 3.819198e-10
5 2.509668e-10
6 1.667711e-10
7 1.096109e-10
8 6.956965e-11
9 4.188968e-11
10 2.369603e-11
11 1.255879e-11
12 6.278579e-12
13 2.993828e-12
14 1.378338e-12
15 3.877232e-09
16 2.583295e-09
17 1.644795e-09
18 1.025476e-09
19 6.478566e-10
20 4.189663e-10
21 2.768622e-10
22 1.835692e-10
23 1.191367e-10
24 7.403759e-11
25 4.338827e-11
26 2.381280e-11
27 1.226758e-11
28 5.984269e-12
29 2.799869e-12
30 4.461254e-09
31 2.993789e-09
32 1.917918e-09
33 1.195016e-09
34 7.517500e-10
35 4.834674e-10
36 3.183744e-10
37 2.111346e-10
38 1.376808e-10
39 8.625114e-11
40 5.107233e-11
41 2.834024e-11
42 1.475414e-11
43 7.259162e-12
44 3.416260e-12
45 4.785113e-09
46 3.221794e-09
47 2.069901e-09
48 1.289644e-09
49 8.096417e-10
50 5.194395e-10
51 3.414360e-10
52 2.264843e-10
53 1.480167e-10
54 9.308259e-11
55 5.536085e-11
56 3.087389e-11
57 1.614281e-11
58 7.972172e-12
59 3.761903e-12
60 5.003469e-09
61 3.375388e-09
62 2.172289e-09
63 1.353419e-09
64 8.486707e-10
65 5.436230e-10
66 3.570093e-10
67 2.368022e-10
68 1.549350e-10
69 9.764690e-11
70 5.824214e-11
71 3.257746e-11
72 1.707909e-11
73 8.452089e-12
74 3.994781e-12
75 5.167385e-09
76 3.490556e-09
77 2.249028e-09
78 1.401059e-09
79 8.779240e-10
80 5.617916e-10
81 3.686751e-10
82 2.445108e-10
83 1.601420e-10
84 1.010786e-10
85 6.040170e-11
86 3.385350e-11
87 1.777944e-11
88 8.811702e-12
89 4.169302e-12
90 5.294555e-09
91 3.579981e-09
92 2.308476e-09
93 1.438212e-09
94 9.006738e-10
95 5.759675e-10
96 3.777505e-10
97 2.506221e-10
98 1.642422e-10
99 1.037728e-10
100 6.210152e-11
101 3.485637e-11
102 1.833094e-11
103 9.094732e-12
104 4.305436e-12
105 5.415167e-09
106 3.664525e-09
107 2.364822e-09
108 1.473685e-09
109 9.224109e-10
110 5.892573e-10
111 3.863980e-10
112 2.562980e-10
113 1.680379e-10
114 1.062786e-10
115 6.367838e-11
116 3.578142e-11
117 1.883991e-11
118 9.355595e-12
119 4.432931e-12
120 5.525217e-09
121 3.742694e-09
122 2.416590e-09
123 1.505599e-09
124 9.419289e-10
125 6.015284e-10
126 3.941411e-10
127 2.615230e-10
128 1.715301e-10
129 1.085844e-10
130 6.513689e-11
131 3.665038e-11
132 1.931703e-11
133 9.600827e-12
134 4.551635e-12
135 5.653410e-09
136 3.831748e-09
137 2.476961e-09
138 1.543148e-09
139 9.648037e-10
140 6.157059e-10
141 4.033342e-10
142 2.675215e-10
143 1.756588e-10
144 1.113060e-10
145 6.684293e-11
146 3.765413e-11
147 1.986855e-11
148 9.884424e-12
149 4.689259e-12
150 7.933969e-09
151 5.465947e-09
152 3.592156e-09
153 2.245570e-09
154 1.392200e-09
155 8.777011e-10
156 5.688256e-10
157 3.762942e-10
158 2.487425e-10
159 1.601644e-10
160 9.828726e-11
161 5.669205e-11
162 3.059190e-11
163 1.550274e-11
164 7.455387e-12
165 1.002981e-08
166 6.997770e-09
167 4.664999e-09
168 2.947361e-09
169 1.818497e-09
170 1.137054e-09
171 7.288725e-10
172 4.789967e-10
173 3.170442e-10
174 2.060358e-10
175 1.284076e-10
176 7.550639e-11
177 4.156557e-11
178 2.144773e-11
179 1.046177e-11
180 1.126932e-08
181 7.910726e-09
182 5.306561e-09
183 3.371555e-09
184 2.077989e-09
185 1.294662e-09
186 8.255184e-10
187 5.406317e-10
188 3.577949e-10
189 2.333586e-10
190 1.463961e-10
191 8.680596e-11
192 4.821751e-11
193 2.508830e-11
194 1.232158e-11
195 1.210626e-08
196 8.528730e-09
197 5.741272e-09
198 3.659242e-09
199 2.253672e-09
200 1.401506e-09
201 8.910566e-10
202 5.823919e-10
203 3.854130e-10
204 2.518697e-10
205 1.585778e-10
206 9.446126e-11
207 5.272202e-11
208 2.755576e-11
209 1.358329e-11
210 1.273565e-08
211 8.992463e-09
212 6.067014e-09
213 3.874652e-09
214 2.385466e-09
215 1.481355e-09
216 9.400831e-10
217 6.137311e-10
218 4.061411e-10
219 2.657559e-10
220 1.677143e-10
221 1.002032e-10
222 5.610911e-11
223 2.940998e-11
224 1.453168e-11
225 1.322764e-08
226 9.354016e-09
227 6.321353e-09
228 4.042987e-09
229 2.488445e-09
230 1.543887e-09
231 9.784505e-10
232 6.381495e-10
233 4.222806e-10
234 2.765757e-10
235 1.748508e-10
236 1.046864e-10
237 5.874852e-11
238 3.085577e-11
239 1.527157e-11
240 1.369050e-08
241 9.695586e-09
242 6.562145e-09
243 4.202470e-09
244 2.585739e-09
245 1.603090e-09
246 1.014680e-09
247 6.612657e-10
248 4.375484e-10
249 2.868186e-10
250 1.815788e-10
251 1.089208e-10
252 6.124449e-11
253 3.222396e-11
254 1.596920e-11
255 1.411340e-08
256 1.000748e-08
257 6.781418e-09
258 4.346711e-09
259 2.674023e-09
260 1.656902e-09
261 1.047822e-09
262 6.823176e-10
263 4.515104e-10
264 2.961627e-10
265 1.877384e-10
266 1.127915e-10
267 6.352289e-11
268 3.347261e-11
269 1.660809e-11
270 1.460275e-08
271 1.036853e-08
272 7.035060e-09
273 4.515042e-09
274 2.776868e-09
275 1.719802e-09
276 1.086299e-09
277 7.068146e-10
278 4.676449e-10
279 3.069735e-10
280 1.948562e-10
281 1.172676e-10
282 6.615834e-11
283 3.491539e-11
284 1.734448e-11
285 1.365272e-08
286 9.713939e-09
287 6.598852e-09
288 4.259152e-09
289 2.625801e-09
290 1.625751e-09
291 1.025000e-09
292 6.648375e-10
293 4.385048e-10
294 2.873810e-10
295 1.824726e-10
296 1.100774e-10
297 6.236328e-11
298 3.308259e-11
299 1.651679e-11
300 1.606162e-08
301 1.156268e-08
302 7.927163e-09
303 5.174312e-09
304 3.203296e-09
305 1.973861e-09
306 1.234605e-09
307 7.944779e-10
308 5.220149e-10
309 3.428571e-10
310 2.194055e-10
311 1.339477e-10
312 7.698684e-11
313 4.144134e-11
314 2.095972e-11
315 1.773458e-08
316 1.285489e-08
317 8.857147e-09
318 5.817701e-09
319 3.612828e-09
320 2.220011e-09
321 1.383100e-09
322 8.861522e-10
323 5.807932e-10
324 3.817795e-10
325 2.452976e-10
326 1.507213e-10
327 8.728930e-11
328 4.735954e-11
329 2.412354e-11
330 1.899593e-08
331 1.382665e-08
332 9.557338e-09
333 6.303076e-09
334 3.920739e-09
335 2.405465e-09
336 1.494936e-09
337 9.550376e-10
338 6.250820e-10
339 4.110510e-10
340 2.647671e-10
341 1.633274e-10
342 9.503887e-11
343 5.181230e-11
344 2.650526e-11
345 1.998148e-08
346 1.458839e-08
347 1.010562e-08
348 6.681506e-09
349 4.162324e-09
350 2.550023e-09
351 1.582562e-09
352 1.008964e-09
353 6.596326e-10
354 4.339389e-10
355 2.799983e-10
356 1.731926e-10
357 1.011044e-10
358 5.529983e-11
359 2.837071e-11
360 2.090981e-08
361 1.530565e-08
362 1.062349e-08
363 7.038571e-09
364 4.388531e-09
365 2.686920e-09
366 1.664730e-09
367 1.059715e-09
368 6.921629e-10
369 4.555030e-10
370 2.943245e-10
371 1.824692e-10
372 1.068059e-10
373 5.857636e-11
374 3.012300e-11
375 2.175531e-08
376 1.595850e-08
377 1.109372e-08
378 7.363714e-09
379 4.595373e-09
380 2.811913e-09
381 1.739946e-09
382 1.105958e-09
383 7.218567e-10
384 4.751836e-10
385 3.074280e-10
386 1.909542e-10
387 1.120206e-10
388 6.157433e-11
389 3.172655e-11
390 2.274037e-08
391 1.672015e-08
392 1.164176e-08
393 7.742917e-09
394 4.836645e-09
395 2.956979e-09
396 1.827590e-09
397 1.160056e-09
398 7.565218e-10
399 4.981254e-10
400 3.226893e-10
401 2.008374e-10
402 1.180986e-10
403 6.506090e-11
404 3.359151e-11
405 1.964450e-08
406 1.439744e-08
407 9.992953e-09
408 6.624440e-09
409 4.147248e-09
410 2.540073e-09
411 1.575047e-09
412 1.001376e-09
413 6.527003e-10
414 4.286236e-10
415 2.765105e-10
416 1.713155e-10
417 1.003419e-10
418 5.513442e-11
419 2.842849e-11
420 2.230604e-08
421 1.654039e-08
422 1.157007e-08
423 7.734701e-09
424 4.883645e-09
425 2.982952e-09
426 1.841883e-09
427 1.162345e-09
428 7.533054e-10
429 4.940535e-10
430 3.199027e-10
431 1.997674e-10
432 1.182669e-10
433 6.577014e-11
434 3.431267e-11
435 2.432952e-08
436 1.818011e-08
437 1.277851e-08
438 8.588261e-09
439 5.451119e-09
440 3.326220e-09
441 2.048453e-09
442 1.286577e-09
443 8.309074e-10
444 5.443259e-10
445 3.531957e-10
446 2.215994e-10
447 1.320414e-10
448 7.396407e-11
449 3.886084e-11
450 2.592461e-08
451 1.946591e-08
452 1.372752e-08
453 9.257330e-09
454 5.896044e-09
455 3.595366e-09
456 2.210307e-09
457 1.383867e-09
458 8.915428e-10
459 5.837197e-10
460 3.792844e-10
461 2.387084e-10
462 1.428380e-10
463 8.038786e-11
464 4.242727e-11
465 2.741920e-08
466 2.067457e-08
467 1.462254e-08
468 9.887794e-09
469 6.314641e-09
470 3.848776e-09
471 2.362643e-09
472 1.475650e-09
473 9.487759e-10
474 6.208339e-10
475 4.038515e-10
476 2.548179e-10
477 1.530020e-10
478 8.643546e-11
479 4.578499e-11
480 2.877960e-08
481 2.177230e-08
482 1.543534e-08
483 1.045961e-08
484 6.696665e-09
485 4.080442e-09
486 2.501867e-09
487 1.559220e-09
488 1.000958e-09
489 6.546039e-10
490 4.262248e-10
491 2.694874e-10
492 1.622564e-10
493 9.194036e-11
494 4.884812e-11
495 3.037813e-08
496 2.306036e-08
497 1.638534e-08
498 1.113046e-08
499 7.142098e-09
500 4.349287e-09
501 2.663379e-09
502 1.656652e-09
503 1.061646e-09
504 6.940413e-10
505 4.523102e-10
506 2.865966e-10
507 1.730649e-10
508 9.837119e-11
509 5.241160e-11
510 2.596620e-08
511 1.958107e-08
512 1.385337e-08
513 9.358230e-09
514 5.987852e-09
515 3.657388e-09
516 2.246757e-09
517 1.403392e-09
518 9.013639e-10
519 5.888291e-10
520 3.823130e-10
521 2.408639e-10
522 1.445147e-10
523 8.166216e-11
524 4.330961e-11
525 2.888029e-08
526 2.203122e-08
527 1.571233e-08
528 1.068445e-08
529 6.896261e-09
530 4.220160e-09
531 2.583367e-09
532 1.603015e-09
533 1.023525e-09
534 6.663345e-10
535 4.330941e-10
536 2.742553e-10
537 1.659060e-10
538 9.469762e-11
539 5.075914e-11
540 3.118158e-08
541 2.397090e-08
542 1.718700e-08
543 1.173974e-08
544 7.619092e-09
545 4.669447e-09
546 2.851955e-09
547 1.762418e-09
548 1.120509e-09
549 7.279666e-10
550 4.734102e-10
551 3.007552e-10
552 1.828907e-10
553 1.050629e-10
554 5.669395e-11
555 3.334838e-08
556 2.579765e-08
557 1.857807e-08
558 1.273289e-08
559 8.299231e-09
560 5.091957e-09
561 3.104276e-09
562 1.912502e-09
563 1.212190e-09
564 7.860398e-10
565 5.113841e-10
566 3.257140e-10
567 1.988858e-10
568 1.148237e-10
569 6.228264e-11
570 3.532284e-08
571 2.746615e-08
572 1.984565e-08
573 1.363833e-08
574 8.920777e-09
575 5.478614e-09
576 3.335380e-09
577 2.049699e-09
578 1.295726e-09
579 8.389984e-10
580 5.460310e-10
581 3.484816e-10
582 2.134762e-10
583 1.237276e-10
584 6.738168e-11
585 3.763503e-08
586 2.940887e-08
587 2.132600e-08
588 1.469652e-08
589 9.644031e-09
590 5.927871e-09
591 3.603893e-09
592 2.209226e-09
593 1.392964e-09
594 9.006313e-10
595 5.863465e-10
596 3.749843e-10
597 2.304644e-10
598 1.340944e-10
599 7.331683e-11
600 3.271093e-08
601 2.535316e-08
602 1.829354e-08
603 1.254610e-08
604 8.190537e-09
605 5.042879e-09
606 3.072326e-09
607 1.892238e-09
608 1.197538e-09
609 7.750142e-10
610 5.034556e-10
611 3.204395e-10
612 1.957293e-10
613 1.131588e-10
614 6.152496e-11
615 3.583563e-08
616 2.808163e-08
617 2.043409e-08
618 1.409621e-08
619 9.271574e-09
620 5.737773e-09
621 3.485056e-09
622 2.136983e-09
623 1.343792e-09
624 8.658662e-10
625 5.619409e-10
626 3.587165e-10
627 2.204588e-10
628 1.285228e-10
629 7.054001e-11
630 3.879018e-08
631 3.066905e-08
632 2.246601e-08
633 1.557081e-08
634 1.029901e-08
635 6.399923e-09
636 3.878265e-09
637 2.370415e-09
638 1.483562e-09
639 9.523409e-10
640 6.175329e-10
641 3.950746e-10
642 2.439441e-10
643 1.431199e-10
644 7.911315e-11
645 4.148082e-08
646 3.302736e-08
647 2.431949e-08
648 1.691501e-08
649 1.123673e-08
650 7.004541e-09
651 4.237052e-09
652 2.583390e-09
653 1.610757e-09
654 1.031151e-09
655 6.682122e-10
656 4.282150e-10
657 2.653502e-10
658 1.564246e-10
659 8.692775e-11
660 4.463369e-08
661 3.578053e-08
662 2.647995e-08
663 1.848406e-08
664 1.232950e-08
665 7.708772e-09
666 4.655590e-09
667 2.831725e-09
668 1.759204e-09
669 1.123047e-09
670 7.272813e-10
671 4.668501e-10
672 2.903128e-10
673 1.719400e-10
674 9.604035e-11
675 3.980177e-08
676 3.164561e-08
677 2.329916e-08
678 1.620046e-08
679 1.075210e-08
680 6.715480e-09
681 4.066113e-09
682 2.482270e-09
683 1.547649e-09
684 9.900672e-10
685 6.407270e-10
686 4.099297e-10
687 2.536376e-10
688 1.493644e-10
689 8.297768e-11
690 4.365040e-08
691 3.512141e-08
692 2.612115e-08
693 1.828072e-08
694 1.221807e-08
695 7.689778e-09
696 4.648337e-09
697 2.828359e-09
698 1.751478e-09
699 1.113592e-09
700 7.186227e-10
701 4.603725e-10
702 2.862766e-10
703 1.698975e-10
704 9.527846e-11
705 4.716124e-08
706 3.830541e-08
707 2.870021e-08
708 2.018970e-08
709 1.356334e-08
710 8.584857e-09
711 5.183866e-09
712 3.146241e-09
713 1.938509e-09
714 1.226865e-09
715 7.900545e-10
716 5.065981e-10
717 3.161790e-10
718 1.887109e-10
719 1.065545e-10
720 5.126761e-08
721 4.202307e-08
722 3.170650e-08
723 2.241257e-08
724 1.512962e-08
725 9.626688e-09
726 5.807163e-09
727 3.517044e-09
728 2.156337e-09
729 1.358866e-09
730 8.732343e-10
731 5.604386e-10
732 3.510135e-10
733 2.106265e-10
734 1.196915e-10
735 4.858435e-08
736 3.971514e-08
737 2.995064e-08
738 2.116742e-08
739 1.427012e-08
740 9.086036e-09
741 5.497069e-09
742 3.331820e-09
743 2.044307e-09
744 1.288090e-09
745 8.265811e-10
746 5.293898e-10
747 3.308247e-10
748 1.981365e-10
749 1.124609e-10
750 5.319186e-08
751 4.403493e-08
752 3.358487e-08
753 2.391915e-08
754 1.623023e-08
755 1.042438e-08
756 6.318619e-09
757 3.817265e-09
758 2.326618e-09
759 1.455743e-09
760 9.297500e-10
761 5.950227e-10
762 3.730713e-10
763 2.249135e-10
764 1.287923e-10
765 5.858602e-08
766 4.909084e-08
767 3.782828e-08
768 2.713759e-08
769 1.852368e-08
770 1.199031e-08
771 7.281114e-09
772 4.386540e-09
773 2.657317e-09
774 1.652059e-09
775 1.050480e-09
776 6.717964e-10
777 4.224796e-10
778 2.562263e-10
779 1.478917e-10
780 5.911721e-08
781 4.974739e-08
782 3.854168e-08
783 2.777264e-08
784 1.900673e-08
785 1.235210e-08
786 7.538601e-09
787 4.533665e-09
788 2.742165e-09
789 1.698472e-09
790 1.075879e-09
791 6.862195e-10
792 4.312181e-10
793 2.618350e-10
794 1.515759e-10
795 6.619601e-08
796 5.659900e-08
797 4.452449e-08
798 3.245680e-08
799 2.239517e-08
800 1.470844e-08
801 9.044073e-09
802 5.417704e-09
803 3.256225e-09
804 1.997465e-09
805 1.254810e-09
806 7.972413e-10
807 5.016995e-10
808 3.065001e-10
809 1.791545e-10
810 7.596517e-08
811 6.641122e-08
812 5.346829e-08
813 3.974754e-08
814 2.778975e-08
815 1.851454e-08
816 1.157893e-08
817 6.918449e-09
818 4.133916e-09
819 2.497954e-09
820 1.545189e-09
821 9.715883e-10
822 6.097258e-10
823 3.743043e-10
824 2.212530e-10
825 5.074683e-07
826 3.706682e-07
827 2.746593e-07
828 1.710400e-07
829 1.041825e-07
830 6.171854e-08
831 3.768359e-08
832 2.417236e-08
833 1.631612e-08
834 0.000000e+00
835 0.000000e+00
836 0.000000e+00
837 0.000000e+00
838 0.000000e+00
839 0.000000e+00
840 7.604567e-07
841 5.555814e-07
842 4.121193e-07
843 2.594550e-07
844 1.576735e-07
845 9.329251e-08
846 5.685823e-08
847 3.634208e-08
848 2.446590e-08
849 0.000000e+00
850 0.000000e+00
851 0.000000e+00
852 0.000000e+00
853 0.000000e+00
854 0.000000e+00
855 9.028248e-07
856 6.596670e-07
857 4.894833e-07
858 3.093279e-07
859 1.878174e-07
860 1.110879e-07
861 6.766295e-08
862 4.319528e-08
863 2.905342e-08
864 0.000000e+00
865 0.000000e+00
866 0.000000e+00
867 0.000000e+00
868 0.000000e+00
869 0.000000e+00
870 9.986506e-07
871 7.297231e-07
872 5.415563e-07
873 3.428968e-07
874 2.081085e-07
875 1.230656e-07
876 7.493562e-08
877 4.780852e-08
878 3.214109e-08
879 0.000000e+00
880 0.000000e+00
881 0.000000e+00
882 0.000000e+00
883 0.000000e+00
884 0.000000e+00
885 1.070523e-06
886 7.822716e-07
887 5.806101e-07
888 3.680742e-07
889 2.233276e-07
890 1.320497e-07
891 8.039037e-08
892 5.126850e-08
893 3.445720e-08
894 0.000000e+00
895 0.000000e+00
896 0.000000e+00
897 0.000000e+00
898 0.000000e+00
899 0.000000e+00
900 1.126718e-06
901 8.233550e-07
902 6.111476e-07
903 3.877592e-07
904 2.352259e-07
905 1.390741e-07
906 8.465503e-08
907 5.397373e-08
908 3.626794e-08
909 0.000000e+00
910 0.000000e+00
911 0.000000e+00
912 0.000000e+00
913 0.000000e+00
914 0.000000e+00
915 1.179655e-06
916 8.620555e-07
917 6.399125e-07
918 4.063041e-07
919 2.464353e-07
920 1.456905e-07
921 8.867261e-08
922 5.652209e-08
923 3.797373e-08
924 0.000000e+00
925 0.000000e+00
926 0.000000e+00
927 0.000000e+00
928 0.000000e+00
929 0.000000e+00
930 1.227882e-06
931 8.973153e-07
932 6.661198e-07
933 4.231988e-07
934 2.566470e-07
935 1.517183e-07
936 9.233268e-08
937 5.884367e-08
938 3.952767e-08
939 0.000000e+00
940 0.000000e+00
941 0.000000e+00
942 0.000000e+00
943 0.000000e+00
944 0.000000e+00
945 1.284130e-06
946 9.384406e-07
947 6.966849e-07
948 4.429044e-07
949 2.685571e-07
950 1.587493e-07
951 9.660192e-08
952 6.155130e-08
953 4.134027e-08
954 0.000000e+00
955 0.000000e+00
956 0.000000e+00
957 0.000000e+00
958 0.000000e+00
959 0.000000e+00
960 3.383647e-07
961 2.695575e-07
962 1.955475e-07
963 1.466380e-07
964 9.077606e-08
965 5.555448e-08
966 3.229078e-08
967 1.930765e-08
968 1.209795e-08
969 8.008720e-09
970 0.000000e+00
971 0.000000e+00
972 0.000000e+00
973 0.000000e+00
974 0.000000e+00
975 5.193381e-07
976 4.164348e-07
977 3.023663e-07
978 2.265415e-07
979 1.419737e-07
980 8.656648e-08
981 5.028043e-08
982 3.002509e-08
983 1.874866e-08
984 1.237694e-08
985 0.000000e+00
986 0.000000e+00
987 0.000000e+00
988 0.000000e+00
989 0.000000e+00
990 6.439352e-07
991 5.176866e-07
992 3.760283e-07
993 2.816241e-07
994 1.773508e-07
995 1.079717e-07
996 6.269858e-08
997 3.742313e-08
998 2.333682e-08
999 1.538884e-08
1000 0.000000e+00
1001 0.000000e+00
1002 0.000000e+00
1003 0.000000e+00
1004 0.000000e+00
1005 7.373640e-07
1006 5.936042e-07
1007 4.312561e-07
1008 3.229242e-07
1009 2.038758e-07
1010 1.240200e-07
1011 7.200959e-08
1012 4.297022e-08
1013 2.677687e-08
1014 1.764707e-08
1015 0.000000e+00
1016 0.000000e+00
1017 0.000000e+00
1018 0.000000e+00
1019 0.000000e+00
1020 8.104227e-07
1021 6.529655e-07
1022 4.744419e-07
1023 3.552172e-07
1024 2.246183e-07
1025 1.365702e-07
1026 7.929066e-08
1027 4.730748e-08
1028 2.946695e-08
1029 1.941279e-08
1030 0.000000e+00
1031 0.000000e+00
1032 0.000000e+00
1033 0.000000e+00
1034 0.000000e+00
1035 8.792183e-07
1036 7.088686e-07
1037 5.151146e-07
1038 3.856289e-07
1039 2.441503e-07
1040 1.483884e-07
1041 8.614702e-08
1042 5.139238e-08
1043 3.200024e-08
1044 2.107584e-08
1045 0.000000e+00
1046 0.000000e+00
1047 0.000000e+00
1048 0.000000e+00
1049 0.000000e+00
1050 9.419188e-07
1051 7.598194e-07
1052 5.521787e-07
1053 4.133444e-07
1054 2.619505e-07
1055 1.591599e-07
1056 9.239598e-08
1057 5.511491e-08
1058 3.430894e-08
1059 2.259135e-08
1060 0.000000e+00
1061 0.000000e+00
1062 0.000000e+00
1063 0.000000e+00
1064 0.000000e+00
1065 1.015047e-06
1066 8.192453e-07
1067 5.954104e-07
1068 4.456741e-07
1069 2.827129e-07
1070 1.717235e-07
1071 9.968424e-08
1072 5.945716e-08
1073 3.700174e-08
1074 2.435905e-08
1075 0.000000e+00
1076 0.000000e+00
1077 0.000000e+00
1078 0.000000e+00
1079 0.000000e+00
1080 1.989552e-07
1081 1.809857e-07
1082 1.394670e-07
1083 1.008534e-07
1084 7.557845e-08
1085 4.370385e-08
1086 2.678878e-08
1087 1.544386e-08
1088 9.130588e-09
1089 5.679797e-09
1090 0.000000e+00
1091 0.000000e+00
1092 0.000000e+00
1093 0.000000e+00
1094 0.000000e+00
1095 3.293887e-07
1096 3.008887e-07
1097 2.327601e-07
1098 1.682161e-07
1099 1.262364e-07
1100 7.337814e-08
1101 4.509095e-08
1102 2.593654e-08
1103 1.528289e-08
1104 9.486339e-09
1105 0.000000e+00
1106 0.000000e+00
1107 0.000000e+00
1108 0.000000e+00
1109 0.000000e+00
1110 4.296923e-07
1111 3.931734e-07
1112 3.046200e-07
1113 2.200996e-07
1114 1.652591e-07
1115 9.626714e-08
1116 5.921142e-08
1117 3.402938e-08
1118 2.002477e-08
1119 1.241895e-08
1120 0.000000e+00
1121 0.000000e+00
1122 0.000000e+00
1123 0.000000e+00
1124 0.000000e+00
1125 5.080714e-07
1126 4.652788e-07
1127 3.607684e-07
1128 2.606400e-07
1129 1.957489e-07
1130 1.141512e-07
1131 7.024449e-08
1132 4.035270e-08
1133 2.372975e-08
1134 1.471039e-08
1135 0.000000e+00
1136 0.000000e+00
1137 0.000000e+00
1138 0.000000e+00
1139 0.000000e+00
1140 5.818876e-07
1141 5.331951e-07
1142 4.136515e-07
1143 2.988233e-07
1144 2.244670e-07
1145 1.309954e-07
1146 8.063621e-08
1147 4.630844e-08
1148 2.721938e-08
1149 1.686853e-08
1150 0.000000e+00
1151 0.000000e+00
1152 0.000000e+00
1153 0.000000e+00
1154 0.000000e+00
1155 6.491549e-07
1156 5.950819e-07
1157 4.618422e-07
1158 3.336171e-07
1159 2.506362e-07
1160 1.463450e-07
1161 9.010547e-08
1162 5.173556e-08
1163 3.039929e-08
1164 1.883510e-08
1165 0.000000e+00
1166 0.000000e+00
1167 0.000000e+00
1168 0.000000e+00
1169 0.000000e+00
1170 7.276095e-07
1171 6.672602e-07
1172 5.180455e-07
1173 3.741975e-07
1174 2.811561e-07
1175 1.642471e-07
1176 1.011494e-07
1177 5.806501e-08
1178 3.410810e-08
1179 2.112883e-08
1180 0.000000e+00
1181 0.000000e+00
1182 0.000000e+00
1183 0.000000e+00
1184 0.000000e+00
1185 1.319782e-07
1186 1.302913e-07
1187 1.095864e-07
1188 8.006005e-08
1189 5.947032e-08
1190 4.043524e-08
1191 2.385477e-08
1192 1.359261e-08
1193 7.858300e-09
1194 4.643249e-09
1195 2.908214e-09
1196 0.000000e+00
1197 0.000000e+00
1198 0.000000e+00
1199 0.000000e+00
1200 2.300743e-07
1201 2.277472e-07
1202 1.922358e-07
1203 1.406716e-07
1204 1.043319e-07
1205 7.141195e-08
1206 4.193174e-08
1207 2.392433e-08
1208 1.384937e-08
1209 8.169189e-09
1210 5.106627e-09
1211 0.000000e+00
1212 0.000000e+00
1213 0.000000e+00
1214 0.000000e+00
1215 3.085264e-07
1216 3.057271e-07
1217 2.584125e-07
1218 1.892203e-07
1219 1.402540e-07
1220 9.624301e-08
1221 5.641142e-08
1222 3.220269e-08
1223 1.865007e-08
1224 1.099395e-08
1225 6.867311e-09
1226 0.000000e+00
1227 0.000000e+00
1228 0.000000e+00
1229 0.000000e+00
1230 3.823291e-07
1231 3.790841e-07
1232 3.206613e-07
1233 2.348870e-07
1234 1.740442e-07
1235 1.196021e-07
1236 7.003170e-08
1237 3.999005e-08
1238 2.316608e-08
1239 1.365118e-08
1240 8.523474e-09
1241 0.000000e+00
1242 0.000000e+00
1243 0.000000e+00
1244 0.000000e+00
1245 4.495872e-07
1246 4.459305e-07
1247 3.773900e-07
1248 2.765030e-07
1249 2.048384e-07
1250 1.408891e-07
1251 8.244423e-08
1252 4.708676e-08
1253 2.728158e-08
1254 1.607276e-08
1255 1.003279e-08
1256 0.000000e+00
1257 0.000000e+00
1258 0.000000e+00
1259 0.000000e+00
1260 5.280303e-07
1261 5.239000e-07
1262 4.435564e-07
1263 3.250451e-07
1264 2.407553e-07
1265 1.657160e-07
1266 9.692175e-08
1267 5.536364e-08
1268 3.208152e-08
1269 1.889711e-08
1270 1.179320e-08
1271 0.000000e+00
1272 0.000000e+00
1273 0.000000e+00
1274 0.000000e+00
1275 9.466802e-08
1276 9.858095e-08
1277 8.922290e-08
1278 6.826754e-08
1279 4.934553e-08
1280 3.696505e-08
1281 2.088964e-08
1282 1.261759e-08
1283 7.128673e-09
1284 4.116873e-09
1285 2.464440e-09
1286 0.000000e+00
1287 0.000000e+00
1288 0.000000e+00
1289 0.000000e+00
1290 1.697121e-07
1291 1.770719e-07
1292 1.607278e-07
1293 1.232916e-07
1294 8.906523e-08
1295 6.681679e-08
1296 3.785961e-08
1297 2.293749e-08
1298 1.293200e-08
1299 7.451652e-09
1300 4.452495e-09
1301 0.000000e+00
1302 0.000000e+00
1303 0.000000e+00
1304 0.000000e+00
1305 2.416221e-07
1306 2.523090e-07
1307 2.292991e-07
1308 1.760808e-07
1309 1.271690e-07
1310 9.545935e-08
1311 5.415189e-08
1312 3.284959e-08
1313 1.850449e-08
1314 1.065226e-08
1315 6.360010e-09
1316 0.000000e+00
1317 0.000000e+00
1318 0.000000e+00
1319 0.000000e+00
1320 3.070696e-07
1321 3.207819e-07
1322 2.917052e-07
1323 2.241244e-07
1324 1.618478e-07
1325 1.215265e-07
1326 6.897842e-08
1327 4.186976e-08
1328 2.357556e-08
1329 1.356490e-08
1330 8.095995e-09
1331 0.000000e+00
1332 0.000000e+00
1333 0.000000e+00
1334 0.000000e+00
1335 3.834039e-07
1336 4.006454e-07
1337 3.644933e-07
1338 2.801571e-07
1339 2.022923e-07
1340 1.519284e-07
1341 8.627084e-08
1342 5.239041e-08
1343 2.949008e-08
1344 1.696203e-08
1345 1.012069e-08
1346 0.000000e+00
1347 0.000000e+00
1348 0.000000e+00
1349 0.000000e+00
1350 6.966829e-08
1351 7.540640e-08
1352 7.230508e-08
1353 5.859018e-08
1354 4.226856e-08
1355 3.186539e-08
1356 1.990231e-08
1357 1.220301e-08
1358 6.774718e-09
1359 3.730558e-09
1360 2.156229e-09
1361 1.311363e-09
1362 0.000000e+00
1363 0.000000e+00
1364 0.000000e+00
1365 1.376266e-07
1366 1.492127e-07
1367 1.434440e-07
1368 1.165886e-07
1369 8.416591e-08
1370 6.338871e-08
1371 3.986617e-08
1372 2.437090e-08
1373 1.353278e-08
1374 7.455530e-09
1375 4.299168e-09
1376 2.608794e-09
1377 0.000000e+00
1378 0.000000e+00
1379 0.000000e+00
1380 2.002500e-07
1381 2.172383e-07
1382 2.090311e-07
1383 1.700784e-07
1384 1.228108e-07
1385 9.246062e-08
1386 5.829262e-08
1387 3.559716e-08
1388 1.976802e-08
1389 1.089295e-08
1390 6.276044e-09
1391 3.805365e-09
1392 0.000000e+00
1393 0.000000e+00
1394 0.000000e+00
1395 2.732353e-07
1396 2.965188e-07
1397 2.854672e-07
1398 2.324159e-07
1399 1.678472e-07
1400 1.263410e-07
1401 7.976661e-08
1402 4.868006e-08
1403 2.703448e-08
1404 1.489881e-08
1405 8.579880e-09
1406 5.199852e-09
1407 0.000000e+00
1408 0.000000e+00
1409 0.000000e+00
1410 5.850140e-08
1411 6.529254e-08
1412 6.559470e-08
1413 5.634582e-08
1414 4.153311e-08
1415 3.059025e-08
1416 2.155155e-08
1417 1.229590e-08
1418 6.922604e-09
1419 3.917107e-09
1420 2.178856e-09
1421 1.270700e-09
1422 0.000000e+00
1423 0.000000e+00
1424 0.000000e+00
1425 1.172016e-07
1426 1.309881e-07
1427 1.318719e-07
1428 1.136073e-07
1429 8.388205e-08
1430 6.170437e-08
1431 4.367658e-08
1432 2.483810e-08
1433 1.401354e-08
1434 7.928430e-09
1435 4.407745e-09
1436 2.565573e-09
1437 0.000000e+00
1438 0.000000e+00
1439 0.000000e+00
1440 1.857899e-07
1441 2.077567e-07
1442 2.093295e-07
1443 1.805379e-07
1444 1.333865e-07
1445 9.807329e-08
1446 6.954448e-08
1447 3.949992e-08
1448 2.230414e-08
1449 1.261810e-08
1450 7.013566e-09
1451 4.079210e-09
1452 0.000000e+00
1453 0.000000e+00
1454 0.000000e+00
1455 5.082835e-08
1456 5.824749e-08
1457 6.088314e-08
1458 5.531814e-08
1459 4.242279e-08
1460 3.064021e-08
1461 2.301369e-08
1462 1.290237e-08
1463 7.717437e-09
1464 4.228254e-09
1465 2.330926e-09
1466 1.301513e-09
1467 0.000000e+00
1468 0.000000e+00
1469 0.000000e+00
1470 1.137976e-07
1471 1.305786e-07
1472 1.367526e-07
1473 1.246120e-07
1474 9.581071e-08
1475 6.916095e-08
1476 5.201854e-08
1477 2.925148e-08
1478 1.755726e-08
1479 9.601158e-09
1480 5.280371e-09
1481 2.942358e-09
1482 0.000000e+00
1483 0.000000e+00
1484 0.000000e+00
1485 5.311739e-08
1486 6.241491e-08
1487 6.767377e-08
1488 6.496811e-08
1489 5.267622e-08
1490 3.800887e-08
1491 2.867388e-08
1492 1.782793e-08
1493 1.084983e-08
1494 5.887753e-09
1495 3.101128e-09
1496 1.673171e-09
1497 9.317862e-10
1498 0.000000e+00
1499 0.000000e+00
1500 1.109684e-04
1501 8.086786e-05
1502 6.035546e-05
1503 3.805236e-05
1504 2.321989e-05
1505 1.369104e-05
1506 8.324421e-06
1507 5.304277e-06
1508 3.565556e-06
1509 0.000000e+00
1510 0.000000e+00
1511 0.000000e+00
1512 0.000000e+00
1513 0.000000e+00
1514 0.000000e+00
1515 5.757601e-05
1516 4.644359e-05
1517 3.369791e-05
1518 2.528332e-05
1519 1.597668e-05
1520 9.754545e-06
1521 5.648866e-06
1522 3.364481e-06
1523 2.093966e-06
1524 1.379138e-06
1525 0.000000e+00
1526 0.000000e+00
1527 0.000000e+00
1528 0.000000e+00
1529 0.000000e+00
1530 4.047788e-05
1531 3.713775e-05
1532 2.882267e-05
1533 2.080348e-05
1534 1.566222e-05
1535 9.111532e-06
1536 5.625604e-06
1537 3.225263e-06
1538 1.896511e-06
1539 1.174730e-06
1540 0.000000e+00
1541 0.000000e+00
1542 0.000000e+00
1543 0.000000e+00
1544 0.000000e+00
1545 2.912801e-05
1546 2.891312e-05
1547 2.448503e-05
1548 1.793535e-05
1549 1.328396e-05
1550 9.154542e-06
1551 5.351144e-06
1552 3.053081e-06
1553 1.771954e-06
1554 1.042590e-06
1555 6.506122e-07
1556 0.000000e+00
1557 0.000000e+00
1558 0.000000e+00
1559 0.000000e+00
1560 2.085098e-05
1561 2.179680e-05
1562 1.983793e-05
1563 1.524768e-05
1564 1.100576e-05
1565 8.274949e-06
1566 4.689296e-06
1567 2.850415e-06
1568 1.602925e-06
1569 9.233707e-07
1570 5.506294e-07
1571 0.000000e+00
1572 0.000000e+00
1573 0.000000e+00
1574 0.000000e+00
1575 1.487210e-05
1576 1.614453e-05
1577 1.554949e-05
1578 1.266314e-05
1579 9.143013e-06
1580 6.883420e-06
1581 4.347301e-06
1582 2.655947e-06
1583 1.474901e-06
1584 8.112783e-07
1585 4.673052e-07
1586 2.832009e-07
1587 0.000000e+00
1588 0.000000e+00
1589 0.000000e+00
1590 1.001028e-05
1591 1.119728e-05
1592 1.128693e-05
1593 9.739022e-06
1594 7.195644e-06
1595 5.289411e-06
1596 3.755371e-06
1597 2.130464e-06
1598 1.202339e-06
1599 6.811759e-07
1600 3.783133e-07
1601 2.200058e-07
1602 0.000000e+00
1603 0.000000e+00
1604 0.000000e+00
1605 6.201116e-06
1606 7.118100e-06
1607 7.458527e-06
1608 6.801106e-06
1609 5.231433e-06
1610 3.775220e-06
1611 2.841823e-06
1612 1.597077e-06
1613 9.596537e-07
1614 5.242846e-07
1615 2.885232e-07
1616 1.606418e-07
1617 0.000000e+00
1618 0.000000e+00
1619 0.000000e+00
1620 3.163407e-06
1621 3.720115e-06
1622 4.038202e-06
1623 3.883392e-06
1624 3.154630e-06
1625 2.276770e-06
1626 1.716871e-06
1627 1.071974e-06
1628 6.518364e-07
1629 3.538249e-07
1630 1.861971e-07
1631 1.003484e-07
1632 5.578990e-08
1633 0.000000e+00
1634 0.000000e+00
1635 8.891198e-07
1636 1.072208e-06
1637 1.206146e-06
1638 1.224576e-06
1639 1.066696e-06
1640 7.933436e-07
1641 5.815894e-07
1642 4.169104e-07
1643 2.343421e-07
1644 1.314261e-07
1645 7.164692e-08
1646 3.730540e-08
1647 1.958823e-08
1648 0.000000e+00
1649 0.000000e+00
