0 2.253931e-09
1 1.465579e-09
2 9.219553e-10
3 5.805883e-10
4 3.731242e-10
5 2.454268e-10
6 1.631695e-10
7 1.071884e-10
8 6.794832e-11
9 4.084033e-11
10 2.304545e-11
11 1.218619e-11
12 6.079772e-12
13 2.894326e-12
14 1.331006e-12
15 3.806606e-09
16 2.533072e-09
17 1.610744e-09
18 1.004065e-09
19 6.347965e-10
20 4.109591e-10
21 2.718046e-10
22 1.802373e-10
23 1.168897e-10
24 7.254448e-11
25 4.242110e-11
26 2.323110e-11
27 1.194205e-11
28 5.815710e-12
29 2.716645e-12
30 4.367007e-09
31 2.925921e-09
32 1.871184e-09
33 1.165470e-09
34 7.337112e-10
35 4.724678e-10
36 3.114534e-10
37 2.066666e-10
38 1.346699e-10
39 8.424220e-11
40 4.976326e-11
41 2.754506e-11
42 1.429946e-11
43 7.018102e-12
44 3.296786e-12
45 4.676661e-09
46 3.143540e-09
47 2.015517e-09
48 1.254903e-09
49 7.885620e-10
50 5.065302e-10
51 3.334161e-10
52 2.212467e-10
53 1.444997e-10
54 9.071265e-11
55 5.382677e-11
56 2.993097e-11
57 1.560353e-11
58 7.685406e-12
59 3.619176e-12
60 4.884529e-09
61 3.289070e-09
62 2.112193e-09
63 1.314845e-09
64 8.253001e-10
65 5.294118e-10
66 3.481501e-10
67 2.310821e-10
68 1.510859e-10
69 9.505730e-11
70 5.656166e-11
71 3.153908e-11
72 1.648379e-11
73 8.133746e-12
74 3.835788e-12
75 5.040318e-09
76 3.398573e-09
77 2.184668e-09
78 1.359846e-09
79 8.528406e-10
80 5.465496e-10
81 3.592088e-10
82 2.384247e-10
83 1.560603e-10
84 9.833559e-11
85 5.860497e-11
86 3.274281e-11
87 1.713814e-11
88 8.469606e-12
89 3.998265e-12
90 5.167018e-09
91 3.487354e-09
92 2.243678e-09
93 1.396406e-09
94 8.753202e-10
95 5.605076e-10
96 3.681974e-10
97 2.444266e-10
98 1.601006e-10
99 1.009980e-10
100 6.028012e-11
101 3.372557e-11
102 1.767740e-11
103 8.744214e-12
104 4.130610e-12
105 5.278300e-09
106 3.565373e-09
107 2.295673e-09
108 1.428673e-09
109 8.950102e-10
110 5.727413e-10
111 3.760413e-10
112 2.496536e-10
113 1.636046e-10
114 1.032833e-10
115 6.172943e-11
116 3.457704e-11
117 1.814534e-11
118 8.983214e-12
119 4.246240e-12
120 5.383152e-09
121 3.639250e-09
122 2.344798e-09
123 1.459030e-09
124 9.136011e-10
125 5.842690e-10
126 3.834290e-10
127 2.546138e-10
128 1.669390e-10
129 1.054536e-10
130 6.311634e-11
131 3.539218e-11
132 1.858912e-11
133 9.210108e-12
134 4.355669e-12
135 5.503497e-09
136 3.723380e-09
137 2.401193e-09
138 1.494085e-09
139 9.350425e-10
140 5.976194e-10
141 3.920964e-10
142 2.602868e-10
143 1.707994e-10
144 1.080580e-10
145 6.471471e-11
146 3.633228e-11
147 1.910357e-11
148 9.472953e-12
149 4.481728e-12
150 7.904550e-09
151 5.443013e-09
152 3.575362e-09
153 2.233923e-09
154 1.385251e-09
155 8.733295e-10
156 5.662799e-10
157 3.747064e-10
158 2.477342e-10
159 1.594893e-10
160 9.783012e-11
161 5.639094e-11
162 3.040264e-11
163 1.539371e-11
164 7.397091e-12
165 9.992941e-09
166 6.968286e-09
167 4.643264e-09
168 2.931377e-09
169 1.808553e-09
170 1.130839e-09
171 7.253294e-10
172 4.768381e-10
173 3.157192e-10
174 2.051345e-10
175 1.277948e-10
176 7.509238e-11
177 4.130142e-11
178 2.129070e-11
179 1.037699e-11
180 1.121055e-08
181 7.863228e-09
182 5.271702e-09
183 3.345916e-09
184 2.061324e-09
185 1.284768e-09
186 8.197514e-10
187 5.370838e-10
188 3.556380e-10
189 2.319526e-10
190 1.454428e-10
191 8.615805e-11
192 4.779859e-11
193 2.483673e-11
194 1.218421e-11
195 1.203255e-08
196 8.468222e-09
197 5.696773e-09
198 3.626296e-09
199 2.232322e-09
200 1.388617e-09
201 8.834668e-10
202 5.779899e-10
203 3.826814e-10
204 2.500809e-10
205 1.573670e-10
206 9.364657e-11
207 5.220023e-11
208 2.724006e-11
209 1.340836e-11
210 1.264919e-08
211 8.922009e-09
212 6.015511e-09
213 3.836248e-09
214 2.360532e-09
215 1.466278e-09
216 9.314341e-10
217 6.085095e-10
218 4.028773e-10
219 2.636501e-10
220 1.662796e-10
221 9.925035e-11
222 5.548781e-11
223 2.903543e-11
224 1.432463e-11
225 1.314992e-08
226 9.289603e-09
227 6.273195e-09
228 4.006914e-09
229 2.464438e-09
230 1.529829e-09
231 9.701649e-10
232 6.333287e-10
233 4.193061e-10
234 2.746421e-10
235 1.735279e-10
236 1.037827e-10
237 5.815392e-11
238 3.049356e-11
239 1.506849e-11
240 1.358456e-08
241 9.609471e-09
242 6.498483e-09
243 4.155428e-09
244 2.555390e-09
245 1.585064e-09
246 1.004079e-09
247 6.548701e-10
248 4.336404e-10
249 2.842505e-10
250 1.798488e-10
251 1.077469e-10
252 6.048760e-11
253 3.176807e-11
254 1.571709e-11
255 1.399953e-08
256 9.914573e-09
257 6.713167e-09
258 4.297033e-09
259 2.641518e-09
260 1.637310e-09
261 1.036149e-09
262 6.753927e-10
263 4.472661e-10
264 2.933845e-10
265 1.858591e-10
266 1.115258e-10
267 6.270530e-11
268 3.297955e-11
269 1.633470e-11
270 1.448122e-08
271 1.026876e-08
272 6.961638e-09
273 4.460816e-09
274 2.741316e-09
275 1.698569e-09
276 1.073818e-09
277 6.993969e-10
278 4.630424e-10
279 3.039809e-10
280 1.928477e-10
281 1.159124e-10
282 6.527243e-11
283 3.437950e-11
284 1.704846e-11
285 1.364416e-08
286 9.707705e-09
287 6.593476e-09
288 4.254600e-09
289 2.622260e-09
290 1.624078e-09
291 1.023964e-09
292 6.641871e-10
293 4.381874e-10
294 2.871713e-10
295 1.823360e-10
296 1.099809e-10
297 6.229420e-11
298 3.303459e-11
299 1.648672e-11
300 1.605398e-08
301 1.155346e-08
302 7.918256e-09
303 5.168239e-09
304 3.197706e-09
305 1.970513e-09
306 1.232747e-09
307 7.934626e-10
308 5.214808e-10
309 3.425481e-10
310 2.192094e-10
311 1.338150e-10
312 7.688235e-11
313 4.136835e-11
314 2.091354e-11
315 1.771431e-08
316 1.283331e-08
317 8.839744e-09
318 5.805612e-09
319 3.602103e-09
320 2.213508e-09
321 1.379397e-09
322 8.839702e-10
323 5.796441e-10
324 3.810716e-10
325 2.448374e-10
326 1.504041e-10
327 8.706906e-11
328 4.721217e-11
329 2.403209e-11
330 1.896335e-08
331 1.379561e-08
332 9.530700e-09
333 6.282364e-09
334 3.905570e-09
335 2.395958e-09
336 1.489452e-09
337 9.519868e-10
338 6.233304e-10
339 4.100125e-10
340 2.640773e-10
341 1.628582e-10
342 9.471760e-11
343 5.160186e-11
344 2.637596e-11
345 1.997519e-08
346 1.457491e-08
347 1.009312e-08
348 6.671836e-09
349 4.151668e-09
350 2.544077e-09
351 1.578723e-09
352 1.007027e-09
353 6.586500e-10
354 4.334225e-10
355 2.796814e-10
356 1.729590e-10
357 1.009198e-10
358 5.516030e-11
359 2.827578e-11
360 2.085949e-08
361 1.525683e-08
362 1.058407e-08
363 7.009827e-09
364 4.366276e-09
365 2.673557e-09
366 1.656548e-09
367 1.055023e-09
368 6.894832e-10
369 4.538782e-10
370 2.932778e-10
371 1.817596e-10
372 1.063242e-10
373 5.826108e-11
374 2.993093e-11
375 2.169397e-08
376 1.589938e-08
377 1.104629e-08
378 7.329523e-09
379 4.568853e-09
380 2.795337e-09
381 1.730084e-09
382 1.100446e-09
383 7.186851e-10
384 4.732338e-10
385 3.061683e-10
386 1.901007e-10
387 1.114442e-10
388 6.119741e-11
389 3.149783e-11
390 2.266999e-08
391 1.665238e-08
392 1.158777e-08
393 7.703997e-09
394 4.806591e-09
395 2.938866e-09
396 1.816502e-09
397 1.153827e-09
398 7.528455e-10
399 4.959160e-10
400 3.212599e-10
401 1.998721e-10
402 1.174455e-10
403 6.463545e-11
404 3.333375e-11
405 1.966114e-08
406 1.440843e-08
407 9.999166e-09
408 6.629012e-09
409 4.148777e-09
410 2.540912e-09
411 1.575690e-09
412 1.001860e-09
413 6.530824e-10
414 4.289101e-10
415 2.767164e-10
416 1.714470e-10
417 1.004151e-10
418 5.517030e-11
419 2.844364e-11
420 2.232244e-08
421 1.655026e-08
422 1.157583e-08
423 7.738279e-09
424 4.884708e-09
425 2.983654e-09
426 1.842317e-09
427 1.162623e-09
428 7.535724e-10
429 4.942716e-10
430 3.200689e-10
431 1.998775e-10
432 1.183280e-10
433 6.579683e-11
434 3.432027e-11
435 2.433721e-08
436 1.818118e-08
437 1.277643e-08
438 8.586385e-09
439 5.448405e-09
440 3.323642e-09
441 2.047203e-09
442 1.285813e-09
443 8.306011e-10
444 5.442277e-10
445 3.531695e-10
446 2.215848e-10
447 1.320191e-10
448 7.393595e-11
449 3.883374e-11
450 2.598243e-08
451 1.950652e-08
452 1.375506e-08
453 9.275728e-09
454 5.905700e-09
455 3.599984e-09
456 2.213284e-09
457 1.386030e-09
458 8.929697e-10
459 5.847553e-10
460 3.800224e-10
461 2.391971e-10
462 1.431277e-10
463 8.053953e-11
464 4.249611e-11
465 2.741204e-08
466 2.066128e-08
467 1.460754e-08
468 9.875367e-09
469 6.304995e-09
470 3.841327e-09
471 2.358086e-09
472 1.473253e-09
473 9.474826e-10
474 6.201482e-10
475 4.034681e-10
476 2.545699e-10
477 1.528248e-10
478 8.630457e-11
479 4.569345e-11
480 2.876416e-08
481 2.175014e-08
482 1.541336e-08
483 1.044273e-08
484 6.683126e-09
485 4.069346e-09
486 2.495460e-09
487 1.555726e-09
488 9.990089e-10
489 6.536071e-10
490 4.256431e-10
491 2.691100e-10
492 1.619930e-10
493 9.175350e-11
494 4.871387e-11
495 3.034786e-08
496 2.302832e-08
497 1.635578e-08
498 1.110798e-08
499 7.124418e-09
500 4.335848e-09
501 2.655811e-09
502 1.652372e-09
503 1.059284e-09
504 6.927318e-10
505 4.515691e-10
506 2.860943e-10
507 1.727174e-10
508 9.812869e-11
509 5.224999e-11
510 2.600183e-08
511 1.960874e-08
512 1.387324e-08
513 9.371428e-09
514 5.996512e-09
515 3.662637e-09
516 2.250068e-09
517 1.405212e-09
518 9.025923e-10
519 5.896225e-10
520 3.828664e-10
521 2.412301e-10
522 1.447453e-10
523 8.179522e-11
524 4.338107e-11
525 2.891658e-08
526 2.205988e-08
527 1.573228e-08
528 1.069852e-08
529 6.905328e-09
530 4.224855e-09
531 2.586684e-09
532 1.604932e-09
533 1.024697e-09
534 6.671475e-10
535 4.336550e-10
536 2.746331e-10
537 1.661461e-10
538 9.483889e-11
539 5.083458e-11
540 3.129896e-08
541 2.406611e-08
542 1.725601e-08
543 1.178897e-08
544 7.651506e-09
545 4.688642e-09
546 2.863346e-09
547 1.769328e-09
548 1.124804e-09
549 7.307777e-10
550 4.752977e-10
551 3.020103e-10
552 1.836911e-10
553 1.055416e-10
554 5.695903e-11
555 3.337359e-08
556 2.581417e-08
557 1.858575e-08
558 1.273736e-08
559 8.301632e-09
560 5.091562e-09
561 3.104448e-09
562 1.912658e-09
563 1.212281e-09
564 7.862180e-10
565 5.115749e-10
566 3.258601e-10
567 1.989756e-10
568 1.148645e-10
569 6.229325e-11
570 3.534230e-08
571 2.747367e-08
572 1.984799e-08
573 1.363900e-08
574 8.919980e-09
575 5.475593e-09
576 3.333763e-09
577 2.048743e-09
578 1.295319e-09
579 8.389019e-10
580 5.460608e-10
581 3.485287e-10
582 2.135017e-10
583 1.237265e-10
584 6.736471e-11
585 3.764893e-08
586 2.941267e-08
587 2.132229e-08
588 1.469166e-08
589 9.639768e-09
590 5.922292e-09
591 3.600946e-09
592 2.207313e-09
593 1.392057e-09
594 9.002613e-10
595 5.862199e-10
596 3.749333e-10
597 2.304250e-10
598 1.340493e-10
599 7.327154e-11
600 3.276417e-08
601 2.539862e-08
602 1.832633e-08
603 1.257088e-08
604 8.207304e-09
605 5.053232e-09
606 3.078752e-09
607 1.895988e-09
608 1.199696e-09
609 7.764499e-10
610 5.044032e-10
611 3.210691e-10
612 1.961367e-10
613 1.134094e-10
614 6.166862e-11
615 3.600730e-08
616 2.823083e-08
617 2.054745e-08
618 1.418042e-08
619 9.328828e-09
620 5.774484e-09
621 3.506714e-09
622 2.149880e-09
623 1.351568e-09
624 8.707004e-10
625 5.650795e-10
626 3.607824e-10
627 2.217947e-10
628 1.293498e-10
629 7.102179e-11
630 3.884373e-08
631 3.071369e-08
632 2.249788e-08
633 1.559247e-08
634 1.031429e-08
635 6.408858e-09
636 3.883418e-09
637 2.373360e-09
638 1.485413e-09
639 9.535336e-10
640 6.183564e-10
641 3.956357e-10
642 2.443120e-10
643 1.433440e-10
644 7.923878e-11
645 4.153209e-08
646 3.306725e-08
647 2.434543e-08
648 1.693188e-08
649 1.124905e-08
650 7.010936e-09
651 4.240596e-09
652 2.585538e-09
653 1.612129e-09
654 1.032081e-09
655 6.688888e-10
656 4.286915e-10
657 2.656661e-10
658 1.566154e-10
659 8.703064e-11
660 4.468041e-08
661 3.581672e-08
662 2.650606e-08
663 1.849851e-08
664 1.233928e-08
665 7.713399e-09
666 4.657700e-09
667 2.832851e-09
668 1.760065e-09
669 1.123745e-09
670 7.278332e-10
671 4.672571e-10
672 2.905837e-10
673 1.721011e-10
674 9.612362e-11
675 4.017422e-08
676 3.198178e-08
677 2.356964e-08
678 1.640050e-08
679 1.089226e-08
680 6.808462e-09
681 4.121408e-09
682 2.515266e-09
683 1.567083e-09
684 1.001849e-09
685 6.481885e-10
686 4.147548e-10
687 2.567611e-10
688 1.513268e-10
689 8.415653e-11
690 4.391565e-08
691 3.536488e-08
692 2.632010e-08
693 1.842896e-08
694 1.232298e-08
695 7.760161e-09
696 4.690434e-09
697 2.853509e-09
698 1.766080e-09
699 1.122353e-09
700 7.241318e-10
701 4.639295e-10
702 2.885835e-10
703 1.713564e-10
704 9.615972e-11
705 4.746116e-08
706 3.858406e-08
707 2.893132e-08
708 2.036206e-08
709 1.368560e-08
710 8.667430e-09
711 5.233160e-09
712 3.175893e-09
713 1.955678e-09
714 1.237089e-09
715 7.964527e-10
716 5.107180e-10
717 3.188532e-10
718 1.904097e-10
719 1.075861e-10
720 5.161025e-08
721 4.234421e-08
722 3.197501e-08
723 2.261426e-08
724 1.527274e-08
725 9.724634e-09
726 5.865776e-09
727 3.551984e-09
728 2.176562e-09
729 1.370897e-09
730 8.806958e-10
731 5.652336e-10
732 3.541272e-10
733 2.126111e-10
734 1.209001e-10
735 4.867760e-08
736 3.980187e-08
737 3.002210e-08
738 2.122141e-08
739 1.430850e-08
740 9.111932e-09
741 5.512964e-09
742 3.341250e-09
743 2.049664e-09
744 1.291237e-09
745 8.285739e-10
746 5.306684e-10
747 3.316529e-10
748 1.986614e-10
749 1.127803e-10
750 5.328995e-08
751 4.412711e-08
752 3.366231e-08
753 2.397728e-08
754 1.627134e-08
755 1.045223e-08
756 6.335356e-09
757 3.827350e-09
758 2.332428e-09
759 1.459158e-09
760 9.318968e-10
761 5.963975e-10
762 3.739633e-10
763 2.254815e-10
764 1.291386e-10
765 5.868786e-08
766 4.918598e-08
767 3.790545e-08
768 2.719462e-08
769 1.856516e-08
770 1.201874e-08
771 7.297890e-09
772 4.396563e-09
773 2.663040e-09
774 1.655497e-09
775 1.052624e-09
776 6.731878e-10
777 4.233898e-10
778 2.568093e-10
779 1.482485e-10
780 5.923224e-08
781 4.985890e-08
782 3.863849e-08
783 2.784771e-08
784 1.906060e-08
785 1.238919e-08
786 7.562013e-09
787 4.547516e-09
788 2.750189e-09
789 1.703172e-09
790 1.078709e-09
791 6.879853e-10
792 4.323467e-10
793 2.625524e-10
794 1.520181e-10
795 6.632356e-08
796 5.672329e-08
797 4.463360e-08
798 3.254225e-08
799 2.245682e-08
800 1.475148e-08
801 9.071566e-09
802 5.433711e-09
803 3.265503e-09
804 2.002857e-09
805 1.258041e-09
806 7.992498e-10
807 5.029790e-10
808 3.073148e-10
809 1.796601e-10
810 7.612241e-08
811 6.656938e-08
812 5.361291e-08
813 3.986578e-08
814 2.787741e-08
815 1.857643e-08
816 1.162026e-08
817 6.942961e-09
818 4.148264e-09
819 2.506127e-09
820 1.549922e-09
821 9.744217e-10
822 6.114774e-10
823 3.754022e-10
824 2.219344e-10
825 5.058275e-07
826 3.694633e-07
827 2.737640e-07
828 1.704274e-07
829 1.038194e-07
830 6.150436e-08
831 3.755443e-08
832 2.409191e-08
833 1.626293e-08
834 0.000000e+00
835 0.000000e+00
836 0.000000e+00
837 0.000000e+00
838 0.000000e+00
839 0.000000e+00
840 7.608695e-07
841 5.558831e-07
842 4.123435e-07
843 2.595995e-07
844 1.577609e-07
845 9.334435e-08
846 5.688954e-08
847 3.636194e-08
848 2.447920e-08
849 0.000000e+00
850 0.000000e+00
851 0.000000e+00
852 0.000000e+00
853 0.000000e+00
854 0.000000e+00
855 9.033469e-07
856 6.600486e-07
857 4.897670e-07
858 3.095109e-07
859 1.879280e-07
860 1.111530e-07
861 6.770258e-08
862 4.322041e-08
863 2.907017e-08
864 0.000000e+00
865 0.000000e+00
866 0.000000e+00
867 0.000000e+00
868 0.000000e+00
869 0.000000e+00
870 9.991983e-07
871 7.301235e-07
872 5.418539e-07
873 3.430887e-07
874 2.082245e-07
875 1.231341e-07
876 7.497719e-08
877 4.783489e-08
878 3.215874e-08
879 0.000000e+00
880 0.000000e+00
881 0.000000e+00
882 0.000000e+00
883 0.000000e+00
884 0.000000e+00
885 1.071064e-06
886 7.826668e-07
887 5.809039e-07
888 3.682635e-07
889 2.234420e-07
890 1.321173e-07
891 8.043139e-08
892 5.129453e-08
893 3.447462e-08
894 0.000000e+00
895 0.000000e+00
896 0.000000e+00
897 0.000000e+00
898 0.000000e+00
899 0.000000e+00
900 1.129315e-06
901 8.252540e-07
902 6.125590e-07
903 3.886691e-07
904 2.357758e-07
905 1.393987e-07
906 8.485216e-08
907 5.409886e-08
908 3.635167e-08
909 0.000000e+00
910 0.000000e+00
911 0.000000e+00
912 0.000000e+00
913 0.000000e+00
914 0.000000e+00
915 1.180151e-06
916 8.624185e-07
917 6.401822e-07
918 4.064780e-07
919 2.465404e-07
920 1.457526e-07
921 8.871029e-08
922 5.654599e-08
923 3.798973e-08
924 0.000000e+00
925 0.000000e+00
926 0.000000e+00
927 0.000000e+00
928 0.000000e+00
929 0.000000e+00
930 1.228349e-06
931 8.976568e-07
932 6.663737e-07
933 4.233624e-07
934 2.567459e-07
935 1.517767e-07
936 9.236814e-08
937 5.886616e-08
938 3.954272e-08
939 0.000000e+00
940 0.000000e+00
941 0.000000e+00
942 0.000000e+00
943 0.000000e+00
944 0.000000e+00
945 1.284576e-06
946 9.387668e-07
947 6.969273e-07
948 4.430607e-07
949 2.686515e-07
950 1.588051e-07
951 9.663578e-08
952 6.157277e-08
953 4.135464e-08
954 0.000000e+00
955 0.000000e+00
956 0.000000e+00
957 0.000000e+00
958 0.000000e+00
959 0.000000e+00
960 3.377441e-07
961 2.690162e-07
962 1.951478e-07
963 1.463439e-07
964 9.056173e-08
965 5.543112e-08
966 3.221895e-08
967 1.926506e-08
968 1.207249e-08
969 7.992517e-09
970 0.000000e+00
971 0.000000e+00
972 0.000000e+00
973 0.000000e+00
974 0.000000e+00
975 5.200141e-07
976 4.169845e-07
977 3.027665e-07
978 2.268408e-07
979 1.421658e-07
980 8.668277e-08
981 5.034788e-08
982 3.006527e-08
983 1.877353e-08
984 1.239331e-08
985 0.000000e+00
986 0.000000e+00
987 0.000000e+00
988 0.000000e+00
989 0.000000e+00
990 6.446433e-07
991 5.182622e-07
992 3.764470e-07
993 2.819370e-07
994 1.775519e-07
995 1.080934e-07
996 6.276918e-08
997 3.746519e-08
998 2.336290e-08
999 1.540596e-08
1000 0.000000e+00
1001 0.000000e+00
1002 0.000000e+00
1003 0.000000e+00
1004 0.000000e+00
1005 7.380691e-07
1006 5.941772e-07
1007 4.316730e-07
1008 3.232359e-07
1009 2.040760e-07
1010 1.241411e-07
1011 7.207987e-08
1012 4.301209e-08
1013 2.680283e-08
1014 1.766411e-08
1015 0.000000e+00
1016 0.000000e+00
1017 0.000000e+00
1018 0.000000e+00
1019 0.000000e+00
1020 8.137981e-07
1021 6.557077e-07
1022 4.764372e-07
1023 3.567093e-07
1024 2.255761e-07
1025 1.371500e-07
1026 7.962704e-08
1027 4.750796e-08
1028 2.959123e-08
1029 1.949437e-08
1030 0.000000e+00
1031 0.000000e+00
1032 0.000000e+00
1033 0.000000e+00
1034 0.000000e+00
1035 8.798713e-07
1036 7.093991e-07
1037 5.155005e-07
1038 3.859176e-07
1039 2.443357e-07
1040 1.485006e-07
1041 8.621208e-08
1042 5.143114e-08
1043 3.202428e-08
1044 2.109162e-08
1045 0.000000e+00
1046 0.000000e+00
1047 0.000000e+00
1048 0.000000e+00
1049 0.000000e+00
1050 9.425292e-07
1051 7.603154e-07
1052 5.525396e-07
1053 4.136142e-07
1054 2.621237e-07
1055 1.592648e-07
1056 9.245680e-08
1057 5.515114e-08
1058 3.433141e-08
1059 2.260610e-08
1060 0.000000e+00
1061 0.000000e+00
1062 0.000000e+00
1063 0.000000e+00
1064 0.000000e+00
1065 1.015629e-06
1066 8.197182e-07
1067 5.957545e-07
1068 4.459313e-07
1069 2.828781e-07
1070 1.718234e-07
1071 9.974224e-08
1072 5.949171e-08
1073 3.702317e-08
1074 2.437312e-08
1075 0.000000e+00
1076 0.000000e+00
1077 0.000000e+00
1078 0.000000e+00
1079 0.000000e+00
1080 1.986560e-07
1081 1.806899e-07
1082 1.392204e-07
1083 1.006766e-07
1084 7.544327e-08
1085 4.361632e-08
1086 2.673340e-08
1087 1.541301e-08
1088 9.113485e-09
1089 5.669590e-09
1090 0.000000e+00
1091 0.000000e+00
1092 0.000000e+00
1093 0.000000e+00
1094 0.000000e+00
1095 3.301546e-07
1096 3.015932e-07
1097 2.333083e-07
1098 1.686121e-07
1099 1.265342e-07
1100 7.355267e-08
1101 4.519864e-08
1102 2.599833e-08
1103 1.531906e-08
1104 9.508715e-09
1105 0.000000e+00
1106 0.000000e+00
1107 0.000000e+00
1108 0.000000e+00
1109 0.000000e+00
1110 4.304480e-07
1111 3.938687e-07
1112 3.051614e-07
1113 2.204906e-07
1114 1.655531e-07
1115 9.643961e-08
1116 5.931781e-08
1117 3.409035e-08
1118 2.006049e-08
1119 1.244104e-08
1120 0.000000e+00
1121 0.000000e+00
1122 0.000000e+00
1123 0.000000e+00
1124 0.000000e+00
1125 5.116945e-07
1126 4.686128e-07
1127 3.633641e-07
1128 2.625141e-07
1129 1.971584e-07
1130 1.149779e-07
1131 7.075449e-08
1132 4.064501e-08
1133 2.390103e-08
1134 1.481632e-08
1135 0.000000e+00
1136 0.000000e+00
1137 0.000000e+00
1138 0.000000e+00
1139 0.000000e+00
1140 5.825843e-07
1141 5.338361e-07
1142 4.141506e-07
1143 2.991837e-07
1144 2.247378e-07
1145 1.311544e-07
1146 8.073427e-08
1147 4.636465e-08
1148 2.725231e-08
1149 1.688889e-08
1150 0.000000e+00
1151 0.000000e+00
1152 0.000000e+00
1153 0.000000e+00
1154 0.000000e+00
1155 6.498069e-07
1156 5.956818e-07
1157 4.623093e-07
1158 3.339544e-07
1159 2.508899e-07
1160 1.464938e-07
1161 9.019727e-08
1162 5.178818e-08
1163 3.043011e-08
1164 1.885417e-08
1165 0.000000e+00
1166 0.000000e+00
1167 0.000000e+00
1168 0.000000e+00
1169 0.000000e+00
1170 7.282351e-07
1171 6.678357e-07
1172 5.184937e-07
1173 3.745210e-07
1174 2.813995e-07
1175 1.643898e-07
1176 1.012375e-07
1177 5.811548e-08
1178 3.413767e-08
1179 2.114712e-08
1180 0.000000e+00
1181 0.000000e+00
1182 0.000000e+00
1183 0.000000e+00
1184 0.000000e+00
1185 1.319299e-07
1186 1.302319e-07
1187 1.095231e-07
1188 8.000893e-08
1189 5.943546e-08
1190 4.040243e-08
1191 2.383931e-08
1192 1.358299e-08
1193 7.852484e-09
1194 4.640058e-09
1195 2.906412e-09
1196 0.000000e+00
1197 0.000000e+00
1198 0.000000e+00
1199 0.000000e+00
1200 2.308419e-07
1201 2.285102e-07
1202 1.928833e-07
1203 1.411467e-07
1204 1.046833e-07
1205 7.165491e-08
1206 4.207340e-08
1207 2.400528e-08
1208 1.389635e-08
1209 8.196823e-09
1210 5.123853e-09
1211 0.000000e+00
1212 0.000000e+00
1213 0.000000e+00
1214 0.000000e+00
1215 3.121495e-07
1216 3.093284e-07
1217 2.614683e-07
1218 1.914619e-07
1219 1.419131e-07
1220 9.738976e-08
1221 5.708006e-08
1222 3.258499e-08
1223 1.887180e-08
1224 1.112439e-08
1225 6.948622e-09
1226 0.000000e+00
1227 0.000000e+00
1228 0.000000e+00
1229 0.000000e+00
1230 3.830274e-07
1231 3.797782e-07
1232 3.212503e-07
1233 2.353188e-07
1234 1.743640e-07
1235 1.198231e-07
1236 7.016058e-08
1237 4.006368e-08
1238 2.320881e-08
1239 1.367632e-08
1240 8.539146e-09
1241 0.000000e+00
1242 0.000000e+00
1243 0.000000e+00
1244 0.000000e+00
1245 4.502426e-07
1246 4.465820e-07
1247 3.779428e-07
1248 2.769086e-07
1249 2.051385e-07
1250 1.410963e-07
1251 8.256519e-08
1252 4.715592e-08
1253 2.732169e-08
1254 1.609635e-08
1255 1.004749e-08
1256 0.000000e+00
1257 0.000000e+00
1258 0.000000e+00
1259 0.000000e+00
1260 5.286524e-07
1261 5.245184e-07
1262 4.440812e-07
1263 3.254301e-07
1264 2.410402e-07
1265 1.659129e-07
1266 9.703669e-08
1267 5.542929e-08
1268 3.211959e-08
1269 1.891951e-08
1270 1.180716e-08
1271 0.000000e+00
1272 0.000000e+00
1273 0.000000e+00
1274 0.000000e+00
1275 9.481315e-08
1276 9.872569e-08
1277 8.934588e-08
1278 6.835589e-08
1279 4.941022e-08
1280 3.701198e-08
1281 2.091405e-08
1282 1.263114e-08
1283 7.136784e-09
1284 4.121915e-09
1285 2.467597e-09
1286 0.000000e+00
1287 0.000000e+00
1288 0.000000e+00
1289 0.000000e+00
1290 1.732644e-07
1291 1.807882e-07
1292 1.641153e-07
1293 1.258997e-07
1294 9.094759e-08
1295 6.823192e-08
1296 3.866456e-08
1297 2.342727e-08
1298 1.320737e-08
1299 7.609805e-09
1300 4.546749e-09
1301 0.000000e+00
1302 0.000000e+00
1303 0.000000e+00
1304 0.000000e+00
1305 2.423023e-07
1306 2.530207e-07
1307 2.299477e-07
1308 1.765800e-07
1309 1.275294e-07
1310 9.573026e-08
1311 5.430598e-08
1312 3.294334e-08
1313 1.855720e-08
1314 1.068253e-08
1315 6.378052e-09
1316 0.000000e+00
1317 0.000000e+00
1318 0.000000e+00
1319 0.000000e+00
1320 3.077066e-07
1321 3.214483e-07
1322 2.923126e-07
1323 2.245919e-07
1324 1.621853e-07
1325 1.217802e-07
1326 6.912272e-08
1327 4.195755e-08
1328 2.362491e-08
1329 1.359325e-08
1330 8.112889e-09
1331 0.000000e+00
1332 0.000000e+00
1333 0.000000e+00
1334 0.000000e+00
1335 3.840109e-07
1336 4.012804e-07
1337 3.650721e-07
1338 2.806030e-07
1339 2.026139e-07
1340 1.521702e-07
1341 8.640834e-08
1342 5.247406e-08
1343 2.953711e-08
1344 1.698904e-08
1345 1.013679e-08
1346 0.000000e+00
1347 0.000000e+00
1348 0.000000e+00
1349 0.000000e+00
1350 7.248370e-08
1351 7.845895e-08
1352 7.523897e-08
1353 6.097474e-08
1354 4.398989e-08
1355 3.316190e-08
1356 2.071728e-08
1357 1.270152e-08
1358 7.051517e-09
1359 3.882972e-09
1360 2.244137e-09
1361 1.364718e-09
1362 0.000000e+00
1363 0.000000e+00
1364 0.000000e+00
1365 1.382895e-07
1366 1.499329e-07
1367 1.441386e-07
1368 1.171550e-07
1369 8.457504e-08
1370 6.369665e-08
1371 4.006142e-08
1372 2.448985e-08
1373 1.359884e-08
1374 7.491955e-09
1375 4.320098e-09
1376 2.621470e-09
1377 0.000000e+00
1378 0.000000e+00
1379 0.000000e+00
1380 2.008585e-07
1381 2.178993e-07
1382 2.096684e-07
1383 1.705982e-07
1384 1.231863e-07
1385 9.274309e-08
1386 5.847165e-08
1387 3.570624e-08
1388 1.982861e-08
1389 1.092637e-08
1390 6.295252e-09
1391 3.816991e-09
1392 0.000000e+00
1393 0.000000e+00
1394 0.000000e+00
1395 2.738157e-07
1396 2.971493e-07
1397 2.860751e-07
1398 2.329117e-07
1399 1.682052e-07
1400 1.266104e-07
1401 7.993734e-08
1402 4.878410e-08
1403 2.709226e-08
1404 1.493066e-08
1405 8.598189e-09
1406 5.210945e-09
1407 0.000000e+00
1408 0.000000e+00
1409 0.000000e+00
1410 5.889565e-08
1411 6.573164e-08
1412 6.603431e-08
1413 5.672171e-08
1414 4.180943e-08
1415 3.079415e-08
1416 2.169413e-08
1417 1.237766e-08
1418 6.968426e-09
1419 3.943076e-09
1420 2.193304e-09
1421 1.279154e-09
1422 0.000000e+00
1423 0.000000e+00
1424 0.000000e+00
1425 1.177791e-07
1426 1.316346e-07
1427 1.325241e-07
1428 1.141711e-07
1429 8.429910e-08
1430 6.201073e-08
1431 4.389452e-08
1432 2.496159e-08
1433 1.408339e-08
1434 7.967952e-09
1435 4.429699e-09
1436 2.578323e-09
1437 0.000000e+00
1438 0.000000e+00
1439 0.000000e+00
1440 1.863353e-07
1441 2.083671e-07
1442 2.099454e-07
1443 1.810701e-07
1444 1.337801e-07
1445 9.836250e-08
1446 6.975017e-08
1447 3.961651e-08
1448 2.237007e-08
1449 1.265539e-08
1450 7.034286e-09
1451 4.091247e-09
1452 0.000000e+00
1453 0.000000e+00
1454 0.000000e+00
1455 5.126202e-08
1456 5.874457e-08
1457 6.140299e-08
1458 5.579050e-08
1459 4.278509e-08
1460 3.090185e-08
1461 2.321033e-08
1462 1.301252e-08
1463 7.783380e-09
1464 4.264357e-09
1465 2.350842e-09
1466 1.312627e-09
1467 0.000000e+00
1468 0.000000e+00
1469 0.000000e+00
1470 1.142985e-07
1471 1.311539e-07
1472 1.373560e-07
1473 1.251631e-07
1474 9.623553e-08
1475 6.946741e-08
1476 5.224930e-08
1477 2.938153e-08
1478 1.763556e-08
1479 9.643912e-09
1480 5.303837e-09
1481 2.955409e-09
1482 0.000000e+00
1483 0.000000e+00
1484 0.000000e+00
1485 5.353415e-08
1486 6.290532e-08
1487 6.820643e-08
1488 6.548083e-08
1489 5.309331e-08
1490 3.830988e-08
1491 2.890076e-08
1492 1.797003e-08
1493 1.093608e-08
1494 5.934587e-09
1495 3.125807e-09
1496 1.686454e-09
1497 9.391635e-10
1498 0.000000e+00
1499 0.000000e+00
1500 1.109684e-04
1501 8.086786e-05
1502 6.035546e-05
1503 3.805236e-05
1504 2.321989e-05
1505 1.369104e-05
1506 8.324421e-06
1507 5.304277e-06
1508 3.565556e-06
1509 0.000000e+00
1510 0.000000e+00
1511 0.000000e+00
1512 0.000000e+00
1513 0.000000e+00
1514 0.000000e+00
1515 5.757601e-05
1516 4.644359e-05
1517 3.369791e-05
1518 2.528332e-05
1519 1.597668e-05
1520 9.754545e-06
1521 5.648866e-06
1522 3.364481e-06
1523 2.093966e-06
1524 1.379138e-06
1525 0.000000e+00
1526 0.000000e+00
1527 0.000000e+00
1528 0.000000e+00
1529 0.000000e+00
1530 4.047788e-05
1531 3.713775e-05
1532 2.882267e-05
1533 2.080348e-05
1534 1.566222e-05
1535 9.111532e-06
1536 5.625604e-06
1537 3.225263e-06
1538 1.896511e-06
1539 1.174730e-06
1540 0.000000e+00
1541 0.000000e+00
1542 0.000000e+00
1543 0.000000e+00
1544 0.000000e+00
1545 2.912801e-05
1546 2.891312e-05
1547 2.448503e-05
1548 1.793535e-05
1549 1.328396e-05
1550 9.154542e-06
1551 5.351144e-06
1552 3.053081e-06
1553 1.771954e-06
1554 1.042590e-06
1555 6.506122e-07
1556 0.000000e+00
1557 0.000000e+00
1558 0.000000e+00
1559 0.000000e+00
1560 2.085098e-05
1561 2.179680e-05
1562 1.983793e-05
1563 1.524768e-05
1564 1.100576e-05
1565 8.274949e-06
1566 4.689296e-06
1567 2.850415e-06
1568 1.602925e-06
1569 9.233707e-07
1570 5.506294e-07
1571 0.000000e+00
1572 0.000000e+00
1573 0.000000e+00
1574 0.000000e+00
1575 1.487210e-05
1576 1.614453e-05
1577 1.554949e-05
1578 1.266314e-05
1579 9.143013e-06
1580 6.883420e-06
1581 4.347301e-06
1582 2.655947e-06
1583 1.474901e-06
1584 8.112783e-07
1585 4.673052e-07
1586 2.832009e-07
1587 0.000000e+00
1588 0.000000e+00
1589 0.000000e+00
1590 1.001028e-05
1591 1.119728e-05
1592 1.128693e-05
1593 9.739022e-06
1594 7.195644e-06
1595 5.289411e-06
1596 3.755371e-06
1597 2.130464e-06
1598 1.202339e-06
1599 6.811759e-07
1600 3.783133e-07
1601 2.200058e-07
1602 0.000000e+00
1603 0.000000e+00
1604 0.000000e+00
1605 6.201116e-06
1606 7.118100e-06
1607 7.458527e-06
1608 6.801106e-06
1609 5.231433e-06
1610 3.775220e-06
1611 2.841823e-06
1612 1.597077e-06
1613 9.596537e-07
1614 5.242846e-07
1615 2.885232e-07
1616 1.606418e-07
1617 0.000000e+00
1618 0.000000e+00
1619 0.000000e+00
1620 3.163407e-06
1621 3.720115e-06
1622 4.038202e-06
1623 3.883392e-06
1624 3.154630e-06
1625 2.276770e-06
1626 1.716871e-06
1627 1.071974e-06
1628 6.518364e-07
1629 3.538249e-07
1630 1.861971e-07
1631 1.003484e-07
1632 5.578990e-08
1633 0.000000e+00
1634 0.000000e+00
1635 8.891198e-07
1636 1.072208e-06
1637 1.206146e-06
1638 1.224576e-06
1639 1.066696e-06
1640 7.933436e-07
1641 5.815894e-07
1642 4.169104e-07
1643 2.343421e-07
1644 1.314261e-07
1645 7.164692e-08
1646 3.730540e-08
1647 1.958823e-08
1648 0.000000e+00
1649 0.000000e+00
