0 2.171115e-09
1 1.408863e-09
2 8.852769e-10
3 5.581667e-10
4 3.591784e-10
5 2.366041e-10
6 1.573555e-10
7 1.032815e-10
8 6.534337e-11
9 3.916083e-11
10 2.201029e-11
11 1.159815e-11
12 5.768527e-12
13 2.739465e-12
14 1.257910e-12
15 3.694471e-09
16 2.453479e-09
17 1.556683e-09
18 9.702308e-10
19 6.142253e-10
20 3.982658e-10
21 2.637440e-10
22 1.749064e-10
23 1.133059e-10
24 7.016759e-11
25 4.090622e-11
26 2.232445e-11
27 1.143699e-11
28 5.553923e-12
29 2.588672e-12
30 4.217557e-09
31 2.819028e-09
32 1.797689e-09
33 1.118768e-09
34 7.053766e-10
35 4.551078e-10
36 3.005369e-10
37 1.995097e-10
38 1.298746e-10
39 8.103195e-11
40 4.769277e-11
41 2.628716e-11
42 1.358614e-11
43 6.643249e-12
44 3.111519e-12
45 4.504169e-09
46 3.019477e-09
47 1.929923e-09
48 1.200245e-09
49 7.553539e-10
50 4.863141e-10
51 3.207113e-10
52 2.129860e-10
53 1.389673e-10
54 8.701186e-11
55 5.142839e-11
56 2.846233e-11
57 1.476608e-11
58 7.241364e-12
59 3.398793e-12
60 4.697484e-09
61 3.154314e-09
62 2.018944e-09
63 1.255157e-09
64 7.890800e-10
65 5.072971e-10
66 3.343243e-10
67 2.220981e-10
68 1.450697e-10
69 9.102244e-11
70 5.393576e-11
71 2.992590e-11
72 1.555977e-11
73 7.644365e-12
74 3.592587e-12
75 4.841837e-09
76 3.255488e-09
77 2.085493e-09
78 1.296212e-09
79 8.142593e-10
80 5.229853e-10
81 3.444971e-10
82 2.288790e-10
83 1.496535e-10
84 9.402790e-11
85 5.581388e-11
86 3.102434e-11
87 1.615670e-11
88 7.946688e-12
89 3.737314e-12
90 4.958246e-09
91 3.337026e-09
92 2.139575e-09
93 1.329664e-09
94 8.347235e-10
95 5.357676e-10
96 3.527860e-10
97 2.343656e-10
98 1.533525e-10
99 9.646620e-11
100 5.733524e-11
101 3.190965e-11
102 1.664016e-11
103 8.192497e-12
104 3.855160e-12
105 5.061368e-09
106 3.408905e-09
107 2.186433e-09
108 1.358540e-09
109 8.524986e-10
110 5.468400e-10
111 3.599340e-10
112 2.392048e-10
113 1.566198e-10
114 9.861185e-11
115 5.867200e-11
116 3.269041e-11
117 1.705812e-11
118 8.404607e-12
119 3.957163e-12
120 5.158378e-09
121 3.477143e-09
122 2.232011e-09
123 1.386115e-09
124 8.695596e-10
125 5.574569e-10
126 3.667772e-10
127 2.437514e-10
128 1.596651e-10
129 1.006154e-10
130 5.994267e-11
131 3.343237e-11
132 1.746016e-11
133 8.607494e-12
134 4.054821e-12
135 5.270587e-09
136 3.554972e-09
137 2.283710e-09
138 1.418466e-09
139 8.892637e-10
140 5.697746e-10
141 3.747056e-10
142 2.490794e-10
143 1.632850e-10
144 1.030122e-10
145 6.141885e-11
146 3.429553e-11
147 1.792883e-11
148 8.843683e-12
149 4.168212e-12
150 7.862915e-09
151 5.410585e-09
152 3.551636e-09
153 2.216552e-09
154 1.374730e-09
155 8.670687e-10
156 5.626038e-10
157 3.724296e-10
158 2.462891e-10
159 1.585150e-10
160 9.716760e-11
161 5.595101e-11
162 3.012671e-11
163 1.523463e-11
164 7.312473e-12
165 9.934047e-09
166 6.921585e-09
167 4.609314e-09
168 2.905780e-09
169 1.792461e-09
170 1.121310e-09
171 7.196820e-10
172 4.735117e-10
173 3.136292e-10
174 2.037533e-10
175 1.268520e-10
176 7.445512e-11
177 4.089274e-11
178 2.104764e-11
179 1.024408e-11
180 1.112105e-08
181 7.790291e-09
182 5.218416e-09
183 3.306253e-09
184 2.036049e-09
185 1.269439e-09
186 8.108911e-10
187 5.319045e-10
188 3.523620e-10
189 2.297987e-10
190 1.439744e-10
191 8.517164e-11
192 4.716354e-11
193 2.445630e-11
194 1.197347e-11
195 1.191860e-08
196 8.375250e-09
197 5.628710e-09
198 3.575771e-09
199 2.199594e-09
200 1.369098e-09
201 8.719871e-10
202 5.711555e-10
203 3.784551e-10
204 2.472824e-10
205 1.554548e-10
206 9.236395e-11
207 5.137201e-11
208 2.674415e-11
209 1.313366e-11
210 1.251534e-08
211 8.813144e-09
212 5.935661e-09
213 3.777358e-09
214 2.322238e-09
215 1.443568e-09
216 9.179784e-10
217 6.005431e-10
218 3.979452e-10
219 2.603944e-10
220 1.640859e-10
221 9.775465e-11
222 5.452549e-11
223 2.846083e-11
224 1.400578e-11
225 1.300191e-08
226 9.169888e-09
227 6.185289e-09
228 3.941474e-09
229 2.422027e-09
230 1.504296e-09
231 9.553492e-10
232 6.244667e-10
233 4.138046e-10
234 2.710388e-10
235 1.710851e-10
236 1.021361e-10
237 5.709006e-11
238 2.985275e-11
239 1.471300e-11
240 1.342490e-08
241 9.478626e-09
242 6.402622e-09
243 4.083807e-09
244 2.508617e-09
245 1.557058e-09
246 9.877255e-10
247 6.452397e-10
248 4.276519e-10
249 2.803268e-10
250 1.771911e-10
251 1.059618e-10
252 5.932804e-11
253 3.106483e-11
254 1.532720e-11
255 1.382475e-08
256 9.774639e-09
257 6.608344e-09
258 4.220507e-09
259 2.591569e-09
260 1.606936e-09
261 1.018730e-09
262 6.649017e-10
263 4.406992e-10
264 2.890862e-10
265 1.829442e-10
266 1.095642e-10
267 6.143904e-11
268 3.221615e-11
269 1.591087e-11
270 1.429257e-08
271 1.011473e-08
272 6.848560e-09
273 4.377035e-09
274 2.686808e-09
275 1.665352e-09
276 1.054683e-09
277 6.880036e-10
278 4.560154e-10
279 2.993779e-10
280 1.897154e-10
281 1.137973e-10
282 6.391543e-11
283 3.356287e-11
284 1.659354e-11
285 1.363915e-08
286 9.700929e-09
287 6.587712e-09
288 4.249485e-09
289 2.617676e-09
290 1.621670e-09
291 1.022456e-09
292 6.634271e-10
293 4.377598e-10
294 2.869461e-10
295 1.821839e-10
296 1.098668e-10
297 6.220744e-11
298 3.297356e-11
299 1.644783e-11
300 1.604057e-08
301 1.153659e-08
302 7.906113e-09
303 5.158853e-09
304 3.190173e-09
305 1.966281e-09
306 1.230043e-09
307 7.920415e-10
308 5.206462e-10
309 3.420666e-10
310 2.188931e-10
311 1.335910e-10
312 7.672134e-11
313 4.125705e-11
314 2.084293e-11
315 1.768054e-08
316 1.279821e-08
317 8.811401e-09
318 5.784909e-09
319 3.585600e-09
320 2.203551e-09
321 1.373330e-09
322 8.806130e-10
323 5.776776e-10
324 3.799379e-10
325 2.441045e-10
326 1.498983e-10
327 8.671732e-11
328 4.697793e-11
329 2.388793e-11
330 1.891154e-08
331 1.374257e-08
332 9.491081e-09
333 6.252069e-09
334 3.881823e-09
335 2.382003e-09
336 1.480665e-09
337 9.470558e-10
338 6.205326e-10
339 4.083276e-10
340 2.630091e-10
341 1.621285e-10
342 9.421453e-11
343 5.126892e-11
344 2.617205e-11
345 1.990745e-08
346 1.450946e-08
347 1.004033e-08
348 6.632587e-09
349 4.121556e-09
350 2.526373e-09
351 1.567627e-09
352 1.000818e-09
353 6.550545e-10
354 4.312713e-10
355 2.782951e-10
356 1.720157e-10
357 1.002748e-10
358 5.473714e-11
359 2.801892e-11
360 2.077861e-08
361 1.517929e-08
362 1.052180e-08
363 6.964512e-09
364 4.331166e-09
365 2.652687e-09
366 1.643769e-09
367 1.047888e-09
368 6.853617e-10
369 4.513784e-10
370 2.916609e-10
371 1.806631e-10
372 1.055770e-10
373 5.777347e-11
374 2.963461e-11
375 2.160074e-08
376 1.580986e-08
377 1.097537e-08
378 7.277182e-09
379 4.529112e-09
380 2.771867e-09
381 1.715457e-09
382 1.092249e-09
383 7.139456e-10
384 4.703552e-10
385 3.043052e-10
386 1.888349e-10
387 1.105853e-10
388 6.063826e-11
389 3.115912e-11
390 2.256279e-08
391 1.654962e-08
392 1.150612e-08
393 7.643718e-09
394 4.760865e-09
395 2.911742e-09
396 1.799748e-09
397 1.144322e-09
398 7.473507e-10
399 4.925479e-10
400 3.191013e-10
401 1.983949e-10
402 1.164454e-10
403 6.399227e-11
404 3.294367e-11
405 1.968587e-08
406 1.442562e-08
407 1.001046e-08
408 6.636719e-09
409 4.153921e-09
410 2.543278e-09
411 1.577075e-09
412 1.002779e-09
413 6.537235e-10
414 4.293453e-10
415 2.770191e-10
416 1.716444e-10
417 1.005326e-10
418 5.523442e-11
419 2.847257e-11
420 2.234620e-08
421 1.656517e-08
422 1.158454e-08
423 7.743896e-09
424 4.887604e-09
425 2.984125e-09
426 1.842682e-09
427 1.163037e-09
428 7.539330e-10
429 4.946056e-10
430 3.203190e-10
431 2.000389e-10
432 1.184160e-10
433 6.583515e-11
434 3.433165e-11
435 2.435151e-08
436 1.818159e-08
437 1.277225e-08
438 8.582540e-09
439 5.444126e-09
440 3.319552e-09
441 2.044611e-09
442 1.284584e-09
443 8.300060e-10
444 5.440278e-10
445 3.530980e-10
446 2.215384e-10
447 1.319669e-10
448 7.387999e-11
449 3.878512e-11
450 2.597610e-08
451 1.949179e-08
452 1.373870e-08
453 9.262664e-09
454 5.894739e-09
455 3.591397e-09
456 2.208115e-09
457 1.383062e-09
458 8.915602e-10
459 5.840355e-10
460 3.796321e-10
461 2.389424e-10
462 1.429365e-10
463 8.039021e-11
464 4.238779e-11
465 2.739601e-08
466 2.063588e-08
467 1.458044e-08
468 9.854881e-09
469 6.287822e-09
470 3.828343e-09
471 2.350460e-09
472 1.469104e-09
473 9.452729e-10
474 6.189625e-10
475 4.027848e-10
476 2.541273e-10
477 1.525084e-10
478 8.607510e-11
479 4.553529e-11
480 2.873798e-08
481 2.171529e-08
482 1.537664e-08
483 1.041515e-08
484 6.661062e-09
485 4.052247e-09
486 2.485710e-09
487 1.550418e-09
488 9.960554e-10
489 6.519890e-10
490 4.247244e-10
491 2.685156e-10
492 1.615764e-10
493 9.144959e-11
494 4.850909e-11
495 3.030780e-08
496 2.298064e-08
497 1.630842e-08
498 1.107237e-08
499 7.096277e-09
500 4.315115e-09
501 2.643731e-09
502 1.645581e-09
503 1.055529e-09
504 6.906555e-10
505 4.503389e-10
506 2.852960e-10
507 1.721651e-10
508 9.774386e-11
509 5.199393e-11
510 2.605584e-08
511 1.964996e-08
512 1.390446e-08
513 9.393243e-09
514 6.011331e-09
515 3.670489e-09
516 2.254999e-09
517 1.408215e-09
518 9.044537e-10
519 5.908844e-10
520 3.837134e-10
521 2.417902e-10
522 1.450991e-10
523 8.200427e-11
524 4.349532e-11
525 2.897147e-08
526 2.210371e-08
527 1.576163e-08
528 1.072028e-08
529 6.919741e-09
530 4.232548e-09
531 2.591159e-09
532 1.607692e-09
533 1.026431e-09
534 6.683701e-10
535 4.344985e-10
536 2.751987e-10
537 1.665034e-10
538 9.504747e-11
539 5.094644e-11
540 3.134502e-08
541 2.410006e-08
542 1.727648e-08
543 1.180254e-08
544 7.659637e-09
545 4.691532e-09
546 2.865369e-09
547 1.770483e-09
548 1.125842e-09
549 7.314983e-10
550 4.758551e-10
551 3.023995e-10
552 1.839332e-10
553 1.056736e-10
554 5.701990e-11
555 3.341306e-08
556 2.584058e-08
557 1.860048e-08
558 1.274510e-08
559 8.305656e-09
560 5.091779e-09
561 3.104837e-09
562 1.912429e-09
563 1.212573e-09
564 7.865833e-10
565 5.119249e-10
566 3.261213e-10
567 1.991348e-10
568 1.149420e-10
569 6.231872e-11
570 3.536918e-08
571 2.748620e-08
572 1.984878e-08
573 1.363571e-08
574 8.917494e-09
575 5.469609e-09
576 3.330861e-09
577 2.046982e-09
578 1.294557e-09
579 8.386646e-10
580 5.460500e-10
581 3.485673e-10
582 2.135169e-10
583 1.237084e-10
584 6.732827e-11
585 3.766862e-08
586 2.941554e-08
587 2.131237e-08
588 1.468312e-08
589 9.632430e-09
590 5.913064e-09
591 3.596114e-09
592 2.204175e-09
593 1.390548e-09
594 8.996227e-10
595 5.859769e-10
596 3.748295e-10
597 2.303475e-10
598 1.339697e-10
599 7.319496e-11
600 3.284646e-08
601 2.547086e-08
602 1.837850e-08
603 1.260859e-08
604 8.233995e-09
605 5.069899e-09
606 3.088114e-09
607 1.901638e-09
608 1.203215e-09
609 7.786674e-10
610 5.058581e-10
611 3.220317e-10
612 1.967571e-10
613 1.137901e-10
614 6.188823e-11
615 3.609343e-08
616 2.830514e-08
617 2.060457e-08
618 1.422035e-08
619 9.355873e-09
620 5.791774e-09
621 3.516384e-09
622 2.155590e-09
623 1.355142e-09
624 8.729604e-10
625 5.665774e-10
626 3.617805e-10
627 2.224410e-10
628 1.297475e-10
629 7.124996e-11
630 3.892560e-08
631 3.078254e-08
632 2.254897e-08
633 1.562687e-08
634 1.033730e-08
635 6.423146e-09
636 3.891308e-09
637 2.377996e-09
638 1.488173e-09
639 9.553972e-10
640 6.196615e-10
641 3.965221e-10
642 2.448891e-10
643 1.436970e-10
644 7.943713e-11
645 4.160695e-08
646 3.312746e-08
647 2.438727e-08
648 1.695936e-08
649 1.126780e-08
650 7.020727e-09
651 4.245919e-09
652 2.588546e-09
653 1.614136e-09
654 1.033499e-09
655 6.699271e-10
656 4.294258e-10
657 2.661510e-10
658 1.569074e-10
659 8.718847e-11
660 4.475054e-08
661 3.587761e-08
662 2.654070e-08
663 1.851954e-08
664 1.235340e-08
665 7.719798e-09
666 4.660529e-09
667 2.834311e-09
668 1.761241e-09
669 1.124739e-09
670 7.286345e-10
671 4.678541e-10
672 2.909837e-10
673 1.723385e-10
674 9.624495e-11
675 4.028467e-08
676 3.207849e-08
677 2.364831e-08
678 1.645920e-08
679 1.093226e-08
680 6.835523e-09
681 4.136693e-09
682 2.524528e-09
683 1.572638e-09
684 1.005229e-09
685 6.503491e-10
686 4.161882e-10
687 2.576916e-10
688 1.519110e-10
689 8.449747e-11
690 4.402615e-08
691 3.547114e-08
692 2.640257e-08
693 1.848937e-08
694 1.236456e-08
695 7.788559e-09
696 4.706598e-09
697 2.863375e-09
698 1.771821e-09
699 1.125850e-09
700 7.263755e-10
701 4.654007e-10
702 2.895418e-10
703 1.719602e-10
704 9.651914e-11
705 4.757331e-08
706 3.868372e-08
707 2.900920e-08
708 2.041624e-08
709 1.372442e-08
710 8.692194e-09
711 5.247267e-09
712 3.184696e-09
713 1.960671e-09
714 1.240304e-09
715 7.984865e-10
716 5.120830e-10
717 3.197531e-10
718 1.909764e-10
719 1.079208e-10
720 5.172472e-08
721 4.243849e-08
722 3.205626e-08
723 2.266773e-08
724 1.531017e-08
725 9.748506e-09
726 5.878279e-09
727 3.559827e-09
728 2.181197e-09
729 1.373804e-09
730 8.826341e-10
731 5.665543e-10
732 3.550076e-10
733 2.131682e-10
734 1.212278e-10
735 4.881180e-08
736 3.993407e-08
737 3.012992e-08
738 2.130196e-08
739 1.436520e-08
740 9.151428e-09
741 5.536352e-09
742 3.355443e-09
743 2.057819e-09
744 1.296173e-09
745 8.315955e-10
746 5.326074e-10
747 3.329059e-10
748 1.994561e-10
749 1.132628e-10
750 5.343699e-08
751 4.426512e-08
752 3.377753e-08
753 2.406442e-08
754 1.633327e-08
755 1.049401e-08
756 6.360429e-09
757 3.842681e-09
758 2.341087e-09
759 1.464410e-09
760 9.351143e-10
761 5.984640e-10
762 3.753042e-10
763 2.263342e-10
764 1.296587e-10
765 5.884612e-08
766 4.933118e-08
767 3.802706e-08
768 2.728653e-08
769 1.862870e-08
770 1.206258e-08
771 7.323369e-09
772 4.411856e-09
773 2.671767e-09
774 1.660739e-09
775 1.055896e-09
776 6.753108e-10
777 4.247793e-10
778 2.576994e-10
779 1.487932e-10
780 5.940636e-08
781 5.002774e-08
782 3.878448e-08
783 2.796189e-08
784 1.914262e-08
785 1.244575e-08
786 7.597760e-09
787 4.568840e-09
788 2.762372e-09
789 1.710318e-09
790 1.083027e-09
791 6.906790e-10
792 4.340669e-10
793 2.636440e-10
794 1.526913e-10
795 6.651821e-08
796 5.691901e-08
797 4.479995e-08
798 3.267176e-08
799 2.255064e-08
800 1.481723e-08
801 9.113370e-09
802 5.458019e-09
803 3.279445e-09
804 2.011046e-09
805 1.262952e-09
806 8.023058e-10
807 5.049277e-10
808 3.085564e-10
809 1.804307e-10
810 7.636515e-08
811 6.681397e-08
812 5.383644e-08
813 4.004864e-08
814 2.801296e-08
815 1.867218e-08
816 1.168423e-08
817 6.980909e-09
818 4.170487e-09
819 2.518780e-09
820 1.557244e-09
821 9.788040e-10
822 6.141857e-10
823 3.770997e-10
824 2.229881e-10
825 5.035467e-07
826 3.677851e-07
827 2.725211e-07
828 1.695684e-07
829 1.033123e-07
830 6.120539e-08
831 3.737408e-08
832 2.397960e-08
833 1.618891e-08
834 0.000000e+00
835 0.000000e+00
836 0.000000e+00
837 0.000000e+00
838 0.000000e+00
839 0.000000e+00
840 7.614910e-07
841 5.563376e-07
842 4.126812e-07
843 2.598174e-07
844 1.578925e-07
845 9.342207e-08
846 5.693673e-08
847 3.639187e-08
848 2.449923e-08
849 0.000000e+00
850 0.000000e+00
851 0.000000e+00
852 0.000000e+00
853 0.000000e+00
854 0.000000e+00
855 9.041347e-07
856 6.606246e-07
857 4.901951e-07
858 3.097869e-07
859 1.880948e-07
860 1.112514e-07
861 6.776237e-08
862 4.325831e-08
863 2.909556e-08
864 0.000000e+00
865 0.000000e+00
866 0.000000e+00
867 0.000000e+00
868 0.000000e+00
869 0.000000e+00
870 1.000023e-06
871 7.307261e-07
872 5.423018e-07
873 3.433774e-07
874 2.083990e-07
875 1.232371e-07
876 7.503974e-08
877 4.787456e-08
878 3.218530e-08
879 0.000000e+00
880 0.000000e+00
881 0.000000e+00
882 0.000000e+00
883 0.000000e+00
884 0.000000e+00
885 1.071884e-06
886 7.832664e-07
887 5.813495e-07
888 3.685507e-07
889 2.236157e-07
890 1.322198e-07
891 8.049363e-08
892 5.133400e-08
893 3.450104e-08
894 0.000000e+00
895 0.000000e+00
896 0.000000e+00
897 0.000000e+00
898 0.000000e+00
899 0.000000e+00
900 1.130112e-06
901 8.258363e-07
902 6.129918e-07
903 3.889481e-07
904 2.359445e-07
905 1.394983e-07
906 8.491261e-08
907 5.413720e-08
908 3.637733e-08
909 0.000000e+00
910 0.000000e+00
911 0.000000e+00
912 0.000000e+00
913 0.000000e+00
914 0.000000e+00
915 1.180908e-06
916 8.629720e-07
917 6.405937e-07
918 4.067433e-07
919 2.467008e-07
920 1.458472e-07
921 8.876776e-08
922 5.658244e-08
923 3.801412e-08
924 0.000000e+00
925 0.000000e+00
926 0.000000e+00
927 0.000000e+00
928 0.000000e+00
929 0.000000e+00
930 1.229060e-06
931 8.981761e-07
932 6.667596e-07
933 4.236112e-07
934 2.568963e-07
935 1.518655e-07
936 9.242204e-08
937 5.890035e-08
938 3.956561e-08
939 0.000000e+00
940 0.000000e+00
941 0.000000e+00
942 0.000000e+00
943 0.000000e+00
944 0.000000e+00
945 1.285263e-06
946 9.392704e-07
947 6.973016e-07
948 4.433019e-07
949 2.687978e-07
950 1.588912e-07
951 9.668805e-08
952 6.160593e-08
953 4.137683e-08
954 0.000000e+00
955 0.000000e+00
956 0.000000e+00
957 0.000000e+00
958 0.000000e+00
959 0.000000e+00
960 3.369864e-07
961 2.683415e-07
962 1.946485e-07
963 1.459778e-07
964 9.028707e-08
965 5.527557e-08
966 3.212861e-08
967 1.921131e-08
968 1.204048e-08
969 7.972250e-09
970 0.000000e+00
971 0.000000e+00
972 0.000000e+00
973 0.000000e+00
974 0.000000e+00
975 5.210455e-07
976 4.178221e-07
977 3.033765e-07
978 2.272969e-07
979 1.424589e-07
980 8.686007e-08
981 5.045077e-08
982 3.012657e-08
983 1.881153e-08
984 1.241825e-08
985 0.000000e+00
986 0.000000e+00
987 0.000000e+00
988 0.000000e+00
989 0.000000e+00
990 6.457169e-07
991 5.191341e-07
992 3.770813e-07
993 2.824115e-07
994 1.778565e-07
995 1.082777e-07
996 6.287612e-08
997 3.752890e-08
998 2.340241e-08
999 1.543190e-08
1000 0.000000e+00
1001 0.000000e+00
1002 0.000000e+00
1003 0.000000e+00
1004 0.000000e+00
1005 7.391329e-07
1006 5.950417e-07
1007 4.323012e-07
1008 3.237062e-07
1009 2.043781e-07
1010 1.243239e-07
1011 7.218602e-08
1012 4.307526e-08
1013 2.684199e-08
1014 1.768983e-08
1015 0.000000e+00
1016 0.000000e+00
1017 0.000000e+00
1018 0.000000e+00
1019 0.000000e+00
1020 8.148283e-07
1021 6.565451e-07
1022 4.770462e-07
1023 3.571647e-07
1024 2.258686e-07
1025 1.373270e-07
1026 7.972970e-08
1027 4.756912e-08
1028 2.962917e-08
1029 1.951927e-08
1030 0.000000e+00
1031 0.000000e+00
1032 0.000000e+00
1033 0.000000e+00
1034 0.000000e+00
1035 8.808588e-07
1036 7.102015e-07
1037 5.160842e-07
1038 3.863540e-07
1039 2.446159e-07
1040 1.486702e-07
1041 8.631047e-08
1042 5.148976e-08
1043 3.206064e-08
1044 2.111549e-08
1045 0.000000e+00
1046 0.000000e+00
1047 0.000000e+00
1048 0.000000e+00
1049 0.000000e+00
1050 9.434568e-07
1051 7.610692e-07
1052 5.530879e-07
1053 4.140242e-07
1054 2.623871e-07
1055 1.594241e-07
1056 9.254925e-08
1057 5.520622e-08
1058 3.436557e-08
1059 2.262852e-08
1060 0.000000e+00
1061 0.000000e+00
1062 0.000000e+00
1063 0.000000e+00
1064 0.000000e+00
1065 1.016522e-06
1066 8.204441e-07
1067 5.962826e-07
1068 4.463262e-07
1069 2.831318e-07
1070 1.719769e-07
1071 9.983127e-08
1072 5.954475e-08
1073 3.705607e-08
1074 2.439471e-08
1075 0.000000e+00
1076 0.000000e+00
1077 0.000000e+00
1078 0.000000e+00
1079 0.000000e+00
1080 1.983771e-07
1081 1.803978e-07
1082 1.389670e-07
1083 1.004955e-07
1084 7.530386e-08
1085 4.352133e-08
1086 2.667286e-08
1087 1.537957e-08
1088 9.095450e-09
1089 5.658978e-09
1090 0.000000e+00
1091 0.000000e+00
1092 0.000000e+00
1093 0.000000e+00
1094 0.000000e+00
1095 3.313258e-07
1096 3.026713e-07
1097 2.341482e-07
1098 1.692182e-07
1099 1.269901e-07
1100 7.382022e-08
1101 4.536374e-08
1102 2.609293e-08
1103 1.537446e-08
1104 9.542967e-09
1105 0.000000e+00
1106 0.000000e+00
1107 0.000000e+00
1108 0.000000e+00
1109 0.000000e+00
1110 4.315894e-07
1111 3.949182e-07
1112 3.059788e-07
1113 2.210809e-07
1114 1.659971e-07
1115 9.670003e-08
1116 5.947854e-08
1117 3.418243e-08
1118 2.011445e-08
1119 1.247441e-08
1120 0.000000e+00
1121 0.000000e+00
1122 0.000000e+00
1123 0.000000e+00
1124 0.000000e+00
1125 5.128012e-07
1126 4.696310e-07
1127 3.641569e-07
1128 2.630865e-07
1129 1.975890e-07
1130 1.152304e-07
1131 7.091027e-08
1132 4.073430e-08
1133 2.395335e-08
1134 1.484867e-08
1135 0.000000e+00
1136 0.000000e+00
1137 0.000000e+00
1138 0.000000e+00
1139 0.000000e+00
1140 5.836403e-07
1141 5.348080e-07
1142 4.149071e-07
1143 2.997296e-07
1144 2.251487e-07
1145 1.313954e-07
1146 8.088293e-08
1147 4.644984e-08
1148 2.730223e-08
1149 1.691977e-08
1150 0.000000e+00
1151 0.000000e+00
1152 0.000000e+00
1153 0.000000e+00
1154 0.000000e+00
1155 6.507997e-07
1156 5.965952e-07
1157 4.630201e-07
1158 3.344679e-07
1159 2.512761e-07
1160 1.467204e-07
1161 9.033702e-08
1162 5.186827e-08
1163 3.047704e-08
1164 1.888319e-08
1165 0.000000e+00
1166 0.000000e+00
1167 0.000000e+00
1168 0.000000e+00
1169 0.000000e+00
1170 7.291946e-07
1171 6.687197e-07
1172 5.191811e-07
1173 3.750174e-07
1174 2.817728e-07
1175 1.646088e-07
1176 1.013726e-07
1177 5.819290e-08
1178 3.418303e-08
1179 2.117517e-08
1180 0.000000e+00
1181 0.000000e+00
1182 0.000000e+00
1183 0.000000e+00
1184 0.000000e+00
1185 1.320055e-07
1186 1.302891e-07
1187 1.095509e-07
1188 8.002105e-08
1189 5.944970e-08
1190 4.039795e-08
1191 2.384256e-08
1192 1.358363e-08
1193 7.852501e-09
1194 4.640437e-09
1195 2.906964e-09
1196 0.000000e+00
1197 0.000000e+00
1198 0.000000e+00
1199 0.000000e+00
1200 2.320141e-07
1201 2.296754e-07
1202 1.938726e-07
1203 1.418725e-07
1204 1.052204e-07
1205 7.202642e-08
1206 4.229002e-08
1207 2.412918e-08
1208 1.396817e-08
1209 8.239065e-09
1210 5.150182e-09
1211 0.000000e+00
1212 0.000000e+00
1213 0.000000e+00
1214 0.000000e+00
1215 3.132562e-07
1216 3.104280e-07
1217 2.624018e-07
1218 1.921467e-07
1219 1.424199e-07
1220 9.774005e-08
1221 5.728431e-08
1222 3.270177e-08
1223 1.893952e-08
1224 1.116423e-08
1225 6.973462e-09
1226 0.000000e+00
1227 0.000000e+00
1228 0.000000e+00
1229 0.000000e+00
1230 3.840828e-07
1231 3.808272e-07
1232 3.221402e-07
1233 2.359718e-07
1234 1.748472e-07
1235 1.201572e-07
1236 7.035536e-08
1237 4.017504e-08
1238 2.327339e-08
1239 1.371434e-08
1240 8.562830e-09
1241 0.000000e+00
1242 0.000000e+00
1243 0.000000e+00
1244 0.000000e+00
1245 4.512361e-07
1246 4.475694e-07
1247 3.787808e-07
1248 2.775233e-07
1249 2.055933e-07
1250 1.414108e-07
1251 8.274854e-08
1252 4.726074e-08
1253 2.738248e-08
1254 1.613212e-08
1255 1.006979e-08
1256 0.000000e+00
1257 0.000000e+00
1258 0.000000e+00
1259 0.000000e+00
1260 5.296127e-07
1261 5.254722e-07
1262 4.448911e-07
1263 3.260247e-07
1264 2.414798e-07
1265 1.662168e-07
1266 9.721391e-08
1267 5.553061e-08
1268 3.217834e-08
1269 1.895408e-08
1270 1.182871e-08
1271 0.000000e+00
1272 0.000000e+00
1273 0.000000e+00
1274 0.000000e+00
1275 9.515876e-08
1276 9.907710e-08
1277 8.965197e-08
1278 6.858127e-08
1279 4.957428e-08
1280 3.713274e-08
1281 2.097905e-08
1282 1.266858e-08
1283 7.158617e-09
1284 4.135057e-09
1285 2.475666e-09
1286 0.000000e+00
1287 0.000000e+00
1288 0.000000e+00
1289 0.000000e+00
1290 1.743713e-07
1291 1.819472e-07
1292 1.651716e-07
1293 1.267131e-07
1294 9.153476e-08
1295 6.867343e-08
1296 3.891581e-08
1297 2.358024e-08
1298 1.329332e-08
1299 7.659152e-09
1300 4.576143e-09
1301 0.000000e+00
1302 0.000000e+00
1303 0.000000e+00
1304 0.000000e+00
1305 2.433292e-07
1306 2.540945e-07
1307 2.309265e-07
1308 1.773336e-07
1309 1.280734e-07
1310 9.613918e-08
1311 5.453857e-08
1312 3.308481e-08
1313 1.863674e-08
1314 1.072822e-08
1315 6.405284e-09
1316 0.000000e+00
1317 0.000000e+00
1318 0.000000e+00
1319 0.000000e+00
1320 3.086719e-07
1321 3.224587e-07
1322 2.932337e-07
1323 2.253008e-07
1324 1.626970e-07
1325 1.221648e-07
1326 6.934149e-08
1327 4.209058e-08
1328 2.369973e-08
1329 1.363622e-08
1330 8.138504e-09
1331 0.000000e+00
1332 0.000000e+00
1333 0.000000e+00
1334 0.000000e+00
1335 3.849466e-07
1336 4.022596e-07
1337 3.659641e-07
1338 2.812898e-07
1339 2.031096e-07
1340 1.525428e-07
1341 8.662028e-08
1342 5.260301e-08
1343 2.960960e-08
1344 1.703068e-08
1345 1.016160e-08
1346 0.000000e+00
1347 0.000000e+00
1348 0.000000e+00
1349 0.000000e+00
1350 7.302326e-08
1351 7.903864e-08
1352 7.578944e-08
1353 6.141483e-08
1354 4.430611e-08
1355 3.340158e-08
1356 2.086237e-08
1357 1.279193e-08
1358 7.101666e-09
1359 3.910403e-09
1360 2.260176e-09
1361 1.374569e-09
1362 0.000000e+00
1363 0.000000e+00
1364 0.000000e+00
1365 1.392917e-07
1366 1.510219e-07
1367 1.451887e-07
1368 1.180116e-07
1369 8.519405e-08
1370 6.416217e-08
1371 4.035669e-08
1372 2.466972e-08
1373 1.369873e-08
1374 7.547040e-09
1375 4.351774e-09
1376 2.640635e-09
1377 0.000000e+00
1378 0.000000e+00
1379 0.000000e+00
1380 2.017816e-07
1381 2.189019e-07
1382 2.106342e-07
1383 1.713865e-07
1384 1.237557e-07
1385 9.317152e-08
1386 5.874320e-08
1387 3.587170e-08
1388 1.992050e-08
1389 1.097703e-08
1390 6.324386e-09
1391 3.834626e-09
1392 0.000000e+00
1393 0.000000e+00
1394 0.000000e+00
1395 2.747079e-07
1396 2.981184e-07
1397 2.870095e-07
1398 2.336737e-07
1399 1.687557e-07
1400 1.270246e-07
1401 8.019983e-08
1402 4.894403e-08
1403 2.718109e-08
1404 1.497962e-08
1405 8.626351e-09
1406 5.227991e-09
1407 0.000000e+00
1408 0.000000e+00
1409 0.000000e+00
1410 5.956236e-08
1411 6.647428e-08
1412 6.677854e-08
1413 5.735887e-08
1414 4.227793e-08
1415 3.113970e-08
1416 2.193647e-08
1417 1.251629e-08
1418 7.046212e-09
1419 3.987189e-09
1420 2.217829e-09
1421 1.293491e-09
1422 0.000000e+00
1423 0.000000e+00
1424 0.000000e+00
1425 1.186527e-07
1426 1.326125e-07
1427 1.335112e-07
1428 1.150240e-07
1429 8.492985e-08
1430 6.247419e-08
1431 4.422428e-08
1432 2.514846e-08
1433 1.418906e-08
1434 8.027715e-09
1435 4.462911e-09
1436 2.597610e-09
1437 0.000000e+00
1438 0.000000e+00
1439 0.000000e+00
1440 1.871747e-07
1441 2.093066e-07
1442 2.108933e-07
1443 1.818891e-07
1444 1.343862e-07
1445 9.880755e-08
1446 7.006672e-08
1447 3.979589e-08
1448 2.247151e-08
1449 1.271278e-08
1450 7.066174e-09
1451 4.109774e-09
1452 0.000000e+00
1453 0.000000e+00
1454 0.000000e+00
1455 5.195480e-08
1456 5.953885e-08
1457 6.223374e-08
1458 5.654614e-08
1459 4.336487e-08
1460 3.132046e-08
1461 2.352506e-08
1462 1.318889e-08
1463 7.889014e-09
1464 4.322181e-09
1465 2.382731e-09
1466 1.330414e-09
1467 0.000000e+00
1468 0.000000e+00
1469 0.000000e+00
1470 1.150691e-07
1471 1.320390e-07
1472 1.382845e-07
1473 1.260112e-07
1474 9.688899e-08
1475 6.993893e-08
1476 5.260432e-08
1477 2.958170e-08
1478 1.775604e-08
1479 9.709712e-09
1480 5.339940e-09
1481 2.975493e-09
1482 0.000000e+00
1483 0.000000e+00
1484 0.000000e+00
1485 5.418602e-08
1486 6.367212e-08
1487 6.903984e-08
1488 6.628293e-08
1489 5.374600e-08
1490 3.878120e-08
1491 2.925593e-08
1492 1.819264e-08
1493 1.107118e-08
1494 6.007936e-09
1495 3.164448e-09
1496 1.707254e-09
1497 9.507097e-10
1498 0.000000e+00
1499 0.000000e+00
1500 1.109684e-04
1501 8.086786e-05
1502 6.035546e-05
1503 3.805236e-05
1504 2.321989e-05
1505 1.369104e-05
1506 8.324421e-06
1507 5.304277e-06
1508 3.565556e-06
1509 0.000000e+00
1510 0.000000e+00
1511 0.000000e+00
1512 0.000000e+00
1513 0.000000e+00
1514 0.000000e+00
1515 5.757601e-05
1516 4.644359e-05
1517 3.369791e-05
1518 2.528332e-05
1519 1.597668e-05
1520 9.754545e-06
1521 5.648866e-06
1522 3.364481e-06
1523 2.093966e-06
1524 1.379138e-06
1525 0.000000e+00
1526 0.000000e+00
1527 0.000000e+00
1528 0.000000e+00
1529 0.000000e+00
1530 4.047788e-05
1531 3.713775e-05
1532 2.882267e-05
1533 2.080348e-05
1534 1.566222e-05
1535 9.111532e-06
1536 5.625604e-06
1537 3.225263e-06
1538 1.896511e-06
1539 1.174730e-06
1540 0.000000e+00
1541 0.000000e+00
1542 0.000000e+00
1543 0.000000e+00
1544 0.000000e+00
1545 2.912801e-05
1546 2.891312e-05
1547 2.448503e-05
1548 1.793535e-05
1549 1.328396e-05
1550 9.154542e-06
1551 5.351144e-06
1552 3.053081e-06
1553 1.771954e-06
1554 1.042590e-06
1555 6.506122e-07
1556 0.000000e+00
1557 0.000000e+00
1558 0.000000e+00
1559 0.000000e+00
1560 2.085098e-05
1561 2.179680e-05
1562 1.983793e-05
1563 1.524768e-05
1564 1.100576e-05
1565 8.274949e-06
1566 4.689296e-06
1567 2.850415e-06
1568 1.602925e-06
1569 9.233707e-07
1570 5.506294e-07
1571 0.000000e+00
1572 0.000000e+00
1573 0.000000e+00
1574 0.000000e+00
1575 1.487210e-05
1576 1.614453e-05
1577 1.554949e-05
1578 1.266314e-05
1579 9.143013e-06
1580 6.883420e-06
1581 4.347301e-06
1582 2.655947e-06
1583 1.474901e-06
1584 8.112783e-07
1585 4.673052e-07
1586 2.832009e-07
1587 0.000000e+00
1588 0.000000e+00
1589 0.000000e+00
1590 1.001028e-05
1591 1.119728e-05
1592 1.128693e-05
1593 9.739022e-06
1594 7.195644e-06
1595 5.289411e-06
1596 3.755371e-06
1597 2.130464e-06
1598 1.202339e-06
1599 6.811759e-07
1600 3.783133e-07
1601 2.200058e-07
1602 0.000000e+00
1603 0.000000e+00
1604 0.000000e+00
1605 6.201116e-06
1606 7.118100e-06
1607 7.458527e-06
1608 6.801106e-06
1609 5.231433e-06
1610 3.775220e-06
1611 2.841823e-06
1612 1.597077e-06
1613 9.596537e-07
1614 5.242846e-07
1615 2.885232e-07
1616 1.606418e-07
1617 0.000000e+00
1618 0.000000e+00
1619 0.000000e+00
1620 3.163407e-06
1621 3.720115e-06
1622 4.038202e-06
1623 3.883392e-06
1624 3.154630e-06
1625 2.276770e-06
1626 1.716871e-06
1627 1.071974e-06
1628 6.518364e-07
1629 3.538249e-07
1630 1.861971e-07
1631 1.003484e-07
1632 5.578990e-08
1633 0.000000e+00
1634 0.000000e+00
1635 8.891198e-07
1636 1.072208e-06
1637 1.206146e-06
1638 1.224576e-06
1639 1.066696e-06
1640 7.933436e-07
1641 5.815894e-07
1642 4.169104e-07
1643 2.343421e-07
1644 1.314261e-07
1645 7.164692e-08
1646 3.730540e-08
1647 1.958823e-08
1648 0.000000e+00
1649 0.000000e+00
