0 2.272688e-09
1 1.478517e-09
2 9.304190e-10
3 5.858401e-10
4 3.763602e-10
5 2.474471e-10
6 1.644712e-10
7 1.080659e-10
8 6.854117e-11
9 4.122484e-11
10 2.327585e-11
11 1.231840e-11
12 6.151073e-12
13 2.930902e-12
14 1.348427e-12
15 3.833236e-09
16 2.552391e-09
17 1.623770e-09
18 1.012216e-09
19 6.398213e-10
20 4.140247e-10
21 2.737200e-10
22 1.815013e-10
23 1.177466e-10
24 7.311866e-11
25 4.278919e-11
26 2.345346e-11
27 1.206682e-11
28 5.880677e-12
29 2.748507e-12
30 4.403159e-09
31 2.951761e-09
32 1.889106e-09
33 1.176774e-09
34 7.405990e-10
35 4.766729e-10
36 3.140887e-10
37 2.083543e-10
38 1.358183e-10
39 8.501267e-11
40 5.027317e-11
41 2.785459e-11
42 1.447420e-11
43 7.111047e-12
44 3.342869e-12
45 4.737572e-09
46 3.186613e-09
47 2.044615e-09
48 1.273420e-09
49 7.999179e-10
50 5.135776e-10
51 3.378569e-10
52 2.242039e-10
53 1.464467e-10
54 9.200860e-11
55 5.464474e-11
56 3.042179e-11
57 1.587739e-11
58 7.827515e-12
59 3.689253e-12
60 4.929973e-09
61 3.322378e-09
62 2.135253e-09
63 1.329599e-09
64 8.342026e-10
65 5.348164e-10
66 3.515359e-10
67 2.332573e-10
68 1.525570e-10
69 9.604731e-11
70 5.721037e-11
71 3.193940e-11
72 1.671167e-11
73 8.255992e-12
74 3.896967e-12
75 5.088053e-09
76 3.433229e-09
77 2.208926e-09
78 1.375536e-09
79 8.623580e-10
80 5.523303e-10
81 3.627918e-10
82 2.407433e-10
83 1.576196e-10
84 9.938152e-11
85 5.929572e-11
86 3.317002e-11
87 1.738627e-11
88 8.600832e-12
89 4.063761e-12
90 5.217494e-09
91 3.524038e-09
92 2.269352e-09
93 1.412963e-09
94 8.853135e-10
95 5.666245e-10
96 3.719591e-10
97 2.468748e-10
98 1.617391e-10
99 1.021014e-10
100 6.100164e-11
101 3.417439e-11
102 1.793653e-11
103 8.883164e-12
104 4.200206e-12
105 5.330013e-09
106 3.603786e-09
107 2.322608e-09
108 1.445848e-09
109 9.054393e-10
110 5.791037e-10
111 3.799989e-10
112 2.521673e-10
113 1.652837e-10
114 1.044299e-10
115 6.246971e-11
116 3.503721e-11
117 1.841472e-11
118 9.127818e-12
119 4.318704e-12
120 5.437670e-09
121 3.678780e-09
122 2.371864e-09
123 1.476891e-09
124 9.244151e-10
125 5.908665e-10
126 3.875014e-10
127 2.572487e-10
128 1.686906e-10
129 1.066523e-10
130 6.387232e-11
131 3.587528e-11
132 1.886829e-11
133 9.360098e-12
134 4.430864e-12
135 5.561183e-09
136 3.764756e-09
137 2.430044e-09
138 1.512834e-09
139 9.464303e-10
140 6.045233e-10
141 3.964010e-10
142 2.630448e-10
143 1.726036e-10
144 1.092992e-10
145 6.552989e-11
146 3.683943e-11
147 1.939681e-11
148 9.630972e-12
149 4.561058e-12
150 7.915920e-09
151 5.452065e-09
152 3.582092e-09
153 2.238443e-09
154 1.387928e-09
155 8.750564e-10
156 5.672755e-10
157 3.753266e-10
158 2.481280e-10
159 1.597533e-10
160 9.800878e-11
161 5.650896e-11
162 3.047694e-11
163 1.543635e-11
164 7.419854e-12
165 1.000716e-08
166 6.979855e-09
167 4.651549e-09
168 2.937527e-09
169 1.812352e-09
170 1.133206e-09
171 7.267212e-10
172 4.776708e-10
173 3.162285e-10
174 2.054849e-10
175 1.280326e-10
176 7.524649e-11
177 4.139988e-11
178 2.135096e-11
179 1.040997e-11
180 1.128149e-08
181 7.915557e-09
182 5.308061e-09
183 3.370609e-09
184 2.076588e-09
185 1.294177e-09
186 8.254924e-10
187 5.407983e-10
188 3.579961e-10
189 2.334929e-10
190 1.464364e-10
191 8.678413e-11
192 4.816967e-11
193 2.504301e-11
194 1.228997e-11
195 1.206172e-08
196 8.491975e-09
197 5.714453e-09
198 3.639134e-09
199 2.240709e-09
200 1.393617e-09
201 8.864005e-10
202 5.797140e-10
203 3.837471e-10
204 2.507820e-10
205 1.578387e-10
206 9.396397e-11
207 5.240516e-11
208 2.736304e-11
209 1.347655e-11
210 1.268422e-08
211 8.949214e-09
212 6.035907e-09
213 3.851370e-09
214 2.370388e-09
215 1.472278e-09
216 9.347564e-10
217 6.105423e-10
218 4.041545e-10
219 2.644571e-10
220 1.668345e-10
221 9.961702e-11
222 5.572986e-11
223 2.918165e-11
224 1.440478e-11
225 1.318785e-08
226 9.320336e-09
227 6.296172e-09
228 4.023320e-09
229 2.475358e-09
230 1.536175e-09
231 9.740102e-10
232 6.355482e-10
233 4.207163e-10
234 2.755697e-10
235 1.741514e-10
236 1.042030e-10
237 5.842757e-11
238 3.065705e-11
239 1.515785e-11
240 1.362625e-08
241 9.643233e-09
242 6.523461e-09
243 4.173980e-09
244 2.567130e-09
245 1.592106e-09
246 1.008251e-09
247 6.573707e-10
248 4.351768e-10
249 2.852591e-10
250 1.805305e-10
251 1.082076e-10
252 6.078500e-11
253 3.194535e-11
254 1.581453e-11
255 1.404468e-08
256 9.951315e-09
257 6.739978e-09
258 4.316675e-09
259 2.654363e-09
260 1.645019e-09
261 1.040713e-09
262 6.781574e-10
263 4.489405e-10
264 2.944823e-10
265 1.866022e-10
266 1.120267e-10
267 6.302871e-11
268 3.317454e-11
269 1.644164e-11
270 1.452817e-08
271 1.030764e-08
272 6.990226e-09
273 4.481935e-09
274 2.755150e-09
275 1.706825e-09
276 1.078658e-09
277 7.022835e-10
278 4.648257e-10
279 3.051462e-10
280 1.936232e-10
281 1.164328e-10
282 6.561980e-11
283 3.459028e-11
284 1.716417e-11
285 1.364627e-08
286 9.709122e-09
287 6.595151e-09
288 4.255927e-09
289 2.623375e-09
290 1.624703e-09
291 1.024358e-09
292 6.644473e-10
293 4.383089e-10
294 2.872503e-10
295 1.823856e-10
296 1.100161e-10
297 6.231985e-11
298 3.305304e-11
299 1.649842e-11
300 1.612415e-08
301 1.160559e-08
302 7.954788e-09
303 5.192307e-09
304 3.213261e-09
305 1.980150e-09
306 1.238642e-09
307 7.971744e-10
308 5.238782e-10
309 3.441029e-10
310 2.202036e-10
311 1.344319e-10
312 7.724660e-11
313 4.157063e-11
314 2.101946e-11
315 1.772268e-08
316 1.284175e-08
317 8.846857e-09
318 5.810740e-09
319 3.606450e-09
320 2.216015e-09
321 1.380845e-09
322 8.847832e-10
323 5.800949e-10
324 3.813469e-10
325 2.450181e-10
326 1.505278e-10
327 8.715530e-11
328 4.727012e-11
329 2.406801e-11
330 1.897623e-08
331 1.380869e-08
332 9.541315e-09
333 6.290132e-09
334 3.911682e-09
335 2.399611e-09
336 1.491640e-09
337 9.531497e-10
338 6.240351e-10
339 4.104349e-10
340 2.643517e-10
341 1.630448e-10
342 9.484500e-11
343 5.168632e-11
344 2.642799e-11
345 1.999228e-08
346 1.459155e-08
347 1.010592e-08
348 6.680769e-09
349 4.159037e-09
350 2.548566e-09
351 1.581477e-09
352 1.008593e-09
353 6.595812e-10
354 4.339635e-10
355 2.800296e-10
356 1.731961e-10
357 1.010815e-10
358 5.526641e-11
359 2.834046e-11
360 2.087906e-08
361 1.527580e-08
362 1.059933e-08
363 7.020981e-09
364 4.375110e-09
365 2.678952e-09
366 1.659729e-09
367 1.056888e-09
368 6.905188e-10
369 4.545060e-10
370 2.936818e-10
371 1.820342e-10
372 1.065107e-10
373 5.838315e-11
374 3.000536e-11
375 2.171830e-08
376 1.592330e-08
377 1.106543e-08
378 7.342857e-09
379 4.579527e-09
380 2.801853e-09
381 1.734026e-09
382 1.102659e-09
383 7.199703e-10
384 4.740253e-10
385 3.066775e-10
386 1.904461e-10
387 1.116781e-10
388 6.135054e-11
389 3.159066e-11
390 2.269795e-08
391 1.667924e-08
392 1.160916e-08
393 7.719632e-09
394 4.818425e-09
395 2.946084e-09
396 1.820903e-09
397 1.156326e-09
398 7.542849e-10
399 4.967907e-10
400 3.218260e-10
401 2.002545e-10
402 1.177042e-10
403 6.480426e-11
404 3.343582e-11
405 1.981901e-08
406 1.452503e-08
407 1.008061e-08
408 6.682777e-09
409 4.183145e-09
410 2.561885e-09
411 1.588630e-09
412 1.010050e-09
413 6.584088e-10
414 4.323889e-10
415 2.789525e-10
416 1.728326e-10
417 1.012285e-10
418 5.561834e-11
419 2.867585e-11
420 2.240912e-08
421 1.661553e-08
422 1.162192e-08
423 7.769157e-09
424 4.904875e-09
425 2.995785e-09
426 1.849825e-09
427 1.167347e-09
428 7.566281e-10
429 4.962482e-10
430 3.213388e-10
431 2.006677e-10
432 1.187975e-10
433 6.606088e-11
434 3.446048e-11
435 2.443637e-08
436 1.825714e-08
437 1.283089e-08
438 8.623231e-09
439 5.472398e-09
440 3.338540e-09
441 2.056320e-09
442 1.291584e-09
443 8.342031e-10
444 5.465550e-10
445 3.546647e-10
446 2.225223e-10
447 1.325833e-10
448 7.425842e-11
449 3.900823e-11
450 2.609129e-08
451 1.959077e-08
452 1.381619e-08
453 9.316571e-09
454 5.933284e-09
455 3.617182e-09
456 2.223796e-09
457 1.392287e-09
458 8.970035e-10
459 5.873654e-10
460 3.816996e-10
461 2.402517e-10
462 1.437675e-10
463 8.090986e-11
464 4.269855e-11
465 2.752949e-08
466 2.075289e-08
467 1.467444e-08
468 9.921162e-09
469 6.335207e-09
470 3.860267e-09
471 2.369654e-09
472 1.480352e-09
473 9.519649e-10
474 6.230174e-10
475 4.053059e-10
476 2.557318e-10
477 1.535334e-10
478 8.671703e-11
479 4.592024e-11
480 2.889045e-08
481 2.184968e-08
482 1.548635e-08
483 1.049253e-08
484 6.716313e-09
485 4.090760e-09
486 2.508408e-09
487 1.563599e-09
488 1.003949e-09
489 6.567577e-10
490 4.276478e-10
491 2.703809e-10
492 1.627721e-10
493 9.220958e-11
494 4.897023e-11
495 3.048417e-08
496 2.313785e-08
497 1.643566e-08
498 1.116312e-08
499 7.161076e-09
500 4.359101e-09
501 2.669857e-09
502 1.660937e-09
503 1.064629e-09
504 6.961367e-10
505 4.537579e-10
506 2.874857e-10
507 1.735746e-10
508 9.863325e-11
509 5.253130e-11
510 2.598767e-08
511 1.959789e-08
512 1.386543e-08
513 9.366528e-09
514 5.993416e-09
515 3.660612e-09
516 2.248740e-09
517 1.404446e-09
518 9.020981e-10
519 5.893082e-10
520 3.826529e-10
521 2.410876e-10
522 1.446555e-10
523 8.174279e-11
524 4.335294e-11
525 2.890252e-08
526 2.204871e-08
527 1.572452e-08
528 1.069303e-08
529 6.901757e-09
530 4.223049e-09
531 2.585389e-09
532 1.604166e-09
533 1.024236e-09
534 6.668293e-10
535 4.334371e-10
536 2.744863e-10
537 1.660527e-10
538 9.478412e-11
539 5.080545e-11
540 3.128980e-08
541 2.405694e-08
542 1.725022e-08
543 1.178501e-08
544 7.649620e-09
545 4.687679e-09
546 2.862897e-09
547 1.768946e-09
548 1.124530e-09
549 7.305669e-10
550 4.751399e-10
551 3.019010e-10
552 1.836223e-10
553 1.055034e-10
554 5.694076e-11
555 3.336280e-08
556 2.580686e-08
557 1.858186e-08
558 1.273507e-08
559 8.300339e-09
560 5.091283e-09
561 3.104275e-09
562 1.912549e-09
563 1.212176e-09
564 7.861090e-10
565 5.114799e-10
566 3.257898e-10
567 1.989318e-10
568 1.148422e-10
569 6.228503e-11
570 3.533478e-08
571 2.747234e-08
572 1.984723e-08
573 1.363823e-08
574 8.920345e-09
575 5.476711e-09
576 3.334426e-09
577 2.049131e-09
578 1.295486e-09
579 8.389449e-10
580 5.460522e-10
581 3.485117e-10
582 2.134926e-10
583 1.237277e-10
584 6.737183e-11
585 3.764376e-08
586 2.941149e-08
587 2.132399e-08
588 1.469377e-08
589 9.641590e-09
590 5.924595e-09
591 3.602099e-09
592 2.208082e-09
593 1.392412e-09
594 9.004130e-10
595 5.862744e-10
596 3.749578e-10
597 2.304434e-10
598 1.340688e-10
599 7.329055e-11
600 3.274321e-08
601 2.538065e-08
602 1.831427e-08
603 1.256101e-08
604 8.200640e-09
605 5.049145e-09
606 3.076182e-09
607 1.894471e-09
608 1.198802e-09
609 7.758788e-10
610 5.040269e-10
611 3.208192e-10
612 1.959747e-10
613 1.133099e-10
614 6.161149e-11
615 3.598580e-08
616 2.821230e-08
617 2.053522e-08
618 1.416990e-08
619 9.322338e-09
620 5.770364e-09
621 3.504314e-09
622 2.148444e-09
623 1.350678e-09
624 8.701366e-10
625 5.647041e-10
626 3.605319e-10
627 2.216321e-10
628 1.292501e-10
629 7.096478e-11
630 3.882212e-08
631 3.069550e-08
632 2.248468e-08
633 1.558324e-08
634 1.030796e-08
635 6.404905e-09
636 3.881083e-09
637 2.372107e-09
638 1.484692e-09
639 9.530313e-10
640 6.180134e-10
641 3.954031e-10
642 2.441596e-10
643 1.432511e-10
644 7.918623e-11
645 4.151059e-08
646 3.305125e-08
647 2.433601e-08
648 1.692448e-08
649 1.124400e-08
650 7.008305e-09
651 4.239227e-09
652 2.584744e-09
653 1.611610e-09
654 1.031695e-09
655 6.686118e-10
656 4.284974e-10
657 2.655376e-10
658 1.565376e-10
659 8.698838e-11
660 4.466173e-08
661 3.580213e-08
662 2.649645e-08
663 1.849254e-08
664 1.233525e-08
665 7.711435e-09
666 4.656778e-09
667 2.832357e-09
668 1.759697e-09
669 1.123454e-09
670 7.276066e-10
671 4.670912e-10
672 2.904729e-10
673 1.720349e-10
674 9.608902e-11
675 4.014632e-08
676 3.195645e-08
677 2.354954e-08
678 1.638558e-08
679 1.088187e-08
680 6.801745e-09
681 4.117464e-09
682 2.512880e-09
683 1.565696e-09
684 1.000989e-09
685 6.476363e-10
686 4.143969e-10
687 2.565299e-10
688 1.511813e-10
689 8.406923e-11
690 4.388532e-08
691 3.533753e-08
692 2.629850e-08
693 1.841308e-08
694 1.231186e-08
695 7.752832e-09
696 4.686125e-09
697 2.850931e-09
698 1.764590e-09
699 1.121467e-09
700 7.235474e-10
701 4.635466e-10
702 2.883336e-10
703 1.711994e-10
704 9.606595e-11
705 4.743177e-08
706 3.855784e-08
707 2.891066e-08
708 2.034735e-08
709 1.367537e-08
710 8.660978e-09
711 5.229319e-09
712 3.173642e-09
713 1.954345e-09
714 1.236284e-09
715 7.959166e-10
716 5.103602e-10
717 3.186172e-10
718 1.902607e-10
719 1.074980e-10
720 5.158101e-08
721 4.231841e-08
722 3.195517e-08
723 2.260048e-08
724 1.526319e-08
725 9.718462e-09
726 5.862442e-09
727 3.549982e-09
728 2.175385e-09
729 1.370149e-09
730 8.801969e-10
731 5.648936e-10
732 3.539005e-10
733 2.124676e-10
734 1.208156e-10
735 4.864136e-08
736 3.976808e-08
737 2.999425e-08
738 2.120041e-08
739 1.429363e-08
740 9.101794e-09
741 5.506628e-09
742 3.337604e-09
743 2.047581e-09
744 1.290018e-09
745 8.277980e-10
746 5.301701e-10
747 3.313301e-10
748 1.984572e-10
749 1.126560e-10
750 5.325156e-08
751 4.409093e-08
752 3.363204e-08
753 2.395455e-08
754 1.625528e-08
755 1.044141e-08
756 6.328820e-09
757 3.823409e-09
758 2.330161e-09
759 1.457822e-09
760 9.310584e-10
761 5.958599e-10
762 3.736144e-10
763 2.252594e-10
764 1.290033e-10
765 5.864794e-08
766 4.914861e-08
767 3.787441e-08
768 2.717156e-08
769 1.854890e-08
770 1.200760e-08
771 7.291320e-09
772 4.392637e-09
773 2.660800e-09
774 1.654150e-09
775 1.051788e-09
776 6.726422e-10
777 4.230328e-10
778 2.565806e-10
779 1.481085e-10
780 5.918714e-08
781 4.981504e-08
782 3.860050e-08
783 2.781822e-08
784 1.903944e-08
785 1.237469e-08
786 7.552812e-09
787 4.542096e-09
788 2.747036e-09
789 1.701319e-09
790 1.077602e-09
791 6.872915e-10
792 4.319034e-10
793 2.622707e-10
794 1.518446e-10
795 6.627336e-08
796 5.667435e-08
797 4.459060e-08
798 3.250854e-08
799 2.243249e-08
800 1.473449e-08
801 9.060702e-09
802 5.427384e-09
803 3.261834e-09
804 2.000727e-09
805 1.256764e-09
806 7.984570e-10
807 5.024742e-10
808 3.069935e-10
809 1.794607e-10
810 7.606055e-08
811 6.650710e-08
812 5.355598e-08
813 3.981923e-08
814 2.784289e-08
815 1.855205e-08
816 1.160398e-08
817 6.933305e-09
818 4.142611e-09
819 2.502908e-09
820 1.548057e-09
821 9.733055e-10
822 6.107874e-10
823 3.749697e-10
824 2.216660e-10
825 5.064597e-07
826 3.699273e-07
827 2.741088e-07
828 1.706636e-07
829 1.039593e-07
830 6.158678e-08
831 3.760420e-08
832 2.412289e-08
833 1.628340e-08
834 0.000000e+00
835 0.000000e+00
836 0.000000e+00
837 0.000000e+00
838 0.000000e+00
839 0.000000e+00
840 7.607078e-07
841 5.557650e-07
842 4.122557e-07
843 2.595429e-07
844 1.577266e-07
845 9.332415e-08
846 5.687728e-08
847 3.635416e-08
848 2.447399e-08
849 0.000000e+00
850 0.000000e+00
851 0.000000e+00
852 0.000000e+00
853 0.000000e+00
854 0.000000e+00
855 9.069230e-07
856 6.626616e-07
857 4.917056e-07
858 3.107346e-07
859 1.886712e-07
860 1.115926e-07
861 6.797040e-08
862 4.339145e-08
863 2.918532e-08
864 0.000000e+00
865 0.000000e+00
866 0.000000e+00
867 0.000000e+00
868 0.000000e+00
869 0.000000e+00
870 9.989850e-07
871 7.299676e-07
872 5.417380e-07
873 3.430139e-07
874 2.081793e-07
875 1.231074e-07
876 7.496099e-08
877 4.782461e-08
878 3.215187e-08
879 0.000000e+00
880 0.000000e+00
881 0.000000e+00
882 0.000000e+00
883 0.000000e+00
884 0.000000e+00
885 1.070853e-06
886 7.825128e-07
887 5.807894e-07
888 3.681897e-07
889 2.233974e-07
890 1.320910e-07
891 8.041541e-08
892 5.128438e-08
893 3.446783e-08
894 0.000000e+00
895 0.000000e+00
896 0.000000e+00
897 0.000000e+00
898 0.000000e+00
899 0.000000e+00
900 1.129110e-06
901 8.251035e-07
902 6.124472e-07
903 3.885969e-07
904 2.357323e-07
905 1.393730e-07
906 8.483654e-08
907 5.408895e-08
908 3.634504e-08
909 0.000000e+00
910 0.000000e+00
911 0.000000e+00
912 0.000000e+00
913 0.000000e+00
914 0.000000e+00
915 1.179959e-06
916 8.622776e-07
917 6.400776e-07
918 4.064104e-07
919 2.464996e-07
920 1.457285e-07
921 8.869566e-08
922 5.653672e-08
923 3.798352e-08
924 0.000000e+00
925 0.000000e+00
926 0.000000e+00
927 0.000000e+00
928 0.000000e+00
929 0.000000e+00
930 1.228168e-06
931 8.975240e-07
932 6.662750e-07
933 4.232988e-07
934 2.567075e-07
935 1.517540e-07
936 9.235435e-08
937 5.885741e-08
938 3.953687e-08
939 0.000000e+00
940 0.000000e+00
941 0.000000e+00
942 0.000000e+00
943 0.000000e+00
944 0.000000e+00
945 1.284401e-06
946 9.386390e-07
947 6.968323e-07
948 4.429994e-07
949 2.686145e-07
950 1.587832e-07
951 9.662251e-08
952 6.156436e-08
953 4.134901e-08
954 0.000000e+00
955 0.000000e+00
956 0.000000e+00
957 0.000000e+00
958 0.000000e+00
959 0.000000e+00
960 3.379764e-07
961 2.692202e-07
962 1.952986e-07
963 1.464548e-07
964 9.064294e-08
965 5.547783e-08
966 3.224607e-08
967 1.928117e-08
968 1.208212e-08
969 7.998614e-09
970 0.000000e+00
971 0.000000e+00
972 0.000000e+00
973 0.000000e+00
974 0.000000e+00
975 5.219236e-07
976 4.185134e-07
977 3.038759e-07
978 2.276722e-07
979 1.426850e-07
980 8.699970e-08
981 5.053200e-08
982 3.017525e-08
983 1.884228e-08
984 1.243873e-08
985 0.000000e+00
986 0.000000e+00
987 0.000000e+00
988 0.000000e+00
989 0.000000e+00
990 6.443664e-07
991 5.180371e-07
992 3.762832e-07
993 2.818147e-07
994 1.774733e-07
995 1.080458e-07
996 6.274158e-08
997 3.744874e-08
998 2.335270e-08
999 1.539927e-08
1000 0.000000e+00
1001 0.000000e+00
1002 0.000000e+00
1003 0.000000e+00
1004 0.000000e+00
1005 7.377943e-07
1006 5.939538e-07
1007 4.315105e-07
1008 3.231144e-07
1009 2.039980e-07
1010 1.240939e-07
1011 7.205247e-08
1012 4.299576e-08
1013 2.679271e-08
1014 1.765747e-08
1015 0.000000e+00
1016 0.000000e+00
1017 0.000000e+00
1018 0.000000e+00
1019 0.000000e+00
1020 8.135321e-07
1021 6.554916e-07
1022 4.762800e-07
1023 3.565917e-07
1024 2.255007e-07
1025 1.371043e-07
1026 7.960054e-08
1027 4.749209e-08
1028 2.958144e-08
1029 1.948794e-08
1030 0.000000e+00
1031 0.000000e+00
1032 0.000000e+00
1033 0.000000e+00
1034 0.000000e+00
1035 8.796156e-07
1036 7.091914e-07
1037 5.153494e-07
1038 3.858045e-07
1039 2.442631e-07
1040 1.484567e-07
1041 8.618661e-08
1042 5.141596e-08
1043 3.201487e-08
1044 2.108544e-08
1045 0.000000e+00
1046 0.000000e+00
1047 0.000000e+00
1048 0.000000e+00
1049 0.000000e+00
1050 9.422892e-07
1051 7.601204e-07
1052 5.523977e-07
1053 4.135081e-07
1054 2.620556e-07
1055 1.592236e-07
1056 9.243290e-08
1057 5.513690e-08
1058 3.432258e-08
1059 2.260030e-08
1060 0.000000e+00
1061 0.000000e+00
1062 0.000000e+00
1063 0.000000e+00
1064 0.000000e+00
1065 1.015400e-06
1066 8.195323e-07
1067 5.956192e-07
1068 4.458302e-07
1069 2.828132e-07
1070 1.717841e-07
1071 9.971944e-08
1072 5.947813e-08
1073 3.701475e-08
1074 2.436759e-08
1075 0.000000e+00
1076 0.000000e+00
1077 0.000000e+00
1078 0.000000e+00
1079 0.000000e+00
1080 1.995963e-07
1081 1.815539e-07
1082 1.398934e-07
1083 1.011626e-07
1084 7.580847e-08
1085 4.383117e-08
1086 2.686582e-08
1087 1.548889e-08
1088 9.157934e-09
1089 5.697066e-09
1090 0.000000e+00
1091 0.000000e+00
1092 0.000000e+00
1093 0.000000e+00
1094 0.000000e+00
1095 3.298534e-07
1096 3.013161e-07
1097 2.330925e-07
1098 1.684561e-07
1099 1.264170e-07
1100 7.348396e-08
1101 4.515624e-08
1102 2.597403e-08
1103 1.530482e-08
1104 9.499909e-09
1105 0.000000e+00
1106 0.000000e+00
1107 0.000000e+00
1108 0.000000e+00
1109 0.000000e+00
1110 4.301512e-07
1111 3.935957e-07
1112 3.049488e-07
1113 2.203370e-07
1114 1.654376e-07
1115 9.637188e-08
1116 5.927603e-08
1117 3.406641e-08
1118 2.004646e-08
1119 1.243237e-08
1120 0.000000e+00
1121 0.000000e+00
1122 0.000000e+00
1123 0.000000e+00
1124 0.000000e+00
1125 5.114081e-07
1126 4.683493e-07
1127 3.631589e-07
1128 2.623659e-07
1129 1.970470e-07
1130 1.149125e-07
1131 7.071416e-08
1132 4.062190e-08
1133 2.388749e-08
1134 1.480794e-08
1135 0.000000e+00
1136 0.000000e+00
1137 0.000000e+00
1138 0.000000e+00
1139 0.000000e+00
1140 5.823111e-07
1141 5.335847e-07
1142 4.139549e-07
1143 2.990424e-07
1144 2.246316e-07
1145 1.310921e-07
1146 8.069581e-08
1147 4.634260e-08
1148 2.723940e-08
1149 1.688091e-08
1150 0.000000e+00
1151 0.000000e+00
1152 0.000000e+00
1153 0.000000e+00
1154 0.000000e+00
1155 6.495508e-07
1156 5.954462e-07
1157 4.621259e-07
1158 3.338219e-07
1159 2.507903e-07
1160 1.464354e-07
1161 9.016121e-08
1162 5.176751e-08
1163 3.041801e-08
1164 1.884668e-08
1165 0.000000e+00
1166 0.000000e+00
1167 0.000000e+00
1168 0.000000e+00
1169 0.000000e+00
1170 7.279897e-07
1171 6.676100e-07
1172 5.183179e-07
1173 3.743941e-07
1174 2.813040e-07
1175 1.643338e-07
1176 1.012029e-07
1177 5.809568e-08
1178 3.412607e-08
1179 2.113994e-08
1180 0.000000e+00
1181 0.000000e+00
1182 0.000000e+00
1183 0.000000e+00
1184 0.000000e+00
1185 1.319399e-07
1186 1.302462e-07
1187 1.095404e-07
1188 8.002373e-08
1189 5.944496e-08
1190 4.041250e-08
1191 2.384373e-08
1192 1.358582e-08
1193 7.854213e-09
1194 4.641000e-09
1195 2.906927e-09
1196 0.000000e+00
1197 0.000000e+00
1198 0.000000e+00
1199 0.000000e+00
1200 2.305401e-07
1201 2.282102e-07
1202 1.926287e-07
1203 1.409598e-07
1204 1.045451e-07
1205 7.155935e-08
1206 4.201769e-08
1207 2.397348e-08
1208 1.387787e-08
1209 8.185968e-09
1210 5.117082e-09
1211 0.000000e+00
1212 0.000000e+00
1213 0.000000e+00
1214 0.000000e+00
1215 3.118627e-07
1216 3.090432e-07
1217 2.612263e-07
1218 1.912844e-07
1219 1.417818e-07
1220 9.729895e-08
1221 5.702711e-08
1222 3.255472e-08
1223 1.885424e-08
1224 1.111406e-08
1225 6.942184e-09
1226 0.000000e+00
1227 0.000000e+00
1228 0.000000e+00
1229 0.000000e+00
1230 3.827537e-07
1231 3.795061e-07
1232 3.210194e-07
1233 2.351494e-07
1234 1.742386e-07
1235 1.197365e-07
1236 7.011006e-08
1237 4.003485e-08
1238 2.319206e-08
1239 1.366647e-08
1240 8.533003e-09
1241 0.000000e+00
1242 0.000000e+00
1243 0.000000e+00
1244 0.000000e+00
1245 4.499854e-07
1246 4.463263e-07
1247 3.777259e-07
1248 2.767495e-07
1249 2.050207e-07
1250 1.410149e-07
1251 8.251773e-08
1252 4.712878e-08
1253 2.730595e-08
1254 1.608710e-08
1255 1.004172e-08
1256 0.000000e+00
1257 0.000000e+00
1258 0.000000e+00
1259 0.000000e+00
1260 5.284074e-07
1261 5.242748e-07
1262 4.438745e-07
1263 3.252784e-07
1264 2.409280e-07
1265 1.658353e-07
1266 9.699147e-08
1267 5.540343e-08
1268 3.210459e-08
1269 1.891069e-08
1270 1.180166e-08
1271 0.000000e+00
1272 0.000000e+00
1273 0.000000e+00
1274 0.000000e+00
1275 9.474872e-08
1276 9.866120e-08
1277 8.929063e-08
1278 6.831600e-08
1279 4.938102e-08
1280 3.699069e-08
1281 2.090285e-08
1282 1.262483e-08
1283 7.133056e-09
1284 4.119611e-09
1285 2.466164e-09
1286 0.000000e+00
1287 0.000000e+00
1288 0.000000e+00
1289 0.000000e+00
1290 1.729780e-07
1291 1.804885e-07
1292 1.638421e-07
1293 1.256894e-07
1294 9.079575e-08
1295 6.811777e-08
1296 3.859962e-08
1297 2.338780e-08
1298 1.318512e-08
1299 7.597048e-09
1300 4.539148e-09
1301 0.000000e+00
1302 0.000000e+00
1303 0.000000e+00
1304 0.000000e+00
1305 2.420353e-07
1306 2.527414e-07
1307 2.296931e-07
1308 1.763841e-07
1309 1.273880e-07
1310 9.562393e-08
1311 5.424550e-08
1312 3.290654e-08
1313 1.853651e-08
1314 1.067065e-08
1315 6.370970e-09
1316 0.000000e+00
1317 0.000000e+00
1318 0.000000e+00
1319 0.000000e+00
1320 3.074573e-07
1321 3.211876e-07
1322 2.920749e-07
1323 2.244089e-07
1324 1.620532e-07
1325 1.216809e-07
1326 6.906626e-08
1327 4.192319e-08
1328 2.360560e-08
1329 1.358215e-08
1330 8.106278e-09
1331 0.000000e+00
1332 0.000000e+00
1333 0.000000e+00
1334 0.000000e+00
1335 3.837719e-07
1336 4.010304e-07
1337 3.648442e-07
1338 2.804276e-07
1339 2.024872e-07
1340 1.520750e-07
1341 8.635420e-08
1342 5.244113e-08
1343 2.951859e-08
1344 1.697841e-08
1345 1.013045e-08
1346 0.000000e+00
1347 0.000000e+00
1348 0.000000e+00
1349 0.000000e+00
1350 7.236383e-08
1351 7.833009e-08
1352 7.511708e-08
1353 6.087762e-08
1354 4.391991e-08
1355 3.310902e-08
1356 2.068539e-08
1357 1.268164e-08
1358 7.040495e-09
1359 3.876932e-09
1360 2.240598e-09
1361 1.362540e-09
1362 0.000000e+00
1363 0.000000e+00
1364 0.000000e+00
1365 1.380300e-07
1366 1.496510e-07
1367 1.438666e-07
1368 1.169331e-07
1369 8.441486e-08
1370 6.357608e-08
1371 3.998496e-08
1372 2.444325e-08
1373 1.357298e-08
1374 7.477692e-09
1375 4.311898e-09
1376 2.616507e-09
1377 0.000000e+00
1378 0.000000e+00
1379 0.000000e+00
1380 2.006200e-07
1381 2.176402e-07
1382 2.094185e-07
1383 1.703944e-07
1384 1.230391e-07
1385 9.263236e-08
1386 5.840147e-08
1387 3.566348e-08
1388 1.980486e-08
1389 1.091328e-08
1390 6.287723e-09
1391 3.812434e-09
1392 0.000000e+00
1393 0.000000e+00
1394 0.000000e+00
1395 2.735873e-07
1396 2.969012e-07
1397 2.858359e-07
1398 2.327166e-07
1399 1.680643e-07
1400 1.265044e-07
1401 7.987015e-08
1402 4.874317e-08
1403 2.706953e-08
1404 1.491812e-08
1405 8.590980e-09
1406 5.206579e-09
1407 0.000000e+00
1408 0.000000e+00
1409 0.000000e+00
1410 5.873691e-08
1411 6.555494e-08
1412 6.585723e-08
1413 5.657037e-08
1414 4.169813e-08
1415 3.071204e-08
1416 2.163668e-08
1417 1.234472e-08
1418 6.949973e-09
1419 3.932610e-09
1420 2.187483e-09
1421 1.275749e-09
1422 0.000000e+00
1423 0.000000e+00
1424 0.000000e+00
1425 1.175531e-07
1426 1.313817e-07
1427 1.322689e-07
1428 1.139505e-07
1429 8.413594e-08
1430 6.189088e-08
1431 4.380928e-08
1432 2.491327e-08
1433 1.405606e-08
1434 7.952494e-09
1435 4.421110e-09
1436 2.573334e-09
1437 0.000000e+00
1438 0.000000e+00
1439 0.000000e+00
1440 1.861211e-07
1441 2.081273e-07
1442 2.097034e-07
1443 1.808610e-07
1444 1.336255e-07
1445 9.824889e-08
1446 6.966937e-08
1447 3.957071e-08
1448 2.234417e-08
1449 1.264074e-08
1450 7.026146e-09
1451 4.086518e-09
1452 0.000000e+00
1453 0.000000e+00
1454 0.000000e+00
1455 5.108969e-08
1456 5.854705e-08
1457 6.119650e-08
1458 5.560270e-08
1459 4.264112e-08
1460 3.079788e-08
1461 2.313220e-08
1462 1.296875e-08
1463 7.757153e-09
1464 4.250008e-09
1465 2.342927e-09
1466 1.308210e-09
1467 0.000000e+00
1468 0.000000e+00
1469 0.000000e+00
1470 1.141016e-07
1471 1.309277e-07
1472 1.371187e-07
1473 1.249463e-07
1474 9.606854e-08
1475 6.934692e-08
1476 5.215857e-08
1477 2.933039e-08
1478 1.760478e-08
1479 9.627104e-09
1480 5.294611e-09
1481 2.950276e-09
1482 0.000000e+00
1483 0.000000e+00
1484 0.000000e+00
1485 5.336965e-08
1486 6.271178e-08
1487 6.799622e-08
1488 6.527847e-08
1489 5.292872e-08
1490 3.819105e-08
1491 2.881119e-08
1492 1.791393e-08
1493 1.090204e-08
1494 5.916100e-09
1495 3.116061e-09
1496 1.681210e-09
1497 9.362520e-10
1498 0.000000e+00
1499 0.000000e+00
1500 1.109684e-04
1501 8.086786e-05
1502 6.035546e-05
1503 3.805236e-05
1504 2.321989e-05
1505 1.369104e-05
1506 8.324421e-06
1507 5.304277e-06
1508 3.565556e-06
1509 0.000000e+00
1510 0.000000e+00
1511 0.000000e+00
1512 0.000000e+00
1513 0.000000e+00
1514 0.000000e+00
1515 5.757601e-05
1516 4.644359e-05
1517 3.369791e-05
1518 2.528332e-05
1519 1.597668e-05
1520 9.754545e-06
1521 5.648866e-06
1522 3.364481e-06
1523 2.093966e-06
1524 1.379138e-06
1525 0.000000e+00
1526 0.000000e+00
1527 0.000000e+00
1528 0.000000e+00
1529 0.000000e+00
1530 4.047788e-05
1531 3.713775e-05
1532 2.882267e-05
1533 2.080348e-05
1534 1.566222e-05
1535 9.111532e-06
1536 5.625604e-06
1537 3.225263e-06
1538 1.896511e-06
1539 1.174730e-06
1540 0.000000e+00
1541 0.000000e+00
1542 0.000000e+00
1543 0.000000e+00
1544 0.000000e+00
1545 2.912801e-05
1546 2.891312e-05
1547 2.448503e-05
1548 1.793535e-05
1549 1.328396e-05
1550 9.154542e-06
1551 5.351144e-06
1552 3.053081e-06
1553 1.771954e-06
1554 1.042590e-06
1555 6.506122e-07
1556 0.000000e+00
1557 0.000000e+00
1558 0.000000e+00
1559 0.000000e+00
1560 2.085098e-05
1561 2.179680e-05
1562 1.983793e-05
1563 1.524768e-05
1564 1.100576e-05
1565 8.274949e-06
1566 4.689296e-06
1567 2.850415e-06
1568 1.602925e-06
1569 9.233707e-07
1570 5.506294e-07
1571 0.000000e+00
1572 0.000000e+00
1573 0.000000e+00
1574 0.000000e+00
1575 1.487210e-05
1576 1.614453e-05
1577 1.554949e-05
1578 1.266314e-05
1579 9.143013e-06
1580 6.883420e-06
1581 4.347301e-06
1582 2.655947e-06
1583 1.474901e-06
1584 8.112783e-07
1585 4.673052e-07
1586 2.832009e-07
1587 0.000000e+00
1588 0.000000e+00
1589 0.000000e+00
1590 1.001028e-05
1591 1.119728e-05
1592 1.128693e-05
1593 9.739022e-06
1594 7.195644e-06
1595 5.289411e-06
1596 3.755371e-06
1597 2.130464e-06
1598 1.202339e-06
1599 6.811759e-07
1600 3.783133e-07
1601 2.200058e-07
1602 0.000000e+00
1603 0.000000e+00
1604 0.000000e+00
1605 6.201116e-06
1606 7.118100e-06
1607 7.458527e-06
1608 6.801106e-06
1609 5.231433e-06
1610 3.775220e-06
1611 2.841823e-06
1612 1.597077e-06
1613 9.596537e-07
1614 5.242846e-07
1615 2.885232e-07
1616 1.606418e-07
1617 0.000000e+00
1618 0.000000e+00
1619 0.000000e+00
1620 3.163407e-06
1621 3.720115e-06
1622 4.038202e-06
1623 3.883392e-06
1624 3.154630e-06
1625 2.276770e-06
1626 1.716871e-06
1627 1.071974e-06
1628 6.518364e-07
1629 3.538249e-07
1630 1.861971e-07
1631 1.003484e-07
1632 5.578990e-08
1633 0.000000e+00
1634 0.000000e+00
1635 8.891198e-07
1636 1.072208e-06
1637 1.206146e-06
1638 1.224576e-06
1639 1.066696e-06
1640 7.933436e-07
1641 5.815894e-07
1642 4.169104e-07
1643 2.343421e-07
1644 1.314261e-07
1645 7.164692e-08
1646 3.730540e-08
1647 1.958823e-08
1648 0.000000e+00
1649 0.000000e+00
