0 2.214535e-09
1 1.438391e-09
2 9.043426e-10
3 5.697858e-10
4 3.664184e-10
5 2.411810e-10
6 1.603895e-10
7 1.053188e-10
8 6.670267e-11
9 4.003878e-11
10 2.254707e-11
11 1.190685e-11
12 5.931815e-12
13 2.820677e-12
14 1.296100e-12
15 3.753494e-09
16 2.495356e-09
17 1.585107e-09
18 9.881465e-10
19 6.250966e-10
20 4.049512e-10
21 2.679862e-10
22 1.777023e-10
23 1.151868e-10
24 7.141461e-11
25 4.170072e-11
26 2.279910e-11
27 1.170231e-11
28 5.691446e-12
29 2.655908e-12
30 4.296277e-09
31 2.875629e-09
32 1.836759e-09
33 1.143490e-09
34 7.204055e-10
35 4.642445e-10
36 3.063039e-10
37 2.032968e-10
38 1.324175e-10
39 8.273839e-11
40 4.880282e-11
41 2.695407e-11
42 1.396353e-11
43 6.842758e-12
44 3.210088e-12
45 4.595755e-09
46 3.084987e-09
47 1.975259e-09
48 1.229209e-09
49 7.729310e-10
50 4.969959e-10
51 3.274316e-10
52 2.173808e-10
53 1.418948e-10
54 8.897066e-11
55 5.270209e-11
56 2.924214e-11
57 1.521063e-11
58 7.477251e-12
59 3.515846e-12
60 4.796352e-09
61 3.225678e-09
62 2.068208e-09
63 1.286798e-09
64 8.082700e-10
65 5.190148e-10
66 3.416296e-10
67 2.268158e-10
68 1.482462e-10
69 9.315542e-11
70 5.531956e-11
71 3.078042e-11
72 1.605067e-11
73 7.905159e-12
74 3.722002e-12
75 4.946763e-09
76 3.331063e-09
77 2.138039e-09
78 1.329992e-09
79 8.347310e-10
80 5.354654e-10
81 3.522751e-10
82 2.339274e-10
83 1.530282e-10
84 9.631357e-11
85 5.729218e-11
86 3.193243e-11
87 1.667728e-11
88 8.223537e-12
89 3.875430e-12
90 5.061899e-09
91 3.412046e-09
92 2.191494e-09
93 1.363076e-09
94 8.549803e-10
95 5.480723e-10
96 3.604035e-10
97 2.393322e-10
98 1.566908e-10
99 9.872205e-11
100 5.881600e-11
101 3.282830e-11
102 1.716501e-11
103 8.472072e-12
104 3.995251e-12
105 5.176063e-09
106 3.491478e-09
107 2.244133e-09
108 1.395434e-09
109 8.750385e-10
110 5.604771e-10
111 3.684164e-10
112 2.447354e-10
113 1.602768e-10
114 1.010752e-10
115 6.029231e-11
116 3.368759e-11
117 1.763129e-11
118 8.709232e-12
119 4.110493e-12
120 5.277432e-09
121 3.562912e-09
122 2.291641e-09
123 1.424494e-09
124 8.928419e-10
125 5.716290e-10
126 3.756183e-10
127 2.495335e-10
128 1.635562e-10
129 1.032265e-10
130 6.163064e-11
131 3.446946e-11
132 1.805805e-11
133 8.926436e-12
134 4.214015e-12
135 5.393832e-09
136 3.644023e-09
137 2.345914e-09
138 1.458439e-09
139 9.134782e-10
140 5.845044e-10
141 3.839182e-10
142 2.549938e-10
143 1.672611e-10
144 1.056829e-10
145 6.316433e-11
146 3.537358e-11
147 1.855145e-11
148 9.175778e-12
149 4.334022e-12
150 7.884711e-09
151 5.427714e-09
152 3.564018e-09
153 2.225801e-09
154 1.380206e-09
155 8.703327e-10
156 5.645011e-10
157 3.736284e-10
158 2.470451e-10
159 1.590302e-10
160 9.751533e-11
161 5.618367e-11
162 3.027298e-11
163 1.531787e-11
164 7.356824e-12
165 9.964263e-09
166 6.945810e-09
167 4.627372e-09
168 2.919805e-09
169 1.801219e-09
170 1.126561e-09
171 7.226925e-10
172 4.753063e-10
173 3.147407e-10
174 2.044907e-10
175 1.273579e-10
176 7.480372e-11
177 4.111569e-11
178 2.117765e-11
179 1.031504e-11
180 1.117025e-08
181 7.829839e-09
182 5.247347e-09
183 3.328090e-09
184 2.049785e-09
185 1.277751e-09
186 8.155594e-10
187 5.347258e-10
188 3.541322e-10
189 2.309534e-10
190 1.447587e-10
191 8.570060e-11
192 4.750459e-11
193 2.466078e-11
194 1.208626e-11
195 1.198028e-08
196 8.424940e-09
197 5.664998e-09
198 3.602939e-09
199 2.217280e-09
200 1.379552e-09
201 8.782288e-10
202 5.747651e-10
203 3.807346e-10
204 2.487949e-10
205 1.564966e-10
206 9.305983e-11
207 5.182012e-11
208 2.701371e-11
209 1.328286e-11
210 1.258728e-08
211 8.871546e-09
212 5.978378e-09
213 3.808904e-09
214 2.342938e-09
215 1.456054e-09
216 9.251786e-10
217 6.048859e-10
218 4.006045e-10
219 2.621274e-10
220 1.652571e-10
221 9.856307e-11
222 5.504025e-11
223 2.877110e-11
224 1.417697e-11
225 1.306274e-08
226 9.220688e-09
227 6.224026e-09
228 3.970892e-09
229 2.441363e-09
230 1.515660e-09
231 9.618761e-10
232 6.283205e-10
233 4.161625e-10
234 2.725809e-10
235 1.721489e-10
236 1.028666e-10
237 5.757678e-11
238 3.015374e-11
239 1.488212e-11
240 1.351079e-08
241 9.548736e-09
242 6.453824e-09
243 4.122184e-09
244 2.533514e-09
245 1.571952e-09
246 9.964192e-10
247 6.504251e-10
248 4.308788e-10
249 2.824411e-10
250 1.786234e-10
251 1.069279e-10
252 5.995507e-11
253 3.144713e-11
254 1.553347e-11
255 1.391845e-08
256 9.848922e-09
257 6.664746e-09
258 4.260925e-09
259 2.618518e-09
260 1.623287e-09
261 1.027951e-09
262 6.705793e-10
263 4.442140e-10
264 2.914145e-10
265 1.845255e-10
266 1.106267e-10
267 6.212447e-11
268 3.262480e-11
269 1.613661e-11
270 1.439394e-08
271 1.019760e-08
272 6.909253e-09
273 4.422047e-09
274 2.715985e-09
275 1.683437e-09
276 1.064933e-09
277 6.940918e-10
278 4.597818e-10
279 3.018453e-10
280 1.914024e-10
281 1.149383e-10
282 6.465335e-11
283 3.400285e-11
284 1.683724e-11
285 1.364093e-08
286 9.704020e-09
287 6.590609e-09
288 4.252356e-09
289 2.620318e-09
290 1.623015e-09
291 1.023235e-09
292 6.638437e-10
293 4.379591e-10
294 2.870594e-10
295 1.822629e-10
296 1.099269e-10
297 6.225221e-11
298 3.300497e-11
299 1.646784e-11
300 1.604828e-08
301 1.154639e-08
302 7.912635e-09
303 5.163910e-09
304 3.194215e-09
305 1.968528e-09
306 1.231491e-09
307 7.928027e-10
308 5.210954e-10
309 3.423367e-10
310 2.190674e-10
311 1.337134e-10
312 7.680911e-11
313 4.131772e-11
314 2.088145e-11
315 1.769957e-08
316 1.281734e-08
317 8.826208e-09
318 5.795955e-09
319 3.594381e-09
320 2.208797e-09
321 1.376601e-09
322 8.824534e-10
323 5.787196e-10
324 3.805479e-10
325 2.445036e-10
326 1.501750e-10
327 8.690786e-11
328 4.710422e-11
329 2.396569e-11
330 1.893691e-08
331 1.377015e-08
332 9.513268e-09
333 6.269868e-09
334 3.894643e-09
335 2.389474e-09
336 1.485589e-09
337 9.497100e-10
338 6.220283e-10
339 4.092282e-10
340 2.635910e-10
341 1.625270e-10
342 9.449002e-11
343 5.145064e-11
344 2.628304e-11
345 1.991587e-08
346 1.452427e-08
347 1.005485e-08
348 6.644565e-09
349 4.131992e-09
350 2.532647e-09
351 1.571320e-09
352 1.002712e-09
353 6.560563e-10
354 4.318039e-10
355 2.786356e-10
356 1.722741e-10
357 1.004769e-10
358 5.488541e-11
359 2.811845e-11
360 2.082200e-08
361 1.522067e-08
362 1.055516e-08
363 6.988650e-09
364 4.350158e-09
365 2.663691e-09
366 1.650569e-09
367 1.051740e-09
368 6.875895e-10
369 4.527309e-10
370 2.925311e-10
371 1.812544e-10
372 1.059798e-10
373 5.803741e-11
374 2.979491e-11
375 2.165108e-08
376 1.585852e-08
377 1.101365e-08
378 7.305996e-09
379 4.550527e-09
380 2.784416e-09
381 1.723312e-09
382 1.096649e-09
383 7.164705e-10
384 4.718897e-10
385 3.053040e-10
386 1.895133e-10
387 1.110457e-10
388 6.093735e-11
389 3.134004e-11
390 2.262116e-08
391 1.660544e-08
392 1.155046e-08
393 7.676755e-09
394 4.785691e-09
395 2.926333e-09
396 1.808848e-09
397 1.149515e-09
398 7.503365e-10
399 4.943928e-10
400 3.202732e-10
401 1.992048e-10
402 1.169825e-10
403 6.434118e-11
404 3.315962e-11
405 1.967241e-08
406 1.441628e-08
407 1.000414e-08
408 6.632477e-09
409 4.150892e-09
410 2.541752e-09
411 1.576295e-09
412 1.002261e-09
413 6.533724e-10
414 4.291379e-10
415 2.768689e-10
416 1.715445e-10
417 1.004722e-10
418 5.519979e-11
419 2.845693e-11
420 2.233376e-08
421 1.655734e-08
422 1.157960e-08
423 7.740871e-09
424 4.886128e-09
425 2.983916e-09
426 1.842473e-09
427 1.162834e-09
428 7.537457e-10
429 4.944311e-10
430 3.201892e-10
431 1.999576e-10
432 1.183703e-10
433 6.581490e-11
434 3.432572e-11
435 2.434687e-08
436 1.818134e-08
437 1.277448e-08
438 8.584807e-09
439 5.446285e-09
440 3.321518e-09
441 2.046031e-09
442 1.285290e-09
443 8.303415e-10
444 5.441384e-10
445 3.531381e-10
446 2.215656e-10
447 1.319968e-10
448 7.391073e-11
449 3.881131e-11
450 2.594040e-08
451 1.947064e-08
452 1.372830e-08
453 9.256974e-09
454 5.892256e-09
455 3.590712e-09
456 2.207726e-09
457 1.382759e-09
458 8.910567e-10
459 5.835909e-10
460 3.792999e-10
461 2.387379e-10
462 1.428349e-10
463 8.035708e-11
464 4.238638e-11
465 2.740559e-08
466 2.065039e-08
467 1.459579e-08
468 9.866490e-09
469 6.297451e-09
470 3.835615e-09
471 2.354727e-09
472 1.471407e-09
473 9.465049e-10
474 6.196306e-10
475 4.031686e-10
476 2.543775e-10
477 1.526865e-10
478 8.620358e-11
479 4.562342e-11
480 2.875312e-08
481 2.173779e-08
482 1.539632e-08
483 1.043104e-08
484 6.672865e-09
485 4.061382e-09
486 2.490959e-09
487 1.553248e-09
488 9.976441e-10
489 6.528587e-10
490 4.252391e-10
491 2.688490e-10
492 1.618100e-10
493 9.161267e-11
494 4.861930e-11
495 3.033154e-08
496 2.300633e-08
497 1.633430e-08
498 1.109194e-08
499 7.111622e-09
500 4.326395e-09
501 2.650333e-09
502 1.649311e-09
503 1.057590e-09
504 6.917953e-10
505 4.510156e-10
506 2.857355e-10
507 1.724688e-10
508 9.795509e-11
509 5.213418e-11
510 2.602722e-08
511 1.962895e-08
512 1.388739e-08
513 9.381465e-09
514 6.003387e-09
515 3.666249e-09
516 2.252315e-09
517 1.406621e-09
518 9.034406e-10
519 5.902087e-10
520 3.832630e-10
521 2.414941e-10
522 1.449101e-10
523 8.189185e-11
524 4.343380e-11
525 2.894261e-08
526 2.208043e-08
527 1.574676e-08
528 1.070934e-08
529 6.911966e-09
530 4.228410e-09
531 2.588853e-09
532 1.606243e-09
533 1.025527e-09
534 6.677291e-10
535 4.340545e-10
536 2.749022e-10
537 1.663168e-10
538 9.493831e-11
539 5.088770e-11
540 3.127431e-08
541 2.404635e-08
542 1.724017e-08
543 1.177793e-08
544 7.643763e-09
545 4.683162e-09
546 2.860002e-09
547 1.767287e-09
548 1.123635e-09
549 7.300359e-10
550 4.748533e-10
551 3.017455e-10
552 1.835324e-10
553 1.054464e-10
554 5.690247e-11
555 3.339274e-08
556 2.582708e-08
557 1.859394e-08
558 1.274160e-08
559 8.303867e-09
560 5.091938e-09
561 3.104770e-09
562 1.912615e-09
563 1.212445e-09
564 7.864197e-10
565 5.117508e-10
566 3.259908e-10
567 1.990552e-10
568 1.149043e-10
569 6.230751e-11
570 3.535594e-08
571 2.748058e-08
572 1.984935e-08
573 1.363890e-08
574 8.919340e-09
575 5.473102e-09
576 3.332676e-09
577 2.048042e-09
578 1.295034e-09
579 8.388360e-10
580 5.460816e-10
581 3.485630e-10
582 2.135199e-10
583 1.237252e-10
584 6.735242e-11
585 3.765855e-08
586 2.941379e-08
587 2.131942e-08
588 1.468800e-08
589 9.636536e-09
590 5.918196e-09
591 3.598764e-09
592 2.205895e-09
593 1.391379e-09
594 8.999789e-10
595 5.861161e-10
596 3.748923e-10
597 2.303938e-10
598 1.340154e-10
599 7.323789e-11
600 3.280227e-08
601 2.543365e-08
602 1.835108e-08
603 1.258835e-08
604 8.219358e-09
605 5.060862e-09
606 3.083089e-09
607 1.898643e-09
608 1.201337e-09
609 7.774761e-10
610 5.050767e-10
611 3.215166e-10
612 1.964257e-10
613 1.135862e-10
614 6.177003e-11
615 3.599487e-08
616 2.822426e-08
617 2.054526e-08
618 1.417842e-08
619 9.327669e-09
620 5.774008e-09
621 3.506079e-09
622 2.149493e-09
623 1.351236e-09
624 8.704884e-10
625 5.649537e-10
626 3.607227e-10
627 2.217734e-10
628 1.293468e-10
629 7.102460e-11
630 3.888257e-08
631 3.074650e-08
632 2.252178e-08
633 1.560917e-08
634 1.032559e-08
635 6.415777e-09
636 3.887220e-09
637 2.375637e-09
638 1.486705e-09
639 9.544086e-10
640 6.189783e-10
641 3.960581e-10
642 2.445870e-10
643 1.435126e-10
644 7.933390e-11
645 4.156721e-08
646 3.309550e-08
647 2.436597e-08
648 1.694682e-08
649 1.125780e-08
650 7.015645e-09
651 4.243500e-09
652 2.586818e-09
653 1.613119e-09
654 1.032748e-09
655 6.693761e-10
656 4.290361e-10
657 2.658941e-10
658 1.567526e-10
659 8.710477e-11
660 4.471321e-08
661 3.584273e-08
662 2.652234e-08
663 1.850852e-08
664 1.234601e-08
665 7.716465e-09
666 4.659089e-09
667 2.833577e-09
668 1.760639e-09
669 1.124221e-09
670 7.282135e-10
671 4.675391e-10
672 2.907727e-10
673 1.722123e-10
674 9.618063e-11
675 4.010869e-08
676 3.193515e-08
677 2.353803e-08
678 1.638045e-08
679 1.087903e-08
680 6.801152e-09
681 4.116431e-09
682 2.512272e-09
683 1.565084e-09
684 1.000510e-09
685 6.473087e-10
686 4.142283e-10
687 2.564415e-10
688 1.511645e-10
689 8.407073e-11
690 4.390119e-08
691 3.536413e-08
692 2.632065e-08
693 1.843070e-08
694 1.232455e-08
695 7.762168e-09
696 4.691206e-09
697 2.854095e-09
698 1.766180e-09
699 1.122315e-09
700 7.241300e-10
701 4.639444e-10
702 2.886123e-10
703 1.713900e-10
704 9.618837e-11
705 4.744462e-08
706 3.857465e-08
707 2.892589e-08
708 2.035815e-08
709 1.368394e-08
710 8.666495e-09
711 5.232119e-09
712 3.175341e-09
713 1.955205e-09
714 1.236766e-09
715 7.962561e-10
716 5.106175e-10
717 3.188129e-10
718 1.903993e-10
719 1.075870e-10
720 5.158865e-08
721 4.232949e-08
722 3.196797e-08
723 2.260647e-08
724 1.526794e-08
725 9.721763e-09
726 5.863164e-09
727 3.550555e-09
728 2.175589e-09
729 1.370273e-09
730 8.803249e-10
731 5.650304e-10
732 3.540244e-10
733 2.125628e-10
734 1.208779e-10
735 4.873792e-08
736 3.986278e-08
737 3.007241e-08
738 2.125935e-08
739 1.433485e-08
740 9.130291e-09
741 5.523707e-09
742 3.347869e-09
743 2.053414e-09
744 1.293493e-09
745 8.299771e-10
746 5.315700e-10
747 3.322351e-10
748 1.990309e-10
749 1.130046e-10
750 5.335876e-08
751 4.419179e-08
752 3.371634e-08
753 2.401822e-08
754 1.630014e-08
755 1.047182e-08
756 6.347173e-09
757 3.834486e-09
758 2.336507e-09
759 1.461591e-09
760 9.334077e-10
761 5.973655e-10
762 3.745916e-10
763 2.258809e-10
764 1.293821e-10
765 5.876326e-08
766 4.925372e-08
767 3.796193e-08
768 2.723886e-08
769 1.859512e-08
770 1.203956e-08
771 7.309924e-09
772 4.403760e-09
773 2.667150e-09
774 1.657963e-09
775 1.054162e-09
776 6.741841e-10
777 4.240413e-10
778 2.572264e-10
779 1.485031e-10
780 5.931333e-08
781 4.993740e-08
782 3.870649e-08
783 2.790090e-08
784 1.909865e-08
785 1.241547e-08
786 7.578644e-09
787 4.557403e-09
788 2.755854e-09
789 1.706515e-09
790 1.080715e-09
791 6.892378e-10
792 4.331471e-10
793 2.630604e-10
794 1.523310e-10
795 6.641411e-08
796 5.681754e-08
797 4.471099e-08
798 3.260217e-08
799 2.250047e-08
800 1.478196e-08
801 9.091022e-09
802 5.445027e-09
803 3.272058e-09
804 2.006669e-09
805 1.260326e-09
806 8.006714e-10
807 5.038855e-10
808 3.078924e-10
809 1.800185e-10
810 7.623508e-08
811 6.668280e-08
812 5.371661e-08
813 3.995059e-08
814 2.794031e-08
815 1.862084e-08
816 1.164993e-08
817 6.960559e-09
818 4.158569e-09
819 2.511994e-09
820 1.553318e-09
821 9.764541e-10
822 6.127336e-10
823 3.761895e-10
824 2.224231e-10
825 5.047322e-07
826 3.686569e-07
827 2.731667e-07
828 1.700159e-07
829 1.035762e-07
830 6.136095e-08
831 3.746801e-08
832 2.403802e-08
833 1.622737e-08
834 0.000000e+00
835 0.000000e+00
836 0.000000e+00
837 0.000000e+00
838 0.000000e+00
839 0.000000e+00
840 7.611617e-07
841 5.560968e-07
842 4.125023e-07
843 2.597020e-07
844 1.578228e-07
845 9.338089e-08
846 5.691173e-08
847 3.637601e-08
848 2.448862e-08
849 0.000000e+00
850 0.000000e+00
851 0.000000e+00
852 0.000000e+00
853 0.000000e+00
854 0.000000e+00
855 9.037178e-07
856 6.603199e-07
857 4.899686e-07
858 3.096408e-07
859 1.880065e-07
860 1.111994e-07
861 6.773072e-08
862 4.323827e-08
863 2.908213e-08
864 0.000000e+00
865 0.000000e+00
866 0.000000e+00
867 0.000000e+00
868 0.000000e+00
869 0.000000e+00
870 9.995850e-07
871 7.304062e-07
872 5.420640e-07
873 3.432241e-07
874 2.083063e-07
875 1.231824e-07
876 7.500653e-08
877 4.785350e-08
878 3.217120e-08
879 0.000000e+00
880 0.000000e+00
881 0.000000e+00
882 0.000000e+00
883 0.000000e+00
884 0.000000e+00
885 1.071448e-06
886 7.829478e-07
887 5.811127e-07
888 3.683981e-07
889 2.235234e-07
890 1.321653e-07
891 8.046056e-08
892 5.131303e-08
893 3.448700e-08
894 0.000000e+00
895 0.000000e+00
896 0.000000e+00
897 0.000000e+00
898 0.000000e+00
899 0.000000e+00
900 1.128041e-06
901 8.243229e-07
902 6.118682e-07
903 3.882327e-07
904 2.355109e-07
905 1.392420e-07
906 8.475669e-08
907 5.403790e-08
908 3.631066e-08
909 0.000000e+00
910 0.000000e+00
911 0.000000e+00
912 0.000000e+00
913 0.000000e+00
914 0.000000e+00
915 1.180504e-06
916 8.626766e-07
917 6.403741e-07
918 4.066018e-07
919 2.466152e-07
920 1.457967e-07
921 8.873709e-08
922 5.656299e-08
923 3.800110e-08
924 0.000000e+00
925 0.000000e+00
926 0.000000e+00
927 0.000000e+00
928 0.000000e+00
929 0.000000e+00
930 1.228681e-06
931 8.978992e-07
932 6.665538e-07
933 4.234785e-07
934 2.568161e-07
935 1.518181e-07
936 9.239329e-08
937 5.888211e-08
938 3.955340e-08
939 0.000000e+00
940 0.000000e+00
941 0.000000e+00
942 0.000000e+00
943 0.000000e+00
944 0.000000e+00
945 1.284897e-06
946 9.390015e-07
947 6.971017e-07
948 4.431730e-07
949 2.687195e-07
950 1.588452e-07
951 9.666013e-08
952 6.158822e-08
953 4.136498e-08
954 0.000000e+00
955 0.000000e+00
956 0.000000e+00
957 0.000000e+00
958 0.000000e+00
959 0.000000e+00
960 3.373632e-07
961 2.686792e-07
962 1.948991e-07
963 1.461608e-07
964 9.042617e-08
965 5.535377e-08
966 3.217409e-08
967 1.923837e-08
968 1.205655e-08
969 7.982408e-09
970 0.000000e+00
971 0.000000e+00
972 0.000000e+00
973 0.000000e+00
974 0.000000e+00
975 5.204959e-07
976 4.173752e-07
977 3.030514e-07
978 2.270538e-07
979 1.423026e-07
980 8.676555e-08
981 5.039590e-08
982 3.009388e-08
983 1.879127e-08
984 1.240496e-08
985 0.000000e+00
986 0.000000e+00
987 0.000000e+00
988 0.000000e+00
989 0.000000e+00
990 6.451456e-07
991 5.186703e-07
992 3.767439e-07
993 2.821591e-07
994 1.776945e-07
995 1.081796e-07
996 6.281922e-08
997 3.749500e-08
998 2.338139e-08
999 1.541810e-08
1000 0.000000e+00
1001 0.000000e+00
1002 0.000000e+00
1003 0.000000e+00
1004 0.000000e+00
1005 7.385655e-07
1006 5.945806e-07
1007 4.319664e-07
1008 3.234553e-07
1009 2.042170e-07
1010 1.242264e-07
1011 7.212935e-08
1012 4.304156e-08
1013 2.682105e-08
1014 1.767611e-08
1015 0.000000e+00
1016 0.000000e+00
1017 0.000000e+00
1018 0.000000e+00
1019 0.000000e+00
1020 8.130921e-07
1021 6.551425e-07
1022 4.760267e-07
1023 3.564016e-07
1024 2.253837e-07
1025 1.370326e-07
1026 7.955883e-08
1027 4.746723e-08
1028 2.956578e-08
1029 1.947756e-08
1030 0.000000e+00
1031 0.000000e+00
1032 0.000000e+00
1033 0.000000e+00
1034 0.000000e+00
1035 8.803313e-07
1036 7.097728e-07
1037 5.157724e-07
1038 3.861209e-07
1039 2.444662e-07
1040 1.485796e-07
1041 8.625791e-08
1042 5.145844e-08
1043 3.204121e-08
1044 2.110274e-08
1045 0.000000e+00
1046 0.000000e+00
1047 0.000000e+00
1048 0.000000e+00
1049 0.000000e+00
1050 9.429624e-07
1051 7.606674e-07
1052 5.527956e-07
1053 4.138057e-07
1054 2.622467e-07
1055 1.593392e-07
1056 9.249997e-08
1057 5.517686e-08
1058 3.434736e-08
1059 2.261657e-08
1060 0.000000e+00
1061 0.000000e+00
1062 0.000000e+00
1063 0.000000e+00
1064 0.000000e+00
1065 1.016045e-06
1066 8.200561e-07
1067 5.960003e-07
1068 4.461152e-07
1069 2.829962e-07
1070 1.718949e-07
1071 9.978368e-08
1072 5.951640e-08
1073 3.703848e-08
1074 2.438317e-08
1075 0.000000e+00
1076 0.000000e+00
1077 0.000000e+00
1078 0.000000e+00
1079 0.000000e+00
1080 1.985006e-07
1081 1.805303e-07
1082 1.390843e-07
1083 1.005793e-07
1084 7.536850e-08
1085 4.356666e-08
1086 2.670164e-08
1087 1.539540e-08
1088 9.103920e-09
1089 5.663907e-09
1090 0.000000e+00
1091 0.000000e+00
1092 0.000000e+00
1093 0.000000e+00
1094 0.000000e+00
1095 3.307007e-07
1096 3.020957e-07
1097 2.336996e-07
1098 1.688946e-07
1099 1.267467e-07
1100 7.367733e-08
1101 4.527556e-08
1102 2.604241e-08
1103 1.534487e-08
1104 9.524685e-09
1105 0.000000e+00
1106 0.000000e+00
1107 0.000000e+00
1108 0.000000e+00
1109 0.000000e+00
1110 4.309827e-07
1111 3.943606e-07
1112 3.055445e-07
1113 2.207671e-07
1114 1.657611e-07
1115 9.656162e-08
1116 5.939309e-08
1117 3.413349e-08
1118 2.008577e-08
1119 1.245668e-08
1120 0.000000e+00
1121 0.000000e+00
1122 0.000000e+00
1123 0.000000e+00
1124 0.000000e+00
1125 5.114655e-07
1126 4.684053e-07
1127 3.632047e-07
1128 2.623988e-07
1129 1.970721e-07
1130 1.149282e-07
1131 7.072412e-08
1132 4.062747e-08
1133 2.389063e-08
1134 1.480983e-08
1135 0.000000e+00
1136 0.000000e+00
1137 0.000000e+00
1138 0.000000e+00
1139 0.000000e+00
1140 5.830765e-07
1141 5.342890e-07
1142 4.145032e-07
1143 2.994378e-07
1144 2.249293e-07
1145 1.312667e-07
1146 8.080357e-08
1147 4.640436e-08
1148 2.727558e-08
1149 1.690329e-08
1150 0.000000e+00
1151 0.000000e+00
1152 0.000000e+00
1153 0.000000e+00
1154 0.000000e+00
1155 6.502704e-07
1156 5.961082e-07
1157 4.626414e-07
1158 3.341941e-07
1159 2.510702e-07
1160 1.465996e-07
1161 9.026253e-08
1162 5.182558e-08
1163 3.045203e-08
1164 1.886772e-08
1165 0.000000e+00
1166 0.000000e+00
1167 0.000000e+00
1168 0.000000e+00
1169 0.000000e+00
1170 7.286815e-07
1171 6.682464e-07
1172 5.188135e-07
1173 3.747519e-07
1174 2.815732e-07
1175 1.644917e-07
1176 1.013003e-07
1177 5.815149e-08
1178 3.415877e-08
1179 2.116017e-08
1180 0.000000e+00
1181 0.000000e+00
1182 0.000000e+00
1183 0.000000e+00
1184 0.000000e+00
1185 1.319429e-07
1186 1.302367e-07
1187 1.095175e-07
1188 8.000104e-08
1189 5.943201e-08
1190 4.039357e-08
1191 2.383677e-08
1192 1.358103e-08
1193 7.851167e-09
1194 4.639455e-09
1195 2.906180e-09
1196 0.000000e+00
1197 0.000000e+00
1198 0.000000e+00
1199 0.000000e+00
1200 2.313889e-07
1201 2.290541e-07
1202 1.933448e-07
1203 1.414853e-07
1204 1.049339e-07
1205 7.182816e-08
1206 4.217445e-08
1207 2.406309e-08
1208 1.392986e-08
1209 8.216538e-09
1210 5.136138e-09
1211 0.000000e+00
1212 0.000000e+00
1213 0.000000e+00
1214 0.000000e+00
1215 3.122110e-07
1216 3.093904e-07
1217 2.615228e-07
1218 1.915024e-07
1219 1.419427e-07
1220 9.741125e-08
1221 5.709217e-08
1222 3.259198e-08
1223 1.887589e-08
1224 1.112676e-08
1225 6.950083e-09
1226 0.000000e+00
1227 0.000000e+00
1228 0.000000e+00
1229 0.000000e+00
1230 3.835207e-07
1231 3.802685e-07
1232 3.216664e-07
1233 2.356240e-07
1234 1.745898e-07
1235 1.199792e-07
1236 7.025162e-08
1237 4.011573e-08
1238 2.323899e-08
1239 1.369410e-08
1240 8.550215e-09
1241 0.000000e+00
1242 0.000000e+00
1243 0.000000e+00
1244 0.000000e+00
1245 4.507052e-07
1246 4.470417e-07
1247 3.783330e-07
1248 2.771948e-07
1249 2.053503e-07
1250 1.412427e-07
1251 8.265056e-08
1252 4.720472e-08
1253 2.734999e-08
1254 1.611301e-08
1255 1.005787e-08
1256 0.000000e+00
1257 0.000000e+00
1258 0.000000e+00
1259 0.000000e+00
1260 5.290986e-07
1261 5.249612e-07
1262 4.444575e-07
1263 3.257061e-07
1264 2.412444e-07
1265 1.660541e-07
1266 9.711902e-08
1267 5.547636e-08
1268 3.214688e-08
1269 1.893557e-08
1270 1.181717e-08
1271 0.000000e+00
1272 0.000000e+00
1273 0.000000e+00
1274 0.000000e+00
1275 9.495644e-08
1276 9.887127e-08
1277 8.947183e-08
1278 6.844810e-08
1279 4.947745e-08
1280 3.706132e-08
1281 2.094040e-08
1282 1.264625e-08
1283 7.145623e-09
1284 4.127259e-09
1285 2.470892e-09
1286 0.000000e+00
1287 0.000000e+00
1288 0.000000e+00
1289 0.000000e+00
1290 1.735278e-07
1291 1.810651e-07
1292 1.643687e-07
1293 1.260956e-07
1294 9.108886e-08
1295 6.833840e-08
1296 3.872535e-08
1297 2.346444e-08
1298 1.322820e-08
1299 7.621729e-09
1300 4.553827e-09
1301 0.000000e+00
1302 0.000000e+00
1303 0.000000e+00
1304 0.000000e+00
1305 2.427818e-07
1306 2.535224e-07
1307 2.304049e-07
1308 1.769320e-07
1309 1.277835e-07
1310 9.592125e-08
1311 5.441461e-08
1312 3.300943e-08
1313 1.859434e-08
1314 1.070387e-08
1315 6.390771e-09
1316 0.000000e+00
1317 0.000000e+00
1318 0.000000e+00
1319 0.000000e+00
1320 3.081573e-07
1321 3.219199e-07
1322 2.927424e-07
1323 2.249228e-07
1324 1.624240e-07
1325 1.219597e-07
1326 6.922484e-08
1327 4.201962e-08
1328 2.365984e-08
1329 1.361331e-08
1330 8.124846e-09
1331 0.000000e+00
1332 0.000000e+00
1333 0.000000e+00
1334 0.000000e+00
1335 3.844456e-07
1336 4.017354e-07
1337 3.654864e-07
1338 2.809220e-07
1339 2.028441e-07
1340 1.523433e-07
1341 8.650677e-08
1342 5.253395e-08
1343 2.957077e-08
1344 1.700838e-08
1345 1.014832e-08
1346 0.000000e+00
1347 0.000000e+00
1348 0.000000e+00
1349 0.000000e+00
1350 7.261530e-08
1351 7.859942e-08
1352 7.537133e-08
1353 6.107898e-08
1354 4.406450e-08
1355 3.321878e-08
1356 2.075061e-08
1357 1.272264e-08
1358 7.063218e-09
1359 3.889326e-09
1360 2.247899e-09
1361 1.367054e-09
1362 0.000000e+00
1363 0.000000e+00
1364 0.000000e+00
1365 1.387577e-07
1366 1.504417e-07
1367 1.446291e-07
1368 1.175552e-07
1369 8.486420e-08
1370 6.391416e-08
1371 4.019940e-08
1372 2.457387e-08
1373 1.364552e-08
1374 7.517687e-09
1375 4.334898e-09
1376 2.630422e-09
1377 0.000000e+00
1378 0.000000e+00
1379 0.000000e+00
1380 2.012896e-07
1381 2.183674e-07
1382 2.101197e-07
1383 1.709663e-07
1384 1.234522e-07
1385 9.294315e-08
1386 5.859844e-08
1387 3.578349e-08
1388 1.987152e-08
1389 1.095002e-08
1390 6.308856e-09
1391 3.825225e-09
1392 0.000000e+00
1393 0.000000e+00
1394 0.000000e+00
1395 2.742301e-07
1396 2.975994e-07
1397 2.865091e-07
1398 2.332656e-07
1399 1.684609e-07
1400 1.268028e-07
1401 8.005927e-08
1402 4.885839e-08
1403 2.713352e-08
1404 1.495340e-08
1405 8.611270e-09
1406 5.218863e-09
1407 0.000000e+00
1408 0.000000e+00
1409 0.000000e+00
1410 5.919767e-08
1411 6.606801e-08
1412 6.637134e-08
1413 5.701014e-08
1414 4.202148e-08
1415 3.095060e-08
1416 2.180379e-08
1417 1.244042e-08
1418 7.003623e-09
1419 3.963045e-09
1420 2.204404e-09
1421 1.285643e-09
1422 0.000000e+00
1423 0.000000e+00
1424 0.000000e+00
1425 1.181874e-07
1426 1.320914e-07
1427 1.329855e-07
1428 1.145697e-07
1429 8.459379e-08
1430 6.222732e-08
1431 4.404865e-08
1432 2.504893e-08
1433 1.413277e-08
1434 7.995885e-09
1435 4.445220e-09
1436 2.587335e-09
1437 0.000000e+00
1438 0.000000e+00
1439 0.000000e+00
1440 1.867254e-07
1441 2.088038e-07
1442 2.103859e-07
1443 1.814508e-07
1444 1.340617e-07
1445 9.856935e-08
1446 6.989730e-08
1447 3.969986e-08
1448 2.241722e-08
1449 1.268206e-08
1450 7.049107e-09
1451 4.099860e-09
1452 0.000000e+00
1453 0.000000e+00
1454 0.000000e+00
1455 5.158077e-08
1456 5.911015e-08
1457 6.178513e-08
1458 5.613815e-08
1459 4.305171e-08
1460 3.109435e-08
1461 2.335510e-08
1462 1.309362e-08
1463 7.831958e-09
1464 4.290944e-09
1465 2.365507e-09
1466 1.320809e-09
1467 0.000000e+00
1468 0.000000e+00
1469 0.000000e+00
1470 1.146565e-07
1471 1.315651e-07
1472 1.377874e-07
1473 1.255571e-07
1474 9.653913e-08
1475 6.968651e-08
1476 5.241424e-08
1477 2.947451e-08
1478 1.769155e-08
1479 9.674487e-09
1480 5.320611e-09
1481 2.964740e-09
1482 0.000000e+00
1483 0.000000e+00
1484 0.000000e+00
1485 5.383545e-08
1486 6.325981e-08
1487 6.859165e-08
1488 6.585174e-08
1489 5.339490e-08
1490 3.852764e-08
1491 2.906488e-08
1492 1.807289e-08
1493 1.099850e-08
1494 5.968478e-09
1495 3.143660e-09
1496 1.696066e-09
1497 9.444988e-10
1498 0.000000e+00
1499 0.000000e+00
1500 1.109684e-04
1501 8.086786e-05
1502 6.035546e-05
1503 3.805236e-05
1504 2.321989e-05
1505 1.369104e-05
1506 8.324421e-06
1507 5.304277e-06
1508 3.565556e-06
1509 0.000000e+00
1510 0.000000e+00
1511 0.000000e+00
1512 0.000000e+00
1513 0.000000e+00
1514 0.000000e+00
1515 5.757601e-05
1516 4.644359e-05
1517 3.369791e-05
1518 2.528332e-05
1519 1.597668e-05
1520 9.754545e-06
1521 5.648866e-06
1522 3.364481e-06
1523 2.093966e-06
1524 1.379138e-06
1525 0.000000e+00
1526 0.000000e+00
1527 0.000000e+00
1528 0.000000e+00
1529 0.000000e+00
1530 4.047788e-05
1531 3.713775e-05
1532 2.882267e-05
1533 2.080348e-05
1534 1.566222e-05
1535 9.111532e-06
1536 5.625604e-06
1537 3.225263e-06
1538 1.896511e-06
1539 1.174730e-06
1540 0.000000e+00
1541 0.000000e+00
1542 0.000000e+00
1543 0.000000e+00
1544 0.000000e+00
1545 2.912801e-05
1546 2.891312e-05
1547 2.448503e-05
1548 1.793535e-05
1549 1.328396e-05
1550 9.154542e-06
1551 5.351144e-06
1552 3.053081e-06
1553 1.771954e-06
1554 1.042590e-06
1555 6.506122e-07
1556 0.000000e+00
1557 0.000000e+00
1558 0.000000e+00
1559 0.000000e+00
1560 2.085098e-05
1561 2.179680e-05
1562 1.983793e-05
1563 1.524768e-05
1564 1.100576e-05
1565 8.274949e-06
1566 4.689296e-06
1567 2.850415e-06
1568 1.602925e-06
1569 9.233707e-07
1570 5.506294e-07
1571 0.000000e+00
1572 0.000000e+00
1573 0.000000e+00
1574 0.000000e+00
1575 1.487210e-05
1576 1.614453e-05
1577 1.554949e-05
1578 1.266314e-05
1579 9.143013e-06
1580 6.883420e-06
1581 4.347301e-06
1582 2.655947e-06
1583 1.474901e-06
1584 8.112783e-07
1585 4.673052e-07
1586 2.832009e-07
1587 0.000000e+00
1588 0.000000e+00
1589 0.000000e+00
1590 1.001028e-05
1591 1.119728e-05
1592 1.128693e-05
1593 9.739022e-06
1594 7.195644e-06
1595 5.289411e-06
1596 3.755371e-06
1597 2.130464e-06
1598 1.202339e-06
1599 6.811759e-07
1600 3.783133e-07
1601 2.200058e-07
1602 0.000000e+00
1603 0.000000e+00
1604 0.000000e+00
1605 6.201116e-06
1606 7.118100e-06
1607 7.458527e-06
1608 6.801106e-06
1609 5.231433e-06
1610 3.775220e-06
1611 2.841823e-06
1612 1.597077e-06
1613 9.596537e-07
1614 5.242846e-07
1615 2.885232e-07
1616 1.606418e-07
1617 0.000000e+00
1618 0.000000e+00
1619 0.000000e+00
1620 3.163407e-06
1621 3.720115e-06
1622 4.038202e-06
1623 3.883392e-06
1624 3.154630e-06
1625 2.276770e-06
1626 1.716871e-06
1627 1.071974e-06
1628 6.518364e-07
1629 3.538249e-07
1630 1.861971e-07
1631 1.003484e-07
1632 5.578990e-08
1633 0.000000e+00
1634 0.000000e+00
1635 8.891198e-07
1636 1.072208e-06
1637 1.206146e-06
1638 1.224576e-06
1639 1.066696e-06
1640 7.933436e-07
1641 5.815894e-07
1642 4.169104e-07
1643 2.343421e-07
1644 1.314261e-07
1645 7.164692e-08
1646 3.730540e-08
1647 1.958823e-08
1648 0.000000e+00
1649 0.000000e+00
