0 2.239283e-09
1 1.455533e-09
2 9.154900e-10
3 5.766149e-10
4 3.705974e-10
5 2.438338e-10
6 1.621494e-10
7 1.065014e-10
8 6.749589e-11
9 4.054899e-11
10 2.286460e-11
11 1.208375e-11
12 6.025699e-12
13 2.867464e-12
14 1.318500e-12
15 3.787549e-09
16 2.519494e-09
17 1.601715e-09
18 9.984128e-10
19 6.313065e-10
20 4.088017e-10
21 2.704336e-10
22 1.793309e-10
23 1.162803e-10
24 7.213670e-11
25 4.216464e-11
26 2.307772e-11
27 1.185657e-11
28 5.771623e-12
29 2.695076e-12
30 4.342079e-09
31 2.908223e-09
32 1.859168e-09
33 1.157778e-09
34 7.290477e-10
35 4.695776e-10
36 3.096099e-10
37 2.054740e-10
38 1.338724e-10
39 8.371104e-11
40 4.942619e-11
41 2.734247e-11
42 1.418274e-11
43 6.957799e-12
44 3.266783e-12
45 4.648200e-09
46 3.122934e-09
47 2.001467e-09
48 1.245917e-09
49 7.830933e-10
50 5.031698e-10
51 3.313017e-10
52 2.198778e-10
53 1.435776e-10
54 9.009768e-11
55 5.342943e-11
56 2.968939e-11
57 1.546738e-11
58 7.613464e-12
59 3.583289e-12
60 4.853335e-09
61 3.266998e-09
62 2.096787e-09
63 1.304991e-09
64 8.192994e-10
65 5.257495e-10
66 3.458599e-10
67 2.295835e-10
68 1.500780e-10
69 9.438862e-11
70 5.613084e-11
71 3.127916e-11
72 1.633134e-11
73 8.053506e-12
74 3.796444e-12
75 5.006963e-09
76 3.374540e-09
77 2.168195e-09
78 1.349131e-09
79 8.463909e-10
80 5.426279e-10
81 3.567174e-10
82 2.368205e-10
83 1.549850e-10
84 9.761740e-11
85 5.813906e-11
86 3.245883e-11
87 1.697738e-11
88 8.383258e-12
89 3.955082e-12
90 5.132240e-09
91 3.462623e-09
92 2.226481e-09
93 1.385482e-09
94 8.686438e-10
95 5.564066e-10
96 3.656396e-10
97 2.427588e-10
98 1.589874e-10
99 1.002445e-10
100 5.979645e-11
101 3.342868e-11
102 1.750717e-11
103 8.653623e-12
104 4.085519e-12
105 5.242105e-09
106 3.539256e-09
107 2.277723e-09
108 1.417157e-09
109 8.879942e-10
110 5.684646e-10
111 3.733878e-10
112 2.479288e-10
113 1.623959e-10
114 1.024940e-10
115 6.120297e-11
116 3.426811e-11
117 1.796916e-11
118 8.889409e-12
119 4.196054e-12
120 5.346214e-09
121 3.612655e-09
122 2.326306e-09
123 1.447152e-09
124 9.063950e-10
125 5.798727e-10
126 3.807154e-10
127 2.528374e-10
128 1.657544e-10
129 1.047036e-10
130 6.259994e-11
131 3.507368e-11
132 1.840630e-11
133 9.112549e-12
134 4.307071e-12
135 5.465026e-09
136 3.695566e-09
137 2.381899e-09
138 1.481635e-09
139 9.274978e-10
140 5.930549e-10
141 3.892293e-10
142 2.584291e-10
143 1.695585e-10
144 1.072277e-10
145 6.417444e-11
146 3.599921e-11
147 1.891217e-11
148 9.368850e-12
149 4.430625e-12
150 7.897741e-09
151 5.437620e-09
152 3.571695e-09
153 2.231192e-09
154 1.383556e-09
155 8.722586e-10
156 5.656599e-10
157 3.743331e-10
158 2.474932e-10
159 1.593306e-10
160 9.772101e-11
161 5.632162e-11
162 3.035867e-11
163 1.536683e-11
164 7.383047e-12
165 9.982360e-09
166 6.960126e-09
167 4.637853e-09
168 2.927563e-09
169 1.806113e-09
170 1.129340e-09
171 7.244565e-10
172 4.763086e-10
173 3.153733e-10
174 2.049128e-10
175 1.276442e-10
176 7.499563e-11
177 4.123910e-11
178 2.125408e-11
179 1.035614e-11
180 1.119714e-08
181 7.852251e-09
182 5.263552e-09
183 3.339941e-09
184 2.057375e-09
185 1.282340e-09
186 8.183842e-10
187 5.363573e-10
188 3.551600e-10
189 2.316268e-10
190 1.452192e-10
191 8.600782e-11
192 4.770194e-11
193 2.477905e-11
194 1.215140e-11
195 1.201572e-08
196 8.454453e-09
197 5.686229e-09
198 3.618658e-09
199 2.227448e-09
200 1.385684e-09
201 8.817806e-10
202 5.769677e-10
203 3.820390e-10
204 2.496648e-10
205 1.570855e-10
206 9.345684e-11
207 5.207776e-11
208 2.716658e-11
209 1.336755e-11
210 1.262677e-08
211 8.903824e-09
212 6.002271e-09
213 3.826221e-09
214 2.354410e-09
215 1.462872e-09
216 9.292145e-10
217 6.072220e-10
218 4.020596e-10
219 2.630958e-10
220 1.659142e-10
221 9.900662e-11
222 5.533114e-11
223 2.894404e-11
224 1.427463e-11
225 1.312749e-08
226 9.271102e-09
227 6.259592e-09
228 3.996641e-09
229 2.457872e-09
230 1.525899e-09
231 9.678551e-10
232 6.319734e-10
233 4.184569e-10
234 2.740840e-10
235 1.731493e-10
236 1.035274e-10
237 5.798901e-11
238 3.039424e-11
239 1.501285e-11
240 1.355961e-08
241 9.589083e-09
242 6.483363e-09
243 4.144193e-09
244 2.548207e-09
245 1.580770e-09
246 1.001417e-09
247 6.533366e-10
248 4.327030e-10
249 2.836365e-10
250 1.794326e-10
251 1.074671e-10
252 6.030729e-11
253 3.165914e-11
254 1.565230e-11
255 1.397251e-08
256 9.892493e-09
257 6.696874e-09
258 4.285271e-09
259 2.633776e-09
260 1.632773e-09
261 1.033417e-09
262 6.737596e-10
263 4.462506e-10
264 2.927225e-10
265 1.854115e-10
266 1.112241e-10
267 6.251045e-11
268 3.285781e-11
269 1.626692e-11
270 1.445182e-08
271 1.024469e-08
272 6.943936e-09
273 4.447685e-09
274 2.732751e-09
275 1.693438e-09
276 1.070805e-09
277 6.976145e-10
278 4.619427e-10
279 3.032567e-10
280 1.923576e-10
281 1.155822e-10
282 6.506190e-11
283 3.425246e-11
284 1.697738e-11
285 1.364293e-08
286 9.706384e-09
287 6.592455e-09
288 4.253885e-09
289 2.621671e-09
290 1.623703e-09
291 1.023731e-09
292 6.640948e-10
293 4.380956e-10
294 2.871324e-10
295 1.823093e-10
296 1.099617e-10
297 6.227975e-11
298 3.302466e-11
299 1.648034e-11
300 1.605212e-08
301 1.155108e-08
302 7.916879e-09
303 5.166858e-09
304 3.196524e-09
305 1.969988e-09
306 1.232331e-09
307 7.932346e-10
308 5.213575e-10
309 3.424809e-10
310 2.191646e-10
311 1.337815e-10
312 7.685838e-11
313 4.135181e-11
314 2.090301e-11
315 1.770937e-08
316 1.282779e-08
317 8.835778e-09
318 5.802617e-09
319 3.599654e-09
320 2.212080e-09
321 1.378516e-09
322 8.834850e-10
323 5.793250e-10
324 3.809043e-10
325 2.447332e-10
326 1.503326e-10
327 8.701911e-11
328 4.717810e-11
329 2.401126e-11
330 1.895145e-08
331 1.378437e-08
332 9.522085e-09
333 6.276110e-09
334 3.900898e-09
335 2.393230e-09
336 1.487724e-09
337 9.509667e-10
338 6.227693e-10
339 4.096508e-10
340 2.638471e-10
341 1.627035e-10
342 9.461588e-11
343 5.153663e-11
344 2.633705e-11
345 1.996506e-08
346 1.456497e-08
347 1.008517e-08
348 6.665725e-09
349 4.147088e-09
350 2.541349e-09
351 1.576932e-09
352 1.006057e-09
353 6.580923e-10
354 4.330855e-10
355 2.794638e-10
356 1.728111e-10
357 1.008189e-10
358 5.509610e-11
359 2.823662e-11
360 2.084633e-08
361 1.524407e-08
362 1.057421e-08
363 7.002326e-09
364 4.360693e-09
365 2.670052e-09
366 1.654402e-09
367 1.053892e-09
368 6.888300e-10
369 4.534823e-10
370 2.930224e-10
371 1.815868e-10
372 1.062067e-10
373 5.818417e-11
374 2.988411e-11
375 2.167970e-08
376 1.588584e-08
377 1.103557e-08
378 7.321907e-09
379 4.562811e-09
380 2.791809e-09
381 1.727854e-09
382 1.099194e-09
383 7.179487e-10
384 4.727884e-10
385 3.058819e-10
386 1.899062e-10
387 1.113123e-10
388 6.111179e-11
389 3.144623e-11
390 2.265431e-08
391 1.663731e-08
392 1.157581e-08
393 7.695269e-09
394 4.799884e-09
395 2.934862e-09
396 1.814056e-09
397 1.152442e-09
398 7.520425e-10
399 4.954290e-10
400 3.209441e-10
401 1.996583e-10
402 1.173006e-10
403 6.454105e-11
404 3.327656e-11
405 1.966516e-08
406 1.441101e-08
407 1.000084e-08
408 6.629734e-09
409 4.149415e-09
410 2.541189e-09
411 1.575884e-09
412 1.001992e-09
413 6.531765e-10
414 4.289863e-10
415 2.767678e-10
416 1.714785e-10
417 1.004336e-10
418 5.517978e-11
419 2.844784e-11
420 2.232625e-08
421 1.655264e-08
422 1.157722e-08
423 7.739164e-09
424 4.885477e-09
425 2.983875e-09
426 1.842427e-09
427 1.162718e-09
428 7.536378e-10
429 4.943324e-10
430 3.201099e-10
431 1.999045e-10
432 1.183429e-10
433 6.580289e-11
434 3.432215e-11
435 2.433266e-08
436 1.817630e-08
437 1.277218e-08
438 8.583375e-09
439 5.446057e-09
440 3.321809e-09
441 2.046260e-09
442 1.285288e-09
443 8.303042e-10
444 5.440525e-10
445 3.530616e-10
446 2.215141e-10
447 1.319716e-10
448 7.390408e-11
449 3.881356e-11
450 2.598291e-08
451 1.950353e-08
452 1.375281e-08
453 9.274627e-09
454 5.904517e-09
455 3.599044e-09
456 2.212699e-09
457 1.385717e-09
458 8.927594e-10
459 5.846911e-10
460 3.799901e-10
461 2.391734e-10
462 1.431087e-10
463 8.052263e-11
464 4.248339e-11
465 2.741067e-08
466 2.065844e-08
467 1.460448e-08
468 9.873065e-09
469 6.302933e-09
470 3.839824e-09
471 2.357178e-09
472 1.472783e-09
473 9.472326e-10
474 6.200194e-10
475 4.033914e-10
476 2.545203e-10
477 1.527886e-10
478 8.627733e-11
479 4.567416e-11
480 2.876165e-08
481 2.174616e-08
482 1.540956e-08
483 1.043986e-08
484 6.680222e-09
485 4.067210e-09
486 2.494198e-09
487 1.555067e-09
488 9.986530e-10
489 6.534062e-10
490 4.255451e-10
491 2.690427e-10
492 1.619449e-10
493 9.171544e-11
494 4.868845e-11
495 3.034325e-08
496 2.302218e-08
497 1.634983e-08
498 1.110350e-08
499 7.120821e-09
500 4.333177e-09
501 2.654231e-09
502 1.651522e-09
503 1.058814e-09
504 6.924726e-10
505 4.514159e-10
506 2.859941e-10
507 1.726472e-10
508 9.807923e-11
509 5.221682e-11
510 2.601072e-08
511 1.961589e-08
512 1.387846e-08
513 9.375087e-09
514 5.998978e-09
515 3.664021e-09
516 2.250928e-09
517 1.405737e-09
518 9.029030e-10
519 5.898362e-10
520 3.830099e-10
521 2.413252e-10
522 1.448056e-10
523 8.183035e-11
524 4.340052e-11
525 2.891678e-08
526 2.205983e-08
527 1.573205e-08
528 1.069841e-08
529 6.905155e-09
530 4.224641e-09
531 2.586610e-09
532 1.604838e-09
533 1.024669e-09
534 6.671389e-10
535 4.336522e-10
536 2.746323e-10
537 1.661455e-10
538 9.483767e-11
539 5.083331e-11
540 3.130893e-08
541 2.407436e-08
542 1.726205e-08
543 1.179330e-08
544 7.654315e-09
545 4.690355e-09
546 2.864346e-09
547 1.769954e-09
548 1.125200e-09
549 7.310281e-10
550 4.754647e-10
551 3.021208e-10
552 1.837615e-10
553 1.055835e-10
554 5.698223e-11
555 3.338459e-08
556 2.582338e-08
557 1.859259e-08
558 1.274234e-08
559 8.304988e-09
560 5.093656e-09
561 3.105706e-09
562 1.913406e-09
563 1.212719e-09
564 7.865056e-10
565 5.117644e-10
566 3.259847e-10
567 1.990550e-10
568 1.149124e-10
569 6.232031e-11
570 3.535317e-08
571 2.748268e-08
572 1.985476e-08
573 1.364392e-08
574 8.923333e-09
575 5.477271e-09
576 3.334993e-09
577 2.049470e-09
578 1.295772e-09
579 8.391868e-10
580 5.462480e-10
581 3.486518e-10
582 2.135801e-10
583 1.237736e-10
584 6.739131e-11
585 3.766011e-08
586 2.942195e-08
587 2.132924e-08
588 1.469670e-08
589 9.643152e-09
590 5.924323e-09
591 3.602224e-09
592 2.208069e-09
593 1.392515e-09
594 9.005530e-10
595 5.864112e-10
596 3.750609e-10
597 2.305060e-10
598 1.340981e-10
599 7.329903e-11
600 3.275465e-08
601 2.538807e-08
602 1.831968e-08
603 1.256503e-08
604 8.203137e-09
605 5.050404e-09
606 3.077208e-09
607 1.895080e-09
608 1.199141e-09
609 7.761086e-10
610 5.041826e-10
611 3.209249e-10
612 1.960438e-10
613 1.133515e-10
614 6.163477e-11
615 3.600742e-08
616 2.823117e-08
617 2.054779e-08
618 1.418079e-08
619 9.328948e-09
620 5.774682e-09
621 3.506787e-09
622 2.149958e-09
623 1.351608e-09
624 8.707262e-10
625 5.650930e-10
626 3.607901e-10
627 2.217991e-10
628 1.293523e-10
629 7.102336e-11
630 3.884413e-08
631 3.071444e-08
632 2.249877e-08
633 1.559340e-08
634 1.031492e-08
635 6.409461e-09
636 3.883828e-09
637 2.373613e-09
638 1.485504e-09
639 9.535964e-10
640 6.183898e-10
641 3.956532e-10
642 2.443220e-10
643 1.433504e-10
644 7.924328e-11
645 4.153188e-08
646 3.306757e-08
647 2.434710e-08
648 1.693466e-08
649 1.124979e-08
650 7.011535e-09
651 4.241048e-09
652 2.585887e-09
653 1.612319e-09
654 1.032165e-09
655 6.689293e-10
656 4.287113e-10
657 2.656768e-10
658 1.566223e-10
659 8.703568e-11
660 4.468004e-08
661 3.581707e-08
662 2.650721e-08
663 1.849992e-08
664 1.234036e-08
665 7.714317e-09
666 4.658489e-09
667 2.833299e-09
668 1.760308e-09
669 1.123870e-09
670 7.278918e-10
671 4.672845e-10
672 2.905980e-10
673 1.721103e-10
674 9.613065e-11
675 4.019420e-08
676 3.200044e-08
677 2.358508e-08
678 1.641214e-08
679 1.090033e-08
680 6.814041e-09
681 4.124718e-09
682 2.517265e-09
683 1.568238e-09
684 1.002550e-09
685 6.486230e-10
686 4.150328e-10
687 2.569401e-10
688 1.514401e-10
689 8.422502e-11
690 4.393979e-08
691 3.538782e-08
692 2.633958e-08
693 1.844402e-08
694 1.233368e-08
695 7.767627e-09
696 4.695077e-09
697 2.856341e-09
698 1.767648e-09
699 1.123265e-09
700 7.246954e-10
701 4.642843e-10
702 2.888106e-10
703 1.715004e-10
704 9.624810e-11
705 4.749026e-08
706 3.861259e-08
707 2.895664e-08
708 2.038207e-08
709 1.369997e-08
710 8.677397e-09
711 5.239609e-09
712 3.179693e-09
713 1.957865e-09
714 1.238352e-09
715 7.972099e-10
716 5.111859e-10
717 3.191500e-10
718 1.905982e-10
719 1.077029e-10
720 5.164674e-08
721 4.238063e-08
722 3.200796e-08
723 2.264086e-08
724 1.529207e-08
725 9.738322e-09
726 5.874791e-09
727 3.557219e-09
728 2.179588e-09
729 1.372637e-09
730 8.817140e-10
731 5.658543e-10
732 3.545162e-10
733 2.128586e-10
734 1.210550e-10
735 4.869872e-08
736 3.982657e-08
737 3.004335e-08
738 2.123798e-08
739 1.432008e-08
740 9.120235e-09
741 5.518224e-09
742 3.344333e-09
743 2.051431e-09
744 1.292273e-09
745 8.292004e-10
746 5.310593e-10
747 3.319016e-10
748 1.988189e-10
749 1.128772e-10
750 5.332108e-08
751 4.415804e-08
752 3.369015e-08
753 2.399970e-08
754 1.628763e-08
755 1.046359e-08
756 6.342878e-09
757 3.831748e-09
758 2.334993e-09
759 1.460621e-09
760 9.327650e-10
761 5.969256e-10
762 3.742941e-10
763 2.256903e-10
764 1.292681e-10
765 5.873022e-08
766 4.922939e-08
767 3.794600e-08
768 2.722837e-08
769 1.859022e-08
770 1.203693e-08
771 7.310093e-09
772 4.403615e-09
773 2.667192e-09
774 1.657845e-09
775 1.053972e-09
776 6.739865e-10
777 4.238808e-10
778 2.571174e-10
779 1.484413e-10
780 5.926375e-08
781 4.989033e-08
782 3.866683e-08
783 2.787064e-08
784 1.907739e-08
785 1.240088e-08
786 7.569773e-09
787 4.552119e-09
788 2.752889e-09
789 1.704724e-09
790 1.079611e-09
791 6.885308e-10
792 4.326864e-10
793 2.627657e-10
794 1.521499e-10
795 6.636561e-08
796 5.677264e-08
797 4.467437e-08
798 3.257672e-08
799 2.248290e-08
800 1.476996e-08
801 9.084318e-09
802 5.441348e-09
803 3.270031e-09
804 2.005400e-09
805 1.259478e-09
806 8.000890e-10
807 5.034857e-10
808 3.076278e-10
809 1.798539e-10
810 7.616560e-08
811 6.661391e-08
812 5.365495e-08
813 3.990153e-08
814 2.790478e-08
815 1.859594e-08
816 1.163362e-08
817 6.951250e-09
818 4.153081e-09
819 2.508849e-09
820 1.551470e-09
821 9.753173e-10
822 6.120123e-10
823 3.757289e-10
824 2.221347e-10
825 5.054547e-07
826 3.691881e-07
827 2.735603e-07
828 1.702872e-07
829 1.037365e-07
830 6.145549e-08
831 3.752494e-08
832 2.407354e-08
833 1.625080e-08
834 0.000000e+00
835 0.000000e+00
836 0.000000e+00
837 0.000000e+00
838 0.000000e+00
839 0.000000e+00
840 7.609683e-07
841 5.559554e-07
842 4.123972e-07
843 2.596342e-07
844 1.577818e-07
845 9.335670e-08
846 5.689704e-08
847 3.636670e-08
848 2.448238e-08
849 0.000000e+00
850 0.000000e+00
851 0.000000e+00
852 0.000000e+00
853 0.000000e+00
854 0.000000e+00
855 9.034708e-07
856 6.601393e-07
857 4.898344e-07
858 3.095543e-07
859 1.879543e-07
860 1.111685e-07
861 6.771198e-08
862 4.322638e-08
863 2.907417e-08
864 0.000000e+00
865 0.000000e+00
866 0.000000e+00
867 0.000000e+00
868 0.000000e+00
869 0.000000e+00
870 9.993278e-07
871 7.302182e-07
872 5.419243e-07
873 3.431341e-07
874 2.082519e-07
875 1.231503e-07
876 7.498702e-08
877 4.784112e-08
878 3.216291e-08
879 0.000000e+00
880 0.000000e+00
881 0.000000e+00
882 0.000000e+00
883 0.000000e+00
884 0.000000e+00
885 1.070953e-06
886 7.825857e-07
887 5.808436e-07
888 3.682246e-07
889 2.234186e-07
890 1.321034e-07
891 8.042297e-08
892 5.128919e-08
893 3.447104e-08
894 0.000000e+00
895 0.000000e+00
896 0.000000e+00
897 0.000000e+00
898 0.000000e+00
899 0.000000e+00
900 1.129439e-06
901 8.253442e-07
902 6.126261e-07
903 3.887123e-07
904 2.358020e-07
905 1.394142e-07
906 8.486152e-08
907 5.410480e-08
908 3.635564e-08
909 0.000000e+00
910 0.000000e+00
911 0.000000e+00
912 0.000000e+00
913 0.000000e+00
914 0.000000e+00
915 1.180268e-06
916 8.625041e-07
917 6.402459e-07
918 4.065191e-07
919 2.465652e-07
920 1.457672e-07
921 8.871918e-08
922 5.655163e-08
923 3.799350e-08
924 0.000000e+00
925 0.000000e+00
926 0.000000e+00
927 0.000000e+00
928 0.000000e+00
929 0.000000e+00
930 1.228460e-06
931 8.977376e-07
932 6.664337e-07
933 4.234011e-07
934 2.567693e-07
935 1.517905e-07
936 9.237652e-08
937 5.887147e-08
938 3.954628e-08
939 0.000000e+00
940 0.000000e+00
941 0.000000e+00
942 0.000000e+00
943 0.000000e+00
944 0.000000e+00
945 1.284683e-06
946 9.388454e-07
947 6.969857e-07
948 4.430983e-07
949 2.686743e-07
950 1.588185e-07
951 9.664394e-08
952 6.157795e-08
953 4.135810e-08
954 0.000000e+00
955 0.000000e+00
956 0.000000e+00
957 0.000000e+00
958 0.000000e+00
959 0.000000e+00
960 3.376107e-07
961 2.688987e-07
962 1.950614e-07
963 1.462801e-07
964 9.051466e-08
965 5.540422e-08
966 3.220332e-08
967 1.925577e-08
968 1.206696e-08
969 7.988997e-09
970 0.000000e+00
971 0.000000e+00
972 0.000000e+00
973 0.000000e+00
974 0.000000e+00
975 5.201755e-07
976 4.171156e-07
977 3.028619e-07
978 2.269122e-07
979 1.422116e-07
980 8.671049e-08
981 5.036396e-08
982 3.007485e-08
983 1.877948e-08
984 1.239721e-08
985 0.000000e+00
986 0.000000e+00
987 0.000000e+00
988 0.000000e+00
989 0.000000e+00
990 6.448120e-07
991 5.183992e-07
992 3.765467e-07
993 2.820115e-07
994 1.775998e-07
995 1.081223e-07
996 6.278598e-08
997 3.747520e-08
998 2.336911e-08
999 1.541004e-08
1000 0.000000e+00
1001 0.000000e+00
1002 0.000000e+00
1003 0.000000e+00
1004 0.000000e+00
1005 7.379225e-07
1006 5.940582e-07
1007 4.315864e-07
1008 3.231711e-07
1009 2.040345e-07
1010 1.241160e-07
1011 7.206528e-08
1012 4.300340e-08
1013 2.679744e-08
1014 1.766057e-08
1015 0.000000e+00
1016 0.000000e+00
1017 0.000000e+00
1018 0.000000e+00
1019 0.000000e+00
1020 8.139596e-07
1021 6.558390e-07
1022 4.765327e-07
1023 3.567807e-07
1024 2.256220e-07
1025 1.371778e-07
1026 7.964314e-08
1027 4.751755e-08
1028 2.959718e-08
1029 1.949827e-08
1030 0.000000e+00
1031 0.000000e+00
1032 0.000000e+00
1033 0.000000e+00
1034 0.000000e+00
1035 8.800254e-07
1036 7.095243e-07
1037 5.155916e-07
1038 3.859857e-07
1039 2.443794e-07
1040 1.485270e-07
1041 8.622743e-08
1042 5.144028e-08
1043 3.202995e-08
1044 2.109535e-08
1045 0.000000e+00
1046 0.000000e+00
1047 0.000000e+00
1048 0.000000e+00
1049 0.000000e+00
1050 9.426736e-07
1051 7.604327e-07
1052 5.526249e-07
1053 4.136780e-07
1054 2.621647e-07
1055 1.592896e-07
1056 9.247120e-08
1057 5.515972e-08
1058 3.433673e-08
1059 2.260959e-08
1060 0.000000e+00
1061 0.000000e+00
1062 0.000000e+00
1063 0.000000e+00
1064 0.000000e+00
1065 1.015768e-06
1066 8.198310e-07
1067 5.958365e-07
1068 4.459927e-07
1069 2.829175e-07
1070 1.718473e-07
1071 9.975607e-08
1072 5.949995e-08
1073 3.702828e-08
1074 2.437647e-08
1075 0.000000e+00
1076 0.000000e+00
1077 0.000000e+00
1078 0.000000e+00
1079 0.000000e+00
1080 1.985978e-07
1081 1.806311e-07
1082 1.391707e-07
1083 1.006410e-07
1084 7.541601e-08
1085 4.359837e-08
1086 2.672194e-08
1087 1.540667e-08
1088 9.110005e-09
1089 5.667525e-09
1090 0.000000e+00
1091 0.000000e+00
1092 0.000000e+00
1093 0.000000e+00
1094 0.000000e+00
1095 3.303376e-07
1096 3.017616e-07
1097 2.334394e-07
1098 1.687067e-07
1099 1.266054e-07
1100 7.359442e-08
1101 4.522440e-08
1102 2.601309e-08
1103 1.532771e-08
1104 9.514065e-09
1105 0.000000e+00
1106 0.000000e+00
1107 0.000000e+00
1108 0.000000e+00
1109 0.000000e+00
1110 4.302928e-07
1111 3.937259e-07
1112 3.050502e-07
1113 2.204103e-07
1114 1.654927e-07
1115 9.640419e-08
1116 5.929596e-08
1117 3.407783e-08
1118 2.005316e-08
1119 1.243650e-08
1120 0.000000e+00
1121 0.000000e+00
1122 0.000000e+00
1123 0.000000e+00
1124 0.000000e+00
1125 5.118675e-07
1126 4.687719e-07
1127 3.634880e-07
1128 2.626035e-07
1129 1.972257e-07
1130 1.150174e-07
1131 7.077884e-08
1132 4.065897e-08
1133 2.390921e-08
1134 1.482137e-08
1135 0.000000e+00
1136 0.000000e+00
1137 0.000000e+00
1138 0.000000e+00
1139 0.000000e+00
1140 5.827486e-07
1141 5.339873e-07
1142 4.142683e-07
1143 2.992682e-07
1144 2.248018e-07
1145 1.311919e-07
1146 8.075741e-08
1147 4.637790e-08
1148 2.726008e-08
1149 1.689370e-08
1150 0.000000e+00
1151 0.000000e+00
1152 0.000000e+00
1153 0.000000e+00
1154 0.000000e+00
1155 6.499630e-07
1156 5.958254e-07
1157 4.624212e-07
1158 3.340351e-07
1159 2.509506e-07
1160 1.465295e-07
1161 9.021925e-08
1162 5.180077e-08
1163 3.043750e-08
1164 1.885873e-08
1165 0.000000e+00
1166 0.000000e+00
1167 0.000000e+00
1168 0.000000e+00
1169 0.000000e+00
1170 7.283846e-07
1171 6.679733e-07
1172 5.186008e-07
1173 3.745984e-07
1174 2.814577e-07
1175 1.644239e-07
1176 1.012585e-07
1177 5.812754e-08
1178 3.414473e-08
1179 2.115149e-08
1180 0.000000e+00
1181 0.000000e+00
1182 0.000000e+00
1183 0.000000e+00
1184 0.000000e+00
1185 1.319390e-07
1186 1.302384e-07
1187 1.095259e-07
1188 8.000994e-08
1189 5.943683e-08
1190 4.040143e-08
1191 2.383956e-08
1192 1.358299e-08
1193 7.852422e-09
1194 4.640075e-09
1195 2.906459e-09
1196 0.000000e+00
1197 0.000000e+00
1198 0.000000e+00
1199 0.000000e+00
1200 2.306900e-07
1201 2.283593e-07
1202 1.927554e-07
1203 1.410527e-07
1204 1.046138e-07
1205 7.160680e-08
1206 4.204540e-08
1207 2.398927e-08
1208 1.388707e-08
1209 8.191361e-09
1210 5.120448e-09
1211 0.000000e+00
1212 0.000000e+00
1213 0.000000e+00
1214 0.000000e+00
1215 3.123231e-07
1216 3.095005e-07
1217 2.616147e-07
1218 1.915693e-07
1219 1.419926e-07
1220 9.744471e-08
1221 5.711210e-08
1222 3.260331e-08
1223 1.888242e-08
1224 1.113064e-08
1225 6.952518e-09
1226 0.000000e+00
1227 0.000000e+00
1228 0.000000e+00
1229 0.000000e+00
1230 3.831935e-07
1231 3.799432e-07
1232 3.213903e-07
1233 2.354215e-07
1234 1.744400e-07
1235 1.198757e-07
1236 7.019122e-08
1237 4.008120e-08
1238 2.321897e-08
1239 1.368230e-08
1240 8.542871e-09
1241 0.000000e+00
1242 0.000000e+00
1243 0.000000e+00
1244 0.000000e+00
1245 4.503977e-07
1246 4.467362e-07
1247 3.780737e-07
1248 2.770046e-07
1249 2.052095e-07
1250 1.411454e-07
1251 8.259382e-08
1252 4.717229e-08
1253 2.733118e-08
1254 1.610194e-08
1255 1.005098e-08
1256 0.000000e+00
1257 0.000000e+00
1258 0.000000e+00
1259 0.000000e+00
1260 5.288015e-07
1261 5.246659e-07
1262 4.442070e-07
1263 3.255223e-07
1264 2.411084e-07
1265 1.659601e-07
1266 9.706421e-08
1267 5.544503e-08
1268 3.212871e-08
1269 1.892488e-08
1270 1.181051e-08
1271 0.000000e+00
1272 0.000000e+00
1273 0.000000e+00
1274 0.000000e+00
1275 9.468088e-08
1276 9.858743e-08
1277 8.922027e-08
1278 6.825937e-08
1279 4.934052e-08
1280 3.695965e-08
1281 2.088436e-08
1282 1.261311e-08
1283 7.126642e-09
1284 4.116057e-09
1285 2.464109e-09
1286 0.000000e+00
1287 0.000000e+00
1288 0.000000e+00
1289 0.000000e+00
1290 1.734439e-07
1291 1.809761e-07
1292 1.642868e-07
1293 1.260319e-07
1294 9.104300e-08
1295 6.830373e-08
1296 3.870543e-08
1297 2.345218e-08
1298 1.322135e-08
1299 7.617827e-09
1300 4.551527e-09
1301 0.000000e+00
1302 0.000000e+00
1303 0.000000e+00
1304 0.000000e+00
1305 2.424635e-07
1306 2.531894e-07
1307 2.301014e-07
1308 1.766983e-07
1309 1.276149e-07
1310 9.579447e-08
1311 5.434250e-08
1312 3.296556e-08
1313 1.856968e-08
1314 1.068970e-08
1315 6.382328e-09
1316 0.000000e+00
1317 0.000000e+00
1318 0.000000e+00
1319 0.000000e+00
1320 3.078577e-07
1321 3.216065e-07
1322 2.924568e-07
1323 2.247029e-07
1324 1.622652e-07
1325 1.218404e-07
1326 6.915697e-08
1327 4.197839e-08
1328 2.363663e-08
1329 1.359998e-08
1330 8.116900e-09
1331 0.000000e+00
1332 0.000000e+00
1333 0.000000e+00
1334 0.000000e+00
1335 3.841561e-07
1336 4.014323e-07
1337 3.652105e-07
1338 2.807097e-07
1339 2.026908e-07
1340 1.522281e-07
1341 8.644124e-08
1342 5.249408e-08
1343 2.954836e-08
1344 1.699550e-08
1345 1.014064e-08
1346 0.000000e+00
1347 0.000000e+00
1348 0.000000e+00
1349 0.000000e+00
1350 7.278003e-08
1351 7.878144e-08
1352 7.555154e-08
1353 6.123063e-08
1354 4.417479e-08
1355 3.330094e-08
1356 2.080626e-08
1357 1.275548e-08
1358 7.081506e-09
1359 3.899510e-09
1360 2.253626e-09
1361 1.370439e-09
1362 0.000000e+00
1363 0.000000e+00
1364 0.000000e+00
1365 1.384523e-07
1366 1.501097e-07
1367 1.443093e-07
1368 1.172944e-07
1369 8.467576e-08
1370 6.377240e-08
1371 4.010956e-08
1372 2.451913e-08
1373 1.361511e-08
1374 7.500927e-09
1375 4.325258e-09
1376 2.624588e-09
1377 0.000000e+00
1378 0.000000e+00
1379 0.000000e+00
1380 2.010031e-07
1381 2.180563e-07
1382 2.098198e-07
1383 1.707216e-07
1384 1.232755e-07
1385 9.281020e-08
1386 5.851418e-08
1387 3.573215e-08
1388 1.984300e-08
1389 1.093430e-08
1390 6.299816e-09
1391 3.819753e-09
1392 0.000000e+00
1393 0.000000e+00
1394 0.000000e+00
1395 2.739546e-07
1396 2.973002e-07
1397 2.862206e-07
1398 2.330303e-07
1399 1.682909e-07
1400 1.266749e-07
1401 7.997821e-08
1402 4.880901e-08
1403 2.710609e-08
1404 1.493828e-08
1405 8.602574e-09
1406 5.213599e-09
1407 0.000000e+00
1408 0.000000e+00
1409 0.000000e+00
1410 5.922961e-08
1411 6.610649e-08
1412 6.641400e-08
1413 5.705217e-08
1414 4.205469e-08
1415 3.097387e-08
1416 2.182328e-08
1417 1.245034e-08
1418 7.009707e-09
1419 3.966419e-09
1420 2.206264e-09
1421 1.286650e-09
1422 0.000000e+00
1423 0.000000e+00
1424 0.000000e+00
1425 1.179185e-07
1426 1.317905e-07
1427 1.326817e-07
1428 1.143073e-07
1429 8.439973e-08
1430 6.208475e-08
1431 4.394721e-08
1432 2.499144e-08
1433 1.410027e-08
1434 7.977502e-09
1435 4.435005e-09
1436 2.581404e-09
1437 0.000000e+00
1438 0.000000e+00
1439 0.000000e+00
1440 1.864659e-07
1441 2.085133e-07
1442 2.100928e-07
1443 1.811975e-07
1444 1.338744e-07
1445 9.843172e-08
1446 6.979941e-08
1447 3.964442e-08
1448 2.238585e-08
1449 1.266432e-08
1450 7.039246e-09
1451 4.094128e-09
1452 0.000000e+00
1453 0.000000e+00
1454 0.000000e+00
1455 5.154026e-08
1456 5.906514e-08
1457 6.174072e-08
1458 5.610120e-08
1459 4.302587e-08
1460 3.107545e-08
1461 2.334145e-08
1462 1.308699e-08
1463 7.828539e-09
1464 4.288932e-09
1465 2.364240e-09
1466 1.320043e-09
1467 0.000000e+00
1468 0.000000e+00
1469 0.000000e+00
1470 1.144184e-07
1471 1.312917e-07
1472 1.375005e-07
1473 1.252950e-07
1474 9.633723e-08
1475 6.954079e-08
1476 5.230455e-08
1477 2.941268e-08
1478 1.765430e-08
1479 9.654148e-09
1480 5.309456e-09
1481 2.958534e-09
1482 0.000000e+00
1483 0.000000e+00
1484 0.000000e+00
1485 5.369865e-08
1486 6.309930e-08
1487 6.841844e-08
1488 6.568661e-08
1489 5.326216e-08
1490 3.843203e-08
1491 2.899256e-08
1492 1.802875e-08
1493 1.097136e-08
1494 5.953770e-09
1495 3.135964e-09
1496 1.691888e-09
1497 9.421532e-10
1498 0.000000e+00
1499 0.000000e+00
1500 1.109684e-04
1501 8.086786e-05
1502 6.035546e-05
1503 3.805236e-05
1504 2.321989e-05
1505 1.369104e-05
1506 8.324421e-06
1507 5.304277e-06
1508 3.565556e-06
1509 0.000000e+00
1510 0.000000e+00
1511 0.000000e+00
1512 0.000000e+00
1513 0.000000e+00
1514 0.000000e+00
1515 5.757601e-05
1516 4.644359e-05
1517 3.369791e-05
1518 2.528332e-05
1519 1.597668e-05
1520 9.754545e-06
1521 5.648866e-06
1522 3.364481e-06
1523 2.093966e-06
1524 1.379138e-06
1525 0.000000e+00
1526 0.000000e+00
1527 0.000000e+00
1528 0.000000e+00
1529 0.000000e+00
1530 4.047788e-05
1531 3.713775e-05
1532 2.882267e-05
1533 2.080348e-05
1534 1.566222e-05
1535 9.111532e-06
1536 5.625604e-06
1537 3.225263e-06
1538 1.896511e-06
1539 1.174730e-06
1540 0.000000e+00
1541 0.000000e+00
1542 0.000000e+00
1543 0.000000e+00
1544 0.000000e+00
1545 2.912801e-05
1546 2.891312e-05
1547 2.448503e-05
1548 1.793535e-05
1549 1.328396e-05
1550 9.154542e-06
1551 5.351144e-06
1552 3.053081e-06
1553 1.771954e-06
1554 1.042590e-06
1555 6.506122e-07
1556 0.000000e+00
1557 0.000000e+00
1558 0.000000e+00
1559 0.000000e+00
1560 2.085098e-05
1561 2.179680e-05
1562 1.983793e-05
1563 1.524768e-05
1564 1.100576e-05
1565 8.274949e-06
1566 4.689296e-06
1567 2.850415e-06
1568 1.602925e-06
1569 9.233707e-07
1570 5.506294e-07
1571 0.000000e+00
1572 0.000000e+00
1573 0.000000e+00
1574 0.000000e+00
1575 1.487210e-05
1576 1.614453e-05
1577 1.554949e-05
1578 1.266314e-05
1579 9.143013e-06
1580 6.883420e-06
1581 4.347301e-06
1582 2.655947e-06
1583 1.474901e-06
1584 8.112783e-07
1585 4.673052e-07
1586 2.832009e-07
1587 0.000000e+00
1588 0.000000e+00
1589 0.000000e+00
1590 1.001028e-05
1591 1.119728e-05
1592 1.128693e-05
1593 9.739022e-06
1594 7.195644e-06
1595 5.289411e-06
1596 3.755371e-06
1597 2.130464e-06
1598 1.202339e-06
1599 6.811759e-07
1600 3.783133e-07
1601 2.200058e-07
1602 0.000000e+00
1603 0.000000e+00
1604 0.000000e+00
1605 6.201116e-06
1606 7.118100e-06
1607 7.458527e-06
1608 6.801106e-06
1609 5.231433e-06
1610 3.775220e-06
1611 2.841823e-06
1612 1.597077e-06
1613 9.596537e-07
1614 5.242846e-07
1615 2.885232e-07
1616 1.606418e-07
1617 0.000000e+00
1618 0.000000e+00
1619 0.000000e+00
1620 3.163407e-06
1621 3.720115e-06
1622 4.038202e-06
1623 3.883392e-06
1624 3.154630e-06
1625 2.276770e-06
1626 1.716871e-06
1627 1.071974e-06
1628 6.518364e-07
1629 3.538249e-07
1630 1.861971e-07
1631 1.003484e-07
1632 5.578990e-08
1633 0.000000e+00
1634 0.000000e+00
1635 8.891198e-07
1636 1.072208e-06
1637 1.206146e-06
1638 1.224576e-06
1639 1.066696e-06
1640 7.933436e-07
1641 5.815894e-07
1642 4.169104e-07
1643 2.343421e-07
1644 1.314261e-07
1645 7.164692e-08
1646 3.730540e-08
1647 1.958823e-08
1648 0.000000e+00
1649 0.000000e+00
