0 2.251026e-09
1 1.463423e-09
2 9.204522e-10
3 5.796595e-10
4 3.724995e-10
5 2.450579e-10
6 1.629669e-10
7 1.070547e-10
8 6.786297e-11
9 4.078194e-11
10 2.300307e-11
11 1.215998e-11
12 6.064942e-12
13 2.886521e-12
14 1.327369e-12
15 3.798921e-09
16 2.527265e-09
17 1.606675e-09
18 1.001378e-09
19 6.331447e-10
20 4.099653e-10
21 2.712056e-10
22 1.798560e-10
23 1.166367e-10
24 7.236733e-11
25 4.230462e-11
26 2.315645e-11
27 1.189727e-11
28 5.791440e-12
29 2.704289e-12
30 4.354514e-09
31 2.916670e-09
32 1.864537e-09
33 1.160898e-09
34 7.309788e-10
35 4.707997e-10
36 3.104295e-10
37 2.060410e-10
38 1.342585e-10
39 8.396287e-11
40 4.957897e-11
41 2.742709e-11
42 1.422578e-11
43 6.978108e-12
44 3.275906e-12
45 4.661031e-09
46 3.131631e-09
47 2.006972e-09
48 1.249053e-09
49 7.850259e-10
50 5.043973e-10
51 3.321357e-10
52 2.204573e-10
53 1.439750e-10
54 9.035751e-11
55 5.358560e-11
56 2.977619e-11
57 1.551066e-11
58 7.633364e-12
59 3.591922e-12
60 4.866416e-09
61 3.275808e-09
62 2.102354e-09
63 1.308103e-09
64 8.212152e-10
65 5.269638e-10
66 3.466919e-10
67 2.301654e-10
68 1.504806e-10
69 9.465117e-11
70 5.628970e-11
71 3.136560e-11
72 1.637414e-11
73 8.075826e-12
74 3.806136e-12
75 5.020764e-09
76 3.383807e-09
77 2.174030e-09
78 1.352405e-09
79 8.484343e-10
80 5.439196e-10
81 3.575939e-10
82 2.374283e-10
83 1.554052e-10
84 9.789419e-11
85 5.830430e-11
86 3.254756e-11
87 1.702181e-11
88 8.403368e-12
89 3.963516e-12
90 5.145789e-09
91 3.471653e-09
92 2.232115e-09
93 1.388602e-09
94 8.705646e-10
95 5.576245e-10
96 3.664791e-10
97 2.433502e-10
98 1.593972e-10
99 1.005137e-10
100 5.995799e-11
101 3.351579e-11
102 1.754933e-11
103 8.672182e-12
104 4.093122e-12
105 5.227224e-09
106 3.529082e-09
107 2.271010e-09
108 1.412559e-09
109 8.850699e-10
110 5.665759e-10
111 3.721906e-10
112 2.471724e-10
113 1.619262e-10
114 1.022077e-10
115 6.103144e-11
116 3.416858e-11
117 1.791360e-11
118 8.859396e-12
119 4.180663e-12
120 5.360046e-09
121 3.621879e-09
122 2.332068e-09
123 1.450273e-09
124 9.082917e-10
125 5.810813e-10
126 3.815516e-10
127 2.534380e-10
128 1.661722e-10
129 1.049769e-10
130 6.276398e-11
131 3.516205e-11
132 1.844808e-11
133 9.130703e-12
134 4.314339e-12
135 5.478960e-09
136 3.704865e-09
137 2.387714e-09
138 1.484777e-09
139 9.294208e-10
140 5.942706e-10
141 3.900712e-10
142 2.590333e-10
143 1.699801e-10
144 1.075045e-10
145 6.434050e-11
146 3.608727e-11
147 1.895379e-11
148 9.386495e-12
149 4.437668e-12
150 7.894267e-09
151 5.434776e-09
152 3.569645e-09
153 2.229596e-09
154 1.382558e-09
155 8.716488e-10
156 5.653046e-10
157 3.741224e-10
158 2.473631e-10
159 1.592466e-10
160 9.766377e-11
161 5.628210e-11
162 3.033302e-11
163 1.535147e-11
164 7.374506e-12
165 9.973194e-09
166 6.952485e-09
167 4.632256e-09
168 2.923376e-09
169 1.803323e-09
170 1.127690e-09
171 7.234841e-10
172 4.757228e-10
173 3.150211e-10
174 2.046842e-10
175 1.274898e-10
176 7.489103e-11
177 4.117084e-11
178 2.121096e-11
179 1.033226e-11
180 1.118023e-08
181 7.837886e-09
182 5.252900e-09
183 3.332012e-09
184 2.051928e-09
185 1.279149e-09
186 8.164965e-10
187 5.352459e-10
188 3.544841e-10
189 2.311932e-10
190 1.449280e-10
191 8.581078e-11
192 4.757277e-11
193 2.469929e-11
194 1.210587e-11
195 1.199251e-08
196 8.434470e-09
197 5.671510e-09
198 3.607780e-09
199 2.219983e-09
200 1.381254e-09
201 8.791674e-10
202 5.754214e-10
203 3.811018e-10
204 2.490589e-10
205 1.566796e-10
206 9.318237e-11
207 5.189762e-11
208 2.705624e-11
209 1.330550e-11
210 1.260071e-08
211 8.881782e-09
212 5.985803e-09
213 3.813686e-09
214 2.345750e-09
215 1.457828e-09
216 9.262275e-10
217 6.054078e-10
218 4.010097e-10
219 2.624257e-10
220 1.654653e-10
221 9.870180e-11
222 5.513503e-11
223 2.881654e-11
224 1.420169e-11
225 1.309539e-08
226 9.243680e-09
227 6.239143e-09
228 3.981525e-09
229 2.447385e-09
230 1.519709e-09
231 9.641922e-10
232 6.298079e-10
233 4.171568e-10
234 2.732493e-10
235 1.725915e-10
236 1.031503e-10
237 5.774237e-11
238 3.024136e-11
239 1.492548e-11
240 1.345071e-08
241 9.506696e-09
242 6.425603e-09
243 4.105034e-09
244 2.522743e-09
245 1.565305e-09
246 9.919023e-10
247 6.474013e-10
248 4.289079e-10
249 2.811757e-10
250 1.778439e-10
251 1.064679e-10
252 5.970646e-11
253 3.131781e-11
254 1.547013e-11
255 1.393396e-08
256 9.859336e-09
257 6.672106e-09
258 4.267040e-09
259 2.621026e-09
260 1.625218e-09
261 1.028940e-09
262 6.711371e-10
263 4.446661e-10
264 2.917115e-10
265 1.847365e-10
266 1.107678e-10
267 6.221037e-11
268 3.267170e-11
269 1.616030e-11
270 1.440930e-08
271 1.020812e-08
272 6.916679e-09
273 4.427625e-09
274 2.718711e-09
275 1.685120e-09
276 1.065878e-09
277 6.947319e-10
278 4.602081e-10
279 3.021467e-10
280 1.916168e-10
281 1.150816e-10
282 6.473254e-11
283 3.404812e-11
284 1.685990e-11
285 1.363156e-08
286 9.696347e-09
287 6.584871e-09
288 4.248347e-09
289 2.617649e-09
290 1.621367e-09
291 1.022324e-09
292 6.632764e-10
293 4.376059e-10
294 2.868236e-10
295 1.821044e-10
296 1.098232e-10
297 6.218804e-11
298 3.296714e-11
299 1.644689e-11
300 1.603188e-08
301 1.153268e-08
302 7.902623e-09
303 5.156561e-09
304 3.188860e-09
305 1.965450e-09
306 1.229562e-09
307 7.916400e-10
308 5.204198e-10
309 3.419007e-10
310 2.187830e-10
311 1.335249e-10
312 7.668754e-11
313 4.124320e-11
314 2.083871e-11
315 1.767338e-08
316 1.279454e-08
317 8.809683e-09
318 5.783629e-09
319 3.585572e-09
320 2.203514e-09
321 1.373314e-09
322 8.804981e-10
323 5.775713e-10
324 3.798280e-10
325 2.440349e-10
326 1.498647e-10
327 8.670808e-11
328 4.697919e-11
329 2.389213e-11
330 1.890620e-08
331 1.374129e-08
332 9.487794e-09
333 6.251117e-09
334 3.882273e-09
335 2.381813e-09
336 1.480849e-09
337 9.469950e-10
338 6.204651e-10
339 4.082463e-10
340 2.629343e-10
341 1.620916e-10
342 9.420596e-11
343 5.127216e-11
344 2.617740e-11
345 1.990448e-08
346 1.450847e-08
347 1.004029e-08
348 6.633120e-09
349 4.122832e-09
350 2.526372e-09
351 1.567866e-09
352 1.000858e-09
353 6.550557e-10
354 4.312303e-10
355 2.782666e-10
356 1.720113e-10
357 1.002856e-10
358 5.475379e-11
359 2.803073e-11
360 2.066307e-08
361 1.509579e-08
362 1.046463e-08
363 6.926394e-09
364 4.308808e-09
365 2.638092e-09
366 1.634845e-09
367 1.042106e-09
368 6.815510e-10
369 4.488609e-10
370 2.900399e-10
371 1.796720e-10
372 1.050107e-10
373 5.747032e-11
374 2.948215e-11
375 2.160012e-08
376 1.581139e-08
377 1.097621e-08
378 7.278757e-09
379 4.530705e-09
380 2.771837e-09
381 1.715781e-09
382 1.092276e-09
383 7.139100e-10
384 4.703313e-10
385 3.042987e-10
386 1.888498e-10
387 1.106079e-10
388 6.065900e-11
389 3.117293e-11
390 2.256413e-08
391 1.655277e-08
392 1.150831e-08
393 7.646197e-09
394 4.763361e-09
395 2.912124e-09
396 1.800316e-09
397 1.144563e-09
398 7.474490e-10
399 4.926310e-10
400 3.191437e-10
401 1.984575e-10
402 1.164998e-10
403 6.402606e-11
404 3.296585e-11
405 1.964848e-08
406 1.439494e-08
407 9.987774e-09
408 6.620262e-09
409 4.142318e-09
410 2.536668e-09
411 1.573155e-09
412 1.000439e-09
413 6.522746e-10
414 4.284430e-10
415 2.764214e-10
416 1.712483e-10
417 1.002797e-10
418 5.507994e-11
419 2.838688e-11
420 2.229750e-08
421 1.652450e-08
422 1.155372e-08
423 7.721978e-09
424 4.872707e-09
425 2.975246e-09
426 1.837329e-09
427 1.159801e-09
428 7.519613e-10
429 4.933298e-10
430 3.194846e-10
431 1.994931e-10
432 1.180682e-10
433 6.562361e-11
434 3.421124e-11
435 2.428638e-08
436 1.812917e-08
437 1.273165e-08
438 8.553351e-09
439 5.423655e-09
440 3.306255e-09
441 2.037178e-09
442 1.280058e-09
443 8.273109e-10
444 5.423009e-10
445 3.519789e-10
446 2.208073e-10
447 1.314983e-10
448 7.359161e-11
449 3.861709e-11
450 2.590844e-08
451 1.942937e-08
452 1.368947e-08
453 9.227757e-09
454 5.869952e-09
455 3.575070e-09
456 2.198722e-09
457 1.377562e-09
458 8.880963e-10
459 5.819466e-10
460 3.782889e-10
461 2.380655e-10
462 1.423717e-10
463 8.003992e-11
464 4.218198e-11
465 2.716855e-08
466 2.045373e-08
467 1.444579e-08
468 9.760596e-09
469 6.225350e-09
470 3.788692e-09
471 2.326749e-09
472 1.454525e-09
473 9.362111e-10
474 6.131997e-10
475 3.990656e-10
476 2.517498e-10
477 1.510358e-10
478 8.520398e-11
479 4.504793e-11
480 2.864993e-08
481 2.163443e-08
482 1.531339e-08
483 1.036849e-08
484 6.627791e-09
485 4.030509e-09
486 2.472880e-09
487 1.542642e-09
488 9.915081e-10
489 6.492211e-10
490 4.229559e-10
491 2.673646e-10
492 1.608297e-10
493 9.098263e-11
494 4.822977e-11
495 3.021012e-08
496 2.288888e-08
497 1.623518e-08
498 1.101830e-08
499 7.058138e-09
500 4.289243e-09
501 2.628706e-09
502 1.636653e-09
503 1.050271e-09
504 6.874623e-10
505 4.483253e-10
506 2.839887e-10
507 1.713149e-10
508 9.720575e-11
509 5.166972e-11
510 2.598919e-08
511 1.959403e-08
512 1.385936e-08
513 9.360814e-09
514 5.988544e-09
515 3.656489e-09
516 2.246645e-09
517 1.403228e-09
518 9.014594e-10
519 5.889931e-10
520 3.824941e-10
521 2.409924e-10
522 1.445847e-10
523 8.168494e-11
524 4.330876e-11
525 2.888841e-08
526 2.202866e-08
527 1.570303e-08
528 1.067605e-08
529 6.888733e-09
530 4.212157e-09
531 2.579537e-09
532 1.600597e-09
533 1.022290e-09
534 6.657900e-10
535 4.328531e-10
536 2.741272e-10
537 1.658105e-10
538 9.461338e-11
539 5.068773e-11
540 3.123634e-08
541 2.399870e-08
542 1.719337e-08
543 1.174041e-08
544 7.615996e-09
545 4.661874e-09
546 2.847841e-09
547 1.759997e-09
548 1.119582e-09
549 7.278155e-10
550 4.735468e-10
551 3.009113e-10
552 1.829688e-10
553 1.050615e-10
554 5.664864e-11
555 3.309945e-08
556 2.557455e-08
557 1.839255e-08
558 1.259648e-08
559 8.204390e-09
560 5.024656e-09
561 3.064746e-09
562 1.888428e-09
563 1.197933e-09
564 7.775587e-10
565 5.062027e-10
566 3.224653e-10
567 1.968301e-10
568 1.135354e-10
569 6.149996e-11
570 3.521828e-08
571 2.734137e-08
572 1.972550e-08
573 1.354366e-08
574 8.850766e-09
575 5.423165e-09
576 3.303279e-09
577 2.030302e-09
578 1.284975e-09
579 8.330421e-10
580 5.426057e-10
581 3.463665e-10
582 2.120873e-10
583 1.227912e-10
584 6.676213e-11
585 3.748939e-08
586 2.924284e-08
587 2.116507e-08
588 1.456913e-08
589 9.550838e-09
590 5.855437e-09
591 3.561837e-09
592 2.183615e-09
593 1.378763e-09
594 8.927377e-10
595 5.817744e-10
596 3.721557e-10
597 2.286100e-10
598 1.328504e-10
599 7.249951e-11
600 3.275551e-08
601 2.538400e-08
602 1.831251e-08
603 1.255830e-08
604 8.197978e-09
605 5.045481e-09
606 3.074361e-09
607 1.893247e-09
608 1.198204e-09
609 7.756550e-10
610 5.039574e-10
611 3.208007e-10
612 1.959616e-10
613 1.132894e-10
614 6.158726e-11
615 3.597588e-08
616 2.819430e-08
617 2.051061e-08
618 1.415014e-08
619 9.306662e-09
620 5.757305e-09
621 3.496041e-09
622 2.143350e-09
623 1.347981e-09
624 8.687529e-10
625 5.639751e-10
626 3.601181e-10
627 2.213683e-10
628 1.290657e-10
629 7.083361e-11
630 3.855745e-08
631 3.046226e-08
632 2.229204e-08
633 1.543891e-08
634 1.020817e-08
635 6.335934e-09
636 3.838097e-09
637 2.345819e-09
638 1.469188e-09
639 9.438693e-10
640 6.124491e-10
641 3.919555e-10
642 2.420104e-10
643 1.419245e-10
644 7.838891e-11
645 4.141295e-08
646 3.293477e-08
647 2.421621e-08
648 1.682649e-08
649 1.117116e-08
650 6.951904e-09
651 4.202814e-09
652 2.562840e-09
653 1.599529e-09
654 1.025089e-09
655 6.649098e-10
656 4.263023e-10
657 2.641494e-10
658 1.556216e-10
659 8.638231e-11
660 4.450980e-08
661 3.562792e-08
662 2.632120e-08
663 1.834608e-08
664 1.222867e-08
665 7.629793e-09
666 4.604022e-09
667 2.800554e-09
668 1.742136e-09
669 1.113797e-09
670 7.221681e-10
671 4.638518e-10
672 2.884250e-10
673 1.706894e-10
674 9.520451e-11
675 4.016616e-08
676 3.196972e-08
677 2.355508e-08
678 1.638730e-08
679 1.088232e-08
680 6.800569e-09
681 4.115869e-09
682 2.511987e-09
683 1.565307e-09
684 1.000914e-09
685 6.476955e-10
686 4.144775e-10
687 2.565895e-10
688 1.512118e-10
689 8.407674e-11
690 4.364062e-08
691 3.512847e-08
692 2.612968e-08
693 1.828706e-08
694 1.222505e-08
695 7.694595e-09
696 4.648341e-09
697 2.828542e-09
698 1.751146e-09
699 1.113283e-09
700 7.185862e-10
701 4.604841e-10
702 2.864490e-10
703 1.700580e-10
704 9.539399e-11
705 4.736227e-08
706 3.846978e-08
707 2.881319e-08
708 2.025869e-08
709 1.360871e-08
710 8.610217e-09
711 5.192385e-09
712 3.152661e-09
713 1.942523e-09
714 1.229746e-09
715 7.924048e-10
716 5.083893e-10
717 3.174323e-10
718 1.894989e-10
719 1.069914e-10
720 5.144152e-08
721 4.215119e-08
722 3.177679e-08
723 2.244106e-08
724 1.514393e-08
725 9.629442e-09
726 5.797758e-09
727 3.513261e-09
728 2.154548e-09
729 1.358609e-09
730 8.738910e-10
731 5.613156e-10
732 3.517393e-10
733 2.110854e-10
734 1.199081e-10
735 4.814127e-08
736 3.936137e-08
737 2.968342e-08
738 2.097765e-08
739 1.414237e-08
740 9.004950e-09
741 5.446441e-09
742 3.301425e-09
743 2.025376e-09
744 1.276120e-09
745 8.190176e-10
746 5.246175e-10
747 3.278886e-10
748 1.964001e-10
749 1.114830e-10
750 5.295076e-08
751 4.382607e-08
752 3.341147e-08
753 2.378314e-08
754 1.613345e-08
755 1.035915e-08
756 6.272992e-09
757 3.791014e-09
758 2.310510e-09
759 1.446181e-09
760 9.241135e-10
761 5.916678e-10
762 3.710680e-10
763 2.237217e-10
764 1.280903e-10
765 5.822536e-08
766 4.874895e-08
767 3.751712e-08
768 2.687797e-08
769 1.833349e-08
770 1.185893e-08
771 7.186139e-09
772 4.331844e-09
773 2.624093e-09
774 1.633176e-09
775 1.039662e-09
776 6.655318e-10
777 4.187708e-10
778 2.539838e-10
779 1.465280e-10
780 5.922908e-08
781 4.985012e-08
782 3.862406e-08
783 2.783076e-08
784 1.904607e-08
785 1.237835e-08
786 7.552697e-09
787 4.542212e-09
788 2.746804e-09
789 1.701428e-09
790 1.077847e-09
791 6.875604e-10
792 4.321295e-10
793 2.624286e-10
794 1.519375e-10
795 6.624168e-08
796 5.662734e-08
797 4.451735e-08
798 3.242669e-08
799 2.236178e-08
800 1.468253e-08
801 9.018394e-09
802 5.400670e-09
803 3.245353e-09
804 1.992002e-09
805 1.252372e-09
806 7.962488e-10
807 5.013385e-10
808 3.063636e-10
809 1.790739e-10
810 7.610874e-08
811 6.654580e-08
812 5.357904e-08
813 3.982554e-08
814 2.783984e-08
815 1.854819e-08
816 1.159835e-08
817 6.926715e-09
818 4.139068e-09
819 2.501115e-09
820 1.547269e-09
821 9.731193e-10
822 6.108414e-10
823 3.750796e-10
824 2.217555e-10
825 5.054594e-07
826 3.691906e-07
827 2.735629e-07
828 1.702855e-07
829 1.037364e-07
830 6.145541e-08
831 3.752489e-08
832 2.407361e-08
833 1.625091e-08
834 0.000000e+00
835 0.000000e+00
836 0.000000e+00
837 0.000000e+00
838 0.000000e+00
839 0.000000e+00
840 7.609675e-07
841 5.559548e-07
842 4.123968e-07
843 2.596338e-07
844 1.577816e-07
845 9.335659e-08
846 5.689698e-08
847 3.636666e-08
848 2.448236e-08
849 0.000000e+00
850 0.000000e+00
851 0.000000e+00
852 0.000000e+00
853 0.000000e+00
854 0.000000e+00
855 9.034708e-07
856 6.601393e-07
857 4.898344e-07
858 3.095543e-07
859 1.879543e-07
860 1.111685e-07
861 6.771198e-08
862 4.322638e-08
863 2.907417e-08
864 0.000000e+00
865 0.000000e+00
866 0.000000e+00
867 0.000000e+00
868 0.000000e+00
869 0.000000e+00
870 9.993278e-07
871 7.302182e-07
872 5.419243e-07
873 3.431341e-07
874 2.082519e-07
875 1.231503e-07
876 7.498702e-08
877 4.784112e-08
878 3.216291e-08
879 0.000000e+00
880 0.000000e+00
881 0.000000e+00
882 0.000000e+00
883 0.000000e+00
884 0.000000e+00
885 1.071193e-06
886 7.827614e-07
887 5.809742e-07
888 3.683088e-07
889 2.234694e-07
890 1.321335e-07
891 8.044121e-08
892 5.130076e-08
893 3.447879e-08
894 0.000000e+00
895 0.000000e+00
896 0.000000e+00
897 0.000000e+00
898 0.000000e+00
899 0.000000e+00
900 1.129439e-06
901 8.253442e-07
902 6.126261e-07
903 3.887123e-07
904 2.358020e-07
905 1.394142e-07
906 8.486152e-08
907 5.410480e-08
908 3.635564e-08
909 0.000000e+00
910 0.000000e+00
911 0.000000e+00
912 0.000000e+00
913 0.000000e+00
914 0.000000e+00
915 1.173860e-06
916 8.578211e-07
917 6.367697e-07
918 4.043119e-07
919 2.452265e-07
920 1.449758e-07
921 8.823748e-08
922 5.624458e-08
923 3.778722e-08
924 0.000000e+00
925 0.000000e+00
926 0.000000e+00
927 0.000000e+00
928 0.000000e+00
929 0.000000e+00
930 1.228460e-06
931 8.977376e-07
932 6.664337e-07
933 4.234011e-07
934 2.567693e-07
935 1.517905e-07
936 9.237652e-08
937 5.887147e-08
938 3.954628e-08
939 0.000000e+00
940 0.000000e+00
941 0.000000e+00
942 0.000000e+00
943 0.000000e+00
944 0.000000e+00
945 1.284683e-06
946 9.388454e-07
947 6.969857e-07
948 4.430983e-07
949 2.686743e-07
950 1.588185e-07
951 9.664394e-08
952 6.157795e-08
953 4.135810e-08
954 0.000000e+00
955 0.000000e+00
956 0.000000e+00
957 0.000000e+00
958 0.000000e+00
959 0.000000e+00
960 3.370316e-07
961 2.684059e-07
962 1.947001e-07
963 1.460120e-07
964 9.032890e-08
965 5.529548e-08
966 3.214012e-08
967 1.921818e-08
968 1.204412e-08
969 7.974287e-09
970 0.000000e+00
971 0.000000e+00
972 0.000000e+00
973 0.000000e+00
974 0.000000e+00
975 5.201573e-07
976 4.170998e-07
977 3.028503e-07
978 2.269036e-07
979 1.422055e-07
980 8.670698e-08
981 5.036190e-08
982 3.007363e-08
983 1.877874e-08
984 1.239674e-08
985 0.000000e+00
986 0.000000e+00
987 0.000000e+00
988 0.000000e+00
989 0.000000e+00
990 6.448120e-07
991 5.183992e-07
992 3.765466e-07
993 2.820115e-07
994 1.775998e-07
995 1.081223e-07
996 6.278598e-08
997 3.747520e-08
998 2.336911e-08
999 1.541004e-08
1000 0.000000e+00
1001 0.000000e+00
1002 0.000000e+00
1003 0.000000e+00
1004 0.000000e+00
1005 7.382357e-07
1006 5.943126e-07
1007 4.317715e-07
1008 3.233096e-07
1009 2.041234e-07
1010 1.241698e-07
1011 7.209649e-08
1012 4.302199e-08
1013 2.680897e-08
1014 1.766814e-08
1015 0.000000e+00
1016 0.000000e+00
1017 0.000000e+00
1018 0.000000e+00
1019 0.000000e+00
1020 8.139596e-07
1021 6.558390e-07
1022 4.765327e-07
1023 3.567807e-07
1024 2.256220e-07
1025 1.371778e-07
1026 7.964314e-08
1027 4.751755e-08
1028 2.959718e-08
1029 1.949827e-08
1030 0.000000e+00
1031 0.000000e+00
1032 0.000000e+00
1033 0.000000e+00
1034 0.000000e+00
1035 8.752473e-07
1036 7.056720e-07
1037 5.127922e-07
1038 3.838899e-07
1039 2.430525e-07
1040 1.477206e-07
1041 8.575926e-08
1042 5.116099e-08
1043 3.185604e-08
1044 2.098081e-08
1045 0.000000e+00
1046 0.000000e+00
1047 0.000000e+00
1048 0.000000e+00
1049 0.000000e+00
1050 9.426736e-07
1051 7.604327e-07
1052 5.526249e-07
1053 4.136780e-07
1054 2.621647e-07
1055 1.592896e-07
1056 9.247120e-08
1057 5.515972e-08
1058 3.433673e-08
1059 2.260959e-08
1060 0.000000e+00
1061 0.000000e+00
1062 0.000000e+00
1063 0.000000e+00
1064 0.000000e+00
1065 1.015768e-06
1066 8.198310e-07
1067 5.958365e-07
1068 4.459927e-07
1069 2.829175e-07
1070 1.718473e-07
1071 9.975607e-08
1072 5.949995e-08
1073 3.702828e-08
1074 2.437647e-08
1075 0.000000e+00
1076 0.000000e+00
1077 0.000000e+00
1078 0.000000e+00
1079 0.000000e+00
1080 1.973449e-07
1081 1.794509e-07
1082 1.382324e-07
1083 9.996541e-08
1084 7.490536e-08
1085 4.328896e-08
1086 2.652962e-08
1087 1.529738e-08
1088 9.047155e-09
1089 5.629070e-09
1090 0.000000e+00
1091 0.000000e+00
1092 0.000000e+00
1093 0.000000e+00
1094 0.000000e+00
1095 3.302807e-07
1096 3.017073e-07
1097 2.333961e-07
1098 1.686758e-07
1099 1.265818e-07
1100 7.357976e-08
1101 4.521531e-08
1102 2.600795e-08
1103 1.532477e-08
1104 9.512279e-09
1105 0.000000e+00
1106 0.000000e+00
1107 0.000000e+00
1108 0.000000e+00
1109 0.000000e+00
1110 4.306279e-07
1111 3.940342e-07
1112 3.052903e-07
1113 2.205836e-07
1114 1.656230e-07
1115 9.648065e-08
1116 5.934313e-08
1117 3.410487e-08
1118 2.006900e-08
1119 1.244630e-08
1120 0.000000e+00
1121 0.000000e+00
1122 0.000000e+00
1123 0.000000e+00
1124 0.000000e+00
1125 5.118675e-07
1126 4.687719e-07
1127 3.634880e-07
1128 2.626035e-07
1129 1.972257e-07
1130 1.150174e-07
1131 7.077884e-08
1132 4.065897e-08
1133 2.390921e-08
1134 1.482137e-08
1135 0.000000e+00
1136 0.000000e+00
1137 0.000000e+00
1138 0.000000e+00
1139 0.000000e+00
1140 5.795845e-07
1141 5.310880e-07
1142 4.120190e-07
1143 2.976433e-07
1144 2.235812e-07
1145 1.304796e-07
1146 8.031893e-08
1147 4.612609e-08
1148 2.711207e-08
1149 1.680197e-08
1150 0.000000e+00
1151 0.000000e+00
1152 0.000000e+00
1153 0.000000e+00
1154 0.000000e+00
1155 6.499630e-07
1156 5.958254e-07
1157 4.624212e-07
1158 3.340351e-07
1159 2.509506e-07
1160 1.465295e-07
1161 9.021925e-08
1162 5.180077e-08
1163 3.043750e-08
1164 1.885873e-08
1165 0.000000e+00
1166 0.000000e+00
1167 0.000000e+00
1168 0.000000e+00
1169 0.000000e+00
1170 7.283846e-07
1171 6.679733e-07
1172 5.186008e-07
1173 3.745984e-07
1174 2.814577e-07
1175 1.644239e-07
1176 1.012585e-07
1177 5.812754e-08
1178 3.414473e-08
1179 2.115149e-08
1180 0.000000e+00
1181 0.000000e+00
1182 0.000000e+00
1183 0.000000e+00
1184 0.000000e+00
1185 1.300562e-07
1186 1.283422e-07
1187 1.078897e-07
1188 7.879927e-08
1189 5.854774e-08
1190 3.976789e-08
1191 2.347790e-08
1192 1.337466e-08
1193 7.731092e-09
1194 4.569182e-09
1195 2.862692e-09
1196 0.000000e+00
1197 0.000000e+00
1198 0.000000e+00
1199 0.000000e+00
1200 2.309359e-07
1201 2.286017e-07
1202 1.929587e-07
1203 1.412010e-07
1204 1.047241e-07
1205 7.168169e-08
1206 4.208960e-08
1207 2.401437e-08
1208 1.390159e-08
1209 8.199967e-09
1210 5.125836e-09
1211 0.000000e+00
1212 0.000000e+00
1213 0.000000e+00
1214 0.000000e+00
1215 3.123230e-07
1216 3.095003e-07
1217 2.616146e-07
1218 1.915692e-07
1219 1.419925e-07
1220 9.744464e-08
1221 5.711206e-08
1222 3.260329e-08
1223 1.888241e-08
1224 1.113063e-08
1225 6.952513e-09
1226 0.000000e+00
1227 0.000000e+00
1228 0.000000e+00
1229 0.000000e+00
1230 3.811129e-07
1231 3.778803e-07
1232 3.196453e-07
1233 2.341433e-07
1234 1.734929e-07
1235 1.192248e-07
1236 6.981012e-08
1237 3.986358e-08
1238 2.309290e-08
1239 1.360801e-08
1240 8.496488e-09
1241 0.000000e+00
1242 0.000000e+00
1243 0.000000e+00
1244 0.000000e+00
1245 4.503977e-07
1246 4.467362e-07
1247 3.780737e-07
1248 2.770046e-07
1249 2.052095e-07
1250 1.411454e-07
1251 8.259382e-08
1252 4.717229e-08
1253 2.733118e-08
1254 1.610194e-08
1255 1.005098e-08
1256 0.000000e+00
1257 0.000000e+00
1258 0.000000e+00
1259 0.000000e+00
1260 5.288015e-07
1261 5.246659e-07
1262 4.442070e-07
1263 3.255223e-07
1264 2.411084e-07
1265 1.659601e-07
1266 9.706421e-08
1267 5.544503e-08
1268 3.212871e-08
1269 1.892488e-08
1270 1.181051e-08
1271 0.000000e+00
1272 0.000000e+00
1273 0.000000e+00
1274 0.000000e+00
1275 9.253963e-08
1276 9.632389e-08
1277 8.712601e-08
1278 6.662546e-08
1279 4.816435e-08
1280 3.606978e-08
1281 2.037033e-08
1282 1.229580e-08
1283 6.949949e-09
1284 4.015887e-09
1285 2.404926e-09
1286 0.000000e+00
1287 0.000000e+00
1288 0.000000e+00
1289 0.000000e+00
1290 1.733424e-07
1291 1.808682e-07
1292 1.641859e-07
1293 1.259525e-07
1294 9.098603e-08
1295 6.826054e-08
1296 3.868020e-08
1297 2.343649e-08
1298 1.321264e-08
1299 7.612930e-09
1300 4.548653e-09
1301 0.000000e+00
1302 0.000000e+00
1303 0.000000e+00
1304 0.000000e+00
1305 2.411469e-07
1306 2.518146e-07
1307 2.288520e-07
1308 1.757388e-07
1309 1.269219e-07
1310 9.527432e-08
1311 5.404743e-08
1312 3.278656e-08
1313 1.846885e-08
1314 1.063166e-08
1315 6.347672e-09
1316 0.000000e+00
1317 0.000000e+00
1318 0.000000e+00
1319 0.000000e+00
1320 3.078577e-07
1321 3.216065e-07
1322 2.924568e-07
1323 2.247029e-07
1324 1.622652e-07
1325 1.218404e-07
1326 6.915697e-08
1327 4.197839e-08
1328 2.363663e-08
1329 1.359998e-08
1330 8.116900e-09
1331 0.000000e+00
1332 0.000000e+00
1333 0.000000e+00
1334 0.000000e+00
1335 3.841561e-07
1336 4.014323e-07
1337 3.652105e-07
1338 2.807097e-07
1339 2.026908e-07
1340 1.522281e-07
1341 8.644124e-08
1342 5.249408e-08
1343 2.954836e-08
1344 1.699550e-08
1345 1.014064e-08
1346 0.000000e+00
1347 0.000000e+00
1348 0.000000e+00
1349 0.000000e+00
1350 7.011416e-08
1351 7.586598e-08
1352 7.271134e-08
1353 5.888592e-08
1354 4.247602e-08
1355 3.202820e-08
1356 1.997734e-08
1357 1.225683e-08
1358 6.804307e-09
1359 3.746129e-09
1360 2.166250e-09
1361 1.318029e-09
1362 0.000000e+00
1363 0.000000e+00
1364 0.000000e+00
1365 1.376344e-07
1366 1.492221e-07
1367 1.434544e-07
1368 1.165978e-07
1369 8.417289e-08
1370 6.339372e-08
1371 3.987008e-08
1372 2.437322e-08
1373 1.353409e-08
1374 7.456228e-09
1375 4.299544e-09
1376 2.609003e-09
1377 0.000000e+00
1378 0.000000e+00
1379 0.000000e+00
1380 2.010031e-07
1381 2.180563e-07
1382 2.098198e-07
1383 1.707216e-07
1384 1.232755e-07
1385 9.281020e-08
1386 5.851418e-08
1387 3.573215e-08
1388 1.984300e-08
1389 1.093430e-08
1390 6.299815e-09
1391 3.819753e-09
1392 0.000000e+00
1393 0.000000e+00
1394 0.000000e+00
1395 2.739546e-07
1396 2.973002e-07
1397 2.862206e-07
1398 2.330303e-07
1399 1.682909e-07
1400 1.266749e-07
1401 7.997821e-08
1402 4.880901e-08
1403 2.710609e-08
1404 1.493828e-08
1405 8.602574e-09
1406 5.213599e-09
1407 0.000000e+00
1408 0.000000e+00
1409 0.000000e+00
1410 5.643190e-08
1411 6.295883e-08
1412 6.321349e-08
1413 5.425653e-08
1414 3.997383e-08
1415 2.945192e-08
1416 2.072291e-08
1417 1.183347e-08
1418 6.657970e-09
1419 3.767798e-09
1420 2.096035e-09
1421 1.223086e-09
1422 0.000000e+00
1423 0.000000e+00
1424 0.000000e+00
1425 1.178973e-07
1426 1.317666e-07
1427 1.326569e-07
1428 1.142854e-07
1429 8.438333e-08
1430 6.207282e-08
1431 4.393843e-08
1432 2.498655e-08
1433 1.409746e-08
1434 7.975923e-09
1435 4.434133e-09
1436 2.580903e-09
1437 0.000000e+00
1438 0.000000e+00
1439 0.000000e+00
1440 1.864659e-07
1441 2.085133e-07
1442 2.100928e-07
1443 1.811975e-07
1444 1.338744e-07
1445 9.843172e-08
1446 6.979941e-08
1447 3.964442e-08
1448 2.238585e-08
1449 1.266432e-08
1450 7.039246e-09
1451 4.094128e-09
1452 0.000000e+00
1453 0.000000e+00
1454 0.000000e+00
1455 4.974962e-08
1456 5.699523e-08
1457 5.954923e-08
1458 5.407222e-08
1459 4.144285e-08
1460 2.993594e-08
1461 2.247855e-08
1462 1.259282e-08
1463 7.526599e-09
1464 4.125315e-09
1465 2.275550e-09
1466 1.271147e-09
1467 0.000000e+00
1468 0.000000e+00
1469 0.000000e+00
1470 1.144177e-07
1471 1.312909e-07
1472 1.374997e-07
1473 1.252942e-07
1474 9.633659e-08
1475 6.954033e-08
1476 5.230420e-08
1477 2.941247e-08
1478 1.765418e-08
1479 9.654081e-09
1480 5.309420e-09
1481 2.958515e-09
1482 0.000000e+00
1483 0.000000e+00
1484 0.000000e+00
1485 5.298910e-08
1486 6.225733e-08
1487 6.749221e-08
1488 6.477690e-08
1489 5.250487e-08
1490 3.788208e-08
1491 2.858147e-08
1492 1.775731e-08
1493 1.081059e-08
1494 5.866174e-09
1495 3.089231e-09
1496 1.667180e-09
1497 9.287190e-10
1498 0.000000e+00
1499 0.000000e+00
1500 1.109684e-04
1501 8.086786e-05
1502 6.035546e-05
1503 3.805236e-05
1504 2.321989e-05
1505 1.369104e-05
1506 8.324421e-06
1507 5.304277e-06
1508 3.565556e-06
1509 0.000000e+00
1510 0.000000e+00
1511 0.000000e+00
1512 0.000000e+00
1513 0.000000e+00
1514 0.000000e+00
1515 5.757601e-05
1516 4.644359e-05
1517 3.369791e-05
1518 2.528332e-05
1519 1.597668e-05
1520 9.754545e-06
1521 5.648866e-06
1522 3.364481e-06
1523 2.093966e-06
1524 1.379138e-06
1525 0.000000e+00
1526 0.000000e+00
1527 0.000000e+00
1528 0.000000e+00
1529 0.000000e+00
1530 4.047788e-05
1531 3.713775e-05
1532 2.882267e-05
1533 2.080348e-05
1534 1.566222e-05
1535 9.111532e-06
1536 5.625604e-06
1537 3.225263e-06
1538 1.896511e-06
1539 1.174730e-06
1540 0.000000e+00
1541 0.000000e+00
1542 0.000000e+00
1543 0.000000e+00
1544 0.000000e+00
1545 2.912801e-05
1546 2.891312e-05
1547 2.448503e-05
1548 1.793535e-05
1549 1.328396e-05
1550 9.154542e-06
1551 5.351144e-06
1552 3.053081e-06
1553 1.771954e-06
1554 1.042590e-06
1555 6.506122e-07
1556 0.000000e+00
1557 0.000000e+00
1558 0.000000e+00
1559 0.000000e+00
1560 2.085098e-05
1561 2.179680e-05
1562 1.983793e-05
1563 1.524768e-05
1564 1.100576e-05
1565 8.274949e-06
1566 4.689296e-06
1567 2.850415e-06
1568 1.602925e-06
1569 9.233707e-07
1570 5.506294e-07
1571 0.000000e+00
1572 0.000000e+00
1573 0.000000e+00
1574 0.000000e+00
1575 1.487210e-05
1576 1.614453e-05
1577 1.554949e-05
1578 1.266314e-05
1579 9.143013e-06
1580 6.883420e-06
1581 4.347301e-06
1582 2.655947e-06
1583 1.474901e-06
1584 8.112783e-07
1585 4.673052e-07
1586 2.832009e-07
1587 0.000000e+00
1588 0.000000e+00
1589 0.000000e+00
1590 1.001028e-05
1591 1.119728e-05
1592 1.128693e-05
1593 9.739022e-06
1594 7.195644e-06
1595 5.289411e-06
1596 3.755371e-06
1597 2.130464e-06
1598 1.202339e-06
1599 6.811759e-07
1600 3.783133e-07
1601 2.200058e-07
1602 0.000000e+00
1603 0.000000e+00
1604 0.000000e+00
1605 6.201116e-06
1606 7.118100e-06
1607 7.458527e-06
1608 6.801106e-06
1609 5.231433e-06
1610 3.775220e-06
1611 2.841823e-06
1612 1.597077e-06
1613 9.596537e-07
1614 5.242846e-07
1615 2.885232e-07
1616 1.606418e-07
1617 0.000000e+00
1618 0.000000e+00
1619 0.000000e+00
1620 3.163407e-06
1621 3.720115e-06
1622 4.038202e-06
1623 3.883392e-06
1624 3.154630e-06
1625 2.276770e-06
1626 1.716871e-06
1627 1.071974e-06
1628 6.518364e-07
1629 3.538249e-07
1630 1.861971e-07
1631 1.003484e-07
1632 5.578990e-08
1633 0.000000e+00
1634 0.000000e+00
1635 8.891198e-07
1636 1.072208e-06
1637 1.206146e-06
1638 1.224576e-06
1639 1.066696e-06
1640 7.933436e-07
1641 5.815894e-07
1642 4.169104e-07
1643 2.343421e-07
1644 1.314261e-07
1645 7.164692e-08
1646 3.730540e-08
1647 1.958823e-08
1648 0.000000e+00
1649 0.000000e+00
