0 2.220395e-09
1 1.442507e-09
2 9.070412e-10
3 5.714256e-10
4 3.673942e-10
5 2.418144e-10
6 1.608272e-10
7 1.056129e-10
8 6.689984e-11
9 4.016186e-11
10 2.262678e-11
11 1.194753e-11
12 5.953092e-12
13 2.831199e-12
14 1.301246e-12
15 3.760913e-09
16 2.500513e-09
17 1.588789e-09
18 9.903211e-10
19 6.263801e-10
20 4.057776e-10
21 2.685153e-10
22 1.780670e-10
23 1.154289e-10
24 7.156890e-11
25 4.180076e-11
26 2.285848e-11
27 1.173385e-11
28 5.707683e-12
29 2.663752e-12
30 4.305996e-09
31 2.882258e-09
32 1.841262e-09
33 1.146379e-09
34 7.221221e-10
35 4.653392e-10
36 3.069569e-10
37 2.037415e-10
38 1.327109e-10
39 8.293317e-11
40 4.892193e-11
41 2.703392e-11
42 1.400725e-11
43 6.864946e-12
44 3.220720e-12
45 4.606321e-09
46 3.092675e-09
47 1.980474e-09
48 1.232479e-09
49 7.749338e-10
50 4.981931e-10
51 3.281991e-10
52 2.178611e-10
53 1.422265e-10
54 8.919107e-11
55 5.283931e-11
56 2.932633e-11
57 1.525918e-11
58 7.502695e-12
59 3.528094e-12
60 4.807589e-09
61 3.233825e-09
62 2.073709e-09
63 1.290162e-09
64 8.102908e-10
65 5.202673e-10
66 3.424458e-10
67 2.273721e-10
68 1.485995e-10
69 9.339491e-11
70 5.548242e-11
71 3.087875e-11
72 1.610100e-11
73 7.930438e-12
74 3.734947e-12
75 4.958754e-09
76 3.339591e-09
77 2.143832e-09
78 1.333400e-09
79 8.368648e-10
80 5.368271e-10
81 3.531248e-10
82 2.344903e-10
83 1.534278e-10
84 9.656991e-11
85 5.745494e-11
86 3.203287e-11
87 1.673289e-11
88 8.252551e-12
89 3.889435e-12
90 5.081208e-09
91 3.425565e-09
92 2.200599e-09
93 1.368795e-09
94 8.585178e-10
95 5.502453e-10
96 3.618151e-10
97 2.402853e-10
98 1.573338e-10
99 9.913318e-11
100 5.907026e-11
101 3.297858e-11
102 1.724716e-11
103 8.514185e-12
104 4.015587e-12
105 5.188962e-09
106 3.500614e-09
107 2.250745e-09
108 1.399735e-09
109 8.774171e-10
110 5.620356e-10
111 3.693977e-10
112 2.453519e-10
113 1.606747e-10
114 1.013366e-10
115 6.044525e-11
116 3.379805e-11
117 1.769738e-11
118 8.743337e-12
119 4.122757e-12
120 5.291110e-09
121 3.572582e-09
122 2.298295e-09
123 1.429023e-09
124 8.954033e-10
125 5.731851e-10
126 3.765715e-10
127 2.501637e-10
128 1.639686e-10
129 1.035028e-10
130 6.181315e-11
131 3.458493e-11
132 1.812319e-11
133 8.960509e-12
134 4.230697e-12
135 5.407624e-09
136 3.653793e-09
137 2.352674e-09
138 1.462719e-09
139 9.160147e-10
140 5.860729e-10
141 3.849076e-10
142 2.556411e-10
143 1.676992e-10
144 1.059758e-10
145 6.335360e-11
146 3.548871e-11
147 1.861650e-11
148 9.209719e-12
149 4.350650e-12
150 7.885272e-09
151 5.428065e-09
152 3.564711e-09
153 2.226181e-09
154 1.380531e-09
155 8.704245e-10
156 5.645785e-10
157 3.736739e-10
158 2.470692e-10
159 1.590450e-10
160 9.752631e-11
161 5.619228e-11
162 3.027812e-11
163 1.532054e-11
164 7.358395e-12
165 9.964563e-09
166 6.946071e-09
167 4.627575e-09
168 2.920048e-09
169 1.801406e-09
170 1.126489e-09
171 7.227924e-10
172 4.753056e-10
173 3.147405e-10
174 2.044927e-10
175 1.273586e-10
176 7.480462e-11
177 4.111769e-11
178 2.118187e-11
179 1.031728e-11
180 1.117029e-08
181 7.830783e-09
182 5.247782e-09
183 3.328387e-09
184 2.050005e-09
185 1.277904e-09
186 8.157869e-10
187 5.347910e-10
188 3.541847e-10
189 2.309837e-10
190 1.447833e-10
191 8.571401e-11
192 4.751496e-11
193 2.466774e-11
194 1.209035e-11
195 1.198219e-08
196 8.427412e-09
197 5.666336e-09
198 3.604083e-09
199 2.218051e-09
200 1.380044e-09
201 8.784651e-10
202 5.749969e-10
203 3.808025e-10
204 2.488534e-10
205 1.565363e-10
206 9.308830e-11
207 5.184132e-11
208 2.702502e-11
209 1.328956e-11
210 1.259016e-08
211 8.874004e-09
212 5.980632e-09
213 3.809966e-09
214 2.343916e-09
215 1.456562e-09
216 9.255108e-10
217 6.050268e-10
218 4.006931e-10
219 2.622139e-10
220 1.653076e-10
221 9.859822e-11
222 5.507311e-11
223 2.878605e-11
224 1.418710e-11
225 1.308455e-08
226 9.236303e-09
227 6.233990e-09
228 3.977843e-09
229 2.445654e-09
230 1.518604e-09
231 9.635312e-10
232 6.294099e-10
233 4.168610e-10
234 2.730382e-10
235 1.724424e-10
236 1.030527e-10
237 5.768368e-11
238 3.021102e-11
239 1.491148e-11
240 1.351307e-08
241 9.551261e-09
242 6.455514e-09
243 4.123808e-09
244 2.534876e-09
245 1.572790e-09
246 9.967203e-10
247 6.505398e-10
248 4.309657e-10
249 2.824990e-10
250 1.786664e-10
251 1.069525e-10
252 5.997498e-11
253 3.145953e-11
254 1.554174e-11
255 1.392295e-08
256 9.851860e-09
257 6.666957e-09
258 4.263326e-09
259 2.619436e-09
260 1.624185e-09
261 1.028362e-09
262 6.707508e-10
263 4.443831e-10
264 2.915006e-10
265 1.845860e-10
266 1.106695e-10
267 6.215331e-11
268 3.264309e-11
269 1.614787e-11
270 1.439791e-08
271 1.020078e-08
272 6.911564e-09
273 4.423890e-09
274 2.717190e-09
275 1.684122e-09
276 1.065320e-09
277 6.943526e-10
278 4.599205e-10
279 3.019339e-10
280 1.914643e-10
281 1.149834e-10
282 6.467509e-11
283 3.401970e-11
284 1.684794e-11
285 1.363404e-08
286 9.698691e-09
287 6.586710e-09
288 4.249662e-09
289 2.618679e-09
290 1.621954e-09
291 1.022692e-09
292 6.634850e-10
293 4.377281e-10
294 2.868984e-10
295 1.821530e-10
296 1.098560e-10
297 6.221010e-11
298 3.298141e-11
299 1.645545e-11
300 1.603966e-08
301 1.154000e-08
302 7.908425e-09
303 5.160693e-09
304 3.192041e-09
305 1.967351e-09
306 1.230738e-09
307 7.923108e-10
308 5.208048e-10
309 3.421358e-10
310 2.189368e-10
311 1.336280e-10
312 7.675660e-11
313 4.128772e-11
314 2.086555e-11
315 1.768983e-08
316 1.281014e-08
317 8.822176e-09
318 5.792741e-09
319 3.592394e-09
320 2.207771e-09
321 1.375910e-09
322 8.819787e-10
323 5.784337e-10
324 3.803491e-10
325 2.443689e-10
326 1.500875e-10
327 8.685638e-11
328 4.707481e-11
329 2.395054e-11
330 1.893014e-08
331 1.376448e-08
332 9.506522e-09
333 6.264692e-09
334 3.892353e-09
335 2.388119e-09
336 1.484628e-09
337 9.491895e-10
338 6.217350e-10
339 4.090240e-10
340 2.634320e-10
341 1.624229e-10
342 9.442750e-11
343 5.141543e-11
344 2.626455e-11
345 1.993519e-08
346 1.453741e-08
347 1.006377e-08
348 6.650154e-09
349 4.135638e-09
350 2.534465e-09
351 1.572767e-09
352 1.003656e-09
353 6.566759e-10
354 4.322075e-10
355 2.788901e-10
356 1.724258e-10
357 1.005628e-10
358 5.493340e-11
359 2.814024e-11
360 2.081175e-08
361 1.521259e-08
362 1.054972e-08
363 6.984510e-09
364 4.347577e-09
365 2.662198e-09
366 1.649602e-09
367 1.051112e-09
368 6.872101e-10
369 4.524770e-10
370 2.923662e-10
371 1.811462e-10
372 1.059138e-10
373 5.799792e-11
374 2.977395e-11
375 2.164109e-08
376 1.585065e-08
377 1.100825e-08
378 7.302032e-09
379 4.548174e-09
380 2.782957e-09
381 1.722497e-09
382 1.096114e-09
383 7.161327e-10
384 4.716684e-10
385 3.051501e-10
386 1.894135e-10
387 1.109847e-10
388 6.090400e-11
389 3.132258e-11
390 2.261110e-08
391 1.659787e-08
392 1.154506e-08
393 7.672903e-09
394 4.783396e-09
395 2.924901e-09
396 1.808027e-09
397 1.148970e-09
398 7.499990e-10
399 4.941657e-10
400 3.201205e-10
401 1.991056e-10
402 1.169330e-10
403 6.430706e-11
404 3.313756e-11
405 1.965868e-08
406 1.440485e-08
407 9.995888e-09
408 6.626145e-09
409 4.146725e-09
410 2.539488e-09
411 1.574858e-09
412 1.001407e-09
413 6.528379e-10
414 4.287812e-10
415 2.766363e-10
416 1.713908e-10
417 1.003750e-10
418 5.514192e-11
419 2.842485e-11
420 2.231733e-08
421 1.654405e-08
422 1.157036e-08
423 7.734173e-09
424 4.881752e-09
425 2.981386e-09
426 1.840938e-09
427 1.161869e-09
428 7.531571e-10
429 4.940382e-10
430 3.199259e-10
431 1.997827e-10
432 1.182602e-10
433 6.574997e-11
434 3.428967e-11
435 2.432567e-08
436 1.816838e-08
437 1.276513e-08
438 8.578132e-09
439 5.441922e-09
440 3.318975e-09
441 2.044580e-09
442 1.284351e-09
443 8.297815e-10
444 5.437531e-10
445 3.528779e-10
446 2.213923e-10
447 1.318876e-10
448 7.384674e-11
449 3.877658e-11
450 2.596490e-08
451 1.948598e-08
452 1.373824e-08
453 9.263991e-09
454 5.896603e-09
455 3.593790e-09
456 2.209583e-09
457 1.383937e-09
458 8.917289e-10
459 5.840766e-10
460 3.796027e-10
461 2.389179e-10
462 1.429381e-10
463 8.041142e-11
464 4.241481e-11
465 2.738898e-08
466 2.063741e-08
467 1.458688e-08
468 9.860173e-09
469 6.293377e-09
470 3.833414e-09
471 2.353380e-09
472 1.470620e-09
473 9.459808e-10
474 6.192742e-10
475 4.029220e-10
476 2.542120e-10
477 1.525826e-10
478 8.614303e-11
479 4.559101e-11
480 2.873642e-08
481 2.172152e-08
482 1.538881e-08
483 1.042474e-08
484 6.669087e-09
485 4.059731e-09
486 2.489804e-09
487 1.552536e-09
488 9.971836e-10
489 6.525392e-10
490 4.249947e-10
491 2.686835e-10
492 1.617049e-10
493 9.155709e-11
494 4.859064e-11
495 3.031384e-08
496 2.299344e-08
497 1.632589e-08
498 1.108601e-08
499 7.107821e-09
500 4.324489e-09
501 2.649099e-09
502 1.648589e-09
503 1.057115e-09
504 6.914612e-10
505 4.507795e-10
506 2.855749e-10
507 1.723672e-10
508 9.789652e-11
509 5.210396e-11
510 2.600699e-08
511 1.961223e-08
512 1.387533e-08
513 9.372776e-09
514 5.997275e-09
515 3.662825e-09
516 2.250239e-09
517 1.405340e-09
518 9.026730e-10
519 5.897011e-10
520 3.829262e-10
521 2.412707e-10
522 1.447693e-10
523 8.180649e-11
524 4.338558e-11
525 2.892297e-08
526 2.206446e-08
527 1.573522e-08
528 1.070061e-08
529 6.906542e-09
530 4.225358e-09
531 2.587074e-09
532 1.605128e-09
533 1.024864e-09
534 6.672679e-10
535 4.337412e-10
536 2.746911e-10
537 1.661818e-10
538 9.485805e-11
539 5.084368e-11
540 3.130426e-08
541 2.406972e-08
542 1.725815e-08
543 1.179049e-08
544 7.652246e-09
545 4.689022e-09
546 2.863546e-09
547 1.769500e-09
548 1.124931e-09
549 7.308687e-10
550 4.753639e-10
551 3.020540e-10
552 1.837165e-10
553 1.055538e-10
554 5.696376e-11
555 3.337957e-08
556 2.581846e-08
557 1.858872e-08
558 1.273962e-08
559 8.302973e-09
560 5.092267e-09
561 3.104925e-09
562 1.912978e-09
563 1.212468e-09
564 7.863472e-10
565 5.116673e-10
566 3.259190e-10
567 1.990080e-10
568 1.148815e-10
569 6.230208e-11
570 3.534787e-08
571 2.747756e-08
572 1.985064e-08
573 1.364108e-08
574 8.921227e-09
575 5.475836e-09
576 3.334260e-09
577 2.049094e-09
578 1.295529e-09
579 8.390342e-10
580 5.461476e-10
581 3.485826e-10
582 2.135325e-10
583 1.237422e-10
584 6.737202e-11
585 3.765433e-08
586 2.941642e-08
587 2.132488e-08
588 1.469377e-08
589 9.640970e-09
590 5.922856e-09
591 3.601507e-09
592 2.207690e-09
593 1.392278e-09
594 9.004001e-10
595 5.863083e-10
596 3.749887e-10
597 2.304558e-10
598 1.340649e-10
599 7.327877e-11
600 3.278202e-08
601 2.541214e-08
602 1.833871e-08
603 1.257890e-08
604 8.212813e-09
605 5.056679e-09
606 3.080953e-09
607 1.897308e-09
608 1.200467e-09
609 7.769253e-10
610 5.047054e-10
611 3.212657e-10
612 1.962637e-10
613 1.134884e-10
614 6.171544e-11
615 3.602729e-08
616 2.824957e-08
617 2.056311e-08
618 1.419231e-08
619 9.337109e-09
620 5.780234e-09
621 3.510160e-09
622 2.151973e-09
623 1.352779e-09
624 8.714219e-10
625 5.655240e-10
626 3.610656e-10
627 2.219768e-10
628 1.294647e-10
629 7.109167e-11
630 3.887097e-08
631 3.074017e-08
632 2.252095e-08
633 1.561047e-08
634 1.032710e-08
635 6.417949e-09
636 3.889092e-09
637 2.376749e-09
638 1.487305e-09
639 9.546488e-10
640 6.190278e-10
641 3.960549e-10
642 2.445800e-10
643 1.435150e-10
644 7.934491e-11
645 4.156607e-08
646 3.310104e-08
647 2.437655e-08
648 1.695761e-08
649 1.126625e-08
650 7.023154e-09
651 4.248355e-09
652 2.590217e-09
653 1.614791e-09
654 1.033597e-09
655 6.697871e-10
656 4.292468e-10
657 2.660199e-10
658 1.568420e-10
659 8.717264e-11
660 4.472265e-08
661 3.585941e-08
662 2.654495e-08
663 1.852958e-08
664 1.236169e-08
665 7.729501e-09
666 4.668059e-09
667 2.838988e-09
668 1.763544e-09
669 1.125735e-09
670 7.290001e-10
671 4.679727e-10
672 2.910383e-10
673 1.723930e-10
674 9.630790e-11
675 4.019833e-08
676 3.200499e-08
677 2.358952e-08
678 1.641588e-08
679 1.090306e-08
680 6.816071e-09
681 4.126089e-09
682 2.518071e-09
683 1.568689e-09
684 1.002801e-09
685 6.487649e-10
686 4.151167e-10
687 2.569925e-10
688 1.514745e-10
689 8.424732e-11
690 4.394796e-08
691 3.539691e-08
692 2.634869e-08
693 1.845181e-08
694 1.233943e-08
695 7.771863e-09
696 4.698036e-09
697 2.858040e-09
698 1.768607e-09
699 1.123804e-09
700 7.249966e-10
701 4.644603e-10
702 2.889191e-10
703 1.715701e-10
704 9.629323e-11
705 4.750670e-08
706 3.863096e-08
707 2.897515e-08
708 2.039806e-08
709 1.371182e-08
710 8.686104e-09
711 5.245771e-09
712 3.183207e-09
713 1.959862e-09
714 1.239473e-09
715 7.978349e-10
716 5.115487e-10
717 3.193722e-10
718 1.907402e-10
719 1.077948e-10
720 5.167357e-08
721 4.241068e-08
722 3.203833e-08
723 2.266706e-08
724 1.531146e-08
725 9.752602e-09
726 5.884953e-09
727 3.562980e-09
728 2.182875e-09
729 1.374485e-09
730 8.827398e-10
731 5.664480e-10
732 3.548818e-10
733 2.130917e-10
734 1.212058e-10
735 4.870459e-08
736 3.983322e-08
737 3.005020e-08
738 2.124406e-08
739 1.432466e-08
740 9.123569e-09
741 5.520675e-09
742 3.345706e-09
743 2.052231e-09
744 1.292719e-09
745 8.294470e-10
746 5.311995e-10
747 3.319857e-10
748 1.988718e-10
749 1.129112e-10
750 5.333312e-08
751 4.417179e-08
752 3.370446e-08
753 2.401261e-08
754 1.629750e-08
755 1.047073e-08
756 6.348200e-09
757 3.834748e-09
758 2.336774e-09
759 1.461602e-09
760 9.333044e-10
761 5.972284e-10
762 3.744729e-10
763 2.258014e-10
764 1.293392e-10
765 5.875634e-08
766 4.925934e-08
767 3.797731e-08
768 2.725684e-08
769 1.861210e-08
770 1.205276e-08
771 7.321929e-09
772 4.410324e-09
773 2.671203e-09
774 1.660045e-09
775 1.055177e-09
776 6.746587e-10
777 4.242758e-10
778 2.573614e-10
779 1.485968e-10
780 5.927015e-08
781 4.989778e-08
782 3.867480e-08
783 2.787813e-08
784 1.908333e-08
785 1.240516e-08
786 7.573011e-09
787 4.554039e-09
788 2.754063e-09
789 1.705361e-09
790 1.079951e-09
791 6.887165e-10
792 4.327919e-10
793 2.628290e-10
794 1.521895e-10
795 6.638176e-08
796 5.679155e-08
797 4.469480e-08
798 3.259621e-08
799 2.249862e-08
800 1.478130e-08
801 9.092876e-09
802 5.446616e-09
803 3.273229e-09
804 2.007136e-09
805 1.260399e-09
806 8.005871e-10
807 5.037644e-10
808 3.077922e-10
809 1.799554e-10
810 7.617238e-08
811 6.662205e-08
812 5.366402e-08
813 3.991062e-08
814 2.791256e-08
815 1.860167e-08
816 1.163785e-08
817 6.954197e-09
818 4.154765e-09
819 2.509781e-09
820 1.551976e-09
821 9.755818e-10
822 6.121529e-10
823 3.758067e-10
824 2.221801e-10
825 5.046758e-07
826 3.686164e-07
827 2.731363e-07
828 1.699984e-07
829 1.035650e-07
830 6.135437e-08
831 3.746396e-08
832 2.403537e-08
833 1.622558e-08
834 0.000000e+00
835 0.000000e+00
836 0.000000e+00
837 0.000000e+00
838 0.000000e+00
839 0.000000e+00
840 7.609619e-07
841 5.559506e-07
842 4.123937e-07
843 2.596317e-07
844 1.577803e-07
845 9.335584e-08
846 5.689652e-08
847 3.636638e-08
848 2.448218e-08
849 0.000000e+00
850 0.000000e+00
851 0.000000e+00
852 0.000000e+00
853 0.000000e+00
854 0.000000e+00
855 9.034708e-07
856 6.601393e-07
857 4.898343e-07
858 3.095543e-07
859 1.879543e-07
860 1.111685e-07
861 6.771198e-08
862 4.322638e-08
863 2.907417e-08
864 0.000000e+00
865 0.000000e+00
866 0.000000e+00
867 0.000000e+00
868 0.000000e+00
869 0.000000e+00
870 9.993278e-07
871 7.302182e-07
872 5.419243e-07
873 3.431341e-07
874 2.082519e-07
875 1.231503e-07
876 7.498702e-08
877 4.784112e-08
878 3.216291e-08
879 0.000000e+00
880 0.000000e+00
881 0.000000e+00
882 0.000000e+00
883 0.000000e+00
884 0.000000e+00
885 1.071193e-06
886 7.827614e-07
887 5.809742e-07
888 3.683088e-07
889 2.234694e-07
890 1.321335e-07
891 8.044121e-08
892 5.130076e-08
893 3.447879e-08
894 0.000000e+00
895 0.000000e+00
896 0.000000e+00
897 0.000000e+00
898 0.000000e+00
899 0.000000e+00
900 1.129439e-06
901 8.253442e-07
902 6.126261e-07
903 3.887123e-07
904 2.358020e-07
905 1.394142e-07
906 8.486152e-08
907 5.410480e-08
908 3.635564e-08
909 0.000000e+00
910 0.000000e+00
911 0.000000e+00
912 0.000000e+00
913 0.000000e+00
914 0.000000e+00
915 1.180268e-06
916 8.625041e-07
917 6.402459e-07
918 4.065191e-07
919 2.465652e-07
920 1.457672e-07
921 8.871918e-08
922 5.655163e-08
923 3.799350e-08
924 0.000000e+00
925 0.000000e+00
926 0.000000e+00
927 0.000000e+00
928 0.000000e+00
929 0.000000e+00
930 1.228460e-06
931 8.977376e-07
932 6.664337e-07
933 4.234011e-07
934 2.567693e-07
935 1.517905e-07
936 9.237652e-08
937 5.887147e-08
938 3.954628e-08
939 0.000000e+00
940 0.000000e+00
941 0.000000e+00
942 0.000000e+00
943 0.000000e+00
944 0.000000e+00
945 1.284683e-06
946 9.388454e-07
947 6.969857e-07
948 4.430983e-07
949 2.686743e-07
950 1.588185e-07
951 9.664394e-08
952 6.157795e-08
953 4.135810e-08
954 0.000000e+00
955 0.000000e+00
956 0.000000e+00
957 0.000000e+00
958 0.000000e+00
959 0.000000e+00
960 3.370218e-07
961 2.684029e-07
962 1.946985e-07
963 1.460102e-07
964 9.033095e-08
965 5.529544e-08
966 3.214023e-08
967 1.921829e-08
968 1.204407e-08
969 7.974211e-09
970 0.000000e+00
971 0.000000e+00
972 0.000000e+00
973 0.000000e+00
974 0.000000e+00
975 5.201601e-07
976 4.171022e-07
977 3.028521e-07
978 2.269050e-07
979 1.422065e-07
980 8.670754e-08
981 5.036224e-08
982 3.007382e-08
983 1.877885e-08
984 1.239681e-08
985 0.000000e+00
986 0.000000e+00
987 0.000000e+00
988 0.000000e+00
989 0.000000e+00
990 6.448120e-07
991 5.183992e-07
992 3.765467e-07
993 2.820115e-07
994 1.775998e-07
995 1.081223e-07
996 6.278598e-08
997 3.747520e-08
998 2.336911e-08
999 1.541004e-08
1000 0.000000e+00
1001 0.000000e+00
1002 0.000000e+00
1003 0.000000e+00
1004 0.000000e+00
1005 7.382357e-07
1006 5.943126e-07
1007 4.317715e-07
1008 3.233096e-07
1009 2.041234e-07
1010 1.241698e-07
1011 7.209649e-08
1012 4.302199e-08
1013 2.680897e-08
1014 1.766814e-08
1015 0.000000e+00
1016 0.000000e+00
1017 0.000000e+00
1018 0.000000e+00
1019 0.000000e+00
1020 8.139596e-07
1021 6.558390e-07
1022 4.765327e-07
1023 3.567807e-07
1024 2.256220e-07
1025 1.371778e-07
1026 7.964314e-08
1027 4.751755e-08
1028 2.959718e-08
1029 1.949827e-08
1030 0.000000e+00
1031 0.000000e+00
1032 0.000000e+00
1033 0.000000e+00
1034 0.000000e+00
1035 8.800254e-07
1036 7.095243e-07
1037 5.155916e-07
1038 3.859857e-07
1039 2.443794e-07
1040 1.485270e-07
1041 8.622743e-08
1042 5.144028e-08
1043 3.202995e-08
1044 2.109535e-08
1045 0.000000e+00
1046 0.000000e+00
1047 0.000000e+00
1048 0.000000e+00
1049 0.000000e+00
1050 9.426736e-07
1051 7.604327e-07
1052 5.526249e-07
1053 4.136780e-07
1054 2.621647e-07
1055 1.592896e-07
1056 9.247120e-08
1057 5.515972e-08
1058 3.433673e-08
1059 2.260959e-08
1060 0.000000e+00
1061 0.000000e+00
1062 0.000000e+00
1063 0.000000e+00
1064 0.000000e+00
1065 1.015768e-06
1066 8.198310e-07
1067 5.958365e-07
1068 4.459927e-07
1069 2.829175e-07
1070 1.718473e-07
1071 9.975607e-08
1072 5.949995e-08
1073 3.702828e-08
1074 2.437647e-08
1075 0.000000e+00
1076 0.000000e+00
1077 0.000000e+00
1078 0.000000e+00
1079 0.000000e+00
1080 1.980604e-07
1081 1.801267e-07
1082 1.387710e-07
1083 1.003531e-07
1084 7.519808e-08
1085 4.346760e-08
1086 2.664090e-08
1087 1.536046e-08
1088 9.083308e-09
1089 5.651137e-09
1090 0.000000e+00
1091 0.000000e+00
1092 0.000000e+00
1093 0.000000e+00
1094 0.000000e+00
1095 3.303161e-07
1096 3.017409e-07
1097 2.334229e-07
1098 1.686949e-07
1099 1.265964e-07
1100 7.358887e-08
1101 4.522096e-08
1102 2.601114e-08
1103 1.532660e-08
1104 9.513387e-09
1105 0.000000e+00
1106 0.000000e+00
1107 0.000000e+00
1108 0.000000e+00
1109 0.000000e+00
1110 4.306280e-07
1111 3.940343e-07
1112 3.052904e-07
1113 2.205837e-07
1114 1.656231e-07
1115 9.648068e-08
1116 5.934315e-08
1117 3.410488e-08
1118 2.006900e-08
1119 1.244631e-08
1120 0.000000e+00
1121 0.000000e+00
1122 0.000000e+00
1123 0.000000e+00
1124 0.000000e+00
1125 5.118675e-07
1126 4.687719e-07
1127 3.634880e-07
1128 2.626035e-07
1129 1.972257e-07
1130 1.150174e-07
1131 7.077884e-08
1132 4.065897e-08
1133 2.390921e-08
1134 1.482137e-08
1135 0.000000e+00
1136 0.000000e+00
1137 0.000000e+00
1138 0.000000e+00
1139 0.000000e+00
1140 5.827486e-07
1141 5.339873e-07
1142 4.142683e-07
1143 2.992682e-07
1144 2.248018e-07
1145 1.311919e-07
1146 8.075741e-08
1147 4.637790e-08
1148 2.726008e-08
1149 1.689370e-08
1150 0.000000e+00
1151 0.000000e+00
1152 0.000000e+00
1153 0.000000e+00
1154 0.000000e+00
1155 6.499630e-07
1156 5.958254e-07
1157 4.624212e-07
1158 3.340351e-07
1159 2.509506e-07
1160 1.465295e-07
1161 9.021925e-08
1162 5.180077e-08
1163 3.043750e-08
1164 1.885873e-08
1165 0.000000e+00
1166 0.000000e+00
1167 0.000000e+00
1168 0.000000e+00
1169 0.000000e+00
1170 7.283846e-07
1171 6.679733e-07
1172 5.186008e-07
1173 3.745984e-07
1174 2.814577e-07
1175 1.644239e-07
1176 1.012585e-07
1177 5.812754e-08
1178 3.414473e-08
1179 2.115149e-08
1180 0.000000e+00
1181 0.000000e+00
1182 0.000000e+00
1183 0.000000e+00
1184 0.000000e+00
1185 1.315318e-07
1186 1.298300e-07
1187 1.091749e-07
1188 7.975085e-08
1189 5.924632e-08
1190 4.026664e-08
1191 2.376220e-08
1192 1.353858e-08
1193 7.826550e-09
1194 4.624945e-09
1195 2.897089e-09
1196 0.000000e+00
1197 0.000000e+00
1198 0.000000e+00
1199 0.000000e+00
1200 2.310097e-07
1201 2.286768e-07
1202 1.930243e-07
1203 1.412501e-07
1204 1.047597e-07
1205 7.170766e-08
1206 4.210423e-08
1207 2.402294e-08
1208 1.390656e-08
1209 8.202835e-09
1210 5.127606e-09
1211 0.000000e+00
1212 0.000000e+00
1213 0.000000e+00
1214 0.000000e+00
1215 3.123231e-07
1216 3.095005e-07
1217 2.616147e-07
1218 1.915693e-07
1219 1.419926e-07
1220 9.744470e-08
1221 5.711209e-08
1222 3.260330e-08
1223 1.888242e-08
1224 1.113064e-08
1225 6.952517e-09
1226 0.000000e+00
1227 0.000000e+00
1228 0.000000e+00
1229 0.000000e+00
1230 3.831935e-07
1231 3.799432e-07
1232 3.213903e-07
1233 2.354215e-07
1234 1.744400e-07
1235 1.198757e-07
1236 7.019122e-08
1237 4.008120e-08
1238 2.321897e-08
1239 1.368230e-08
1240 8.542871e-09
1241 0.000000e+00
1242 0.000000e+00
1243 0.000000e+00
1244 0.000000e+00
1245 4.503977e-07
1246 4.467362e-07
1247 3.780737e-07
1248 2.770046e-07
1249 2.052095e-07
1250 1.411454e-07
1251 8.259382e-08
1252 4.717229e-08
1253 2.733118e-08
1254 1.610194e-08
1255 1.005098e-08
1256 0.000000e+00
1257 0.000000e+00
1258 0.000000e+00
1259 0.000000e+00
1260 5.288015e-07
1261 5.246659e-07
1262 4.442070e-07
1263 3.255223e-07
1264 2.411084e-07
1265 1.659601e-07
1266 9.706421e-08
1267 5.544503e-08
1268 3.212871e-08
1269 1.892488e-08
1270 1.181051e-08
1271 0.000000e+00
1272 0.000000e+00
1273 0.000000e+00
1274 0.000000e+00
1275 9.500353e-08
1276 9.892653e-08
1277 8.953056e-08
1278 6.849951e-08
1279 4.951369e-08
1280 3.709006e-08
1281 2.095900e-08
1282 1.265872e-08
1283 7.152208e-09
1284 4.130668e-09
1285 2.472785e-09
1286 0.000000e+00
1287 0.000000e+00
1288 0.000000e+00
1289 0.000000e+00
1290 1.734471e-07
1291 1.809796e-07
1292 1.642901e-07
1293 1.260345e-07
1294 9.104487e-08
1295 6.830514e-08
1296 3.870627e-08
1297 2.345272e-08
1298 1.322166e-08
1299 7.617989e-09
1300 4.551622e-09
1301 0.000000e+00
1302 0.000000e+00
1303 0.000000e+00
1304 0.000000e+00
1305 2.424635e-07
1306 2.531894e-07
1307 2.301014e-07
1308 1.766983e-07
1309 1.276149e-07
1310 9.579448e-08
1311 5.434250e-08
1312 3.296556e-08
1313 1.856968e-08
1314 1.068970e-08
1315 6.382328e-09
1316 0.000000e+00
1317 0.000000e+00
1318 0.000000e+00
1319 0.000000e+00
1320 3.078577e-07
1321 3.216065e-07
1322 2.924568e-07
1323 2.247029e-07
1324 1.622652e-07
1325 1.218404e-07
1326 6.915697e-08
1327 4.197839e-08
1328 2.363663e-08
1329 1.359998e-08
1330 8.116900e-09
1331 0.000000e+00
1332 0.000000e+00
1333 0.000000e+00
1334 0.000000e+00
1335 3.841561e-07
1336 4.014323e-07
1337 3.652105e-07
1338 2.807097e-07
1339 2.026908e-07
1340 1.522281e-07
1341 8.644124e-08
1342 5.249408e-08
1343 2.954836e-08
1344 1.699550e-08
1345 1.014064e-08
1346 0.000000e+00
1347 0.000000e+00
1348 0.000000e+00
1349 0.000000e+00
1350 7.306303e-08
1351 7.909140e-08
1352 7.585376e-08
1353 6.148075e-08
1354 4.435632e-08
1355 3.343676e-08
1356 2.089524e-08
1357 1.280888e-08
1358 7.111196e-09
1359 3.915951e-09
1360 2.262971e-09
1361 1.376035e-09
1362 0.000000e+00
1363 0.000000e+00
1364 0.000000e+00
1365 1.384598e-07
1366 1.501184e-07
1367 1.443177e-07
1368 1.173014e-07
1369 8.468085e-08
1370 6.377620e-08
1371 4.011209e-08
1372 2.452064e-08
1373 1.361595e-08
1374 7.501394e-09
1375 4.325522e-09
1376 2.624744e-09
1377 0.000000e+00
1378 0.000000e+00
1379 0.000000e+00
1380 2.010031e-07
1381 2.180563e-07
1382 2.098198e-07
1383 1.707216e-07
1384 1.232755e-07
1385 9.281020e-08
1386 5.851418e-08
1387 3.573215e-08
1388 1.984300e-08
1389 1.093430e-08
1390 6.299816e-09
1391 3.819753e-09
1392 0.000000e+00
1393 0.000000e+00
1394 0.000000e+00
1395 2.739546e-07
1396 2.973002e-07
1397 2.862206e-07
1398 2.330303e-07
1399 1.682909e-07
1400 1.266749e-07
1401 7.997821e-08
1402 4.880901e-08
1403 2.710609e-08
1404 1.493828e-08
1405 8.602574e-09
1406 5.213599e-09
1407 0.000000e+00
1408 0.000000e+00
1409 0.000000e+00
1410 5.957709e-08
1411 6.649776e-08
1412 6.681311e-08
1413 5.740148e-08
1414 4.231510e-08
1415 3.116409e-08
1416 2.196130e-08
1417 1.252755e-08
1418 7.053815e-09
1419 3.991322e-09
1420 2.220077e-09
1421 1.294603e-09
1422 0.000000e+00
1423 0.000000e+00
1424 0.000000e+00
1425 1.179215e-07
1426 1.317939e-07
1427 1.326852e-07
1428 1.143104e-07
1429 8.440206e-08
1430 6.208644e-08
1431 4.394846e-08
1432 2.499213e-08
1433 1.410067e-08
1434 7.977726e-09
1435 4.435130e-09
1436 2.581475e-09
1437 0.000000e+00
1438 0.000000e+00
1439 0.000000e+00
1440 1.864659e-07
1441 2.085133e-07
1442 2.100928e-07
1443 1.811975e-07
1444 1.338744e-07
1445 9.843172e-08
1446 6.979941e-08
1447 3.964442e-08
1448 2.238585e-08
1449 1.266432e-08
1450 7.039246e-09
1451 4.094128e-09
1452 0.000000e+00
1453 0.000000e+00
1454 0.000000e+00
1455 5.178914e-08
1456 5.935297e-08
1457 6.204543e-08
1458 5.638325e-08
1459 4.324582e-08
1460 3.123373e-08
1461 2.346130e-08
1462 1.315563e-08
1463 7.870471e-09
1464 4.311653e-09
1465 2.376566e-09
1466 1.326838e-09
1467 0.000000e+00
1468 0.000000e+00
1469 0.000000e+00
1470 1.144185e-07
1471 1.312918e-07
1472 1.375006e-07
1473 1.252952e-07
1474 9.633731e-08
1475 6.954085e-08
1476 5.230460e-08
1477 2.941270e-08
1478 1.765432e-08
1479 9.654157e-09
1480 5.309461e-09
1481 2.958537e-09
1482 0.000000e+00
1483 0.000000e+00
1484 0.000000e+00
1485 5.378092e-08
1486 6.319704e-08
1487 6.852617e-08
1488 6.579199e-08
1489 5.334994e-08
1490 3.849575e-08
1491 2.904025e-08
1492 1.806015e-08
1493 1.098997e-08
1494 5.963901e-09
1495 3.141368e-09
1496 1.694748e-09
1497 9.437091e-10
1498 0.000000e+00
1499 0.000000e+00
1500 1.109684e-04
1501 8.086786e-05
1502 6.035546e-05
1503 3.805236e-05
1504 2.321989e-05
1505 1.369104e-05
1506 8.324421e-06
1507 5.304277e-06
1508 3.565556e-06
1509 0.000000e+00
1510 0.000000e+00
1511 0.000000e+00
1512 0.000000e+00
1513 0.000000e+00
1514 0.000000e+00
1515 5.757601e-05
1516 4.644359e-05
1517 3.369791e-05
1518 2.528332e-05
1519 1.597668e-05
1520 9.754545e-06
1521 5.648866e-06
1522 3.364481e-06
1523 2.093966e-06
1524 1.379138e-06
1525 0.000000e+00
1526 0.000000e+00
1527 0.000000e+00
1528 0.000000e+00
1529 0.000000e+00
1530 4.047788e-05
1531 3.713775e-05
1532 2.882267e-05
1533 2.080348e-05
1534 1.566222e-05
1535 9.111532e-06
1536 5.625604e-06
1537 3.225263e-06
1538 1.896511e-06
1539 1.174730e-06
1540 0.000000e+00
1541 0.000000e+00
1542 0.000000e+00
1543 0.000000e+00
1544 0.000000e+00
1545 2.912801e-05
1546 2.891312e-05
1547 2.448503e-05
1548 1.793535e-05
1549 1.328396e-05
1550 9.154542e-06
1551 5.351144e-06
1552 3.053081e-06
1553 1.771954e-06
1554 1.042590e-06
1555 6.506122e-07
1556 0.000000e+00
1557 0.000000e+00
1558 0.000000e+00
1559 0.000000e+00
1560 2.085098e-05
1561 2.179680e-05
1562 1.983793e-05
1563 1.524768e-05
1564 1.100576e-05
1565 8.274949e-06
1566 4.689296e-06
1567 2.850415e-06
1568 1.602925e-06
1569 9.233707e-07
1570 5.506294e-07
1571 0.000000e+00
1572 0.000000e+00
1573 0.000000e+00
1574 0.000000e+00
1575 1.487210e-05
1576 1.614453e-05
1577 1.554949e-05
1578 1.266314e-05
1579 9.143013e-06
1580 6.883420e-06
1581 4.347301e-06
1582 2.655947e-06
1583 1.474901e-06
1584 8.112783e-07
1585 4.673052e-07
1586 2.832009e-07
1587 0.000000e+00
1588 0.000000e+00
1589 0.000000e+00
1590 1.001028e-05
1591 1.119728e-05
1592 1.128693e-05
1593 9.739022e-06
1594 7.195644e-06
1595 5.289411e-06
1596 3.755371e-06
1597 2.130464e-06
1598 1.202339e-06
1599 6.811759e-07
1600 3.783133e-07
1601 2.200058e-07
1602 0.000000e+00
1603 0.000000e+00
1604 0.000000e+00
1605 6.201116e-06
1606 7.118100e-06
1607 7.458527e-06
1608 6.801106e-06
1609 5.231433e-06
1610 3.775220e-06
1611 2.841823e-06
1612 1.597077e-06
1613 9.596537e-07
1614 5.242846e-07
1615 2.885232e-07
1616 1.606418e-07
1617 0.000000e+00
1618 0.000000e+00
1619 0.000000e+00
1620 3.163407e-06
1621 3.720115e-06
1622 4.038202e-06
1623 3.883392e-06
1624 3.154630e-06
1625 2.276770e-06
1626 1.716871e-06
1627 1.071974e-06
1628 6.518364e-07
1629 3.538249e-07
1630 1.861971e-07
1631 1.003484e-07
1632 5.578990e-08
1633 0.000000e+00
1634 0.000000e+00
1635 8.891198e-07
1636 1.072208e-06
1637 1.206146e-06
1638 1.224576e-06
1639 1.066696e-06
1640 7.933436e-07
1641 5.815894e-07
1642 4.169104e-07
1643 2.343421e-07
1644 1.314261e-07
1645 7.164692e-08
1646 3.730540e-08
1647 1.958823e-08
1648 0.000000e+00
1649 0.000000e+00
