0 2.124114e-09
1 1.376234e-09
2 8.641993e-10
3 5.451332e-10
4 3.511510e-10
5 2.315531e-10
6 1.540920e-10
7 1.010826e-10
8 6.386081e-11
9 3.819211e-11
10 2.141976e-11
11 1.125963e-11
12 5.588044e-12
13 2.649415e-12
14 1.214942e-12
15 3.622614e-09
16 2.401864e-09
17 1.521714e-09
18 9.484819e-10
19 6.009081e-10
20 3.901361e-10
21 2.585826e-10
22 1.714995e-10
23 1.110109e-10
24 6.862525e-11
25 3.991437e-11
26 2.172618e-11
27 1.110186e-11
28 5.379342e-12
29 2.502984e-12
30 4.117812e-09
31 2.747021e-09
32 1.748049e-09
33 1.087203e-09
34 6.861548e-10
35 4.433178e-10
36 2.931802e-10
37 1.947188e-10
38 1.266773e-10
39 7.891052e-11
40 4.630445e-11
41 2.543256e-11
42 1.309949e-11
43 6.384904e-12
44 2.983188e-12
45 4.389274e-09
46 2.935970e-09
47 1.871813e-09
48 1.163089e-09
49 7.327345e-10
50 4.724898e-10
51 3.121387e-10
52 2.074258e-10
53 1.352213e-10
54 8.450145e-11
55 4.979194e-11
56 2.745409e-11
57 1.418794e-11
58 6.932902e-12
59 3.244534e-12
60 4.570359e-09
61 3.062307e-09
62 1.954579e-09
63 1.213734e-09
64 7.638964e-10
65 4.919974e-10
66 3.248200e-10
67 2.158880e-10
68 1.409530e-10
69 8.825765e-11
70 5.213471e-11
71 2.881377e-11
72 1.491445e-11
73 7.298199e-12
74 3.418906e-12
75 4.706434e-09
76 3.156920e-09
77 2.016790e-09
78 1.251826e-09
79 7.873636e-10
80 5.066044e-10
81 3.343406e-10
82 2.223213e-10
83 1.452804e-10
84 9.109859e-11
85 5.388445e-11
86 2.982641e-11
87 1.546315e-11
88 7.573437e-12
89 3.550116e-12
90 4.816735e-09
91 3.233810e-09
92 2.067112e-09
93 1.282829e-09
94 8.062969e-10
95 5.184503e-10
96 3.420656e-10
97 2.274906e-10
98 1.487789e-10
99 9.338552e-11
100 5.531558e-11
101 3.065809e-11
102 1.590936e-11
103 7.797655e-12
104 3.656946e-12
105 4.913743e-09
106 3.300913e-09
107 2.111243e-09
108 1.309809e-09
109 8.228550e-10
110 5.287856e-10
111 3.487833e-10
112 2.320251e-10
113 1.517696e-10
114 9.536116e-11
115 5.653665e-11
116 3.137202e-11
117 1.629902e-11
118 7.993526e-12
119 3.750098e-12
120 5.005628e-09
121 3.365440e-09
122 2.153693e-09
123 1.335307e-09
124 8.386724e-10
125 5.387328e-10
126 3.552677e-10
127 2.363723e-10
128 1.547500e-10
129 9.730847e-11
130 5.775751e-11
131 3.207110e-11
132 1.666642e-11
133 8.179428e-12
134 3.838943e-12
135 5.110949e-09
136 3.438221e-09
137 2.202033e-09
138 1.365388e-09
139 8.569548e-10
140 5.501634e-10
141 3.626389e-10
142 2.412668e-10
143 1.580907e-10
144 9.951646e-11
145 5.912416e-11
146 3.286363e-11
147 1.709768e-11
148 8.394406e-12
149 3.941548e-12
150 7.825505e-09
151 5.381849e-09
152 3.530857e-09
153 2.202219e-09
154 1.366048e-09
155 8.616774e-10
156 5.594939e-10
157 3.705265e-10
158 2.450425e-10
159 1.576805e-10
160 9.659525e-11
161 5.557600e-11
162 2.989384e-11
163 1.509912e-11
164 7.241142e-12
165 9.877278e-09
166 6.877334e-09
167 4.577278e-09
168 2.883264e-09
169 1.778445e-09
170 1.112702e-09
171 7.146171e-10
172 4.704089e-10
173 3.116504e-10
174 2.024368e-10
175 1.259606e-10
176 7.387435e-11
177 4.052534e-11
178 2.083286e-11
179 1.012721e-11
180 1.103775e-08
181 7.724335e-09
182 5.170175e-09
183 3.271406e-09
184 2.013422e-09
185 1.255913e-09
186 8.028470e-10
187 5.270981e-10
188 3.493539e-10
189 2.277935e-10
190 1.426177e-10
191 8.426549e-11
192 4.658709e-11
193 2.411514e-11
194 1.178732e-11
195 1.181491e-08
196 8.292057e-09
197 5.567314e-09
198 3.531148e-09
199 2.171164e-09
200 1.351795e-09
201 8.619398e-10
202 5.651054e-10
203 3.746573e-10
204 2.447933e-10
205 1.537876e-10
206 9.124298e-11
207 5.065660e-11
208 2.631775e-11
209 1.290122e-11
210 1.239770e-08
211 8.718397e-09
212 5.866006e-09
213 3.726363e-09
214 2.289431e-09
215 1.423968e-09
216 9.063402e-10
217 5.936059e-10
218 3.935990e-10
219 2.575297e-10
220 1.621531e-10
221 9.647749e-11
222 5.370494e-11
223 2.796990e-11
224 1.373452e-11
225 1.287049e-08
226 9.063557e-09
227 6.106884e-09
228 3.883975e-09
229 2.385331e-09
230 1.482136e-09
231 9.422107e-10
232 6.166556e-10
233 4.089422e-10
234 2.678532e-10
235 1.689371e-10
236 1.006937e-10
237 5.616648e-11
238 2.930032e-11
239 1.440891e-11
240 1.328183e-08
241 9.363297e-09
242 6.317288e-09
243 4.022002e-09
244 2.468848e-09
245 1.533214e-09
246 9.734538e-10
247 6.367179e-10
248 4.223436e-10
249 2.768517e-10
250 1.748464e-10
251 1.043868e-10
252 5.832467e-11
253 3.046868e-11
254 1.499677e-11
255 1.367281e-08
256 9.649034e-09
257 6.517430e-09
258 4.153491e-09
259 2.547988e-09
260 1.581384e-09
261 1.003147e-09
262 6.558577e-10
263 4.350495e-10
264 2.853947e-10
265 1.804592e-10
266 1.079007e-10
267 6.037001e-11
268 3.157113e-11
269 1.555354e-11
270 1.413013e-08
271 9.982728e-09
272 6.751125e-09
273 4.305445e-09
274 2.640146e-09
275 1.637963e-09
276 1.038145e-09
277 6.782388e-10
278 4.498954e-10
279 2.953856e-10
280 1.870390e-10
281 1.120077e-10
282 6.275145e-11
283 3.286568e-11
284 1.620779e-11
285 1.359652e-08
286 9.666041e-09
287 6.562327e-09
288 4.231724e-09
289 2.605877e-09
290 1.614504e-09
291 1.018222e-09
292 6.607740e-10
293 4.361565e-10
294 2.859065e-10
295 1.814910e-10
296 1.094072e-10
297 6.191281e-11
298 3.279558e-11
299 1.634845e-11
300 1.598376e-08
301 1.148973e-08
302 7.869803e-09
303 5.132895e-09
304 3.171595e-09
305 1.955277e-09
306 1.223482e-09
307 7.881090e-10
308 5.183090e-10
309 3.405780e-10
310 2.179060e-10
311 1.329313e-10
312 7.629344e-11
313 4.099480e-11
314 2.069378e-11
315 1.759803e-08
316 1.272740e-08
317 8.757213e-09
318 5.745738e-09
319 3.557821e-09
320 2.187267e-09
321 1.363426e-09
322 8.747967e-10
323 5.741874e-10
324 3.777146e-10
325 2.426422e-10
326 1.489244e-10
327 8.608140e-11
328 4.658290e-11
329 2.365953e-11
330 1.880928e-08
331 1.365453e-08
332 9.421202e-09
333 6.203720e-09
334 3.846471e-09
335 2.360714e-09
336 1.468062e-09
337 9.396160e-10
338 6.160507e-10
339 4.054770e-10
340 2.611472e-10
341 1.608860e-10
342 9.340336e-11
343 5.076368e-11
344 2.587823e-11
345 1.979124e-08
346 1.440638e-08
347 9.961589e-09
348 6.575769e-09
349 4.080822e-09
350 2.501813e-09
351 1.552787e-09
352 9.921218e-10
353 6.498909e-10
354 4.280100e-10
355 2.761556e-10
356 1.705914e-10
357 9.934109e-11
358 5.415039e-11
359 2.767698e-11
360 2.064724e-08
361 1.506234e-08
362 1.043202e-08
363 6.899229e-09
364 4.284417e-09
365 2.624123e-09
366 1.626557e-09
367 1.037892e-09
368 6.794227e-10
369 4.476662e-10
370 2.892305e-10
371 1.790403e-10
372 1.045111e-10
373 5.710392e-11
374 2.924170e-11
375 2.145724e-08
376 1.568379e-08
377 1.087789e-08
378 7.206241e-09
379 4.477979e-09
380 2.740666e-09
381 1.696554e-09
382 1.081190e-09
383 7.073610e-10
384 4.662486e-10
385 3.016199e-10
386 1.870443e-10
387 1.094068e-10
388 5.989723e-11
389 3.072355e-11
390 2.240456e-08
391 1.640798e-08
392 1.139736e-08
393 7.564942e-09
394 4.703560e-09
395 2.876654e-09
396 1.778819e-09
397 1.132186e-09
398 7.401251e-10
399 4.880698e-10
400 3.161502e-10
401 1.964407e-10
402 1.151582e-10
403 6.317513e-11
404 3.246383e-11
405 1.963464e-08
406 1.438164e-08
407 9.976914e-09
408 6.612770e-09
409 4.136285e-09
410 2.532823e-09
411 1.570809e-09
412 9.991172e-10
413 6.515292e-10
414 4.280031e-10
415 2.761374e-10
416 1.710573e-10
417 1.001499e-10
418 5.499426e-11
419 2.833404e-11
420 2.228075e-08
421 1.650754e-08
422 1.153941e-08
423 7.711596e-09
424 4.864648e-09
425 2.970087e-09
426 1.834184e-09
427 1.158046e-09
428 7.509613e-10
429 4.927398e-10
430 3.191123e-10
431 1.992447e-10
432 1.178988e-10
433 6.551151e-11
434 3.414154e-11
435 2.426512e-08
436 1.810311e-08
437 1.271004e-08
438 8.537668e-09
439 5.411658e-09
440 3.298541e-09
441 2.032491e-09
442 1.277449e-09
443 8.258014e-10
444 5.414066e-10
445 3.514140e-10
446 2.204297e-10
447 1.312431e-10
448 7.342325e-11
449 3.851278e-11
450 2.587135e-08
451 1.939580e-08
452 1.366127e-08
453 9.207738e-09
454 5.854682e-09
455 3.565128e-09
456 2.192742e-09
457 1.374273e-09
458 8.861840e-10
459 5.808034e-10
460 3.775629e-10
461 2.375816e-10
462 1.420446e-10
463 7.982546e-11
464 4.204952e-11
465 2.727652e-08
466 2.052519e-08
467 1.449157e-08
468 9.789893e-09
469 6.241102e-09
470 3.797757e-09
471 2.332399e-09
472 1.458498e-09
473 9.390390e-10
474 6.151827e-10
475 4.003729e-10
476 2.525452e-10
477 1.514693e-10
478 8.541285e-11
479 4.513590e-11
480 2.860317e-08
481 2.159195e-08
482 1.527474e-08
483 1.034148e-08
484 6.607013e-09
485 4.017162e-09
486 2.464829e-09
487 1.538140e-09
488 9.889073e-10
489 6.476619e-10
490 4.219737e-10
491 2.667086e-10
492 1.603871e-10
493 9.068959e-11
494 4.804939e-11
495 3.015666e-08
496 2.283663e-08
497 1.619242e-08
498 1.098745e-08
499 7.034578e-09
500 4.274274e-09
501 2.619669e-09
502 1.631585e-09
503 1.047341e-09
504 6.857075e-10
505 4.472062e-10
506 2.832410e-10
507 1.708104e-10
508 9.687567e-11
509 5.146678e-11
510 2.599347e-08
511 1.959677e-08
512 1.386082e-08
513 9.361842e-09
514 5.989314e-09
515 3.656641e-09
516 2.246739e-09
517 1.403326e-09
518 9.015293e-10
519 5.890556e-10
520 3.825409e-10
521 2.410236e-10
522 1.446020e-10
523 8.169336e-11
524 4.331203e-11
525 2.889679e-08
526 2.203574e-08
527 1.570865e-08
528 1.068076e-08
529 6.891492e-09
530 4.213985e-09
531 2.580576e-09
532 1.601281e-09
533 1.022683e-09
534 6.660386e-10
535 4.330118e-10
536 2.742294e-10
537 1.658754e-10
538 9.465250e-11
539 5.071032e-11
540 3.125121e-08
541 2.401295e-08
542 1.720575e-08
543 1.175009e-08
544 7.622646e-09
545 4.666688e-09
546 2.850729e-09
547 1.761816e-09
548 1.120633e-09
549 7.284154e-10
550 4.739077e-10
551 3.011367e-10
552 1.831119e-10
553 1.051521e-10
554 5.670454e-11
555 3.330210e-08
556 2.573580e-08
557 1.851239e-08
558 1.268066e-08
559 8.259985e-09
560 5.060062e-09
561 3.086359e-09
562 1.901726e-09
563 1.206156e-09
564 7.827663e-10
565 5.095405e-10
566 3.245782e-10
567 1.981288e-10
568 1.142992e-10
569 6.192631e-11
570 3.524572e-08
571 2.736909e-08
572 1.975083e-08
573 1.356388e-08
574 8.865110e-09
575 5.433700e-09
576 3.309842e-09
577 2.034362e-09
578 1.287245e-09
579 8.343260e-10
580 5.433538e-10
581 3.468268e-10
582 2.123808e-10
583 1.229803e-10
584 6.688203e-11
585 3.752412e-08
586 2.927718e-08
587 2.119808e-08
588 1.459554e-08
589 9.569648e-09
590 5.869388e-09
591 3.570456e-09
592 2.188939e-09
593 1.381732e-09
594 8.944078e-10
595 5.827526e-10
596 3.727550e-10
597 2.289920e-10
598 1.330976e-10
599 7.265717e-11
600 3.277111e-08
601 2.540099e-08
602 1.832535e-08
603 1.256904e-08
604 8.205549e-09
605 5.050789e-09
606 3.077420e-09
607 1.895144e-09
608 1.199288e-09
609 7.763006e-10
610 5.043572e-10
611 3.210572e-10
612 1.961280e-10
613 1.133951e-10
614 6.165190e-11
615 3.600638e-08
616 2.822475e-08
617 2.053777e-08
618 1.417140e-08
619 9.321732e-09
620 5.768246e-09
621 3.502706e-09
622 2.147484e-09
623 1.350293e-09
624 8.700699e-10
625 5.647608e-10
626 3.606084e-10
627 2.216832e-10
628 1.292686e-10
629 7.096108e-11
630 3.882375e-08
631 3.068671e-08
632 2.246794e-08
633 1.556687e-08
634 1.029533e-08
635 6.393667e-09
636 3.873729e-09
637 2.367437e-09
638 1.482122e-09
639 9.517979e-10
640 6.174173e-10
641 3.950883e-10
642 2.439629e-10
643 1.431081e-10
644 7.907773e-11
645 4.149111e-08
646 3.301728e-08
647 2.429448e-08
648 1.689022e-08
649 1.121711e-08
650 6.986107e-09
651 4.225165e-09
652 2.575925e-09
653 1.606874e-09
654 1.029206e-09
655 6.672866e-10
656 4.277424e-10
657 2.650621e-10
658 1.562124e-10
659 8.676115e-11
660 4.461689e-08
661 3.574207e-08
662 2.643009e-08
663 1.843520e-08
664 1.229317e-08
665 7.677511e-09
666 4.635030e-09
667 2.819043e-09
668 1.752474e-09
669 1.119604e-09
670 7.255039e-10
671 4.658685e-10
672 2.897001e-10
673 1.715156e-10
674 9.573586e-11
675 4.019532e-08
676 3.199879e-08
677 2.358109e-08
678 1.640830e-08
679 1.089685e-08
680 6.811060e-09
681 4.122423e-09
682 2.515933e-09
683 1.567543e-09
684 1.002201e-09
685 6.484577e-10
686 4.149722e-10
687 2.568912e-10
688 1.514056e-10
689 8.419859e-11
690 4.393250e-08
691 3.537680e-08
692 2.632592e-08
693 1.843125e-08
694 1.232400e-08
695 7.760086e-09
696 4.689477e-09
697 2.853155e-09
698 1.765876e-09
699 1.122300e-09
700 7.241972e-10
701 4.640101e-10
702 2.886454e-10
703 1.713921e-10
704 9.617355e-11
705 4.746362e-08
706 3.857971e-08
707 2.892099e-08
708 2.035036e-08
709 1.367629e-08
710 8.659388e-09
711 5.226697e-09
712 3.172316e-09
713 1.953725e-09
714 1.236072e-09
715 7.959746e-10
716 5.104829e-10
717 3.187227e-10
718 1.903219e-10
719 1.075196e-10
720 5.159781e-08
721 4.232266e-08
722 3.195034e-08
723 2.258689e-08
724 1.525196e-08
725 9.708287e-09
726 5.853321e-09
727 3.544938e-09
728 2.172670e-09
729 1.368803e-09
730 8.796075e-10
731 5.646481e-10
732 3.537829e-10
733 2.123871e-10
734 1.207454e-10
735 4.870772e-08
736 3.983332e-08
737 3.004690e-08
738 2.123929e-08
739 1.432054e-08
740 9.120304e-09
741 5.517346e-09
742 3.344099e-09
743 2.051275e-09
744 1.292231e-09
745 8.292203e-10
746 5.310986e-10
747 3.319360e-10
748 1.988412e-10
749 1.128875e-10
750 5.332356e-08
751 4.415702e-08
752 3.368541e-08
753 2.399339e-08
754 1.628220e-08
755 1.045928e-08
756 6.338928e-09
757 3.829666e-09
758 2.333735e-09
759 1.459971e-09
760 9.324548e-10
761 5.967832e-10
762 3.742242e-10
763 2.256485e-10
764 1.292376e-10
765 5.871810e-08
766 4.920838e-08
767 3.792026e-08
768 2.720476e-08
769 1.856988e-08
770 1.202188e-08
771 7.298016e-09
772 4.396878e-09
773 2.663164e-09
774 1.655676e-09
775 1.052838e-09
776 6.733865e-10
777 4.235436e-10
778 2.569112e-10
779 1.483062e-10
780 5.928112e-08
781 4.990608e-08
782 3.867916e-08
783 2.787929e-08
784 1.908312e-08
785 1.240470e-08
786 7.571749e-09
787 4.553308e-09
788 2.753515e-09
789 1.705138e-09
790 1.079894e-09
791 6.887286e-10
792 4.328232e-10
793 2.628553e-10
794 1.522044e-10
795 6.637909e-08
796 5.678346e-08
797 4.468113e-08
798 3.257952e-08
799 2.248379e-08
800 1.477032e-08
801 9.083588e-09
802 5.440778e-09
803 3.269589e-09
804 2.005233e-09
805 1.259463e-09
806 8.001315e-10
807 5.035392e-10
808 3.076706e-10
809 1.798803e-10
810 7.619524e-08
811 6.664339e-08
812 5.368143e-08
813 3.992272e-08
814 2.792022e-08
815 1.860679e-08
816 1.164075e-08
817 6.955370e-09
818 4.155499e-09
819 2.510236e-09
820 1.552283e-09
821 9.758147e-10
822 6.123257e-10
823 3.759279e-10
824 2.222589e-10
825 5.008466e-07
826 3.658081e-07
827 2.710489e-07
828 1.685751e-07
829 1.027197e-07
830 6.085658e-08
831 3.716335e-08
832 2.384781e-08
833 1.610159e-08
834 0.000000e+00
835 0.000000e+00
836 0.000000e+00
837 0.000000e+00
838 0.000000e+00
839 0.000000e+00
840 7.610193e-07
841 5.559923e-07
842 4.124248e-07
843 2.596507e-07
844 1.577921e-07
845 9.336276e-08
846 5.690075e-08
847 3.636909e-08
848 2.448401e-08
849 0.000000e+00
850 0.000000e+00
851 0.000000e+00
852 0.000000e+00
853 0.000000e+00
854 0.000000e+00
855 9.035771e-07
856 6.602170e-07
857 4.898921e-07
858 3.095915e-07
859 1.879768e-07
860 1.111818e-07
861 6.772004e-08
862 4.323149e-08
863 2.907759e-08
864 0.000000e+00
865 0.000000e+00
866 0.000000e+00
867 0.000000e+00
868 0.000000e+00
869 0.000000e+00
870 9.994362e-07
871 7.302974e-07
872 5.419832e-07
873 3.431719e-07
874 2.082748e-07
875 1.231638e-07
876 7.499523e-08
877 4.784633e-08
878 3.216640e-08
879 0.000000e+00
880 0.000000e+00
881 0.000000e+00
882 0.000000e+00
883 0.000000e+00
884 0.000000e+00
885 1.071301e-06
886 7.828404e-07
887 5.810329e-07
888 3.683467e-07
889 2.234923e-07
890 1.321470e-07
891 8.044941e-08
892 5.130595e-08
893 3.448226e-08
894 0.000000e+00
895 0.000000e+00
896 0.000000e+00
897 0.000000e+00
898 0.000000e+00
899 0.000000e+00
900 1.129543e-06
901 8.254203e-07
902 6.126826e-07
903 3.887487e-07
904 2.358240e-07
905 1.394272e-07
906 8.486942e-08
907 5.410981e-08
908 3.635900e-08
909 0.000000e+00
910 0.000000e+00
911 0.000000e+00
912 0.000000e+00
913 0.000000e+00
914 0.000000e+00
915 1.180369e-06
916 8.625779e-07
917 6.403007e-07
918 4.065544e-07
919 2.465866e-07
920 1.457798e-07
921 8.872684e-08
922 5.655649e-08
923 3.799675e-08
924 0.000000e+00
925 0.000000e+00
926 0.000000e+00
927 0.000000e+00
928 0.000000e+00
929 0.000000e+00
930 1.228553e-06
931 8.978060e-07
932 6.664846e-07
933 4.234339e-07
934 2.567891e-07
935 1.518022e-07
936 9.238362e-08
937 5.887598e-08
938 3.954929e-08
939 0.000000e+00
940 0.000000e+00
941 0.000000e+00
942 0.000000e+00
943 0.000000e+00
944 0.000000e+00
945 1.284773e-06
946 9.389107e-07
947 6.970342e-07
948 4.431296e-07
949 2.686932e-07
950 1.588297e-07
951 9.665071e-08
952 6.158225e-08
953 4.136098e-08
954 0.000000e+00
955 0.000000e+00
956 0.000000e+00
957 0.000000e+00
958 0.000000e+00
959 0.000000e+00
960 3.343132e-07
961 2.661222e-07
962 1.930286e-07
963 1.447709e-07
964 8.947960e-08
965 5.479409e-08
966 3.184914e-08
967 1.904530e-08
968 1.193872e-08
969 7.906144e-09
970 0.000000e+00
971 0.000000e+00
972 0.000000e+00
973 0.000000e+00
974 0.000000e+00
975 5.202346e-07
976 4.171597e-07
977 3.028935e-07
978 2.269366e-07
979 1.422246e-07
980 8.671913e-08
981 5.036892e-08
982 3.007780e-08
983 1.878138e-08
984 1.239849e-08
985 0.000000e+00
986 0.000000e+00
987 0.000000e+00
988 0.000000e+00
989 0.000000e+00
990 6.449529e-07
991 5.185136e-07
992 3.766299e-07
993 2.820738e-07
994 1.776397e-07
995 1.081465e-07
996 6.280001e-08
997 3.748356e-08
998 2.337429e-08
999 1.541345e-08
1000 0.000000e+00
1001 0.000000e+00
1002 0.000000e+00
1003 0.000000e+00
1004 0.000000e+00
1005 7.383754e-07
1006 5.944261e-07
1007 4.318541e-07
1008 3.233713e-07
1009 2.041630e-07
1010 1.241937e-07
1011 7.211040e-08
1012 4.303028e-08
1013 2.681411e-08
1014 1.767152e-08
1015 0.000000e+00
1016 0.000000e+00
1017 0.000000e+00
1018 0.000000e+00
1019 0.000000e+00
1020 8.140947e-07
1021 6.559490e-07
1022 4.766125e-07
1023 3.568404e-07
1024 2.256603e-07
1025 1.372010e-07
1026 7.965659e-08
1027 4.752557e-08
1028 2.960215e-08
1029 1.950154e-08
1030 0.000000e+00
1031 0.000000e+00
1032 0.000000e+00
1033 0.000000e+00
1034 0.000000e+00
1035 8.801547e-07
1036 7.096294e-07
1037 5.156680e-07
1038 3.860428e-07
1039 2.444161e-07
1040 1.485492e-07
1041 8.624031e-08
1042 5.144796e-08
1043 3.203471e-08
1044 2.109847e-08
1045 0.000000e+00
1046 0.000000e+00
1047 0.000000e+00
1048 0.000000e+00
1049 0.000000e+00
1050 9.427966e-07
1051 7.605326e-07
1052 5.526976e-07
1053 4.137324e-07
1054 2.621996e-07
1055 1.593107e-07
1056 9.248344e-08
1057 5.516701e-08
1058 3.434126e-08
1059 2.261256e-08
1060 0.000000e+00
1061 0.000000e+00
1062 0.000000e+00
1063 0.000000e+00
1064 0.000000e+00
1065 1.015885e-06
1066 8.199261e-07
1067 5.959057e-07
1068 4.460444e-07
1069 2.829508e-07
1070 1.718674e-07
1071 9.976774e-08
1072 5.950690e-08
1073 3.703259e-08
1074 2.437930e-08
1075 0.000000e+00
1076 0.000000e+00
1077 0.000000e+00
1078 0.000000e+00
1079 0.000000e+00
1080 1.956794e-07
1081 1.778905e-07
1082 1.369973e-07
1083 9.907467e-08
1084 7.423233e-08
1085 4.288483e-08
1086 2.627814e-08
1087 1.515441e-08
1088 8.964612e-09
1089 5.578459e-09
1090 0.000000e+00
1091 0.000000e+00
1092 0.000000e+00
1093 0.000000e+00
1094 0.000000e+00
1095 3.303845e-07
1096 3.018014e-07
1097 2.334688e-07
1098 1.687278e-07
1099 1.266209e-07
1100 7.360205e-08
1101 4.522900e-08
1102 2.601585e-08
1103 1.532946e-08
1104 9.515207e-09
1105 0.000000e+00
1106 0.000000e+00
1107 0.000000e+00
1108 0.000000e+00
1109 0.000000e+00
1110 4.307777e-07
1111 3.941720e-07
1112 3.053976e-07
1113 2.206611e-07
1114 1.656813e-07
1115 9.651484e-08
1116 5.936422e-08
1117 3.411695e-08
1118 2.007608e-08
1119 1.245068e-08
1120 0.000000e+00
1121 0.000000e+00
1122 0.000000e+00
1123 0.000000e+00
1124 0.000000e+00
1125 5.120133e-07
1126 4.689061e-07
1127 3.635925e-07
1128 2.626790e-07
1129 1.972825e-07
1130 1.150506e-07
1131 7.079937e-08
1132 4.067074e-08
1133 2.391610e-08
1134 1.482564e-08
1135 0.000000e+00
1136 0.000000e+00
1137 0.000000e+00
1138 0.000000e+00
1139 0.000000e+00
1140 5.828871e-07
1141 5.341147e-07
1142 4.143675e-07
1143 2.993398e-07
1144 2.248557e-07
1145 1.312235e-07
1146 8.077691e-08
1147 4.638908e-08
1148 2.726663e-08
1149 1.689775e-08
1150 0.000000e+00
1151 0.000000e+00
1152 0.000000e+00
1153 0.000000e+00
1154 0.000000e+00
1155 6.500935e-07
1156 5.959455e-07
1157 4.625147e-07
1158 3.341026e-07
1159 2.510014e-07
1160 1.465592e-07
1161 9.023762e-08
1162 5.181130e-08
1163 3.044366e-08
1164 1.886255e-08
1165 0.000000e+00
1166 0.000000e+00
1167 0.000000e+00
1168 0.000000e+00
1169 0.000000e+00
1170 7.285103e-07
1171 6.680889e-07
1172 5.186908e-07
1173 3.746634e-07
1174 2.815066e-07
1175 1.644526e-07
1176 1.012762e-07
1177 5.813768e-08
1178 3.415068e-08
1179 2.115516e-08
1180 0.000000e+00
1181 0.000000e+00
1182 0.000000e+00
1183 0.000000e+00
1184 0.000000e+00
1185 1.296295e-07
1186 1.279150e-07
1187 1.075236e-07
1188 7.852943e-08
1189 5.834920e-08
1190 3.962810e-08
1191 2.339739e-08
1192 1.332856e-08
1193 7.704203e-09
1194 4.553443e-09
1195 2.852923e-09
1196 0.000000e+00
1197 0.000000e+00
1198 0.000000e+00
1199 0.000000e+00
1200 2.310875e-07
1201 2.287525e-07
1202 1.930867e-07
1203 1.412950e-07
1204 1.047936e-07
1205 7.172967e-08
1206 4.211763e-08
1207 2.403048e-08
1208 1.391089e-08
1209 8.205423e-09
1210 5.129244e-09
1211 0.000000e+00
1212 0.000000e+00
1213 0.000000e+00
1214 0.000000e+00
1215 3.124681e-07
1216 3.096446e-07
1217 2.617370e-07
1218 1.916590e-07
1219 1.420590e-07
1220 9.749059e-08
1221 5.713885e-08
1222 3.261860e-08
1223 1.889129e-08
1224 1.113586e-08
1225 6.955772e-09
1226 0.000000e+00
1227 0.000000e+00
1228 0.000000e+00
1229 0.000000e+00
1230 3.833323e-07
1231 3.800812e-07
1232 3.215075e-07
1233 2.355075e-07
1234 1.745036e-07
1235 1.199196e-07
1236 7.021685e-08
1237 4.009585e-08
1238 2.322747e-08
1239 1.368730e-08
1240 8.545988e-09
1241 0.000000e+00
1242 0.000000e+00
1243 0.000000e+00
1244 0.000000e+00
1245 4.505276e-07
1246 4.468652e-07
1247 3.781832e-07
1248 2.770849e-07
1249 2.052689e-07
1250 1.411865e-07
1251 8.261778e-08
1252 4.718599e-08
1253 2.733912e-08
1254 1.610661e-08
1255 1.005389e-08
1256 0.000000e+00
1257 0.000000e+00
1258 0.000000e+00
1259 0.000000e+00
1260 5.289275e-07
1261 5.247911e-07
1262 4.443132e-07
1263 3.256003e-07
1264 2.411661e-07
1265 1.659999e-07
1266 9.708746e-08
1267 5.545831e-08
1268 3.213642e-08
1269 1.892941e-08
1270 1.181333e-08
1271 0.000000e+00
1272 0.000000e+00
1273 0.000000e+00
1274 0.000000e+00
1275 9.327722e-08
1276 9.710361e-08
1277 8.784666e-08
1278 6.718745e-08
1279 4.856903e-08
1280 3.637572e-08
1281 2.054710e-08
1282 1.240479e-08
1283 7.010701e-09
1284 4.050317e-09
1285 2.425284e-09
1286 0.000000e+00
1287 0.000000e+00
1288 0.000000e+00
1289 0.000000e+00
1290 1.735276e-07
1291 1.810627e-07
1292 1.643643e-07
1293 1.260906e-07
1294 9.108567e-08
1295 6.833542e-08
1296 3.872306e-08
1297 2.346276e-08
1298 1.322734e-08
1299 7.621338e-09
1300 4.553637e-09
1301 0.000000e+00
1302 0.000000e+00
1303 0.000000e+00
1304 0.000000e+00
1305 2.425986e-07
1306 2.533308e-07
1307 2.302303e-07
1308 1.767975e-07
1309 1.276865e-07
1310 9.584831e-08
1311 5.437312e-08
1312 3.298418e-08
1313 1.858015e-08
1314 1.069572e-08
1315 6.385913e-09
1316 0.000000e+00
1317 0.000000e+00
1318 0.000000e+00
1319 0.000000e+00
1320 3.079848e-07
1321 3.217394e-07
1322 2.925779e-07
1323 2.247961e-07
1324 1.623326e-07
1325 1.218910e-07
1326 6.918575e-08
1327 4.199584e-08
1328 2.364647e-08
1329 1.360563e-08
1330 8.120270e-09
1331 0.000000e+00
1332 0.000000e+00
1333 0.000000e+00
1334 0.000000e+00
1335 3.842787e-07
1336 4.015604e-07
1337 3.653272e-07
1338 2.807995e-07
1339 2.027557e-07
1340 1.522768e-07
1341 8.646897e-08
1342 5.251095e-08
1343 2.955784e-08
1344 1.700095e-08
1345 1.014389e-08
1346 0.000000e+00
1347 0.000000e+00
1348 0.000000e+00
1349 0.000000e+00
1350 7.167553e-08
1351 7.757291e-08
1352 7.437426e-08
1353 6.025879e-08
1354 4.347068e-08
1355 3.277341e-08
1356 2.046263e-08
1357 1.254875e-08
1358 6.966585e-09
1359 3.835950e-09
1360 2.217409e-09
1361 1.348717e-09
1362 0.000000e+00
1363 0.000000e+00
1364 0.000000e+00
1365 1.385591e-07
1366 1.502256e-07
1367 1.444204e-07
1368 1.173846e-07
1369 8.474086e-08
1370 6.382145e-08
1371 4.014030e-08
1372 2.453795e-08
1373 1.362557e-08
1374 7.506680e-09
1375 4.328571e-09
1376 2.626603e-09
1377 0.000000e+00
1378 0.000000e+00
1379 0.000000e+00
1380 2.011243e-07
1381 2.181880e-07
1382 2.099467e-07
1383 1.708252e-07
1384 1.233503e-07
1385 9.286647e-08
1386 5.854985e-08
1387 3.575388e-08
1388 1.985507e-08
1389 1.094096e-08
1390 6.303642e-09
1391 3.822069e-09
1392 0.000000e+00
1393 0.000000e+00
1394 0.000000e+00
1395 2.740709e-07
1396 2.974266e-07
1397 2.863424e-07
1398 2.331297e-07
1399 1.683627e-07
1400 1.267289e-07
1401 8.001245e-08
1402 4.882986e-08
1403 2.711768e-08
1404 1.494467e-08
1405 8.606247e-09
1406 5.215822e-09
1407 0.000000e+00
1408 0.000000e+00
1409 0.000000e+00
1410 5.865610e-08
1411 6.546011e-08
1412 6.575526e-08
1413 5.647475e-08
1414 4.162399e-08
1415 3.065929e-08
1416 2.159475e-08
1417 1.232266e-08
1418 6.936786e-09
1419 3.925229e-09
1420 2.183419e-09
1421 1.273497e-09
1422 0.000000e+00
1423 0.000000e+00
1424 0.000000e+00
1425 1.180285e-07
1426 1.319136e-07
1427 1.328058e-07
1428 1.144145e-07
1429 8.447895e-08
1430 6.214297e-08
1431 4.398857e-08
1432 2.501490e-08
1433 1.411353e-08
1434 7.985002e-09
1435 4.439173e-09
1436 2.583826e-09
1437 0.000000e+00
1438 0.000000e+00
1439 0.000000e+00
1440 1.865758e-07
1441 2.086363e-07
1442 2.102169e-07
1443 1.813047e-07
1444 1.339537e-07
1445 9.849000e-08
1446 6.984086e-08
1447 3.966791e-08
1448 2.239913e-08
1449 1.267183e-08
1450 7.043422e-09
1451 4.096553e-09
1452 0.000000e+00
1453 0.000000e+00
1454 0.000000e+00
1455 5.137085e-08
1456 5.886862e-08
1457 6.153180e-08
1458 5.590629e-08
1459 4.287311e-08
1460 3.096550e-08
1461 2.325799e-08
1462 1.303887e-08
1463 7.798944e-09
1464 4.272946e-09
1465 2.355628e-09
1466 1.315317e-09
1467 0.000000e+00
1468 0.000000e+00
1469 0.000000e+00
1470 1.145192e-07
1471 1.314074e-07
1472 1.376219e-07
1473 1.254059e-07
1474 9.642267e-08
1475 6.960243e-08
1476 5.235097e-08
1477 2.943888e-08
1478 1.767005e-08
1479 9.662764e-09
1480 5.314176e-09
1481 2.961160e-09
1482 0.000000e+00
1483 0.000000e+00
1484 0.000000e+00
1485 5.374320e-08
1486 6.315157e-08
1487 6.847449e-08
1488 6.573965e-08
1489 5.330438e-08
1490 3.846241e-08
1491 2.901559e-08
1492 1.804255e-08
1493 1.097992e-08
1494 5.958395e-09
1495 3.138378e-09
1496 1.693204e-09
1497 9.428990e-10
1498 0.000000e+00
1499 0.000000e+00
1500 1.109684e-04
1501 8.086786e-05
1502 6.035546e-05
1503 3.805236e-05
1504 2.321989e-05
1505 1.369104e-05
1506 8.324421e-06
1507 5.304277e-06
1508 3.565556e-06
1509 0.000000e+00
1510 0.000000e+00
1511 0.000000e+00
1512 0.000000e+00
1513 0.000000e+00
1514 0.000000e+00
1515 5.757601e-05
1516 4.644359e-05
1517 3.369791e-05
1518 2.528332e-05
1519 1.597668e-05
1520 9.754545e-06
1521 5.648866e-06
1522 3.364481e-06
1523 2.093966e-06
1524 1.379138e-06
1525 0.000000e+00
1526 0.000000e+00
1527 0.000000e+00
1528 0.000000e+00
1529 0.000000e+00
1530 4.047788e-05
1531 3.713775e-05
1532 2.882267e-05
1533 2.080348e-05
1534 1.566222e-05
1535 9.111532e-06
1536 5.625604e-06
1537 3.225263e-06
1538 1.896511e-06
1539 1.174730e-06
1540 0.000000e+00
1541 0.000000e+00
1542 0.000000e+00
1543 0.000000e+00
1544 0.000000e+00
1545 2.912801e-05
1546 2.891312e-05
1547 2.448503e-05
1548 1.793535e-05
1549 1.328396e-05
1550 9.154542e-06
1551 5.351144e-06
1552 3.053081e-06
1553 1.771954e-06
1554 1.042590e-06
1555 6.506122e-07
1556 0.000000e+00
1557 0.000000e+00
1558 0.000000e+00
1559 0.000000e+00
1560 2.085098e-05
1561 2.179680e-05
1562 1.983793e-05
1563 1.524768e-05
1564 1.100576e-05
1565 8.274949e-06
1566 4.689296e-06
1567 2.850415e-06
1568 1.602925e-06
1569 9.233707e-07
1570 5.506294e-07
1571 0.000000e+00
1572 0.000000e+00
1573 0.000000e+00
1574 0.000000e+00
1575 1.487210e-05
1576 1.614453e-05
1577 1.554949e-05
1578 1.266314e-05
1579 9.143013e-06
1580 6.883420e-06
1581 4.347301e-06
1582 2.655947e-06
1583 1.474901e-06
1584 8.112783e-07
1585 4.673052e-07
1586 2.832009e-07
1587 0.000000e+00
1588 0.000000e+00
1589 0.000000e+00
1590 1.001028e-05
1591 1.119728e-05
1592 1.128693e-05
1593 9.739022e-06
1594 7.195644e-06
1595 5.289411e-06
1596 3.755371e-06
1597 2.130464e-06
1598 1.202339e-06
1599 6.811759e-07
1600 3.783133e-07
1601 2.200058e-07
1602 0.000000e+00
1603 0.000000e+00
1604 0.000000e+00
1605 6.201116e-06
1606 7.118100e-06
1607 7.458527e-06
1608 6.801106e-06
1609 5.231433e-06
1610 3.775220e-06
1611 2.841823e-06
1612 1.597077e-06
1613 9.596537e-07
1614 5.242846e-07
1615 2.885232e-07
1616 1.606418e-07
1617 0.000000e+00
1618 0.000000e+00
1619 0.000000e+00
1620 3.163407e-06
1621 3.720115e-06
1622 4.038202e-06
1623 3.883392e-06
1624 3.154630e-06
1625 2.276770e-06
1626 1.716871e-06
1627 1.071974e-06
1628 6.518364e-07
1629 3.538249e-07
1630 1.861971e-07
1631 1.003484e-07
1632 5.578990e-08
1633 0.000000e+00
1634 0.000000e+00
1635 8.891198e-07
1636 1.072208e-06
1637 1.206146e-06
1638 1.224576e-06
1639 1.066696e-06
1640 7.933436e-07
1641 5.815894e-07
1642 4.169104e-07
1643 2.343421e-07
1644 1.314261e-07
1645 7.164692e-08
1646 3.730540e-08
1647 1.958823e-08
1648 0.000000e+00
1649 0.000000e+00
