0 2.239283e-09
1 1.455533e-09
2 9.154900e-10
3 5.766149e-10
4 3.705974e-10
5 2.438338e-10
6 1.621494e-10
7 1.065014e-10
8 6.749589e-11
9 4.054899e-11
10 2.286460e-11
11 1.208375e-11
12 6.025699e-12
13 2.867464e-12
14 1.318500e-12
15 3.814950e-09
16 2.538608e-09
17 1.614252e-09
18 1.006152e-09
19 6.360837e-10
20 4.118094e-10
21 2.723488e-10
22 1.806110e-10
23 1.171490e-10
24 7.270543e-11
25 4.252176e-11
26 2.328726e-11
27 1.197079e-11
28 5.829543e-12
29 2.723011e-12
30 4.342079e-09
31 2.908223e-09
32 1.859168e-09
33 1.157778e-09
34 7.290477e-10
35 4.695776e-10
36 3.096099e-10
37 2.054740e-10
38 1.338724e-10
39 8.371104e-11
40 4.942619e-11
41 2.734247e-11
42 1.418274e-11
43 6.957799e-12
44 3.266783e-12
45 4.648200e-09
46 3.122934e-09
47 2.001467e-09
48 1.245917e-09
49 7.830933e-10
50 5.031698e-10
51 3.313017e-10
52 2.198778e-10
53 1.435776e-10
54 9.009768e-11
55 5.342943e-11
56 2.968939e-11
57 1.546738e-11
58 7.613464e-12
59 3.583289e-12
60 4.853335e-09
61 3.266998e-09
62 2.096787e-09
63 1.304991e-09
64 8.192994e-10
65 5.257495e-10
66 3.458599e-10
67 2.295835e-10
68 1.500780e-10
69 9.438862e-11
70 5.613084e-11
71 3.127916e-11
72 1.633134e-11
73 8.053506e-12
74 3.796444e-12
75 5.007511e-09
76 3.374888e-09
77 2.168448e-09
78 1.349264e-09
79 8.464857e-10
80 5.426867e-10
81 3.567655e-10
82 2.368458e-10
83 1.550017e-10
84 9.762804e-11
85 5.814573e-11
86 3.246047e-11
87 1.697965e-11
88 8.384606e-12
89 3.955579e-12
90 5.132240e-09
91 3.462623e-09
92 2.226481e-09
93 1.385482e-09
94 8.686438e-10
95 5.564066e-10
96 3.656396e-10
97 2.427588e-10
98 1.589874e-10
99 1.002445e-10
100 5.979645e-11
101 3.342868e-11
102 1.750717e-11
103 8.653623e-12
104 4.085519e-12
105 5.242105e-09
106 3.539256e-09
107 2.277723e-09
108 1.417157e-09
109 8.879942e-10
110 5.684646e-10
111 3.733878e-10
112 2.479288e-10
113 1.623959e-10
114 1.024940e-10
115 6.120297e-11
116 3.426811e-11
117 1.796916e-11
118 8.889409e-12
119 4.196054e-12
120 5.346214e-09
121 3.612655e-09
122 2.326306e-09
123 1.447152e-09
124 9.063950e-10
125 5.798727e-10
126 3.807154e-10
127 2.528374e-10
128 1.657544e-10
129 1.047036e-10
130 6.259994e-11
131 3.507368e-11
132 1.840630e-11
133 9.112548e-12
134 4.307071e-12
135 5.465026e-09
136 3.695566e-09
137 2.381899e-09
138 1.481635e-09
139 9.274978e-10
140 5.930549e-10
141 3.892293e-10
142 2.584291e-10
143 1.695585e-10
144 1.072277e-10
145 6.417444e-11
146 3.599921e-11
147 1.891217e-11
148 9.368850e-12
149 4.430625e-12
150 8.092079e-09
151 5.579321e-09
152 3.670280e-09
153 2.294879e-09
154 1.422165e-09
155 8.957827e-10
156 5.802449e-10
157 3.837477e-10
158 2.537865e-10
159 1.635609e-10
160 1.004916e-10
161 5.803956e-11
162 3.135195e-11
163 1.590056e-11
164 7.650665e-12
165 1.013812e-08
166 7.075284e-09
167 4.719349e-09
168 2.981905e-09
169 1.839163e-09
170 1.149429e-09
171 7.366815e-10
172 4.840692e-10
173 3.205104e-10
174 2.083578e-10
175 1.299271e-10
176 7.644420e-11
177 4.209743e-11
178 2.172504e-11
179 1.059816e-11
180 1.139175e-08
181 7.997430e-09
182 5.366920e-09
183 3.409804e-09
184 2.100031e-09
185 1.308206e-09
186 8.340495e-10
187 5.462208e-10
188 3.615978e-10
189 2.359746e-10
190 1.481118e-10
191 8.785484e-11
192 4.880915e-11
193 2.539531e-11
194 1.247032e-11
195 1.223679e-08
196 8.620246e-09
197 5.804680e-09
198 3.699058e-09
199 2.276685e-09
200 1.415474e-09
201 8.998352e-10
202 5.882837e-10
203 3.894750e-10
204 2.546298e-10
205 1.603944e-10
206 9.557796e-11
207 5.335559e-11
208 2.788296e-11
209 1.373995e-11
210 1.287007e-08
211 9.086771e-09
212 6.132868e-09
213 3.915354e-09
214 2.409134e-09
215 1.496062e-09
216 9.492084e-10
217 6.197031e-10
218 4.102300e-10
219 2.685606e-10
220 1.695594e-10
221 1.013423e-10
222 5.675052e-11
223 2.974003e-11
224 1.468946e-11
225 1.338506e-08
226 9.465277e-09
227 6.398596e-09
228 4.091674e-09
229 2.516288e-09
230 1.561243e-09
231 9.891508e-10
232 6.452662e-10
233 4.271409e-10
234 2.799004e-10
235 1.770382e-10
236 1.060266e-10
237 5.950220e-11
238 3.124577e-11
239 1.545854e-11
240 1.383191e-08
241 9.794303e-09
242 6.630643e-09
243 4.245202e-09
244 2.610202e-09
245 1.618307e-09
246 1.023997e-09
247 6.674255e-10
248 4.418838e-10
249 2.897907e-10
250 1.835445e-10
251 1.101226e-10
252 6.191399e-11
253 3.256399e-11
254 1.612707e-11
255 1.425723e-08
256 1.010754e-08
257 6.851164e-09
258 4.391033e-09
259 2.698873e-09
260 1.672050e-09
261 1.057102e-09
262 6.885332e-10
263 4.558573e-10
264 2.991628e-10
265 1.897155e-10
266 1.139998e-10
267 6.419717e-11
268 3.380932e-11
269 1.676513e-11
270 1.475177e-08
271 1.047228e-08
272 7.107233e-09
273 4.559902e-09
274 2.802004e-09
275 1.735238e-09
276 1.095960e-09
277 7.132790e-10
278 4.721093e-10
279 3.100765e-10
280 1.969197e-10
281 1.185159e-10
282 6.685002e-11
283 3.526576e-11
284 1.750795e-11
285 1.364293e-08
286 9.706384e-09
287 6.592455e-09
288 4.253885e-09
289 2.621671e-09
290 1.623703e-09
291 1.023731e-09
292 6.640949e-10
293 4.380956e-10
294 2.871325e-10
295 1.823093e-10
296 1.099617e-10
297 6.227975e-11
298 3.302466e-11
299 1.648034e-11
300 1.605212e-08
301 1.155108e-08
302 7.916878e-09
303 5.166857e-09
304 3.196523e-09
305 1.969989e-09
306 1.232331e-09
307 7.932344e-10
308 5.213576e-10
309 3.424809e-10
310 2.191646e-10
311 1.337815e-10
312 7.685837e-11
313 4.135180e-11
314 2.090301e-11
315 1.770932e-08
316 1.282775e-08
317 8.835735e-09
318 5.802584e-09
319 3.599621e-09
320 2.212066e-09
321 1.378509e-09
322 8.834803e-10
323 5.793192e-10
324 3.809024e-10
325 2.447321e-10
326 1.503319e-10
327 8.701862e-11
328 4.717778e-11
329 2.401085e-11
330 1.895550e-08
331 1.378741e-08
332 9.524080e-09
333 6.277466e-09
334 3.901842e-09
335 2.393805e-09
336 1.488072e-09
337 9.511724e-10
338 6.229086e-10
339 4.097434e-10
340 2.639079e-10
341 1.627428e-10
342 9.464008e-11
343 5.155039e-11
344 2.634346e-11
345 1.996487e-08
346 1.456478e-08
347 1.008500e-08
348 6.665597e-09
349 4.146995e-09
350 2.541280e-09
351 1.576893e-09
352 1.006034e-09
353 6.580791e-10
354 4.330779e-10
355 2.794592e-10
356 1.728081e-10
357 1.008170e-10
358 5.509482e-11
359 2.823581e-11
360 2.084607e-08
361 1.524380e-08
362 1.057396e-08
363 7.002139e-09
364 4.360557e-09
365 2.669967e-09
366 1.654345e-09
367 1.053858e-09
368 6.888107e-10
369 4.534712e-10
370 2.930156e-10
371 1.815825e-10
372 1.062039e-10
373 5.818229e-11
374 2.988291e-11
375 2.167937e-08
376 1.588545e-08
377 1.103523e-08
378 7.321643e-09
379 4.562622e-09
380 2.791667e-09
381 1.727761e-09
382 1.099143e-09
383 7.179236e-10
384 4.727741e-10
385 3.058724e-10
386 1.899001e-10
387 1.113083e-10
388 6.110916e-11
389 3.144423e-11
390 2.265393e-08
391 1.663693e-08
392 1.157547e-08
393 7.695005e-09
394 4.799693e-09
395 2.934719e-09
396 1.813975e-09
397 1.152393e-09
398 7.520093e-10
399 4.954131e-10
400 3.209345e-10
401 1.996522e-10
402 1.172966e-10
403 6.453841e-11
404 3.327488e-11
405 1.966519e-08
406 1.441103e-08
407 1.000086e-08
408 6.629748e-09
409 4.149427e-09
410 2.541177e-09
411 1.575887e-09
412 1.001993e-09
413 6.531778e-10
414 4.289870e-10
415 2.767684e-10
416 1.714788e-10
417 1.004339e-10
418 5.517993e-11
419 2.844793e-11
420 2.232574e-08
421 1.655214e-08
422 1.157679e-08
423 7.738921e-09
424 4.885240e-09
425 2.983699e-09
426 1.842331e-09
427 1.162661e-09
428 7.536043e-10
429 4.943135e-10
430 3.201012e-10
431 1.998970e-10
432 1.183379e-10
433 6.579962e-11
434 3.432059e-11
435 2.433764e-08
436 1.817988e-08
437 1.277454e-08
438 8.584936e-09
439 5.447016e-09
440 3.322259e-09
441 2.046550e-09
442 1.285463e-09
443 8.304291e-10
444 5.441425e-10
445 3.531262e-10
446 2.215576e-10
447 1.319983e-10
448 7.391865e-11
449 3.882056e-11
450 2.597970e-08
451 1.950018e-08
452 1.374978e-08
453 9.272302e-09
454 5.902831e-09
455 3.597790e-09
456 2.211981e-09
457 1.385284e-09
458 8.925155e-10
459 5.845503e-10
460 3.799060e-10
461 2.391200e-10
462 1.430737e-10
463 8.049957e-11
464 4.246865e-11
465 2.740628e-08
466 2.065380e-08
467 1.460024e-08
468 9.869797e-09
469 6.300574e-09
470 3.838016e-09
471 2.356151e-09
472 1.472141e-09
473 9.468854e-10
474 6.198204e-10
475 4.032734e-10
476 2.544459e-10
477 1.527397e-10
478 8.624513e-11
479 4.565355e-11
480 2.875589e-08
481 2.174013e-08
482 1.540382e-08
483 1.043547e-08
484 6.677154e-09
485 4.064864e-09
486 2.492880e-09
487 1.554248e-09
488 9.981878e-10
489 6.531473e-10
490 4.253862e-10
491 2.689459e-10
492 1.618815e-10
493 9.167177e-11
494 4.866049e-11
495 3.033616e-08
496 2.301475e-08
497 1.634305e-08
498 1.109826e-08
499 7.117041e-09
500 4.330346e-09
501 2.652600e-09
502 1.650530e-09
503 1.058256e-09
504 6.921550e-10
505 4.512266e-10
506 2.858748e-10
507 1.725690e-10
508 9.802769e-11
509 5.218380e-11
510 2.600889e-08
511 1.961399e-08
512 1.387675e-08
513 9.373775e-09
514 5.998029e-09
515 3.663312e-09
516 2.250529e-09
517 1.405495e-09
518 9.027661e-10
519 5.897572e-10
520 3.829626e-10
521 2.412952e-10
522 1.447858e-10
523 8.181731e-11
524 4.339219e-11
525 2.892126e-08
526 2.206247e-08
527 1.573317e-08
528 1.069888e-08
529 6.905327e-09
530 4.224370e-09
531 2.586489e-09
532 1.604746e-09
533 1.024651e-09
534 6.671558e-10
535 4.336784e-10
536 2.746539e-10
537 1.661582e-10
538 9.484246e-11
539 5.083330e-11
540 3.129636e-08
541 2.406103e-08
542 1.724965e-08
543 1.178356e-08
544 7.647291e-09
545 4.685060e-09
546 2.861244e-09
547 1.768040e-09
548 1.124139e-09
549 7.304264e-10
550 4.751104e-10
551 3.019006e-10
552 1.836184e-10
553 1.054893e-10
554 5.692160e-11
555 3.336493e-08
556 2.580248e-08
557 1.857323e-08
558 1.272705e-08
559 8.293962e-09
560 5.085345e-09
561 3.100762e-09
562 1.910377e-09
563 1.211035e-09
564 7.855559e-10
565 5.112072e-10
566 3.256396e-10
567 1.988313e-10
568 1.147653e-10
569 6.222551e-11
570 3.532692e-08
571 2.745474e-08
572 1.982860e-08
573 1.362309e-08
574 8.908305e-09
575 5.465947e-09
576 3.328203e-09
577 2.045338e-09
578 1.293464e-09
579 8.378853e-10
580 5.454879e-10
581 3.481817e-10
582 2.132758e-10
583 1.235736e-10
584 6.726236e-11
585 3.762587e-08
586 2.938545e-08
587 2.129502e-08
588 1.466958e-08
589 9.623589e-09
590 5.909580e-09
591 3.593385e-09
592 2.202663e-09
593 1.389501e-09
594 8.988610e-10
595 5.854210e-10
596 3.744493e-10
597 2.301105e-10
598 1.338381e-10
599 7.313137e-11
600 3.277387e-08
601 2.540339e-08
602 1.833043e-08
603 1.257229e-08
604 8.208052e-09
605 5.053079e-09
606 3.078776e-09
607 1.895964e-09
608 1.199721e-09
609 7.765112e-10
610 5.044639e-10
611 3.211173e-10
612 1.961680e-10
613 1.134255e-10
614 6.167477e-11
615 3.600870e-08
616 2.822943e-08
617 2.054377e-08
618 1.417660e-08
619 9.325754e-09
620 5.771690e-09
621 3.504784e-09
622 2.148702e-09
623 1.350961e-09
624 8.704145e-10
625 5.649437e-10
626 3.607135e-10
627 2.217521e-10
628 1.293177e-10
629 7.099639e-11
630 3.883154e-08
631 3.069719e-08
632 2.247929e-08
633 1.557622e-08
634 1.030227e-08
635 6.399342e-09
636 3.877086e-09
637 2.369542e-09
638 1.483290e-09
639 9.524154e-10
640 6.177515e-10
641 3.952872e-10
642 2.440936e-10
643 1.431978e-10
644 7.913933e-11
645 4.150547e-08
646 3.303485e-08
647 2.431216e-08
648 1.690448e-08
649 1.122766e-08
650 6.994273e-09
651 4.229565e-09
652 2.578981e-09
653 1.608526e-09
654 1.030110e-09
655 6.677998e-10
656 4.280550e-10
657 2.652666e-10
658 1.563516e-10
659 8.685471e-11
660 4.463668e-08
661 3.576539e-08
662 2.645332e-08
663 1.845387e-08
664 1.230664e-08
665 7.688365e-09
666 4.641143e-09
667 2.822948e-09
668 1.754595e-09
669 1.120748e-09
670 7.261619e-10
671 4.662738e-10
672 2.899648e-10
673 1.716949e-10
674 9.585526e-11
675 4.018156e-08
676 3.198653e-08
677 2.357141e-08
678 1.640073e-08
679 1.089203e-08
680 6.807850e-09
681 4.120581e-09
682 2.514824e-09
683 1.566879e-09
684 1.001788e-09
685 6.481935e-10
686 4.147772e-10
687 2.567796e-10
688 1.513359e-10
689 8.415738e-11
690 4.391215e-08
691 3.535708e-08
692 2.630887e-08
693 1.841779e-08
694 1.231441e-08
695 7.753399e-09
696 4.685183e-09
697 2.850647e-09
698 1.764440e-09
699 1.121459e-09
700 7.236866e-10
701 4.636936e-10
702 2.884450e-10
703 1.712655e-10
704 9.609579e-11
705 4.743152e-08
706 3.854691e-08
707 2.889046e-08
708 2.032492e-08
709 1.365761e-08
710 8.646261e-09
711 5.217577e-09
712 3.167129e-09
713 1.950715e-09
714 1.234342e-09
715 7.949738e-10
716 5.098883e-10
717 3.183554e-10
718 1.900906e-10
719 1.073746e-10
720 5.155114e-08
721 4.227353e-08
722 3.189972e-08
723 2.254685e-08
724 1.522221e-08
725 9.687060e-09
726 5.838289e-09
727 3.536454e-09
728 2.167730e-09
729 1.365994e-09
730 8.780142e-10
731 5.637149e-10
732 3.532122e-10
733 2.120276e-10
734 1.205179e-10
735 4.868112e-08
736 3.980667e-08
737 3.002296e-08
738 2.121998e-08
739 1.430658e-08
740 9.110400e-09
741 5.511020e-09
742 3.340317e-09
743 2.049109e-09
744 1.290975e-09
745 8.284783e-10
746 5.306472e-10
747 3.316531e-10
748 1.986619e-10
749 1.127759e-10
750 5.327644e-08
751 4.410704e-08
752 3.363709e-08
753 2.395177e-08
754 1.625101e-08
755 1.043708e-08
756 6.323112e-09
757 3.820617e-09
758 2.328380e-09
759 1.456981e-09
760 9.307619e-10
761 5.958016e-10
762 3.736304e-10
763 2.252780e-10
764 1.290044e-10
765 5.862697e-08
766 4.911094e-08
767 3.782198e-08
768 2.711541e-08
769 1.850318e-08
770 1.197402e-08
771 7.262973e-09
772 4.376808e-09
773 2.651131e-09
774 1.649043e-09
775 1.049164e-09
776 6.713056e-10
777 4.223115e-10
778 2.561518e-10
779 1.478250e-10
780 5.924055e-08
781 4.986338e-08
782 3.863809e-08
783 2.784372e-08
784 1.905615e-08
785 1.238560e-08
786 7.558197e-09
787 4.545330e-09
788 2.748725e-09
789 1.702468e-09
790 1.078407e-09
791 6.878704e-10
792 4.323091e-10
793 2.625384e-10
794 1.520071e-10
795 6.628750e-08
796 5.668100e-08
797 4.457525e-08
798 3.248187e-08
799 2.240620e-08
800 1.471457e-08
801 9.042575e-09
802 5.415497e-09
803 3.254363e-09
804 1.996892e-09
805 1.254966e-09
806 7.976535e-10
807 5.021260e-10
808 3.068286e-10
809 1.793615e-10
810 7.612415e-08
811 6.656423e-08
812 5.359952e-08
813 3.984596e-08
814 2.785719e-08
815 1.856091e-08
816 1.160776e-08
817 6.933201e-09
818 4.142793e-09
819 2.503160e-09
820 1.548379e-09
821 9.737006e-10
822 6.111525e-10
823 3.752533e-10
824 2.218576e-10
825 5.175541e-07
826 3.780298e-07
827 2.801345e-07
828 1.745024e-07
829 1.062893e-07
830 6.296254e-08
831 3.844029e-08
832 2.465490e-08
833 1.664047e-08
834 0.000000e+00
835 0.000000e+00
836 0.000000e+00
837 0.000000e+00
838 0.000000e+00
839 0.000000e+00
840 7.609683e-07
841 5.559554e-07
842 4.123972e-07
843 2.596342e-07
844 1.577818e-07
845 9.335670e-08
846 5.689704e-08
847 3.636670e-08
848 2.448238e-08
849 0.000000e+00
850 0.000000e+00
851 0.000000e+00
852 0.000000e+00
853 0.000000e+00
854 0.000000e+00
855 9.034708e-07
856 6.601393e-07
857 4.898344e-07
858 3.095543e-07
859 1.879543e-07
860 1.111685e-07
861 6.771198e-08
862 4.322638e-08
863 2.907417e-08
864 0.000000e+00
865 0.000000e+00
866 0.000000e+00
867 0.000000e+00
868 0.000000e+00
869 0.000000e+00
870 9.993278e-07
871 7.302182e-07
872 5.419243e-07
873 3.431341e-07
874 2.082519e-07
875 1.231503e-07
876 7.498702e-08
877 4.784112e-08
878 3.216291e-08
879 0.000000e+00
880 0.000000e+00
881 0.000000e+00
882 0.000000e+00
883 0.000000e+00
884 0.000000e+00
885 1.071193e-06
886 7.827614e-07
887 5.809742e-07
888 3.683088e-07
889 2.234694e-07
890 1.321335e-07
891 8.044121e-08
892 5.130076e-08
893 3.447879e-08
894 0.000000e+00
895 0.000000e+00
896 0.000000e+00
897 0.000000e+00
898 0.000000e+00
899 0.000000e+00
900 1.129439e-06
901 8.253442e-07
902 6.126261e-07
903 3.887123e-07
904 2.358020e-07
905 1.394142e-07
906 8.486152e-08
907 5.410480e-08
908 3.635564e-08
909 0.000000e+00
910 0.000000e+00
911 0.000000e+00
912 0.000000e+00
913 0.000000e+00
914 0.000000e+00
915 1.180268e-06
916 8.625041e-07
917 6.402459e-07
918 4.065191e-07
919 2.465652e-07
920 1.457672e-07
921 8.871918e-08
922 5.655163e-08
923 3.799350e-08
924 0.000000e+00
925 0.000000e+00
926 0.000000e+00
927 0.000000e+00
928 0.000000e+00
929 0.000000e+00
930 1.228460e-06
931 8.977376e-07
932 6.664337e-07
933 4.234011e-07
934 2.567693e-07
935 1.517905e-07
936 9.237652e-08
937 5.887147e-08
938 3.954628e-08
939 0.000000e+00
940 0.000000e+00
941 0.000000e+00
942 0.000000e+00
943 0.000000e+00
944 0.000000e+00
945 1.284683e-06
946 9.388454e-07
947 6.969857e-07
948 4.430983e-07
949 2.686743e-07
950 1.588185e-07
951 9.664394e-08
952 6.157795e-08
953 4.135810e-08
954 0.000000e+00
955 0.000000e+00
956 0.000000e+00
957 0.000000e+00
958 0.000000e+00
959 0.000000e+00
960 3.376107e-07
961 2.688987e-07
962 1.950614e-07
963 1.462801e-07
964 9.051466e-08
965 5.540422e-08
966 3.220332e-08
967 1.925577e-08
968 1.206696e-08
969 7.988997e-09
970 0.000000e+00
971 0.000000e+00
972 0.000000e+00
973 0.000000e+00
974 0.000000e+00
975 5.201755e-07
976 4.171156e-07
977 3.028619e-07
978 2.269122e-07
979 1.422116e-07
980 8.671049e-08
981 5.036396e-08
982 3.007485e-08
983 1.877948e-08
984 1.239721e-08
985 0.000000e+00
986 0.000000e+00
987 0.000000e+00
988 0.000000e+00
989 0.000000e+00
990 6.448120e-07
991 5.183992e-07
992 3.765467e-07
993 2.820115e-07
994 1.775998e-07
995 1.081223e-07
996 6.278598e-08
997 3.747520e-08
998 2.336911e-08
999 1.541004e-08
1000 0.000000e+00
1001 0.000000e+00
1002 0.000000e+00
1003 0.000000e+00
1004 0.000000e+00
1005 7.382357e-07
1006 5.943126e-07
1007 4.317715e-07
1008 3.233096e-07
1009 2.041234e-07
1010 1.241698e-07
1011 7.209649e-08
1012 4.302199e-08
1013 2.680897e-08
1014 1.766814e-08
1015 0.000000e+00
1016 0.000000e+00
1017 0.000000e+00
1018 0.000000e+00
1019 0.000000e+00
1020 8.139596e-07
1021 6.558390e-07
1022 4.765327e-07
1023 3.567807e-07
1024 2.256220e-07
1025 1.371778e-07
1026 7.964314e-08
1027 4.751755e-08
1028 2.959718e-08
1029 1.949827e-08
1030 0.000000e+00
1031 0.000000e+00
1032 0.000000e+00
1033 0.000000e+00
1034 0.000000e+00
1035 8.800254e-07
1036 7.095243e-07
1037 5.155916e-07
1038 3.859857e-07
1039 2.443794e-07
1040 1.485270e-07
1041 8.622743e-08
1042 5.144028e-08
1043 3.202995e-08
1044 2.109535e-08
1045 0.000000e+00
1046 0.000000e+00
1047 0.000000e+00
1048 0.000000e+00
1049 0.000000e+00
1050 9.426736e-07
1051 7.604327e-07
1052 5.526249e-07
1053 4.136780e-07
1054 2.621647e-07
1055 1.592896e-07
1056 9.247120e-08
1057 5.515972e-08
1058 3.433673e-08
1059 2.260959e-08
1060 0.000000e+00
1061 0.000000e+00
1062 0.000000e+00
1063 0.000000e+00
1064 0.000000e+00
1065 1.015768e-06
1066 8.198310e-07
1067 5.958365e-07
1068 4.459927e-07
1069 2.829175e-07
1070 1.718473e-07
1071 9.975607e-08
1072 5.949995e-08
1073 3.702828e-08
1074 2.437647e-08
1075 0.000000e+00
1076 0.000000e+00
1077 0.000000e+00
1078 0.000000e+00
1079 0.000000e+00
1080 1.985978e-07
1081 1.806311e-07
1082 1.391707e-07
1083 1.006410e-07
1084 7.541601e-08
1085 4.359837e-08
1086 2.672194e-08
1087 1.540667e-08
1088 9.110005e-09
1089 5.667525e-09
1090 0.000000e+00
1091 0.000000e+00
1092 0.000000e+00
1093 0.000000e+00
1094 0.000000e+00
1095 3.303376e-07
1096 3.017616e-07
1097 2.334394e-07
1098 1.687067e-07
1099 1.266054e-07
1100 7.359442e-08
1101 4.522440e-08
1102 2.601309e-08
1103 1.532771e-08
1104 9.514065e-09
1105 0.000000e+00
1106 0.000000e+00
1107 0.000000e+00
1108 0.000000e+00
1109 0.000000e+00
1110 4.306281e-07
1111 3.940343e-07
1112 3.052904e-07
1113 2.205837e-07
1114 1.656231e-07
1115 9.648069e-08
1116 5.934316e-08
1117 3.410488e-08
1118 2.006901e-08
1119 1.244631e-08
1120 0.000000e+00
1121 0.000000e+00
1122 0.000000e+00
1123 0.000000e+00
1124 0.000000e+00
1125 5.118675e-07
1126 4.687719e-07
1127 3.634880e-07
1128 2.626035e-07
1129 1.972257e-07
1130 1.150174e-07
1131 7.077884e-08
1132 4.065897e-08
1133 2.390921e-08
1134 1.482137e-08
1135 0.000000e+00
1136 0.000000e+00
1137 0.000000e+00
1138 0.000000e+00
1139 0.000000e+00
1140 5.827486e-07
1141 5.339873e-07
1142 4.142683e-07
1143 2.992682e-07
1144 2.248018e-07
1145 1.311919e-07
1146 8.075741e-08
1147 4.637790e-08
1148 2.726008e-08
1149 1.689370e-08
1150 0.000000e+00
1151 0.000000e+00
1152 0.000000e+00
1153 0.000000e+00
1154 0.000000e+00
1155 6.499630e-07
1156 5.958254e-07
1157 4.624212e-07
1158 3.340351e-07
1159 2.509506e-07
1160 1.465295e-07
1161 9.021925e-08
1162 5.180077e-08
1163 3.043750e-08
1164 1.885873e-08
1165 0.000000e+00
1166 0.000000e+00
1167 0.000000e+00
1168 0.000000e+00
1169 0.000000e+00
1170 7.283846e-07
1171 6.679733e-07
1172 5.186008e-07
1173 3.745984e-07
1174 2.814577e-07
1175 1.644239e-07
1176 1.012585e-07
1177 5.812754e-08
1178 3.414473e-08
1179 2.115149e-08
1180 0.000000e+00
1181 0.000000e+00
1182 0.000000e+00
1183 0.000000e+00
1184 0.000000e+00
1185 1.319005e-07
1186 1.301993e-07
1187 1.094912e-07
1188 7.998375e-08
1189 5.941791e-08
1190 4.038746e-08
1191 2.383174e-08
1192 1.357842e-08
1193 7.849791e-09
1194 4.638535e-09
1195 2.905525e-09
1196 0.000000e+00
1197 0.000000e+00
1198 0.000000e+00
1199 0.000000e+00
1200 2.310224e-07
1201 2.286895e-07
1202 1.930355e-07
1203 1.412583e-07
1204 1.047657e-07
1205 7.171185e-08
1206 4.210668e-08
1207 2.402433e-08
1208 1.390738e-08
1209 8.203315e-09
1210 5.127900e-09
1211 0.000000e+00
1212 0.000000e+00
1213 0.000000e+00
1214 0.000000e+00
1215 3.123231e-07
1216 3.095005e-07
1217 2.616147e-07
1218 1.915693e-07
1219 1.419926e-07
1220 9.744470e-08
1221 5.711209e-08
1222 3.260331e-08
1223 1.888242e-08
1224 1.113064e-08
1225 6.952518e-09
1226 0.000000e+00
1227 0.000000e+00
1228 0.000000e+00
1229 0.000000e+00
1230 3.831935e-07
1231 3.799432e-07
1232 3.213903e-07
1233 2.354215e-07
1234 1.744400e-07
1235 1.198757e-07
1236 7.019122e-08
1237 4.008120e-08
1238 2.321897e-08
1239 1.368230e-08
1240 8.542871e-09
1241 0.000000e+00
1242 0.000000e+00
1243 0.000000e+00
1244 0.000000e+00
1245 4.503977e-07
1246 4.467362e-07
1247 3.780737e-07
1248 2.770046e-07
1249 2.052095e-07
1250 1.411454e-07
1251 8.259382e-08
1252 4.717229e-08
1253 2.733118e-08
1254 1.610194e-08
1255 1.005098e-08
1256 0.000000e+00
1257 0.000000e+00
1258 0.000000e+00
1259 0.000000e+00
1260 5.288015e-07
1261 5.246659e-07
1262 4.442070e-07
1263 3.255223e-07
1264 2.411084e-07
1265 1.659601e-07
1266 9.706421e-08
1267 5.544503e-08
1268 3.212871e-08
1269 1.892488e-08
1270 1.181051e-08
1271 0.000000e+00
1272 0.000000e+00
1273 0.000000e+00
1274 0.000000e+00
1275 9.442305e-08
1276 9.831138e-08
1277 8.895910e-08
1278 6.805136e-08
1279 4.919130e-08
1280 3.684584e-08
1281 2.081714e-08
1282 1.257083e-08
1283 7.103372e-09
1284 4.103123e-09
1285 2.456542e-09
1286 0.000000e+00
1287 0.000000e+00
1288 0.000000e+00
1289 0.000000e+00
1290 1.734171e-07
1291 1.809476e-07
1292 1.642602e-07
1293 1.260109e-07
1294 9.102791e-08
1295 6.829224e-08
1296 3.869872e-08
1297 2.344805e-08
1298 1.321901e-08
1299 7.616533e-09
1300 4.550766e-09
1301 0.000000e+00
1302 0.000000e+00
1303 0.000000e+00
1304 0.000000e+00
1305 2.424634e-07
1306 2.531893e-07
1307 2.301013e-07
1308 1.766983e-07
1309 1.276148e-07
1310 9.579446e-08
1311 5.434250e-08
1312 3.296555e-08
1313 1.856968e-08
1314 1.068970e-08
1315 6.382327e-09
1316 0.000000e+00
1317 0.000000e+00
1318 0.000000e+00
1319 0.000000e+00
1320 3.078577e-07
1321 3.216065e-07
1322 2.924568e-07
1323 2.247029e-07
1324 1.622652e-07
1325 1.218404e-07
1326 6.915697e-08
1327 4.197839e-08
1328 2.363663e-08
1329 1.359998e-08
1330 8.116900e-09
1331 0.000000e+00
1332 0.000000e+00
1333 0.000000e+00
1334 0.000000e+00
1335 3.841561e-07
1336 4.014323e-07
1337 3.652105e-07
1338 2.807097e-07
1339 2.026908e-07
1340 1.522281e-07
1341 8.644124e-08
1342 5.249408e-08
1343 2.954836e-08
1344 1.699550e-08
1345 1.014064e-08
1346 0.000000e+00
1347 0.000000e+00
1348 0.000000e+00
1349 0.000000e+00
1350 7.175108e-08
1351 7.765538e-08
1352 7.445348e-08
1353 6.032275e-08
1354 4.351680e-08
1355 3.280819e-08
1356 2.048436e-08
1357 1.256211e-08
1358 6.974008e-09
1359 3.840002e-09
1360 2.219753e-09
1361 1.350146e-09
1362 0.000000e+00
1363 0.000000e+00
1364 0.000000e+00
1365 1.384251e-07
1366 1.500800e-07
1367 1.442799e-07
1368 1.172698e-07
1369 8.465795e-08
1370 6.375911e-08
1371 4.010073e-08
1372 2.451385e-08
1373 1.361218e-08
1374 7.499295e-09
1375 4.324328e-09
1376 2.624037e-09
1377 0.000000e+00
1378 0.000000e+00
1379 0.000000e+00
1380 2.010031e-07
1381 2.180563e-07
1382 2.098198e-07
1383 1.707216e-07
1384 1.232755e-07
1385 9.281020e-08
1386 5.851418e-08
1387 3.573215e-08
1388 1.984300e-08
1389 1.093430e-08
1390 6.299816e-09
1391 3.819753e-09
1392 0.000000e+00
1393 0.000000e+00
1394 0.000000e+00
1395 2.739546e-07
1396 2.973002e-07
1397 2.862206e-07
1398 2.330303e-07
1399 1.682909e-07
1400 1.266749e-07
1401 7.997821e-08
1402 4.880901e-08
1403 2.710609e-08
1404 1.493828e-08
1405 8.602574e-09
1406 5.213599e-09
1407 0.000000e+00
1408 0.000000e+00
1409 0.000000e+00
1410 5.799995e-08
1411 6.472106e-08
1412 6.500279e-08
1413 5.581578e-08
1414 4.113286e-08
1415 3.030046e-08
1416 2.133435e-08
1417 1.217699e-08
1418 6.853545e-09
1419 3.878264e-09
1420 2.157357e-09
1421 1.258497e-09
1422 0.000000e+00
1423 0.000000e+00
1424 0.000000e+00
1425 1.179077e-07
1426 1.317783e-07
1427 1.326690e-07
1428 1.142961e-07
1429 8.439133e-08
1430 6.207863e-08
1431 4.394271e-08
1432 2.498892e-08
1433 1.409883e-08
1434 7.976693e-09
1435 4.434556e-09
1436 2.581147e-09
1437 0.000000e+00
1438 0.000000e+00
1439 0.000000e+00
1440 1.864659e-07
1441 2.085133e-07
1442 2.100928e-07
1443 1.811975e-07
1444 1.338744e-07
1445 9.843172e-08
1446 6.979941e-08
1447 3.964442e-08
1448 2.238585e-08
1449 1.266432e-08
1450 7.039246e-09
1451 4.094128e-09
1452 0.000000e+00
1453 0.000000e+00
1454 0.000000e+00
1455 5.049946e-08
1456 5.786201e-08
1457 6.046646e-08
1458 5.492061e-08
1459 4.210452e-08
1460 3.041222e-08
1461 2.283918e-08
1462 1.279926e-08
1463 7.652673e-09
1464 4.193642e-09
1465 2.312612e-09
1466 1.291585e-09
1467 0.000000e+00
1468 0.000000e+00
1469 0.000000e+00
1470 1.144180e-07
1471 1.312912e-07
1472 1.375000e-07
1473 1.252946e-07
1474 9.633685e-08
1475 6.954051e-08
1476 5.230434e-08
1477 2.941255e-08
1478 1.765423e-08
1479 9.654108e-09
1480 5.309434e-09
1481 2.958522e-09
1482 0.000000e+00
1483 0.000000e+00
1484 0.000000e+00
1485 5.322487e-08
1486 6.253705e-08
1487 6.780003e-08
1488 6.507858e-08
1489 5.275617e-08
1490 3.806469e-08
1491 2.871792e-08
1492 1.784737e-08
1493 1.086393e-08
1494 5.895233e-09
1495 3.104722e-09
1496 1.675375e-09
1497 9.331792e-10
1498 0.000000e+00
1499 0.000000e+00
1500 1.109684e-04
1501 8.086786e-05
1502 6.035546e-05
1503 3.805236e-05
1504 2.321989e-05
1505 1.369104e-05
1506 8.324421e-06
1507 5.304277e-06
1508 3.565556e-06
1509 0.000000e+00
1510 0.000000e+00
1511 0.000000e+00
1512 0.000000e+00
1513 0.000000e+00
1514 0.000000e+00
1515 5.757601e-05
1516 4.644359e-05
1517 3.369791e-05
1518 2.528332e-05
1519 1.597668e-05
1520 9.754545e-06
1521 5.648866e-06
1522 3.364481e-06
1523 2.093966e-06
1524 1.379138e-06
1525 0.000000e+00
1526 0.000000e+00
1527 0.000000e+00
1528 0.000000e+00
1529 0.000000e+00
1530 4.047788e-05
1531 3.713775e-05
1532 2.882267e-05
1533 2.080348e-05
1534 1.566222e-05
1535 9.111532e-06
1536 5.625604e-06
1537 3.225263e-06
1538 1.896511e-06
1539 1.174730e-06
1540 0.000000e+00
1541 0.000000e+00
1542 0.000000e+00
1543 0.000000e+00
1544 0.000000e+00
1545 2.912801e-05
1546 2.891312e-05
1547 2.448503e-05
1548 1.793535e-05
1549 1.328396e-05
1550 9.154542e-06
1551 5.351144e-06
1552 3.053081e-06
1553 1.771954e-06
1554 1.042590e-06
1555 6.506122e-07
1556 0.000000e+00
1557 0.000000e+00
1558 0.000000e+00
1559 0.000000e+00
1560 2.085098e-05
1561 2.179680e-05
1562 1.983793e-05
1563 1.524768e-05
1564 1.100576e-05
1565 8.274949e-06
1566 4.689296e-06
1567 2.850415e-06
1568 1.602925e-06
1569 9.233707e-07
1570 5.506294e-07
1571 0.000000e+00
1572 0.000000e+00
1573 0.000000e+00
1574 0.000000e+00
1575 1.487210e-05
1576 1.614453e-05
1577 1.554949e-05
1578 1.266314e-05
1579 9.143013e-06
1580 6.883420e-06
1581 4.347301e-06
1582 2.655947e-06
1583 1.474901e-06
1584 8.112783e-07
1585 4.673052e-07
1586 2.832009e-07
1587 0.000000e+00
1588 0.000000e+00
1589 0.000000e+00
1590 1.001028e-05
1591 1.119728e-05
1592 1.128693e-05
1593 9.739022e-06
1594 7.195644e-06
1595 5.289411e-06
1596 3.755371e-06
1597 2.130464e-06
1598 1.202339e-06
1599 6.811759e-07
1600 3.783133e-07
1601 2.200058e-07
1602 0.000000e+00
1603 0.000000e+00
1604 0.000000e+00
1605 6.201116e-06
1606 7.118100e-06
1607 7.458527e-06
1608 6.801106e-06
1609 5.231433e-06
1610 3.775220e-06
1611 2.841823e-06
1612 1.597077e-06
1613 9.596537e-07
1614 5.242846e-07
1615 2.885232e-07
1616 1.606418e-07
1617 0.000000e+00
1618 0.000000e+00
1619 0.000000e+00
1620 3.163407e-06
1621 3.720115e-06
1622 4.038202e-06
1623 3.883392e-06
1624 3.154630e-06
1625 2.276770e-06
1626 1.716871e-06
1627 1.071974e-06
1628 6.518364e-07
1629 3.538249e-07
1630 1.861971e-07
1631 1.003484e-07
1632 5.578990e-08
1633 0.000000e+00
1634 0.000000e+00
1635 8.891198e-07
1636 1.072208e-06
1637 1.206146e-06
1638 1.224576e-06
1639 1.066696e-06
1640 7.933436e-07
1641 5.815894e-07
1642 4.169104e-07
1643 2.343421e-07
1644 1.314261e-07
1645 7.164692e-08
1646 3.730540e-08
1647 1.958823e-08
1648 0.000000e+00
1649 0.000000e+00
