0 2.268547e-09
1 1.475755e-09
2 9.286257e-10
3 5.846850e-10
4 3.755759e-10
5 2.469677e-10
6 1.641986e-10
7 1.078780e-10
8 6.841976e-11
9 4.115010e-11
10 2.323469e-11
11 1.229608e-11
12 6.139157e-12
13 2.924275e-12
14 1.345535e-12
15 3.828667e-09
16 2.548805e-09
17 1.621688e-09
18 1.010935e-09
19 6.389347e-10
20 4.134797e-10
21 2.733958e-10
22 1.812811e-10
23 1.175941e-10
24 7.301332e-11
25 4.272712e-11
26 2.341708e-11
27 1.204679e-11
28 5.870769e-12
29 2.743737e-12
30 4.397763e-09
31 2.948282e-09
32 1.886832e-09
33 1.175368e-09
34 7.397436e-10
35 4.761083e-10
36 3.136998e-10
37 2.081439e-10
38 1.356620e-10
39 8.491127e-11
40 5.020448e-11
41 2.781881e-11
42 1.445418e-11
43 7.101404e-12
44 3.338061e-12
45 4.712815e-09
46 3.169637e-09
47 2.033892e-09
48 1.266694e-09
49 7.957048e-10
50 5.108585e-10
51 3.360973e-10
52 2.229909e-10
53 1.456619e-10
54 9.149731e-11
55 5.434041e-11
56 3.025125e-11
57 1.578958e-11
58 7.785134e-12
59 3.668839e-12
60 4.924017e-09
61 3.318231e-09
62 2.132456e-09
63 1.327929e-09
64 8.332158e-10
65 5.342224e-10
66 3.511321e-10
67 2.329987e-10
68 1.523627e-10
69 9.592325e-11
70 5.713297e-11
71 3.189882e-11
72 1.668798e-11
73 8.244301e-12
74 3.892709e-12
75 5.082674e-09
76 3.429469e-09
77 2.206489e-09
78 1.373822e-09
79 8.613807e-10
80 5.517479e-10
81 3.623856e-10
82 2.404839e-10
83 1.574347e-10
84 9.926334e-11
85 5.921432e-11
86 3.312255e-11
87 1.736192e-11
88 8.589320e-12
89 4.058173e-12
90 5.211111e-09
91 3.519914e-09
92 2.266467e-09
93 1.411322e-09
94 8.843205e-10
95 5.659396e-10
96 3.715570e-10
97 2.465786e-10
98 1.615396e-10
99 1.019601e-10
100 6.091952e-11
101 3.412541e-11
102 1.790991e-11
103 8.869860e-12
104 4.193945e-12
105 5.324253e-09
106 3.598935e-09
107 2.319461e-09
108 1.444133e-09
109 9.043585e-10
110 5.784133e-10
111 3.795603e-10
112 2.519101e-10
113 1.650564e-10
114 1.042828e-10
115 6.237480e-11
116 3.499576e-11
117 1.839056e-11
118 9.115812e-12
119 4.309711e-12
120 5.431377e-09
121 3.674606e-09
122 2.369683e-09
123 1.475217e-09
124 9.234237e-10
125 5.902215e-10
126 3.871245e-10
127 2.569718e-10
128 1.685140e-10
129 1.065596e-10
130 6.381691e-11
131 3.583046e-11
132 1.884459e-11
133 9.348409e-12
134 4.425570e-12
135 5.553708e-09
136 3.760132e-09
137 2.427144e-09
138 1.510972e-09
139 9.452842e-10
140 6.038611e-10
141 3.959161e-10
142 2.627397e-10
143 1.724353e-10
144 1.091624e-10
145 6.544439e-11
146 3.678900e-11
147 1.937041e-11
148 9.615593e-12
149 4.554768e-12
150 7.917674e-09
151 5.452897e-09
152 3.582881e-09
153 2.239215e-09
154 1.388411e-09
155 8.752001e-10
156 5.673929e-10
157 3.753899e-10
158 2.481725e-10
159 1.597878e-10
160 9.803265e-11
161 5.652833e-11
162 3.048776e-11
163 1.544139e-11
164 7.422634e-12
165 1.001049e-08
166 6.982361e-09
167 4.654114e-09
168 2.939456e-09
169 1.813569e-09
170 1.133867e-09
171 7.270790e-10
172 4.778970e-10
173 3.163748e-10
174 2.055774e-10
175 1.280958e-10
176 7.529781e-11
177 4.143125e-11
178 2.136695e-11
179 1.041743e-11
180 1.123930e-08
181 7.886036e-09
182 5.288307e-09
183 3.358115e-09
184 2.068973e-09
185 1.289319e-09
186 8.224773e-10
187 5.388089e-10
188 3.566941e-10
189 2.326391e-10
190 1.459053e-10
191 8.646785e-11
192 4.799629e-11
193 2.495420e-11
194 1.224748e-11
195 1.206846e-08
196 8.496894e-09
197 5.717529e-09
198 3.641603e-09
199 2.242261e-09
200 1.394563e-09
201 8.870015e-10
202 5.800868e-10
203 3.839849e-10
204 2.509382e-10
205 1.579474e-10
206 9.403528e-11
207 5.244895e-11
208 2.738942e-11
209 1.349036e-11
210 1.268964e-08
211 8.954912e-09
212 6.039792e-09
213 3.853537e-09
214 2.372058e-09
215 1.473485e-09
216 9.355002e-10
217 6.109460e-10
218 4.043989e-10
219 2.646226e-10
220 1.669459e-10
221 9.969818e-11
222 5.578233e-11
223 2.920865e-11
224 1.442056e-11
225 1.319484e-08
226 9.325879e-09
227 6.299893e-09
228 4.026230e-09
229 2.477115e-09
230 1.537443e-09
231 9.746448e-10
232 6.360039e-10
233 4.209695e-10
234 2.757301e-10
235 1.742621e-10
236 1.042747e-10
237 5.846973e-11
238 3.068278e-11
239 1.517272e-11
240 1.363286e-08
241 9.648552e-09
242 6.527204e-09
243 4.176398e-09
244 2.569175e-09
245 1.593334e-09
246 1.008813e-09
247 6.577411e-10
248 4.354384e-10
249 2.854272e-10
250 1.806432e-10
251 1.082800e-10
252 6.083056e-11
253 3.197351e-11
254 1.582647e-11
255 1.405108e-08
256 9.956466e-09
257 6.743977e-09
258 4.319827e-09
259 2.656366e-09
260 1.646301e-09
261 1.041381e-09
262 6.784982e-10
263 4.491914e-10
264 2.946464e-10
265 1.867112e-10
266 1.120972e-10
267 6.307285e-11
268 3.319597e-11
269 1.645447e-11
270 1.453666e-08
271 1.031384e-08
272 6.994909e-09
273 4.485157e-09
274 2.757272e-09
275 1.708114e-09
276 1.079452e-09
277 7.027570e-10
278 4.651275e-10
279 3.053413e-10
280 1.937654e-10
281 1.165274e-10
282 6.567107e-11
283 3.461911e-11
284 1.718080e-11
285 1.365730e-08
286 9.718829e-09
287 6.601776e-09
288 4.260721e-09
289 2.626522e-09
290 1.626542e-09
291 1.025418e-09
292 6.650843e-10
293 4.386924e-10
294 2.875123e-10
295 1.825624e-10
296 1.101327e-10
297 6.239250e-11
298 3.309485e-11
299 1.652071e-11
300 1.607196e-08
301 1.156874e-08
302 7.930353e-09
303 5.176683e-09
304 3.203671e-09
305 1.974194e-09
306 1.234871e-09
307 7.947080e-10
308 5.222334e-10
309 3.430311e-10
310 2.195275e-10
311 1.340263e-10
312 7.702057e-11
313 4.145395e-11
314 2.096274e-11
315 1.774028e-08
316 1.285561e-08
317 8.857268e-09
318 5.818247e-09
319 3.611107e-09
320 2.218898e-09
321 1.382637e-09
322 8.858669e-10
323 5.807333e-10
324 3.817831e-10
325 2.453098e-10
326 1.507205e-10
327 8.727694e-11
328 4.734134e-11
329 2.410722e-11
330 1.899591e-08
331 1.382405e-08
332 9.552551e-09
333 6.298193e-09
334 3.917027e-09
335 2.402955e-09
336 1.493593e-09
337 9.543534e-10
338 6.247910e-10
339 4.109114e-10
340 2.646664e-10
341 1.632548e-10
342 9.498024e-11
343 5.176528e-11
344 2.647145e-11
345 2.001315e-08
346 1.460869e-08
347 1.011914e-08
348 6.690449e-09
349 4.165269e-09
350 2.552292e-09
351 1.583550e-09
352 1.009873e-09
353 6.603429e-10
354 4.344801e-10
355 2.803746e-10
356 1.734227e-10
357 1.012254e-10
358 5.535440e-11
359 2.838968e-11
360 2.090121e-08
361 1.529412e-08
362 1.061319e-08
363 7.030690e-09
364 4.381570e-09
365 2.682644e-09
366 1.662003e-09
367 1.058274e-09
368 6.914169e-10
369 4.550836e-10
370 2.940670e-10
371 1.822879e-10
372 1.066728e-10
373 5.848060e-11
374 3.006017e-11
375 2.174102e-08
376 1.594184e-08
377 1.107923e-08
378 7.353670e-09
379 4.586207e-09
380 2.805924e-09
381 1.736390e-09
382 1.104115e-09
383 7.208525e-10
384 4.745843e-10
385 3.070517e-10
386 1.906910e-10
387 1.118342e-10
388 6.144387e-11
389 3.164310e-11
390 2.272292e-08
391 1.670000e-08
392 1.162474e-08
393 7.730868e-09
394 4.826123e-09
395 2.950741e-09
396 1.823659e-09
397 1.157975e-09
398 7.552984e-10
399 4.974408e-10
400 3.222547e-10
401 2.005374e-10
402 1.178853e-10
403 6.491330e-11
404 3.349782e-11
405 1.967563e-08
406 1.442096e-08
407 1.000887e-08
408 6.635555e-09
409 4.153777e-09
410 2.543928e-09
411 1.577550e-09
412 1.002941e-09
413 6.537268e-10
414 4.293193e-10
415 2.769811e-10
416 1.716205e-10
417 1.005285e-10
418 5.524113e-11
419 2.848512e-11
420 2.234089e-08
421 1.656699e-08
422 1.158907e-08
423 7.747808e-09
424 4.891919e-09
425 2.988038e-09
426 1.844914e-09
427 1.164141e-09
428 7.544713e-10
429 4.948244e-10
430 3.204252e-10
431 2.001128e-10
432 1.184820e-10
433 6.589336e-11
434 3.437775e-11
435 2.436315e-08
436 1.820495e-08
437 1.279557e-08
438 8.600409e-09
439 5.458480e-09
440 3.330002e-09
441 2.051117e-09
442 1.288100e-09
443 8.319483e-10
444 5.450432e-10
445 3.536893e-10
446 2.219265e-10
447 1.322440e-10
448 7.407904e-11
449 3.891997e-11
450 2.601498e-08
451 1.953504e-08
452 1.377928e-08
453 9.294081e-09
454 5.918934e-09
455 3.608789e-09
456 2.218440e-09
457 1.389028e-09
458 8.946692e-10
459 5.858228e-10
460 3.806979e-10
461 2.396374e-10
462 1.434179e-10
463 8.072448e-11
464 4.260850e-11
465 2.745031e-08
466 2.069744e-08
467 1.463723e-08
468 9.897269e-09
469 6.320784e-09
470 3.851921e-09
471 2.364321e-09
472 1.476883e-09
473 9.496031e-10
474 6.214299e-10
475 4.042684e-10
476 2.550944e-10
477 1.531709e-10
478 8.652707e-11
479 4.582979e-11
480 2.880810e-08
481 2.179198e-08
482 1.544802e-08
483 1.046824e-08
484 6.701326e-09
485 4.081580e-09
486 2.502648e-09
487 1.559946e-09
488 1.001452e-09
489 6.550689e-10
490 4.265771e-10
491 2.697210e-10
492 1.623966e-10
493 9.200871e-11
494 4.887064e-11
495 3.039797e-08
496 2.307625e-08
497 1.639557e-08
498 1.113724e-08
499 7.145771e-09
500 4.350224e-09
501 2.664237e-09
502 1.657310e-09
503 1.062147e-09
504 6.944423e-10
505 4.526425e-10
506 2.867957e-10
507 1.731808e-10
508 9.842798e-11
509 5.243367e-11
510 2.601892e-08
511 1.962420e-08
512 1.388572e-08
513 9.380513e-09
514 6.002949e-09
515 3.666874e-09
516 2.252562e-09
517 1.406694e-09
518 9.034527e-10
519 5.901570e-10
520 3.832062e-10
521 2.414519e-10
522 1.448896e-10
523 8.188562e-11
524 4.343537e-11
525 2.893888e-08
526 2.208073e-08
527 1.574960e-08
528 1.071144e-08
529 6.914437e-09
530 4.231107e-09
531 2.590360e-09
532 1.607083e-09
533 1.025973e-09
534 6.679127e-10
535 4.341329e-10
536 2.749423e-10
537 1.663479e-10
538 9.496738e-11
539 5.091292e-11
540 3.132974e-08
541 2.409592e-08
542 1.728147e-08
543 1.180817e-08
544 7.665110e-09
545 4.698408e-09
546 2.868952e-09
547 1.772717e-09
548 1.126763e-09
549 7.319271e-10
550 4.760037e-10
551 3.024623e-10
552 1.839858e-10
553 1.057311e-10
554 5.707637e-11
555 3.341402e-08
556 2.585413e-08
557 1.862041e-08
558 1.276372e-08
559 8.320497e-09
560 5.105144e-09
561 3.112370e-09
562 1.917401e-09
563 1.214990e-09
564 7.878025e-10
565 5.125399e-10
566 3.264746e-10
567 1.993763e-10
568 1.151239e-10
569 6.245531e-11
570 3.539086e-08
571 2.752195e-08
572 1.989040e-08
573 1.367137e-08
574 8.943235e-09
575 5.492034e-09
576 3.343580e-09
577 2.054650e-09
578 1.298684e-09
579 8.408556e-10
580 5.472443e-10
581 3.492799e-10
582 2.139916e-10
583 1.240445e-10
584 6.756435e-11
585 3.770735e-08
586 2.947122e-08
587 2.137405e-08
588 1.473128e-08
589 9.668216e-09
590 5.942936e-09
591 3.613071e-09
592 2.214611e-09
593 1.396204e-09
594 9.026588e-10
595 5.876668e-10
596 3.758515e-10
597 2.310235e-10
598 1.344387e-10
599 7.351675e-11
600 3.278876e-08
601 2.541925e-08
602 1.834528e-08
603 1.258403e-08
604 8.216513e-09
605 5.059463e-09
606 3.082557e-09
607 1.898289e-09
608 1.201016e-09
609 7.772361e-10
610 5.048916e-10
611 3.213820e-10
612 1.963395e-10
613 1.135383e-10
614 6.174751e-11
615 3.603609e-08
616 2.825895e-08
617 2.057189e-08
618 1.419926e-08
619 9.342125e-09
620 5.784010e-09
621 3.512423e-09
622 2.153356e-09
623 1.353551e-09
624 8.718550e-10
625 5.657777e-10
626 3.612224e-10
627 2.220783e-10
628 1.295315e-10
629 7.113468e-11
630 3.888517e-08
631 3.075534e-08
632 2.253523e-08
633 1.562183e-08
634 1.033531e-08
635 6.424125e-09
636 3.892836e-09
637 2.379033e-09
638 1.488578e-09
639 9.553620e-10
640 6.194440e-10
641 3.963111e-10
642 2.447453e-10
643 1.436235e-10
644 7.941492e-11
645 4.158546e-08
646 3.312179e-08
647 2.439633e-08
648 1.697340e-08
649 1.127766e-08
650 7.031737e-09
651 4.253590e-09
652 2.593407e-09
653 1.616569e-09
654 1.034592e-09
655 6.703663e-10
656 4.296026e-10
657 2.662491e-10
658 1.569923e-10
659 8.726971e-11
660 4.474855e-08
661 3.588718e-08
662 2.657121e-08
663 1.855059e-08
664 1.237687e-08
665 7.740919e-09
666 4.675050e-09
667 2.843245e-09
668 1.765917e-09
669 1.127061e-09
670 7.297714e-10
671 4.684457e-10
672 2.913426e-10
673 1.725926e-10
674 9.643682e-11
675 4.020116e-08
676 3.200809e-08
677 2.359259e-08
678 1.641840e-08
679 1.090490e-08
680 6.817444e-09
681 4.126980e-09
682 2.518605e-09
683 1.568986e-09
684 1.002966e-09
685 6.488592e-10
686 4.151733e-10
687 2.570283e-10
688 1.514973e-10
689 8.426217e-11
690 4.395151e-08
691 3.540081e-08
692 2.635251e-08
693 1.845499e-08
694 1.234174e-08
695 7.773590e-09
696 4.699179e-09
697 2.858718e-09
698 1.768985e-09
699 1.124015e-09
700 7.251161e-10
701 4.645316e-10
702 2.889640e-10
703 1.715992e-10
704 9.631214e-11
705 4.751230e-08
706 3.863712e-08
707 2.898120e-08
708 2.040310e-08
709 1.371548e-08
710 8.688835e-09
711 5.247588e-09
712 3.184280e-09
713 1.960460e-09
714 1.239808e-09
715 7.980241e-10
716 5.116614e-10
717 3.194431e-10
718 1.907862e-10
719 1.078247e-10
720 5.168151e-08
721 4.241940e-08
722 3.204688e-08
723 2.267419e-08
724 1.531671e-08
725 9.756467e-09
726 5.887558e-09
727 3.564518e-09
728 2.183741e-09
729 1.374958e-09
730 8.830143e-10
731 5.666095e-10
732 3.549821e-10
733 2.131568e-10
734 1.212481e-10
735 4.870489e-08
736 3.983355e-08
737 3.005052e-08
738 2.124433e-08
739 1.432485e-08
740 9.123709e-09
741 5.520769e-09
742 3.345760e-09
743 2.052259e-09
744 1.292735e-09
745 8.294563e-10
746 5.312052e-10
747 3.319893e-10
748 1.988742e-10
749 1.129128e-10
750 5.333274e-08
751 4.417134e-08
752 3.370395e-08
753 2.401211e-08
754 1.629709e-08
755 1.047044e-08
756 6.347968e-09
757 3.834613e-09
758 2.336687e-09
759 1.461556e-09
760 9.332801e-10
761 5.972155e-10
762 3.744659e-10
763 2.257973e-10
764 1.293366e-10
765 5.875467e-08
766 4.925738e-08
767 3.797518e-08
768 2.725480e-08
769 1.861047e-08
770 1.205159e-08
771 7.321027e-09
772 4.409806e-09
773 2.670879e-09
774 1.659872e-09
775 1.055084e-09
776 6.746090e-10
777 4.242473e-10
778 2.573444e-10
779 1.485863e-10
780 5.926882e-08
781 4.989623e-08
782 3.867314e-08
783 2.787656e-08
784 1.908207e-08
785 1.240426e-08
786 7.572326e-09
787 4.553626e-09
788 2.753811e-09
789 1.705224e-09
790 1.079878e-09
791 6.886770e-10
792 4.327696e-10
793 2.628157e-10
794 1.521812e-10
795 6.637779e-08
796 5.678689e-08
797 4.468975e-08
798 3.259136e-08
799 2.249468e-08
800 1.477846e-08
801 9.090733e-09
802 5.445277e-09
803 3.272418e-09
804 2.006696e-09
805 1.260166e-09
806 8.004616e-10
807 5.036946e-10
808 3.077513e-10
809 1.799303e-10
810 7.616984e-08
811 6.661900e-08
812 5.366062e-08
813 3.990720e-08
814 2.790962e-08
815 1.859950e-08
816 1.163625e-08
817 6.953078e-09
818 4.154128e-09
819 2.509427e-09
820 1.551784e-09
821 9.754814e-10
822 6.120997e-10
823 3.757774e-10
824 2.221631e-10
825 5.066673e-07
826 3.700793e-07
827 2.742224e-07
828 1.707377e-07
829 1.040040e-07
830 6.161311e-08
831 3.762006e-08
832 2.413296e-08
833 1.629010e-08
834 0.000000e+00
835 0.000000e+00
836 0.000000e+00
837 0.000000e+00
838 0.000000e+00
839 0.000000e+00
840 7.609782e-07
841 5.559628e-07
842 4.124026e-07
843 2.596381e-07
844 1.577840e-07
845 9.335804e-08
846 5.689785e-08
847 3.636720e-08
848 2.448271e-08
849 0.000000e+00
850 0.000000e+00
851 0.000000e+00
852 0.000000e+00
853 0.000000e+00
854 0.000000e+00
855 9.034708e-07
856 6.601393e-07
857 4.898344e-07
858 3.095543e-07
859 1.879543e-07
860 1.111685e-07
861 6.771198e-08
862 4.322638e-08
863 2.907417e-08
864 0.000000e+00
865 0.000000e+00
866 0.000000e+00
867 0.000000e+00
868 0.000000e+00
869 0.000000e+00
870 9.993278e-07
871 7.302182e-07
872 5.419243e-07
873 3.431341e-07
874 2.082519e-07
875 1.231503e-07
876 7.498702e-08
877 4.784112e-08
878 3.216291e-08
879 0.000000e+00
880 0.000000e+00
881 0.000000e+00
882 0.000000e+00
883 0.000000e+00
884 0.000000e+00
885 1.071193e-06
886 7.827614e-07
887 5.809742e-07
888 3.683088e-07
889 2.234694e-07
890 1.321335e-07
891 8.044121e-08
892 5.130076e-08
893 3.447879e-08
894 0.000000e+00
895 0.000000e+00
896 0.000000e+00
897 0.000000e+00
898 0.000000e+00
899 0.000000e+00
900 1.129439e-06
901 8.253442e-07
902 6.126261e-07
903 3.887123e-07
904 2.358020e-07
905 1.394142e-07
906 8.486152e-08
907 5.410480e-08
908 3.635564e-08
909 0.000000e+00
910 0.000000e+00
911 0.000000e+00
912 0.000000e+00
913 0.000000e+00
914 0.000000e+00
915 1.180268e-06
916 8.625041e-07
917 6.402459e-07
918 4.065191e-07
919 2.465652e-07
920 1.457672e-07
921 8.871918e-08
922 5.655163e-08
923 3.799350e-08
924 0.000000e+00
925 0.000000e+00
926 0.000000e+00
927 0.000000e+00
928 0.000000e+00
929 0.000000e+00
930 1.228460e-06
931 8.977376e-07
932 6.664337e-07
933 4.234011e-07
934 2.567693e-07
935 1.517905e-07
936 9.237652e-08
937 5.887147e-08
938 3.954628e-08
939 0.000000e+00
940 0.000000e+00
941 0.000000e+00
942 0.000000e+00
943 0.000000e+00
944 0.000000e+00
945 1.284683e-06
946 9.388454e-07
947 6.969857e-07
948 4.430983e-07
949 2.686743e-07
950 1.588185e-07
951 9.664394e-08
952 6.157795e-08
953 4.135810e-08
954 0.000000e+00
955 0.000000e+00
956 0.000000e+00
957 0.000000e+00
958 0.000000e+00
959 0.000000e+00
960 3.385411e-07
961 2.696816e-07
962 1.956339e-07
963 1.467055e-07
964 9.080607e-08
965 5.557602e-08
966 3.230299e-08
967 1.931502e-08
968 1.210303e-08
969 8.012347e-09
970 0.000000e+00
971 0.000000e+00
972 0.000000e+00
973 0.000000e+00
974 0.000000e+00
975 5.201998e-07
976 4.171365e-07
977 3.028774e-07
978 2.269235e-07
979 1.422197e-07
980 8.671515e-08
981 5.036668e-08
982 3.007647e-08
983 1.878046e-08
984 1.239784e-08
985 0.000000e+00
986 0.000000e+00
987 0.000000e+00
988 0.000000e+00
989 0.000000e+00
990 6.448121e-07
991 5.183992e-07
992 3.765467e-07
993 2.820115e-07
994 1.775998e-07
995 1.081224e-07
996 6.278599e-08
997 3.747520e-08
998 2.336911e-08
999 1.541004e-08
1000 0.000000e+00
1001 0.000000e+00
1002 0.000000e+00
1003 0.000000e+00
1004 0.000000e+00
1005 7.382357e-07
1006 5.943126e-07
1007 4.317715e-07
1008 3.233096e-07
1009 2.041234e-07
1010 1.241698e-07
1011 7.209649e-08
1012 4.302199e-08
1013 2.680897e-08
1014 1.766814e-08
1015 0.000000e+00
1016 0.000000e+00
1017 0.000000e+00
1018 0.000000e+00
1019 0.000000e+00
1020 8.139596e-07
1021 6.558390e-07
1022 4.765327e-07
1023 3.567807e-07
1024 2.256220e-07
1025 1.371778e-07
1026 7.964314e-08
1027 4.751755e-08
1028 2.959718e-08
1029 1.949827e-08
1030 0.000000e+00
1031 0.000000e+00
1032 0.000000e+00
1033 0.000000e+00
1034 0.000000e+00
1035 8.800254e-07
1036 7.095243e-07
1037 5.155916e-07
1038 3.859857e-07
1039 2.443794e-07
1040 1.485270e-07
1041 8.622743e-08
1042 5.144028e-08
1043 3.202995e-08
1044 2.109535e-08
1045 0.000000e+00
1046 0.000000e+00
1047 0.000000e+00
1048 0.000000e+00
1049 0.000000e+00
1050 9.426736e-07
1051 7.604327e-07
1052 5.526249e-07
1053 4.136780e-07
1054 2.621647e-07
1055 1.592896e-07
1056 9.247120e-08
1057 5.515972e-08
1058 3.433673e-08
1059 2.260959e-08
1060 0.000000e+00
1061 0.000000e+00
1062 0.000000e+00
1063 0.000000e+00
1064 0.000000e+00
1065 1.015768e-06
1066 8.198310e-07
1067 5.958365e-07
1068 4.459927e-07
1069 2.829175e-07
1070 1.718473e-07
1071 9.975607e-08
1072 5.949995e-08
1073 3.702828e-08
1074 2.437647e-08
1075 0.000000e+00
1076 0.000000e+00
1077 0.000000e+00
1078 0.000000e+00
1079 0.000000e+00
1080 1.994452e-07
1081 1.814253e-07
1082 1.398007e-07
1083 1.010949e-07
1084 7.575888e-08
1085 4.380449e-08
1086 2.685031e-08
1087 1.547958e-08
1088 9.152134e-09
1089 5.693305e-09
1090 0.000000e+00
1091 0.000000e+00
1092 0.000000e+00
1093 0.000000e+00
1094 0.000000e+00
1095 3.303715e-07
1096 3.017939e-07
1097 2.334654e-07
1098 1.687254e-07
1099 1.266195e-07
1100 7.360317e-08
1101 4.522984e-08
1102 2.601617e-08
1103 1.532946e-08
1104 9.515121e-09
1105 0.000000e+00
1106 0.000000e+00
1107 0.000000e+00
1108 0.000000e+00
1109 0.000000e+00
1110 4.306282e-07
1111 3.940344e-07
1112 3.052905e-07
1113 2.205837e-07
1114 1.656231e-07
1115 9.648071e-08
1116 5.934317e-08
1117 3.410489e-08
1118 2.006901e-08
1119 1.244631e-08
1120 0.000000e+00
1121 0.000000e+00
1122 0.000000e+00
1123 0.000000e+00
1124 0.000000e+00
1125 5.118675e-07
1126 4.687719e-07
1127 3.634880e-07
1128 2.626035e-07
1129 1.972257e-07
1130 1.150174e-07
1131 7.077884e-08
1132 4.065897e-08
1133 2.390921e-08
1134 1.482137e-08
1135 0.000000e+00
1136 0.000000e+00
1137 0.000000e+00
1138 0.000000e+00
1139 0.000000e+00
1140 5.827486e-07
1141 5.339873e-07
1142 4.142683e-07
1143 2.992682e-07
1144 2.248018e-07
1145 1.311919e-07
1146 8.075741e-08
1147 4.637790e-08
1148 2.726008e-08
1149 1.689370e-08
1150 0.000000e+00
1151 0.000000e+00
1152 0.000000e+00
1153 0.000000e+00
1154 0.000000e+00
1155 6.499630e-07
1156 5.958254e-07
1157 4.624212e-07
1158 3.340351e-07
1159 2.509506e-07
1160 1.465295e-07
1161 9.021925e-08
1162 5.180077e-08
1163 3.043750e-08
1164 1.885873e-08
1165 0.000000e+00
1166 0.000000e+00
1167 0.000000e+00
1168 0.000000e+00
1169 0.000000e+00
1170 7.283846e-07
1171 6.679733e-07
1172 5.186008e-07
1173 3.745984e-07
1174 2.814577e-07
1175 1.644239e-07
1176 1.012585e-07
1177 5.812754e-08
1178 3.414473e-08
1179 2.115149e-08
1180 0.000000e+00
1181 0.000000e+00
1182 0.000000e+00
1183 0.000000e+00
1184 0.000000e+00
1185 1.326219e-07
1186 1.309246e-07
1187 1.101161e-07
1188 8.044552e-08
1189 5.975734e-08
1190 4.062859e-08
1191 2.396971e-08
1192 1.365780e-08
1193 7.895970e-09
1194 4.665562e-09
1195 2.922229e-09
1196 0.000000e+00
1197 0.000000e+00
1198 0.000000e+00
1199 0.000000e+00
1200 2.310559e-07
1201 2.287234e-07
1202 1.930651e-07
1203 1.412803e-07
1204 1.047820e-07
1205 7.172363e-08
1206 4.211339e-08
1207 2.402828e-08
1208 1.390962e-08
1209 8.204623e-09
1210 5.128702e-09
1211 0.000000e+00
1212 0.000000e+00
1213 0.000000e+00
1214 0.000000e+00
1215 3.123232e-07
1216 3.095005e-07
1217 2.616148e-07
1218 1.915694e-07
1219 1.419926e-07
1220 9.744473e-08
1221 5.711211e-08
1222 3.260332e-08
1223 1.888242e-08
1224 1.113064e-08
1225 6.952520e-09
1226 0.000000e+00
1227 0.000000e+00
1228 0.000000e+00
1229 0.000000e+00
1230 3.831935e-07
1231 3.799432e-07
1232 3.213903e-07
1233 2.354215e-07
1234 1.744400e-07
1235 1.198757e-07
1236 7.019122e-08
1237 4.008120e-08
1238 2.321897e-08
1239 1.368230e-08
1240 8.542871e-09
1241 0.000000e+00
1242 0.000000e+00
1243 0.000000e+00
1244 0.000000e+00
1245 4.503977e-07
1246 4.467362e-07
1247 3.780737e-07
1248 2.770046e-07
1249 2.052095e-07
1250 1.411454e-07
1251 8.259382e-08
1252 4.717229e-08
1253 2.733118e-08
1254 1.610194e-08
1255 1.005098e-08
1256 0.000000e+00
1257 0.000000e+00
1258 0.000000e+00
1259 0.000000e+00
1260 5.288015e-07
1261 5.246659e-07
1262 4.442070e-07
1263 3.255223e-07
1264 2.411084e-07
1265 1.659601e-07
1266 9.706421e-08
1267 5.544503e-08
1268 3.212871e-08
1269 1.892488e-08
1270 1.181051e-08
1271 0.000000e+00
1272 0.000000e+00
1273 0.000000e+00
1274 0.000000e+00
1275 9.562860e-08
1276 9.958475e-08
1277 9.013602e-08
1278 6.896905e-08
1279 4.985213e-08
1280 3.734557e-08
1281 2.110565e-08
1282 1.274876e-08
1283 7.202504e-09
1284 4.159353e-09
1285 2.489788e-09
1286 0.000000e+00
1287 0.000000e+00
1288 0.000000e+00
1289 0.000000e+00
1290 1.734689e-07
1291 1.810032e-07
1292 1.643119e-07
1293 1.260515e-07
1294 9.105714e-08
1295 6.831444e-08
1296 3.871173e-08
1297 2.345607e-08
1298 1.322352e-08
1299 7.619047e-09
1300 4.552236e-09
1301 0.000000e+00
1302 0.000000e+00
1303 0.000000e+00
1304 0.000000e+00
1305 2.424635e-07
1306 2.531894e-07
1307 2.301014e-07
1308 1.766983e-07
1309 1.276149e-07
1310 9.579448e-08
1311 5.434251e-08
1312 3.296556e-08
1313 1.856968e-08
1314 1.068970e-08
1315 6.382328e-09
1316 0.000000e+00
1317 0.000000e+00
1318 0.000000e+00
1319 0.000000e+00
1320 3.078577e-07
1321 3.216065e-07
1322 2.924568e-07
1323 2.247029e-07
1324 1.622652e-07
1325 1.218404e-07
1326 6.915697e-08
1327 4.197839e-08
1328 2.363663e-08
1329 1.359998e-08
1330 8.116900e-09
1331 0.000000e+00
1332 0.000000e+00
1333 0.000000e+00
1334 0.000000e+00
1335 3.841561e-07
1336 4.014323e-07
1337 3.652105e-07
1338 2.807097e-07
1339 2.026908e-07
1340 1.522281e-07
1341 8.644124e-08
1342 5.249408e-08
1343 2.954836e-08
1344 1.699550e-08
1345 1.014064e-08
1346 0.000000e+00
1347 0.000000e+00
1348 0.000000e+00
1349 0.000000e+00
1350 7.332138e-08
1351 7.937338e-08
1352 7.612759e-08
1353 6.170594e-08
1354 4.451908e-08
1355 3.355901e-08
1356 2.097388e-08
1357 1.285644e-08
1358 7.137625e-09
1359 3.930540e-09
1360 2.271314e-09
1361 1.381066e-09
1362 0.000000e+00
1363 0.000000e+00
1364 0.000000e+00
1365 1.384650e-07
1366 1.501241e-07
1367 1.443232e-07
1368 1.173060e-07
1369 8.468421e-08
1370 6.377870e-08
1371 4.011375e-08
1372 2.452163e-08
1373 1.361650e-08
1374 7.501700e-09
1375 4.325699e-09
1376 2.624848e-09
1377 0.000000e+00
1378 0.000000e+00
1379 0.000000e+00
1380 2.010031e-07
1381 2.180563e-07
1382 2.098198e-07
1383 1.707216e-07
1384 1.232755e-07
1385 9.281020e-08
1386 5.851418e-08
1387 3.573215e-08
1388 1.984300e-08
1389 1.093430e-08
1390 6.299816e-09
1391 3.819753e-09
1392 0.000000e+00
1393 0.000000e+00
1394 0.000000e+00
1395 2.739546e-07
1396 2.973002e-07
1397 2.862206e-07
1398 2.330303e-07
1399 1.682909e-07
1400 1.266749e-07
1401 7.997821e-08
1402 4.880901e-08
1403 2.710609e-08
1404 1.493828e-08
1405 8.602574e-09
1406 5.213599e-09
1407 0.000000e+00
1408 0.000000e+00
1409 0.000000e+00
1410 5.962121e-08
1411 6.654740e-08
1412 6.686317e-08
1413 5.744482e-08
1414 4.234719e-08
1415 3.118766e-08
1416 2.197812e-08
1417 1.253706e-08
1418 7.059185e-09
1419 3.994366e-09
1420 2.221766e-09
1421 1.295584e-09
1422 0.000000e+00
1423 0.000000e+00
1424 0.000000e+00
1425 1.179217e-07
1426 1.317941e-07
1427 1.326854e-07
1428 1.143106e-07
1429 8.440217e-08
1430 6.208653e-08
1431 4.394852e-08
1432 2.499216e-08
1433 1.410069e-08
1434 7.977737e-09
1435 4.435136e-09
1436 2.581479e-09
1437 0.000000e+00
1438 0.000000e+00
1439 0.000000e+00
1440 1.864659e-07
1441 2.085133e-07
1442 2.100928e-07
1443 1.811975e-07
1444 1.338744e-07
1445 9.843172e-08
1446 6.979941e-08
1447 3.964442e-08
1448 2.238585e-08
1449 1.266432e-08
1450 7.039246e-09
1451 4.094128e-09
1452 0.000000e+00
1453 0.000000e+00
1454 0.000000e+00
1455 5.175066e-08
1456 5.930830e-08
1457 6.199812e-08
1458 5.633941e-08
1459 4.321148e-08
1460 3.120899e-08
1461 2.344257e-08
1462 1.314484e-08
1463 7.863866e-09
1464 4.308076e-09
1465 2.374632e-09
1466 1.325776e-09
1467 0.000000e+00
1468 0.000000e+00
1469 0.000000e+00
1470 1.144185e-07
1471 1.312918e-07
1472 1.375006e-07
1473 1.252951e-07
1474 9.633729e-08
1475 6.954084e-08
1476 5.230459e-08
1477 2.941270e-08
1478 1.765432e-08
1479 9.654155e-09
1480 5.309460e-09
1481 2.958536e-09
1482 0.000000e+00
1483 0.000000e+00
1484 0.000000e+00
1485 5.375441e-08
1486 6.316552e-08
1487 6.849136e-08
1488 6.575793e-08
1489 5.332158e-08
1490 3.847510e-08
1491 2.902485e-08
1492 1.804996e-08
1493 1.098395e-08
1494 5.960625e-09
1495 3.139617e-09
1496 1.693821e-09
1497 9.432055e-10
1498 0.000000e+00
1499 0.000000e+00
1500 1.109684e-04
1501 8.086786e-05
1502 6.035546e-05
1503 3.805236e-05
1504 2.321989e-05
1505 1.369104e-05
1506 8.324421e-06
1507 5.304277e-06
1508 3.565556e-06
1509 0.000000e+00
1510 0.000000e+00
1511 0.000000e+00
1512 0.000000e+00
1513 0.000000e+00
1514 0.000000e+00
1515 5.757601e-05
1516 4.644359e-05
1517 3.369791e-05
1518 2.528332e-05
1519 1.597668e-05
1520 9.754545e-06
1521 5.648866e-06
1522 3.364481e-06
1523 2.093966e-06
1524 1.379138e-06
1525 0.000000e+00
1526 0.000000e+00
1527 0.000000e+00
1528 0.000000e+00
1529 0.000000e+00
1530 4.047788e-05
1531 3.713775e-05
1532 2.882267e-05
1533 2.080348e-05
1534 1.566222e-05
1535 9.111532e-06
1536 5.625604e-06
1537 3.225263e-06
1538 1.896511e-06
1539 1.174730e-06
1540 0.000000e+00
1541 0.000000e+00
1542 0.000000e+00
1543 0.000000e+00
1544 0.000000e+00
1545 2.912801e-05
1546 2.891312e-05
1547 2.448503e-05
1548 1.793535e-05
1549 1.328396e-05
1550 9.154542e-06
1551 5.351144e-06
1552 3.053081e-06
1553 1.771954e-06
1554 1.042590e-06
1555 6.506122e-07
1556 0.000000e+00
1557 0.000000e+00
1558 0.000000e+00
1559 0.000000e+00
1560 2.085098e-05
1561 2.179680e-05
1562 1.983793e-05
1563 1.524768e-05
1564 1.100576e-05
1565 8.274949e-06
1566 4.689296e-06
1567 2.850415e-06
1568 1.602925e-06
1569 9.233707e-07
1570 5.506294e-07
1571 0.000000e+00
1572 0.000000e+00
1573 0.000000e+00
1574 0.000000e+00
1575 1.487210e-05
1576 1.614453e-05
1577 1.554949e-05
1578 1.266314e-05
1579 9.143013e-06
1580 6.883420e-06
1581 4.347301e-06
1582 2.655947e-06
1583 1.474901e-06
1584 8.112783e-07
1585 4.673052e-07
1586 2.832009e-07
1587 0.000000e+00
1588 0.000000e+00
1589 0.000000e+00
1590 1.001028e-05
1591 1.119728e-05
1592 1.128693e-05
1593 9.739022e-06
1594 7.195644e-06
1595 5.289411e-06
1596 3.755371e-06
1597 2.130464e-06
1598 1.202339e-06
1599 6.811759e-07
1600 3.783133e-07
1601 2.200058e-07
1602 0.000000e+00
1603 0.000000e+00
1604 0.000000e+00
1605 6.201116e-06
1606 7.118100e-06
1607 7.458527e-06
1608 6.801106e-06
1609 5.231433e-06
1610 3.775220e-06
1611 2.841823e-06
1612 1.597077e-06
1613 9.596537e-07
1614 5.242846e-07
1615 2.885232e-07
1616 1.606418e-07
1617 0.000000e+00
1618 0.000000e+00
1619 0.000000e+00
1620 3.163407e-06
1621 3.720115e-06
1622 4.038202e-06
1623 3.883392e-06
1624 3.154630e-06
1625 2.276770e-06
1626 1.716871e-06
1627 1.071974e-06
1628 6.518364e-07
1629 3.538249e-07
1630 1.861971e-07
1631 1.003484e-07
1632 5.578990e-08
1633 0.000000e+00
1634 0.000000e+00
1635 8.891198e-07
1636 1.072208e-06
1637 1.206146e-06
1638 1.224576e-06
1639 1.066696e-06
1640 7.933436e-07
1641 5.815894e-07
1642 4.169104e-07
1643 2.343421e-07
1644 1.314261e-07
1645 7.164692e-08
1646 3.730540e-08
1647 1.958823e-08
1648 0.000000e+00
1649 0.000000e+00
