0 2.250062e-09
1 1.462773e-09
2 9.200413e-10
3 5.794092e-10
4 3.723426e-10
5 2.449574e-10
6 1.628998e-10
7 1.070092e-10
8 6.783286e-11
9 4.076271e-11
10 2.299168e-11
11 1.215364e-11
12 6.061740e-12
13 2.884935e-12
14 1.326627e-12
15 3.771782e-09
16 2.509189e-09
17 1.595176e-09
18 9.942271e-10
19 6.286249e-10
20 4.070424e-10
21 2.692711e-10
22 1.785723e-10
23 1.158028e-10
24 7.184909e-11
25 4.200129e-11
26 2.299023e-11
27 1.181183e-11
28 5.749833e-12
29 2.684881e-12
30 4.353500e-09
31 2.915983e-09
32 1.864099e-09
33 1.160643e-09
34 7.308274e-10
35 4.707043e-10
36 3.103641e-10
37 2.059959e-10
38 1.342267e-10
39 8.394219e-11
40 4.956651e-11
41 2.742017e-11
42 1.422234e-11
43 6.976565e-12
44 3.275176e-12
45 4.659964e-09
46 3.130931e-09
47 2.006536e-09
48 1.248805e-09
49 7.848680e-10
50 5.042999e-10
51 3.320685e-10
52 2.204103e-10
53 1.439427e-10
54 9.033627e-11
55 5.357312e-11
56 2.976896e-11
57 1.550727e-11
58 7.631818e-12
59 3.591241e-12
60 4.865358e-09
61 3.275104e-09
62 2.101902e-09
63 1.307859e-09
64 8.210652e-10
65 5.268689e-10
66 3.466252e-10
67 2.301194e-10
68 1.504483e-10
69 9.463022e-11
70 5.627700e-11
71 3.135872e-11
72 1.637080e-11
73 8.074366e-12
74 3.805529e-12
75 5.019699e-09
76 3.383088e-09
77 2.173585e-09
78 1.352164e-09
79 8.482872e-10
80 5.438231e-10
81 3.575251e-10
82 2.373815e-10
83 1.553727e-10
84 9.787309e-11
85 5.829235e-11
86 3.254071e-11
87 1.701859e-11
88 8.401830e-12
89 3.962939e-12
90 5.144710e-09
91 3.470963e-09
92 2.231691e-09
93 1.388370e-09
94 8.704170e-10
95 5.575305e-10
96 3.664151e-10
97 2.433042e-10
98 1.593649e-10
99 1.004923e-10
100 5.994510e-11
101 3.350877e-11
102 1.754599e-11
103 8.670798e-12
104 4.092572e-12
105 5.254683e-09
106 3.547641e-09
107 2.282958e-09
108 1.420043e-09
109 8.897559e-10
110 5.695759e-10
111 3.741589e-10
112 2.484755e-10
113 1.627774e-10
114 1.027446e-10
115 6.135192e-11
116 3.434853e-11
117 1.800813e-11
118 8.906531e-12
119 4.202977e-12
120 5.358952e-09
121 3.621142e-09
122 2.331624e-09
123 1.450032e-09
124 9.081505e-10
125 5.809885e-10
126 3.814958e-10
127 2.533913e-10
128 1.661402e-10
129 1.049555e-10
130 6.275090e-11
131 3.515503e-11
132 1.844491e-11
133 9.129396e-12
134 4.313842e-12
135 5.477854e-09
136 3.704136e-09
137 2.387245e-09
138 1.484542e-09
139 9.292729e-10
140 5.941794e-10
141 3.900059e-10
142 2.589850e-10
143 1.699473e-10
144 1.074828e-10
145 6.432719e-11
146 3.608047e-11
147 1.895079e-11
148 9.385251e-12
149 4.437201e-12
150 7.786045e-09
151 5.360313e-09
152 3.520756e-09
153 2.199087e-09
154 1.363641e-09
155 8.597206e-10
156 5.575645e-10
157 3.689975e-10
158 2.439741e-10
159 1.570648e-10
160 9.632625e-11
161 5.551205e-11
162 2.991821e-11
163 1.514183e-11
164 7.273859e-12
165 9.905284e-09
166 6.905267e-09
167 4.600846e-09
168 2.903601e-09
169 1.791155e-09
170 1.120073e-09
171 7.185879e-10
172 4.724970e-10
173 3.128822e-10
174 2.032945e-10
175 1.266254e-10
176 7.438458e-11
177 4.089369e-11
178 2.106871e-11
179 1.026327e-11
180 1.110479e-08
181 7.785252e-09
182 5.217727e-09
183 3.309817e-09
184 2.038333e-09
185 1.270646e-09
186 8.110529e-10
187 5.316647e-10
188 3.521063e-10
189 2.296417e-10
190 1.439574e-10
191 8.523853e-11
192 4.725753e-11
193 2.453689e-11
194 1.202689e-11
195 1.191210e-08
196 8.378272e-09
197 5.633863e-09
198 3.583984e-09
199 2.205424e-09
200 1.372156e-09
201 8.733673e-10
202 5.716073e-10
203 3.785670e-10
204 2.474011e-10
205 1.556391e-10
206 9.256687e-11
207 5.155755e-11
208 2.688069e-11
209 1.322004e-11
210 1.251660e-08
211 8.822916e-09
212 5.946304e-09
213 3.788710e-09
214 2.330489e-09
215 1.448300e-09
216 9.201612e-10
217 6.014570e-10
218 3.983578e-10
219 2.606885e-10
220 1.643727e-10
221 9.805400e-11
222 5.477644e-11
223 2.863123e-11
224 1.411143e-11
225 1.300826e-08
226 9.182675e-09
227 6.198165e-09
228 3.955581e-09
229 2.431564e-09
230 1.509853e-09
231 9.579128e-10
232 6.256812e-10
233 4.144108e-10
234 2.714485e-10
235 1.714571e-10
236 1.024767e-10
237 5.736778e-11
238 3.004823e-11
239 1.483139e-11
240 1.343440e-08
241 9.495719e-09
242 6.418403e-09
243 4.100662e-09
244 2.520199e-09
245 1.563693e-09
246 9.908523e-10
247 6.466879e-10
248 4.284211e-10
249 2.808539e-10
250 1.776436e-10
251 1.063528e-10
252 5.964604e-11
253 3.128879e-11
254 1.545717e-11
255 1.384171e-08
256 9.794668e-09
257 6.628582e-09
258 4.239445e-09
259 2.604237e-09
260 1.614772e-09
261 1.022296e-09
262 6.667729e-10
263 4.417590e-10
264 2.898013e-10
265 1.835302e-10
266 1.100498e-10
267 6.181154e-11
268 3.246515e-11
269 1.605963e-11
270 1.431417e-08
271 1.014139e-08
272 6.871722e-09
273 4.399057e-09
274 2.701379e-09
275 1.674338e-09
276 1.059026e-09
277 6.902323e-10
278 4.572098e-10
279 3.001749e-10
280 1.903700e-10
281 1.143384e-10
282 6.431939e-11
283 3.383399e-11
284 1.675552e-11
285 1.363270e-08
286 9.697352e-09
287 6.585631e-09
288 4.248901e-09
289 2.618051e-09
290 1.621601e-09
291 1.022464e-09
292 6.633582e-10
293 4.376549e-10
294 2.868545e-10
295 1.821249e-10
296 1.098371e-10
297 6.219722e-11
298 3.297290e-11
299 1.645024e-11
300 1.603398e-08
301 1.153459e-08
302 7.904102e-09
303 5.157585e-09
304 3.189656e-09
305 1.965921e-09
306 1.229849e-09
307 7.918055e-10
308 5.205170e-10
309 3.419611e-10
310 2.188226e-10
311 1.335515e-10
312 7.670526e-11
313 4.125447e-11
314 2.084538e-11
315 1.767721e-08
316 1.279809e-08
317 8.812479e-09
318 5.785661e-09
319 3.587047e-09
320 2.204434e-09
321 1.373872e-09
322 8.808184e-10
323 5.777590e-10
324 3.799432e-10
325 2.441096e-10
326 1.499148e-10
327 8.674139e-11
328 4.700051e-11
329 2.390489e-11
330 1.891149e-08
331 1.374655e-08
332 9.491707e-09
333 6.253958e-09
334 3.884384e-09
335 2.383104e-09
336 1.481636e-09
337 9.474469e-10
338 6.207293e-10
339 4.084079e-10
340 2.630387e-10
341 1.621614e-10
342 9.425247e-11
343 5.130201e-11
344 2.619533e-11
345 1.991099e-08
346 1.451455e-08
347 1.004513e-08
348 6.636636e-09
349 4.125449e-09
350 2.527992e-09
351 1.568846e-09
352 1.001420e-09
353 6.553837e-10
354 4.314304e-10
355 2.783956e-10
356 1.720974e-10
357 1.003431e-10
358 5.479070e-11
359 2.805296e-11
360 2.078346e-08
361 1.518530e-08
362 1.052742e-08
363 6.968324e-09
364 4.335395e-09
365 2.654396e-09
366 1.644922e-09
367 1.048455e-09
368 6.856568e-10
369 4.515460e-10
370 2.917743e-10
371 1.807537e-10
372 1.056512e-10
373 5.782728e-11
374 2.966916e-11
375 2.160869e-08
376 1.581943e-08
377 1.098263e-08
378 7.283424e-09
379 4.534180e-09
380 2.774002e-09
381 1.717089e-09
382 1.093026e-09
383 7.143475e-10
384 4.705975e-10
385 3.044699e-10
386 1.889640e-10
387 1.106840e-10
388 6.070799e-11
389 3.120250e-11
390 2.257385e-08
391 1.656190e-08
392 1.151561e-08
393 7.651509e-09
394 4.767316e-09
395 2.914594e-09
396 1.801807e-09
397 1.145418e-09
398 7.479472e-10
399 4.929341e-10
400 3.193386e-10
401 1.985874e-10
402 1.165864e-10
403 6.408181e-11
404 3.299953e-11
405 1.965022e-08
406 1.439669e-08
407 9.989124e-09
408 6.621239e-09
409 4.143051e-09
410 2.537133e-09
411 1.573437e-09
412 1.000599e-09
413 6.523675e-10
414 4.284990e-10
415 2.764572e-10
416 1.712721e-10
417 1.002956e-10
418 5.509025e-11
419 2.839317e-11
420 2.230064e-08
421 1.652757e-08
422 1.155629e-08
423 7.723851e-09
424 4.874100e-09
425 2.976179e-09
426 1.837881e-09
427 1.160116e-09
428 7.521438e-10
429 4.934383e-10
430 3.195528e-10
431 1.995380e-10
432 1.180982e-10
433 6.564318e-11
434 3.422333e-11
435 2.429234e-08
436 1.813508e-08
437 1.273667e-08
438 8.557055e-09
439 5.426391e-09
440 3.308140e-09
441 2.038280e-09
442 1.280695e-09
443 8.276778e-10
444 5.425172e-10
445 3.521134e-10
446 2.208951e-10
447 1.315568e-10
448 7.362988e-11
449 3.864094e-11
450 2.591683e-08
451 1.943773e-08
452 1.369662e-08
453 9.233050e-09
454 5.873864e-09
455 3.577782e-09
456 2.200301e-09
457 1.378481e-09
458 8.886237e-10
459 5.822568e-10
460 3.784810e-10
461 2.381909e-10
462 1.424551e-10
463 8.009441e-11
464 4.221602e-11
465 2.732745e-08
466 2.057593e-08
467 1.453370e-08
468 9.820590e-09
469 6.264276e-09
470 3.812827e-09
471 2.341459e-09
472 1.463633e-09
473 9.419928e-10
474 6.169411e-10
475 4.014876e-10
476 2.532823e-10
477 1.519655e-10
478 8.573803e-11
479 4.533697e-11
480 2.866255e-08
481 2.164707e-08
482 1.532425e-08
483 1.037656e-08
484 6.633727e-09
485 4.034666e-09
486 2.475296e-09
487 1.544048e-09
488 9.923164e-10
489 6.496952e-10
490 4.232485e-10
491 2.675545e-10
492 1.609559e-10
493 9.106538e-11
494 4.828159e-11
495 3.022517e-08
496 2.290397e-08
497 1.624817e-08
498 1.102795e-08
499 7.065239e-09
500 4.294228e-09
501 2.631600e-09
502 1.638340e-09
503 1.051241e-09
504 6.880304e-10
505 4.486755e-10
506 2.842158e-10
507 1.714658e-10
508 9.730469e-11
509 5.173172e-11
510 2.599142e-08
511 1.959628e-08
512 1.386132e-08
513 9.362273e-09
514 5.989611e-09
515 3.657257e-09
516 2.247081e-09
517 1.403481e-09
518 9.016059e-10
519 5.890790e-10
520 3.825468e-10
521 2.410265e-10
522 1.446074e-10
523 8.169987e-11
524 4.331816e-11
525 2.889261e-08
526 2.203299e-08
527 1.570691e-08
528 1.067899e-08
529 6.890867e-09
530 4.213731e-09
531 2.580431e-09
532 1.601133e-09
533 1.022594e-09
534 6.659659e-10
535 4.329592e-10
536 2.741949e-10
537 1.658552e-10
538 9.464281e-11
539 5.070645e-11
540 3.124471e-08
541 2.400742e-08
542 1.720129e-08
543 1.174651e-08
544 7.620418e-09
545 4.665161e-09
546 2.849746e-09
547 1.761147e-09
548 1.120230e-09
549 7.281863e-10
550 4.737681e-10
551 3.010508e-10
552 1.830602e-10
553 1.051217e-10
554 5.668713e-11
555 3.329221e-08
556 2.572678e-08
557 1.850446e-08
558 1.267416e-08
559 8.255629e-09
560 5.056892e-09
561 3.084279e-09
562 1.900433e-09
563 1.205427e-09
564 7.823472e-10
565 5.092896e-10
566 3.244290e-10
567 1.980375e-10
568 1.142427e-10
569 6.189169e-11
570 3.523387e-08
571 2.735770e-08
572 1.974045e-08
573 1.355526e-08
574 8.859161e-09
575 5.429426e-09
576 3.306946e-09
577 2.032521e-09
578 1.286224e-09
579 8.337652e-10
580 5.430272e-10
581 3.466308e-10
582 2.122599e-10
583 1.229048e-10
584 6.683490e-11
585 3.750913e-08
586 2.926356e-08
587 2.118407e-08
588 1.458390e-08
589 9.561525e-09
590 5.863413e-09
591 3.566516e-09
592 2.186448e-09
593 1.380356e-09
594 8.936429e-10
595 5.823113e-10
596 3.724920e-10
597 2.288294e-10
598 1.329948e-10
599 7.259205e-11
600 3.275807e-08
601 2.538668e-08
602 1.831498e-08
603 1.256022e-08
604 8.199361e-09
605 5.046525e-09
606 3.074961e-09
607 1.893618e-09
608 1.198411e-09
609 7.757719e-10
610 5.040267e-10
611 3.208442e-10
612 1.959900e-10
613 1.133082e-10
614 6.159932e-11
615 3.598123e-08
616 2.820003e-08
617 2.051603e-08
618 1.415447e-08
619 9.309789e-09
620 5.759662e-09
621 3.497477e-09
622 2.144231e-09
623 1.348471e-09
624 8.690254e-10
625 5.641338e-10
626 3.602155e-10
627 2.214310e-10
628 1.291069e-10
629 7.086024e-11
630 3.877926e-08
631 3.064082e-08
632 2.242550e-08
633 1.553276e-08
634 1.027082e-08
635 6.375721e-09
636 3.862337e-09
637 2.360609e-09
638 1.478313e-09
639 9.496382e-10
640 6.161470e-10
641 3.943101e-10
642 2.434686e-10
643 1.427888e-10
644 7.887478e-11
645 4.142974e-08
646 3.295299e-08
647 2.423376e-08
648 1.684083e-08
649 1.118156e-08
650 6.959697e-09
651 4.207788e-09
652 2.565830e-09
653 1.601197e-09
654 1.026019e-09
655 6.654431e-10
656 4.266245e-10
657 2.643542e-10
658 1.557552e-10
659 8.646880e-11
660 4.453309e-08
661 3.565324e-08
662 2.634566e-08
663 1.836613e-08
664 1.224306e-08
665 7.640684e-09
666 4.611010e-09
667 2.804747e-09
668 1.744447e-09
669 1.115101e-09
670 7.229144e-10
671 4.643020e-10
672 2.887106e-10
673 1.708757e-10
674 9.532510e-11
675 4.016876e-08
676 3.197255e-08
677 2.355782e-08
678 1.638953e-08
679 1.088392e-08
680 6.801778e-09
681 4.116640e-09
682 2.512455e-09
683 1.565565e-09
684 1.001058e-09
685 6.477775e-10
686 4.145272e-10
687 2.566212e-10
688 1.512325e-10
689 8.409024e-11
690 4.388583e-08
691 3.532796e-08
692 2.627999e-08
693 1.839338e-08
694 1.229651e-08
695 7.740126e-09
696 4.676114e-09
697 2.845385e-09
698 1.761491e-09
699 1.119802e-09
700 7.227567e-10
701 4.631439e-10
702 2.881035e-10
703 1.710450e-10
704 9.595276e-11
705 4.737802e-08
706 3.848736e-08
707 2.883087e-08
708 2.027391e-08
709 1.361998e-08
710 8.618505e-09
711 5.198220e-09
712 3.155999e-09
713 1.944418e-09
714 1.230809e-09
715 7.929982e-10
716 5.087344e-10
717 3.176441e-10
718 1.896344e-10
719 1.070791e-10
720 5.146690e-08
721 4.217958e-08
722 3.180541e-08
723 2.246581e-08
724 1.516229e-08
725 9.642931e-09
726 5.807333e-09
727 3.518711e-09
728 2.157659e-09
729 1.360350e-09
730 8.748613e-10
731 5.618781e-10
732 3.520834e-10
733 2.113050e-10
734 1.200502e-10
735 4.867098e-08
736 3.979527e-08
737 3.001138e-08
738 2.120989e-08
739 1.429909e-08
740 9.104920e-09
741 5.507058e-09
742 3.338107e-09
743 2.047854e-09
744 1.290265e-09
745 8.280822e-10
746 5.304183e-10
747 3.315137e-10
748 1.985731e-10
749 1.127183e-10
750 5.324983e-08
751 4.407674e-08
752 3.360573e-08
753 2.392364e-08
754 1.622964e-08
755 1.042158e-08
756 6.311615e-09
757 3.814165e-09
758 2.324576e-09
759 1.454878e-09
760 9.296008e-10
761 5.951467e-10
762 3.732412e-10
763 2.250350e-10
764 1.288485e-10
765 5.856769e-08
766 4.904314e-08
767 3.775129e-08
768 2.705129e-08
769 1.845414e-08
770 1.193853e-08
771 7.236497e-09
772 4.361818e-09
773 2.642205e-09
774 1.644154e-09
775 1.046472e-09
776 6.697982e-10
777 4.214222e-10
778 2.555994e-10
779 1.474738e-10
780 5.923233e-08
781 4.985387e-08
782 3.862801e-08
783 2.783439e-08
784 1.904886e-08
785 1.238036e-08
786 7.554224e-09
787 4.543060e-09
788 2.747330e-09
789 1.701712e-09
790 1.078000e-09
791 6.876457e-10
792 4.321793e-10
793 2.624594e-10
794 1.519571e-10
795 6.625886e-08
796 5.664748e-08
797 4.453913e-08
798 3.244750e-08
799 2.237859e-08
800 1.469466e-08
801 9.027541e-09
802 5.406317e-09
803 3.248780e-09
804 1.993862e-09
805 1.253358e-09
806 7.967818e-10
807 5.016364e-10
808 3.065389e-10
809 1.791821e-10
810 7.611629e-08
811 6.655483e-08
812 5.358908e-08
813 3.983555e-08
814 2.784836e-08
815 1.855443e-08
816 1.160296e-08
817 6.929904e-09
818 4.140893e-09
819 2.502115e-09
820 1.547813e-09
821 9.734043e-10
822 6.109939e-10
823 3.751647e-10
824 2.218056e-10
825 5.019718e-07
826 3.666433e-07
827 2.716754e-07
828 1.691109e-07
829 1.030208e-07
830 6.103144e-08
831 3.726601e-08
832 2.390752e-08
833 1.613879e-08
834 0.000000e+00
835 0.000000e+00
836 0.000000e+00
837 0.000000e+00
838 0.000000e+00
839 0.000000e+00
840 7.609676e-07
841 5.559549e-07
842 4.123968e-07
843 2.596339e-07
844 1.577816e-07
845 9.335660e-08
846 5.689698e-08
847 3.636666e-08
848 2.448236e-08
849 0.000000e+00
850 0.000000e+00
851 0.000000e+00
852 0.000000e+00
853 0.000000e+00
854 0.000000e+00
855 9.034708e-07
856 6.601393e-07
857 4.898344e-07
858 3.095543e-07
859 1.879543e-07
860 1.111685e-07
861 6.771198e-08
862 4.322638e-08
863 2.907417e-08
864 0.000000e+00
865 0.000000e+00
866 0.000000e+00
867 0.000000e+00
868 0.000000e+00
869 0.000000e+00
870 9.993278e-07
871 7.302182e-07
872 5.419243e-07
873 3.431341e-07
874 2.082519e-07
875 1.231503e-07
876 7.498702e-08
877 4.784112e-08
878 3.216291e-08
879 0.000000e+00
880 0.000000e+00
881 0.000000e+00
882 0.000000e+00
883 0.000000e+00
884 0.000000e+00
885 1.071193e-06
886 7.827614e-07
887 5.809742e-07
888 3.683088e-07
889 2.234694e-07
890 1.321335e-07
891 8.044121e-08
892 5.130076e-08
893 3.447879e-08
894 0.000000e+00
895 0.000000e+00
896 0.000000e+00
897 0.000000e+00
898 0.000000e+00
899 0.000000e+00
900 1.129439e-06
901 8.253442e-07
902 6.126261e-07
903 3.887123e-07
904 2.358020e-07
905 1.394142e-07
906 8.486152e-08
907 5.410480e-08
908 3.635564e-08
909 0.000000e+00
910 0.000000e+00
911 0.000000e+00
912 0.000000e+00
913 0.000000e+00
914 0.000000e+00
915 1.180268e-06
916 8.625041e-07
917 6.402459e-07
918 4.065191e-07
919 2.465652e-07
920 1.457672e-07
921 8.871918e-08
922 5.655163e-08
923 3.799350e-08
924 0.000000e+00
925 0.000000e+00
926 0.000000e+00
927 0.000000e+00
928 0.000000e+00
929 0.000000e+00
930 1.228460e-06
931 8.977376e-07
932 6.664337e-07
933 4.234011e-07
934 2.567693e-07
935 1.517905e-07
936 9.237652e-08
937 5.887147e-08
938 3.954628e-08
939 0.000000e+00
940 0.000000e+00
941 0.000000e+00
942 0.000000e+00
943 0.000000e+00
944 0.000000e+00
945 1.284683e-06
946 9.388454e-07
947 6.969857e-07
948 4.430983e-07
949 2.686743e-07
950 1.588185e-07
951 9.664394e-08
952 6.157795e-08
953 4.135810e-08
954 0.000000e+00
955 0.000000e+00
956 0.000000e+00
957 0.000000e+00
958 0.000000e+00
959 0.000000e+00
960 3.370899e-07
961 2.684552e-07
962 1.947362e-07
963 1.460393e-07
964 9.034763e-08
965 5.530644e-08
966 3.214651e-08
967 1.922197e-08
968 1.204640e-08
969 7.975767e-09
970 0.000000e+00
971 0.000000e+00
972 0.000000e+00
973 0.000000e+00
974 0.000000e+00
975 5.201591e-07
976 4.171014e-07
977 3.028515e-07
978 2.269045e-07
979 1.422061e-07
980 8.670733e-08
981 5.036211e-08
982 3.007375e-08
983 1.877881e-08
984 1.239678e-08
985 0.000000e+00
986 0.000000e+00
987 0.000000e+00
988 0.000000e+00
989 0.000000e+00
990 6.448120e-07
991 5.183992e-07
992 3.765466e-07
993 2.820115e-07
994 1.775998e-07
995 1.081223e-07
996 6.278598e-08
997 3.747520e-08
998 2.336911e-08
999 1.541004e-08
1000 0.000000e+00
1001 0.000000e+00
1002 0.000000e+00
1003 0.000000e+00
1004 0.000000e+00
1005 7.382357e-07
1006 5.943126e-07
1007 4.317715e-07
1008 3.233096e-07
1009 2.041234e-07
1010 1.241698e-07
1011 7.209649e-08
1012 4.302199e-08
1013 2.680897e-08
1014 1.766814e-08
1015 0.000000e+00
1016 0.000000e+00
1017 0.000000e+00
1018 0.000000e+00
1019 0.000000e+00
1020 8.139596e-07
1021 6.558390e-07
1022 4.765327e-07
1023 3.567807e-07
1024 2.256220e-07
1025 1.371778e-07
1026 7.964314e-08
1027 4.751755e-08
1028 2.959718e-08
1029 1.949827e-08
1030 0.000000e+00
1031 0.000000e+00
1032 0.000000e+00
1033 0.000000e+00
1034 0.000000e+00
1035 8.800254e-07
1036 7.095243e-07
1037 5.155916e-07
1038 3.859857e-07
1039 2.443794e-07
1040 1.485270e-07
1041 8.622743e-08
1042 5.144028e-08
1043 3.202995e-08
1044 2.109535e-08
1045 0.000000e+00
1046 0.000000e+00
1047 0.000000e+00
1048 0.000000e+00
1049 0.000000e+00
1050 9.426736e-07
1051 7.604327e-07
1052 5.526249e-07
1053 4.136780e-07
1054 2.621647e-07
1055 1.592896e-07
1056 9.247120e-08
1057 5.515972e-08
1058 3.433673e-08
1059 2.260959e-08
1060 0.000000e+00
1061 0.000000e+00
1062 0.000000e+00
1063 0.000000e+00
1064 0.000000e+00
1065 1.015768e-06
1066 8.198310e-07
1067 5.958365e-07
1068 4.459927e-07
1069 2.829175e-07
1070 1.718473e-07
1071 9.975607e-08
1072 5.949995e-08
1073 3.702828e-08
1074 2.437647e-08
1075 0.000000e+00
1076 0.000000e+00
1077 0.000000e+00
1078 0.000000e+00
1079 0.000000e+00
1080 1.974801e-07
1081 1.795779e-07
1082 1.383333e-07
1083 1.000381e-07
1084 7.496046e-08
1085 4.332224e-08
1086 2.655040e-08
1087 1.530918e-08
1088 9.053923e-09
1089 5.633208e-09
1090 0.000000e+00
1091 0.000000e+00
1092 0.000000e+00
1093 0.000000e+00
1094 0.000000e+00
1095 3.302869e-07
1096 3.017132e-07
1097 2.334008e-07
1098 1.686790e-07
1099 1.265844e-07
1100 7.358136e-08
1101 4.521630e-08
1102 2.600852e-08
1103 1.532509e-08
1104 9.512474e-09
1105 0.000000e+00
1106 0.000000e+00
1107 0.000000e+00
1108 0.000000e+00
1109 0.000000e+00
1110 4.306280e-07
1111 3.940342e-07
1112 3.052903e-07
1113 2.205836e-07
1114 1.656231e-07
1115 9.648066e-08
1116 5.934314e-08
1117 3.410487e-08
1118 2.006900e-08
1119 1.244630e-08
1120 0.000000e+00
1121 0.000000e+00
1122 0.000000e+00
1123 0.000000e+00
1124 0.000000e+00
1125 5.118675e-07
1126 4.687719e-07
1127 3.634880e-07
1128 2.626035e-07
1129 1.972257e-07
1130 1.150174e-07
1131 7.077884e-08
1132 4.065897e-08
1133 2.390921e-08
1134 1.482137e-08
1135 0.000000e+00
1136 0.000000e+00
1137 0.000000e+00
1138 0.000000e+00
1139 0.000000e+00
1140 5.827486e-07
1141 5.339873e-07
1142 4.142683e-07
1143 2.992682e-07
1144 2.248018e-07
1145 1.311919e-07
1146 8.075741e-08
1147 4.637790e-08
1148 2.726008e-08
1149 1.689370e-08
1150 0.000000e+00
1151 0.000000e+00
1152 0.000000e+00
1153 0.000000e+00
1154 0.000000e+00
1155 6.499630e-07
1156 5.958254e-07
1157 4.624212e-07
1158 3.340351e-07
1159 2.509506e-07
1160 1.465295e-07
1161 9.021925e-08
1162 5.180077e-08
1163 3.043750e-08
1164 1.885873e-08
1165 0.000000e+00
1166 0.000000e+00
1167 0.000000e+00
1168 0.000000e+00
1169 0.000000e+00
1170 7.283846e-07
1171 6.679733e-07
1172 5.186008e-07
1173 3.745984e-07
1174 2.814577e-07
1175 1.644239e-07
1176 1.012585e-07
1177 5.812754e-08
1178 3.414473e-08
1179 2.115149e-08
1180 0.000000e+00
1181 0.000000e+00
1182 0.000000e+00
1183 0.000000e+00
1184 0.000000e+00
1185 1.302715e-07
1186 1.285590e-07
1187 1.080766e-07
1188 7.893745e-08
1189 5.864954e-08
1190 3.984032e-08
1191 2.351928e-08
1192 1.339850e-08
1193 7.744962e-09
1194 4.577289e-09
1195 2.867697e-09
1196 0.000000e+00
1197 0.000000e+00
1198 0.000000e+00
1199 0.000000e+00
1200 2.309462e-07
1201 2.286122e-07
1202 1.929679e-07
1203 1.412079e-07
1204 1.047291e-07
1205 7.168532e-08
1206 4.209165e-08
1207 2.401556e-08
1208 1.390228e-08
1209 8.200370e-09
1210 5.126084e-09
1211 0.000000e+00
1212 0.000000e+00
1213 0.000000e+00
1214 0.000000e+00
1215 3.123230e-07
1216 3.095003e-07
1217 2.616146e-07
1218 1.915692e-07
1219 1.419925e-07
1220 9.744465e-08
1221 5.711206e-08
1222 3.260329e-08
1223 1.888241e-08
1224 1.113063e-08
1225 6.952514e-09
1226 0.000000e+00
1227 0.000000e+00
1228 0.000000e+00
1229 0.000000e+00
1230 3.831935e-07
1231 3.799432e-07
1232 3.213903e-07
1233 2.354215e-07
1234 1.744400e-07
1235 1.198757e-07
1236 7.019122e-08
1237 4.008120e-08
1238 2.321897e-08
1239 1.368230e-08
1240 8.542871e-09
1241 0.000000e+00
1242 0.000000e+00
1243 0.000000e+00
1244 0.000000e+00
1245 4.503977e-07
1246 4.467362e-07
1247 3.780737e-07
1248 2.770046e-07
1249 2.052095e-07
1250 1.411454e-07
1251 8.259382e-08
1252 4.717229e-08
1253 2.733118e-08
1254 1.610194e-08
1255 1.005098e-08
1256 0.000000e+00
1257 0.000000e+00
1258 0.000000e+00
1259 0.000000e+00
1260 5.288015e-07
1261 5.246659e-07
1262 4.442070e-07
1263 3.255223e-07
1264 2.411084e-07
1265 1.659601e-07
1266 9.706421e-08
1267 5.544503e-08
1268 3.212871e-08
1269 1.892488e-08
1270 1.181051e-08
1271 0.000000e+00
1272 0.000000e+00
1273 0.000000e+00
1274 0.000000e+00
1275 9.282217e-08
1276 9.662266e-08
1277 8.740175e-08
1278 6.684036e-08
1279 4.831898e-08
1280 3.618675e-08
1281 2.043774e-08
1282 1.233734e-08
1283 6.973122e-09
1284 4.029038e-09
1285 2.412710e-09
1286 0.000000e+00
1287 0.000000e+00
1288 0.000000e+00
1289 0.000000e+00
1290 1.733542e-07
1291 1.808810e-07
1292 1.641978e-07
1293 1.259616e-07
1294 9.099270e-08
1295 6.826552e-08
1296 3.868311e-08
1297 2.343829e-08
1298 1.321364e-08
1299 7.613494e-09
1300 4.548978e-09
1301 0.000000e+00
1302 0.000000e+00
1303 0.000000e+00
1304 0.000000e+00
1305 2.424634e-07
1306 2.531893e-07
1307 2.301013e-07
1308 1.766982e-07
1309 1.276148e-07
1310 9.579444e-08
1311 5.434248e-08
1312 3.296555e-08
1313 1.856967e-08
1314 1.068970e-08
1315 6.382326e-09
1316 0.000000e+00
1317 0.000000e+00
1318 0.000000e+00
1319 0.000000e+00
1320 3.078577e-07
1321 3.216065e-07
1322 2.924568e-07
1323 2.247029e-07
1324 1.622652e-07
1325 1.218404e-07
1326 6.915697e-08
1327 4.197839e-08
1328 2.363663e-08
1329 1.359998e-08
1330 8.116900e-09
1331 0.000000e+00
1332 0.000000e+00
1333 0.000000e+00
1334 0.000000e+00
1335 3.841561e-07
1336 4.014323e-07
1337 3.652105e-07
1338 2.807097e-07
1339 2.026908e-07
1340 1.522281e-07
1341 8.644124e-08
1342 5.249408e-08
1343 2.954836e-08
1344 1.699550e-08
1345 1.014064e-08
1346 0.000000e+00
1347 0.000000e+00
1348 0.000000e+00
1349 0.000000e+00
1350 7.043138e-08
1351 7.621292e-08
1352 7.304899e-08
1353 5.916465e-08
1354 4.267790e-08
1355 3.217945e-08
1356 2.007593e-08
1357 1.231611e-08
1358 6.837253e-09
1359 3.764370e-09
1360 2.176633e-09
1361 1.324257e-09
1362 0.000000e+00
1363 0.000000e+00
1364 0.000000e+00
1365 1.383937e-07
1366 1.500455e-07
1367 1.442462e-07
1368 1.172415e-07
1369 8.463762e-08
1370 6.374379e-08
1371 4.009042e-08
1372 2.450781e-08
1373 1.360883e-08
1374 7.497410e-09
1375 4.323285e-09
1376 2.623409e-09
1377 0.000000e+00
1378 0.000000e+00
1379 0.000000e+00
1380 2.010031e-07
1381 2.180563e-07
1382 2.098198e-07
1383 1.707216e-07
1384 1.232755e-07
1385 9.281020e-08
1386 5.851418e-08
1387 3.573215e-08
1388 1.984300e-08
1389 1.093430e-08
1390 6.299815e-09
1391 3.819753e-09
1392 0.000000e+00
1393 0.000000e+00
1394 0.000000e+00
1395 2.739546e-07
1396 2.973002e-07
1397 2.862206e-07
1398 2.330303e-07
1399 1.682909e-07
1400 1.266749e-07
1401 7.997821e-08
1402 4.880901e-08
1403 2.710609e-08
1404 1.493828e-08
1405 8.602574e-09
1406 5.213599e-09
1407 0.000000e+00
1408 0.000000e+00
1409 0.000000e+00
1410 5.705126e-08
1411 6.365319e-08
1412 6.391565e-08
1413 5.486523e-08
1414 4.042485e-08
1415 2.978292e-08
1416 2.095950e-08
1417 1.196712e-08
1418 6.733772e-09
1419 3.810640e-09
1420 2.119832e-09
1421 1.236873e-09
1422 0.000000e+00
1423 0.000000e+00
1424 0.000000e+00
1425 1.179000e-07
1426 1.317696e-07
1427 1.326601e-07
1428 1.142882e-07
1429 8.438540e-08
1430 6.207432e-08
1431 4.393954e-08
1432 2.498716e-08
1433 1.409782e-08
1434 7.976123e-09
1435 4.434244e-09
1436 2.580967e-09
1437 0.000000e+00
1438 0.000000e+00
1439 0.000000e+00
1440 1.864659e-07
1441 2.085133e-07
1442 2.100928e-07
1443 1.811975e-07
1444 1.338744e-07
1445 9.843172e-08
1446 6.979941e-08
1447 3.964442e-08
1448 2.238585e-08
1449 1.266432e-08
1450 7.039246e-09
1451 4.094128e-09
1452 0.000000e+00
1453 0.000000e+00
1454 0.000000e+00
1455 4.998902e-08
1456 5.727237e-08
1457 5.984275e-08
1458 5.434387e-08
1459 4.165477e-08
1460 3.008853e-08
1461 2.259414e-08
1462 1.265900e-08
1463 7.567080e-09
1464 4.147241e-09
1465 2.287426e-09
1466 1.277693e-09
1467 0.000000e+00
1468 0.000000e+00
1469 0.000000e+00
1470 1.144178e-07
1471 1.312910e-07
1472 1.374998e-07
1473 1.252944e-07
1474 9.633668e-08
1475 6.954039e-08
1476 5.230425e-08
1477 2.941250e-08
1478 1.765420e-08
1479 9.654090e-09
1480 5.309425e-09
1481 2.958517e-09
1482 0.000000e+00
1483 0.000000e+00
1484 0.000000e+00
1485 5.309389e-08
1486 6.238176e-08
1487 6.762913e-08
1488 6.491123e-08
1489 5.261704e-08
1490 3.796351e-08
1491 2.864230e-08
1492 1.779745e-08
1493 1.083442e-08
1494 5.879132e-09
1495 3.096142e-09
1496 1.670841e-09
1497 9.307078e-10
1498 0.000000e+00
1499 0.000000e+00
1500 1.109684e-04
1501 8.086786e-05
1502 6.035546e-05
1503 3.805236e-05
1504 2.321989e-05
1505 1.369104e-05
1506 8.324421e-06
1507 5.304277e-06
1508 3.565556e-06
1509 0.000000e+00
1510 0.000000e+00
1511 0.000000e+00
1512 0.000000e+00
1513 0.000000e+00
1514 0.000000e+00
1515 5.757601e-05
1516 4.644359e-05
1517 3.369791e-05
1518 2.528332e-05
1519 1.597668e-05
1520 9.754545e-06
1521 5.648866e-06
1522 3.364481e-06
1523 2.093966e-06
1524 1.379138e-06
1525 0.000000e+00
1526 0.000000e+00
1527 0.000000e+00
1528 0.000000e+00
1529 0.000000e+00
1530 4.047788e-05
1531 3.713775e-05
1532 2.882267e-05
1533 2.080348e-05
1534 1.566222e-05
1535 9.111532e-06
1536 5.625604e-06
1537 3.225263e-06
1538 1.896511e-06
1539 1.174730e-06
1540 0.000000e+00
1541 0.000000e+00
1542 0.000000e+00
1543 0.000000e+00
1544 0.000000e+00
1545 2.912801e-05
1546 2.891312e-05
1547 2.448503e-05
1548 1.793535e-05
1549 1.328396e-05
1550 9.154542e-06
1551 5.351144e-06
1552 3.053081e-06
1553 1.771954e-06
1554 1.042590e-06
1555 6.506122e-07
1556 0.000000e+00
1557 0.000000e+00
1558 0.000000e+00
1559 0.000000e+00
1560 2.085098e-05
1561 2.179680e-05
1562 1.983793e-05
1563 1.524768e-05
1564 1.100576e-05
1565 8.274949e-06
1566 4.689296e-06
1567 2.850415e-06
1568 1.602925e-06
1569 9.233707e-07
1570 5.506294e-07
1571 0.000000e+00
1572 0.000000e+00
1573 0.000000e+00
1574 0.000000e+00
1575 1.487210e-05
1576 1.614453e-05
1577 1.554949e-05
1578 1.266314e-05
1579 9.143013e-06
1580 6.883420e-06
1581 4.347301e-06
1582 2.655947e-06
1583 1.474901e-06
1584 8.112783e-07
1585 4.673052e-07
1586 2.832009e-07
1587 0.000000e+00
1588 0.000000e+00
1589 0.000000e+00
1590 1.001028e-05
1591 1.119728e-05
1592 1.128693e-05
1593 9.739022e-06
1594 7.195644e-06
1595 5.289411e-06
1596 3.755371e-06
1597 2.130464e-06
1598 1.202339e-06
1599 6.811759e-07
1600 3.783133e-07
1601 2.200058e-07
1602 0.000000e+00
1603 0.000000e+00
1604 0.000000e+00
1605 6.201116e-06
1606 7.118100e-06
1607 7.458527e-06
1608 6.801106e-06
1609 5.231433e-06
1610 3.775220e-06
1611 2.841823e-06
1612 1.597077e-06
1613 9.596537e-07
1614 5.242846e-07
1615 2.885232e-07
1616 1.606418e-07
1617 0.000000e+00
1618 0.000000e+00
1619 0.000000e+00
1620 3.163407e-06
1621 3.720115e-06
1622 4.038202e-06
1623 3.883392e-06
1624 3.154630e-06
1625 2.276770e-06
1626 1.716871e-06
1627 1.071974e-06
1628 6.518364e-07
1629 3.538249e-07
1630 1.861971e-07
1631 1.003484e-07
1632 5.578990e-08
1633 0.000000e+00
1634 0.000000e+00
1635 8.891198e-07
1636 1.072208e-06
1637 1.206146e-06
1638 1.224576e-06
1639 1.066696e-06
1640 7.933436e-07
1641 5.815894e-07
1642 4.169104e-07
1643 2.343421e-07
1644 1.314261e-07
1645 7.164692e-08
1646 3.730540e-08
1647 1.958823e-08
1648 0.000000e+00
1649 0.000000e+00
