0 2.301016e-09
1 1.498342e-09
2 9.434177e-10
3 5.937837e-10
4 3.811733e-10
5 2.504733e-10
6 1.664781e-10
7 1.094053e-10
8 6.944724e-11
9 4.182272e-11
10 2.365205e-11
11 1.253788e-11
12 6.269373e-12
13 2.989939e-12
14 1.376933e-12
15 3.876432e-09
16 2.583055e-09
17 1.645226e-09
18 1.025787e-09
19 6.479648e-10
20 4.189972e-10
21 2.768680e-10
22 1.835564e-10
23 1.191249e-10
24 7.403879e-11
25 4.338967e-11
26 2.382012e-11
27 1.227471e-11
28 5.990588e-12
29 2.802821e-12
30 4.463640e-09
31 2.995983e-09
32 1.920017e-09
33 1.196645e-09
34 7.526426e-10
35 4.839593e-10
36 3.185916e-10
37 2.113174e-10
38 1.377883e-10
39 8.634017e-11
40 5.113707e-11
41 2.839432e-11
42 1.478485e-11
43 7.277778e-12
44 3.426054e-12
45 4.790139e-09
46 3.225858e-09
47 2.073216e-09
48 1.292088e-09
49 8.111087e-10
50 5.202207e-10
51 3.419007e-10
52 2.267384e-10
53 1.481662e-10
54 9.318209e-11
55 5.544509e-11
56 3.093709e-11
57 1.618636e-11
58 7.998120e-12
59 3.775729e-12
60 5.009105e-09
61 3.380263e-09
62 2.175971e-09
63 1.356148e-09
64 8.503325e-10
65 5.446187e-10
66 3.575577e-10
67 2.371367e-10
68 1.551240e-10
69 9.778264e-11
70 5.835433e-11
71 3.265965e-11
72 1.713014e-11
73 8.482491e-12
74 4.011686e-12
75 5.214070e-09
76 3.523209e-09
77 2.270771e-09
78 1.415140e-09
79 8.866640e-10
80 5.673223e-10
81 3.721708e-10
82 2.468311e-10
83 1.616435e-10
84 1.020448e-10
85 6.099609e-11
86 3.420519e-11
87 1.797704e-11
88 8.915410e-12
89 4.220505e-12
90 5.306631e-09
91 3.589701e-09
92 2.315562e-09
93 1.443306e-09
94 9.037231e-10
95 5.777122e-10
96 3.788146e-10
97 2.512409e-10
98 1.646463e-10
99 1.040526e-10
100 6.229702e-11
101 3.498686e-11
102 1.841253e-11
103 9.141699e-12
104 4.331192e-12
105 5.423944e-09
106 3.671865e-09
107 2.370790e-09
108 1.477647e-09
109 9.246809e-10
110 5.907415e-10
111 3.871518e-10
112 2.567829e-10
113 1.683017e-10
114 1.064696e-10
115 6.381519e-11
116 3.589776e-11
117 1.891734e-11
118 9.401078e-12
119 4.453848e-12
120 5.534971e-09
121 3.750434e-09
122 2.423097e-09
123 1.510109e-09
124 9.445871e-10
125 6.030587e-10
126 3.950276e-10
127 2.620393e-10
128 1.718873e-10
129 1.088329e-10
130 6.531557e-11
131 3.676952e-11
132 1.939374e-11
133 9.646134e-12
134 4.576147e-12
135 5.661811e-09
136 3.839337e-09
137 2.482991e-09
138 1.547503e-09
139 9.674433e-10
140 6.172989e-10
141 4.041809e-10
142 2.680339e-10
143 1.759588e-10
144 1.115370e-10
145 6.701057e-11
146 3.777156e-11
147 1.994561e-11
148 9.927820e-12
149 4.712827e-12
150 7.946650e-09
151 5.475246e-09
152 3.599227e-09
153 2.251041e-09
154 1.395606e-09
155 8.795642e-10
156 5.699620e-10
157 3.769478e-10
158 2.491689e-10
159 1.604561e-10
160 9.848802e-11
161 5.683117e-11
162 3.067789e-11
163 1.555172e-11
164 7.481539e-12
165 1.005272e-08
166 7.016002e-09
167 4.678736e-09
168 2.957514e-09
169 1.825011e-09
170 1.140768e-09
171 7.311292e-10
172 4.803213e-10
173 3.178966e-10
174 2.065835e-10
175 1.287788e-10
176 7.575554e-11
177 4.172348e-11
178 2.154033e-11
179 1.051242e-11
180 1.130344e-08
181 7.937778e-09
182 5.326307e-09
183 3.386073e-09
184 2.087001e-09
185 1.300148e-09
186 8.288282e-10
187 5.426024e-10
188 3.590576e-10
189 2.341911e-10
190 1.469558e-10
191 8.717314e-11
192 4.844922e-11
193 2.522542e-11
194 1.239707e-11
195 1.214969e-08
196 8.563110e-09
197 5.766247e-09
198 3.677353e-09
199 2.265564e-09
200 1.408531e-09
201 8.952180e-10
202 5.849829e-10
203 3.870254e-10
204 2.529284e-10
205 1.592923e-10
206 9.493891e-11
207 5.303095e-11
208 2.773923e-11
209 1.368426e-11
210 1.288441e-08
211 9.102686e-09
212 6.144315e-09
213 3.925922e-09
214 2.418211e-09
215 1.501579e-09
216 9.525397e-10
217 6.215075e-10
218 4.111427e-10
219 2.690391e-10
220 1.698357e-10
221 1.015425e-10
222 5.690293e-11
223 2.984957e-11
224 1.476256e-11
225 1.330001e-08
226 9.412026e-09
227 6.363419e-09
228 4.072933e-09
229 2.507844e-09
230 1.555798e-09
231 9.854570e-10
232 6.424296e-10
233 4.249470e-10
234 2.783246e-10
235 1.760125e-10
236 1.054515e-10
237 5.922964e-11
238 3.114142e-11
239 1.542788e-11
240 1.374732e-08
241 9.742552e-09
242 6.596545e-09
243 4.227381e-09
244 2.602808e-09
245 1.613438e-09
246 1.020659e-09
247 6.647719e-10
248 4.397837e-10
249 2.882592e-10
250 1.825530e-10
251 1.095644e-10
252 6.166041e-11
253 3.247487e-11
254 1.610592e-11
255 1.417423e-08
256 1.005768e-08
257 6.818690e-09
258 4.374672e-09
259 2.692664e-09
260 1.667993e-09
261 1.054167e-09
262 6.860845e-10
263 4.538763e-10
264 2.976976e-10
265 1.887682e-10
266 1.134807e-10
267 6.396726e-11
268 3.373685e-11
269 1.675625e-11
270 1.467004e-08
271 1.042370e-08
272 7.076003e-09
273 4.544816e-09
274 2.796761e-09
275 1.731707e-09
276 1.093362e-09
277 7.110032e-10
278 4.702166e-10
279 3.086530e-10
280 1.959971e-10
281 1.180293e-10
282 6.664268e-11
283 3.520716e-11
284 1.750908e-11
285 1.368363e-08
286 9.741842e-09
287 6.619092e-09
288 4.273402e-09
289 2.635599e-09
290 1.631853e-09
291 1.028590e-09
292 6.669389e-10
293 4.398062e-10
294 2.882181e-10
295 1.830316e-10
296 1.104498e-10
297 6.260185e-11
298 3.322559e-11
299 1.659629e-11
300 1.610966e-08
301 1.160259e-08
302 7.956345e-09
303 5.195608e-09
304 3.217522e-09
305 1.982388e-09
306 1.239834e-09
307 7.975786e-10
308 5.239331e-10
309 3.440936e-10
310 2.202261e-10
311 1.344967e-10
312 7.733281e-11
313 4.165132e-11
314 2.107876e-11
315 1.779982e-08
316 1.290972e-08
317 8.899201e-09
318 5.848768e-09
319 3.633549e-09
320 2.232364e-09
321 1.390791e-09
322 8.905677e-10
323 5.835078e-10
324 3.835038e-10
325 2.464345e-10
326 1.514762e-10
327 8.777896e-11
328 4.766020e-11
329 2.429604e-11
330 1.922434e-08
331 1.400509e-08
332 9.684267e-09
333 6.388896e-09
334 3.978149e-09
335 2.440195e-09
336 1.516449e-09
337 9.682440e-10
338 6.334659e-10
339 4.164670e-10
340 2.682629e-10
341 1.655532e-10
342 9.640237e-11
343 5.260353e-11
344 2.693596e-11
345 2.010812e-08
346 1.469576e-08
347 1.018729e-08
348 6.740010e-09
349 4.201867e-09
350 2.574506e-09
351 1.596991e-09
352 1.017608e-09
353 6.648893e-10
354 4.372839e-10
355 2.821985e-10
356 1.746454e-10
357 1.020390e-10
358 5.587317e-11
359 2.869864e-11
360 2.101022e-08
361 1.539425e-08
362 1.069172e-08
363 7.087802e-09
364 4.423777e-09
365 2.708361e-09
366 1.677562e-09
367 1.067225e-09
368 6.966674e-10
369 4.583172e-10
370 2.961681e-10
371 1.836956e-10
372 1.076098e-10
373 5.907854e-11
374 3.041661e-11
375 2.186323e-08
376 1.605424e-08
377 1.116751e-08
378 7.417865e-09
379 4.633666e-09
380 2.834867e-09
381 1.753896e-09
382 1.114186e-09
383 7.267622e-10
384 4.782205e-10
385 3.094127e-10
386 1.922725e-10
387 1.128869e-10
388 6.211602e-11
389 3.204430e-11
390 2.286028e-08
391 1.682660e-08
392 1.172432e-08
393 7.803272e-09
394 4.879683e-09
395 2.983463e-09
396 1.843450e-09
397 1.169354e-09
398 7.619731e-10
399 5.015447e-10
400 3.249172e-10
401 2.023200e-10
402 1.190721e-10
403 6.567158e-11
404 3.395084e-11
405 1.970032e-08
406 1.444459e-08
407 1.002809e-08
408 6.649506e-09
409 4.164216e-09
410 2.550574e-09
411 1.581576e-09
412 1.005236e-09
413 6.550549e-10
414 4.301198e-10
415 2.774913e-10
416 1.719594e-10
417 1.007550e-10
418 5.538793e-11
419 2.857470e-11
420 2.237637e-08
421 1.660142e-08
422 1.161768e-08
423 7.768716e-09
424 4.907472e-09
425 2.998368e-09
426 1.851048e-09
427 1.167652e-09
428 7.565014e-10
429 4.960338e-10
430 3.211869e-10
431 2.006147e-10
432 1.188171e-10
433 6.611170e-11
434 3.451243e-11
435 2.461181e-08
436 1.840430e-08
437 1.294341e-08
438 8.702713e-09
439 5.527136e-09
440 3.373571e-09
441 2.077487e-09
442 1.304116e-09
443 8.418872e-10
444 5.513424e-10
445 3.577308e-10
446 2.244989e-10
447 1.338360e-10
448 7.502228e-11
449 3.944971e-11
450 2.609292e-08
451 1.961190e-08
452 1.384412e-08
453 9.341792e-09
454 5.954251e-09
455 3.632835e-09
456 2.232560e-09
457 1.397167e-09
458 8.993660e-10
459 5.886014e-10
460 3.824322e-10
461 2.407728e-10
462 1.441745e-10
463 8.121894e-11
464 4.291561e-11
465 2.754658e-08
466 2.079265e-08
467 1.471778e-08
468 9.956549e-09
469 6.364684e-09
470 3.881965e-09
471 2.381903e-09
472 1.487043e-09
473 9.554675e-10
474 6.248875e-10
475 4.064259e-10
476 2.565047e-10
477 1.541103e-10
478 8.714127e-11
479 4.621123e-11
480 2.892168e-08
481 2.190444e-08
482 1.554336e-08
483 1.053856e-08
484 6.753298e-09
485 4.117206e-09
486 2.523527e-09
487 1.572001e-09
488 1.008407e-09
489 6.591744e-10
490 4.291318e-10
491 2.713898e-10
492 1.635078e-10
493 9.273555e-11
494 4.932308e-11
495 3.053208e-08
496 2.320918e-08
497 1.650844e-08
498 1.122056e-08
499 7.207318e-09
500 4.392559e-09
501 2.688995e-09
502 1.671631e-09
503 1.070399e-09
504 6.993104e-10
505 4.556688e-10
506 2.887712e-10
507 1.744959e-10
508 9.928842e-11
509 5.296964e-11
510 2.604146e-08
511 1.964710e-08
512 1.390576e-08
513 9.395505e-09
514 6.013912e-09
515 3.674777e-09
516 2.257082e-09
517 1.409346e-09
518 9.049749e-10
519 5.910442e-10
520 3.837485e-10
521 2.418014e-10
522 1.451214e-10
523 8.203809e-11
524 4.353160e-11
525 2.919759e-08
526 2.228658e-08
527 1.590223e-08
528 1.081752e-08
529 6.984725e-09
530 4.276076e-09
531 2.617419e-09
532 1.623693e-09
533 1.036300e-09
534 6.744720e-10
535 4.383361e-10
536 2.776081e-10
537 1.679888e-10
538 9.593368e-11
539 5.145294e-11
540 3.138169e-08
541 2.414963e-08
542 1.732968e-08
543 1.184496e-08
544 7.691824e-09
545 4.718032e-09
546 2.880292e-09
547 1.779507e-09
548 1.130615e-09
549 7.341422e-10
550 4.773358e-10
551 3.033082e-10
552 1.845425e-10
553 1.060977e-10
554 5.730976e-11
555 3.348597e-08
556 2.592861e-08
557 1.868756e-08
558 1.281516e-08
559 8.357820e-09
560 5.132747e-09
561 3.128315e-09
562 1.926988e-09
563 1.220409e-09
564 7.909116e-10
565 5.144039e-10
566 3.276549e-10
567 2.001516e-10
568 1.156344e-10
569 6.278082e-11
570 3.548182e-08
571 2.761645e-08
572 1.997581e-08
573 1.373693e-08
574 8.990787e-09
575 5.527250e-09
576 3.363965e-09
577 2.066916e-09
578 1.305621e-09
579 8.448262e-10
580 5.496212e-10
581 3.507827e-10
582 2.149778e-10
583 1.246938e-10
584 6.797866e-11
585 3.782073e-08
586 2.958918e-08
587 2.148086e-08
588 1.481341e-08
589 9.727765e-09
590 5.987087e-09
591 3.638671e-09
592 2.230015e-09
593 1.404910e-09
594 9.076404e-10
595 5.906454e-10
596 3.777323e-10
597 2.322569e-10
598 1.352507e-10
599 7.403518e-11
600 3.332296e-08
601 2.583856e-08
602 1.865191e-08
603 1.279617e-08
604 8.355992e-09
605 5.146743e-09
606 3.135628e-09
607 1.930953e-09
608 1.221476e-09
609 7.903452e-10
610 5.133508e-10
611 3.267585e-10
612 1.996363e-10
613 1.154612e-10
614 6.280689e-11
615 3.634424e-08
616 2.850795e-08
617 2.075912e-08
618 1.433131e-08
619 9.430337e-09
620 5.840623e-09
621 3.546837e-09
622 2.174431e-09
623 1.366499e-09
624 8.799959e-10
625 5.709734e-10
626 3.645211e-10
627 2.241198e-10
628 1.307442e-10
629 7.181972e-11
630 3.923358e-08
631 3.104332e-08
632 2.275647e-08
633 1.578019e-08
634 1.044228e-08
635 6.493991e-09
636 3.935441e-09
637 2.405018e-09
638 1.504335e-09
639 9.651341e-10
640 6.256220e-10
641 4.002252e-10
642 2.471815e-10
643 1.450884e-10
644 8.025661e-11
645 4.197396e-08
646 3.344887e-08
647 2.465173e-08
648 1.715832e-08
649 1.140360e-08
650 7.115039e-09
651 4.304545e-09
652 2.624394e-09
653 1.635182e-09
654 1.046018e-09
655 6.775367e-10
656 4.341364e-10
657 2.690820e-10
658 1.587110e-10
659 8.826937e-11
660 4.518391e-08
661 3.625984e-08
662 2.686687e-08
663 1.876681e-08
664 1.252516e-08
665 7.840076e-09
666 4.735871e-09
667 2.880137e-09
668 1.787900e-09
669 1.140439e-09
670 7.381117e-10
671 4.737096e-10
672 2.946428e-10
673 1.746102e-10
674 9.762269e-11
675 4.021457e-08
676 3.202282e-08
677 2.360705e-08
678 1.643047e-08
679 1.091369e-08
680 6.823993e-09
681 4.131338e-09
682 2.521183e-09
683 1.570425e-09
684 1.003770e-09
685 6.493138e-10
686 4.154439e-10
687 2.571982e-10
688 1.516076e-10
689 8.433368e-11
690 4.397198e-08
691 3.542347e-08
692 2.637501e-08
693 1.847405e-08
694 1.235572e-08
695 7.783947e-09
696 4.706275e-09
697 2.862840e-09
698 1.771303e-09
699 1.125313e-09
700 7.258455e-10
701 4.649609e-10
702 2.892307e-10
703 1.717712e-10
704 9.642361e-11
705 4.754929e-08
706 3.867822e-08
707 2.902222e-08
708 2.043810e-08
709 1.374126e-08
710 8.707875e-09
711 5.260792e-09
712 3.191897e-09
713 1.964762e-09
714 1.242220e-09
715 7.993750e-10
716 5.124523e-10
717 3.199317e-10
718 1.911001e-10
719 1.080280e-10
720 5.173914e-08
721 4.248357e-08
722 3.211115e-08
723 2.272923e-08
724 1.535734e-08
725 9.786427e-09
726 5.908434e-09
727 3.576539e-09
728 2.190539e-09
729 1.378774e-09
730 8.851453e-10
731 5.678554e-10
732 3.557496e-10
733 2.136489e-10
734 1.215667e-10
735 4.871473e-08
736 3.984469e-08
737 3.006195e-08
738 2.125445e-08
739 1.433246e-08
740 9.129250e-09
741 5.524828e-09
742 3.348036e-09
743 2.053580e-09
744 1.293472e-09
745 8.298648e-10
746 5.314380e-10
747 3.321292e-10
748 1.989624e-10
749 1.129696e-10
750 5.334970e-08
751 4.419066e-08
752 3.372398e-08
753 2.403009e-08
754 1.631076e-08
755 1.048036e-08
756 6.355322e-09
757 3.838752e-09
758 2.339130e-09
759 1.462906e-09
760 9.340241e-10
761 5.976348e-10
762 3.747148e-10
763 2.259525e-10
764 1.294361e-10
765 5.878928e-08
766 4.929691e-08
767 3.801632e-08
768 2.729198e-08
769 1.863890e-08
770 1.207218e-08
771 7.336366e-09
772 4.418480e-09
773 2.676033e-09
774 1.662709e-09
775 1.056642e-09
776 6.754828e-10
777 4.247627e-10
778 2.576643e-10
779 1.487907e-10
780 5.927557e-08
781 4.990408e-08
782 3.868152e-08
783 2.788442e-08
784 1.908830e-08
785 1.240874e-08
786 7.575716e-09
787 4.555629e-09
788 2.755035e-09
789 1.705887e-09
790 1.080233e-09
791 6.888711e-10
792 4.328802e-10
793 2.628822e-10
794 1.522228e-10
795 6.639282e-08
796 5.680447e-08
797 4.470869e-08
798 3.260938e-08
799 2.250916e-08
800 1.478890e-08
801 9.098615e-09
802 5.450090e-09
803 3.275344e-09
804 2.008284e-09
805 1.261009e-09
806 8.009188e-10
807 5.039514e-10
808 3.079032e-10
809 1.800244e-10
810 7.617461e-08
811 6.662471e-08
812 5.366698e-08
813 3.991357e-08
814 2.791506e-08
815 1.860351e-08
816 1.163921e-08
817 6.955131e-09
818 4.155304e-09
819 2.510077e-09
820 1.552136e-09
821 9.756658e-10
822 6.121979e-10
823 3.758319e-10
824 2.221949e-10
825 5.082459e-07
826 3.712395e-07
827 2.750839e-07
828 1.713264e-07
829 1.043533e-07
830 6.181857e-08
831 3.774420e-08
832 2.421044e-08
833 1.634125e-08
834 0.000000e+00
835 0.000000e+00
836 0.000000e+00
837 0.000000e+00
838 0.000000e+00
839 0.000000e+00
840 7.609916e-07
841 5.559727e-07
842 4.124099e-07
843 2.596433e-07
844 1.577871e-07
845 9.335985e-08
846 5.689894e-08
847 3.636787e-08
848 2.448315e-08
849 0.000000e+00
850 0.000000e+00
851 0.000000e+00
852 0.000000e+00
853 0.000000e+00
854 0.000000e+00
855 9.034708e-07
856 6.601393e-07
857 4.898344e-07
858 3.095543e-07
859 1.879543e-07
860 1.111685e-07
861 6.771198e-08
862 4.322638e-08
863 2.907417e-08
864 0.000000e+00
865 0.000000e+00
866 0.000000e+00
867 0.000000e+00
868 0.000000e+00
869 0.000000e+00
870 9.993278e-07
871 7.302182e-07
872 5.419243e-07
873 3.431341e-07
874 2.082519e-07
875 1.231503e-07
876 7.498702e-08
877 4.784112e-08
878 3.216291e-08
879 0.000000e+00
880 0.000000e+00
881 0.000000e+00
882 0.000000e+00
883 0.000000e+00
884 0.000000e+00
885 1.079590e-06
886 7.888974e-07
887 5.855283e-07
888 3.711959e-07
889 2.252212e-07
890 1.331692e-07
891 8.107178e-08
892 5.170289e-08
893 3.474906e-08
894 0.000000e+00
895 0.000000e+00
896 0.000000e+00
897 0.000000e+00
898 0.000000e+00
899 0.000000e+00
900 1.129439e-06
901 8.253442e-07
902 6.126261e-07
903 3.887123e-07
904 2.358020e-07
905 1.394142e-07
906 8.486152e-08
907 5.410480e-08
908 3.635564e-08
909 0.000000e+00
910 0.000000e+00
911 0.000000e+00
912 0.000000e+00
913 0.000000e+00
914 0.000000e+00
915 1.180268e-06
916 8.625041e-07
917 6.402459e-07
918 4.065191e-07
919 2.465652e-07
920 1.457672e-07
921 8.871918e-08
922 5.655163e-08
923 3.799350e-08
924 0.000000e+00
925 0.000000e+00
926 0.000000e+00
927 0.000000e+00
928 0.000000e+00
929 0.000000e+00
930 1.228460e-06
931 8.977376e-07
932 6.664337e-07
933 4.234011e-07
934 2.567693e-07
935 1.517905e-07
936 9.237652e-08
937 5.887147e-08
938 3.954628e-08
939 0.000000e+00
940 0.000000e+00
941 0.000000e+00
942 0.000000e+00
943 0.000000e+00
944 0.000000e+00
945 1.284683e-06
946 9.388454e-07
947 6.969857e-07
948 4.430983e-07
949 2.686743e-07
950 1.588185e-07
951 9.664394e-08
952 6.157795e-08
953 4.135810e-08
954 0.000000e+00
955 0.000000e+00
956 0.000000e+00
957 0.000000e+00
958 0.000000e+00
959 0.000000e+00
960 3.400647e-07
961 2.709662e-07
962 1.965761e-07
963 1.474042e-07
964 9.128527e-08
965 5.585878e-08
966 3.246700e-08
967 1.941242e-08
968 1.216236e-08
969 8.050747e-09
970 0.000000e+00
971 0.000000e+00
972 0.000000e+00
973 0.000000e+00
974 0.000000e+00
975 5.202413e-07
976 4.171722e-07
977 3.029034e-07
978 2.269430e-07
979 1.422337e-07
980 8.672312e-08
981 5.037136e-08
982 3.007924e-08
983 1.878213e-08
984 1.239891e-08
985 0.000000e+00
986 0.000000e+00
987 0.000000e+00
988 0.000000e+00
989 0.000000e+00
990 6.448121e-07
991 5.183993e-07
992 3.765467e-07
993 2.820116e-07
994 1.775998e-07
995 1.081224e-07
996 6.278599e-08
997 3.747521e-08
998 2.336911e-08
999 1.541004e-08
1000 0.000000e+00
1001 0.000000e+00
1002 0.000000e+00
1003 0.000000e+00
1004 0.000000e+00
1005 7.440226e-07
1006 5.989713e-07
1007 4.351561e-07
1008 3.258439e-07
1009 2.057235e-07
1010 1.251431e-07
1011 7.266164e-08
1012 4.335923e-08
1013 2.701912e-08
1014 1.780664e-08
1015 0.000000e+00
1016 0.000000e+00
1017 0.000000e+00
1018 0.000000e+00
1019 0.000000e+00
1020 8.139596e-07
1021 6.558390e-07
1022 4.765327e-07
1023 3.567807e-07
1024 2.256220e-07
1025 1.371778e-07
1026 7.964314e-08
1027 4.751755e-08
1028 2.959718e-08
1029 1.949827e-08
1030 0.000000e+00
1031 0.000000e+00
1032 0.000000e+00
1033 0.000000e+00
1034 0.000000e+00
1035 8.800254e-07
1036 7.095243e-07
1037 5.155916e-07
1038 3.859857e-07
1039 2.443794e-07
1040 1.485270e-07
1041 8.622743e-08
1042 5.144028e-08
1043 3.202995e-08
1044 2.109535e-08
1045 0.000000e+00
1046 0.000000e+00
1047 0.000000e+00
1048 0.000000e+00
1049 0.000000e+00
1050 9.426736e-07
1051 7.604327e-07
1052 5.526249e-07
1053 4.136780e-07
1054 2.621647e-07
1055 1.592896e-07
1056 9.247120e-08
1057 5.515972e-08
1058 3.433673e-08
1059 2.260959e-08
1060 0.000000e+00
1061 0.000000e+00
1062 0.000000e+00
1063 0.000000e+00
1064 0.000000e+00
1065 1.015768e-06
1066 8.198310e-07
1067 5.958365e-07
1068 4.459927e-07
1069 2.829175e-07
1070 1.718473e-07
1071 9.975607e-08
1072 5.949995e-08
1073 3.702828e-08
1074 2.437647e-08
1075 0.000000e+00
1076 0.000000e+00
1077 0.000000e+00
1078 0.000000e+00
1079 0.000000e+00
1080 2.012225e-07
1081 1.830924e-07
1082 1.411235e-07
1083 1.020480e-07
1084 7.647908e-08
1085 4.423947e-08
1086 2.712103e-08
1087 1.563328e-08
1088 9.240671e-09
1089 5.747555e-09
1090 0.000000e+00
1091 0.000000e+00
1092 0.000000e+00
1093 0.000000e+00
1094 0.000000e+00
1095 3.304459e-07
1096 3.018655e-07
1097 2.335227e-07
1098 1.687663e-07
1099 1.266505e-07
1100 7.362243e-08
1101 4.524179e-08
1102 2.602288e-08
1103 1.533332e-08
1104 9.517471e-09
1105 0.000000e+00
1106 0.000000e+00
1107 0.000000e+00
1108 0.000000e+00
1109 0.000000e+00
1110 4.340039e-07
1111 3.971233e-07
1112 3.076837e-07
1113 2.223129e-07
1114 1.669215e-07
1115 9.723705e-08
1116 5.980838e-08
1117 3.437225e-08
1118 2.022634e-08
1119 1.254388e-08
1120 0.000000e+00
1121 0.000000e+00
1122 0.000000e+00
1123 0.000000e+00
1124 0.000000e+00
1125 5.118675e-07
1126 4.687719e-07
1127 3.634880e-07
1128 2.626035e-07
1129 1.972257e-07
1130 1.150174e-07
1131 7.077884e-08
1132 4.065897e-08
1133 2.390921e-08
1134 1.482137e-08
1135 0.000000e+00
1136 0.000000e+00
1137 0.000000e+00
1138 0.000000e+00
1139 0.000000e+00
1140 5.827486e-07
1141 5.339873e-07
1142 4.142683e-07
1143 2.992682e-07
1144 2.248018e-07
1145 1.311919e-07
1146 8.075741e-08
1147 4.637790e-08
1148 2.726008e-08
1149 1.689370e-08
1150 0.000000e+00
1151 0.000000e+00
1152 0.000000e+00
1153 0.000000e+00
1154 0.000000e+00
1155 6.499630e-07
1156 5.958254e-07
1157 4.624212e-07
1158 3.340351e-07
1159 2.509506e-07
1160 1.465295e-07
1161 9.021925e-08
1162 5.180077e-08
1163 3.043750e-08
1164 1.885873e-08
1165 0.000000e+00
1166 0.000000e+00
1167 0.000000e+00
1168 0.000000e+00
1169 0.000000e+00
1170 7.283846e-07
1171 6.679733e-07
1172 5.186008e-07
1173 3.745984e-07
1174 2.814577e-07
1175 1.644239e-07
1176 1.012585e-07
1177 5.812754e-08
1178 3.414473e-08
1179 2.115149e-08
1180 0.000000e+00
1181 0.000000e+00
1182 0.000000e+00
1183 0.000000e+00
1184 0.000000e+00
1185 1.344750e-07
1186 1.327876e-07
1187 1.117217e-07
1188 8.163235e-08
1189 6.062969e-08
1190 4.124819e-08
1191 2.432408e-08
1192 1.386173e-08
1193 8.014753e-09
1194 4.734988e-09
1195 2.965152e-09
1196 0.000000e+00
1197 0.000000e+00
1198 0.000000e+00
1199 0.000000e+00
1200 2.329508e-07
1201 2.306013e-07
1202 1.946525e-07
1203 1.424429e-07
1204 1.056437e-07
1205 7.231499e-08
1206 4.245997e-08
1207 2.422613e-08
1208 1.402421e-08
1209 8.272166e-09
1210 5.170890e-09
1211 0.000000e+00
1212 0.000000e+00
1213 0.000000e+00
1214 0.000000e+00
1215 3.123234e-07
1216 3.095007e-07
1217 2.616149e-07
1218 1.915695e-07
1219 1.419927e-07
1220 9.744479e-08
1221 5.711214e-08
1222 3.260333e-08
1223 1.888244e-08
1224 1.113065e-08
1225 6.952524e-09
1226 0.000000e+00
1227 0.000000e+00
1228 0.000000e+00
1229 0.000000e+00
1230 3.831935e-07
1231 3.799432e-07
1232 3.213903e-07
1233 2.354215e-07
1234 1.744400e-07
1235 1.198757e-07
1236 7.019122e-08
1237 4.008120e-08
1238 2.321897e-08
1239 1.368230e-08
1240 8.542871e-09
1241 0.000000e+00
1242 0.000000e+00
1243 0.000000e+00
1244 0.000000e+00
1245 4.503977e-07
1246 4.467362e-07
1247 3.780737e-07
1248 2.770046e-07
1249 2.052095e-07
1250 1.411454e-07
1251 8.259382e-08
1252 4.717229e-08
1253 2.733118e-08
1254 1.610194e-08
1255 1.005098e-08
1256 0.000000e+00
1257 0.000000e+00
1258 0.000000e+00
1259 0.000000e+00
1260 5.288015e-07
1261 5.246659e-07
1262 4.442070e-07
1263 3.255223e-07
1264 2.411084e-07
1265 1.659601e-07
1266 9.706421e-08
1267 5.544503e-08
1268 3.212871e-08
1269 1.892488e-08
1270 1.181051e-08
1271 0.000000e+00
1272 0.000000e+00
1273 0.000000e+00
1274 0.000000e+00
1275 9.786687e-08
1276 1.019346e-07
1277 9.228873e-08
1278 7.063398e-08
1279 5.105268e-08
1280 3.825012e-08
1281 2.162291e-08
1282 1.306501e-08
1283 7.379727e-09
1284 4.260689e-09
1285 2.549990e-09
1286 0.000000e+00
1287 0.000000e+00
1288 0.000000e+00
1289 0.000000e+00
1290 1.735249e-07
1291 1.810629e-07
1292 1.643672e-07
1293 1.260948e-07
1294 9.108847e-08
1295 6.833811e-08
1296 3.872563e-08
1297 2.346475e-08
1298 1.322831e-08
1299 7.621730e-09
1300 4.553812e-09
1301 0.000000e+00
1302 0.000000e+00
1303 0.000000e+00
1304 0.000000e+00
1305 2.424635e-07
1306 2.531894e-07
1307 2.301014e-07
1308 1.766983e-07
1309 1.276149e-07
1310 9.579450e-08
1311 5.434252e-08
1312 3.296557e-08
1313 1.856968e-08
1314 1.068971e-08
1315 6.382330e-09
1316 0.000000e+00
1317 0.000000e+00
1318 0.000000e+00
1319 0.000000e+00
1320 3.078577e-07
1321 3.216065e-07
1322 2.924568e-07
1323 2.247029e-07
1324 1.622652e-07
1325 1.218404e-07
1326 6.915697e-08
1327 4.197839e-08
1328 2.363663e-08
1329 1.359998e-08
1330 8.116900e-09
1331 0.000000e+00
1332 0.000000e+00
1333 0.000000e+00
1334 0.000000e+00
1335 3.841561e-07
1336 4.014323e-07
1337 3.652105e-07
1338 2.807097e-07
1339 2.026908e-07
1340 1.522281e-07
1341 8.644124e-08
1342 5.249408e-08
1343 2.954836e-08
1344 1.699550e-08
1345 1.014064e-08
1346 0.000000e+00
1347 0.000000e+00
1348 0.000000e+00
1349 0.000000e+00
1350 7.433411e-08
1351 8.047995e-08
1352 7.720450e-08
1353 6.259272e-08
1354 4.516138e-08
1355 3.404040e-08
1356 2.128631e-08
1357 1.304483e-08
1358 7.242320e-09
1359 3.988398e-09
1360 2.304329e-09
1361 1.400890e-09
1362 0.000000e+00
1363 0.000000e+00
1364 0.000000e+00
1365 1.384882e-07
1366 1.501494e-07
1367 1.443483e-07
1368 1.173269e-07
1369 8.469941e-08
1370 6.378990e-08
1371 4.012130e-08
1372 2.452611e-08
1373 1.361897e-08
1374 7.503086e-09
1375 4.326480e-09
1376 2.625315e-09
1377 0.000000e+00
1378 0.000000e+00
1379 0.000000e+00
1380 2.010031e-07
1381 2.180563e-07
1382 2.098198e-07
1383 1.707216e-07
1384 1.232755e-07
1385 9.281020e-08
1386 5.851418e-08
1387 3.573215e-08
1388 1.984300e-08
1389 1.093430e-08
1390 6.299816e-09
1391 3.819753e-09
1392 0.000000e+00
1393 0.000000e+00
1394 0.000000e+00
1395 2.739546e-07
1396 2.973002e-07
1397 2.862206e-07
1398 2.330303e-07
1399 1.682909e-07
1400 1.266749e-07
1401 7.997821e-08
1402 4.880901e-08
1403 2.710609e-08
1404 1.493828e-08
1405 8.602574e-09
1406 5.213599e-09
1407 0.000000e+00
1408 0.000000e+00
1409 0.000000e+00
1410 6.023102e-08
1411 6.723387e-08
1412 6.756116e-08
1413 5.805476e-08
1414 4.280124e-08
1415 3.151968e-08
1416 2.221838e-08
1417 1.267163e-08
1418 7.135976e-09
1419 4.037726e-09
1420 2.245826e-09
1421 1.309454e-09
1422 0.000000e+00
1423 0.000000e+00
1424 0.000000e+00
1425 1.179264e-07
1426 1.317995e-07
1427 1.326909e-07
1428 1.143155e-07
1429 8.440585e-08
1430 6.208920e-08
1431 4.395048e-08
1432 2.499325e-08
1433 1.410132e-08
1434 7.978090e-09
1435 4.435332e-09
1436 2.581591e-09
1437 0.000000e+00
1438 0.000000e+00
1439 0.000000e+00
1440 1.864659e-07
1441 2.085133e-07
1442 2.100928e-07
1443 1.811975e-07
1444 1.338744e-07
1445 9.843172e-08
1446 6.979941e-08
1447 3.964442e-08
1448 2.238585e-08
1449 1.266432e-08
1450 7.039246e-09
1451 4.094128e-09
1452 0.000000e+00
1453 0.000000e+00
1454 0.000000e+00
1455 5.202927e-08
1456 5.963011e-08
1457 6.233847e-08
1458 5.665408e-08
1459 4.345670e-08
1460 3.138556e-08
1461 2.357618e-08
1462 1.322123e-08
1463 7.910506e-09
1464 4.333339e-09
1465 2.388349e-09
1466 1.333348e-09
1467 0.000000e+00
1468 0.000000e+00
1469 0.000000e+00
1470 1.144186e-07
1471 1.312919e-07
1472 1.375007e-07
1473 1.252952e-07
1474 9.633738e-08
1475 6.954090e-08
1476 5.230463e-08
1477 2.941273e-08
1478 1.765434e-08
1479 9.654165e-09
1480 5.309465e-09
1481 2.958539e-09
1482 0.000000e+00
1483 0.000000e+00
1484 0.000000e+00
1485 5.381816e-08
1486 6.324123e-08
1487 6.857470e-08
1488 6.583952e-08
1489 5.338935e-08
1490 3.852444e-08
1491 2.906168e-08
1492 1.807423e-08
1493 1.099833e-08
1494 5.968468e-09
1495 3.143791e-09
1496 1.696034e-09
1497 9.444091e-10
1498 0.000000e+00
1499 0.000000e+00
1500 1.109684e-04
1501 8.086786e-05
1502 6.035546e-05
1503 3.805236e-05
1504 2.321989e-05
1505 1.369104e-05
1506 8.324421e-06
1507 5.304277e-06
1508 3.565556e-06
1509 0.000000e+00
1510 0.000000e+00
1511 0.000000e+00
1512 0.000000e+00
1513 0.000000e+00
1514 0.000000e+00
1515 5.757601e-05
1516 4.644359e-05
1517 3.369791e-05
1518 2.528332e-05
1519 1.597668e-05
1520 9.754545e-06
1521 5.648866e-06
1522 3.364481e-06
1523 2.093966e-06
1524 1.379138e-06
1525 0.000000e+00
1526 0.000000e+00
1527 0.000000e+00
1528 0.000000e+00
1529 0.000000e+00
1530 4.047788e-05
1531 3.713775e-05
1532 2.882267e-05
1533 2.080348e-05
1534 1.566222e-05
1535 9.111532e-06
1536 5.625604e-06
1537 3.225263e-06
1538 1.896511e-06
1539 1.174730e-06
1540 0.000000e+00
1541 0.000000e+00
1542 0.000000e+00
1543 0.000000e+00
1544 0.000000e+00
1545 2.912801e-05
1546 2.891312e-05
1547 2.448503e-05
1548 1.793535e-05
1549 1.328396e-05
1550 9.154542e-06
1551 5.351144e-06
1552 3.053081e-06
1553 1.771954e-06
1554 1.042590e-06
1555 6.506122e-07
1556 0.000000e+00
1557 0.000000e+00
1558 0.000000e+00
1559 0.000000e+00
1560 2.085098e-05
1561 2.179680e-05
1562 1.983793e-05
1563 1.524768e-05
1564 1.100576e-05
1565 8.274949e-06
1566 4.689296e-06
1567 2.850415e-06
1568 1.602925e-06
1569 9.233707e-07
1570 5.506294e-07
1571 0.000000e+00
1572 0.000000e+00
1573 0.000000e+00
1574 0.000000e+00
1575 1.487210e-05
1576 1.614453e-05
1577 1.554949e-05
1578 1.266314e-05
1579 9.143013e-06
1580 6.883420e-06
1581 4.347301e-06
1582 2.655947e-06
1583 1.474901e-06
1584 8.112783e-07
1585 4.673052e-07
1586 2.832009e-07
1587 0.000000e+00
1588 0.000000e+00
1589 0.000000e+00
1590 1.001028e-05
1591 1.119728e-05
1592 1.128693e-05
1593 9.739022e-06
1594 7.195644e-06
1595 5.289411e-06
1596 3.755371e-06
1597 2.130464e-06
1598 1.202339e-06
1599 6.811759e-07
1600 3.783133e-07
1601 2.200058e-07
1602 0.000000e+00
1603 0.000000e+00
1604 0.000000e+00
1605 6.201116e-06
1606 7.118100e-06
1607 7.458527e-06
1608 6.801106e-06
1609 5.231433e-06
1610 3.775220e-06
1611 2.841823e-06
1612 1.597077e-06
1613 9.596537e-07
1614 5.242846e-07
1615 2.885232e-07
1616 1.606418e-07
1617 0.000000e+00
1618 0.000000e+00
1619 0.000000e+00
1620 3.163407e-06
1621 3.720115e-06
1622 4.038202e-06
1623 3.883392e-06
1624 3.154630e-06
1625 2.276770e-06
1626 1.716871e-06
1627 1.071974e-06
1628 6.518364e-07
1629 3.538249e-07
1630 1.861971e-07
1631 1.003484e-07
1632 5.578990e-08
1633 0.000000e+00
1634 0.000000e+00
1635 8.891198e-07
1636 1.072208e-06
1637 1.206146e-06
1638 1.224576e-06
1639 1.066696e-06
1640 7.933436e-07
1641 5.815894e-07
1642 4.169104e-07
1643 2.343421e-07
1644 1.314261e-07
1645 7.164692e-08
1646 3.730540e-08
1647 1.958823e-08
1648 0.000000e+00
1649 0.000000e+00
