0 2.251042e-09
1 1.463650e-09
2 9.207619e-10
3 5.798528e-10
4 3.725957e-10
5 2.450919e-10
6 1.629727e-10
7 1.070546e-10
8 6.786697e-11
9 4.079034e-11
10 2.301316e-11
11 1.216890e-11
12 6.071133e-12
13 2.890210e-12
14 1.329317e-12
15 3.804095e-09
16 2.531287e-09
17 1.609742e-09
18 1.003445e-09
19 6.343742e-10
20 4.106826e-10
21 2.716251e-10
22 1.801154e-10
23 1.168090e-10
24 7.248929e-11
25 4.239071e-11
26 2.321413e-11
27 1.193298e-11
28 5.811371e-12
29 2.714596e-12
30 4.364486e-09
31 2.924344e-09
32 1.870297e-09
33 1.164852e-09
34 7.333430e-10
35 4.722026e-10
36 3.112560e-10
37 2.065477e-10
38 1.345915e-10
39 8.419365e-11
40 4.973926e-11
41 2.753397e-11
42 1.429184e-11
43 7.015453e-12
44 3.295403e-12
45 4.674188e-09
46 3.141716e-09
47 2.014514e-09
48 1.254260e-09
49 7.881615e-10
50 5.062600e-10
51 3.332309e-10
52 2.211302e-10
53 1.444158e-10
54 9.066029e-11
55 5.379564e-11
56 2.991501e-11
57 1.559679e-11
58 7.682488e-12
59 3.617629e-12
60 4.881757e-09
61 3.287602e-09
62 2.111123e-09
63 1.314202e-09
64 8.248867e-10
65 5.291555e-10
66 3.479795e-10
67 2.309565e-10
68 1.509964e-10
69 9.500559e-11
70 5.653324e-11
71 3.152837e-11
72 1.647457e-11
73 8.130151e-12
74 3.834689e-12
75 5.037741e-09
76 3.396831e-09
77 2.183735e-09
78 1.359125e-09
79 8.524696e-10
80 5.463281e-10
81 3.590199e-10
82 2.383081e-10
83 1.559796e-10
84 9.828530e-11
85 5.857486e-11
86 3.272653e-11
87 1.713308e-11
88 8.466866e-12
89 3.996716e-12
90 5.163968e-09
91 3.485640e-09
92 2.242547e-09
93 1.395868e-09
94 8.749383e-10
95 5.602384e-10
96 3.680174e-10
97 2.442955e-10
98 1.600131e-10
99 1.009340e-10
100 6.024792e-11
101 3.370856e-11
102 1.766882e-11
103 8.740392e-12
104 4.129022e-12
105 5.287564e-09
106 3.571618e-09
107 2.299887e-09
108 1.431352e-09
109 8.966739e-10
110 5.738083e-10
111 3.767534e-10
112 2.501163e-10
113 1.638496e-10
114 1.034560e-10
115 6.181893e-11
116 3.464145e-11
117 1.818102e-11
118 9.001393e-12
119 4.251600e-12
120 5.380456e-09
121 3.637541e-09
122 2.343740e-09
123 1.458429e-09
124 9.132340e-10
125 5.840302e-10
126 3.832898e-10
127 2.544998e-10
128 1.668625e-10
129 1.054498e-10
130 6.308839e-11
131 3.537760e-11
132 1.858228e-11
133 9.207185e-12
134 4.354625e-12
135 5.500648e-09
136 3.721520e-09
137 2.400083e-09
138 1.493419e-09
139 9.346399e-10
140 5.973948e-10
141 3.919149e-10
142 2.601619e-10
143 1.707148e-10
144 1.080052e-10
145 6.468421e-11
146 3.631625e-11
147 1.909607e-11
148 9.467899e-12
149 4.480409e-12
150 7.905647e-09
151 5.443676e-09
152 3.576125e-09
153 2.234375e-09
154 1.385478e-09
155 8.734238e-10
156 5.663444e-10
157 3.747519e-10
158 2.477624e-10
159 1.595120e-10
160 9.784471e-11
161 5.640355e-11
162 3.040985e-11
163 1.539634e-11
164 7.398723e-12
165 9.993570e-09
166 6.968983e-09
167 4.644330e-09
168 2.932299e-09
169 1.809082e-09
170 1.131154e-09
171 7.255061e-10
172 4.769410e-10
173 3.157722e-10
174 2.051775e-10
175 1.278241e-10
176 7.511599e-11
177 4.131562e-11
178 2.129872e-11
179 1.038066e-11
180 1.121397e-08
181 7.865729e-09
182 5.273435e-09
183 3.347196e-09
184 2.062005e-09
185 1.285130e-09
186 8.200181e-10
187 5.373359e-10
188 3.557724e-10
189 2.320316e-10
190 1.454929e-10
191 8.619134e-11
192 4.781936e-11
193 2.484896e-11
194 1.218975e-11
195 1.203678e-08
196 8.471437e-09
197 5.698723e-09
198 3.627814e-09
199 2.233374e-09
200 1.389228e-09
201 8.838638e-10
202 5.782127e-10
203 3.828158e-10
204 2.501700e-10
205 1.574305e-10
206 9.368832e-11
207 5.222503e-11
208 2.725552e-11
209 1.341657e-11
210 1.265315e-08
211 8.925028e-09
212 6.017812e-09
213 3.837527e-09
214 2.361715e-09
215 1.467266e-09
216 9.318066e-10
217 6.087709e-10
218 4.030447e-10
219 2.637326e-10
220 1.663440e-10
221 9.929404e-11
222 5.552027e-11
223 2.905334e-11
224 1.433476e-11
225 1.315441e-08
226 9.292966e-09
227 6.275678e-09
228 4.008486e-09
229 2.465552e-09
230 1.530500e-09
231 9.705620e-10
232 6.335844e-10
233 4.194598e-10
234 2.747410e-10
235 1.735935e-10
236 1.038257e-10
237 5.818087e-11
238 3.050939e-11
239 1.507658e-11
240 1.362084e-08
241 9.635384e-09
242 6.516164e-09
243 4.166831e-09
244 2.562580e-09
245 1.589520e-09
246 1.006734e-09
247 6.566365e-10
248 4.348159e-10
249 2.850206e-10
250 1.803397e-10
251 1.080453e-10
252 6.065858e-11
253 3.185942e-11
254 1.575881e-11
255 1.400387e-08
256 9.918027e-09
257 6.715675e-09
258 4.299063e-09
259 2.642791e-09
260 1.638172e-09
261 1.036596e-09
262 6.756508e-10
263 4.474244e-10
264 2.934904e-10
265 1.859303e-10
266 1.115726e-10
267 6.273491e-11
268 3.299278e-11
269 1.634177e-11
270 1.448569e-08
271 1.027223e-08
272 6.964280e-09
273 4.462640e-09
274 2.742534e-09
275 1.699298e-09
276 1.074253e-09
277 6.996711e-10
278 4.632138e-10
279 3.040903e-10
280 1.929190e-10
281 1.159594e-10
282 6.530501e-11
283 3.439878e-11
284 1.705855e-11
285 1.364862e-08
286 9.711306e-09
287 6.596139e-09
288 4.256588e-09
289 2.623588e-09
290 1.624825e-09
291 1.024398e-09
292 6.644857e-10
293 4.383314e-10
294 2.872826e-10
295 1.824094e-10
296 1.100293e-10
297 6.232428e-11
298 3.305240e-11
299 1.649629e-11
300 1.606002e-08
301 1.155811e-08
302 7.922240e-09
303 5.170767e-09
304 3.199367e-09
305 1.971662e-09
306 1.233341e-09
307 7.938207e-10
308 5.217060e-10
309 3.426998e-10
310 2.193090e-10
311 1.338789e-10
312 7.692292e-11
313 4.139245e-11
314 2.092677e-11
315 1.772170e-08
316 1.283890e-08
317 8.844339e-09
318 5.808850e-09
319 3.604209e-09
320 2.214800e-09
321 1.380161e-09
322 8.844352e-10
323 5.798851e-10
324 3.812547e-10
325 2.449632e-10
326 1.504873e-10
327 8.712181e-11
328 4.724312e-11
329 2.404953e-11
330 1.897167e-08
331 1.380210e-08
332 9.535656e-09
333 6.285768e-09
334 3.907925e-09
335 2.397470e-09
336 1.490285e-09
337 9.524474e-10
338 6.236627e-10
339 4.102113e-10
340 2.642131e-10
341 1.629478e-10
342 9.477631e-11
343 5.163686e-11
344 2.639474e-11
345 1.998421e-08
346 1.458238e-08
347 1.009869e-08
348 6.675563e-09
349 4.154323e-09
350 2.545700e-09
351 1.579564e-09
352 1.007575e-09
353 6.589874e-10
354 4.336403e-10
355 2.798262e-10
356 1.730545e-10
357 1.009807e-10
358 5.519890e-11
359 2.829752e-11
360 2.091729e-08
361 1.529989e-08
362 1.061461e-08
363 7.030094e-09
364 4.379265e-09
365 2.681360e-09
366 1.661326e-09
367 1.058119e-09
368 6.914801e-10
369 4.551867e-10
370 2.941278e-10
371 1.822933e-10
372 1.066423e-10
373 5.843910e-11
374 3.002443e-11
375 2.170409e-08
376 1.590808e-08
377 1.105290e-08
378 7.334484e-09
379 4.572076e-09
380 2.797396e-09
381 1.731222e-09
382 1.101147e-09
383 7.190990e-10
384 4.734999e-10
385 3.063451e-10
386 1.902177e-10
387 1.115194e-10
388 6.124356e-11
389 3.152442e-11
390 2.268160e-08
391 1.666224e-08
392 1.159526e-08
393 7.709410e-09
394 4.810308e-09
395 2.941163e-09
396 1.817868e-09
397 1.154637e-09
398 7.533349e-10
399 4.962278e-10
400 3.214647e-10
401 2.000076e-10
402 1.175329e-10
403 6.468896e-11
404 3.336444e-11
405 1.966936e-08
406 1.441500e-08
407 1.000406e-08
408 6.632035e-09
409 4.151163e-09
410 2.542255e-09
411 1.576551e-09
412 1.002371e-09
413 6.533939e-10
414 4.291196e-10
415 2.768532e-10
416 1.715353e-10
417 1.004716e-10
418 5.520435e-11
419 2.846277e-11
420 2.233210e-08
421 1.655831e-08
422 1.158190e-08
423 7.742569e-09
424 4.888017e-09
425 2.985469e-09
426 1.843384e-09
427 1.163265e-09
428 7.539647e-10
429 4.945217e-10
430 3.202342e-10
431 1.999867e-10
432 1.183978e-10
433 6.583860e-11
434 3.434405e-11
435 2.434830e-08
436 1.819039e-08
437 1.278337e-08
438 8.591440e-09
439 5.451830e-09
440 3.325540e-09
441 2.048474e-09
442 1.286577e-09
443 8.310698e-10
444 5.445233e-10
445 3.533628e-10
446 2.217123e-10
447 1.321013e-10
448 7.398593e-11
449 3.886232e-11
450 2.599465e-08
451 1.951499e-08
452 1.376236e-08
453 9.281608e-09
454 5.909706e-09
455 3.602504e-09
456 2.214744e-09
457 1.386865e-09
458 8.934381e-10
459 5.850945e-10
460 3.802443e-10
461 2.393407e-10
462 1.432204e-10
463 8.059548e-11
464 4.252838e-11
465 2.748945e-08
466 2.072101e-08
467 1.465049e-08
468 9.904819e-09
469 6.324030e-09
470 3.853135e-09
471 2.365250e-09
472 1.477658e-09
473 9.503043e-10
474 6.219796e-10
475 4.046508e-10
476 2.553213e-10
477 1.532829e-10
478 8.656919e-11
479 4.583681e-11
480 2.877825e-08
481 2.176242e-08
482 1.542291e-08
483 1.044966e-08
484 6.687603e-09
485 4.072120e-09
486 2.497122e-09
487 1.556724e-09
488 9.996075e-10
489 6.539814e-10
490 4.259016e-10
491 2.692806e-10
492 1.621037e-10
493 9.181720e-11
494 4.875137e-11
495 3.036264e-08
496 2.304118e-08
497 1.636573e-08
498 1.111514e-08
499 7.129462e-09
500 4.338988e-09
501 2.657657e-09
502 1.653486e-09
503 1.059950e-09
504 6.931475e-10
505 4.518394e-10
506 2.862725e-10
507 1.728330e-10
508 9.820049e-11
509 5.229187e-11
510 2.601321e-08
511 1.961840e-08
512 1.388063e-08
513 9.376692e-09
514 6.000158e-09
515 3.664857e-09
516 2.251409e-09
517 1.406015e-09
518 9.030636e-10
519 5.899304e-10
520 3.830680e-10
521 2.413630e-10
522 1.448307e-10
523 8.184685e-11
524 4.341088e-11
525 2.892950e-08
526 2.207102e-08
527 1.574089e-08
528 1.070479e-08
529 6.909613e-09
530 4.227544e-09
531 2.588315e-09
532 1.605845e-09
533 1.025272e-09
534 6.675125e-10
535 4.338923e-10
536 2.747895e-10
537 1.662473e-10
538 9.490115e-11
539 5.087075e-11
540 3.131293e-08
541 2.407840e-08
542 1.726555e-08
543 1.179589e-08
544 7.656212e-09
545 4.691718e-09
546 2.865112e-09
547 1.770400e-09
548 1.125458e-09
549 7.311798e-10
550 4.755582e-10
551 3.021815e-10
552 1.838020e-10
553 1.056101e-10
554 5.699899e-11
555 3.346814e-08
556 2.588917e-08
557 1.864067e-08
558 1.277551e-08
559 8.326867e-09
560 5.107320e-09
561 3.113948e-09
562 1.918452e-09
563 1.215889e-09
564 7.885423e-10
565 5.130835e-10
566 3.268267e-10
567 1.995734e-10
568 1.152158e-10
569 6.248767e-11
570 3.535902e-08
571 2.748857e-08
572 1.985983e-08
573 1.364764e-08
574 8.926056e-09
575 5.479228e-09
576 3.336073e-09
577 2.050099e-09
578 1.296126e-09
579 8.394024e-10
580 5.463817e-10
581 3.487391e-10
582 2.136385e-10
583 1.238122e-10
584 6.741553e-11
585 3.766698e-08
586 2.942885e-08
587 2.133517e-08
588 1.470104e-08
589 9.646327e-09
590 5.926604e-09
591 3.603474e-09
592 2.208796e-09
593 1.392937e-09
594 9.008034e-10
595 5.865669e-10
596 3.751629e-10
597 2.305744e-10
598 1.341432e-10
599 7.332735e-11
600 3.278146e-08
601 2.541135e-08
602 1.833788e-08
603 1.257818e-08
604 8.212296e-09
605 5.056283e-09
606 3.080681e-09
607 1.897137e-09
608 1.200374e-09
609 7.768767e-10
610 5.046784e-10
611 3.212500e-10
612 1.962540e-10
613 1.134821e-10
614 6.171128e-11
615 3.602346e-08
616 2.824535e-08
617 2.055895e-08
618 1.418884e-08
619 9.334597e-09
620 5.778346e-09
621 3.508917e-09
622 2.151221e-09
623 1.352362e-09
624 8.711933e-10
625 5.653943e-10
626 3.609883e-10
627 2.219282e-10
628 1.294331e-10
629 7.107105e-11
630 3.895304e-08
631 3.080212e-08
632 2.256369e-08
633 1.563862e-08
634 1.034517e-08
635 6.428387e-09
636 3.895136e-09
637 2.380489e-09
638 1.489774e-09
639 9.563243e-10
640 6.201618e-10
641 3.967952e-10
642 2.450353e-10
643 1.437746e-10
644 7.948083e-11
645 4.155042e-08
646 3.308410e-08
647 2.435982e-08
648 1.694359e-08
649 1.125604e-08
650 7.015535e-09
651 4.243255e-09
652 2.587191e-09
653 1.613104e-09
654 1.032660e-09
655 6.692582e-10
656 4.289330e-10
657 2.658234e-10
658 1.567145e-10
659 8.708980e-11
660 4.470014e-08
661 3.583456e-08
662 2.652041e-08
663 1.850898e-08
664 1.234668e-08
665 7.718309e-09
666 4.660547e-09
667 2.834543e-09
668 1.761064e-09
669 1.124355e-09
670 7.282217e-10
671 4.675112e-10
672 2.907495e-10
673 1.722059e-10
674 9.618635e-11
675 4.019238e-08
676 3.199842e-08
677 2.358307e-08
678 1.641045e-08
679 1.089910e-08
680 6.813124e-09
681 4.124089e-09
682 2.516901e-09
683 1.568035e-09
684 1.002435e-09
685 6.485588e-10
686 4.149949e-10
687 2.569165e-10
688 1.514248e-10
689 8.421509e-11
690 4.403894e-08
691 3.546633e-08
692 2.639678e-08
693 1.848330e-08
694 1.235967e-08
695 7.783667e-09
696 4.704550e-09
697 2.862162e-09
698 1.771302e-09
699 1.125622e-09
700 7.262420e-10
701 4.652838e-10
702 2.894330e-10
703 1.718673e-10
704 9.645082e-11
705 4.748108e-08
706 3.860229e-08
707 2.894623e-08
708 2.037304e-08
709 1.369326e-08
710 8.672474e-09
711 5.236099e-09
712 3.177700e-09
713 1.956728e-09
714 1.237714e-09
715 7.968547e-10
716 5.109805e-10
717 3.190246e-10
718 1.905183e-10
719 1.076512e-10
720 5.163150e-08
721 4.236369e-08
722 3.199078e-08
723 2.262577e-08
724 1.528083e-08
725 9.730088e-09
726 5.868889e-09
727 3.553874e-09
728 2.177673e-09
729 1.371564e-09
730 8.811174e-10
731 5.655102e-10
732 3.543087e-10
733 2.127266e-10
734 1.209698e-10
735 4.892472e-08
736 4.001028e-08
737 3.018084e-08
738 2.133443e-08
739 1.438482e-08
740 9.161219e-09
741 5.542757e-09
742 3.359272e-09
743 2.060620e-09
744 1.298097e-09
745 8.329603e-10
746 5.334781e-10
747 3.334155e-10
748 1.997242e-10
749 1.133887e-10
750 5.343842e-08
751 4.425264e-08
752 3.375973e-08
753 2.404739e-08
754 1.631924e-08
755 1.048335e-08
756 6.354169e-09
757 3.838716e-09
758 2.339268e-09
759 1.463387e-09
760 9.345914e-10
761 5.981238e-10
762 3.750532e-10
763 2.261459e-10
764 1.295240e-10
765 5.884996e-08
766 4.932405e-08
767 3.801309e-08
768 2.727218e-08
769 1.861834e-08
770 1.205397e-08
771 7.318833e-09
772 4.409163e-09
773 2.670601e-09
774 1.660165e-09
775 1.055589e-09
776 6.750913e-10
777 4.245968e-10
778 2.575490e-10
779 1.486802e-10
780 5.925884e-08
781 4.988461e-08
782 3.866072e-08
783 2.786489e-08
784 1.907283e-08
785 1.239760e-08
786 7.567289e-09
787 4.550645e-09
788 2.751987e-09
789 1.704235e-09
790 1.079351e-09
791 6.883885e-10
792 4.326055e-10
793 2.627172e-10
794 1.521195e-10
795 6.635152e-08
796 5.675611e-08
797 4.465649e-08
798 3.255961e-08
799 2.246906e-08
800 1.475997e-08
801 9.076789e-09
802 5.436686e-09
803 3.267206e-09
804 2.003866e-09
805 1.258664e-09
806 7.996498e-10
807 5.032404e-10
808 3.074837e-10
809 1.797651e-10
810 7.615805e-08
811 6.660486e-08
812 5.364484e-08
813 3.989138e-08
814 2.789607e-08
815 1.858952e-08
816 1.162888e-08
817 6.947935e-09
818 4.151193e-09
819 2.507802e-09
820 1.550902e-09
821 9.750200e-10
822 6.118544e-10
823 3.756418e-10
824 2.220841e-10
825 5.059394e-07
826 3.695449e-07
827 2.738252e-07
828 1.704675e-07
829 1.038437e-07
830 6.151863e-08
831 3.756308e-08
832 2.409733e-08
833 1.626653e-08
834 0.000000e+00
835 0.000000e+00
836 0.000000e+00
837 0.000000e+00
838 0.000000e+00
839 0.000000e+00
840 7.609723e-07
841 5.559583e-07
842 4.123994e-07
843 2.596357e-07
844 1.577827e-07
845 9.335723e-08
846 5.689736e-08
847 3.636690e-08
848 2.448251e-08
849 0.000000e+00
850 0.000000e+00
851 0.000000e+00
852 0.000000e+00
853 0.000000e+00
854 0.000000e+00
855 9.034708e-07
856 6.601393e-07
857 4.898344e-07
858 3.095543e-07
859 1.879543e-07
860 1.111685e-07
861 6.771198e-08
862 4.322638e-08
863 2.907417e-08
864 0.000000e+00
865 0.000000e+00
866 0.000000e+00
867 0.000000e+00
868 0.000000e+00
869 0.000000e+00
870 9.993278e-07
871 7.302182e-07
872 5.419243e-07
873 3.431341e-07
874 2.082519e-07
875 1.231503e-07
876 7.498702e-08
877 4.784112e-08
878 3.216291e-08
879 0.000000e+00
880 0.000000e+00
881 0.000000e+00
882 0.000000e+00
883 0.000000e+00
884 0.000000e+00
885 1.071193e-06
886 7.827614e-07
887 5.809742e-07
888 3.683088e-07
889 2.234694e-07
890 1.321335e-07
891 8.044121e-08
892 5.130076e-08
893 3.447879e-08
894 0.000000e+00
895 0.000000e+00
896 0.000000e+00
897 0.000000e+00
898 0.000000e+00
899 0.000000e+00
900 1.129439e-06
901 8.253442e-07
902 6.126261e-07
903 3.887123e-07
904 2.358020e-07
905 1.394142e-07
906 8.486152e-08
907 5.410480e-08
908 3.635564e-08
909 0.000000e+00
910 0.000000e+00
911 0.000000e+00
912 0.000000e+00
913 0.000000e+00
914 0.000000e+00
915 1.183047e-06
916 8.645343e-07
917 6.417529e-07
918 4.074760e-07
919 2.471456e-07
920 1.461103e-07
921 8.892802e-08
922 5.668475e-08
923 3.808293e-08
924 0.000000e+00
925 0.000000e+00
926 0.000000e+00
927 0.000000e+00
928 0.000000e+00
929 0.000000e+00
930 1.228460e-06
931 8.977376e-07
932 6.664337e-07
933 4.234011e-07
934 2.567693e-07
935 1.517905e-07
936 9.237652e-08
937 5.887147e-08
938 3.954628e-08
939 0.000000e+00
940 0.000000e+00
941 0.000000e+00
942 0.000000e+00
943 0.000000e+00
944 0.000000e+00
945 1.284683e-06
946 9.388454e-07
947 6.969857e-07
948 4.430983e-07
949 2.686743e-07
950 1.588185e-07
951 9.664394e-08
952 6.157795e-08
953 4.135810e-08
954 0.000000e+00
955 0.000000e+00
956 0.000000e+00
957 0.000000e+00
958 0.000000e+00
959 0.000000e+00
960 3.379812e-07
961 2.692101e-07
962 1.952894e-07
963 1.464494e-07
964 9.063105e-08
965 5.547278e-08
966 3.224314e-08
967 1.927939e-08
968 1.208133e-08
969 7.998287e-09
970 0.000000e+00
971 0.000000e+00
972 0.000000e+00
973 0.000000e+00
974 0.000000e+00
975 5.201852e-07
976 4.171239e-07
977 3.028681e-07
978 2.269167e-07
979 1.422148e-07
980 8.671235e-08
981 5.036504e-08
982 3.007549e-08
983 1.877987e-08
984 1.239746e-08
985 0.000000e+00
986 0.000000e+00
987 0.000000e+00
988 0.000000e+00
989 0.000000e+00
990 6.448120e-07
991 5.183992e-07
992 3.765467e-07
993 2.820115e-07
994 1.775998e-07
995 1.081223e-07
996 6.278599e-08
997 3.747520e-08
998 2.336911e-08
999 1.541004e-08
1000 0.000000e+00
1001 0.000000e+00
1002 0.000000e+00
1003 0.000000e+00
1004 0.000000e+00
1005 7.382357e-07
1006 5.943126e-07
1007 4.317715e-07
1008 3.233096e-07
1009 2.041234e-07
1010 1.241698e-07
1011 7.209649e-08
1012 4.302199e-08
1013 2.680897e-08
1014 1.766814e-08
1015 0.000000e+00
1016 0.000000e+00
1017 0.000000e+00
1018 0.000000e+00
1019 0.000000e+00
1020 8.139596e-07
1021 6.558390e-07
1022 4.765327e-07
1023 3.567807e-07
1024 2.256220e-07
1025 1.371778e-07
1026 7.964314e-08
1027 4.751755e-08
1028 2.959718e-08
1029 1.949827e-08
1030 0.000000e+00
1031 0.000000e+00
1032 0.000000e+00
1033 0.000000e+00
1034 0.000000e+00
1035 8.820968e-07
1036 7.111945e-07
1037 5.168052e-07
1038 3.868942e-07
1039 2.449546e-07
1040 1.488766e-07
1041 8.643040e-08
1042 5.156137e-08
1043 3.210535e-08
1044 2.114500e-08
1045 0.000000e+00
1046 0.000000e+00
1047 0.000000e+00
1048 0.000000e+00
1049 0.000000e+00
1050 9.426736e-07
1051 7.604327e-07
1052 5.526249e-07
1053 4.136780e-07
1054 2.621647e-07
1055 1.592896e-07
1056 9.247120e-08
1057 5.515972e-08
1058 3.433673e-08
1059 2.260959e-08
1060 0.000000e+00
1061 0.000000e+00
1062 0.000000e+00
1063 0.000000e+00
1064 0.000000e+00
1065 1.015768e-06
1066 8.198310e-07
1067 5.958365e-07
1068 4.459927e-07
1069 2.829175e-07
1070 1.718473e-07
1071 9.975607e-08
1072 5.949995e-08
1073 3.702828e-08
1074 2.437647e-08
1075 0.000000e+00
1076 0.000000e+00
1077 0.000000e+00
1078 0.000000e+00
1079 0.000000e+00
1080 1.989375e-07
1081 1.809476e-07
1082 1.394226e-07
1083 1.008221e-07
1084 7.555282e-08
1085 4.368070e-08
1086 2.677324e-08
1087 1.543576e-08
1088 9.126830e-09
1089 5.677822e-09
1090 0.000000e+00
1091 0.000000e+00
1092 0.000000e+00
1093 0.000000e+00
1094 0.000000e+00
1095 3.303512e-07
1096 3.017745e-07
1097 2.334498e-07
1098 1.687142e-07
1099 1.266110e-07
1100 7.359792e-08
1101 4.522658e-08
1102 2.601432e-08
1103 1.532840e-08
1104 9.514493e-09
1105 0.000000e+00
1106 0.000000e+00
1107 0.000000e+00
1108 0.000000e+00
1109 0.000000e+00
1110 4.306281e-07
1111 3.940344e-07
1112 3.052904e-07
1113 2.205837e-07
1114 1.656231e-07
1115 9.648070e-08
1116 5.934316e-08
1117 3.410488e-08
1118 2.006901e-08
1119 1.244631e-08
1120 0.000000e+00
1121 0.000000e+00
1122 0.000000e+00
1123 0.000000e+00
1124 0.000000e+00
1125 5.118675e-07
1126 4.687719e-07
1127 3.634880e-07
1128 2.626035e-07
1129 1.972257e-07
1130 1.150174e-07
1131 7.077884e-08
1132 4.065897e-08
1133 2.390921e-08
1134 1.482137e-08
1135 0.000000e+00
1136 0.000000e+00
1137 0.000000e+00
1138 0.000000e+00
1139 0.000000e+00
1140 5.841203e-07
1141 5.352442e-07
1142 4.152434e-07
1143 2.999726e-07
1144 2.253309e-07
1145 1.315007e-07
1146 8.094750e-08
1147 4.648707e-08
1148 2.732425e-08
1149 1.693346e-08
1150 0.000000e+00
1151 0.000000e+00
1152 0.000000e+00
1153 0.000000e+00
1154 0.000000e+00
1155 6.499630e-07
1156 5.958254e-07
1157 4.624212e-07
1158 3.340351e-07
1159 2.509506e-07
1160 1.465295e-07
1161 9.021925e-08
1162 5.180077e-08
1163 3.043750e-08
1164 1.885873e-08
1165 0.000000e+00
1166 0.000000e+00
1167 0.000000e+00
1168 0.000000e+00
1169 0.000000e+00
1170 7.283846e-07
1171 6.679733e-07
1172 5.186008e-07
1173 3.745984e-07
1174 2.814577e-07
1175 1.644239e-07
1176 1.012585e-07
1177 5.812754e-08
1178 3.414473e-08
1179 2.115149e-08
1180 0.000000e+00
1181 0.000000e+00
1182 0.000000e+00
1183 0.000000e+00
1184 0.000000e+00
1185 1.322010e-07
1186 1.305012e-07
1187 1.097514e-07
1188 8.017617e-08
1189 5.955940e-08
1190 4.048814e-08
1191 2.388912e-08
1192 1.361156e-08
1193 7.869061e-09
1194 4.649817e-09
1195 2.912485e-09
1196 0.000000e+00
1197 0.000000e+00
1198 0.000000e+00
1199 0.000000e+00
1200 2.310367e-07
1201 2.287042e-07
1202 1.930483e-07
1203 1.412679e-07
1204 1.047728e-07
1205 7.171690e-08
1206 4.210953e-08
1207 2.402599e-08
1208 1.390834e-08
1209 8.203876e-09
1210 5.128244e-09
1211 0.000000e+00
1212 0.000000e+00
1213 0.000000e+00
1214 0.000000e+00
1215 3.123232e-07
1216 3.095005e-07
1217 2.616147e-07
1218 1.915693e-07
1219 1.419926e-07
1220 9.744471e-08
1221 5.711210e-08
1222 3.260331e-08
1223 1.888242e-08
1224 1.113064e-08
1225 6.952519e-09
1226 0.000000e+00
1227 0.000000e+00
1228 0.000000e+00
1229 0.000000e+00
1230 3.840955e-07
1231 3.808375e-07
1232 3.221468e-07
1233 2.359757e-07
1234 1.748506e-07
1235 1.201578e-07
1236 7.035644e-08
1237 4.017554e-08
1238 2.327362e-08
1239 1.371451e-08
1240 8.562980e-09
1241 0.000000e+00
1242 0.000000e+00
1243 0.000000e+00
1244 0.000000e+00
1245 4.503977e-07
1246 4.467362e-07
1247 3.780737e-07
1248 2.770046e-07
1249 2.052095e-07
1250 1.411454e-07
1251 8.259382e-08
1252 4.717229e-08
1253 2.733118e-08
1254 1.610194e-08
1255 1.005098e-08
1256 0.000000e+00
1257 0.000000e+00
1258 0.000000e+00
1259 0.000000e+00
1260 5.288015e-07
1261 5.246659e-07
1262 4.442070e-07
1263 3.255223e-07
1264 2.411084e-07
1265 1.659601e-07
1266 9.706421e-08
1267 5.544503e-08
1268 3.212871e-08
1269 1.892488e-08
1270 1.181051e-08
1271 0.000000e+00
1272 0.000000e+00
1273 0.000000e+00
1274 0.000000e+00
1275 9.504189e-08
1276 9.896467e-08
1277 8.956340e-08
1278 6.852313e-08
1279 4.953096e-08
1280 3.710266e-08
1281 2.096549e-08
1282 1.266235e-08
1283 7.154363e-09
1284 4.132036e-09
1285 2.473638e-09
1286 0.000000e+00
1287 0.000000e+00
1288 0.000000e+00
1289 0.000000e+00
1290 1.734442e-07
1291 1.809767e-07
1292 1.642874e-07
1293 1.260323e-07
1294 9.104329e-08
1295 6.830391e-08
1296 3.870555e-08
1297 2.345226e-08
1298 1.322139e-08
1299 7.617851e-09
1300 4.551537e-09
1301 0.000000e+00
1302 0.000000e+00
1303 0.000000e+00
1304 0.000000e+00
1305 2.430342e-07
1306 2.537853e-07
1307 2.306430e-07
1308 1.771142e-07
1309 1.279152e-07
1310 9.601996e-08
1311 5.447042e-08
1312 3.304315e-08
1313 1.861339e-08
1314 1.071486e-08
1315 6.397351e-09
1316 0.000000e+00
1317 0.000000e+00
1318 0.000000e+00
1319 0.000000e+00
1320 3.078577e-07
1321 3.216065e-07
1322 2.924568e-07
1323 2.247029e-07
1324 1.622652e-07
1325 1.218404e-07
1326 6.915697e-08
1327 4.197839e-08
1328 2.363663e-08
1329 1.359998e-08
1330 8.116900e-09
1331 0.000000e+00
1332 0.000000e+00
1333 0.000000e+00
1334 0.000000e+00
1335 3.841561e-07
1336 4.014323e-07
1337 3.652105e-07
1338 2.807097e-07
1339 2.026908e-07
1340 1.522281e-07
1341 8.644124e-08
1342 5.249408e-08
1343 2.954836e-08
1344 1.699550e-08
1345 1.014064e-08
1346 0.000000e+00
1347 0.000000e+00
1348 0.000000e+00
1349 0.000000e+00
1350 7.265644e-08
1351 7.864616e-08
1352 7.541913e-08
1353 6.112097e-08
1354 4.409536e-08
1355 3.324141e-08
1356 2.076716e-08
1357 1.273206e-08
1358 7.068480e-09
1359 3.892290e-09
1360 2.249523e-09
1361 1.367988e-09
1362 0.000000e+00
1363 0.000000e+00
1364 0.000000e+00
1365 1.387745e-07
1366 1.504593e-07
1367 1.446450e-07
1368 1.175671e-07
1369 8.487266e-08
1370 6.392071e-08
1371 4.020277e-08
1372 2.457613e-08
1373 1.364676e-08
1374 7.518362e-09
1375 4.335314e-09
1376 2.630691e-09
1377 0.000000e+00
1378 0.000000e+00
1379 0.000000e+00
1380 2.010031e-07
1381 2.180563e-07
1382 2.098198e-07
1383 1.707216e-07
1384 1.232755e-07
1385 9.281020e-08
1386 5.851418e-08
1387 3.573215e-08
1388 1.984300e-08
1389 1.093430e-08
1390 6.299816e-09
1391 3.819753e-09
1392 0.000000e+00
1393 0.000000e+00
1394 0.000000e+00
1395 2.739546e-07
1396 2.973002e-07
1397 2.862206e-07
1398 2.330303e-07
1399 1.682909e-07
1400 1.266749e-07
1401 7.997821e-08
1402 4.880901e-08
1403 2.710609e-08
1404 1.493828e-08
1405 8.602574e-09
1406 5.213599e-09
1407 0.000000e+00
1408 0.000000e+00
1409 0.000000e+00
1410 5.915856e-08
1411 6.602493e-08
1412 6.632877e-08
1413 5.697451e-08
1414 4.199578e-08
1415 3.093137e-08
1416 2.179075e-08
1417 1.243282e-08
1418 6.999443e-09
1419 3.960640e-09
1420 2.203073e-09
1421 1.284855e-09
1422 0.000000e+00
1423 0.000000e+00
1424 0.000000e+00
1425 1.179166e-07
1426 1.317883e-07
1427 1.326795e-07
1428 1.143054e-07
1429 8.439826e-08
1430 6.208368e-08
1431 4.394642e-08
1432 2.499100e-08
1433 1.410002e-08
1434 7.977360e-09
1435 4.434926e-09
1436 2.581359e-09
1437 0.000000e+00
1438 0.000000e+00
1439 0.000000e+00
1440 1.864659e-07
1441 2.085133e-07
1442 2.100928e-07
1443 1.811975e-07
1444 1.338744e-07
1445 9.843172e-08
1446 6.979941e-08
1447 3.964442e-08
1448 2.238585e-08
1449 1.266432e-08
1450 7.039246e-09
1451 4.094128e-09
1452 0.000000e+00
1453 0.000000e+00
1454 0.000000e+00
1455 5.135092e-08
1456 5.884633e-08
1457 6.150908e-08
1458 5.588655e-08
1459 4.285845e-08
1460 3.095480e-08
1461 2.325008e-08
1462 1.303466e-08
1463 7.796570e-09
1464 4.271596e-09
1465 2.354855e-09
1466 1.314873e-09
1467 0.000000e+00
1468 0.000000e+00
1469 0.000000e+00
1470 1.144183e-07
1471 1.312916e-07
1472 1.375004e-07
1473 1.252950e-07
1474 9.633716e-08
1475 6.954074e-08
1476 5.230451e-08
1477 2.941265e-08
1478 1.765429e-08
1479 9.654141e-09
1480 5.309452e-09
1481 2.958532e-09
1482 0.000000e+00
1483 0.000000e+00
1484 0.000000e+00
1485 5.361630e-08
1486 6.300162e-08
1487 6.831090e-08
1488 6.558066e-08
1489 5.317411e-08
1490 3.836822e-08
1491 2.894479e-08
1492 1.799723e-08
1493 1.095271e-08
1494 5.943607e-09
1495 3.130540e-09
1496 1.689013e-09
1497 9.405927e-10
1498 0.000000e+00
1499 0.000000e+00
1500 1.109684e-04
1501 8.086786e-05
1502 6.035546e-05
1503 3.805236e-05
1504 2.321989e-05
1505 1.369104e-05
1506 8.324421e-06
1507 5.304277e-06
1508 3.565556e-06
1509 0.000000e+00
1510 0.000000e+00
1511 0.000000e+00
1512 0.000000e+00
1513 0.000000e+00
1514 0.000000e+00
1515 5.757601e-05
1516 4.644359e-05
1517 3.369791e-05
1518 2.528332e-05
1519 1.597668e-05
1520 9.754545e-06
1521 5.648866e-06
1522 3.364481e-06
1523 2.093966e-06
1524 1.379138e-06
1525 0.000000e+00
1526 0.000000e+00
1527 0.000000e+00
1528 0.000000e+00
1529 0.000000e+00
1530 4.047788e-05
1531 3.713775e-05
1532 2.882267e-05
1533 2.080348e-05
1534 1.566222e-05
1535 9.111532e-06
1536 5.625604e-06
1537 3.225263e-06
1538 1.896511e-06
1539 1.174730e-06
1540 0.000000e+00
1541 0.000000e+00
1542 0.000000e+00
1543 0.000000e+00
1544 0.000000e+00
1545 2.912801e-05
1546 2.891312e-05
1547 2.448503e-05
1548 1.793535e-05
1549 1.328396e-05
1550 9.154542e-06
1551 5.351144e-06
1552 3.053081e-06
1553 1.771954e-06
1554 1.042590e-06
1555 6.506122e-07
1556 0.000000e+00
1557 0.000000e+00
1558 0.000000e+00
1559 0.000000e+00
1560 2.085098e-05
1561 2.179680e-05
1562 1.983793e-05
1563 1.524768e-05
1564 1.100576e-05
1565 8.274949e-06
1566 4.689296e-06
1567 2.850415e-06
1568 1.602925e-06
1569 9.233707e-07
1570 5.506294e-07
1571 0.000000e+00
1572 0.000000e+00
1573 0.000000e+00
1574 0.000000e+00
1575 1.487210e-05
1576 1.614453e-05
1577 1.554949e-05
1578 1.266314e-05
1579 9.143013e-06
1580 6.883420e-06
1581 4.347301e-06
1582 2.655947e-06
1583 1.474901e-06
1584 8.112783e-07
1585 4.673052e-07
1586 2.832009e-07
1587 0.000000e+00
1588 0.000000e+00
1589 0.000000e+00
1590 1.001028e-05
1591 1.119728e-05
1592 1.128693e-05
1593 9.739022e-06
1594 7.195644e-06
1595 5.289411e-06
1596 3.755371e-06
1597 2.130464e-06
1598 1.202339e-06
1599 6.811759e-07
1600 3.783133e-07
1601 2.200058e-07
1602 0.000000e+00
1603 0.000000e+00
1604 0.000000e+00
1605 6.201116e-06
1606 7.118100e-06
1607 7.458527e-06
1608 6.801106e-06
1609 5.231433e-06
1610 3.775220e-06
1611 2.841823e-06
1612 1.597077e-06
1613 9.596537e-07
1614 5.242846e-07
1615 2.885232e-07
1616 1.606418e-07
1617 0.000000e+00
1618 0.000000e+00
1619 0.000000e+00
1620 3.163407e-06
1621 3.720115e-06
1622 4.038202e-06
1623 3.883392e-06
1624 3.154630e-06
1625 2.276770e-06
1626 1.716871e-06
1627 1.071974e-06
1628 6.518364e-07
1629 3.538249e-07
1630 1.861971e-07
1631 1.003484e-07
1632 5.578990e-08
1633 0.000000e+00
1634 0.000000e+00
1635 8.891198e-07
1636 1.072208e-06
1637 1.206146e-06
1638 1.224576e-06
1639 1.066696e-06
1640 7.933436e-07
1641 5.815894e-07
1642 4.169104e-07
1643 2.343421e-07
1644 1.314261e-07
1645 7.164692e-08
1646 3.730540e-08
1647 1.958823e-08
1648 0.000000e+00
1649 0.000000e+00
