0 2.250536e-09
1 1.463092e-09
2 9.202442e-10
3 5.795324e-10
4 3.724202e-10
5 2.450069e-10
6 1.629328e-10
7 1.070316e-10
8 6.784765e-11
9 4.077215e-11
10 2.299726e-11
11 1.215677e-11
12 6.063286e-12
13 2.885715e-12
14 1.326990e-12
15 3.798775e-09
16 2.527158e-09
17 1.606606e-09
18 1.001342e-09
19 6.331210e-10
20 4.099521e-10
21 2.711968e-10
22 1.798498e-10
23 1.166319e-10
24 7.236392e-11
25 4.230247e-11
26 2.315517e-11
27 1.189659e-11
28 5.791093e-12
29 2.704134e-12
30 4.353998e-09
31 2.916322e-09
32 1.864316e-09
33 1.160767e-09
34 7.308978e-10
35 4.707523e-10
36 3.103957e-10
37 2.060185e-10
38 1.342419e-10
39 8.395232e-11
40 4.957264e-11
41 2.742357e-11
42 1.422400e-11
43 6.977364e-12
44 3.275536e-12
45 4.660495e-09
46 3.131279e-09
47 2.006755e-09
48 1.248926e-09
49 7.849440e-10
50 5.043479e-10
51 3.321012e-10
52 2.204332e-10
53 1.439588e-10
54 9.034661e-11
55 5.357936e-11
56 2.977268e-11
57 1.550893e-11
58 7.632581e-12
59 3.591586e-12
60 4.865879e-09
61 3.275454e-09
62 2.102128e-09
63 1.307980e-09
64 8.211354e-10
65 5.269161e-10
66 3.466578e-10
67 2.301419e-10
68 1.504642e-10
69 9.464065e-11
70 5.628326e-11
71 3.136211e-11
72 1.637244e-11
73 8.075087e-12
74 3.805830e-12
75 5.020226e-09
76 3.383441e-09
77 2.173804e-09
78 1.352280e-09
79 8.483610e-10
80 5.438717e-10
81 3.575595e-10
82 2.374044e-10
83 1.553888e-10
84 9.788358e-11
85 5.829784e-11
86 3.254409e-11
87 1.702046e-11
88 8.402532e-12
89 3.963225e-12
90 5.145242e-09
91 3.471277e-09
92 2.231912e-09
93 1.388489e-09
94 8.704899e-10
95 5.575769e-10
96 3.664473e-10
97 2.433277e-10
98 1.593821e-10
99 1.005028e-10
100 5.995135e-11
101 3.351214e-11
102 1.754769e-11
103 8.671483e-12
104 4.092845e-12
105 5.255209e-09
106 3.547996e-09
107 2.283176e-09
108 1.420159e-09
109 8.898283e-10
110 5.696207e-10
111 3.741896e-10
112 2.484985e-10
113 1.627935e-10
114 1.027547e-10
115 6.135795e-11
116 3.435181e-11
117 1.800977e-11
118 8.907150e-12
119 4.203224e-12
120 5.359492e-09
121 3.621494e-09
122 2.331841e-09
123 1.450153e-09
124 9.082221e-10
125 5.810332e-10
126 3.815190e-10
127 2.534144e-10
128 1.661564e-10
129 1.049662e-10
130 6.275746e-11
131 3.515861e-11
132 1.844647e-11
133 9.130045e-12
134 4.314090e-12
135 5.478400e-09
136 3.704496e-09
137 2.387480e-09
138 1.484658e-09
139 9.293483e-10
140 5.942244e-10
141 3.900385e-10
142 2.590091e-10
143 1.699634e-10
144 1.074935e-10
145 6.433358e-11
146 3.608383e-11
147 1.895220e-11
148 9.385856e-12
149 4.437434e-12
150 7.895819e-09
151 5.435860e-09
152 3.570366e-09
153 2.230061e-09
154 1.382847e-09
155 8.718302e-10
156 5.654201e-10
157 3.741975e-10
158 2.474123e-10
159 1.592784e-10
160 9.768355e-11
161 5.629388e-11
162 3.033954e-11
163 1.535489e-11
164 7.376157e-12
165 9.974523e-09
166 6.953475e-09
167 4.632941e-09
168 2.923838e-09
169 1.803621e-09
170 1.127872e-09
171 7.235961e-10
172 4.757932e-10
173 3.150663e-10
174 2.047135e-10
175 1.275087e-10
176 7.490282e-11
177 4.117807e-11
178 2.121491e-11
179 1.033434e-11
180 1.118208e-08
181 7.839311e-09
182 5.253908e-09
183 3.332711e-09
184 2.052387e-09
185 1.279427e-09
186 8.166654e-10
187 5.353500e-10
188 3.545499e-10
189 2.312358e-10
190 1.449557e-10
191 8.582844e-11
192 4.758360e-11
193 2.470557e-11
194 1.210927e-11
195 1.199476e-08
196 8.436232e-09
197 5.672769e-09
198 3.608659e-09
199 2.220567e-09
200 1.381589e-09
201 8.793809e-10
202 5.755519e-10
203 3.811837e-10
204 2.491118e-10
205 1.567142e-10
206 9.320461e-11
207 5.191142e-11
208 2.706434e-11
209 1.330993e-11
210 1.260327e-08
211 8.883800e-09
212 5.987252e-09
213 3.814707e-09
214 2.346431e-09
215 1.458220e-09
216 9.264754e-10
217 6.055949e-10
218 4.011038e-10
219 2.624864e-10
220 1.655050e-10
221 9.872751e-11
222 5.515108e-11
223 2.882602e-11
224 1.420692e-11
225 1.309819e-08
226 9.245914e-09
227 6.240753e-09
228 3.982659e-09
229 2.448147e-09
230 1.520166e-09
231 9.644686e-10
232 6.299755e-10
233 4.172613e-10
234 2.733166e-10
235 1.726356e-10
236 1.031789e-10
237 5.775906e-11
238 3.025201e-11
239 1.493137e-11
240 1.352716e-08
241 9.561012e-09
242 6.462428e-09
243 4.128678e-09
244 2.537347e-09
245 1.574349e-09
246 9.976187e-10
247 6.511179e-10
248 4.313628e-10
249 2.827837e-10
250 1.788626e-10
251 1.070802e-10
252 6.005200e-11
253 3.150043e-11
254 1.556105e-11
255 1.393718e-08
256 9.861925e-09
257 6.673982e-09
258 4.268364e-09
259 2.621923e-09
260 1.625756e-09
261 1.029264e-09
262 6.713330e-10
263 4.447878e-10
264 2.917898e-10
265 1.847878e-10
266 1.108013e-10
267 6.223147e-11
268 3.268429e-11
269 1.616730e-11
270 1.441276e-08
271 1.021092e-08
272 6.918708e-09
273 4.429062e-09
274 2.719684e-09
275 1.685703e-09
276 1.066230e-09
277 6.949440e-10
278 4.603394e-10
279 3.022312e-10
280 1.916723e-10
281 1.151178e-10
282 6.475545e-11
283 3.406182e-11
284 1.686754e-11
285 1.363214e-08
286 9.696862e-09
287 6.585261e-09
288 4.248631e-09
289 2.617855e-09
290 1.621487e-09
291 1.022396e-09
292 6.633183e-10
293 4.376310e-10
294 2.868395e-10
295 1.821150e-10
296 1.098303e-10
297 6.219275e-11
298 3.297009e-11
299 1.644861e-11
300 1.603296e-08
301 1.153366e-08
302 7.903382e-09
303 5.157063e-09
304 3.189269e-09
305 1.965692e-09
306 1.229710e-09
307 7.917250e-10
308 5.204697e-10
309 3.419317e-10
310 2.188033e-10
311 1.335385e-10
312 7.669664e-11
313 4.124899e-11
314 2.084214e-11
315 1.767535e-08
316 1.279637e-08
317 8.811122e-09
318 5.784675e-09
319 3.586313e-09
320 2.203988e-09
321 1.373601e-09
322 8.806629e-10
323 5.776679e-10
324 3.798873e-10
325 2.440733e-10
326 1.498905e-10
327 8.672522e-11
328 4.699016e-11
329 2.389870e-11
330 1.890893e-08
331 1.374383e-08
332 9.489808e-09
333 6.252579e-09
334 3.883359e-09
335 2.382473e-09
336 1.481254e-09
337 9.472276e-10
338 6.206011e-10
339 4.083295e-10
340 2.629880e-10
341 1.621275e-10
342 9.422990e-11
343 5.128752e-11
344 2.618663e-11
345 1.990783e-08
346 1.451160e-08
347 1.004278e-08
348 6.634930e-09
349 4.124179e-09
350 2.527206e-09
351 1.568371e-09
352 1.001147e-09
353 6.552246e-10
354 4.313333e-10
355 2.783330e-10
356 1.720556e-10
357 1.003152e-10
358 5.477279e-11
359 2.804217e-11
360 2.077978e-08
361 1.518186e-08
362 1.052467e-08
363 6.966326e-09
364 4.333908e-09
365 2.653473e-09
366 1.644363e-09
367 1.048135e-09
368 6.854700e-10
369 4.514321e-10
370 2.917010e-10
371 1.807048e-10
372 1.056186e-10
373 5.780631e-11
374 2.965652e-11
375 2.160453e-08
376 1.581553e-08
377 1.097951e-08
378 7.281160e-09
379 4.532494e-09
380 2.772952e-09
381 1.716454e-09
382 1.092662e-09
383 7.141353e-10
384 4.704684e-10
385 3.043868e-10
386 1.889086e-10
387 1.106471e-10
388 6.068422e-11
389 3.118815e-11
390 2.256913e-08
391 1.655747e-08
392 1.151207e-08
393 7.648932e-09
394 4.765398e-09
395 2.913396e-09
396 1.801084e-09
397 1.145003e-09
398 7.477055e-10
399 4.927871e-10
400 3.192441e-10
401 1.985244e-10
402 1.165444e-10
403 6.405476e-11
404 3.298319e-11
405 1.964938e-08
406 1.439579e-08
407 9.988467e-09
408 6.620763e-09
409 4.142694e-09
410 2.536907e-09
411 1.573300e-09
412 1.000521e-09
413 6.523223e-10
414 4.284717e-10
415 2.764398e-10
416 1.712605e-10
417 1.002878e-10
418 5.508523e-11
419 2.839011e-11
420 2.229912e-08
421 1.652608e-08
422 1.155504e-08
423 7.722942e-09
424 4.873424e-09
425 2.975726e-09
426 1.837613e-09
427 1.159963e-09
428 7.520552e-10
429 4.933857e-10
430 3.195197e-10
431 1.995162e-10
432 1.180837e-10
433 6.563369e-11
434 3.421746e-11
435 2.428946e-08
436 1.813222e-08
437 1.273424e-08
438 8.555263e-09
439 5.425067e-09
440 3.307228e-09
441 2.037747e-09
442 1.280387e-09
443 8.275003e-10
444 5.424126e-10
445 3.520483e-10
446 2.208526e-10
447 1.315285e-10
448 7.361137e-11
449 3.862940e-11
450 2.591277e-08
451 1.943369e-08
452 1.369317e-08
453 9.230490e-09
454 5.871967e-09
455 3.576471e-09
456 2.199537e-09
457 1.378036e-09
458 8.883686e-10
459 5.821068e-10
460 3.783881e-10
461 2.381300e-10
462 1.424146e-10
463 8.006805e-11
464 4.219956e-11
465 2.732233e-08
466 2.057083e-08
467 1.452933e-08
468 9.817346e-09
469 6.261886e-09
470 3.811158e-09
471 2.340488e-09
472 1.463068e-09
473 9.416684e-10
474 6.167507e-10
475 4.013698e-10
476 2.532059e-10
477 1.519147e-10
478 8.570471e-11
479 4.531612e-11
480 2.865644e-08
481 2.164096e-08
482 1.531900e-08
483 1.037266e-08
484 6.630857e-09
485 4.032657e-09
486 2.474128e-09
487 1.543368e-09
488 9.919256e-10
489 6.494660e-10
490 4.231071e-10
491 2.674627e-10
492 1.608949e-10
493 9.102537e-11
494 4.825653e-11
495 3.021789e-08
496 2.289667e-08
497 1.624189e-08
498 1.102328e-08
499 7.061806e-09
500 4.291818e-09
501 2.630201e-09
502 1.637524e-09
503 1.050772e-09
504 6.877557e-10
505 4.485062e-10
506 2.841060e-10
507 1.713928e-10
508 9.725685e-11
509 5.170174e-11
510 2.599034e-08
511 1.959519e-08
512 1.386036e-08
513 9.361562e-09
514 5.989091e-09
515 3.656883e-09
516 2.246868e-09
517 1.403358e-09
518 9.015345e-10
519 5.890371e-10
520 3.825212e-10
521 2.410099e-10
522 1.445963e-10
523 8.169260e-11
524 4.331358e-11
525 2.889058e-08
526 2.203089e-08
527 1.570503e-08
528 1.067756e-08
529 6.889834e-09
530 4.212969e-09
531 2.579998e-09
532 1.600873e-09
533 1.022447e-09
534 6.658807e-10
535 4.329078e-10
536 2.741621e-10
537 1.658336e-10
538 9.462856e-11
539 5.069738e-11
540 3.124068e-08
541 2.400322e-08
542 1.719747e-08
543 1.174357e-08
544 7.618286e-09
545 4.663576e-09
546 2.848828e-09
547 1.760593e-09
548 1.119918e-09
549 7.280075e-10
550 4.736614e-10
551 3.009835e-10
552 1.830161e-10
553 1.050926e-10
554 5.666857e-11
555 3.328639e-08
556 2.572070e-08
557 1.849892e-08
558 1.266987e-08
559 8.252520e-09
560 5.054576e-09
561 3.082928e-09
562 1.899616e-09
563 1.204967e-09
564 7.820852e-10
565 5.091336e-10
566 3.243310e-10
567 1.979735e-10
568 1.142005e-10
569 6.186470e-11
570 3.522635e-08
571 2.734983e-08
572 1.973324e-08
573 1.354967e-08
574 8.855115e-09
575 5.426409e-09
576 3.305179e-09
577 2.031452e-09
578 1.285622e-09
579 8.334232e-10
580 5.428241e-10
581 3.465035e-10
582 2.121767e-10
583 1.228500e-10
584 6.679982e-11
585 3.749962e-08
586 2.925357e-08
587 2.117491e-08
588 1.457678e-08
589 9.556375e-09
590 5.859569e-09
591 3.564262e-09
592 2.185083e-09
593 1.379588e-09
594 8.932067e-10
595 5.820526e-10
596 3.723299e-10
597 2.287236e-10
598 1.329252e-10
599 7.254746e-11
600 3.275683e-08
601 2.538537e-08
602 1.831377e-08
603 1.255929e-08
604 8.198684e-09
605 5.046015e-09
606 3.074668e-09
607 1.893437e-09
608 1.198310e-09
609 7.757148e-10
610 5.039928e-10
611 3.208230e-10
612 1.959761e-10
613 1.132990e-10
614 6.159343e-11
615 3.597865e-08
616 2.819726e-08
617 2.051341e-08
618 1.415238e-08
619 9.308278e-09
620 5.758523e-09
621 3.496783e-09
622 2.143805e-09
623 1.348234e-09
624 8.688937e-10
625 5.640571e-10
626 3.601684e-10
627 2.214007e-10
628 1.290870e-10
629 7.084737e-11
630 3.877382e-08
631 3.063493e-08
632 2.241984e-08
633 1.552816e-08
634 1.026749e-08
635 6.373223e-09
636 3.860758e-09
637 2.359656e-09
638 1.477782e-09
639 9.493421e-10
640 6.159767e-10
641 3.942069e-10
642 2.434028e-10
643 1.427458e-10
644 7.884694e-11
645 4.142167e-08
646 3.294423e-08
647 2.422533e-08
648 1.683394e-08
649 1.117656e-08
650 6.955954e-09
651 4.205399e-09
652 2.564394e-09
653 1.600396e-09
654 1.025572e-09
655 6.651869e-10
656 4.264697e-10
657 2.642558e-10
658 1.556910e-10
659 8.642725e-11
660 4.452190e-08
661 3.564108e-08
662 2.633391e-08
663 1.835650e-08
664 1.223607e-08
665 7.635454e-09
666 4.607654e-09
667 2.802733e-09
668 1.743350e-09
669 1.114475e-09
670 7.225560e-10
671 4.640858e-10
672 2.885735e-10
673 1.707862e-10
674 9.526718e-11
675 4.016748e-08
676 3.197116e-08
677 2.355647e-08
678 1.638843e-08
679 1.088313e-08
680 6.801183e-09
681 4.116259e-09
682 2.512225e-09
683 1.565438e-09
684 1.000987e-09
685 6.477371e-10
686 4.145027e-10
687 2.566056e-10
688 1.512223e-10
689 8.408360e-11
690 4.388248e-08
691 3.532425e-08
692 2.627630e-08
693 1.839025e-08
694 1.229426e-08
695 7.738427e-09
696 4.674969e-09
697 2.844709e-09
698 1.761112e-09
699 1.119589e-09
700 7.226373e-10
701 4.630736e-10
702 2.880598e-10
703 1.710168e-10
704 9.593445e-11
705 4.737048e-08
706 3.847894e-08
707 2.882240e-08
708 2.026662e-08
709 1.361459e-08
710 8.614537e-09
711 5.195427e-09
712 3.154401e-09
713 1.943511e-09
714 1.230301e-09
715 7.927142e-10
716 5.085692e-10
717 3.175427e-10
718 1.895695e-10
719 1.070371e-10
720 5.145475e-08
721 4.216599e-08
722 3.179171e-08
723 2.245396e-08
724 1.515351e-08
725 9.636476e-09
726 5.802761e-09
727 3.516103e-09
728 2.156173e-09
729 1.359517e-09
730 8.743970e-10
731 5.616089e-10
732 3.519188e-10
733 2.111999e-10
734 1.199822e-10
735 4.866966e-08
736 3.979380e-08
737 3.000990e-08
738 2.120861e-08
739 1.429815e-08
740 9.104231e-09
741 5.506564e-09
742 3.337834e-09
743 2.047701e-09
744 1.290178e-09
745 8.280332e-10
746 5.303897e-10
747 3.314961e-10
748 1.985617e-10
749 1.127110e-10
750 5.324503e-08
751 4.407128e-08
752 3.360004e-08
753 2.391853e-08
754 1.622575e-08
755 1.041876e-08
756 6.309517e-09
757 3.812988e-09
758 2.323879e-09
759 1.454493e-09
760 9.293887e-10
761 5.950274e-10
762 3.731705e-10
763 2.249909e-10
764 1.288203e-10
765 5.855602e-08
766 4.902976e-08
767 3.773730e-08
768 2.703855e-08
769 1.844434e-08
770 1.193145e-08
771 7.231194e-09
772 4.358803e-09
773 2.640400e-09
774 1.643177e-09
775 1.045931e-09
776 6.694964e-10
777 4.212453e-10
778 2.554902e-10
779 1.474043e-10
780 5.923072e-08
781 4.985202e-08
782 3.862606e-08
783 2.783258e-08
784 1.904747e-08
785 1.237936e-08
786 7.553464e-09
787 4.542635e-09
788 2.747067e-09
789 1.701570e-09
790 1.077924e-09
791 6.876031e-10
792 4.321545e-10
793 2.624441e-10
794 1.519474e-10
795 6.625069e-08
796 5.663791e-08
797 4.452878e-08
798 3.243761e-08
799 2.237060e-08
800 1.468889e-08
801 9.023196e-09
802 5.403634e-09
803 3.247151e-09
804 1.992978e-09
805 1.252890e-09
806 7.965286e-10
807 5.014948e-10
808 3.064556e-10
809 1.791307e-10
810 7.611266e-08
811 6.655050e-08
812 5.358426e-08
813 3.983074e-08
814 2.784426e-08
815 1.855143e-08
816 1.160074e-08
817 6.928369e-09
818 4.140015e-09
819 2.501633e-09
820 1.547551e-09
821 9.732670e-10
822 6.109205e-10
823 3.751238e-10
824 2.217815e-10
825 5.055031e-07
826 3.692226e-07
827 2.735866e-07
828 1.703004e-07
829 1.037454e-07
830 6.146076e-08
831 3.752815e-08
832 2.407570e-08
833 1.625232e-08
834 0.000000e+00
835 0.000000e+00
836 0.000000e+00
837 0.000000e+00
838 0.000000e+00
839 0.000000e+00
840 7.609676e-07
841 5.559548e-07
842 4.123968e-07
843 2.596339e-07
844 1.577816e-07
845 9.335660e-08
846 5.689698e-08
847 3.636666e-08
848 2.448236e-08
849 0.000000e+00
850 0.000000e+00
851 0.000000e+00
852 0.000000e+00
853 0.000000e+00
854 0.000000e+00
855 9.034708e-07
856 6.601393e-07
857 4.898344e-07
858 3.095543e-07
859 1.879543e-07
860 1.111685e-07
861 6.771198e-08
862 4.322638e-08
863 2.907417e-08
864 0.000000e+00
865 0.000000e+00
866 0.000000e+00
867 0.000000e+00
868 0.000000e+00
869 0.000000e+00
870 9.993278e-07
871 7.302182e-07
872 5.419243e-07
873 3.431341e-07
874 2.082519e-07
875 1.231503e-07
876 7.498702e-08
877 4.784112e-08
878 3.216291e-08
879 0.000000e+00
880 0.000000e+00
881 0.000000e+00
882 0.000000e+00
883 0.000000e+00
884 0.000000e+00
885 1.071193e-06
886 7.827614e-07
887 5.809742e-07
888 3.683088e-07
889 2.234694e-07
890 1.321335e-07
891 8.044121e-08
892 5.130076e-08
893 3.447879e-08
894 0.000000e+00
895 0.000000e+00
896 0.000000e+00
897 0.000000e+00
898 0.000000e+00
899 0.000000e+00
900 1.129439e-06
901 8.253442e-07
902 6.126261e-07
903 3.887123e-07
904 2.358020e-07
905 1.394142e-07
906 8.486152e-08
907 5.410480e-08
908 3.635564e-08
909 0.000000e+00
910 0.000000e+00
911 0.000000e+00
912 0.000000e+00
913 0.000000e+00
914 0.000000e+00
915 1.180268e-06
916 8.625041e-07
917 6.402459e-07
918 4.065191e-07
919 2.465652e-07
920 1.457672e-07
921 8.871918e-08
922 5.655163e-08
923 3.799350e-08
924 0.000000e+00
925 0.000000e+00
926 0.000000e+00
927 0.000000e+00
928 0.000000e+00
929 0.000000e+00
930 1.228460e-06
931 8.977376e-07
932 6.664337e-07
933 4.234011e-07
934 2.567693e-07
935 1.517905e-07
936 9.237652e-08
937 5.887147e-08
938 3.954628e-08
939 0.000000e+00
940 0.000000e+00
941 0.000000e+00
942 0.000000e+00
943 0.000000e+00
944 0.000000e+00
945 1.284683e-06
946 9.388454e-07
947 6.969857e-07
948 4.430983e-07
949 2.686743e-07
950 1.588185e-07
951 9.664394e-08
952 6.157795e-08
953 4.135810e-08
954 0.000000e+00
955 0.000000e+00
956 0.000000e+00
957 0.000000e+00
958 0.000000e+00
959 0.000000e+00
960 3.370615e-07
961 2.684313e-07
962 1.947184e-07
963 1.460258e-07
964 9.033851e-08
965 5.530110e-08
966 3.214341e-08
967 1.922013e-08
968 1.204528e-08
969 7.975044e-09
970 0.000000e+00
971 0.000000e+00
972 0.000000e+00
973 0.000000e+00
974 0.000000e+00
975 5.201582e-07
976 4.171006e-07
977 3.028509e-07
978 2.269041e-07
979 1.422058e-07
980 8.670716e-08
981 5.036201e-08
982 3.007369e-08
983 1.877877e-08
984 1.239676e-08
985 0.000000e+00
986 0.000000e+00
987 0.000000e+00
988 0.000000e+00
989 0.000000e+00
990 6.448120e-07
991 5.183992e-07
992 3.765466e-07
993 2.820115e-07
994 1.775998e-07
995 1.081223e-07
996 6.278598e-08
997 3.747520e-08
998 2.336911e-08
999 1.541004e-08
1000 0.000000e+00
1001 0.000000e+00
1002 0.000000e+00
1003 0.000000e+00
1004 0.000000e+00
1005 7.382357e-07
1006 5.943126e-07
1007 4.317715e-07
1008 3.233096e-07
1009 2.041234e-07
1010 1.241698e-07
1011 7.209649e-08
1012 4.302199e-08
1013 2.680897e-08
1014 1.766814e-08
1015 0.000000e+00
1016 0.000000e+00
1017 0.000000e+00
1018 0.000000e+00
1019 0.000000e+00
1020 8.139596e-07
1021 6.558390e-07
1022 4.765327e-07
1023 3.567807e-07
1024 2.256220e-07
1025 1.371778e-07
1026 7.964314e-08
1027 4.751755e-08
1028 2.959718e-08
1029 1.949827e-08
1030 0.000000e+00
1031 0.000000e+00
1032 0.000000e+00
1033 0.000000e+00
1034 0.000000e+00
1035 8.800254e-07
1036 7.095243e-07
1037 5.155916e-07
1038 3.859857e-07
1039 2.443794e-07
1040 1.485270e-07
1041 8.622743e-08
1042 5.144028e-08
1043 3.202995e-08
1044 2.109535e-08
1045 0.000000e+00
1046 0.000000e+00
1047 0.000000e+00
1048 0.000000e+00
1049 0.000000e+00
1050 9.426736e-07
1051 7.604327e-07
1052 5.526249e-07
1053 4.136780e-07
1054 2.621647e-07
1055 1.592896e-07
1056 9.247120e-08
1057 5.515972e-08
1058 3.433673e-08
1059 2.260959e-08
1060 0.000000e+00
1061 0.000000e+00
1062 0.000000e+00
1063 0.000000e+00
1064 0.000000e+00
1065 1.015768e-06
1066 8.198310e-07
1067 5.958365e-07
1068 4.459927e-07
1069 2.829175e-07
1070 1.718473e-07
1071 9.975607e-08
1072 5.949995e-08
1073 3.702828e-08
1074 2.437647e-08
1075 0.000000e+00
1076 0.000000e+00
1077 0.000000e+00
1078 0.000000e+00
1079 0.000000e+00
1080 1.974145e-07
1081 1.795161e-07
1082 1.382844e-07
1083 1.000028e-07
1084 7.493376e-08
1085 4.330618e-08
1086 2.654031e-08
1087 1.530346e-08
1088 9.050644e-09
1089 5.631197e-09
1090 0.000000e+00
1091 0.000000e+00
1092 0.000000e+00
1093 0.000000e+00
1094 0.000000e+00
1095 3.302839e-07
1096 3.017104e-07
1097 2.333985e-07
1098 1.686774e-07
1099 1.265831e-07
1100 7.358058e-08
1101 4.521582e-08
1102 2.600824e-08
1103 1.532494e-08
1104 9.512379e-09
1105 0.000000e+00
1106 0.000000e+00
1107 0.000000e+00
1108 0.000000e+00
1109 0.000000e+00
1110 4.306279e-07
1111 3.940342e-07
1112 3.052903e-07
1113 2.205836e-07
1114 1.656231e-07
1115 9.648066e-08
1116 5.934313e-08
1117 3.410487e-08
1118 2.006900e-08
1119 1.244630e-08
1120 0.000000e+00
1121 0.000000e+00
1122 0.000000e+00
1123 0.000000e+00
1124 0.000000e+00
1125 5.118675e-07
1126 4.687719e-07
1127 3.634880e-07
1128 2.626035e-07
1129 1.972257e-07
1130 1.150174e-07
1131 7.077884e-08
1132 4.065897e-08
1133 2.390921e-08
1134 1.482137e-08
1135 0.000000e+00
1136 0.000000e+00
1137 0.000000e+00
1138 0.000000e+00
1139 0.000000e+00
1140 5.827486e-07
1141 5.339873e-07
1142 4.142683e-07
1143 2.992682e-07
1144 2.248018e-07
1145 1.311919e-07
1146 8.075741e-08
1147 4.637790e-08
1148 2.726008e-08
1149 1.689370e-08
1150 0.000000e+00
1151 0.000000e+00
1152 0.000000e+00
1153 0.000000e+00
1154 0.000000e+00
1155 6.499630e-07
1156 5.958254e-07
1157 4.624212e-07
1158 3.340351e-07
1159 2.509506e-07
1160 1.465295e-07
1161 9.021925e-08
1162 5.180077e-08
1163 3.043750e-08
1164 1.885873e-08
1165 0.000000e+00
1166 0.000000e+00
1167 0.000000e+00
1168 0.000000e+00
1169 0.000000e+00
1170 7.283846e-07
1171 6.679733e-07
1172 5.186008e-07
1173 3.745984e-07
1174 2.814577e-07
1175 1.644239e-07
1176 1.012585e-07
1177 5.812754e-08
1178 3.414473e-08
1179 2.115149e-08
1180 0.000000e+00
1181 0.000000e+00
1182 0.000000e+00
1183 0.000000e+00
1184 0.000000e+00
1185 1.301672e-07
1186 1.284543e-07
1187 1.079863e-07
1188 7.887053e-08
1189 5.860034e-08
1190 3.980529e-08
1191 2.349927e-08
1192 1.338697e-08
1193 7.738250e-09
1194 4.573373e-09
1195 2.865278e-09
1196 0.000000e+00
1197 0.000000e+00
1198 0.000000e+00
1199 0.000000e+00
1200 2.309412e-07
1201 2.286071e-07
1202 1.929634e-07
1203 1.412046e-07
1204 1.047267e-07
1205 7.168357e-08
1206 4.209066e-08
1207 2.401498e-08
1208 1.390195e-08
1209 8.200176e-09
1210 5.125964e-09
1211 0.000000e+00
1212 0.000000e+00
1213 0.000000e+00
1214 0.000000e+00
1215 3.123230e-07
1216 3.095003e-07
1217 2.616146e-07
1218 1.915692e-07
1219 1.419925e-07
1220 9.744464e-08
1221 5.711206e-08
1222 3.260329e-08
1223 1.888241e-08
1224 1.113063e-08
1225 6.952514e-09
1226 0.000000e+00
1227 0.000000e+00
1228 0.000000e+00
1229 0.000000e+00
1230 3.831935e-07
1231 3.799432e-07
1232 3.213903e-07
1233 2.354215e-07
1234 1.744400e-07
1235 1.198757e-07
1236 7.019122e-08
1237 4.008120e-08
1238 2.321897e-08
1239 1.368230e-08
1240 8.542871e-09
1241 0.000000e+00
1242 0.000000e+00
1243 0.000000e+00
1244 0.000000e+00
1245 4.503977e-07
1246 4.467362e-07
1247 3.780737e-07
1248 2.770046e-07
1249 2.052095e-07
1250 1.411454e-07
1251 8.259382e-08
1252 4.717229e-08
1253 2.733118e-08
1254 1.610194e-08
1255 1.005098e-08
1256 0.000000e+00
1257 0.000000e+00
1258 0.000000e+00
1259 0.000000e+00
1260 5.288015e-07
1261 5.246659e-07
1262 4.442070e-07
1263 3.255223e-07
1264 2.411084e-07
1265 1.659601e-07
1266 9.706421e-08
1267 5.544503e-08
1268 3.212871e-08
1269 1.892488e-08
1270 1.181051e-08
1271 0.000000e+00
1272 0.000000e+00
1273 0.000000e+00
1274 0.000000e+00
1275 9.268606e-08
1276 9.647852e-08
1277 8.726884e-08
1278 6.673662e-08
1279 4.824435e-08
1280 3.613036e-08
1281 2.040525e-08
1282 1.231732e-08
1283 6.961947e-09
1284 4.022698e-09
1285 2.408956e-09
1286 0.000000e+00
1287 0.000000e+00
1288 0.000000e+00
1289 0.000000e+00
1290 1.733484e-07
1291 1.808750e-07
1292 1.641922e-07
1293 1.259572e-07
1294 9.098954e-08
1295 6.826312e-08
1296 3.868171e-08
1297 2.343742e-08
1298 1.321316e-08
1299 7.613222e-09
1300 4.548818e-09
1301 0.000000e+00
1302 0.000000e+00
1303 0.000000e+00
1304 0.000000e+00
1305 2.424634e-07
1306 2.531893e-07
1307 2.301013e-07
1308 1.766982e-07
1309 1.276148e-07
1310 9.579444e-08
1311 5.434248e-08
1312 3.296554e-08
1313 1.856967e-08
1314 1.068970e-08
1315 6.382325e-09
1316 0.000000e+00
1317 0.000000e+00
1318 0.000000e+00
1319 0.000000e+00
1320 3.078577e-07
1321 3.216065e-07
1322 2.924568e-07
1323 2.247029e-07
1324 1.622652e-07
1325 1.218404e-07
1326 6.915697e-08
1327 4.197839e-08
1328 2.363663e-08
1329 1.359998e-08
1330 8.116900e-09
1331 0.000000e+00
1332 0.000000e+00
1333 0.000000e+00
1334 0.000000e+00
1335 3.841561e-07
1336 4.014323e-07
1337 3.652105e-07
1338 2.807097e-07
1339 2.026908e-07
1340 1.522281e-07
1341 8.644124e-08
1342 5.249408e-08
1343 2.954836e-08
1344 1.699550e-08
1345 1.014064e-08
1346 0.000000e+00
1347 0.000000e+00
1348 0.000000e+00
1349 0.000000e+00
1350 7.027895e-08
1351 7.604606e-08
1352 7.288678e-08
1353 5.903078e-08
1354 4.258087e-08
1355 3.210680e-08
1356 2.002857e-08
1357 1.228765e-08
1358 6.821447e-09
1359 3.755614e-09
1360 2.171646e-09
1361 1.321264e-09
1362 0.000000e+00
1363 0.000000e+00
1364 0.000000e+00
1365 1.383899e-07
1366 1.500413e-07
1367 1.442420e-07
1368 1.172381e-07
1369 8.463512e-08
1370 6.374192e-08
1371 4.008917e-08
1372 2.450708e-08
1373 1.360842e-08
1374 7.497181e-09
1375 4.323156e-09
1376 2.623329e-09
1377 0.000000e+00
1378 0.000000e+00
1379 0.000000e+00
1380 2.010031e-07
1381 2.180563e-07
1382 2.098198e-07
1383 1.707216e-07
1384 1.232755e-07
1385 9.281020e-08
1386 5.851418e-08
1387 3.573215e-08
1388 1.984300e-08
1389 1.093430e-08
1390 6.299815e-09
1391 3.819753e-09
1392 0.000000e+00
1393 0.000000e+00
1394 0.000000e+00
1395 2.739546e-07
1396 2.973002e-07
1397 2.862206e-07
1398 2.330303e-07
1399 1.682909e-07
1400 1.266749e-07
1401 7.997821e-08
1402 4.880901e-08
1403 2.710609e-08
1404 1.493828e-08
1405 8.602574e-09
1406 5.213599e-09
1407 0.000000e+00
1408 0.000000e+00
1409 0.000000e+00
1410 5.690234e-08
1411 6.348532e-08
1412 6.374471e-08
1413 5.471561e-08
1414 4.031351e-08
1415 2.970149e-08
1416 2.090047e-08
1417 1.193409e-08
1418 6.714912e-09
1419 3.800003e-09
1420 2.113933e-09
1421 1.233471e-09
1422 0.000000e+00
1423 0.000000e+00
1424 0.000000e+00
1425 1.178987e-07
1426 1.317681e-07
1427 1.326586e-07
1428 1.142869e-07
1429 8.438441e-08
1430 6.207360e-08
1431 4.393901e-08
1432 2.498687e-08
1433 1.409765e-08
1434 7.976028e-09
1435 4.434191e-09
1436 2.580936e-09
1437 0.000000e+00
1438 0.000000e+00
1439 0.000000e+00
1440 1.864659e-07
1441 2.085133e-07
1442 2.100928e-07
1443 1.811975e-07
1444 1.338744e-07
1445 9.843172e-08
1446 6.979941e-08
1447 3.964442e-08
1448 2.238585e-08
1449 1.266432e-08
1450 7.039246e-09
1451 4.094128e-09
1452 0.000000e+00
1453 0.000000e+00
1454 0.000000e+00
1455 4.987508e-08
1456 5.714055e-08
1457 5.970319e-08
1458 5.421473e-08
1459 4.155417e-08
1460 3.001603e-08
1461 2.253921e-08
1462 1.262755e-08
1463 7.547809e-09
1464 4.136816e-09
1465 2.281786e-09
1466 1.274581e-09
1467 0.000000e+00
1468 0.000000e+00
1469 0.000000e+00
1470 1.144178e-07
1471 1.312910e-07
1472 1.374997e-07
1473 1.252943e-07
1474 9.633664e-08
1475 6.954036e-08
1476 5.230423e-08
1477 2.941249e-08
1478 1.765419e-08
1479 9.654086e-09
1480 5.309422e-09
1481 2.958516e-09
1482 0.000000e+00
1483 0.000000e+00
1484 0.000000e+00
1485 5.304436e-08
1486 6.232286e-08
1487 6.756433e-08
1488 6.484769e-08
1489 5.256414e-08
1490 3.792496e-08
1491 2.861360e-08
1492 1.777846e-08
1493 1.082314e-08
1494 5.873009e-09
1495 3.092870e-09
1496 1.669106e-09
1497 9.297671e-10
1498 0.000000e+00
1499 0.000000e+00
1500 1.109684e-04
1501 8.086786e-05
1502 6.035546e-05
1503 3.805236e-05
1504 2.321989e-05
1505 1.369104e-05
1506 8.324421e-06
1507 5.304277e-06
1508 3.565556e-06
1509 0.000000e+00
1510 0.000000e+00
1511 0.000000e+00
1512 0.000000e+00
1513 0.000000e+00
1514 0.000000e+00
1515 5.757601e-05
1516 4.644359e-05
1517 3.369791e-05
1518 2.528332e-05
1519 1.597668e-05
1520 9.754545e-06
1521 5.648866e-06
1522 3.364481e-06
1523 2.093966e-06
1524 1.379138e-06
1525 0.000000e+00
1526 0.000000e+00
1527 0.000000e+00
1528 0.000000e+00
1529 0.000000e+00
1530 4.047788e-05
1531 3.713775e-05
1532 2.882267e-05
1533 2.080348e-05
1534 1.566222e-05
1535 9.111532e-06
1536 5.625604e-06
1537 3.225263e-06
1538 1.896511e-06
1539 1.174730e-06
1540 0.000000e+00
1541 0.000000e+00
1542 0.000000e+00
1543 0.000000e+00
1544 0.000000e+00
1545 2.912801e-05
1546 2.891312e-05
1547 2.448503e-05
1548 1.793535e-05
1549 1.328396e-05
1550 9.154542e-06
1551 5.351144e-06
1552 3.053081e-06
1553 1.771954e-06
1554 1.042590e-06
1555 6.506122e-07
1556 0.000000e+00
1557 0.000000e+00
1558 0.000000e+00
1559 0.000000e+00
1560 2.085098e-05
1561 2.179680e-05
1562 1.983793e-05
1563 1.524768e-05
1564 1.100576e-05
1565 8.274949e-06
1566 4.689296e-06
1567 2.850415e-06
1568 1.602925e-06
1569 9.233707e-07
1570 5.506294e-07
1571 0.000000e+00
1572 0.000000e+00
1573 0.000000e+00
1574 0.000000e+00
1575 1.487210e-05
1576 1.614453e-05
1577 1.554949e-05
1578 1.266314e-05
1579 9.143013e-06
1580 6.883420e-06
1581 4.347301e-06
1582 2.655947e-06
1583 1.474901e-06
1584 8.112783e-07
1585 4.673052e-07
1586 2.832009e-07
1587 0.000000e+00
1588 0.000000e+00
1589 0.000000e+00
1590 1.001028e-05
1591 1.119728e-05
1592 1.128693e-05
1593 9.739022e-06
1594 7.195644e-06
1595 5.289411e-06
1596 3.755371e-06
1597 2.130464e-06
1598 1.202339e-06
1599 6.811759e-07
1600 3.783133e-07
1601 2.200058e-07
1602 0.000000e+00
1603 0.000000e+00
1604 0.000000e+00
1605 6.201116e-06
1606 7.118100e-06
1607 7.458527e-06
1608 6.801106e-06
1609 5.231433e-06
1610 3.775220e-06
1611 2.841823e-06
1612 1.597077e-06
1613 9.596537e-07
1614 5.242846e-07
1615 2.885232e-07
1616 1.606418e-07
1617 0.000000e+00
1618 0.000000e+00
1619 0.000000e+00
1620 3.163407e-06
1621 3.720115e-06
1622 4.038202e-06
1623 3.883392e-06
1624 3.154630e-06
1625 2.276770e-06
1626 1.716871e-06
1627 1.071974e-06
1628 6.518364e-07
1629 3.538249e-07
1630 1.861971e-07
1631 1.003484e-07
1632 5.578990e-08
1633 0.000000e+00
1634 0.000000e+00
1635 8.891198e-07
1636 1.072208e-06
1637 1.206146e-06
1638 1.224576e-06
1639 1.066696e-06
1640 7.933436e-07
1641 5.815894e-07
1642 4.169104e-07
1643 2.343421e-07
1644 1.314261e-07
1645 7.164692e-08
1646 3.730540e-08
1647 1.958823e-08
1648 0.000000e+00
1649 0.000000e+00
