0 2.230394e-09
1 1.449621e-09
2 9.117772e-10
3 5.743309e-10
4 3.691668e-10
5 2.429089e-10
6 1.615301e-10
7 1.060829e-10
8 6.721891e-11
9 4.037479e-11
10 2.276162e-11
11 1.202716e-11
12 5.996770e-12
13 2.853448e-12
14 1.311995e-12
15 3.779113e-09
16 2.513719e-09
17 1.598043e-09
18 9.962173e-10
19 6.299376e-10
20 4.079331e-10
21 2.698559e-10
22 1.789374e-10
23 1.160155e-10
24 7.196582e-11
25 4.206124e-11
26 2.301988e-11
27 1.182651e-11
28 5.757000e-12
29 2.688339e-12
30 4.332718e-09
31 2.901858e-09
32 1.855131e-09
33 1.155376e-09
34 7.275564e-10
35 4.686314e-10
36 3.089768e-10
37 2.050467e-10
38 1.335805e-10
39 8.352182e-11
40 4.931167e-11
41 2.727870e-11
42 1.415023e-11
43 6.942162e-12
44 3.259691e-12
45 4.638380e-09
46 3.116287e-09
47 1.997264e-09
48 1.243451e-09
49 7.815615e-10
50 5.022031e-10
51 3.306559e-10
52 2.194317e-10
53 1.432737e-10
54 8.989973e-11
55 5.331006e-11
56 2.962386e-11
57 1.543381e-11
58 7.597714e-12
59 3.576250e-12
60 4.839281e-09
61 3.257400e-09
62 2.090614e-09
63 1.301306e-09
64 8.170476e-10
65 5.243275e-10
66 3.449159e-10
67 2.289347e-10
68 1.496473e-10
69 9.410303e-11
70 5.595468e-11
71 3.117566e-11
72 1.628249e-11
73 8.030175e-12
74 3.786675e-12
75 4.997068e-09
76 3.367896e-09
77 2.164096e-09
78 1.346757e-09
79 8.449556e-10
80 5.417123e-10
81 3.561000e-10
82 2.363830e-10
83 1.546826e-10
84 9.742164e-11
85 5.802114e-11
86 3.239318e-11
87 1.694572e-11
88 8.368931e-12
89 3.948875e-12
90 5.121807e-09
91 3.455579e-09
92 2.222051e-09
93 1.382960e-09
94 8.670831e-10
95 5.554150e-10
96 3.649691e-10
97 2.422903e-10
98 1.586653e-10
99 1.000337e-10
100 5.967038e-11
101 3.335977e-11
102 1.747297e-11
103 8.638046e-12
104 4.078709e-12
105 5.231500e-09
106 3.532093e-09
107 2.273199e-09
108 1.414612e-09
109 8.864316e-10
110 5.674654e-10
111 3.727132e-10
112 2.474544e-10
113 1.620690e-10
114 1.022802e-10
115 6.107458e-11
116 3.419834e-11
117 1.793478e-11
118 8.873767e-12
119 4.189218e-12
120 5.335535e-09
121 3.605450e-09
122 2.321784e-09
123 1.444580e-09
124 9.048175e-10
125 5.788716e-10
126 3.800341e-10
127 2.523594e-10
128 1.654240e-10
129 1.044883e-10
130 6.247084e-11
131 3.500325e-11
132 1.837154e-11
133 9.097072e-12
134 4.300364e-12
135 5.454119e-09
136 3.688259e-09
137 2.377306e-09
138 1.479074e-09
139 9.259145e-10
140 5.920508e-10
141 3.885383e-10
142 2.579445e-10
143 1.692257e-10
144 1.070094e-10
145 6.404310e-11
146 3.592770e-11
147 1.887712e-11
148 9.353262e-12
149 4.424043e-12
150 7.899689e-09
151 5.439196e-09
152 3.572845e-09
153 2.232077e-09
154 1.384112e-09
155 8.726019e-10
156 5.658570e-10
157 3.744484e-10
158 2.475645e-10
159 1.593780e-10
160 9.775334e-11
161 5.634327e-11
162 3.037273e-11
163 1.537560e-11
164 7.387896e-12
165 9.987314e-09
166 6.964247e-09
167 4.640879e-09
168 2.929810e-09
169 1.807622e-09
170 1.130240e-09
171 7.249810e-10
172 4.766183e-10
173 3.155632e-10
174 2.050359e-10
175 1.277274e-10
176 7.505204e-11
177 4.127594e-11
178 2.127596e-11
179 1.036870e-11
180 1.120601e-08
181 7.859699e-09
182 5.269054e-09
183 3.344080e-09
184 2.060156e-09
185 1.284012e-09
186 8.193575e-10
187 5.369291e-10
188 3.555144e-10
189 2.318508e-10
190 1.453698e-10
191 8.610991e-11
192 4.776880e-11
193 2.482059e-11
194 1.217493e-11
195 1.201103e-08
196 8.452003e-09
197 5.685252e-09
198 3.618482e-09
199 2.227642e-09
200 1.385852e-09
201 8.818123e-10
202 5.769327e-10
203 3.819748e-10
204 2.496026e-10
205 1.570498e-10
206 9.344332e-11
207 5.207924e-11
208 2.717480e-11
209 1.337462e-11
210 1.264340e-08
211 8.917782e-09
212 6.012579e-09
213 3.833718e-09
214 2.359528e-09
215 1.465927e-09
216 9.310196e-10
217 6.082888e-10
218 4.027302e-10
219 2.635185e-10
220 1.661968e-10
221 9.919645e-11
222 5.545963e-11
223 2.901717e-11
224 1.431695e-11
225 1.314393e-08
226 9.285317e-09
227 6.270134e-09
228 4.004409e-09
229 2.463284e-09
230 1.529087e-09
231 9.697342e-10
232 6.330610e-10
233 4.191261e-10
234 2.745157e-10
235 1.734383e-10
236 1.037228e-10
237 5.811638e-11
238 3.047298e-11
239 1.505779e-11
240 1.357783e-08
241 9.604668e-09
242 6.494983e-09
243 4.152836e-09
244 2.554152e-09
245 1.584319e-09
246 1.003506e-09
247 6.545611e-10
248 4.334476e-10
249 2.841126e-10
250 1.797517e-10
251 1.076828e-10
252 6.044905e-11
253 3.174634e-11
254 1.570212e-11
255 1.399261e-08
256 9.909504e-09
257 6.709549e-09
258 4.294619e-09
259 2.640273e-09
260 1.636628e-09
261 1.035698e-09
262 6.750963e-10
263 4.470600e-10
264 2.932399e-10
265 1.857575e-10
266 1.114580e-10
267 6.266416e-11
268 3.295293e-11
269 1.632132e-11
270 1.447359e-08
271 1.026341e-08
272 6.957907e-09
273 4.458050e-09
274 2.739908e-09
275 1.697679e-09
276 1.073317e-09
277 6.990857e-10
278 4.628324e-10
279 3.038297e-10
280 1.927406e-10
281 1.158408e-10
282 6.523181e-11
283 3.435751e-11
284 1.703694e-11
285 1.364885e-08
286 9.711610e-09
287 6.596416e-09
288 4.256772e-09
289 2.623769e-09
290 1.624926e-09
291 1.024464e-09
292 6.645217e-10
293 4.383515e-10
294 2.872938e-10
295 1.824161e-10
296 1.100338e-10
297 6.232751e-11
298 3.305469e-11
299 1.649781e-11
300 1.606206e-08
301 1.156011e-08
302 7.923867e-09
303 5.171932e-09
304 3.200276e-09
305 1.972200e-09
306 1.233685e-09
307 7.940151e-10
308 5.218142e-10
309 3.427668e-10
310 2.193517e-10
311 1.339075e-10
312 7.694215e-11
313 4.140502e-11
314 2.093449e-11
315 1.769298e-08
316 1.281769e-08
317 8.829260e-09
318 5.798566e-09
319 3.598003e-09
320 2.211188e-09
321 1.377986e-09
322 8.830418e-10
323 5.789750e-10
324 3.806258e-10
325 2.445400e-10
326 1.502144e-10
327 8.695766e-11
328 4.715238e-11
329 2.400306e-11
330 1.897857e-08
331 1.380880e-08
332 9.541155e-09
333 6.289869e-09
334 3.910948e-09
335 2.399375e-09
336 1.491450e-09
337 9.531087e-10
338 6.240433e-10
339 4.104466e-10
340 2.643585e-10
341 1.630444e-10
342 9.484104e-11
343 5.167904e-11
344 2.642130e-11
345 1.999339e-08
346 1.459098e-08
347 1.010574e-08
348 6.680670e-09
349 4.158196e-09
350 2.548165e-09
351 1.581062e-09
352 1.008427e-09
353 6.594782e-10
354 4.339345e-10
355 2.800129e-10
356 1.731783e-10
357 1.010637e-10
358 5.525299e-11
359 2.833075e-11
360 2.087876e-08
361 1.527427e-08
362 1.059815e-08
363 7.019716e-09
364 4.373621e-09
365 2.678030e-09
366 1.659222e-09
367 1.056658e-09
368 6.904462e-10
369 4.544710e-10
370 2.936611e-10
371 1.820138e-10
372 1.064913e-10
373 5.836671e-11
374 2.999377e-11
375 2.171626e-08
376 1.591988e-08
377 1.106261e-08
378 7.341553e-09
379 4.577421e-09
380 2.800818e-09
381 1.733292e-09
382 1.102320e-09
383 7.197777e-10
384 4.739075e-10
385 3.066034e-10
386 1.903883e-10
387 1.116337e-10
388 6.131802e-11
389 3.156988e-11
390 2.269564e-08
391 1.667589e-08
392 1.160648e-08
393 7.717549e-09
394 4.816457e-09
395 2.945108e-09
396 1.820255e-09
397 1.155998e-09
398 7.541188e-10
399 4.966971e-10
400 3.217621e-10
401 2.002046e-10
402 1.176649e-10
403 6.477492e-11
404 3.341728e-11
405 1.967320e-08
406 1.441872e-08
407 1.000713e-08
408 6.634298e-09
409 4.152832e-09
410 2.543348e-09
411 1.577206e-09
412 1.002744e-09
413 6.536121e-10
414 4.292483e-10
415 2.769347e-10
416 1.715892e-10
417 1.005077e-10
418 5.522781e-11
419 2.847719e-11
420 2.228485e-08
421 1.652138e-08
422 1.155538e-08
423 7.724034e-09
424 4.876012e-09
425 2.978460e-09
426 1.839146e-09
427 1.160675e-09
428 7.523164e-10
429 4.934275e-10
430 3.194997e-10
431 1.995049e-10
432 1.180975e-10
433 6.566424e-11
434 3.425024e-11
435 2.436093e-08
436 1.820297e-08
437 1.279411e-08
438 8.599375e-09
439 5.457685e-09
440 3.329589e-09
441 2.050842e-09
442 1.287947e-09
443 8.318590e-10
444 5.449861e-10
445 3.536508e-10
446 2.219000e-10
447 1.322262e-10
448 7.406779e-11
449 3.891345e-11
450 2.601261e-08
451 1.953296e-08
452 1.377778e-08
453 9.293044e-09
454 5.918127e-09
455 3.608397e-09
456 2.218170e-09
457 1.388859e-09
458 8.945815e-10
459 5.857656e-10
460 3.806590e-10
461 2.396102e-10
462 1.433996e-10
463 8.071301e-11
464 4.260196e-11
465 2.744778e-08
466 2.069518e-08
467 1.463563e-08
468 9.896077e-09
469 6.319923e-09
470 3.851580e-09
471 2.364032e-09
472 1.476721e-09
473 9.495237e-10
474 6.213654e-10
475 4.042270e-10
476 2.550653e-10
477 1.531513e-10
478 8.651478e-11
479 4.582225e-11
480 2.880548e-08
481 2.178977e-08
482 1.544651e-08
483 1.046721e-08
484 6.700507e-09
485 4.081213e-09
486 2.502393e-09
487 1.559796e-09
488 1.001372e-09
489 6.550147e-10
490 4.265380e-10
491 2.696931e-10
492 1.623777e-10
493 9.199700e-11
494 4.886416e-11
495 3.039519e-08
496 2.307391e-08
497 1.639401e-08
498 1.113620e-08
499 7.144934e-09
500 4.349915e-09
501 2.663984e-09
502 1.657177e-09
503 1.062070e-09
504 6.943881e-10
505 4.526027e-10
506 2.867669e-10
507 1.731613e-10
508 9.841596e-11
509 5.242712e-11
510 2.586637e-08
511 1.949646e-08
512 1.378920e-08
513 9.311726e-09
514 5.955956e-09
515 3.637922e-09
516 2.235228e-09
517 1.396395e-09
518 8.971496e-10
519 5.861416e-10
520 3.805697e-10
521 2.397168e-10
522 1.437789e-10
523 8.121048e-11
524 4.305083e-11
525 2.884119e-08
526 2.199686e-08
527 1.568506e-08
528 1.066511e-08
529 6.882313e-09
530 4.210958e-09
531 2.578341e-09
532 1.599973e-09
533 1.021675e-09
534 6.652139e-10
535 4.323756e-10
536 2.737859e-10
537 1.656020e-10
538 9.450773e-11
539 5.064675e-11
540 3.121687e-08
541 2.399511e-08
542 1.720305e-08
543 1.175161e-08
544 7.625592e-09
545 4.673257e-09
546 2.854042e-09
547 1.763927e-09
548 1.121483e-09
549 7.286333e-10
550 4.738705e-10
551 3.010595e-10
552 1.830775e-10
553 1.051673e-10
554 5.674685e-11
555 3.328197e-08
556 2.573783e-08
557 1.852923e-08
558 1.269775e-08
559 8.274181e-09
560 5.075527e-09
561 3.094790e-09
562 1.907063e-09
563 1.208799e-09
564 7.839643e-10
565 5.100611e-10
566 3.248454e-10
567 1.983187e-10
568 1.144643e-10
569 6.206743e-11
570 3.524367e-08
571 2.739155e-08
572 1.978764e-08
573 1.359686e-08
574 8.890758e-09
575 5.458312e-09
576 3.323585e-09
577 2.042896e-09
578 1.291676e-09
579 8.365180e-10
580 5.444519e-10
581 3.474453e-10
582 2.127987e-10
583 1.232980e-10
584 6.712366e-11
585 3.754248e-08
586 2.932294e-08
587 2.125768e-08
588 1.464674e-08
589 9.608496e-09
590 5.904379e-09
591 3.590241e-09
592 2.201183e-09
593 1.388220e-09
594 8.977848e-10
595 5.845063e-10
596 3.737756e-10
597 2.296715e-10
598 1.335901e-10
599 7.301396e-11
600 3.278931e-08
601 2.541982e-08
602 1.834580e-08
603 1.258437e-08
604 8.216760e-09
605 5.059648e-09
606 3.082686e-09
607 1.898367e-09
608 1.201060e-09
609 7.772612e-10
610 5.049040e-10
611 3.213913e-10
612 1.963456e-10
613 1.135423e-10
614 6.175008e-11
615 3.603669e-08
616 2.825958e-08
617 2.057247e-08
618 1.419972e-08
619 9.342451e-09
620 5.784256e-09
621 3.512565e-09
622 2.153444e-09
623 1.353600e-09
624 8.718827e-10
625 5.657941e-10
626 3.612327e-10
627 2.220850e-10
628 1.295359e-10
629 7.113752e-11
630 3.888602e-08
631 3.075624e-08
632 2.253606e-08
633 1.562248e-08
634 1.033578e-08
635 6.424477e-09
636 3.893039e-09
637 2.379158e-09
638 1.488648e-09
639 9.554015e-10
640 6.194673e-10
641 3.963258e-10
642 2.447548e-10
643 1.436298e-10
644 7.941898e-11
645 4.158655e-08
646 3.312294e-08
647 2.439740e-08
648 1.697423e-08
649 1.127826e-08
650 7.032187e-09
651 4.253849e-09
652 2.593567e-09
653 1.616659e-09
654 1.034642e-09
655 6.703962e-10
656 4.296214e-10
657 2.662613e-10
658 1.570004e-10
659 8.727491e-11
660 4.474993e-08
661 3.588863e-08
662 2.657255e-08
663 1.855163e-08
664 1.237762e-08
665 7.741483e-09
666 4.675372e-09
667 2.843446e-09
668 1.766029e-09
669 1.127124e-09
670 7.298087e-10
671 4.684692e-10
672 2.913579e-10
673 1.726028e-10
674 9.644335e-11
675 4.020119e-08
676 3.200811e-08
677 2.359261e-08
678 1.641842e-08
679 1.090491e-08
680 6.817451e-09
681 4.126981e-09
682 2.518607e-09
683 1.568987e-09
684 1.002967e-09
685 6.488595e-10
686 4.151736e-10
687 2.570285e-10
688 1.514975e-10
689 8.426226e-11
690 4.395141e-08
691 3.540069e-08
692 2.635238e-08
693 1.845487e-08
694 1.234165e-08
695 7.773527e-09
696 4.699131e-09
697 2.858692e-09
698 1.768970e-09
699 1.124006e-09
700 7.251114e-10
701 4.645289e-10
702 2.889624e-10
703 1.715982e-10
704 9.631151e-11
705 4.751200e-08
706 3.863678e-08
707 2.898083e-08
708 2.040277e-08
709 1.371523e-08
710 8.688658e-09
711 5.247454e-09
712 3.184207e-09
713 1.960417e-09
714 1.239784e-09
715 7.980109e-10
716 5.116540e-10
717 3.194387e-10
718 1.907834e-10
719 1.078229e-10
720 5.168094e-08
721 4.241876e-08
722 3.204622e-08
723 2.267359e-08
724 1.531632e-08
725 9.756141e-09
726 5.887315e-09
727 3.564384e-09
728 2.183663e-09
729 1.374921e-09
730 8.829902e-10
731 5.665978e-10
732 3.549739e-10
733 2.131517e-10
734 1.212448e-10
735 4.870467e-08
736 3.983331e-08
737 3.005026e-08
738 2.124410e-08
739 1.432468e-08
740 9.123584e-09
741 5.520677e-09
742 3.345708e-09
743 2.052229e-09
744 1.292718e-09
745 8.294472e-10
746 5.312000e-10
747 3.319862e-10
748 1.988722e-10
749 1.129115e-10
750 5.333229e-08
751 4.417081e-08
752 3.370341e-08
753 2.401162e-08
754 1.629671e-08
755 1.047017e-08
756 6.347764e-09
757 3.834499e-09
758 2.336619e-09
759 1.461519e-09
760 9.332595e-10
761 5.972040e-10
762 3.744591e-10
763 2.257931e-10
764 1.293339e-10
765 5.875367e-08
766 4.925624e-08
767 3.797399e-08
768 2.725371e-08
769 1.860963e-08
770 1.205099e-08
771 7.320577e-09
772 4.409551e-09
773 2.670727e-09
774 1.659788e-09
775 1.055038e-09
776 6.745834e-10
777 4.242323e-10
778 2.573352e-10
779 1.485803e-10
780 5.926859e-08
781 4.989596e-08
782 3.867285e-08
783 2.787629e-08
784 1.908186e-08
785 1.240410e-08
786 7.572210e-09
787 4.553558e-09
788 2.753769e-09
789 1.705201e-09
790 1.079866e-09
791 6.886703e-10
792 4.327658e-10
793 2.628134e-10
794 1.521798e-10
795 6.637729e-08
796 5.678631e-08
797 4.468912e-08
798 3.259077e-08
799 2.249420e-08
800 1.477811e-08
801 9.090472e-09
802 5.445120e-09
803 3.272322e-09
804 2.006644e-09
805 1.260138e-09
806 8.004465e-10
807 5.036861e-10
808 3.077463e-10
809 1.799272e-10
810 7.616982e-08
811 6.661898e-08
812 5.366060e-08
813 3.990719e-08
814 2.790961e-08
815 1.859950e-08
816 1.163625e-08
817 6.953077e-09
818 4.154127e-09
819 2.509427e-09
820 1.551784e-09
821 9.754813e-10
822 6.120996e-10
823 3.757773e-10
824 2.221630e-10
825 5.054491e-07
826 3.691844e-07
827 2.735571e-07
828 1.702873e-07
829 1.037359e-07
830 6.145524e-08
831 3.752478e-08
832 2.407336e-08
833 1.625065e-08
834 0.000000e+00
835 0.000000e+00
836 0.000000e+00
837 0.000000e+00
838 0.000000e+00
839 0.000000e+00
840 7.609687e-07
841 5.559557e-07
842 4.123975e-07
843 2.596343e-07
844 1.577819e-07
845 9.335676e-08
846 5.689708e-08
847 3.636672e-08
848 2.448240e-08
849 0.000000e+00
850 0.000000e+00
851 0.000000e+00
852 0.000000e+00
853 0.000000e+00
854 0.000000e+00
855 9.034708e-07
856 6.601393e-07
857 4.898344e-07
858 3.095543e-07
859 1.879543e-07
860 1.111685e-07
861 6.771198e-08
862 4.322638e-08
863 2.907417e-08
864 0.000000e+00
865 0.000000e+00
866 0.000000e+00
867 0.000000e+00
868 0.000000e+00
869 0.000000e+00
870 9.974111e-07
871 7.288167e-07
872 5.408826e-07
873 3.424625e-07
874 2.078460e-07
875 1.229108e-07
876 7.484152e-08
877 4.774889e-08
878 3.210114e-08
879 0.000000e+00
880 0.000000e+00
881 0.000000e+00
882 0.000000e+00
883 0.000000e+00
884 0.000000e+00
885 1.071193e-06
886 7.827614e-07
887 5.809742e-07
888 3.683088e-07
889 2.234694e-07
890 1.321335e-07
891 8.044121e-08
892 5.130076e-08
893 3.447879e-08
894 0.000000e+00
895 0.000000e+00
896 0.000000e+00
897 0.000000e+00
898 0.000000e+00
899 0.000000e+00
900 1.129439e-06
901 8.253442e-07
902 6.126261e-07
903 3.887123e-07
904 2.358020e-07
905 1.394142e-07
906 8.486152e-08
907 5.410480e-08
908 3.635564e-08
909 0.000000e+00
910 0.000000e+00
911 0.000000e+00
912 0.000000e+00
913 0.000000e+00
914 0.000000e+00
915 1.180268e-06
916 8.625041e-07
917 6.402459e-07
918 4.065191e-07
919 2.465652e-07
920 1.457672e-07
921 8.871918e-08
922 5.655163e-08
923 3.799350e-08
924 0.000000e+00
925 0.000000e+00
926 0.000000e+00
927 0.000000e+00
928 0.000000e+00
929 0.000000e+00
930 1.228460e-06
931 8.977376e-07
932 6.664337e-07
933 4.234011e-07
934 2.567693e-07
935 1.517905e-07
936 9.237652e-08
937 5.887147e-08
938 3.954628e-08
939 0.000000e+00
940 0.000000e+00
941 0.000000e+00
942 0.000000e+00
943 0.000000e+00
944 0.000000e+00
945 1.284683e-06
946 9.388454e-07
947 6.969857e-07
948 4.430983e-07
949 2.686743e-07
950 1.588185e-07
951 9.664394e-08
952 6.157795e-08
953 4.135810e-08
954 0.000000e+00
955 0.000000e+00
956 0.000000e+00
957 0.000000e+00
958 0.000000e+00
959 0.000000e+00
960 3.379143e-07
961 2.691560e-07
962 1.952500e-07
963 1.464200e-07
964 9.061194e-08
965 5.546120e-08
966 3.223643e-08
967 1.927545e-08
968 1.207889e-08
969 7.996683e-09
970 0.000000e+00
971 0.000000e+00
972 0.000000e+00
973 0.000000e+00
974 0.000000e+00
975 5.201848e-07
976 4.171237e-07
977 3.028679e-07
978 2.269166e-07
979 1.422147e-07
980 8.671229e-08
981 5.036501e-08
982 3.007547e-08
983 1.877985e-08
984 1.239745e-08
985 0.000000e+00
986 0.000000e+00
987 0.000000e+00
988 0.000000e+00
989 0.000000e+00
990 6.423204e-07
991 5.163738e-07
992 3.750732e-07
993 2.809097e-07
994 1.768921e-07
995 1.076942e-07
996 6.253762e-08
997 3.732722e-08
998 2.327733e-08
999 1.534979e-08
1000 0.000000e+00
1001 0.000000e+00
1002 0.000000e+00
1003 0.000000e+00
1004 0.000000e+00
1005 7.382357e-07
1006 5.943126e-07
1007 4.317715e-07
1008 3.233096e-07
1009 2.041234e-07
1010 1.241698e-07
1011 7.209649e-08
1012 4.302199e-08
1013 2.680897e-08
1014 1.766814e-08
1015 0.000000e+00
1016 0.000000e+00
1017 0.000000e+00
1018 0.000000e+00
1019 0.000000e+00
1020 8.139596e-07
1021 6.558390e-07
1022 4.765327e-07
1023 3.567807e-07
1024 2.256220e-07
1025 1.371778e-07
1026 7.964314e-08
1027 4.751755e-08
1028 2.959718e-08
1029 1.949827e-08
1030 0.000000e+00
1031 0.000000e+00
1032 0.000000e+00
1033 0.000000e+00
1034 0.000000e+00
1035 8.800254e-07
1036 7.095243e-07
1037 5.155916e-07
1038 3.859857e-07
1039 2.443794e-07
1040 1.485270e-07
1041 8.622743e-08
1042 5.144028e-08
1043 3.202995e-08
1044 2.109535e-08
1045 0.000000e+00
1046 0.000000e+00
1047 0.000000e+00
1048 0.000000e+00
1049 0.000000e+00
1050 9.426736e-07
1051 7.604327e-07
1052 5.526249e-07
1053 4.136780e-07
1054 2.621647e-07
1055 1.592896e-07
1056 9.247120e-08
1057 5.515972e-08
1058 3.433673e-08
1059 2.260959e-08
1060 0.000000e+00
1061 0.000000e+00
1062 0.000000e+00
1063 0.000000e+00
1064 0.000000e+00
1065 1.015768e-06
1066 8.198310e-07
1067 5.958365e-07
1068 4.459927e-07
1069 2.829175e-07
1070 1.718473e-07
1071 9.975607e-08
1072 5.949995e-08
1073 3.702828e-08
1074 2.437647e-08
1075 0.000000e+00
1076 0.000000e+00
1077 0.000000e+00
1078 0.000000e+00
1079 0.000000e+00
1080 1.991720e-07
1081 1.811698e-07
1082 1.396002e-07
1083 1.009503e-07
1084 7.564981e-08
1085 4.373982e-08
1086 2.681013e-08
1087 1.545671e-08
1088 9.138779e-09
1089 5.685122e-09
1090 0.000000e+00
1091 0.000000e+00
1092 0.000000e+00
1093 0.000000e+00
1094 0.000000e+00
1095 3.276874e-07
1096 2.993242e-07
1097 2.315423e-07
1098 1.673367e-07
1099 1.255753e-07
1100 7.299055e-08
1101 4.485198e-08
1102 2.579950e-08
1103 1.520254e-08
1104 9.436665e-09
1105 0.000000e+00
1106 0.000000e+00
1107 0.000000e+00
1108 0.000000e+00
1109 0.000000e+00
1110 4.306281e-07
1111 3.940344e-07
1112 3.052905e-07
1113 2.205837e-07
1114 1.656231e-07
1115 9.648071e-08
1116 5.934317e-08
1117 3.410489e-08
1118 2.006901e-08
1119 1.244631e-08
1120 0.000000e+00
1121 0.000000e+00
1122 0.000000e+00
1123 0.000000e+00
1124 0.000000e+00
1125 5.118675e-07
1126 4.687719e-07
1127 3.634880e-07
1128 2.626035e-07
1129 1.972257e-07
1130 1.150174e-07
1131 7.077884e-08
1132 4.065897e-08
1133 2.390921e-08
1134 1.482137e-08
1135 0.000000e+00
1136 0.000000e+00
1137 0.000000e+00
1138 0.000000e+00
1139 0.000000e+00
1140 5.827486e-07
1141 5.339873e-07
1142 4.142683e-07
1143 2.992682e-07
1144 2.248018e-07
1145 1.311919e-07
1146 8.075741e-08
1147 4.637790e-08
1148 2.726008e-08
1149 1.689370e-08
1150 0.000000e+00
1151 0.000000e+00
1152 0.000000e+00
1153 0.000000e+00
1154 0.000000e+00
1155 6.499630e-07
1156 5.958254e-07
1157 4.624212e-07
1158 3.340351e-07
1159 2.509506e-07
1160 1.465295e-07
1161 9.021925e-08
1162 5.180077e-08
1163 3.043750e-08
1164 1.885873e-08
1165 0.000000e+00
1166 0.000000e+00
1167 0.000000e+00
1168 0.000000e+00
1169 0.000000e+00
1170 7.283846e-07
1171 6.679733e-07
1172 5.186008e-07
1173 3.745984e-07
1174 2.814577e-07
1175 1.644239e-07
1176 1.012585e-07
1177 5.812754e-08
1178 3.414473e-08
1179 2.115149e-08
1180 0.000000e+00
1181 0.000000e+00
1182 0.000000e+00
1183 0.000000e+00
1184 0.000000e+00
1185 1.302028e-07
1186 1.285260e-07
1187 1.080862e-07
1188 7.895843e-08
1189 5.865577e-08
1190 3.987097e-08
1191 2.352619e-08
1192 1.340467e-08
1193 7.749267e-09
1194 4.579141e-09
1195 2.868264e-09
1196 0.000000e+00
1197 0.000000e+00
1198 0.000000e+00
1199 0.000000e+00
1200 2.310606e-07
1201 2.287279e-07
1202 1.930691e-07
1203 1.412833e-07
1204 1.047843e-07
1205 7.172520e-08
1206 4.211428e-08
1207 2.402880e-08
1208 1.390992e-08
1209 8.204797e-09
1210 5.128809e-09
1211 0.000000e+00
1212 0.000000e+00
1213 0.000000e+00
1214 0.000000e+00
1215 3.123232e-07
1216 3.095006e-07
1217 2.616148e-07
1218 1.915694e-07
1219 1.419926e-07
1220 9.744473e-08
1221 5.711211e-08
1222 3.260332e-08
1223 1.888243e-08
1224 1.113064e-08
1225 6.952520e-09
1226 0.000000e+00
1227 0.000000e+00
1228 0.000000e+00
1229 0.000000e+00
1230 3.831935e-07
1231 3.799432e-07
1232 3.213903e-07
1233 2.354215e-07
1234 1.744400e-07
1235 1.198757e-07
1236 7.019122e-08
1237 4.008120e-08
1238 2.321897e-08
1239 1.368230e-08
1240 8.542871e-09
1241 0.000000e+00
1242 0.000000e+00
1243 0.000000e+00
1244 0.000000e+00
1245 4.503977e-07
1246 4.467362e-07
1247 3.780737e-07
1248 2.770046e-07
1249 2.052095e-07
1250 1.411454e-07
1251 8.259382e-08
1252 4.717229e-08
1253 2.733118e-08
1254 1.610194e-08
1255 1.005098e-08
1256 0.000000e+00
1257 0.000000e+00
1258 0.000000e+00
1259 0.000000e+00
1260 5.288015e-07
1261 5.246659e-07
1262 4.442070e-07
1263 3.255223e-07
1264 2.411084e-07
1265 1.659601e-07
1266 9.706421e-08
1267 5.544503e-08
1268 3.212871e-08
1269 1.892488e-08
1270 1.181051e-08
1271 0.000000e+00
1272 0.000000e+00
1273 0.000000e+00
1274 0.000000e+00
1275 9.568407e-08
1276 9.964299e-08
1277 9.018947e-08
1278 6.901044e-08
1279 4.988199e-08
1280 3.736805e-08
1281 2.111851e-08
1282 1.275662e-08
1283 7.206925e-09
1284 4.161872e-09
1285 2.491286e-09
1286 0.000000e+00
1287 0.000000e+00
1288 0.000000e+00
1289 0.000000e+00
1290 1.734706e-07
1291 1.810050e-07
1292 1.643136e-07
1293 1.260529e-07
1294 9.105812e-08
1295 6.831518e-08
1296 3.871216e-08
1297 2.345633e-08
1298 1.322367e-08
1299 7.619130e-09
1300 4.552285e-09
1301 0.000000e+00
1302 0.000000e+00
1303 0.000000e+00
1304 0.000000e+00
1305 2.424635e-07
1306 2.531894e-07
1307 2.301014e-07
1308 1.766983e-07
1309 1.276149e-07
1310 9.579448e-08
1311 5.434251e-08
1312 3.296556e-08
1313 1.856968e-08
1314 1.068970e-08
1315 6.382328e-09
1316 0.000000e+00
1317 0.000000e+00
1318 0.000000e+00
1319 0.000000e+00
1320 3.078577e-07
1321 3.216065e-07
1322 2.924568e-07
1323 2.247029e-07
1324 1.622652e-07
1325 1.218404e-07
1326 6.915697e-08
1327 4.197839e-08
1328 2.363663e-08
1329 1.359998e-08
1330 8.116900e-09
1331 0.000000e+00
1332 0.000000e+00
1333 0.000000e+00
1334 0.000000e+00
1335 3.841561e-07
1336 4.014323e-07
1337 3.652105e-07
1338 2.807097e-07
1339 2.026908e-07
1340 1.522281e-07
1341 8.644124e-08
1342 5.249408e-08
1343 2.954836e-08
1344 1.699550e-08
1345 1.014064e-08
1346 0.000000e+00
1347 0.000000e+00
1348 0.000000e+00
1349 0.000000e+00
1350 7.332768e-08
1351 7.938027e-08
1352 7.613417e-08
1353 6.171119e-08
1354 4.452285e-08
1355 3.356183e-08
1356 2.097566e-08
1357 1.285754e-08
1358 7.138232e-09
1359 3.930872e-09
1360 2.271507e-09
1361 1.381183e-09
1362 0.000000e+00
1363 0.000000e+00
1364 0.000000e+00
1365 1.384650e-07
1366 1.501241e-07
1367 1.443232e-07
1368 1.173060e-07
1369 8.468422e-08
1370 6.377871e-08
1371 4.011376e-08
1372 2.452163e-08
1373 1.361650e-08
1374 7.501701e-09
1375 4.325700e-09
1376 2.624848e-09
1377 0.000000e+00
1378 0.000000e+00
1379 0.000000e+00
1380 2.010031e-07
1381 2.180563e-07
1382 2.098198e-07
1383 1.707216e-07
1384 1.232755e-07
1385 9.281020e-08
1386 5.851418e-08
1387 3.573215e-08
1388 1.984300e-08
1389 1.093430e-08
1390 6.299816e-09
1391 3.819753e-09
1392 0.000000e+00
1393 0.000000e+00
1394 0.000000e+00
1395 2.739546e-07
1396 2.973002e-07
1397 2.862206e-07
1398 2.330303e-07
1399 1.682909e-07
1400 1.266749e-07
1401 7.997821e-08
1402 4.880901e-08
1403 2.710609e-08
1404 1.493828e-08
1405 8.602574e-09
1406 5.213599e-09
1407 0.000000e+00
1408 0.000000e+00
1409 0.000000e+00
1410 5.960940e-08
1411 6.653404e-08
1412 6.684946e-08
1413 5.743293e-08
1414 4.233829e-08
1415 3.118115e-08
1416 2.197341e-08
1417 1.253442e-08
1418 7.057674e-09
1419 3.993514e-09
1420 2.221293e-09
1421 1.295312e-09
1422 0.000000e+00
1423 0.000000e+00
1424 0.000000e+00
1425 1.179215e-07
1426 1.317939e-07
1427 1.326852e-07
1428 1.143105e-07
1429 8.440209e-08
1430 6.208646e-08
1431 4.394847e-08
1432 2.499214e-08
1433 1.410068e-08
1434 7.977728e-09
1435 4.435131e-09
1436 2.581476e-09
1437 0.000000e+00
1438 0.000000e+00
1439 0.000000e+00
1440 1.864659e-07
1441 2.085133e-07
1442 2.100928e-07
1443 1.811975e-07
1444 1.338744e-07
1445 9.843172e-08
1446 6.979941e-08
1447 3.964442e-08
1448 2.238585e-08
1449 1.266432e-08
1450 7.039246e-09
1451 4.094128e-09
1452 0.000000e+00
1453 0.000000e+00
1454 0.000000e+00
1455 5.174088e-08
1456 5.929699e-08
1457 6.198614e-08
1458 5.632830e-08
1459 4.320281e-08
1460 3.120277e-08
1461 2.343786e-08
1462 1.314214e-08
1463 7.862221e-09
1464 4.307184e-09
1465 2.374148e-09
1466 1.325510e-09
1467 0.000000e+00
1468 0.000000e+00
1469 0.000000e+00
1470 1.144185e-07
1471 1.312918e-07
1472 1.375006e-07
1473 1.252951e-07
1474 9.633729e-08
1475 6.954083e-08
1476 5.230458e-08
1477 2.941270e-08
1478 1.765432e-08
1479 9.654155e-09
1480 5.309460e-09
1481 2.958536e-09
1482 0.000000e+00
1483 0.000000e+00
1484 0.000000e+00
1485 5.375278e-08
1486 6.316358e-08
1487 6.848924e-08
1488 6.575585e-08
1489 5.331986e-08
1490 3.847385e-08
1491 2.902394e-08
1492 1.804934e-08
1493 1.098358e-08
1494 5.960426e-09
1495 3.139511e-09
1496 1.693765e-09
1497 9.431750e-10
1498 0.000000e+00
1499 0.000000e+00
1500 1.109684e-04
1501 8.086786e-05
1502 6.035546e-05
1503 3.805236e-05
1504 2.321989e-05
1505 1.369104e-05
1506 8.324421e-06
1507 5.304277e-06
1508 3.565556e-06
1509 0.000000e+00
1510 0.000000e+00
1511 0.000000e+00
1512 0.000000e+00
1513 0.000000e+00
1514 0.000000e+00
1515 5.757601e-05
1516 4.644359e-05
1517 3.369791e-05
1518 2.528332e-05
1519 1.597668e-05
1520 9.754545e-06
1521 5.648866e-06
1522 3.364481e-06
1523 2.093966e-06
1524 1.379138e-06
1525 0.000000e+00
1526 0.000000e+00
1527 0.000000e+00
1528 0.000000e+00
1529 0.000000e+00
1530 4.047788e-05
1531 3.713775e-05
1532 2.882267e-05
1533 2.080348e-05
1534 1.566222e-05
1535 9.111532e-06
1536 5.625604e-06
1537 3.225263e-06
1538 1.896511e-06
1539 1.174730e-06
1540 0.000000e+00
1541 0.000000e+00
1542 0.000000e+00
1543 0.000000e+00
1544 0.000000e+00
1545 2.912801e-05
1546 2.891312e-05
1547 2.448503e-05
1548 1.793535e-05
1549 1.328396e-05
1550 9.154542e-06
1551 5.351144e-06
1552 3.053081e-06
1553 1.771954e-06
1554 1.042590e-06
1555 6.506122e-07
1556 0.000000e+00
1557 0.000000e+00
1558 0.000000e+00
1559 0.000000e+00
1560 2.085098e-05
1561 2.179680e-05
1562 1.983793e-05
1563 1.524768e-05
1564 1.100576e-05
1565 8.274949e-06
1566 4.689296e-06
1567 2.850415e-06
1568 1.602925e-06
1569 9.233707e-07
1570 5.506294e-07
1571 0.000000e+00
1572 0.000000e+00
1573 0.000000e+00
1574 0.000000e+00
1575 1.487210e-05
1576 1.614453e-05
1577 1.554949e-05
1578 1.266314e-05
1579 9.143013e-06
1580 6.883420e-06
1581 4.347301e-06
1582 2.655947e-06
1583 1.474901e-06
1584 8.112783e-07
1585 4.673052e-07
1586 2.832009e-07
1587 0.000000e+00
1588 0.000000e+00
1589 0.000000e+00
1590 1.001028e-05
1591 1.119728e-05
1592 1.128693e-05
1593 9.739022e-06
1594 7.195644e-06
1595 5.289411e-06
1596 3.755371e-06
1597 2.130464e-06
1598 1.202339e-06
1599 6.811759e-07
1600 3.783133e-07
1601 2.200058e-07
1602 0.000000e+00
1603 0.000000e+00
1604 0.000000e+00
1605 6.201116e-06
1606 7.118100e-06
1607 7.458527e-06
1608 6.801106e-06
1609 5.231433e-06
1610 3.775220e-06
1611 2.841823e-06
1612 1.597077e-06
1613 9.596537e-07
1614 5.242846e-07
1615 2.885232e-07
1616 1.606418e-07
1617 0.000000e+00
1618 0.000000e+00
1619 0.000000e+00
1620 3.163407e-06
1621 3.720115e-06
1622 4.038202e-06
1623 3.883392e-06
1624 3.154630e-06
1625 2.276770e-06
1626 1.716871e-06
1627 1.071974e-06
1628 6.518364e-07
1629 3.538249e-07
1630 1.861971e-07
1631 1.003484e-07
1632 5.578990e-08
1633 0.000000e+00
1634 0.000000e+00
1635 8.891198e-07
1636 1.072208e-06
1637 1.206146e-06
1638 1.224576e-06
1639 1.066696e-06
1640 7.933436e-07
1641 5.815894e-07
1642 4.169104e-07
1643 2.343421e-07
1644 1.314261e-07
1645 7.164692e-08
1646 3.730540e-08
1647 1.958823e-08
1648 0.000000e+00
1649 0.000000e+00
