0 2.252207e-09
1 1.464474e-09
2 9.212653e-10
3 5.801519e-10
4 3.728407e-10
5 2.452397e-10
6 1.630441e-10
7 1.071061e-10
8 6.789685e-11
9 4.080983e-11
10 2.302878e-11
11 1.217750e-11
12 6.075473e-12
13 2.892309e-12
14 1.330077e-12
15 3.805297e-09
16 2.532210e-09
17 1.610204e-09
18 1.003730e-09
19 6.345826e-10
20 4.108189e-10
21 2.717099e-10
22 1.801759e-10
23 1.168503e-10
24 7.252100e-11
25 4.240734e-11
26 2.322395e-11
27 1.193853e-11
28 5.814095e-12
29 2.715894e-12
30 4.365612e-09
31 2.925020e-09
32 1.870619e-09
33 1.165125e-09
34 7.334938e-10
35 4.723235e-10
36 3.113555e-10
37 2.066011e-10
38 1.346278e-10
39 8.421633e-11
40 4.974964e-11
41 2.753770e-11
42 1.429583e-11
43 7.016494e-12
44 3.296009e-12
45 4.675173e-09
46 3.142571e-09
47 2.014917e-09
48 1.254532e-09
49 7.883257e-10
50 5.063745e-10
51 3.333082e-10
52 2.211767e-10
53 1.444547e-10
54 9.068526e-11
55 5.381118e-11
56 2.992281e-11
57 1.559958e-11
58 7.683552e-12
59 3.618343e-12
60 4.883013e-09
61 3.288091e-09
62 2.111595e-09
63 1.314466e-09
64 8.250716e-10
65 5.292522e-10
66 3.480481e-10
67 2.310126e-10
68 1.510412e-10
69 9.503023e-11
70 5.654785e-11
71 3.153113e-11
72 1.648011e-11
73 8.131906e-12
74 3.834962e-12
75 5.038755e-09
76 3.397538e-09
77 2.184043e-09
78 1.359461e-09
79 8.525945e-10
80 5.463872e-10
81 3.590977e-10
82 2.383522e-10
83 1.560127e-10
84 9.830658e-11
85 5.859128e-11
86 3.273387e-11
87 1.713389e-11
88 8.467350e-12
89 3.997257e-12
90 5.165461e-09
91 3.486357e-09
92 2.243040e-09
93 1.396020e-09
94 8.750764e-10
95 5.603439e-10
96 3.680874e-10
97 2.443523e-10
98 1.600529e-10
99 1.009697e-10
100 6.026399e-11
101 3.371710e-11
102 1.767314e-11
103 8.742208e-12
104 4.129758e-12
105 5.276717e-09
106 3.564342e-09
107 2.295038e-09
108 1.428286e-09
109 8.947627e-10
110 5.725769e-10
111 3.759310e-10
112 2.495795e-10
113 1.635566e-10
114 1.032539e-10
115 6.171289e-11
116 3.456843e-11
117 1.814117e-11
118 8.981310e-12
119 4.245401e-12
120 5.381551e-09
121 3.638208e-09
122 2.344163e-09
123 1.458642e-09
124 9.133523e-10
125 5.841057e-10
126 3.833179e-10
127 2.545389e-10
128 1.668904e-10
129 1.054241e-10
130 6.309961e-11
131 3.538347e-11
132 1.858494e-11
133 9.208234e-12
134 4.354847e-12
135 5.501449e-09
136 3.722027e-09
137 2.400348e-09
138 1.493571e-09
139 9.347165e-10
140 5.974070e-10
141 3.919539e-10
142 2.601910e-10
143 1.707367e-10
144 1.080190e-10
145 6.469218e-11
146 3.632021e-11
147 1.909756e-11
148 9.470124e-12
149 4.480450e-12
150 7.904723e-09
151 5.443137e-09
152 3.575455e-09
153 2.233981e-09
154 1.385260e-09
155 8.733418e-10
156 5.662910e-10
157 3.747151e-10
158 2.477400e-10
159 1.594929e-10
160 9.783257e-11
161 5.639251e-11
162 3.040337e-11
163 1.539399e-11
164 7.397332e-12
165 9.992976e-09
166 6.968315e-09
167 4.643300e-09
168 2.931448e-09
169 1.808577e-09
170 1.130862e-09
171 7.253529e-10
172 4.768517e-10
173 3.157281e-10
174 2.051360e-10
175 1.277954e-10
176 7.509272e-11
177 4.130185e-11
178 2.129099e-11
179 1.037751e-11
180 1.121118e-08
181 7.863702e-09
182 5.272104e-09
183 3.346206e-09
184 2.061346e-09
185 1.284839e-09
186 8.197707e-10
187 5.371193e-10
188 3.556631e-10
189 2.319691e-10
190 1.454551e-10
191 8.616450e-11
192 4.780259e-11
193 2.484000e-11
194 1.218467e-11
195 1.203306e-08
196 8.468637e-09
197 5.697078e-09
198 3.626521e-09
199 2.232454e-09
200 1.388705e-09
201 8.835181e-10
202 5.780166e-10
203 3.826983e-10
204 2.500931e-10
205 1.573754e-10
206 9.365214e-11
207 5.220355e-11
208 2.724206e-11
209 1.340947e-11
210 1.265010e-08
211 8.922775e-09
212 6.015757e-09
213 3.836610e-09
214 2.360789e-09
215 1.466437e-09
216 9.315089e-10
217 6.085551e-10
218 4.029058e-10
219 2.636602e-10
220 1.662954e-10
221 9.925917e-11
222 5.549344e-11
223 2.903876e-11
224 1.432647e-11
225 1.315022e-08
226 9.289820e-09
227 6.273380e-09
228 4.007170e-09
229 2.464640e-09
230 1.529901e-09
231 9.702087e-10
232 6.333554e-10
233 4.193293e-10
234 2.746497e-10
235 1.735330e-10
236 1.037858e-10
237 5.815716e-11
238 3.049548e-11
239 1.507010e-11
240 1.358509e-08
241 9.609734e-09
242 6.498677e-09
243 4.155665e-09
244 2.555479e-09
245 1.585125e-09
246 1.004129e-09
247 6.548905e-10
248 4.336553e-10
249 2.842582e-10
250 1.798541e-10
251 1.077523e-10
252 6.049127e-11
253 3.176969e-11
254 1.571785e-11
255 1.400039e-08
256 9.915039e-09
257 6.713413e-09
258 4.297404e-09
259 2.641666e-09
260 1.637381e-09
261 1.036193e-09
262 6.754210e-10
263 4.472815e-10
264 2.933975e-10
265 1.858684e-10
266 1.115353e-10
267 6.271152e-11
268 3.298333e-11
269 1.633674e-11
270 1.448031e-08
271 1.026816e-08
272 6.961233e-09
273 4.460593e-09
274 2.741227e-09
275 1.698467e-09
276 1.073770e-09
277 6.993668e-10
278 4.630159e-10
279 3.039630e-10
280 1.928361e-10
281 1.159057e-10
282 6.527187e-11
283 3.437835e-11
284 1.704876e-11
285 1.364415e-08
286 9.707709e-09
287 6.593482e-09
288 4.254602e-09
289 2.622264e-09
290 1.624080e-09
291 1.023966e-09
292 6.641881e-10
293 4.381878e-10
294 2.871715e-10
295 1.823361e-10
296 1.099810e-10
297 6.229431e-11
298 3.303468e-11
299 1.648679e-11
300 1.605398e-08
301 1.155348e-08
302 7.918277e-09
303 5.168254e-09
304 3.197724e-09
305 1.970525e-09
306 1.232753e-09
307 7.934656e-10
308 5.214771e-10
309 3.425488e-10
310 2.192098e-10
311 1.338154e-10
312 7.688264e-11
313 4.136857e-11
314 2.091370e-11
315 1.771433e-08
316 1.283342e-08
317 8.839945e-09
318 5.805761e-09
319 3.602207e-09
320 2.213542e-09
321 1.379418e-09
322 8.839818e-10
323 5.796577e-10
324 3.810744e-10
325 2.448427e-10
326 1.504078e-10
327 8.707152e-11
328 4.721368e-11
329 2.403299e-11
330 1.896350e-08
331 1.379576e-08
332 9.530811e-09
333 6.282461e-09
334 3.905650e-09
335 2.395994e-09
336 1.489482e-09
337 9.520034e-10
338 6.233395e-10
339 4.100179e-10
340 2.640808e-10
341 1.628606e-10
342 9.471921e-11
343 5.160294e-11
344 2.637665e-11
345 1.997532e-08
346 1.457506e-08
347 1.009324e-08
348 6.671926e-09
349 4.151742e-09
350 2.544124e-09
351 1.578753e-09
352 1.007044e-09
353 6.586593e-10
354 4.334278e-10
355 2.796848e-10
356 1.729613e-10
357 1.009214e-10
358 5.516138e-11
359 2.827643e-11
360 2.085974e-08
361 1.525706e-08
362 1.058425e-08
363 7.009962e-09
364 4.366373e-09
365 2.673672e-09
366 1.656587e-09
367 1.055045e-09
368 6.894941e-10
369 4.538854e-10
370 2.932826e-10
371 1.817629e-10
372 1.063264e-10
373 5.826248e-11
374 2.993177e-11
375 2.169455e-08
376 1.589988e-08
377 1.104664e-08
378 7.329745e-09
379 4.569052e-09
380 2.795449e-09
381 1.730151e-09
382 1.100488e-09
383 7.187080e-10
384 4.732469e-10
385 3.061768e-10
386 1.901063e-10
387 1.114480e-10
388 6.120024e-11
389 3.149955e-11
390 2.266723e-08
391 1.665036e-08
392 1.158636e-08
393 7.703047e-09
394 4.806028e-09
395 2.938528e-09
396 1.816300e-09
397 1.153698e-09
398 7.527579e-10
399 4.958570e-10
400 3.212203e-10
401 1.998468e-10
402 1.174305e-10
403 6.462723e-11
404 3.332963e-11
405 1.966101e-08
406 1.440835e-08
407 9.999104e-09
408 6.628969e-09
409 4.148752e-09
410 2.540899e-09
411 1.575681e-09
412 1.001854e-09
413 6.530787e-10
414 4.289075e-10
415 2.767145e-10
416 1.714459e-10
417 1.004144e-10
418 5.516990e-11
419 2.844345e-11
420 2.232230e-08
421 1.655016e-08
422 1.157577e-08
423 7.738237e-09
424 4.884682e-09
425 2.983642e-09
426 1.842309e-09
427 1.162618e-09
428 7.535692e-10
429 4.942691e-10
430 3.200671e-10
431 1.998763e-10
432 1.183273e-10
433 6.579647e-11
434 3.432010e-11
435 2.433711e-08
436 1.818113e-08
437 1.277640e-08
438 8.586369e-09
439 5.448399e-09
440 3.323652e-09
441 2.047203e-09
442 1.285814e-09
443 8.306006e-10
444 5.442268e-10
445 3.531687e-10
446 2.215842e-10
447 1.320188e-10
448 7.393583e-11
449 3.883374e-11
450 2.598234e-08
451 1.950646e-08
452 1.375518e-08
453 9.275816e-09
454 5.905778e-09
455 3.600036e-09
456 2.213316e-09
457 1.386042e-09
458 8.929785e-10
459 5.847603e-10
460 3.800255e-10
461 2.391964e-10
462 1.431273e-10
463 8.053939e-11
464 4.249608e-11
465 2.741217e-08
466 2.066144e-08
467 1.460770e-08
468 9.875488e-09
469 6.305092e-09
470 3.841397e-09
471 2.358129e-09
472 1.473277e-09
473 9.475088e-10
474 6.201633e-10
475 4.034722e-10
476 2.545726e-10
477 1.528267e-10
478 8.630589e-11
479 4.569432e-11
480 2.876421e-08
481 2.175024e-08
482 1.541347e-08
483 1.044282e-08
484 6.683194e-09
485 4.069404e-09
486 2.495494e-09
487 1.555745e-09
488 9.990194e-10
489 6.536127e-10
490 4.256460e-10
491 2.691118e-10
492 1.619943e-10
493 9.175444e-11
494 4.871458e-11
495 3.034265e-08
496 2.302422e-08
497 1.635281e-08
498 1.110590e-08
499 7.123069e-09
500 4.335053e-09
501 2.655332e-09
502 1.652081e-09
503 1.059099e-09
504 6.926095e-10
505 4.514873e-10
506 2.860406e-10
507 1.726838e-10
508 9.810905e-11
509 5.223935e-11
510 2.600159e-08
511 1.960855e-08
512 1.387310e-08
513 9.371332e-09
514 5.996446e-09
515 3.662598e-09
516 2.250043e-09
517 1.405198e-09
518 9.025836e-10
519 5.896168e-10
520 3.828625e-10
521 2.412275e-10
522 1.447437e-10
523 8.179427e-11
524 4.338054e-11
525 2.891635e-08
526 2.205969e-08
527 1.573215e-08
528 1.069843e-08
529 6.905266e-09
530 4.224822e-09
531 2.586661e-09
532 1.604919e-09
533 1.024689e-09
534 6.671421e-10
535 4.336514e-10
536 2.746307e-10
537 1.661446e-10
538 9.483796e-11
539 5.083408e-11
540 3.129875e-08
541 2.406596e-08
542 1.725591e-08
543 1.178891e-08
544 7.651465e-09
545 4.688623e-09
546 2.863334e-09
547 1.769321e-09
548 1.124798e-09
549 7.307739e-10
550 4.752950e-10
551 3.020084e-10
552 1.836899e-10
553 1.055409e-10
554 5.695870e-11
555 3.337359e-08
556 2.581423e-08
557 1.858584e-08
558 1.273745e-08
559 8.301707e-09
560 5.091630e-09
561 3.104486e-09
562 1.912654e-09
563 1.212278e-09
564 7.862239e-10
565 5.115782e-10
566 3.258621e-10
567 1.989766e-10
568 1.148653e-10
569 6.229398e-11
570 3.534229e-08
571 2.747372e-08
572 1.984807e-08
573 1.363908e-08
574 8.920037e-09
575 5.475411e-09
576 3.333801e-09
577 2.048765e-09
578 1.295329e-09
579 8.389081e-10
580 5.460641e-10
581 3.485301e-10
582 2.135026e-10
583 1.237272e-10
584 6.736527e-11
585 3.764071e-08
586 2.940580e-08
587 2.131704e-08
588 1.468806e-08
589 9.637310e-09
590 5.920792e-09
591 3.600012e-09
592 2.206760e-09
593 1.391718e-09
594 9.000453e-10
595 5.860779e-10
596 3.748421e-10
597 2.303666e-10
598 1.340126e-10
599 7.325143e-11
600 3.276391e-08
601 2.539840e-08
602 1.832616e-08
603 1.257076e-08
604 8.207226e-09
605 5.053189e-09
606 3.078723e-09
607 1.895972e-09
608 1.199686e-09
609 7.764433e-10
610 5.043988e-10
611 3.210662e-10
612 1.961348e-10
613 1.134082e-10
614 6.166798e-11
615 3.600696e-08
616 2.823053e-08
617 2.054722e-08
618 1.418025e-08
619 9.328872e-09
620 5.774415e-09
621 3.506674e-09
622 2.149856e-09
623 1.351553e-09
624 8.706910e-10
625 5.650734e-10
626 3.607784e-10
627 2.217920e-10
628 1.293482e-10
629 7.102084e-11
630 3.884338e-08
631 3.071339e-08
632 2.249766e-08
633 1.559231e-08
634 1.031418e-08
635 6.408789e-09
636 3.883380e-09
637 2.373337e-09
638 1.485400e-09
639 9.535248e-10
640 6.183505e-10
641 3.956318e-10
642 2.443094e-10
643 1.433424e-10
644 7.923785e-11
645 4.153177e-08
646 3.306698e-08
647 2.434523e-08
648 1.693175e-08
649 1.124897e-08
650 7.010889e-09
651 4.240573e-09
652 2.585523e-09
653 1.612119e-09
654 1.032075e-09
655 6.688842e-10
656 4.286883e-10
657 2.656640e-10
658 1.566141e-10
659 8.702991e-11
660 4.466911e-08
661 3.580688e-08
662 2.649838e-08
663 1.849297e-08
664 1.233543e-08
665 7.710930e-09
666 4.656240e-09
667 2.831986e-09
668 1.759546e-09
669 1.123422e-09
670 7.276243e-10
671 4.671199e-10
672 2.904950e-10
673 1.720461e-10
674 9.609142e-11
675 4.017381e-08
676 3.198140e-08
677 2.356934e-08
678 1.640027e-08
679 1.089210e-08
680 6.808357e-09
681 4.121346e-09
682 2.515229e-09
683 1.567061e-09
684 1.001835e-09
685 6.481800e-10
686 4.147493e-10
687 2.567575e-10
688 1.513245e-10
689 8.415516e-11
690 4.391526e-08
691 3.536453e-08
692 2.631983e-08
693 1.842877e-08
694 1.232284e-08
695 7.760071e-09
696 4.690384e-09
697 2.853479e-09
698 1.766062e-09
699 1.122343e-09
700 7.241246e-10
701 4.639247e-10
702 2.885804e-10
703 1.713545e-10
704 9.615857e-11
705 4.746106e-08
706 3.858404e-08
707 2.893139e-08
708 2.036199e-08
709 1.368556e-08
710 8.667413e-09
711 5.233161e-09
712 3.175891e-09
713 1.955676e-09
714 1.237087e-09
715 7.964503e-10
716 5.107159e-10
717 3.188518e-10
718 1.904103e-10
719 1.075866e-10
720 5.159529e-08
721 4.233058e-08
722 3.196396e-08
723 2.260612e-08
724 1.526700e-08
725 9.720821e-09
726 5.863507e-09
727 3.550632e-09
728 2.175779e-09
729 1.370416e-09
730 8.803918e-10
731 5.650364e-10
732 3.539994e-10
733 2.125306e-10
734 1.208518e-10
735 4.867706e-08
736 3.980136e-08
737 3.002167e-08
738 2.122108e-08
739 1.430827e-08
740 9.111774e-09
741 5.512868e-09
742 3.341193e-09
743 2.049631e-09
744 1.291218e-09
745 8.285619e-10
746 5.306607e-10
747 3.316480e-10
748 1.986583e-10
749 1.127784e-10
750 5.328936e-08
751 4.412655e-08
752 3.366184e-08
753 2.397692e-08
754 1.627109e-08
755 1.045206e-08
756 6.335251e-09
757 3.827287e-09
758 2.332392e-09
759 1.459137e-09
760 9.318837e-10
761 5.963891e-10
762 3.739578e-10
763 2.254780e-10
764 1.291365e-10
765 5.866811e-08
766 4.916747e-08
767 3.788988e-08
768 2.718283e-08
769 1.855675e-08
770 1.201300e-08
771 7.294368e-09
772 4.394480e-09
773 2.661830e-09
774 1.654779e-09
775 1.052182e-09
776 6.729066e-10
777 4.232088e-10
778 2.566945e-10
779 1.481784e-10
780 5.923155e-08
781 4.985822e-08
782 3.863791e-08
783 2.784725e-08
784 1.906028e-08
785 1.238896e-08
786 7.561870e-09
787 4.547432e-09
788 2.750140e-09
789 1.703143e-09
790 1.078692e-09
791 6.879747e-10
792 4.323400e-10
793 2.625481e-10
794 1.520155e-10
795 6.629754e-08
796 5.669806e-08
797 4.461152e-08
798 3.252493e-08
799 2.244428e-08
800 1.474275e-08
801 9.065982e-09
802 5.430424e-09
803 3.263589e-09
804 2.001746e-09
805 1.257378e-09
806 7.988391e-10
807 5.027186e-10
808 3.071499e-10
809 1.795582e-10
810 7.605042e-08
811 6.649675e-08
812 5.354630e-08
813 3.981110e-08
814 2.783673e-08
815 1.854768e-08
816 1.160101e-08
817 6.931486e-09
818 4.141553e-09
819 2.502310e-09
820 1.547716e-09
821 9.731058e-10
822 6.106669e-10
823 3.748954e-10
824 2.216202e-10
825 5.058367e-07
826 3.694700e-07
827 2.737690e-07
828 1.704308e-07
829 1.038214e-07
830 6.150555e-08
831 3.755515e-08
832 2.409236e-08
833 1.626322e-08
834 0.000000e+00
835 0.000000e+00
836 0.000000e+00
837 0.000000e+00
838 0.000000e+00
839 0.000000e+00
840 7.608672e-07
841 5.558815e-07
842 4.123423e-07
843 2.595987e-07
844 1.577604e-07
845 9.334406e-08
846 5.688937e-08
847 3.636183e-08
848 2.447913e-08
849 0.000000e+00
850 0.000000e+00
851 0.000000e+00
852 0.000000e+00
853 0.000000e+00
854 0.000000e+00
855 9.033437e-07
856 6.600463e-07
857 4.897653e-07
858 3.095097e-07
859 1.879273e-07
860 1.111526e-07
861 6.770234e-08
862 4.322026e-08
863 2.907007e-08
864 0.000000e+00
865 0.000000e+00
866 0.000000e+00
867 0.000000e+00
868 0.000000e+00
869 0.000000e+00
870 9.991947e-07
871 7.301209e-07
872 5.418519e-07
873 3.430874e-07
874 2.082237e-07
875 1.231337e-07
876 7.497691e-08
877 4.783471e-08
878 3.215862e-08
879 0.000000e+00
880 0.000000e+00
881 0.000000e+00
882 0.000000e+00
883 0.000000e+00
884 0.000000e+00
885 1.071061e-06
886 7.826645e-07
887 5.809021e-07
888 3.682624e-07
889 2.234414e-07
890 1.321169e-07
891 8.043115e-08
892 5.129437e-08
893 3.447451e-08
894 0.000000e+00
895 0.000000e+00
896 0.000000e+00
897 0.000000e+00
898 0.000000e+00
899 0.000000e+00
900 1.129313e-06
901 8.252518e-07
902 6.125575e-07
903 3.886680e-07
904 2.357752e-07
905 1.393984e-07
906 8.485194e-08
907 5.409872e-08
908 3.635158e-08
909 0.000000e+00
910 0.000000e+00
911 0.000000e+00
912 0.000000e+00
913 0.000000e+00
914 0.000000e+00
915 1.180149e-06
916 8.624166e-07
917 6.401808e-07
918 4.064771e-07
919 2.465398e-07
920 1.457523e-07
921 8.871010e-08
922 5.654587e-08
923 3.798965e-08
924 0.000000e+00
925 0.000000e+00
926 0.000000e+00
927 0.000000e+00
928 0.000000e+00
929 0.000000e+00
930 1.228347e-06
931 8.976548e-07
932 6.663722e-07
933 4.233614e-07
934 2.567454e-07
935 1.517764e-07
936 9.236793e-08
937 5.886602e-08
938 3.954263e-08
939 0.000000e+00
940 0.000000e+00
941 0.000000e+00
942 0.000000e+00
943 0.000000e+00
944 0.000000e+00
945 1.284374e-06
946 9.386191e-07
947 6.968175e-07
948 4.429899e-07
949 2.686088e-07
950 1.587799e-07
951 9.662045e-08
952 6.156305e-08
953 4.134813e-08
954 0.000000e+00
955 0.000000e+00
956 0.000000e+00
957 0.000000e+00
958 0.000000e+00
959 0.000000e+00
960 3.377474e-07
961 2.690191e-07
962 1.951500e-07
963 1.463455e-07
964 9.056290e-08
965 5.543179e-08
966 3.221934e-08
967 1.926529e-08
968 1.207263e-08
969 7.992605e-09
970 0.000000e+00
971 0.000000e+00
972 0.000000e+00
973 0.000000e+00
974 0.000000e+00
975 5.200102e-07
976 4.169813e-07
977 3.027642e-07
978 2.268391e-07
979 1.421647e-07
980 8.668209e-08
981 5.034749e-08
982 3.006503e-08
983 1.877339e-08
984 1.239321e-08
985 0.000000e+00
986 0.000000e+00
987 0.000000e+00
988 0.000000e+00
989 0.000000e+00
990 6.446393e-07
991 5.182589e-07
992 3.764446e-07
993 2.819352e-07
994 1.775508e-07
995 1.080927e-07
996 6.276878e-08
997 3.746495e-08
998 2.336275e-08
999 1.540587e-08
1000 0.000000e+00
1001 0.000000e+00
1002 0.000000e+00
1003 0.000000e+00
1004 0.000000e+00
1005 7.380650e-07
1006 5.941739e-07
1007 4.316706e-07
1008 3.232341e-07
1009 2.040749e-07
1010 1.241404e-07
1011 7.207946e-08
1012 4.301185e-08
1013 2.680268e-08
1014 1.766401e-08
1015 0.000000e+00
1016 0.000000e+00
1017 0.000000e+00
1018 0.000000e+00
1019 0.000000e+00
1020 8.137942e-07
1021 6.557046e-07
1022 4.764349e-07
1023 3.567076e-07
1024 2.255750e-07
1025 1.371494e-07
1026 7.962665e-08
1027 4.750773e-08
1028 2.959109e-08
1029 1.949428e-08
1030 0.000000e+00
1031 0.000000e+00
1032 0.000000e+00
1033 0.000000e+00
1034 0.000000e+00
1035 8.798676e-07
1036 7.093961e-07
1037 5.154983e-07
1038 3.859159e-07
1039 2.443346e-07
1040 1.484999e-07
1041 8.621171e-08
1042 5.143092e-08
1043 3.202414e-08
1044 2.109153e-08
1045 0.000000e+00
1046 0.000000e+00
1047 0.000000e+00
1048 0.000000e+00
1049 0.000000e+00
1050 9.425257e-07
1051 7.603125e-07
1052 5.525375e-07
1053 4.136126e-07
1054 2.621227e-07
1055 1.592642e-07
1056 9.245645e-08
1057 5.515093e-08
1058 3.433128e-08
1059 2.260602e-08
1060 0.000000e+00
1061 0.000000e+00
1062 0.000000e+00
1063 0.000000e+00
1064 0.000000e+00
1065 1.015367e-06
1066 8.195057e-07
1067 5.955999e-07
1068 4.458157e-07
1069 2.828039e-07
1070 1.717785e-07
1071 9.971617e-08
1072 5.947618e-08
1073 3.701354e-08
1074 2.436680e-08
1075 0.000000e+00
1076 0.000000e+00
1077 0.000000e+00
1078 0.000000e+00
1079 0.000000e+00
1080 1.986574e-07
1081 1.806914e-07
1082 1.392216e-07
1083 1.006775e-07
1084 7.544395e-08
1085 4.361676e-08
1086 2.673368e-08
1087 1.541316e-08
1088 9.113571e-09
1089 5.669641e-09
1090 0.000000e+00
1091 0.000000e+00
1092 0.000000e+00
1093 0.000000e+00
1094 0.000000e+00
1095 3.301502e-07
1096 3.015891e-07
1097 2.333051e-07
1098 1.686098e-07
1099 1.265324e-07
1100 7.355165e-08
1101 4.519801e-08
1102 2.599796e-08
1103 1.531885e-08
1104 9.508584e-09
1105 0.000000e+00
1106 0.000000e+00
1107 0.000000e+00
1108 0.000000e+00
1109 0.000000e+00
1110 4.304437e-07
1111 3.938647e-07
1112 3.051583e-07
1113 2.204883e-07
1114 1.655514e-07
1115 9.643861e-08
1116 5.931720e-08
1117 3.409000e-08
1118 2.006029e-08
1119 1.244092e-08
1120 0.000000e+00
1121 0.000000e+00
1122 0.000000e+00
1123 0.000000e+00
1124 0.000000e+00
1125 5.116903e-07
1126 4.686089e-07
1127 3.633610e-07
1128 2.625119e-07
1129 1.971568e-07
1130 1.149769e-07
1131 7.075389e-08
1132 4.064467e-08
1133 2.390083e-08
1134 1.481619e-08
1135 0.000000e+00
1136 0.000000e+00
1137 0.000000e+00
1138 0.000000e+00
1139 0.000000e+00
1140 5.825804e-07
1141 5.338325e-07
1142 4.141478e-07
1143 2.991817e-07
1144 2.247363e-07
1145 1.311535e-07
1146 8.073372e-08
1147 4.636433e-08
1148 2.725213e-08
1149 1.688878e-08
1150 0.000000e+00
1151 0.000000e+00
1152 0.000000e+00
1153 0.000000e+00
1154 0.000000e+00
1155 6.498027e-07
1156 5.956779e-07
1157 4.623063e-07
1158 3.339522e-07
1159 2.508883e-07
1160 1.464929e-07
1161 9.019668e-08
1162 5.178784e-08
1163 3.042992e-08
1164 1.885404e-08
1165 0.000000e+00
1166 0.000000e+00
1167 0.000000e+00
1168 0.000000e+00
1169 0.000000e+00
1170 7.279528e-07
1171 6.675760e-07
1172 5.182915e-07
1173 3.743750e-07
1174 2.812897e-07
1175 1.643254e-07
1176 1.011977e-07
1177 5.809271e-08
1178 3.412433e-08
1179 2.113887e-08
1180 0.000000e+00
1181 0.000000e+00
1182 0.000000e+00
1183 0.000000e+00
1184 0.000000e+00
1185 1.319299e-07
1186 1.302320e-07
1187 1.095233e-07
1188 8.000909e-08
1189 5.943556e-08
1190 4.040256e-08
1191 2.383936e-08
1192 1.358302e-08
1193 7.852505e-09
1194 4.640069e-09
1195 2.906418e-09
1196 0.000000e+00
1197 0.000000e+00
1198 0.000000e+00
1199 0.000000e+00
1200 2.308374e-07
1201 2.285058e-07
1202 1.928795e-07
1203 1.411440e-07
1204 1.046813e-07
1205 7.165351e-08
1206 4.207258e-08
1207 2.400481e-08
1208 1.389607e-08
1209 8.196664e-09
1210 5.123753e-09
1211 0.000000e+00
1212 0.000000e+00
1213 0.000000e+00
1214 0.000000e+00
1215 3.121453e-07
1216 3.093242e-07
1217 2.614647e-07
1218 1.914593e-07
1219 1.419112e-07
1220 9.738842e-08
1221 5.707927e-08
1222 3.258454e-08
1223 1.887154e-08
1224 1.112423e-08
1225 6.948527e-09
1226 0.000000e+00
1227 0.000000e+00
1228 0.000000e+00
1229 0.000000e+00
1230 3.830233e-07
1231 3.797741e-07
1232 3.212468e-07
1233 2.353162e-07
1234 1.743621e-07
1235 1.198218e-07
1236 7.015982e-08
1237 4.006324e-08
1238 2.320856e-08
1239 1.367617e-08
1240 8.539053e-09
1241 0.000000e+00
1242 0.000000e+00
1243 0.000000e+00
1244 0.000000e+00
1245 4.502387e-07
1246 4.465781e-07
1247 3.779396e-07
1248 2.769062e-07
1249 2.051367e-07
1250 1.410951e-07
1251 8.256448e-08
1252 4.715551e-08
1253 2.732145e-08
1254 1.609622e-08
1255 1.004741e-08
1256 0.000000e+00
1257 0.000000e+00
1258 0.000000e+00
1259 0.000000e+00
1260 5.283705e-07
1261 5.242381e-07
1262 4.438434e-07
1263 3.252556e-07
1264 2.409111e-07
1265 1.658236e-07
1266 9.698466e-08
1267 5.539954e-08
1268 3.210233e-08
1269 1.890936e-08
1270 1.180083e-08
1271 0.000000e+00
1272 0.000000e+00
1273 0.000000e+00
1274 0.000000e+00
1275 9.481215e-08
1276 9.872468e-08
1277 8.934501e-08
1278 6.835526e-08
1279 4.940976e-08
1280 3.701164e-08
1281 2.091388e-08
1282 1.263104e-08
1283 7.136725e-09
1284 4.121879e-09
1285 2.467575e-09
1286 0.000000e+00
1287 0.000000e+00
1288 0.000000e+00
1289 0.000000e+00
1290 1.732602e-07
1291 1.807838e-07
1292 1.641113e-07
1293 1.258966e-07
1294 9.094538e-08
1295 6.823025e-08
1296 3.866361e-08
1297 2.342669e-08
1298 1.320704e-08
1299 7.609619e-09
1300 4.546638e-09
1301 0.000000e+00
1302 0.000000e+00
1303 0.000000e+00
1304 0.000000e+00
1305 2.422982e-07
1306 2.530165e-07
1307 2.299438e-07
1308 1.765770e-07
1309 1.275273e-07
1310 9.572866e-08
1311 5.430507e-08
1312 3.294278e-08
1313 1.855688e-08
1314 1.068235e-08
1315 6.377945e-09
1316 0.000000e+00
1317 0.000000e+00
1318 0.000000e+00
1319 0.000000e+00
1320 3.077028e-07
1321 3.214444e-07
1322 2.923090e-07
1323 2.245891e-07
1324 1.621833e-07
1325 1.217787e-07
1326 6.912187e-08
1327 4.195703e-08
1328 2.362462e-08
1329 1.359308e-08
1330 8.112790e-09
1331 0.000000e+00
1332 0.000000e+00
1333 0.000000e+00
1334 0.000000e+00
1335 3.837362e-07
1336 4.009930e-07
1337 3.648101e-07
1338 2.804014e-07
1339 2.024683e-07
1340 1.520608e-07
1341 8.634611e-08
1342 5.243620e-08
1343 2.951582e-08
1344 1.697682e-08
1345 1.012950e-08
1346 0.000000e+00
1347 0.000000e+00
1348 0.000000e+00
1349 0.000000e+00
1350 7.248185e-08
1351 7.845697e-08
1352 7.523710e-08
1353 6.097324e-08
1354 4.398882e-08
1355 3.316108e-08
1356 2.071678e-08
1357 1.270121e-08
1358 7.051346e-09
1359 3.882878e-09
1360 2.244082e-09
1361 1.364684e-09
1362 0.000000e+00
1363 0.000000e+00
1364 0.000000e+00
1365 1.382857e-07
1366 1.499287e-07
1367 1.441345e-07
1368 1.171517e-07
1369 8.457266e-08
1370 6.369486e-08
1371 4.006029e-08
1372 2.448915e-08
1373 1.359846e-08
1374 7.491743e-09
1375 4.319976e-09
1376 2.621396e-09
1377 0.000000e+00
1378 0.000000e+00
1379 0.000000e+00
1380 2.008549e-07
1381 2.178954e-07
1382 2.096646e-07
1383 1.705951e-07
1384 1.231840e-07
1385 9.274142e-08
1386 5.847059e-08
1387 3.570559e-08
1388 1.982825e-08
1389 1.092617e-08
1390 6.295139e-09
1391 3.816922e-09
1392 0.000000e+00
1393 0.000000e+00
1394 0.000000e+00
1395 2.735528e-07
1396 2.968637e-07
1397 2.857998e-07
1398 2.326871e-07
1399 1.680429e-07
1400 1.264884e-07
1401 7.985999e-08
1402 4.873698e-08
1403 2.706609e-08
1404 1.491623e-08
1405 8.589890e-09
1406 5.205919e-09
1407 0.000000e+00
1408 0.000000e+00
1409 0.000000e+00
1410 5.889326e-08
1411 6.572897e-08
1412 6.603164e-08
1413 5.671942e-08
1414 4.180775e-08
1415 3.079291e-08
1416 2.169326e-08
1417 1.237716e-08
1418 6.968147e-09
1419 3.942918e-09
1420 2.193216e-09
1421 1.279102e-09
1422 0.000000e+00
1423 0.000000e+00
1424 0.000000e+00
1425 1.177758e-07
1426 1.316308e-07
1427 1.325204e-07
1428 1.141679e-07
1429 8.429671e-08
1430 6.200898e-08
1431 4.389327e-08
1432 2.496088e-08
1433 1.408299e-08
1434 7.967726e-09
1435 4.429573e-09
1436 2.578250e-09
1437 0.000000e+00
1438 0.000000e+00
1439 0.000000e+00
1440 1.860888e-07
1441 2.080912e-07
1442 2.096670e-07
1443 1.808295e-07
1444 1.336022e-07
1445 9.823176e-08
1446 6.965719e-08
1447 3.956381e-08
1448 2.234027e-08
1449 1.263853e-08
1450 7.024919e-09
1451 4.085806e-09
1452 0.000000e+00
1453 0.000000e+00
1454 0.000000e+00
1455 5.125945e-08
1456 5.874162e-08
1457 6.139990e-08
1458 5.578769e-08
1459 4.278294e-08
1460 3.090029e-08
1461 2.320917e-08
1462 1.301186e-08
1463 7.782988e-09
1464 4.264142e-09
1465 2.350723e-09
1466 1.312561e-09
1467 0.000000e+00
1468 0.000000e+00
1469 0.000000e+00
1470 1.140722e-07
1471 1.308940e-07
1472 1.370834e-07
1473 1.249140e-07
1474 9.604365e-08
1475 6.932897e-08
1476 5.214506e-08
1477 2.932277e-08
1478 1.760019e-08
1479 9.624600e-09
1480 5.293236e-09
1481 2.949511e-09
1482 0.000000e+00
1483 0.000000e+00
1484 0.000000e+00
1485 5.333620e-08
1486 6.267229e-08
1487 6.795310e-08
1488 6.523664e-08
1489 5.289432e-08
1490 3.816624e-08
1491 2.879252e-08
1492 1.790198e-08
1493 1.089487e-08
1494 5.912197e-09
1495 3.113993e-09
1496 1.680105e-09
1497 9.356428e-10
1498 0.000000e+00
1499 0.000000e+00
1500 1.109684e-04
1501 8.086786e-05
1502 6.035546e-05
1503 3.805236e-05
1504 2.321989e-05
1505 1.369104e-05
1506 8.324421e-06
1507 5.304277e-06
1508 3.565556e-06
1509 0.000000e+00
1510 0.000000e+00
1511 0.000000e+00
1512 0.000000e+00
1513 0.000000e+00
1514 0.000000e+00
1515 5.757601e-05
1516 4.644359e-05
1517 3.369791e-05
1518 2.528332e-05
1519 1.597668e-05
1520 9.754545e-06
1521 5.648866e-06
1522 3.364481e-06
1523 2.093966e-06
1524 1.379138e-06
1525 0.000000e+00
1526 0.000000e+00
1527 0.000000e+00
1528 0.000000e+00
1529 0.000000e+00
1530 4.047788e-05
1531 3.713775e-05
1532 2.882267e-05
1533 2.080348e-05
1534 1.566222e-05
1535 9.111532e-06
1536 5.625604e-06
1537 3.225263e-06
1538 1.896511e-06
1539 1.174730e-06
1540 0.000000e+00
1541 0.000000e+00
1542 0.000000e+00
1543 0.000000e+00
1544 0.000000e+00
1545 2.912801e-05
1546 2.891312e-05
1547 2.448503e-05
1548 1.793535e-05
1549 1.328396e-05
1550 9.154542e-06
1551 5.351144e-06
1552 3.053081e-06
1553 1.771954e-06
1554 1.042590e-06
1555 6.506122e-07
1556 0.000000e+00
1557 0.000000e+00
1558 0.000000e+00
1559 0.000000e+00
1560 2.085098e-05
1561 2.179680e-05
1562 1.983793e-05
1563 1.524768e-05
1564 1.100576e-05
1565 8.274949e-06
1566 4.689296e-06
1567 2.850415e-06
1568 1.602925e-06
1569 9.233707e-07
1570 5.506294e-07
1571 0.000000e+00
1572 0.000000e+00
1573 0.000000e+00
1574 0.000000e+00
1575 1.487210e-05
1576 1.614453e-05
1577 1.554949e-05
1578 1.266314e-05
1579 9.143013e-06
1580 6.883420e-06
1581 4.347301e-06
1582 2.655947e-06
1583 1.474901e-06
1584 8.112783e-07
1585 4.673052e-07
1586 2.832009e-07
1587 0.000000e+00
1588 0.000000e+00
1589 0.000000e+00
1590 1.001028e-05
1591 1.119728e-05
1592 1.128693e-05
1593 9.739022e-06
1594 7.195644e-06
1595 5.289411e-06
1596 3.755371e-06
1597 2.130464e-06
1598 1.202339e-06
1599 6.811759e-07
1600 3.783133e-07
1601 2.200058e-07
1602 0.000000e+00
1603 0.000000e+00
1604 0.000000e+00
1605 6.201116e-06
1606 7.118100e-06
1607 7.458527e-06
1608 6.801106e-06
1609 5.231433e-06
1610 3.775220e-06
1611 2.841823e-06
1612 1.597077e-06
1613 9.596537e-07
1614 5.242846e-07
1615 2.885232e-07
1616 1.606418e-07
1617 0.000000e+00
1618 0.000000e+00
1619 0.000000e+00
1620 3.163407e-06
1621 3.720115e-06
1622 4.038202e-06
1623 3.883392e-06
1624 3.154630e-06
1625 2.276770e-06
1626 1.716871e-06
1627 1.071974e-06
1628 6.518364e-07
1629 3.538249e-07
1630 1.861971e-07
1631 1.003484e-07
1632 5.578990e-08
1633 0.000000e+00
1634 0.000000e+00
1635 8.891198e-07
1636 1.072208e-06
1637 1.206146e-06
1638 1.224576e-06
1639 1.066696e-06
1640 7.933436e-07
1641 5.815894e-07
1642 4.169104e-07
1643 2.343421e-07
1644 1.314261e-07
1645 7.164692e-08
1646 3.730540e-08
1647 1.958823e-08
1648 0.000000e+00
1649 0.000000e+00
