0 2.232335e-09
1 1.450721e-09
2 9.123566e-10
3 5.746904e-10
4 3.694113e-10
5 2.430884e-10
6 1.616628e-10
7 1.061747e-10
8 6.727636e-11
9 4.040583e-11
10 2.277624e-11
11 1.203290e-11
12 5.998474e-12
13 2.853807e-12
14 1.311994e-12
15 3.777376e-09
16 2.512222e-09
17 1.596739e-09
18 9.952859e-10
19 6.294034e-10
20 4.076369e-10
21 2.696980e-10
22 1.788476e-10
23 1.159549e-10
24 7.191909e-11
25 4.202455e-11
26 2.299288e-11
27 1.180882e-11
28 5.746643e-12
29 2.682794e-12
30 4.328078e-09
31 2.898115e-09
32 1.852159e-09
33 1.153301e-09
34 7.263300e-10
35 4.679211e-10
36 3.085754e-10
37 2.048009e-10
38 1.334213e-10
39 8.340821e-11
40 4.922913e-11
41 2.722132e-11
42 1.411338e-11
43 6.920943e-12
44 3.248438e-12
45 4.631852e-09
46 3.111079e-09
47 1.993203e-09
48 1.240599e-09
49 7.798665e-10
50 5.012058e-10
51 3.300810e-10
52 2.190876e-10
53 1.430491e-10
54 8.974242e-11
55 5.319727e-11
56 2.954568e-11
57 1.538457e-11
58 7.569159e-12
59 3.561123e-12
60 4.835394e-09
61 3.253952e-09
62 2.087667e-09
63 1.299099e-09
64 8.157250e-10
65 5.235762e-10
66 3.445125e-10
67 2.287135e-10
68 1.494968e-10
69 9.399769e-11
70 5.587474e-11
71 3.112015e-11
72 1.623934e-11
73 8.004095e-12
74 3.771652e-12
75 4.966843e-09
76 3.346443e-09
77 2.149372e-09
78 1.337143e-09
79 8.390125e-10
80 5.380233e-10
81 3.537897e-10
82 2.348977e-10
83 1.537147e-10
84 9.679083e-11
85 5.762209e-11
86 3.215068e-11
87 1.680796e-11
88 8.295467e-12
89 3.911875e-12
90 5.112154e-09
91 3.447986e-09
92 2.216220e-09
93 1.378822e-09
94 8.646034e-10
95 5.539526e-10
96 3.641220e-10
97 2.417819e-10
98 1.583356e-10
99 9.980588e-11
100 5.950843e-11
101 3.324920e-11
102 1.740289e-11
103 8.597406e-12
104 4.057222e-12
105 5.221161e-09
106 3.523982e-09
107 2.267003e-09
108 1.410190e-09
109 8.837685e-10
110 5.658987e-10
111 3.718025e-10
112 2.469089e-10
113 1.617157e-10
114 1.020361e-10
115 6.090209e-11
116 3.408040e-11
117 1.785995e-11
118 8.830474e-12
119 4.166361e-12
120 5.324473e-09
121 3.596785e-09
122 2.315157e-09
123 1.439900e-09
124 9.019960e-10
125 5.772021e-10
126 3.790669e-10
127 2.517775e-10
128 1.650481e-10
129 1.042279e-10
130 6.228715e-11
131 3.487835e-11
132 1.829257e-11
133 9.051090e-12
134 4.276079e-12
135 5.442360e-09
136 3.679006e-09
137 2.370255e-09
138 1.474048e-09
139 9.228969e-10
140 5.902625e-10
141 3.875071e-10
142 2.573228e-10
143 1.688213e-10
144 1.067314e-10
145 6.384778e-11
146 3.579507e-11
147 1.879313e-11
148 9.304467e-12
149 4.398121e-12
150 7.892318e-09
151 5.433459e-09
152 3.568650e-09
153 2.228999e-09
154 1.382229e-09
155 8.714537e-10
156 5.651858e-10
157 3.740446e-10
158 2.473080e-10
159 1.592061e-10
160 9.763615e-11
161 5.626528e-11
162 3.032342e-11
163 1.534645e-11
164 7.372212e-12
165 9.974361e-09
166 6.953782e-09
167 4.633213e-09
168 2.924163e-09
169 1.803972e-09
170 1.128045e-09
171 7.237006e-10
172 4.758538e-10
173 3.150871e-10
174 2.047231e-10
175 1.275153e-10
176 7.490936e-11
177 4.118414e-11
178 2.122163e-11
179 1.033844e-11
180 1.118489e-08
181 7.842399e-09
182 5.256324e-09
183 3.334627e-09
184 2.053963e-09
185 1.280289e-09
186 8.171813e-10
187 5.356380e-10
188 3.547111e-10
189 2.313315e-10
190 1.450192e-10
191 8.587360e-11
192 4.761587e-11
193 2.472763e-11
194 1.212310e-11
195 1.200029e-08
196 8.441938e-09
197 5.677012e-09
198 3.611898e-09
199 2.223057e-09
200 1.383053e-09
201 8.802328e-10
202 5.760445e-10
203 3.814647e-10
204 2.492889e-10
205 1.568313e-10
206 9.328613e-11
207 5.196797e-11
208 2.710062e-11
209 1.333107e-11
210 1.255648e-08
211 8.852362e-09
212 5.967029e-09
213 3.802507e-09
214 2.339564e-09
215 1.453746e-09
216 9.235557e-10
217 6.036307e-10
218 3.997237e-10
219 2.615683e-10
220 1.649325e-10
221 9.839974e-11
222 5.498105e-11
223 2.874862e-11
224 1.417367e-11
225 1.310762e-08
226 9.254870e-09
227 6.247633e-09
228 3.987853e-09
229 2.452116e-09
230 1.522455e-09
231 9.658277e-10
232 6.307690e-10
233 4.177094e-10
234 2.735955e-10
235 1.728195e-10
236 1.033058e-10
237 5.784611e-11
238 3.030818e-11
239 1.496505e-11
240 1.353799e-08
241 9.571406e-09
242 6.470326e-09
243 4.134611e-09
244 2.541918e-09
245 1.577008e-09
246 9.992007e-10
247 6.520194e-10
248 4.318874e-10
249 2.831040e-10
250 1.790732e-10
251 1.072255e-10
252 6.015143e-11
253 3.156518e-11
254 1.560005e-11
255 1.394927e-08
256 9.873466e-09
257 6.682843e-09
258 4.274974e-09
259 2.626993e-09
260 1.628717e-09
261 1.031027e-09
262 6.723399e-10
263 4.453723e-10
264 2.921495e-10
265 1.850249e-10
266 1.109642e-10
267 6.234265e-11
268 3.275656e-11
269 1.621056e-11
270 1.442669e-08
271 1.022407e-08
272 6.928723e-09
273 4.436496e-09
274 2.725378e-09
275 1.689030e-09
276 1.068207e-09
277 6.960723e-10
278 4.609897e-10
279 3.026351e-10
280 1.919384e-10
281 1.153003e-10
282 6.487981e-11
283 3.414249e-11
284 1.691613e-11
285 1.363847e-08
286 9.702509e-09
287 6.589550e-09
288 4.251756e-09
289 2.620155e-09
290 1.622818e-09
291 1.023204e-09
292 6.637858e-10
293 4.379094e-10
294 2.870141e-10
295 1.822305e-10
296 1.099084e-10
297 6.224460e-11
298 3.300276e-11
299 1.646773e-11
300 1.604562e-08
301 1.154528e-08
302 7.912436e-09
303 5.163621e-09
304 3.194161e-09
305 1.968596e-09
306 1.231488e-09
307 7.927466e-10
308 5.210680e-10
309 3.422995e-10
310 2.190450e-10
311 1.337010e-10
312 7.680494e-11
313 4.131809e-11
314 2.088325e-11
315 1.769894e-08
316 1.281835e-08
317 8.828461e-09
318 5.797292e-09
319 3.595733e-09
320 2.209740e-09
321 1.377101e-09
322 8.826679e-10
323 5.788425e-10
324 3.806044e-10
325 2.445370e-10
326 1.502007e-10
327 8.693146e-11
328 4.712249e-11
329 2.397841e-11
330 1.886003e-08
331 1.371550e-08
332 9.473514e-09
333 6.243495e-09
334 3.879832e-09
335 2.380356e-09
336 1.479762e-09
337 9.459812e-10
338 6.195789e-10
339 4.075777e-10
340 2.625101e-10
341 1.618667e-10
342 9.411614e-11
343 5.125450e-11
344 2.618709e-11
345 1.994853e-08
346 1.454985e-08
347 1.007336e-08
348 6.657134e-09
349 4.140753e-09
350 2.537511e-09
351 1.574611e-09
352 1.004720e-09
353 6.573058e-10
354 4.325999e-10
355 2.791475e-10
356 1.725990e-10
357 1.006778e-10
358 5.500624e-11
359 2.818318e-11
360 2.082738e-08
361 1.522670e-08
362 1.056061e-08
363 6.992429e-09
364 4.353389e-09
365 2.665629e-09
366 1.651719e-09
367 1.052347e-09
368 6.879219e-10
369 4.529224e-10
370 2.926582e-10
371 1.813428e-10
372 1.060444e-10
373 5.808063e-11
374 2.982244e-11
375 2.165847e-08
376 1.586635e-08
377 1.102029e-08
378 7.310760e-09
379 4.554603e-09
380 2.786799e-09
381 1.724810e-09
382 1.097446e-09
383 7.169267e-10
384 4.721588e-10
385 3.054718e-10
386 1.896322e-10
387 1.111300e-10
388 6.099547e-11
389 3.137656e-11
390 2.263048e-08
391 1.661540e-08
392 1.155862e-08
393 7.682757e-09
394 4.790641e-09
395 2.929225e-09
396 1.810648e-09
397 1.150481e-09
398 7.508912e-10
399 4.947203e-10
400 3.204838e-10
401 1.993500e-10
402 1.170955e-10
403 6.441011e-11
404 3.319844e-11
405 1.966141e-08
406 1.440744e-08
407 9.997957e-09
408 6.627642e-09
409 4.147849e-09
410 2.540166e-09
411 1.575283e-09
412 1.001649e-09
413 6.529750e-10
414 4.288665e-10
415 2.766913e-10
416 1.714275e-10
417 1.003996e-10
418 5.515774e-11
419 2.843443e-11
420 2.232070e-08
421 1.654725e-08
422 1.157276e-08
423 7.735904e-09
424 4.883052e-09
425 2.982209e-09
426 1.841438e-09
427 1.162152e-09
428 7.533210e-10
429 4.941371e-10
430 3.199912e-10
431 1.998262e-10
432 1.182907e-10
433 6.576885e-11
434 3.430115e-11
435 2.422452e-08
436 1.809359e-08
437 1.271292e-08
438 8.543162e-09
439 5.419991e-09
440 3.305620e-09
441 2.036340e-09
442 1.279131e-09
443 8.263897e-10
444 5.415218e-10
445 3.514300e-10
446 2.204875e-10
447 1.313526e-10
448 7.355014e-11
449 3.862258e-11
450 2.596939e-08
451 1.949016e-08
452 1.374149e-08
453 9.266270e-09
454 5.898340e-09
455 3.594813e-09
456 2.210215e-09
457 1.384251e-09
458 8.919326e-10
459 5.842022e-10
460 3.796863e-10
461 2.389749e-10
462 1.429766e-10
463 8.043629e-11
464 4.242968e-11
465 2.739378e-08
466 2.064169e-08
467 1.459012e-08
468 9.862554e-09
469 6.295095e-09
470 3.834534e-09
471 2.354081e-09
472 1.470944e-09
473 9.461896e-10
474 6.194045e-10
475 4.030096e-10
476 2.542688e-10
477 1.526212e-10
478 8.616787e-11
479 4.560665e-11
480 2.874169e-08
481 2.172633e-08
482 1.539243e-08
483 1.042721e-08
484 6.670992e-09
485 4.060793e-09
486 2.490471e-09
487 1.552884e-09
488 9.973938e-10
489 6.526726e-10
490 4.250855e-10
491 2.687467e-10
492 1.617481e-10
493 9.158481e-11
494 4.860696e-11
495 3.031957e-08
496 2.299863e-08
497 1.632972e-08
498 1.108859e-08
499 7.109833e-09
500 4.325568e-09
501 2.649786e-09
502 1.648938e-09
503 1.057329e-09
504 6.915987e-10
505 4.508747e-10
506 2.856419e-10
507 1.724131e-10
508 9.792597e-11
509 5.212115e-11
510 2.600686e-08
511 1.961197e-08
512 1.387503e-08
513 9.372520e-09
514 5.997102e-09
515 3.662667e-09
516 2.250156e-09
517 1.405283e-09
518 9.026423e-10
519 5.896843e-10
520 3.829171e-10
521 2.412654e-10
522 1.447659e-10
523 8.180426e-11
524 4.338405e-11
525 2.879532e-08
526 2.196622e-08
527 1.566448e-08
528 1.065219e-08
529 6.875136e-09
530 4.205894e-09
531 2.575197e-09
532 1.597757e-09
533 1.020187e-09
534 6.642492e-10
535 4.317880e-10
536 2.734554e-10
537 1.654321e-10
538 9.442727e-11
539 5.061043e-11
540 3.129731e-08
541 2.406225e-08
542 1.725106e-08
543 1.178484e-08
544 7.648187e-09
545 4.685804e-09
546 2.861707e-09
547 1.768362e-09
548 1.124302e-09
549 7.305145e-10
550 4.751580e-10
551 3.019274e-10
552 1.836347e-10
553 1.055000e-10
554 5.692888e-11
555 3.336787e-08
556 2.580591e-08
557 1.857666e-08
558 1.273001e-08
559 8.296063e-09
560 5.087013e-09
561 3.101832e-09
562 1.911064e-09
563 1.211400e-09
564 7.857539e-10
565 5.113169e-10
566 3.257034e-10
567 1.988710e-10
568 1.147913e-10
569 6.224282e-11
570 3.533159e-08
571 2.746008e-08
572 1.983410e-08
573 1.362789e-08
574 8.911733e-09
575 5.468628e-09
576 3.329936e-09
577 2.046407e-09
578 1.294038e-09
579 8.382070e-10
580 5.456659e-10
581 3.482864e-10
582 2.133414e-10
583 1.236166e-10
584 6.729075e-11
585 3.763281e-08
586 2.939332e-08
587 2.130301e-08
588 1.467632e-08
589 9.628402e-09
590 5.913322e-09
591 3.595772e-09
592 2.204162e-09
593 1.390318e-09
594 8.993045e-10
595 5.856704e-10
596 3.745967e-10
597 2.302030e-10
598 1.338987e-10
599 7.317129e-11
600 3.249408e-08
601 2.518735e-08
602 1.817507e-08
603 1.246604e-08
604 8.138827e-09
605 5.010681e-09
606 3.052941e-09
607 1.880057e-09
608 1.189621e-09
609 7.699511e-10
610 5.001931e-10
611 3.183968e-10
612 1.945077e-10
613 1.124679e-10
614 6.115618e-11
615 3.586053e-08
616 2.811550e-08
617 2.046276e-08
618 1.412166e-08
619 9.290022e-09
620 5.750183e-09
621 3.491814e-09
622 2.140740e-09
623 1.345858e-09
624 8.670599e-10
625 5.627362e-10
626 3.592963e-10
627 2.208840e-10
628 1.288178e-10
629 7.072779e-11
630 3.868086e-08
631 3.058324e-08
632 2.240034e-08
633 1.552394e-08
634 1.026866e-08
635 6.379849e-09
636 3.865650e-09
637 2.362483e-09
638 1.478653e-09
639 9.492861e-10
640 6.156440e-10
641 3.939159e-10
642 2.432516e-10
643 1.427175e-10
644 7.888716e-11
645 4.135257e-08
646 3.292144e-08
647 2.423576e-08
648 1.685517e-08
649 1.119641e-08
650 6.976958e-09
651 4.219762e-09
652 2.572888e-09
653 1.604394e-09
654 1.027227e-09
655 6.658052e-10
656 4.267379e-10
657 2.644562e-10
658 1.558942e-10
659 8.662093e-11
660 4.448223e-08
661 3.565297e-08
662 2.638023e-08
663 1.840827e-08
664 1.227832e-08
665 7.673690e-09
666 4.633338e-09
667 2.818021e-09
668 1.751073e-09
669 1.118168e-09
670 7.243086e-10
671 4.650252e-10
672 2.891956e-10
673 1.712671e-10
674 9.564478e-11
675 4.018886e-08
676 3.199456e-08
677 2.357930e-08
678 1.640734e-08
679 1.089684e-08
680 6.811436e-09
681 4.122977e-09
682 2.516239e-09
683 1.567663e-09
684 1.002229e-09
685 6.484422e-10
686 4.149252e-10
687 2.568726e-10
688 1.513963e-10
689 8.419646e-11
690 4.392981e-08
691 3.537674e-08
692 2.632854e-08
693 1.843461e-08
694 1.232677e-08
695 7.762518e-09
696 4.691545e-09
697 2.854300e-09
698 1.766503e-09
699 1.122620e-09
700 7.243340e-10
701 4.640723e-10
702 2.886793e-10
703 1.714160e-10
704 9.619334e-11
705 4.747058e-08
706 3.859064e-08
707 2.893461e-08
708 2.036315e-08
709 1.368598e-08
710 8.667093e-09
711 5.232378e-09
712 3.175551e-09
713 1.955515e-09
714 1.237034e-09
715 7.964737e-10
716 5.107571e-10
717 3.188864e-10
718 1.904294e-10
719 1.075937e-10
720 5.161526e-08
721 4.234545e-08
722 3.197274e-08
723 2.261035e-08
724 1.526946e-08
725 9.721698e-09
726 5.863051e-09
727 3.550513e-09
728 2.175772e-09
729 1.370498e-09
730 8.805210e-10
731 5.651615e-10
732 3.540936e-10
733 2.125885e-10
734 1.208803e-10
735 4.869290e-08
736 3.981999e-08
737 3.003659e-08
738 2.123200e-08
739 1.431559e-08
740 9.116963e-09
741 5.515824e-09
742 3.342991e-09
743 2.050652e-09
744 1.291838e-09
745 8.289591e-10
746 5.309219e-10
747 3.318190e-10
748 1.987668e-10
749 1.128436e-10
750 5.330879e-08
751 4.414401e-08
752 3.367558e-08
753 2.398656e-08
754 1.627761e-08
755 1.045633e-08
756 6.337475e-09
757 3.828706e-09
758 2.333190e-09
759 1.459627e-09
760 9.322178e-10
761 5.966180e-10
762 3.741122e-10
763 2.255771e-10
764 1.291956e-10
765 5.870346e-08
766 4.919875e-08
767 3.791399e-08
768 2.719929e-08
769 1.856787e-08
770 1.202077e-08
771 7.298015e-09
772 4.396762e-09
773 2.663100e-09
774 1.655598e-09
775 1.052742e-09
776 6.732991e-10
777 4.234771e-10
778 2.568679e-10
779 1.482822e-10
780 5.925770e-08
781 4.988330e-08
782 3.865932e-08
783 2.786359e-08
784 1.907181e-08
785 1.239686e-08
786 7.566731e-09
787 4.550321e-09
788 2.751789e-09
789 1.704128e-09
790 1.079293e-09
791 6.883567e-10
792 4.325872e-10
793 2.627062e-10
794 1.521126e-10
795 6.634936e-08
796 5.675359e-08
797 4.465380e-08
798 3.255708e-08
799 2.246705e-08
800 1.475852e-08
801 9.075695e-09
802 5.436037e-09
803 3.266808e-09
804 2.003651e-09
805 1.258550e-09
806 7.995871e-10
807 5.032048e-10
808 3.074623e-10
809 1.797517e-10
810 7.615842e-08
811 6.660531e-08
812 5.364535e-08
813 3.989191e-08
814 2.789653e-08
815 1.858987e-08
816 1.162914e-08
817 6.948123e-09
818 4.151296e-09
819 2.507860e-09
820 1.550934e-09
821 9.750368e-10
822 6.118631e-10
823 3.756464e-10
824 2.220867e-10
825 5.051331e-07
826 3.689512e-07
827 2.733852e-07
828 1.701681e-07
829 1.036656e-07
830 6.141363e-08
831 3.749973e-08
832 2.405774e-08
833 1.624038e-08
834 0.000000e+00
835 0.000000e+00
836 0.000000e+00
837 0.000000e+00
838 0.000000e+00
839 0.000000e+00
840 7.609656e-07
841 5.559534e-07
842 4.123957e-07
843 2.596331e-07
844 1.577812e-07
845 9.335633e-08
846 5.689682e-08
847 3.636656e-08
848 2.448230e-08
849 0.000000e+00
850 0.000000e+00
851 0.000000e+00
852 0.000000e+00
853 0.000000e+00
854 0.000000e+00
855 9.034708e-07
856 6.601393e-07
857 4.898344e-07
858 3.095543e-07
859 1.879543e-07
860 1.111685e-07
861 6.771198e-08
862 4.322638e-08
863 2.907417e-08
864 0.000000e+00
865 0.000000e+00
866 0.000000e+00
867 0.000000e+00
868 0.000000e+00
869 0.000000e+00
870 9.993278e-07
871 7.302182e-07
872 5.419243e-07
873 3.431341e-07
874 2.082519e-07
875 1.231503e-07
876 7.498702e-08
877 4.784112e-08
878 3.216291e-08
879 0.000000e+00
880 0.000000e+00
881 0.000000e+00
882 0.000000e+00
883 0.000000e+00
884 0.000000e+00
885 1.066566e-06
886 7.793803e-07
887 5.784647e-07
888 3.667179e-07
889 2.225042e-07
890 1.315627e-07
891 8.009375e-08
892 5.107916e-08
893 3.432986e-08
894 0.000000e+00
895 0.000000e+00
896 0.000000e+00
897 0.000000e+00
898 0.000000e+00
899 0.000000e+00
900 1.129439e-06
901 8.253442e-07
902 6.126261e-07
903 3.887123e-07
904 2.358020e-07
905 1.394142e-07
906 8.486152e-08
907 5.410480e-08
908 3.635564e-08
909 0.000000e+00
910 0.000000e+00
911 0.000000e+00
912 0.000000e+00
913 0.000000e+00
914 0.000000e+00
915 1.180268e-06
916 8.625041e-07
917 6.402459e-07
918 4.065191e-07
919 2.465652e-07
920 1.457672e-07
921 8.871918e-08
922 5.655163e-08
923 3.799350e-08
924 0.000000e+00
925 0.000000e+00
926 0.000000e+00
927 0.000000e+00
928 0.000000e+00
929 0.000000e+00
930 1.228460e-06
931 8.977376e-07
932 6.664337e-07
933 4.234011e-07
934 2.567693e-07
935 1.517905e-07
936 9.237652e-08
937 5.887147e-08
938 3.954628e-08
939 0.000000e+00
940 0.000000e+00
941 0.000000e+00
942 0.000000e+00
943 0.000000e+00
944 0.000000e+00
945 1.284683e-06
946 9.388454e-07
947 6.969857e-07
948 4.430983e-07
949 2.686743e-07
950 1.588185e-07
951 9.664394e-08
952 6.157795e-08
953 4.135810e-08
954 0.000000e+00
955 0.000000e+00
956 0.000000e+00
957 0.000000e+00
958 0.000000e+00
959 0.000000e+00
960 3.373282e-07
961 2.686596e-07
962 1.948875e-07
963 1.461504e-07
964 9.042623e-08
965 5.535192e-08
966 3.217299e-08
967 1.923776e-08
968 1.205598e-08
969 7.981896e-09
970 0.000000e+00
971 0.000000e+00
972 0.000000e+00
973 0.000000e+00
974 0.000000e+00
975 5.201679e-07
976 4.171090e-07
977 3.028571e-07
978 2.269086e-07
979 1.422091e-07
980 8.670903e-08
981 5.036311e-08
982 3.007434e-08
983 1.877917e-08
984 1.239701e-08
985 0.000000e+00
986 0.000000e+00
987 0.000000e+00
988 0.000000e+00
989 0.000000e+00
990 6.448120e-07
991 5.183992e-07
992 3.765467e-07
993 2.820115e-07
994 1.775998e-07
995 1.081223e-07
996 6.278598e-08
997 3.747520e-08
998 2.336911e-08
999 1.541004e-08
1000 0.000000e+00
1001 0.000000e+00
1002 0.000000e+00
1003 0.000000e+00
1004 0.000000e+00
1005 7.350469e-07
1006 5.917455e-07
1007 4.299065e-07
1008 3.219130e-07
1009 2.032417e-07
1010 1.236334e-07
1011 7.178507e-08
1012 4.283616e-08
1013 2.669317e-08
1014 1.759182e-08
1015 0.000000e+00
1016 0.000000e+00
1017 0.000000e+00
1018 0.000000e+00
1019 0.000000e+00
1020 8.139596e-07
1021 6.558390e-07
1022 4.765327e-07
1023 3.567807e-07
1024 2.256220e-07
1025 1.371778e-07
1026 7.964314e-08
1027 4.751755e-08
1028 2.959718e-08
1029 1.949827e-08
1030 0.000000e+00
1031 0.000000e+00
1032 0.000000e+00
1033 0.000000e+00
1034 0.000000e+00
1035 8.800254e-07
1036 7.095243e-07
1037 5.155916e-07
1038 3.859857e-07
1039 2.443794e-07
1040 1.485270e-07
1041 8.622743e-08
1042 5.144028e-08
1043 3.202995e-08
1044 2.109535e-08
1045 0.000000e+00
1046 0.000000e+00
1047 0.000000e+00
1048 0.000000e+00
1049 0.000000e+00
1050 9.426736e-07
1051 7.604327e-07
1052 5.526249e-07
1053 4.136780e-07
1054 2.621647e-07
1055 1.592896e-07
1056 9.247120e-08
1057 5.515972e-08
1058 3.433673e-08
1059 2.260959e-08
1060 0.000000e+00
1061 0.000000e+00
1062 0.000000e+00
1063 0.000000e+00
1064 0.000000e+00
1065 1.015768e-06
1066 8.198310e-07
1067 5.958365e-07
1068 4.459927e-07
1069 2.829175e-07
1070 1.718473e-07
1071 9.975607e-08
1072 5.949995e-08
1073 3.702828e-08
1074 2.437647e-08
1075 0.000000e+00
1076 0.000000e+00
1077 0.000000e+00
1078 0.000000e+00
1079 0.000000e+00
1080 1.982950e-07
1081 1.803475e-07
1082 1.389447e-07
1083 1.004783e-07
1084 7.529281e-08
1085 4.352435e-08
1086 2.667590e-08
1087 1.538042e-08
1088 9.094923e-09
1089 5.658260e-09
1090 0.000000e+00
1091 0.000000e+00
1092 0.000000e+00
1093 0.000000e+00
1094 0.000000e+00
1095 3.303251e-07
1096 3.017495e-07
1097 2.334298e-07
1098 1.686998e-07
1099 1.266002e-07
1100 7.359120e-08
1101 4.522240e-08
1102 2.601196e-08
1103 1.532706e-08
1104 9.513671e-09
1105 0.000000e+00
1106 0.000000e+00
1107 0.000000e+00
1108 0.000000e+00
1109 0.000000e+00
1110 4.287680e-07
1111 3.923323e-07
1112 3.039717e-07
1113 2.196309e-07
1114 1.649077e-07
1115 9.606394e-08
1116 5.908682e-08
1117 3.395756e-08
1118 1.998232e-08
1119 1.239254e-08
1120 0.000000e+00
1121 0.000000e+00
1122 0.000000e+00
1123 0.000000e+00
1124 0.000000e+00
1125 5.118675e-07
1126 4.687719e-07
1127 3.634880e-07
1128 2.626035e-07
1129 1.972257e-07
1130 1.150174e-07
1131 7.077884e-08
1132 4.065897e-08
1133 2.390921e-08
1134 1.482137e-08
1135 0.000000e+00
1136 0.000000e+00
1137 0.000000e+00
1138 0.000000e+00
1139 0.000000e+00
1140 5.827486e-07
1141 5.339873e-07
1142 4.142683e-07
1143 2.992682e-07
1144 2.248018e-07
1145 1.311919e-07
1146 8.075741e-08
1147 4.637790e-08
1148 2.726008e-08
1149 1.689370e-08
1150 0.000000e+00
1151 0.000000e+00
1152 0.000000e+00
1153 0.000000e+00
1154 0.000000e+00
1155 6.499630e-07
1156 5.958254e-07
1157 4.624212e-07
1158 3.340351e-07
1159 2.509506e-07
1160 1.465295e-07
1161 9.021925e-08
1162 5.180077e-08
1163 3.043750e-08
1164 1.885873e-08
1165 0.000000e+00
1166 0.000000e+00
1167 0.000000e+00
1168 0.000000e+00
1169 0.000000e+00
1170 7.283846e-07
1171 6.679733e-07
1172 5.186008e-07
1173 3.745984e-07
1174 2.814577e-07
1175 1.644239e-07
1176 1.012585e-07
1177 5.812754e-08
1178 3.414473e-08
1179 2.115149e-08
1180 0.000000e+00
1181 0.000000e+00
1182 0.000000e+00
1183 0.000000e+00
1184 0.000000e+00
1185 1.316364e-07
1186 1.299343e-07
1187 1.092634e-07
1188 7.981560e-08
1189 5.929427e-08
1190 4.029993e-08
1191 2.378152e-08
1192 1.354959e-08
1193 7.832981e-09
1194 4.628716e-09
1195 2.899444e-09
1196 0.000000e+00
1197 0.000000e+00
1198 0.000000e+00
1199 0.000000e+00
1200 2.300141e-07
1201 2.276912e-07
1202 1.921925e-07
1203 1.406414e-07
1204 1.043082e-07
1205 7.139864e-08
1206 4.192278e-08
1207 2.391936e-08
1208 1.384663e-08
1209 8.167484e-09
1210 5.105505e-09
1211 0.000000e+00
1212 0.000000e+00
1213 0.000000e+00
1214 0.000000e+00
1215 3.123231e-07
1216 3.095005e-07
1217 2.616147e-07
1218 1.915693e-07
1219 1.419926e-07
1220 9.744470e-08
1221 5.711209e-08
1222 3.260330e-08
1223 1.888242e-08
1224 1.113064e-08
1225 6.952517e-09
1226 0.000000e+00
1227 0.000000e+00
1228 0.000000e+00
1229 0.000000e+00
1230 3.831935e-07
1231 3.799432e-07
1232 3.213903e-07
1233 2.354215e-07
1234 1.744400e-07
1235 1.198757e-07
1236 7.019122e-08
1237 4.008120e-08
1238 2.321897e-08
1239 1.368230e-08
1240 8.542871e-09
1241 0.000000e+00
1242 0.000000e+00
1243 0.000000e+00
1244 0.000000e+00
1245 4.503977e-07
1246 4.467362e-07
1247 3.780737e-07
1248 2.770046e-07
1249 2.052095e-07
1250 1.411454e-07
1251 8.259382e-08
1252 4.717229e-08
1253 2.733118e-08
1254 1.610194e-08
1255 1.005098e-08
1256 0.000000e+00
1257 0.000000e+00
1258 0.000000e+00
1259 0.000000e+00
1260 5.288015e-07
1261 5.246659e-07
1262 4.442070e-07
1263 3.255223e-07
1264 2.411084e-07
1265 1.659601e-07
1266 9.706421e-08
1267 5.544503e-08
1268 3.212871e-08
1269 1.892488e-08
1270 1.181051e-08
1271 0.000000e+00
1272 0.000000e+00
1273 0.000000e+00
1274 0.000000e+00
1275 9.418921e-08
1276 9.807148e-08
1277 8.874744e-08
1278 6.789334e-08
1279 4.907664e-08
1280 3.676077e-08
1281 2.077067e-08
1282 1.254349e-08
1283 7.087646e-09
1284 4.093777e-09
1285 2.450867e-09
1286 0.000000e+00
1287 0.000000e+00
1288 0.000000e+00
1289 0.000000e+00
1290 1.734276e-07
1291 1.809588e-07
1292 1.642707e-07
1293 1.260192e-07
1294 9.103386e-08
1295 6.829674e-08
1296 3.870138e-08
1297 2.344965e-08
1298 1.321995e-08
1299 7.617044e-09
1300 4.551066e-09
1301 0.000000e+00
1302 0.000000e+00
1303 0.000000e+00
1304 0.000000e+00
1305 2.424635e-07
1306 2.531893e-07
1307 2.301014e-07
1308 1.766983e-07
1309 1.276148e-07
1310 9.579447e-08
1311 5.434250e-08
1312 3.296556e-08
1313 1.856968e-08
1314 1.068970e-08
1315 6.382327e-09
1316 0.000000e+00
1317 0.000000e+00
1318 0.000000e+00
1319 0.000000e+00
1320 3.078577e-07
1321 3.216065e-07
1322 2.924568e-07
1323 2.247029e-07
1324 1.622652e-07
1325 1.218404e-07
1326 6.915697e-08
1327 4.197839e-08
1328 2.363663e-08
1329 1.359998e-08
1330 8.116900e-09
1331 0.000000e+00
1332 0.000000e+00
1333 0.000000e+00
1334 0.000000e+00
1335 3.841561e-07
1336 4.014323e-07
1337 3.652105e-07
1338 2.807097e-07
1339 2.026908e-07
1340 1.522281e-07
1341 8.644124e-08
1342 5.249408e-08
1343 2.954836e-08
1344 1.699550e-08
1345 1.014064e-08
1346 0.000000e+00
1347 0.000000e+00
1348 0.000000e+00
1349 0.000000e+00
1350 7.235586e-08
1351 7.831764e-08
1352 7.509969e-08
1353 6.085777e-08
1354 4.390467e-08
1355 3.309849e-08
1356 2.067450e-08
1357 1.267621e-08
1358 7.037424e-09
1359 3.875125e-09
1360 2.239728e-09
1361 1.362104e-09
1362 0.000000e+00
1363 0.000000e+00
1364 0.000000e+00
1365 1.384418e-07
1366 1.500983e-07
1367 1.442979e-07
1368 1.172849e-07
1369 8.466888e-08
1370 6.376726e-08
1371 4.010613e-08
1372 2.451710e-08
1373 1.361398e-08
1374 7.500297e-09
1375 4.324898e-09
1376 2.624376e-09
1377 0.000000e+00
1378 0.000000e+00
1379 0.000000e+00
1380 2.010031e-07
1381 2.180563e-07
1382 2.098198e-07
1383 1.707216e-07
1384 1.232755e-07
1385 9.281020e-08
1386 5.851418e-08
1387 3.573215e-08
1388 1.984300e-08
1389 1.093430e-08
1390 6.299816e-09
1391 3.819753e-09
1392 0.000000e+00
1393 0.000000e+00
1394 0.000000e+00
1395 2.739546e-07
1396 2.973002e-07
1397 2.862206e-07
1398 2.330303e-07
1399 1.682909e-07
1400 1.266749e-07
1401 7.997821e-08
1402 4.880901e-08
1403 2.710609e-08
1404 1.493828e-08
1405 8.602574e-09
1406 5.213599e-09
1407 0.000000e+00
1408 0.000000e+00
1409 0.000000e+00
1410 5.885238e-08
1411 6.568169e-08
1412 6.598163e-08
1413 5.667376e-08
1414 4.177282e-08
1415 3.076779e-08
1416 2.167386e-08
1417 1.236677e-08
1418 6.962000e-09
1419 3.939487e-09
1420 2.191315e-09
1421 1.278041e-09
1422 0.000000e+00
1423 0.000000e+00
1424 0.000000e+00
1425 1.179153e-07
1426 1.317869e-07
1427 1.326780e-07
1428 1.143041e-07
1429 8.439728e-08
1430 6.208297e-08
1431 4.394590e-08
1432 2.499071e-08
1433 1.409985e-08
1434 7.977266e-09
1435 4.434874e-09
1436 2.581329e-09
1437 0.000000e+00
1438 0.000000e+00
1439 0.000000e+00
1440 1.864659e-07
1441 2.085133e-07
1442 2.100928e-07
1443 1.811975e-07
1444 1.338744e-07
1445 9.843172e-08
1446 6.979941e-08
1447 3.964442e-08
1448 2.238585e-08
1449 1.266432e-08
1450 7.039246e-09
1451 4.094128e-09
1452 0.000000e+00
1453 0.000000e+00
1454 0.000000e+00
1455 5.129171e-08
1456 5.877785e-08
1457 6.143678e-08
1458 5.581970e-08
1459 4.280637e-08
1460 3.091738e-08
1461 2.322175e-08
1462 1.301848e-08
1463 7.786695e-09
1464 4.266248e-09
1465 2.351953e-09
1466 1.313268e-09
1467 0.000000e+00
1468 0.000000e+00
1469 0.000000e+00
1470 1.144183e-07
1471 1.312916e-07
1472 1.375004e-07
1473 1.252949e-07
1474 9.633714e-08
1475 6.954072e-08
1476 5.230450e-08
1477 2.941265e-08
1478 1.765429e-08
1479 9.654139e-09
1480 5.309451e-09
1481 2.958532e-09
1482 0.000000e+00
1483 0.000000e+00
1484 0.000000e+00
1485 5.361352e-08
1486 6.299833e-08
1487 6.830731e-08
1488 6.557717e-08
1489 5.317125e-08
1490 3.836615e-08
1491 2.894321e-08
1492 1.799624e-08
1493 1.095211e-08
1494 5.943280e-09
1495 3.130369e-09
1496 1.688922e-09
1497 9.405421e-10
1498 0.000000e+00
1499 0.000000e+00
1500 1.109684e-04
1501 8.086786e-05
1502 6.035546e-05
1503 3.805236e-05
1504 2.321989e-05
1505 1.369104e-05
1506 8.324421e-06
1507 5.304277e-06
1508 3.565556e-06
1509 0.000000e+00
1510 0.000000e+00
1511 0.000000e+00
1512 0.000000e+00
1513 0.000000e+00
1514 0.000000e+00
1515 5.757601e-05
1516 4.644359e-05
1517 3.369791e-05
1518 2.528332e-05
1519 1.597668e-05
1520 9.754545e-06
1521 5.648866e-06
1522 3.364481e-06
1523 2.093966e-06
1524 1.379138e-06
1525 0.000000e+00
1526 0.000000e+00
1527 0.000000e+00
1528 0.000000e+00
1529 0.000000e+00
1530 4.047788e-05
1531 3.713775e-05
1532 2.882267e-05
1533 2.080348e-05
1534 1.566222e-05
1535 9.111532e-06
1536 5.625604e-06
1537 3.225263e-06
1538 1.896511e-06
1539 1.174730e-06
1540 0.000000e+00
1541 0.000000e+00
1542 0.000000e+00
1543 0.000000e+00
1544 0.000000e+00
1545 2.912801e-05
1546 2.891312e-05
1547 2.448503e-05
1548 1.793535e-05
1549 1.328396e-05
1550 9.154542e-06
1551 5.351144e-06
1552 3.053081e-06
1553 1.771954e-06
1554 1.042590e-06
1555 6.506122e-07
1556 0.000000e+00
1557 0.000000e+00
1558 0.000000e+00
1559 0.000000e+00
1560 2.085098e-05
1561 2.179680e-05
1562 1.983793e-05
1563 1.524768e-05
1564 1.100576e-05
1565 8.274949e-06
1566 4.689296e-06
1567 2.850415e-06
1568 1.602925e-06
1569 9.233707e-07
1570 5.506294e-07
1571 0.000000e+00
1572 0.000000e+00
1573 0.000000e+00
1574 0.000000e+00
1575 1.487210e-05
1576 1.614453e-05
1577 1.554949e-05
1578 1.266314e-05
1579 9.143013e-06
1580 6.883420e-06
1581 4.347301e-06
1582 2.655947e-06
1583 1.474901e-06
1584 8.112783e-07
1585 4.673052e-07
1586 2.832009e-07
1587 0.000000e+00
1588 0.000000e+00
1589 0.000000e+00
1590 1.001028e-05
1591 1.119728e-05
1592 1.128693e-05
1593 9.739022e-06
1594 7.195644e-06
1595 5.289411e-06
1596 3.755371e-06
1597 2.130464e-06
1598 1.202339e-06
1599 6.811759e-07
1600 3.783133e-07
1601 2.200058e-07
1602 0.000000e+00
1603 0.000000e+00
1604 0.000000e+00
1605 6.201116e-06
1606 7.118100e-06
1607 7.458527e-06
1608 6.801106e-06
1609 5.231433e-06
1610 3.775220e-06
1611 2.841823e-06
1612 1.597077e-06
1613 9.596537e-07
1614 5.242846e-07
1615 2.885232e-07
1616 1.606418e-07
1617 0.000000e+00
1618 0.000000e+00
1619 0.000000e+00
1620 3.163407e-06
1621 3.720115e-06
1622 4.038202e-06
1623 3.883392e-06
1624 3.154630e-06
1625 2.276770e-06
1626 1.716871e-06
1627 1.071974e-06
1628 6.518364e-07
1629 3.538249e-07
1630 1.861971e-07
1631 1.003484e-07
1632 5.578990e-08
1633 0.000000e+00
1634 0.000000e+00
1635 8.891198e-07
1636 1.072208e-06
1637 1.206146e-06
1638 1.224576e-06
1639 1.066696e-06
1640 7.933436e-07
1641 5.815894e-07
1642 4.169104e-07
1643 2.343421e-07
1644 1.314261e-07
1645 7.164692e-08
1646 3.730540e-08
1647 1.958823e-08
1648 0.000000e+00
1649 0.000000e+00
