0 2.131320e-09
1 1.381231e-09
2 8.674662e-10
3 5.471414e-10
4 3.523888e-10
5 2.323321e-10
6 1.546033e-10
7 1.014261e-10
8 6.409219e-11
9 3.834219e-11
10 2.151248e-11
11 1.131202e-11
12 5.615876e-12
13 2.663191e-12
14 1.221597e-12
15 3.641147e-09
16 2.414870e-09
17 1.530384e-09
18 9.538150e-10
19 6.041689e-10
20 3.921838e-10
21 2.599088e-10
22 1.723915e-10
23 1.115956e-10
24 6.900234e-11
25 4.014916e-11
26 2.186054e-11
27 1.117391e-11
28 5.415881e-12
29 2.520730e-12
30 4.132019e-09
31 2.757154e-09
32 1.755078e-09
33 1.091594e-09
34 6.888220e-10
35 4.449950e-10
36 2.941834e-10
37 1.954127e-10
38 1.271192e-10
39 7.918852e-11
40 4.649731e-11
41 2.555269e-11
42 1.316535e-11
43 6.419907e-12
44 3.000274e-12
45 4.404748e-09
46 2.947198e-09
47 1.879710e-09
48 1.167982e-09
49 7.357469e-10
50 4.743054e-10
51 3.132746e-10
52 2.081633e-10
53 1.357309e-10
54 8.483439e-11
55 5.000610e-11
56 2.758460e-11
57 1.426189e-11
58 6.972399e-12
59 3.263945e-12
60 4.587438e-09
61 3.074546e-09
62 1.963027e-09
63 1.219093e-09
64 7.671356e-10
65 4.939723e-10
66 3.260709e-10
67 2.167511e-10
68 1.414907e-10
69 8.862447e-11
70 5.237228e-11
71 2.895999e-11
72 1.499888e-11
73 7.342066e-12
74 3.440974e-12
75 4.724506e-09
76 3.170036e-09
77 2.025737e-09
78 1.257432e-09
79 7.907418e-10
80 5.087301e-10
81 3.356655e-10
82 2.231847e-10
83 1.458662e-10
84 9.148953e-11
85 5.413921e-11
86 2.998429e-11
87 1.555206e-11
88 7.621383e-12
89 3.573749e-12
90 4.836047e-09
91 3.247686e-09
92 2.076666e-09
93 1.288897e-09
94 8.100307e-10
95 5.207171e-10
96 3.434744e-10
97 2.284190e-10
98 1.494044e-10
99 9.380457e-11
100 5.558842e-11
101 3.082343e-11
102 1.600385e-11
103 7.848008e-12
104 3.681861e-12
105 4.933749e-09
106 3.315314e-09
107 2.121456e-09
108 1.316290e-09
109 8.267759e-10
110 5.312115e-10
111 3.502732e-10
112 2.329876e-10
113 1.524109e-10
114 9.578256e-11
115 5.681243e-11
116 3.154808e-11
117 1.639687e-11
118 8.046130e-12
119 3.773136e-12
120 5.026639e-09
121 3.380439e-09
122 2.164086e-09
123 1.342302e-09
124 8.427712e-10
125 5.411682e-10
126 3.567124e-10
127 2.373351e-10
128 1.554012e-10
129 9.774334e-11
130 5.804401e-11
131 3.224652e-11
132 1.677082e-11
133 8.234785e-12
134 3.866290e-12
135 5.132135e-09
136 3.453483e-09
137 2.212674e-09
138 1.372178e-09
139 8.610503e-10
140 5.526588e-10
141 3.641972e-10
142 2.422767e-10
143 1.587703e-10
144 9.997587e-11
145 5.942291e-11
146 3.304729e-11
147 1.720264e-11
148 8.450236e-12
149 3.969220e-12
150 7.863889e-09
151 5.409137e-09
152 3.549074e-09
153 2.213525e-09
154 1.373104e-09
155 8.660760e-10
156 5.622356e-10
157 3.723703e-10
158 2.462557e-10
159 1.584647e-10
160 9.708150e-11
161 5.586028e-11
162 3.005039e-11
163 1.518058e-11
164 7.281150e-12
165 9.904135e-09
166 6.896448e-09
167 4.590326e-09
168 2.891749e-09
169 1.783729e-09
170 1.115837e-09
171 7.167216e-10
172 4.717305e-10
173 3.125149e-10
174 2.030031e-10
175 1.263201e-10
176 7.408719e-11
177 4.064800e-11
178 2.089852e-11
179 1.016181e-11
180 1.106973e-08
181 7.747437e-09
182 5.185711e-09
183 3.281699e-09
184 2.020023e-09
185 1.259996e-09
186 8.054349e-10
187 5.286800e-10
188 3.504123e-10
189 2.284775e-10
190 1.430582e-10
191 8.453594e-11
192 4.674437e-11
193 2.420189e-11
194 1.183183e-11
195 1.185184e-08
196 8.319650e-09
197 5.586191e-09
198 3.543946e-09
199 2.179090e-09
200 1.356762e-09
201 8.649275e-10
202 5.670234e-10
203 3.758859e-10
204 2.456114e-10
205 1.543152e-10
206 9.157165e-11
207 5.085126e-11
208 2.642572e-11
209 1.295490e-11
210 1.243709e-08
211 8.747236e-09
212 5.885960e-09
213 3.739342e-09
214 2.298103e-09
215 1.429113e-09
216 9.095006e-10
217 5.956331e-10
218 3.949187e-10
219 2.583863e-10
220 1.627012e-10
221 9.681746e-11
222 5.391265e-11
223 2.807909e-11
224 1.379554e-11
225 1.291312e-08
226 9.094487e-09
227 6.128346e-09
228 3.898884e-09
229 2.394081e-09
230 1.487837e-09
231 9.455859e-10
232 6.188054e-10
233 4.103337e-10
234 2.687591e-10
235 1.695280e-10
236 1.010639e-10
237 5.638607e-11
238 2.942304e-11
239 1.447176e-11
240 1.332549e-08
241 9.395798e-09
242 6.339793e-09
243 4.037515e-09
244 2.478365e-09
245 1.539101e-09
246 9.770226e-10
247 6.389330e-10
248 4.238117e-10
249 2.778186e-10
250 1.754740e-10
251 1.047798e-10
252 5.855888e-11
253 3.059809e-11
254 1.506072e-11
255 1.372081e-08
256 9.683991e-09
257 6.542084e-09
258 4.170354e-09
259 2.558385e-09
260 1.587744e-09
261 1.007067e-09
262 6.582038e-10
263 4.366535e-10
264 2.864426e-10
265 1.811411e-10
266 1.083261e-10
267 6.062459e-11
268 3.171407e-11
269 1.562875e-11
270 1.417799e-08
271 1.001831e-08
272 6.775924e-09
273 4.322812e-09
274 2.650715e-09
275 1.644442e-09
276 1.042114e-09
277 6.806807e-10
278 4.515057e-10
279 2.964357e-10
280 1.877260e-10
281 1.124390e-10
282 6.301643e-11
283 3.301095e-11
284 1.628332e-11
285 1.359501e-08
286 9.665035e-09
287 6.561611e-09
288 4.231218e-09
289 2.605668e-09
290 1.614350e-09
291 1.018178e-09
292 6.608318e-10
293 4.361260e-10
294 2.858759e-10
295 1.814699e-10
296 1.093940e-10
297 6.190593e-11
298 3.279264e-11
299 1.634728e-11
300 1.598333e-08
301 1.148998e-08
302 7.870343e-09
303 5.132916e-09
304 3.171863e-09
305 1.955473e-09
306 1.223585e-09
307 7.881590e-10
308 5.183297e-10
309 3.405818e-10
310 2.179103e-10
311 1.329356e-10
312 7.629788e-11
313 4.099912e-11
314 2.069704e-11
315 1.760001e-08
316 1.272930e-08
317 8.759876e-09
318 5.747341e-09
319 3.559151e-09
320 2.187973e-09
321 1.363935e-09
322 8.750567e-10
323 5.743394e-10
324 3.777967e-10
325 2.426943e-10
326 1.489609e-10
327 8.610844e-11
328 4.660170e-11
329 2.367125e-11
330 1.881306e-08
331 1.365843e-08
332 9.424389e-09
333 6.204903e-09
334 3.848460e-09
335 2.361719e-09
336 1.468679e-09
337 9.399972e-10
338 6.162954e-10
339 4.056542e-10
340 2.612279e-10
341 1.609418e-10
342 9.344351e-11
343 5.079123e-11
344 2.589533e-11
345 1.979587e-08
346 1.441048e-08
347 9.965155e-09
348 6.578385e-09
349 4.082876e-09
350 2.502706e-09
351 1.553567e-09
352 9.925822e-10
353 6.501440e-10
354 4.281596e-10
355 2.762459e-10
356 1.706502e-10
357 9.938275e-11
358 5.418369e-11
359 2.769610e-11
360 2.065237e-08
361 1.506745e-08
362 1.043673e-08
363 6.902285e-09
364 4.287069e-09
365 2.625653e-09
366 1.627547e-09
367 1.038410e-09
368 6.797079e-10
369 4.478355e-10
370 2.893378e-10
371 1.791137e-10
372 1.045626e-10
373 5.713867e-11
374 2.926390e-11
375 2.146307e-08
376 1.568821e-08
377 1.088162e-08
378 7.209887e-09
379 4.480327e-09
380 2.742000e-09
381 1.697694e-09
382 1.081816e-09
383 7.077180e-10
384 4.664638e-10
385 3.017568e-10
386 1.871382e-10
387 1.094718e-10
388 5.994084e-11
389 3.075072e-11
390 2.241190e-08
391 1.641592e-08
392 1.140307e-08
393 7.569588e-09
394 4.707270e-09
395 2.878827e-09
396 1.780168e-09
397 1.132918e-09
398 7.405516e-10
399 4.883277e-10
400 3.163167e-10
401 1.965543e-10
402 1.152363e-10
403 6.322688e-11
404 3.249564e-11
405 1.963072e-08
406 1.437838e-08
407 9.974612e-09
408 6.610743e-09
409 4.135174e-09
410 2.532250e-09
411 1.570464e-09
412 9.989039e-10
413 6.513877e-10
414 4.279012e-10
415 2.760717e-10
416 1.710143e-10
417 1.001233e-10
418 5.497937e-11
419 2.832630e-11
420 2.227638e-08
421 1.650441e-08
422 1.153751e-08
423 7.710229e-09
424 4.863900e-09
425 2.969713e-09
426 1.833959e-09
427 1.157882e-09
428 7.508500e-10
429 4.926576e-10
430 3.190542e-10
431 1.992065e-10
432 1.178767e-10
433 6.549971e-11
434 3.413592e-11
435 2.425681e-08
436 1.810103e-08
437 1.270888e-08
438 8.536889e-09
439 5.411306e-09
440 3.298476e-09
441 2.032455e-09
442 1.277380e-09
443 8.257571e-10
444 5.413606e-10
445 3.513763e-10
446 2.204055e-10
447 1.312295e-10
448 7.341760e-11
449 3.851128e-11
450 2.587185e-08
451 1.939455e-08
452 1.366144e-08
453 9.207537e-09
454 5.854768e-09
455 3.565508e-09
456 2.192924e-09
457 1.374283e-09
458 8.861868e-10
459 5.807907e-10
460 3.775488e-10
461 2.375714e-10
462 1.420408e-10
463 7.982569e-11
464 4.205176e-11
465 2.727453e-08
466 2.052423e-08
467 1.449149e-08
468 9.789982e-09
469 6.241386e-09
470 3.798245e-09
471 2.332672e-09
472 1.458682e-09
473 9.390912e-10
474 6.151851e-10
475 4.003693e-10
476 2.525400e-10
477 1.514689e-10
478 8.541561e-11
479 4.513975e-11
480 2.860169e-08
481 2.158858e-08
482 1.527653e-08
483 1.034198e-08
484 6.607860e-09
485 4.018010e-09
486 2.465290e-09
487 1.538368e-09
488 9.890209e-10
489 6.477127e-10
490 4.219857e-10
491 2.667156e-10
492 1.603945e-10
493 9.070088e-11
494 4.805866e-11
495 3.015506e-08
496 2.283657e-08
497 1.619316e-08
498 1.098810e-08
499 7.035429e-09
500 4.275017e-09
501 2.620068e-09
502 1.631796e-09
503 1.047443e-09
504 6.857460e-10
505 4.472204e-10
506 2.832491e-10
507 1.708189e-10
508 9.688454e-11
509 5.147470e-11
510 2.598495e-08
511 1.958987e-08
512 1.385588e-08
513 9.358280e-09
514 5.986655e-09
515 3.655225e-09
516 2.245889e-09
517 1.402800e-09
518 9.012108e-10
519 5.888465e-10
520 3.824019e-10
521 2.409316e-10
522 1.445440e-10
523 8.165841e-11
524 4.329234e-11
525 2.888834e-08
526 2.202887e-08
527 1.570356e-08
528 1.067662e-08
529 6.889090e-09
530 4.212564e-09
531 2.579757e-09
532 1.600769e-09
533 1.022375e-09
534 6.658329e-10
535 4.328735e-10
536 2.741371e-10
537 1.658161e-10
538 9.461724e-11
539 5.069078e-11
540 3.124392e-08
541 2.400721e-08
542 1.720188e-08
543 1.174743e-08
544 7.620987e-09
545 4.665818e-09
546 2.850219e-09
547 1.761504e-09
548 1.120406e-09
549 7.282676e-10
550 4.738035e-10
551 3.010651e-10
552 1.830666e-10
553 1.051259e-10
554 5.669106e-11
555 3.329461e-08
556 2.573017e-08
557 1.850868e-08
558 1.267812e-08
559 8.258374e-09
560 5.059238e-09
561 3.085822e-09
562 1.901480e-09
563 1.205971e-09
564 7.826122e-10
565 5.094374e-10
566 3.245100e-10
567 1.980859e-10
568 1.142744e-10
569 6.191374e-11
570 3.523942e-08
571 2.736464e-08
572 1.974824e-08
573 1.356223e-08
574 8.864060e-09
575 5.433441e-09
576 3.309620e-09
577 2.034251e-09
578 1.287151e-09
579 8.342439e-10
580 5.432865e-10
581 3.467779e-10
582 2.123499e-10
583 1.229638e-10
584 6.687482e-11
585 3.751856e-08
586 2.927484e-08
587 2.119623e-08
588 1.459452e-08
589 9.569043e-09
590 5.869452e-09
591 3.570411e-09
592 2.188940e-09
593 1.381701e-09
594 8.943610e-10
595 5.827059e-10
596 3.727194e-10
597 2.289700e-10
598 1.330869e-10
599 7.265374e-11
600 3.276207e-08
601 2.539099e-08
602 1.831905e-08
603 1.256329e-08
604 8.201561e-09
605 5.048293e-09
606 3.075958e-09
607 1.894243e-09
608 1.198756e-09
609 7.759625e-10
610 5.041380e-10
611 3.209167e-10
612 1.960369e-10
613 1.133391e-10
614 6.161934e-11
615 3.599447e-08
616 2.821439e-08
617 2.052984e-08
618 1.416570e-08
619 9.317893e-09
620 5.765768e-09
621 3.501317e-09
622 2.146575e-09
623 1.349773e-09
624 8.697444e-10
625 5.645479e-10
626 3.604667e-10
627 2.215914e-10
628 1.292119e-10
629 7.092831e-11
630 3.881159e-08
631 3.067615e-08
632 2.245988e-08
633 1.556114e-08
634 1.029142e-08
635 6.391142e-09
636 3.872366e-09
637 2.366615e-09
638 1.481659e-09
639 9.514984e-10
640 6.172073e-10
641 3.949461e-10
642 2.438705e-10
643 1.430506e-10
644 7.904458e-11
645 4.147970e-08
646 3.300822e-08
647 2.428769e-08
648 1.688552e-08
649 1.121405e-08
650 6.983980e-09
651 4.223701e-09
652 2.575324e-09
653 1.606492e-09
654 1.028967e-09
655 6.671191e-10
656 4.276267e-10
657 2.649859e-10
658 1.561660e-10
659 8.673527e-11
660 4.460529e-08
661 3.573239e-08
662 2.642306e-08
663 1.843042e-08
664 1.228985e-08
665 7.675620e-09
666 4.633964e-09
667 2.818433e-09
668 1.752087e-09
669 1.119344e-09
670 7.253237e-10
671 4.657446e-10
672 2.896185e-10
673 1.714655e-10
674 9.570766e-11
675 4.018027e-08
676 3.198516e-08
677 2.357015e-08
678 1.639975e-08
679 1.089133e-08
680 6.807316e-09
681 4.120285e-09
682 2.514629e-09
683 1.566770e-09
684 1.001730e-09
685 6.481585e-10
686 4.147552e-10
687 2.567652e-10
688 1.513264e-10
689 8.415122e-11
690 4.391676e-08
691 3.536235e-08
692 2.631434e-08
693 1.842269e-08
694 1.231806e-08
695 7.756042e-09
696 4.687176e-09
697 2.851738e-09
698 1.765065e-09
699 1.121818e-09
700 7.238817e-10
701 4.638044e-10
702 2.885119e-10
703 1.713076e-10
704 9.612307e-11
705 4.744780e-08
706 3.856544e-08
707 2.890962e-08
708 2.034202e-08
709 1.367049e-08
710 8.655611e-09
711 5.224538e-09
712 3.170988e-09
713 1.952953e-09
714 1.235598e-09
715 7.956665e-10
716 5.102814e-10
717 3.185905e-10
718 1.902385e-10
719 1.074699e-10
720 5.158114e-08
721 4.230743e-08
722 3.193475e-08
723 2.257812e-08
724 1.524580e-08
725 9.704187e-09
726 5.851108e-09
727 3.543540e-09
728 2.171875e-09
729 1.368299e-09
730 8.792857e-10
731 5.644354e-10
732 3.536429e-10
733 2.122982e-10
734 1.206921e-10
735 4.868918e-08
736 3.981579e-08
737 3.003234e-08
738 2.122828e-08
739 1.431281e-08
740 9.114930e-09
741 5.514353e-09
742 3.342165e-09
743 2.050179e-09
744 1.291572e-09
745 8.288114e-10
746 5.308369e-10
747 3.317674e-10
748 1.987341e-10
749 1.128224e-10
750 5.330365e-08
751 4.413821e-08
752 3.366964e-08
753 2.398133e-08
754 1.627369e-08
755 1.045347e-08
756 6.335388e-09
757 3.827540e-09
758 2.332517e-09
759 1.459250e-09
760 9.320083e-10
761 5.964982e-10
762 3.740399e-10
763 2.255314e-10
764 1.291661e-10
765 5.869492e-08
766 4.918911e-08
767 3.790404e-08
768 2.719054e-08
769 1.856134e-08
770 1.201601e-08
771 7.294533e-09
772 4.394831e-09
773 2.661986e-09
774 1.654974e-09
775 1.052394e-09
776 6.730998e-10
777 4.233565e-10
778 2.567915e-10
779 1.482328e-10
780 5.925815e-08
781 4.988383e-08
782 3.865991e-08
783 2.786417e-08
784 1.907229e-08
785 1.239721e-08
786 7.566995e-09
787 4.550491e-09
788 2.751894e-09
789 1.704184e-09
790 1.079322e-09
791 6.883723e-10
792 4.325957e-10
793 2.627110e-10
794 1.521155e-10
795 6.635340e-08
796 5.675837e-08
797 4.465904e-08
798 3.256219e-08
799 2.247127e-08
800 1.476158e-08
801 9.077989e-09
802 5.437520e-09
803 3.267699e-09
804 2.004135e-09
805 1.258805e-09
806 7.997234e-10
807 5.032795e-10
808 3.075053e-10
809 1.797777e-10
810 7.616355e-08
811 6.661148e-08
812 5.365225e-08
813 3.989885e-08
814 2.790252e-08
815 1.859429e-08
816 1.163240e-08
817 6.950417e-09
818 4.152598e-09
819 2.508584e-09
820 1.551327e-09
821 9.752423e-10
822 6.119719e-10
823 3.757062e-10
824 2.221213e-10
825 5.020891e-07
826 3.667170e-07
827 2.717219e-07
828 1.690011e-07
829 1.029779e-07
830 6.100949e-08
831 3.725650e-08
832 2.390730e-08
833 1.614164e-08
834 0.000000e+00
835 0.000000e+00
836 0.000000e+00
837 0.000000e+00
838 0.000000e+00
839 0.000000e+00
840 7.609319e-07
841 5.559283e-07
842 4.123773e-07
843 2.596198e-07
844 1.577735e-07
845 9.335178e-08
846 5.689408e-08
847 3.636487e-08
848 2.448119e-08
849 0.000000e+00
850 0.000000e+00
851 0.000000e+00
852 0.000000e+00
853 0.000000e+00
854 0.000000e+00
855 9.034708e-07
856 6.601393e-07
857 4.898343e-07
858 3.095543e-07
859 1.879543e-07
860 1.111685e-07
861 6.771198e-08
862 4.322638e-08
863 2.907417e-08
864 0.000000e+00
865 0.000000e+00
866 0.000000e+00
867 0.000000e+00
868 0.000000e+00
869 0.000000e+00
870 9.993278e-07
871 7.302182e-07
872 5.419243e-07
873 3.431341e-07
874 2.082519e-07
875 1.231503e-07
876 7.498702e-08
877 4.784112e-08
878 3.216291e-08
879 0.000000e+00
880 0.000000e+00
881 0.000000e+00
882 0.000000e+00
883 0.000000e+00
884 0.000000e+00
885 1.071193e-06
886 7.827614e-07
887 5.809742e-07
888 3.683088e-07
889 2.234694e-07
890 1.321335e-07
891 8.044121e-08
892 5.130076e-08
893 3.447879e-08
894 0.000000e+00
895 0.000000e+00
896 0.000000e+00
897 0.000000e+00
898 0.000000e+00
899 0.000000e+00
900 1.129439e-06
901 8.253442e-07
902 6.126261e-07
903 3.887123e-07
904 2.358020e-07
905 1.394142e-07
906 8.486152e-08
907 5.410480e-08
908 3.635564e-08
909 0.000000e+00
910 0.000000e+00
911 0.000000e+00
912 0.000000e+00
913 0.000000e+00
914 0.000000e+00
915 1.180268e-06
916 8.625041e-07
917 6.402459e-07
918 4.065191e-07
919 2.465652e-07
920 1.457672e-07
921 8.871918e-08
922 5.655163e-08
923 3.799350e-08
924 0.000000e+00
925 0.000000e+00
926 0.000000e+00
927 0.000000e+00
928 0.000000e+00
929 0.000000e+00
930 1.228460e-06
931 8.977376e-07
932 6.664337e-07
933 4.234011e-07
934 2.567693e-07
935 1.517905e-07
936 9.237652e-08
937 5.887147e-08
938 3.954628e-08
939 0.000000e+00
940 0.000000e+00
941 0.000000e+00
942 0.000000e+00
943 0.000000e+00
944 0.000000e+00
945 1.284683e-06
946 9.388454e-07
947 6.969857e-07
948 4.430983e-07
949 2.686743e-07
950 1.588185e-07
951 9.664394e-08
952 6.157795e-08
953 4.135810e-08
954 0.000000e+00
955 0.000000e+00
956 0.000000e+00
957 0.000000e+00
958 0.000000e+00
959 0.000000e+00
960 3.342893e-07
961 2.661085e-07
962 1.930198e-07
963 1.447631e-07
964 8.947844e-08
965 5.479238e-08
966 3.184811e-08
967 1.904477e-08
968 1.193824e-08
969 7.905762e-09
970 0.000000e+00
971 0.000000e+00
972 0.000000e+00
973 0.000000e+00
974 0.000000e+00
975 5.200891e-07
976 4.170410e-07
977 3.028070e-07
978 2.268720e-07
979 1.421828e-07
980 8.669392e-08
981 5.035429e-08
982 3.006908e-08
983 1.877604e-08
984 1.239495e-08
985 0.000000e+00
986 0.000000e+00
987 0.000000e+00
988 0.000000e+00
989 0.000000e+00
990 6.448119e-07
991 5.183991e-07
992 3.765466e-07
993 2.820115e-07
994 1.775997e-07
995 1.081223e-07
996 6.278597e-08
997 3.747519e-08
998 2.336910e-08
999 1.541004e-08
1000 0.000000e+00
1001 0.000000e+00
1002 0.000000e+00
1003 0.000000e+00
1004 0.000000e+00
1005 7.382357e-07
1006 5.943126e-07
1007 4.317715e-07
1008 3.233096e-07
1009 2.041234e-07
1010 1.241698e-07
1011 7.209649e-08
1012 4.302199e-08
1013 2.680897e-08
1014 1.766814e-08
1015 0.000000e+00
1016 0.000000e+00
1017 0.000000e+00
1018 0.000000e+00
1019 0.000000e+00
1020 8.139596e-07
1021 6.558390e-07
1022 4.765327e-07
1023 3.567807e-07
1024 2.256220e-07
1025 1.371778e-07
1026 7.964314e-08
1027 4.751755e-08
1028 2.959718e-08
1029 1.949827e-08
1030 0.000000e+00
1031 0.000000e+00
1032 0.000000e+00
1033 0.000000e+00
1034 0.000000e+00
1035 8.800254e-07
1036 7.095243e-07
1037 5.155916e-07
1038 3.859857e-07
1039 2.443794e-07
1040 1.485270e-07
1041 8.622743e-08
1042 5.144028e-08
1043 3.202995e-08
1044 2.109535e-08
1045 0.000000e+00
1046 0.000000e+00
1047 0.000000e+00
1048 0.000000e+00
1049 0.000000e+00
1050 9.426736e-07
1051 7.604327e-07
1052 5.526249e-07
1053 4.136780e-07
1054 2.621647e-07
1055 1.592896e-07
1056 9.247120e-08
1057 5.515972e-08
1058 3.433673e-08
1059 2.260959e-08
1060 0.000000e+00
1061 0.000000e+00
1062 0.000000e+00
1063 0.000000e+00
1064 0.000000e+00
1065 1.015768e-06
1066 8.198310e-07
1067 5.958365e-07
1068 4.459927e-07
1069 2.829175e-07
1070 1.718473e-07
1071 9.975607e-08
1072 5.949995e-08
1073 3.702828e-08
1074 2.437647e-08
1075 0.000000e+00
1076 0.000000e+00
1077 0.000000e+00
1078 0.000000e+00
1079 0.000000e+00
1080 1.956108e-07
1081 1.778306e-07
1082 1.369528e-07
1083 9.904288e-08
1084 7.420840e-08
1085 4.287242e-08
1086 2.627064e-08
1087 1.514997e-08
1088 8.961826e-09
1089 5.576677e-09
1090 0.000000e+00
1091 0.000000e+00
1092 0.000000e+00
1093 0.000000e+00
1094 0.000000e+00
1095 3.302177e-07
1096 3.016475e-07
1097 2.333484e-07
1098 1.686411e-07
1099 1.265557e-07
1100 7.356364e-08
1101 4.520528e-08
1102 2.600227e-08
1103 1.532152e-08
1104 9.510290e-09
1105 0.000000e+00
1106 0.000000e+00
1107 0.000000e+00
1108 0.000000e+00
1109 0.000000e+00
1110 4.306278e-07
1111 3.940341e-07
1112 3.052902e-07
1113 2.205835e-07
1114 1.656230e-07
1115 9.648062e-08
1116 5.934311e-08
1117 3.410485e-08
1118 2.006899e-08
1119 1.244630e-08
1120 0.000000e+00
1121 0.000000e+00
1122 0.000000e+00
1123 0.000000e+00
1124 0.000000e+00
1125 5.118675e-07
1126 4.687719e-07
1127 3.634880e-07
1128 2.626035e-07
1129 1.972257e-07
1130 1.150174e-07
1131 7.077884e-08
1132 4.065897e-08
1133 2.390921e-08
1134 1.482137e-08
1135 0.000000e+00
1136 0.000000e+00
1137 0.000000e+00
1138 0.000000e+00
1139 0.000000e+00
1140 5.827486e-07
1141 5.339873e-07
1142 4.142683e-07
1143 2.992682e-07
1144 2.248018e-07
1145 1.311919e-07
1146 8.075741e-08
1147 4.637790e-08
1148 2.726008e-08
1149 1.689370e-08
1150 0.000000e+00
1151 0.000000e+00
1152 0.000000e+00
1153 0.000000e+00
1154 0.000000e+00
1155 6.499630e-07
1156 5.958254e-07
1157 4.624212e-07
1158 3.340351e-07
1159 2.509506e-07
1160 1.465295e-07
1161 9.021925e-08
1162 5.180077e-08
1163 3.043750e-08
1164 1.885873e-08
1165 0.000000e+00
1166 0.000000e+00
1167 0.000000e+00
1168 0.000000e+00
1169 0.000000e+00
1170 7.283846e-07
1171 6.679733e-07
1172 5.186008e-07
1173 3.745984e-07
1174 2.814577e-07
1175 1.644239e-07
1176 1.012585e-07
1177 5.812754e-08
1178 3.414473e-08
1179 2.115149e-08
1180 0.000000e+00
1181 0.000000e+00
1182 0.000000e+00
1183 0.000000e+00
1184 0.000000e+00
1185 1.295370e-07
1186 1.278254e-07
1187 1.074497e-07
1188 7.847619e-08
1189 5.830925e-08
1190 3.960204e-08
1191 2.338156e-08
1192 1.331966e-08
1193 7.699076e-09
1194 4.550387e-09
1195 2.850984e-09
1196 0.000000e+00
1197 0.000000e+00
1198 0.000000e+00
1199 0.000000e+00
1200 2.309220e-07
1201 2.285877e-07
1202 1.929466e-07
1203 1.411920e-07
1204 1.047175e-07
1205 7.167701e-08
1206 4.208693e-08
1207 2.401293e-08
1208 1.390070e-08
1209 8.199444e-09
1210 5.125515e-09
1211 0.000000e+00
1212 0.000000e+00
1213 0.000000e+00
1214 0.000000e+00
1215 3.123229e-07
1216 3.095003e-07
1217 2.616145e-07
1218 1.915692e-07
1219 1.419925e-07
1220 9.744463e-08
1221 5.711206e-08
1222 3.260328e-08
1223 1.888241e-08
1224 1.113063e-08
1225 6.952513e-09
1226 0.000000e+00
1227 0.000000e+00
1228 0.000000e+00
1229 0.000000e+00
1230 3.831935e-07
1231 3.799432e-07
1232 3.213903e-07
1233 2.354215e-07
1234 1.744400e-07
1235 1.198757e-07
1236 7.019122e-08
1237 4.008120e-08
1238 2.321897e-08
1239 1.368230e-08
1240 8.542871e-09
1241 0.000000e+00
1242 0.000000e+00
1243 0.000000e+00
1244 0.000000e+00
1245 4.503977e-07
1246 4.467362e-07
1247 3.780737e-07
1248 2.770046e-07
1249 2.052095e-07
1250 1.411454e-07
1251 8.259382e-08
1252 4.717229e-08
1253 2.733118e-08
1254 1.610194e-08
1255 1.005098e-08
1256 0.000000e+00
1257 0.000000e+00
1258 0.000000e+00
1259 0.000000e+00
1260 5.288015e-07
1261 5.246659e-07
1262 4.442070e-07
1263 3.255223e-07
1264 2.411084e-07
1265 1.659601e-07
1266 9.706421e-08
1267 5.544503e-08
1268 3.212871e-08
1269 1.892488e-08
1270 1.181051e-08
1271 0.000000e+00
1272 0.000000e+00
1273 0.000000e+00
1274 0.000000e+00
1275 9.317284e-08
1276 9.699601e-08
1277 8.775022e-08
1278 6.711438e-08
1279 4.851610e-08
1280 3.633626e-08
1281 2.052511e-08
1282 1.239167e-08
1283 7.003229e-09
1284 4.045952e-09
1285 2.422650e-09
1286 0.000000e+00
1287 0.000000e+00
1288 0.000000e+00
1289 0.000000e+00
1290 1.733751e-07
1291 1.809031e-07
1292 1.642186e-07
1293 1.259781e-07
1294 9.100465e-08
1295 6.827449e-08
1296 3.868839e-08
1297 2.344162e-08
1298 1.321546e-08
1299 7.614525e-09
1300 4.549575e-09
1301 0.000000e+00
1302 0.000000e+00
1303 0.000000e+00
1304 0.000000e+00
1305 2.424634e-07
1306 2.531893e-07
1307 2.301013e-07
1308 1.766982e-07
1309 1.276148e-07
1310 9.579445e-08
1311 5.434249e-08
1312 3.296555e-08
1313 1.856967e-08
1314 1.068970e-08
1315 6.382326e-09
1316 0.000000e+00
1317 0.000000e+00
1318 0.000000e+00
1319 0.000000e+00
1320 3.078577e-07
1321 3.216065e-07
1322 2.924568e-07
1323 2.247029e-07
1324 1.622652e-07
1325 1.218404e-07
1326 6.915697e-08
1327 4.197839e-08
1328 2.363663e-08
1329 1.359998e-08
1330 8.116900e-09
1331 0.000000e+00
1332 0.000000e+00
1333 0.000000e+00
1334 0.000000e+00
1335 3.841561e-07
1336 4.014323e-07
1337 3.652105e-07
1338 2.807097e-07
1339 2.026908e-07
1340 1.522281e-07
1341 8.644124e-08
1342 5.249408e-08
1343 2.954836e-08
1344 1.699550e-08
1345 1.014064e-08
1346 0.000000e+00
1347 0.000000e+00
1348 0.000000e+00
1349 0.000000e+00
1350 7.156901e-08
1351 7.745787e-08
1352 7.426446e-08
1353 6.017017e-08
1354 4.340682e-08
1355 3.272522e-08
1356 2.043288e-08
1357 1.253038e-08
1358 6.956395e-09
1359 3.830362e-09
1360 2.214166e-09
1361 1.346736e-09
1362 0.000000e+00
1363 0.000000e+00
1364 0.000000e+00
1365 1.384247e-07
1366 1.500795e-07
1367 1.442795e-07
1368 1.172696e-07
1369 8.465775e-08
1370 6.375895e-08
1371 4.010066e-08
1372 2.451381e-08
1373 1.361216e-08
1374 7.499280e-09
1375 4.324328e-09
1376 2.624030e-09
1377 0.000000e+00
1378 0.000000e+00
1379 0.000000e+00
1380 2.010031e-07
1381 2.180563e-07
1382 2.098198e-07
1383 1.707216e-07
1384 1.232755e-07
1385 9.281020e-08
1386 5.851418e-08
1387 3.573215e-08
1388 1.984300e-08
1389 1.093430e-08
1390 6.299816e-09
1391 3.819753e-09
1392 0.000000e+00
1393 0.000000e+00
1394 0.000000e+00
1395 2.739546e-07
1396 2.973002e-07
1397 2.862206e-07
1398 2.330303e-07
1399 1.682909e-07
1400 1.266749e-07
1401 7.997821e-08
1402 4.880901e-08
1403 2.710609e-08
1404 1.493828e-08
1405 8.602574e-09
1406 5.213599e-09
1407 0.000000e+00
1408 0.000000e+00
1409 0.000000e+00
1410 5.855105e-08
1411 6.534292e-08
1412 6.563765e-08
1413 5.637381e-08
1414 4.154972e-08
1415 3.060455e-08
1416 2.155622e-08
1417 1.230066e-08
1418 6.924459e-09
1419 3.918223e-09
1420 2.179525e-09
1421 1.271225e-09
1422 0.000000e+00
1423 0.000000e+00
1424 0.000000e+00
1425 1.179133e-07
1426 1.317846e-07
1427 1.326756e-07
1428 1.143020e-07
1429 8.439573e-08
1430 6.208184e-08
1431 4.394507e-08
1432 2.499025e-08
1433 1.409959e-08
1434 7.977117e-09
1435 4.434792e-09
1436 2.581282e-09
1437 0.000000e+00
1438 0.000000e+00
1439 0.000000e+00
1440 1.864659e-07
1441 2.085133e-07
1442 2.100928e-07
1443 1.811975e-07
1444 1.338744e-07
1445 9.843172e-08
1446 6.979941e-08
1447 3.964442e-08
1448 2.238585e-08
1449 1.266432e-08
1450 7.039246e-09
1451 4.094128e-09
1452 0.000000e+00
1453 0.000000e+00
1454 0.000000e+00
1455 5.127506e-08
1456 5.875884e-08
1457 6.141694e-08
1458 5.580179e-08
1459 4.279283e-08
1460 3.090758e-08
1461 2.321443e-08
1462 1.301445e-08
1463 7.784304e-09
1464 4.264936e-09
1465 2.351213e-09
1466 1.312854e-09
1467 0.000000e+00
1468 0.000000e+00
1469 0.000000e+00
1470 1.144183e-07
1471 1.312916e-07
1472 1.375004e-07
1473 1.252949e-07
1474 9.633715e-08
1475 6.954073e-08
1476 5.230450e-08
1477 2.941265e-08
1478 1.765429e-08
1479 9.654140e-09
1480 5.309451e-09
1481 2.958532e-09
1482 0.000000e+00
1483 0.000000e+00
1484 0.000000e+00
1485 5.365853e-08
1486 6.305195e-08
1487 6.836618e-08
1488 6.563547e-08
1489 5.321964e-08
1490 3.840128e-08
1491 2.896948e-08
1492 1.801366e-08
1493 1.096238e-08
1494 5.948874e-09
1495 3.133362e-09
1496 1.690505e-09
1497 9.413999e-10
1498 0.000000e+00
1499 0.000000e+00
1500 1.109684e-04
1501 8.086786e-05
1502 6.035546e-05
1503 3.805236e-05
1504 2.321989e-05
1505 1.369104e-05
1506 8.324421e-06
1507 5.304277e-06
1508 3.565556e-06
1509 0.000000e+00
1510 0.000000e+00
1511 0.000000e+00
1512 0.000000e+00
1513 0.000000e+00
1514 0.000000e+00
1515 5.757601e-05
1516 4.644359e-05
1517 3.369791e-05
1518 2.528332e-05
1519 1.597668e-05
1520 9.754545e-06
1521 5.648866e-06
1522 3.364481e-06
1523 2.093966e-06
1524 1.379138e-06
1525 0.000000e+00
1526 0.000000e+00
1527 0.000000e+00
1528 0.000000e+00
1529 0.000000e+00
1530 4.047788e-05
1531 3.713775e-05
1532 2.882267e-05
1533 2.080348e-05
1534 1.566222e-05
1535 9.111532e-06
1536 5.625604e-06
1537 3.225263e-06
1538 1.896511e-06
1539 1.174730e-06
1540 0.000000e+00
1541 0.000000e+00
1542 0.000000e+00
1543 0.000000e+00
1544 0.000000e+00
1545 2.912801e-05
1546 2.891312e-05
1547 2.448503e-05
1548 1.793535e-05
1549 1.328396e-05
1550 9.154542e-06
1551 5.351144e-06
1552 3.053081e-06
1553 1.771954e-06
1554 1.042590e-06
1555 6.506122e-07
1556 0.000000e+00
1557 0.000000e+00
1558 0.000000e+00
1559 0.000000e+00
1560 2.085098e-05
1561 2.179680e-05
1562 1.983793e-05
1563 1.524768e-05
1564 1.100576e-05
1565 8.274949e-06
1566 4.689296e-06
1567 2.850415e-06
1568 1.602925e-06
1569 9.233707e-07
1570 5.506294e-07
1571 0.000000e+00
1572 0.000000e+00
1573 0.000000e+00
1574 0.000000e+00
1575 1.487210e-05
1576 1.614453e-05
1577 1.554949e-05
1578 1.266314e-05
1579 9.143013e-06
1580 6.883420e-06
1581 4.347301e-06
1582 2.655947e-06
1583 1.474901e-06
1584 8.112783e-07
1585 4.673052e-07
1586 2.832009e-07
1587 0.000000e+00
1588 0.000000e+00
1589 0.000000e+00
1590 1.001028e-05
1591 1.119728e-05
1592 1.128693e-05
1593 9.739022e-06
1594 7.195644e-06
1595 5.289411e-06
1596 3.755371e-06
1597 2.130464e-06
1598 1.202339e-06
1599 6.811759e-07
1600 3.783133e-07
1601 2.200058e-07
1602 0.000000e+00
1603 0.000000e+00
1604 0.000000e+00
1605 6.201116e-06
1606 7.118100e-06
1607 7.458527e-06
1608 6.801106e-06
1609 5.231433e-06
1610 3.775220e-06
1611 2.841823e-06
1612 1.597077e-06
1613 9.596537e-07
1614 5.242846e-07
1615 2.885232e-07
1616 1.606418e-07
1617 0.000000e+00
1618 0.000000e+00
1619 0.000000e+00
1620 3.163407e-06
1621 3.720115e-06
1622 4.038202e-06
1623 3.883392e-06
1624 3.154630e-06
1625 2.276770e-06
1626 1.716871e-06
1627 1.071974e-06
1628 6.518364e-07
1629 3.538249e-07
1630 1.861971e-07
1631 1.003484e-07
1632 5.578990e-08
1633 0.000000e+00
1634 0.000000e+00
1635 8.891198e-07
1636 1.072208e-06
1637 1.206146e-06
1638 1.224576e-06
1639 1.066696e-06
1640 7.933436e-07
1641 5.815894e-07
1642 4.169104e-07
1643 2.343421e-07
1644 1.314261e-07
1645 7.164692e-08
1646 3.730540e-08
1647 1.958823e-08
1648 0.000000e+00
1649 0.000000e+00
