0 2.287181e-09
1 1.488741e-09
2 9.371453e-10
3 5.899253e-10
4 3.787973e-10
5 2.489827e-10
6 1.655072e-10
7 1.087543e-10
8 6.900978e-11
9 4.153699e-11
10 2.347520e-11
11 1.243575e-11
12 6.214491e-12
13 2.962320e-12
14 1.363743e-12
15 3.856738e-09
16 2.568967e-09
17 1.635579e-09
18 1.019713e-09
19 6.442690e-10
20 4.167354e-10
21 2.754411e-10
22 1.826197e-10
23 1.184944e-10
24 7.361721e-11
25 4.311808e-11
26 2.365545e-11
27 1.218191e-11
28 5.941961e-12
29 2.778881e-12
30 4.436824e-09
31 2.976623e-09
32 1.906593e-09
33 1.188071e-09
34 7.474376e-10
35 4.807867e-10
36 3.166102e-10
37 2.100284e-10
38 1.369244e-10
39 8.576018e-11
40 5.075965e-11
41 2.816229e-11
42 1.465202e-11
43 7.207190e-12
44 3.390919e-12
45 4.758827e-09
46 3.203153e-09
47 2.057388e-09
48 1.281903e-09
49 8.049285e-10
50 5.164593e-10
51 3.395626e-10
52 2.252250e-10
53 1.471540e-10
54 9.250167e-11
55 5.500044e-11
56 3.066185e-11
57 1.602776e-11
58 7.913265e-12
59 3.733276e-12
60 4.974742e-09
61 3.355277e-09
62 2.158503e-09
63 1.344863e-09
64 8.434866e-10
65 5.404561e-10
66 3.549771e-10
67 2.354705e-10
68 1.540108e-10
69 9.703392e-11
70 5.786383e-11
71 3.235512e-11
72 1.695393e-11
73 8.387857e-12
74 3.964204e-12
75 5.136895e-09
76 3.469131e-09
77 2.234433e-09
78 1.392029e-09
79 8.724257e-10
80 5.584486e-10
81 3.665163e-10
82 2.431321e-10
83 1.591984e-10
84 1.004519e-10
85 5.999754e-11
86 3.361295e-11
87 1.764804e-11
88 8.744269e-12
89 4.136477e-12
90 5.268161e-09
91 3.561667e-09
92 2.295911e-09
93 1.430550e-09
94 8.959846e-10
95 5.730122e-10
96 3.759082e-10
97 2.493697e-10
98 1.633980e-10
99 1.032125e-10
100 6.174539e-11
101 3.464313e-11
102 1.821281e-11
103 9.034029e-12
104 4.276997e-12
105 5.383831e-09
106 3.642612e-09
107 2.350259e-09
108 1.464303e-09
109 9.165878e-10
110 5.858272e-10
111 3.841155e-10
112 2.548297e-10
113 1.669988e-10
114 1.055926e-10
115 6.323893e-11
116 3.553826e-11
117 1.870817e-11
118 9.288203e-12
119 4.396979e-12
120 5.536445e-09
121 3.749236e-09
122 2.420594e-09
123 1.507964e-09
124 9.435093e-10
125 6.026367e-10
126 3.949458e-10
127 2.620500e-10
128 1.718728e-10
129 1.087690e-10
130 6.522442e-11
131 3.668106e-11
132 1.932641e-11
133 9.603208e-12
134 4.552238e-12
135 5.618400e-09
136 3.807621e-09
137 2.460690e-09
138 1.532972e-09
139 9.586313e-10
140 6.119507e-10
141 4.008826e-10
142 2.659151e-10
143 1.745469e-10
144 1.105864e-10
145 6.638492e-11
146 3.738058e-11
147 1.971764e-11
148 9.804511e-12
149 4.650574e-12
150 7.935579e-09
151 5.466715e-09
152 3.592985e-09
153 2.246537e-09
154 1.392866e-09
155 8.779036e-10
156 5.689842e-10
157 3.763539e-10
158 2.487887e-10
159 1.602009e-10
160 9.831415e-11
161 5.671561e-11
162 3.060543e-11
163 1.550970e-11
164 7.459130e-12
165 1.003706e-08
166 7.003553e-09
167 4.669625e-09
168 2.950840e-09
169 1.820794e-09
170 1.138219e-09
171 7.296403e-10
172 4.794262e-10
173 3.173340e-10
174 2.062112e-10
175 1.285260e-10
176 7.558622e-11
177 4.161551e-11
178 2.147648e-11
179 1.047754e-11
180 1.127999e-08
181 7.918911e-09
182 5.312464e-09
183 3.375896e-09
184 2.080466e-09
185 1.296219e-09
186 8.265243e-10
187 5.412247e-10
188 3.581978e-10
189 2.336254e-10
190 1.465727e-10
191 8.691607e-11
192 4.828437e-11
193 2.512695e-11
194 1.234288e-11
195 1.212014e-08
196 8.539140e-09
197 5.748595e-09
198 3.664405e-09
199 2.257156e-09
200 1.403491e-09
201 8.922537e-10
202 5.832147e-10
203 3.859254e-10
204 2.522084e-10
205 1.588055e-10
206 9.461197e-11
207 5.282067e-11
208 2.761290e-11
209 1.361439e-11
210 1.274993e-08
211 9.003971e-09
212 6.076029e-09
213 3.880277e-09
214 2.389573e-09
215 1.483996e-09
216 9.416557e-10
217 6.146115e-10
218 4.066617e-10
219 2.661071e-10
220 1.679476e-10
221 1.003717e-10
222 5.621490e-11
223 2.947022e-11
224 1.456612e-11
225 1.326195e-08
226 9.380938e-09
227 6.340515e-09
228 4.056103e-09
229 2.496820e-09
230 1.549202e-09
231 9.815740e-10
232 6.401229e-10
233 4.235153e-10
234 2.773891e-10
235 1.753809e-10
236 1.050271e-10
237 5.895595e-11
238 3.097659e-11
239 1.533633e-11
240 1.370591e-08
241 9.708696e-09
242 6.571577e-09
243 4.209029e-09
244 2.590763e-09
245 1.606231e-09
246 1.016415e-09
247 6.622493e-10
248 4.382217e-10
249 2.872394e-10
250 1.818646e-10
251 1.091017e-10
252 6.136191e-11
253 3.229492e-11
254 1.600586e-11
255 1.424062e-08
256 1.009989e-08
257 6.845122e-09
258 4.389130e-09
259 2.700704e-09
260 1.673253e-09
261 1.057827e-09
262 6.887289e-10
263 4.557431e-10
264 2.989279e-10
265 1.895034e-10
266 1.138696e-10
267 6.414540e-11
268 3.380619e-11
269 1.677897e-11
270 1.462190e-08
271 1.038421e-08
272 7.046869e-09
273 4.523389e-09
274 2.782640e-09
275 1.723265e-09
276 1.088386e-09
277 7.080497e-10
278 4.683913e-10
279 3.074626e-10
280 1.951942e-10
281 1.174895e-10
282 6.629396e-11
283 3.499656e-11
284 1.739179e-11
285 1.367435e-08
286 9.733740e-09
287 6.612998e-09
288 4.268938e-09
289 2.632409e-09
290 1.629985e-09
291 1.027475e-09
292 6.662867e-10
293 4.394143e-10
294 2.879696e-10
295 1.828664e-10
296 1.103382e-10
297 6.252818e-11
298 3.317960e-11
299 1.656972e-11
300 1.609680e-08
301 1.159106e-08
302 7.947501e-09
303 5.189166e-09
304 3.212815e-09
305 1.979605e-09
306 1.238150e-09
307 7.966037e-10
308 5.233553e-10
309 3.437321e-10
310 2.199883e-10
311 1.343365e-10
312 7.722653e-11
313 4.158420e-11
314 2.103935e-11
315 1.777987e-08
316 1.289164e-08
317 8.885208e-09
318 5.838585e-09
319 3.626069e-09
320 2.227889e-09
321 1.388083e-09
322 8.890050e-10
323 5.825849e-10
324 3.829302e-10
325 2.460592e-10
326 1.512239e-10
327 8.761131e-11
328 4.755383e-11
329 2.423321e-11
330 1.904851e-08
331 1.387219e-08
332 9.590284e-09
333 6.325630e-09
334 3.937210e-09
335 2.415176e-09
336 1.501000e-09
337 9.586108e-10
338 6.272982e-10
339 4.124599e-10
340 2.656764e-10
341 1.639299e-10
342 9.542941e-11
343 5.205245e-11
344 2.664223e-11
345 2.007655e-08
346 1.466689e-08
347 1.016475e-08
348 6.723616e-09
349 4.189778e-09
350 2.567188e-09
351 1.592564e-09
352 1.015059e-09
353 6.633892e-10
354 4.363573e-10
355 2.815950e-10
356 1.742406e-10
357 1.017698e-10
358 5.570168e-11
359 2.859667e-11
360 2.097405e-08
361 1.536111e-08
362 1.066579e-08
363 7.068936e-09
364 4.409853e-09
365 2.699908e-09
366 1.672450e-09
367 1.064282e-09
368 6.949374e-10
369 4.572500e-10
370 2.954738e-10
371 1.832302e-10
372 1.073001e-10
373 5.888114e-11
374 3.029907e-11
375 2.199400e-08
376 1.614278e-08
377 1.122580e-08
378 7.454729e-09
379 4.654270e-09
380 2.847533e-09
381 1.761862e-09
382 1.119593e-09
383 7.305052e-10
384 4.807652e-10
385 3.110554e-10
386 1.932551e-10
387 1.134226e-10
388 6.238013e-11
389 3.216267e-11
390 2.281482e-08
391 1.678482e-08
392 1.169154e-08
393 7.779433e-09
394 4.862069e-09
395 2.972734e-09
396 1.836961e-09
397 1.165621e-09
398 7.597809e-10
399 5.001947e-10
400 3.240402e-10
401 2.017325e-10
402 1.186811e-10
403 6.542204e-11
404 3.380200e-11
405 1.969224e-08
406 1.443686e-08
407 1.002181e-08
408 6.644944e-09
409 4.160803e-09
410 2.548394e-09
411 1.580261e-09
412 1.004486e-09
413 6.546199e-10
414 4.298580e-10
415 2.773244e-10
416 1.718485e-10
417 1.006810e-10
418 5.533993e-11
419 2.854541e-11
420 2.236513e-08
421 1.659047e-08
422 1.160859e-08
423 7.762073e-09
424 4.902530e-09
425 2.995090e-09
426 1.849100e-09
427 1.166537e-09
428 7.558566e-10
429 4.956495e-10
430 3.209448e-10
431 2.004552e-10
432 1.187106e-10
433 6.604233e-11
434 3.446966e-11
435 2.440242e-08
436 1.824353e-08
437 1.282796e-08
438 8.624184e-09
439 5.476107e-09
440 3.341917e-09
441 2.058133e-09
442 1.292135e-09
443 8.342780e-10
444 5.464245e-10
445 3.545540e-10
446 2.224939e-10
447 1.326224e-10
448 7.432611e-11
449 3.907310e-11
450 2.606849e-08
451 1.958782e-08
452 1.382382e-08
453 9.326852e-09
454 5.943191e-09
455 3.625314e-09
456 2.228139e-09
457 1.394612e-09
458 8.978955e-10
459 5.877312e-10
460 3.818890e-10
461 2.404171e-10
462 1.439375e-10
463 8.106412e-11
464 4.281949e-11
465 2.751635e-08
466 2.076278e-08
467 1.469253e-08
468 9.937956e-09
469 6.350918e-09
470 3.872582e-09
471 2.376399e-09
472 1.483858e-09
473 9.536322e-10
474 6.238028e-10
475 4.057501e-10
476 2.560624e-10
477 1.538157e-10
478 8.694871e-11
479 4.609164e-11
480 2.911279e-08
481 2.204085e-08
482 1.563526e-08
483 1.059907e-08
484 6.789891e-09
485 4.138273e-09
486 2.536742e-09
487 1.580527e-09
488 1.014126e-09
489 6.630516e-10
490 4.316931e-10
491 2.729928e-10
492 1.644402e-10
493 9.323395e-11
494 4.956741e-11
495 3.049004e-08
496 2.316753e-08
497 1.647309e-08
498 1.119445e-08
499 7.188034e-09
500 4.379307e-09
501 2.681239e-09
502 1.667142e-09
503 1.067814e-09
504 6.977849e-10
505 4.547205e-10
506 2.881522e-10
507 1.740839e-10
508 9.901891e-11
509 5.280180e-11
510 2.603421e-08
511 1.963973e-08
512 1.389930e-08
513 9.390665e-09
514 6.010374e-09
515 3.672222e-09
516 2.255620e-09
517 1.408486e-09
518 9.044822e-10
519 5.907573e-10
520 3.835734e-10
521 2.416887e-10
522 1.450467e-10
523 8.198894e-11
524 4.350056e-11
525 2.896032e-08
526 2.210276e-08
527 1.576920e-08
528 1.072628e-08
529 6.925238e-09
530 4.239025e-09
531 2.594888e-09
532 1.609767e-09
533 1.027502e-09
534 6.688004e-10
535 4.346699e-10
536 2.752852e-10
537 1.665742e-10
538 9.511644e-11
539 5.100757e-11
540 3.136500e-08
541 2.413235e-08
542 1.731413e-08
543 1.183307e-08
544 7.683192e-09
545 4.711656e-09
546 2.876615e-09
547 1.777302e-09
548 1.129366e-09
549 7.334246e-10
550 4.769050e-10
551 3.030351e-10
552 1.843629e-10
553 1.059794e-10
554 5.723442e-11
555 3.346261e-08
556 2.590434e-08
557 1.866562e-08
558 1.279832e-08
559 8.345604e-09
560 5.123700e-09
561 3.123076e-09
562 1.923838e-09
563 1.218627e-09
564 7.898913e-10
565 5.137933e-10
566 3.272689e-10
567 1.998983e-10
568 1.154676e-10
569 6.267440e-11
570 3.573035e-08
571 2.780202e-08
572 2.010433e-08
573 1.382301e-08
574 9.045589e-09
575 5.558942e-09
576 3.383582e-09
577 2.079049e-09
578 1.313559e-09
579 8.501371e-10
580 5.531462e-10
581 3.530381e-10
582 2.163388e-10
583 1.254577e-10
584 6.837503e-11
585 3.778356e-08
586 2.955043e-08
587 2.144568e-08
588 1.478629e-08
589 9.708109e-09
590 5.972495e-09
591 3.630185e-09
592 2.224901e-09
593 1.402023e-09
594 9.059915e-10
595 5.896612e-10
596 3.771120e-10
597 2.318506e-10
598 1.349832e-10
599 7.386429e-11
600 3.280029e-08
601 2.543146e-08
602 1.835659e-08
603 1.259291e-08
604 8.222926e-09
605 5.064291e-09
606 3.085431e-09
607 1.900048e-09
608 1.201999e-09
609 7.777897e-10
610 5.052151e-10
611 3.215830e-10
612 1.964701e-10
613 1.136243e-10
614 6.180283e-11
615 3.605236e-08
616 2.827635e-08
617 2.058831e-08
618 1.421236e-08
619 9.351578e-09
620 5.791124e-09
621 3.516750e-09
622 2.155997e-09
623 1.355022e-09
624 8.726779e-10
625 5.662574e-10
626 3.615173e-10
627 2.222683e-10
628 1.296562e-10
629 7.121520e-11
630 3.891265e-08
631 3.078487e-08
632 2.256326e-08
633 1.564437e-08
634 1.035160e-08
635 6.436369e-09
636 3.900398e-09
637 2.383626e-09
638 1.491138e-09
639 9.567920e-10
640 6.202731e-10
641 3.968181e-10
642 2.450706e-10
643 1.438366e-10
644 7.955267e-11
645 4.195133e-08
646 3.342438e-08
647 2.462822e-08
648 1.713923e-08
649 1.138976e-08
650 7.104645e-09
651 4.298007e-09
652 2.620445e-09
653 1.632982e-09
654 1.044792e-09
655 6.768307e-10
656 4.337077e-10
657 2.688083e-10
658 1.585319e-10
659 8.815336e-11
660 4.480136e-08
661 3.594415e-08
662 2.662561e-08
663 1.859459e-08
664 1.240872e-08
665 7.764831e-09
666 4.690016e-09
667 2.852298e-09
668 1.770963e-09
669 1.129877e-09
670 7.313975e-10
671 4.694352e-10
672 2.919751e-10
673 1.730064e-10
674 9.670441e-11
675 4.020912e-08
676 3.201682e-08
677 2.360114e-08
678 1.642553e-08
679 1.091008e-08
680 6.821312e-09
681 4.129545e-09
682 2.520125e-09
683 1.569834e-09
684 1.003440e-09
685 6.491273e-10
686 4.153331e-10
687 2.571288e-10
688 1.515626e-10
689 8.430446e-11
690 4.396347e-08
691 3.541404e-08
692 2.636563e-08
693 1.846608e-08
694 1.234987e-08
695 7.779615e-09
696 4.703293e-09
697 2.861112e-09
698 1.770331e-09
699 1.124768e-09
700 7.255396e-10
701 4.647812e-10
702 2.891192e-10
703 1.716994e-10
704 9.637710e-11
705 4.790678e-08
706 3.896432e-08
707 2.923253e-08
708 2.058356e-08
709 1.383808e-08
710 8.768087e-09
711 5.296416e-09
712 3.213689e-09
713 1.978338e-09
714 1.250935e-09
715 8.050704e-10
716 5.161362e-10
717 3.222343e-10
718 1.924662e-10
719 1.087893e-10
720 5.171464e-08
721 4.245625e-08
722 3.208377e-08
723 2.270572e-08
724 1.533995e-08
725 9.773622e-09
726 5.899457e-09
727 3.571391e-09
728 2.187618e-09
729 1.377137e-09
730 8.842305e-10
731 5.673225e-10
732 3.554220e-10
733 2.134392e-10
734 1.214309e-10
735 4.871009e-08
736 3.983944e-08
737 3.005655e-08
738 2.124966e-08
739 1.432886e-08
740 9.126627e-09
741 5.522902e-09
742 3.346956e-09
743 2.052952e-09
744 1.293122e-09
745 8.296710e-10
746 5.313277e-10
747 3.320631e-10
748 1.989207e-10
749 1.129428e-10
750 5.376016e-08
751 4.452807e-08
752 3.397889e-08
753 2.420989e-08
754 1.643208e-08
755 1.055776e-08
756 6.401595e-09
757 3.866849e-09
758 2.356287e-09
759 1.473724e-09
760 9.409896e-10
761 6.021199e-10
762 3.775340e-10
763 2.276501e-10
764 1.304035e-10
765 5.877230e-08
766 4.927749e-08
767 3.799608e-08
768 2.727364e-08
769 1.862485e-08
770 1.206201e-08
771 7.328779e-09
772 4.414184e-09
773 2.673475e-09
774 1.661302e-09
775 1.055870e-09
776 6.750508e-10
777 4.245084e-10
778 2.575068e-10
779 1.486901e-10
780 6.020586e-08
781 5.068607e-08
782 3.928635e-08
783 2.831940e-08
784 1.938558e-08
785 1.260175e-08
786 7.693181e-09
787 4.626283e-09
788 2.797755e-09
789 1.732393e-09
790 1.097054e-09
791 6.996167e-10
792 4.396392e-10
793 2.669873e-10
794 1.545982e-10
795 6.690521e-08
796 5.724012e-08
797 4.504861e-08
798 3.285485e-08
799 2.267739e-08
800 1.489889e-08
801 9.165439e-09
802 5.490053e-09
803 3.299342e-09
804 2.023119e-09
805 1.270414e-09
806 8.069383e-10
807 5.077573e-10
808 3.102316e-10
809 1.813827e-10
810 7.617134e-08
811 6.662080e-08
812 5.366262e-08
813 3.990920e-08
814 2.791132e-08
815 1.860075e-08
816 1.163718e-08
817 6.953714e-09
818 4.154494e-09
819 2.509629e-09
820 1.551893e-09
821 9.755386e-10
822 6.121302e-10
823 3.757944e-10
824 2.221730e-10
825 5.076300e-07
826 3.707872e-07
827 2.747477e-07
828 1.710970e-07
829 1.042171e-07
830 6.173853e-08
831 3.769584e-08
832 2.418026e-08
833 1.632134e-08
834 0.000000e+00
835 0.000000e+00
836 0.000000e+00
837 0.000000e+00
838 0.000000e+00
839 0.000000e+00
840 7.609864e-07
841 5.559689e-07
842 4.124071e-07
843 2.596413e-07
844 1.577859e-07
845 9.335915e-08
846 5.689852e-08
847 3.636761e-08
848 2.448298e-08
849 0.000000e+00
850 0.000000e+00
851 0.000000e+00
852 0.000000e+00
853 0.000000e+00
854 0.000000e+00
855 9.034708e-07
856 6.601393e-07
857 4.898344e-07
858 3.095543e-07
859 1.879543e-07
860 1.111685e-07
861 6.771198e-08
862 4.322638e-08
863 2.907417e-08
864 0.000000e+00
865 0.000000e+00
866 0.000000e+00
867 0.000000e+00
868 0.000000e+00
869 0.000000e+00
870 9.993278e-07
871 7.302182e-07
872 5.419243e-07
873 3.431341e-07
874 2.082519e-07
875 1.231503e-07
876 7.498702e-08
877 4.784112e-08
878 3.216291e-08
879 0.000000e+00
880 0.000000e+00
881 0.000000e+00
882 0.000000e+00
883 0.000000e+00
884 0.000000e+00
885 1.071193e-06
886 7.827614e-07
887 5.809742e-07
888 3.683088e-07
889 2.234694e-07
890 1.321335e-07
891 8.044121e-08
892 5.130076e-08
893 3.447879e-08
894 0.000000e+00
895 0.000000e+00
896 0.000000e+00
897 0.000000e+00
898 0.000000e+00
899 0.000000e+00
900 1.129439e-06
901 8.253442e-07
902 6.126261e-07
903 3.887123e-07
904 2.358020e-07
905 1.394142e-07
906 8.486152e-08
907 5.410480e-08
908 3.635564e-08
909 0.000000e+00
910 0.000000e+00
911 0.000000e+00
912 0.000000e+00
913 0.000000e+00
914 0.000000e+00
915 1.180268e-06
916 8.625041e-07
917 6.402459e-07
918 4.065191e-07
919 2.465652e-07
920 1.457672e-07
921 8.871918e-08
922 5.655163e-08
923 3.799350e-08
924 0.000000e+00
925 0.000000e+00
926 0.000000e+00
927 0.000000e+00
928 0.000000e+00
929 0.000000e+00
930 1.238101e-06
931 9.047833e-07
932 6.716641e-07
933 4.267241e-07
934 2.587845e-07
935 1.529818e-07
936 9.310152e-08
937 5.933352e-08
938 3.985665e-08
939 0.000000e+00
940 0.000000e+00
941 0.000000e+00
942 0.000000e+00
943 0.000000e+00
944 0.000000e+00
945 1.284683e-06
946 9.388454e-07
947 6.969857e-07
948 4.430983e-07
949 2.686743e-07
950 1.588185e-07
951 9.664394e-08
952 6.157795e-08
953 4.135810e-08
954 0.000000e+00
955 0.000000e+00
956 0.000000e+00
957 0.000000e+00
958 0.000000e+00
959 0.000000e+00
960 3.395235e-07
961 2.705108e-07
962 1.962419e-07
963 1.471563e-07
964 9.111530e-08
965 5.575850e-08
966 3.240884e-08
967 1.937788e-08
968 1.214130e-08
969 8.037110e-09
970 0.000000e+00
971 0.000000e+00
972 0.000000e+00
973 0.000000e+00
974 0.000000e+00
975 5.202268e-07
976 4.171597e-07
977 3.028946e-07
978 2.269362e-07
979 1.422288e-07
980 8.672033e-08
981 5.036973e-08
982 3.007827e-08
983 1.878154e-08
984 1.239854e-08
985 0.000000e+00
986 0.000000e+00
987 0.000000e+00
988 0.000000e+00
989 0.000000e+00
990 6.448121e-07
991 5.183993e-07
992 3.765467e-07
993 2.820116e-07
994 1.775998e-07
995 1.081224e-07
996 6.278599e-08
997 3.747521e-08
998 2.336911e-08
999 1.541004e-08
1000 0.000000e+00
1001 0.000000e+00
1002 0.000000e+00
1003 0.000000e+00
1004 0.000000e+00
1005 7.382357e-07
1006 5.943126e-07
1007 4.317715e-07
1008 3.233096e-07
1009 2.041234e-07
1010 1.241698e-07
1011 7.209649e-08
1012 4.302199e-08
1013 2.680897e-08
1014 1.766814e-08
1015 0.000000e+00
1016 0.000000e+00
1017 0.000000e+00
1018 0.000000e+00
1019 0.000000e+00
1020 8.139596e-07
1021 6.558390e-07
1022 4.765327e-07
1023 3.567807e-07
1024 2.256220e-07
1025 1.371778e-07
1026 7.964314e-08
1027 4.751755e-08
1028 2.959718e-08
1029 1.949827e-08
1030 0.000000e+00
1031 0.000000e+00
1032 0.000000e+00
1033 0.000000e+00
1034 0.000000e+00
1035 8.800254e-07
1036 7.095243e-07
1037 5.155916e-07
1038 3.859857e-07
1039 2.443794e-07
1040 1.485270e-07
1041 8.622743e-08
1042 5.144028e-08
1043 3.202995e-08
1044 2.109535e-08
1045 0.000000e+00
1046 0.000000e+00
1047 0.000000e+00
1048 0.000000e+00
1049 0.000000e+00
1050 9.500720e-07
1051 7.664009e-07
1052 5.569621e-07
1053 4.169247e-07
1054 2.642223e-07
1055 1.605397e-07
1056 9.319694e-08
1057 5.559263e-08
1058 3.460622e-08
1059 2.278704e-08
1060 0.000000e+00
1061 0.000000e+00
1062 0.000000e+00
1063 0.000000e+00
1064 0.000000e+00
1065 1.015768e-06
1066 8.198310e-07
1067 5.958365e-07
1068 4.459927e-07
1069 2.829175e-07
1070 1.718473e-07
1071 9.975607e-08
1072 5.949995e-08
1073 3.702828e-08
1074 2.437647e-08
1075 0.000000e+00
1076 0.000000e+00
1077 0.000000e+00
1078 0.000000e+00
1079 0.000000e+00
1080 2.006428e-07
1081 1.825495e-07
1082 1.406927e-07
1083 1.017377e-07
1084 7.624451e-08
1085 4.409819e-08
1086 2.703284e-08
1087 1.558333e-08
1088 9.211826e-09
1089 5.729886e-09
1090 0.000000e+00
1091 0.000000e+00
1092 0.000000e+00
1093 0.000000e+00
1094 0.000000e+00
1095 3.304220e-07
1096 3.018427e-07
1097 2.335044e-07
1098 1.687531e-07
1099 1.266406e-07
1100 7.361625e-08
1101 4.523796e-08
1102 2.602071e-08
1103 1.533208e-08
1104 9.516717e-09
1105 0.000000e+00
1106 0.000000e+00
1107 0.000000e+00
1108 0.000000e+00
1109 0.000000e+00
1110 4.306283e-07
1111 3.940345e-07
1112 3.052906e-07
1113 2.205838e-07
1114 1.656232e-07
1115 9.648074e-08
1116 5.934319e-08
1117 3.410490e-08
1118 2.006902e-08
1119 1.244631e-08
1120 0.000000e+00
1121 0.000000e+00
1122 0.000000e+00
1123 0.000000e+00
1124 0.000000e+00
1125 5.118675e-07
1126 4.687719e-07
1127 3.634880e-07
1128 2.626035e-07
1129 1.972257e-07
1130 1.150174e-07
1131 7.077884e-08
1132 4.065897e-08
1133 2.390921e-08
1134 1.482137e-08
1135 0.000000e+00
1136 0.000000e+00
1137 0.000000e+00
1138 0.000000e+00
1139 0.000000e+00
1140 5.827486e-07
1141 5.339873e-07
1142 4.142683e-07
1143 2.992682e-07
1144 2.248018e-07
1145 1.311919e-07
1146 8.075741e-08
1147 4.637790e-08
1148 2.726008e-08
1149 1.689370e-08
1150 0.000000e+00
1151 0.000000e+00
1152 0.000000e+00
1153 0.000000e+00
1154 0.000000e+00
1155 6.550641e-07
1156 6.005017e-07
1157 4.660504e-07
1158 3.366568e-07
1159 2.529202e-07
1160 1.476795e-07
1161 9.092732e-08
1162 5.220732e-08
1163 3.067638e-08
1164 1.900674e-08
1165 0.000000e+00
1166 0.000000e+00
1167 0.000000e+00
1168 0.000000e+00
1169 0.000000e+00
1170 7.283846e-07
1171 6.679733e-07
1172 5.186008e-07
1173 3.745984e-07
1174 2.814577e-07
1175 1.644239e-07
1176 1.012585e-07
1177 5.812754e-08
1178 3.414473e-08
1179 2.115149e-08
1180 0.000000e+00
1181 0.000000e+00
1182 0.000000e+00
1183 0.000000e+00
1184 0.000000e+00
1185 1.339130e-07
1186 1.322235e-07
1187 1.112356e-07
1188 8.127302e-08
1189 6.036552e-08
1190 4.106057e-08
1191 2.421678e-08
1192 1.379996e-08
1193 7.978791e-09
1194 4.713961e-09
1195 2.952161e-09
1196 0.000000e+00
1197 0.000000e+00
1198 0.000000e+00
1199 0.000000e+00
1200 2.311139e-07
1201 2.287819e-07
1202 1.931163e-07
1203 1.413184e-07
1204 1.048100e-07
1205 7.174381e-08
1206 4.212477e-08
1207 2.403484e-08
1208 1.391346e-08
1209 8.206863e-09
1210 5.130077e-09
1211 0.000000e+00
1212 0.000000e+00
1213 0.000000e+00
1214 0.000000e+00
1215 3.123233e-07
1216 3.095007e-07
1217 2.616149e-07
1218 1.915694e-07
1219 1.419927e-07
1220 9.744477e-08
1221 5.711213e-08
1222 3.260333e-08
1223 1.888243e-08
1224 1.113064e-08
1225 6.952522e-09
1226 0.000000e+00
1227 0.000000e+00
1228 0.000000e+00
1229 0.000000e+00
1230 3.831935e-07
1231 3.799432e-07
1232 3.213903e-07
1233 2.354215e-07
1234 1.744400e-07
1235 1.198757e-07
1236 7.019122e-08
1237 4.008120e-08
1238 2.321897e-08
1239 1.368230e-08
1240 8.542871e-09
1241 0.000000e+00
1242 0.000000e+00
1243 0.000000e+00
1244 0.000000e+00
1245 4.539326e-07
1246 4.502423e-07
1247 3.810409e-07
1248 2.791786e-07
1249 2.068201e-07
1250 1.422532e-07
1251 8.324205e-08
1252 4.754251e-08
1253 2.754569e-08
1254 1.622831e-08
1255 1.012986e-08
1256 0.000000e+00
1257 0.000000e+00
1258 0.000000e+00
1259 0.000000e+00
1260 5.288015e-07
1261 5.246659e-07
1262 4.442070e-07
1263 3.255223e-07
1264 2.411084e-07
1265 1.659601e-07
1266 9.706421e-08
1267 5.544503e-08
1268 3.212871e-08
1269 1.892488e-08
1270 1.181051e-08
1271 0.000000e+00
1272 0.000000e+00
1273 0.000000e+00
1274 0.000000e+00
1275 9.660932e-08
1276 1.006186e-07
1277 9.108852e-08
1278 6.970934e-08
1279 5.038532e-08
1280 3.774846e-08
1281 2.133711e-08
1282 1.289104e-08
1283 7.281970e-09
1284 4.204598e-09
1285 2.516573e-09
1286 0.000000e+00
1287 0.000000e+00
1288 0.000000e+00
1289 0.000000e+00
1290 1.735056e-07
1291 1.810423e-07
1292 1.643482e-07
1293 1.260799e-07
1294 9.107767e-08
1295 6.832999e-08
1296 3.872085e-08
1297 2.346176e-08
1298 1.322666e-08
1299 7.620805e-09
1300 4.553271e-09
1301 0.000000e+00
1302 0.000000e+00
1303 0.000000e+00
1304 0.000000e+00
1305 2.424635e-07
1306 2.531894e-07
1307 2.301014e-07
1308 1.766983e-07
1309 1.276149e-07
1310 9.579450e-08
1311 5.434252e-08
1312 3.296557e-08
1313 1.856968e-08
1314 1.068970e-08
1315 6.382329e-09
1316 0.000000e+00
1317 0.000000e+00
1318 0.000000e+00
1319 0.000000e+00
1320 3.102739e-07
1321 3.241306e-07
1322 2.947521e-07
1323 2.264664e-07
1324 1.635388e-07
1325 1.227967e-07
1326 6.969974e-08
1327 4.230785e-08
1328 2.382214e-08
1329 1.370671e-08
1330 8.180604e-09
1331 0.000000e+00
1332 0.000000e+00
1333 0.000000e+00
1334 0.000000e+00
1335 3.841561e-07
1336 4.014323e-07
1337 3.652105e-07
1338 2.807097e-07
1339 2.026908e-07
1340 1.522281e-07
1341 8.644124e-08
1342 5.249408e-08
1343 2.954836e-08
1344 1.699550e-08
1345 1.014064e-08
1346 0.000000e+00
1347 0.000000e+00
1348 0.000000e+00
1349 0.000000e+00
1350 7.394277e-08
1351 8.005202e-08
1352 7.678772e-08
1353 6.224951e-08
1354 4.491271e-08
1355 3.385419e-08
1356 2.116529e-08
1357 1.297188e-08
1358 7.201789e-09
1359 3.965992e-09
1360 2.291549e-09
1361 1.393221e-09
1362 0.000000e+00
1363 0.000000e+00
1364 0.000000e+00
1365 1.384790e-07
1366 1.501393e-07
1367 1.443383e-07
1368 1.173186e-07
1369 8.469337e-08
1370 6.378539e-08
1371 4.011830e-08
1372 2.452433e-08
1373 1.361798e-08
1374 7.502537e-09
1375 4.326173e-09
1376 2.625129e-09
1377 0.000000e+00
1378 0.000000e+00
1379 0.000000e+00
1380 2.025806e-07
1381 2.197677e-07
1382 2.114665e-07
1383 1.720615e-07
1384 1.242430e-07
1385 9.353861e-08
1386 5.897342e-08
1387 3.601259e-08
1388 1.999874e-08
1389 1.102012e-08
1390 6.349259e-09
1391 3.849732e-09
1392 0.000000e+00
1393 0.000000e+00
1394 0.000000e+00
1395 2.739546e-07
1396 2.973002e-07
1397 2.862206e-07
1398 2.330303e-07
1399 1.682909e-07
1400 1.266749e-07
1401 7.997821e-08
1402 4.880901e-08
1403 2.710609e-08
1404 1.493828e-08
1405 8.602574e-09
1406 5.213599e-09
1407 0.000000e+00
1408 0.000000e+00
1409 0.000000e+00
1410 5.995791e-08
1411 6.692631e-08
1412 6.724871e-08
1413 5.778140e-08
1414 4.259790e-08
1415 3.137088e-08
1416 2.211072e-08
1417 1.261137e-08
1418 7.101558e-09
1419 4.018312e-09
1420 2.235044e-09
1421 1.303237e-09
1422 0.000000e+00
1423 0.000000e+00
1424 0.000000e+00
1425 1.188497e-07
1426 1.328314e-07
1427 1.337297e-07
1428 1.152104e-07
1429 8.506659e-08
1430 6.257525e-08
1431 4.429451e-08
1432 2.518890e-08
1433 1.421170e-08
1434 8.040541e-09
1435 4.470051e-09
1436 2.601800e-09
1437 0.000000e+00
1438 0.000000e+00
1439 0.000000e+00
1440 1.864659e-07
1441 2.085133e-07
1442 2.100928e-07
1443 1.811975e-07
1444 1.338744e-07
1445 9.843172e-08
1446 6.979941e-08
1447 3.964442e-08
1448 2.238585e-08
1449 1.266432e-08
1450 7.039246e-09
1451 4.094128e-09
1452 0.000000e+00
1453 0.000000e+00
1454 0.000000e+00
1455 5.229054e-08
1456 5.992816e-08
1457 6.264782e-08
1458 5.693249e-08
1459 4.366807e-08
1460 3.153852e-08
1461 2.369056e-08
1462 1.328457e-08
1463 7.947884e-09
1464 4.353990e-09
1465 2.399836e-09
1466 1.339806e-09
1467 0.000000e+00
1468 0.000000e+00
1469 0.000000e+00
1470 1.144185e-07
1471 1.312918e-07
1472 1.375007e-07
1473 1.252952e-07
1474 9.633733e-08
1475 6.954086e-08
1476 5.230461e-08
1477 2.941271e-08
1478 1.765433e-08
1479 9.654160e-09
1480 5.309462e-09
1481 2.958538e-09
1482 0.000000e+00
1483 0.000000e+00
1484 0.000000e+00
1485 5.377766e-08
1486 6.319315e-08
1487 6.852184e-08
1488 6.578769e-08
1489 5.334630e-08
1490 3.849309e-08
1491 2.903828e-08
1492 1.805880e-08
1493 1.098918e-08
1494 5.963480e-09
1495 3.141136e-09
1496 1.694627e-09
1497 9.436442e-10
1498 0.000000e+00
1499 0.000000e+00
1500 1.109684e-04
1501 8.086786e-05
1502 6.035546e-05
1503 3.805236e-05
1504 2.321989e-05
1505 1.369104e-05
1506 8.324421e-06
1507 5.304277e-06
1508 3.565556e-06
1509 0.000000e+00
1510 0.000000e+00
1511 0.000000e+00
1512 0.000000e+00
1513 0.000000e+00
1514 0.000000e+00
1515 5.757601e-05
1516 4.644359e-05
1517 3.369791e-05
1518 2.528332e-05
1519 1.597668e-05
1520 9.754545e-06
1521 5.648866e-06
1522 3.364481e-06
1523 2.093966e-06
1524 1.379138e-06
1525 0.000000e+00
1526 0.000000e+00
1527 0.000000e+00
1528 0.000000e+00
1529 0.000000e+00
1530 4.047788e-05
1531 3.713775e-05
1532 2.882267e-05
1533 2.080348e-05
1534 1.566222e-05
1535 9.111532e-06
1536 5.625604e-06
1537 3.225263e-06
1538 1.896511e-06
1539 1.174730e-06
1540 0.000000e+00
1541 0.000000e+00
1542 0.000000e+00
1543 0.000000e+00
1544 0.000000e+00
1545 2.912801e-05
1546 2.891312e-05
1547 2.448503e-05
1548 1.793535e-05
1549 1.328396e-05
1550 9.154542e-06
1551 5.351144e-06
1552 3.053081e-06
1553 1.771954e-06
1554 1.042590e-06
1555 6.506122e-07
1556 0.000000e+00
1557 0.000000e+00
1558 0.000000e+00
1559 0.000000e+00
1560 2.085098e-05
1561 2.179680e-05
1562 1.983793e-05
1563 1.524768e-05
1564 1.100576e-05
1565 8.274949e-06
1566 4.689296e-06
1567 2.850415e-06
1568 1.602925e-06
1569 9.233707e-07
1570 5.506294e-07
1571 0.000000e+00
1572 0.000000e+00
1573 0.000000e+00
1574 0.000000e+00
1575 1.487210e-05
1576 1.614453e-05
1577 1.554949e-05
1578 1.266314e-05
1579 9.143013e-06
1580 6.883420e-06
1581 4.347301e-06
1582 2.655947e-06
1583 1.474901e-06
1584 8.112783e-07
1585 4.673052e-07
1586 2.832009e-07
1587 0.000000e+00
1588 0.000000e+00
1589 0.000000e+00
1590 1.001028e-05
1591 1.119728e-05
1592 1.128693e-05
1593 9.739022e-06
1594 7.195644e-06
1595 5.289411e-06
1596 3.755371e-06
1597 2.130464e-06
1598 1.202339e-06
1599 6.811759e-07
1600 3.783133e-07
1601 2.200058e-07
1602 0.000000e+00
1603 0.000000e+00
1604 0.000000e+00
1605 6.201116e-06
1606 7.118100e-06
1607 7.458527e-06
1608 6.801106e-06
1609 5.231433e-06
1610 3.775220e-06
1611 2.841823e-06
1612 1.597077e-06
1613 9.596537e-07
1614 5.242846e-07
1615 2.885232e-07
1616 1.606418e-07
1617 0.000000e+00
1618 0.000000e+00
1619 0.000000e+00
1620 3.163407e-06
1621 3.720115e-06
1622 4.038202e-06
1623 3.883392e-06
1624 3.154630e-06
1625 2.276770e-06
1626 1.716871e-06
1627 1.071974e-06
1628 6.518364e-07
1629 3.538249e-07
1630 1.861971e-07
1631 1.003484e-07
1632 5.578990e-08
1633 0.000000e+00
1634 0.000000e+00
1635 8.891198e-07
1636 1.072208e-06
1637 1.206146e-06
1638 1.224576e-06
1639 1.066696e-06
1640 7.933436e-07
1641 5.815894e-07
1642 4.169104e-07
1643 2.343421e-07
1644 1.314261e-07
1645 7.164692e-08
1646 3.730540e-08
1647 1.958823e-08
1648 0.000000e+00
1649 0.000000e+00
