0 2.218989e-09
1 1.441539e-09
2 9.064140e-10
3 5.710405e-10
4 3.671565e-10
5 2.416644e-10
6 1.607289e-10
7 1.055468e-10
8 6.685555e-11
9 4.013309e-11
10 2.260912e-11
11 1.193740e-11
12 5.947710e-12
13 2.828510e-12
14 1.299969e-12
15 3.758927e-09
16 2.499099e-09
17 1.587826e-09
18 9.897186e-10
19 6.260130e-10
20 4.055523e-10
21 2.683725e-10
22 1.779728e-10
23 1.153655e-10
24 7.152660e-11
25 4.177366e-11
26 2.284217e-11
27 1.172472e-11
28 5.702929e-12
29 2.661423e-12
30 4.303303e-09
31 2.880321e-09
32 1.839924e-09
33 1.145529e-09
34 7.216060e-10
35 4.650237e-10
36 3.067592e-10
37 2.036124e-10
38 1.326243e-10
39 8.287515e-11
40 4.888435e-11
41 2.701094e-11
42 1.399417e-11
43 6.858033e-12
44 3.217292e-12
45 4.603199e-09
46 3.090420e-09
47 1.978910e-09
48 1.231478e-09
49 7.743259e-10
50 4.978223e-10
51 3.279677e-10
52 2.177108e-10
53 1.421258e-10
54 8.912351e-11
55 5.279530e-11
56 2.929927e-11
57 1.524368e-11
58 7.494449e-12
59 3.523985e-12
60 4.804177e-09
61 3.231353e-09
62 2.071990e-09
63 1.289058e-09
64 8.096203e-10
65 5.198590e-10
66 3.421915e-10
67 2.272074e-10
68 1.484893e-10
69 9.332087e-11
70 5.543412e-11
71 3.084894e-11
72 1.608385e-11
73 7.921278e-12
74 3.730371e-12
75 4.955124e-09
76 3.336959e-09
77 2.141999e-09
78 1.332219e-09
79 8.361480e-10
80 5.363907e-10
81 3.528536e-10
82 2.343148e-10
83 1.533104e-10
84 9.649107e-11
85 5.740346e-11
86 3.200101e-11
87 1.671453e-11
88 8.242723e-12
89 3.884633e-12
90 5.072923e-09
91 3.419477e-09
92 2.196554e-09
93 1.366115e-09
94 8.569245e-10
95 5.492747e-10
96 3.611944e-10
97 2.398863e-10
98 1.570507e-10
99 9.894874e-11
100 5.895499e-11
101 3.291073e-11
102 1.720916e-11
103 8.494339e-12
104 4.005778e-12
105 5.184997e-09
106 3.497737e-09
107 2.248736e-09
108 1.398437e-09
109 8.766297e-10
110 5.615568e-10
111 3.690995e-10
112 2.451600e-10
113 1.605465e-10
114 1.012504e-10
115 6.038883e-11
116 3.376305e-11
117 1.767714e-11
118 8.732474e-12
119 4.117307e-12
120 5.287004e-09
121 3.569597e-09
122 2.296208e-09
123 1.427675e-09
124 8.945847e-10
125 5.726873e-10
126 3.762629e-10
127 2.499645e-10
128 1.638356e-10
129 1.034134e-10
130 6.175457e-11
131 3.454856e-11
132 1.810213e-11
133 8.949223e-12
134 4.225018e-12
135 5.403349e-09
136 3.650682e-09
137 2.350498e-09
138 1.461319e-09
139 9.151598e-10
140 5.855532e-10
141 3.845858e-10
142 2.554334e-10
143 1.675607e-10
144 1.058826e-10
145 6.329250e-11
146 3.545074e-11
147 1.859449e-11
148 9.197883e-12
149 4.344701e-12
150 7.884356e-09
151 5.427364e-09
152 3.564198e-09
153 2.225814e-09
154 1.380309e-09
155 8.702900e-10
156 5.644991e-10
157 3.736255e-10
158 2.470380e-10
159 1.590240e-10
160 9.751201e-11
161 5.618280e-11
162 3.027220e-11
163 1.531714e-11
164 7.356588e-12
165 9.963247e-09
166 6.945033e-09
167 4.626816e-09
168 2.919493e-09
169 1.801059e-09
170 1.126279e-09
171 7.226696e-10
172 4.752315e-10
173 3.146938e-10
174 2.044615e-10
175 1.273376e-10
176 7.479052e-11
177 4.110873e-11
178 2.117658e-11
179 1.031442e-11
180 1.116831e-08
181 7.829194e-09
182 5.246617e-09
183 3.327532e-09
184 2.049460e-09
185 1.277576e-09
186 8.155945e-10
187 5.346756e-10
188 3.541125e-10
189 2.309361e-10
190 1.447498e-10
191 8.569235e-11
192 4.750113e-11
193 2.465950e-11
194 1.208584e-11
195 1.197971e-08
196 8.425411e-09
197 5.664864e-09
198 3.603005e-09
199 2.217356e-09
200 1.379627e-09
201 8.782198e-10
202 5.748504e-10
203 3.807110e-10
204 2.487934e-10
205 1.564957e-10
206 9.306103e-11
207 5.182382e-11
208 2.701454e-11
209 1.328379e-11
210 1.258729e-08
211 8.871685e-09
212 5.978931e-09
213 3.808713e-09
214 2.343107e-09
215 1.456076e-09
216 9.252247e-10
217 6.048567e-10
218 4.005869e-10
219 2.621444e-10
220 1.652605e-10
221 9.856659e-11
222 5.505278e-11
223 2.877390e-11
224 1.418039e-11
225 1.306190e-08
226 9.219569e-09
227 6.222161e-09
228 3.969854e-09
229 2.440743e-09
230 1.515583e-09
231 9.617161e-10
232 6.282476e-10
233 4.161121e-10
234 2.725399e-10
235 1.721193e-10
236 1.028437e-10
237 5.755891e-11
238 3.014164e-11
239 1.487628e-11
240 1.350963e-08
241 9.548461e-09
242 6.453453e-09
243 4.122294e-09
244 2.533900e-09
245 1.572199e-09
246 9.963725e-10
247 6.503327e-10
248 4.308370e-10
249 2.824148e-10
250 1.786095e-10
251 1.069142e-10
252 5.995038e-11
253 3.144475e-11
254 1.553356e-11
255 1.391925e-08
256 9.848853e-09
257 6.664743e-09
258 4.261702e-09
259 2.618375e-09
260 1.623550e-09
261 1.027988e-09
262 6.705281e-10
263 4.442449e-10
264 2.914101e-10
265 1.845249e-10
266 1.106285e-10
267 6.212688e-11
268 3.262720e-11
269 1.613906e-11
270 1.439392e-08
271 1.019752e-08
272 6.909167e-09
273 4.422128e-09
274 2.716037e-09
275 1.683432e-09
276 1.064914e-09
277 6.941110e-10
278 4.597707e-10
279 3.018360e-10
280 1.913981e-10
281 1.149390e-10
282 6.464645e-11
283 3.400247e-11
284 1.683837e-11
285 1.363339e-08
286 9.698129e-09
287 6.586290e-09
288 4.249354e-09
289 2.618460e-09
290 1.621826e-09
291 1.022616e-09
292 6.634405e-10
293 4.377006e-10
294 2.868812e-10
295 1.821416e-10
296 1.098482e-10
297 6.220501e-11
298 3.297825e-11
299 1.645364e-11
300 1.603874e-08
301 1.153918e-08
302 7.907804e-09
303 5.160240e-09
304 3.191712e-09
305 1.967158e-09
306 1.230621e-09
307 7.922429e-10
308 5.207644e-10
309 3.421105e-10
310 2.189201e-10
311 1.336167e-10
312 7.674912e-11
313 4.128301e-11
314 2.086280e-11
315 1.768835e-08
316 1.280885e-08
317 8.821174e-09
318 5.791982e-09
319 3.591868e-09
320 2.207440e-09
321 1.375712e-09
322 8.818640e-10
323 5.783655e-10
324 3.803063e-10
325 2.443410e-10
326 1.500687e-10
327 8.684391e-11
328 4.706719e-11
329 2.394589e-11
330 1.892817e-08
331 1.376269e-08
332 9.505112e-09
333 6.263663e-09
334 3.891598e-09
335 2.387653e-09
336 1.484351e-09
337 9.490295e-10
338 6.216406e-10
339 4.089658e-10
340 2.633943e-10
341 1.623976e-10
342 9.441074e-11
343 5.140471e-11
344 2.625818e-11
345 1.989342e-08
346 1.450554e-08
347 1.004071e-08
348 6.634163e-09
349 4.125415e-09
350 2.528323e-09
351 1.569160e-09
352 1.001411e-09
353 6.552376e-10
354 4.312571e-10
355 2.782564e-10
356 1.720149e-10
357 1.003094e-10
358 5.478516e-11
359 2.806069e-11
360 2.080897e-08
361 1.521002e-08
362 1.054769e-08
363 6.983028e-09
364 4.346487e-09
365 2.661492e-09
366 1.649217e-09
367 1.050903e-09
368 6.870693e-10
369 4.523928e-10
370 2.923117e-10
371 1.811099e-10
372 1.058896e-10
373 5.798248e-11
374 2.976442e-11
375 2.163795e-08
376 1.584774e-08
377 1.100587e-08
378 7.300291e-09
379 4.546891e-09
380 2.782171e-09
381 1.722002e-09
382 1.095831e-09
383 7.159732e-10
384 4.715670e-10
385 3.050860e-10
386 1.893722e-10
387 1.109572e-10
388 6.088582e-11
389 3.131170e-11
390 2.260758e-08
391 1.659461e-08
392 1.154248e-08
393 7.671013e-09
394 4.782006e-09
395 2.924037e-09
396 1.807510e-09
397 1.148670e-09
398 7.498234e-10
399 4.940581e-10
400 3.200511e-10
401 1.990594e-10
402 1.169023e-10
403 6.428741e-11
404 3.312578e-11
405 1.965825e-08
406 1.440445e-08
407 9.995561e-09
408 6.625908e-09
409 4.146548e-09
410 2.539355e-09
411 1.574789e-09
412 1.001368e-09
413 6.528154e-10
414 4.287675e-10
415 2.766277e-10
416 1.713851e-10
417 1.003712e-10
418 5.513943e-11
419 2.842334e-11
420 2.231651e-08
421 1.654322e-08
422 1.156945e-08
423 7.733499e-09
424 4.881256e-09
425 2.981046e-09
426 1.840739e-09
427 1.161753e-09
428 7.530904e-10
429 4.939987e-10
430 3.199033e-10
431 1.997681e-10
432 1.182518e-10
433 6.574361e-11
434 3.428568e-11
435 2.432306e-08
436 1.816573e-08
437 1.276281e-08
438 8.576390e-09
439 5.440650e-09
440 3.318081e-09
441 2.044054e-09
442 1.284039e-09
443 8.296041e-10
444 5.436496e-10
445 3.528148e-10
446 2.213518e-10
447 1.318608e-10
448 7.382913e-11
449 3.876547e-11
450 2.589774e-08
451 1.943292e-08
452 1.369792e-08
453 9.234754e-09
454 5.877076e-09
455 3.581727e-09
456 2.202407e-09
457 1.379601e-09
458 8.891190e-10
459 5.823540e-10
460 3.784704e-10
461 2.381767e-10
462 1.424688e-10
463 8.013071e-11
464 4.225709e-11
465 2.738334e-08
466 2.063150e-08
467 1.458164e-08
468 9.856239e-09
469 6.290481e-09
470 3.831410e-09
471 2.352262e-09
472 1.469899e-09
473 9.455864e-10
474 6.190454e-10
475 4.027795e-10
476 2.541200e-10
477 1.525219e-10
478 8.610314e-11
479 4.556674e-11
480 2.872955e-08
481 2.171447e-08
482 1.538254e-08
483 1.041996e-08
484 6.665611e-09
485 4.057198e-09
486 2.488344e-09
487 1.551663e-09
488 9.966882e-10
489 6.522528e-10
490 4.248217e-10
491 2.685732e-10
492 1.616323e-10
493 9.150933e-11
494 4.856033e-11
495 3.030539e-08
496 2.298475e-08
497 1.631814e-08
498 1.108011e-08
499 7.103531e-09
500 4.321348e-09
501 2.647292e-09
502 1.647506e-09
503 1.056502e-09
504 6.911066e-10
505 4.505657e-10
506 2.854388e-10
507 1.722776e-10
508 9.783759e-11
509 5.206652e-11
510 2.600511e-08
511 1.961020e-08
512 1.387351e-08
513 9.371390e-09
514 5.996271e-09
515 3.662080e-09
516 2.249818e-09
517 1.405087e-09
518 9.025290e-10
519 5.896179e-10
520 3.828762e-10
521 2.412389e-10
522 1.447483e-10
523 8.179265e-11
524 4.337677e-11
525 2.891805e-08
526 2.205929e-08
527 1.573049e-08
528 1.069695e-08
529 6.903898e-09
530 4.223372e-09
531 2.585930e-09
532 1.604431e-09
533 1.024465e-09
534 6.670446e-10
535 4.336086e-10
536 2.746078e-10
537 1.661273e-10
538 9.482212e-11
539 5.082064e-11
540 3.120275e-08
541 2.398200e-08
542 1.718979e-08
543 1.174096e-08
544 7.618140e-09
545 4.666946e-09
546 2.850526e-09
547 1.761700e-09
548 1.120243e-09
549 7.279506e-10
550 4.734847e-10
551 3.008278e-10
552 1.829291e-10
553 1.050683e-10
554 5.668088e-11
555 3.336358e-08
556 2.580152e-08
557 1.857279e-08
558 1.272710e-08
559 8.293942e-09
560 5.085470e-09
561 3.100954e-09
562 1.910545e-09
563 1.211109e-09
564 7.855812e-10
565 5.112118e-10
566 3.256359e-10
567 1.988263e-10
568 1.147619e-10
569 6.222419e-11
570 3.532633e-08
571 2.745471e-08
572 1.982936e-08
573 1.362433e-08
574 8.909137e-09
575 5.466736e-09
576 3.328861e-09
577 2.045770e-09
578 1.293687e-09
579 8.379956e-10
580 5.455372e-10
581 3.482038e-10
582 2.132867e-10
583 1.235805e-10
584 6.726793e-11
585 3.762645e-08
586 2.938681e-08
587 2.129727e-08
588 1.467200e-08
589 9.625255e-09
590 5.911025e-09
591 3.594469e-09
592 2.203389e-09
593 1.389876e-09
594 8.990480e-10
595 5.855144e-10
596 3.744965e-10
597 2.301367e-10
598 1.338551e-10
599 7.314363e-11
600 3.277603e-08
601 2.540574e-08
602 1.833254e-08
603 1.257401e-08
604 8.209288e-09
605 5.054018e-09
606 3.079356e-09
607 1.896326e-09
608 1.199920e-09
609 7.766202e-10
610 5.045270e-10
611 3.211556e-10
612 1.961925e-10
613 1.134427e-10
614 6.168521e-11
615 3.589037e-08
616 2.812727e-08
617 2.046502e-08
618 1.412017e-08
619 9.286676e-09
620 5.746924e-09
621 3.490295e-09
622 2.140109e-09
623 1.345770e-09
624 8.671446e-10
625 5.628125e-10
626 3.593075e-10
627 2.208423e-10
628 1.287553e-10
629 7.066977e-11
630 3.884838e-08
631 3.071565e-08
632 2.249732e-08
633 1.559118e-08
634 1.031313e-08
635 6.407469e-09
636 3.882419e-09
637 2.372726e-09
638 1.485064e-09
639 9.534016e-10
640 6.183120e-10
641 3.956222e-10
642 2.443048e-10
643 1.433352e-10
644 7.922848e-11
645 4.153187e-08
646 3.306421e-08
647 2.434094e-08
648 1.692841e-08
649 1.124507e-08
650 7.007290e-09
651 4.238164e-09
652 2.584097e-09
653 1.611381e-09
654 1.031697e-09
655 6.686999e-10
656 4.285917e-10
657 2.656043e-10
658 1.565710e-10
659 8.699703e-11
660 4.467534e-08
661 3.580788e-08
662 2.649503e-08
663 1.848854e-08
664 1.233190e-08
665 7.707200e-09
666 4.653656e-09
667 2.830361e-09
668 1.758734e-09
669 1.123054e-09
670 7.274686e-10
671 4.670515e-10
672 2.904549e-10
673 1.720129e-10
674 9.606158e-11
675 3.986240e-08
676 3.169938e-08
677 2.334046e-08
678 1.623120e-08
679 1.077286e-08
680 6.729007e-09
681 4.073899e-09
682 2.487021e-09
683 1.550480e-09
684 9.917942e-10
685 6.418511e-10
686 4.106546e-10
687 2.541078e-10
688 1.496568e-10
689 8.315470e-11
690 4.372574e-08
691 3.518789e-08
692 2.617205e-08
693 1.831758e-08
694 1.224375e-08
695 7.706255e-09
696 4.657680e-09
697 2.834154e-09
698 1.754767e-09
699 1.115605e-09
700 7.199683e-10
701 4.612674e-10
702 2.868642e-10
703 1.702656e-10
704 9.549533e-11
705 4.722847e-08
706 3.836312e-08
707 2.874337e-08
708 2.021893e-08
709 1.358333e-08
710 8.596722e-09
711 5.189892e-09
712 3.150222e-09
713 1.940821e-09
714 1.228339e-09
715 7.911062e-10
716 5.073261e-10
717 3.166666e-10
718 1.890161e-10
719 1.067295e-10
720 5.132923e-08
721 4.207328e-08
722 3.174476e-08
723 2.243477e-08
724 1.514405e-08
725 9.635004e-09
726 5.810416e-09
727 3.519263e-09
728 2.157717e-09
729 1.359857e-09
730 8.739943e-10
731 5.610058e-10
732 3.514052e-10
733 2.108715e-10
734 1.198278e-10
735 4.869412e-08
736 3.982137e-08
737 3.003802e-08
738 2.123327e-08
739 1.431654e-08
740 9.117655e-09
741 5.516336e-09
742 3.343277e-09
743 2.050819e-09
744 1.291931e-09
745 8.290106e-10
746 5.309511e-10
747 3.318365e-10
748 1.987778e-10
749 1.128507e-10
750 5.331189e-08
751 4.414757e-08
752 3.367929e-08
753 2.398992e-08
754 1.628019e-08
755 1.045819e-08
756 6.338868e-09
757 3.829491e-09
758 2.333658e-09
759 1.459884e-09
760 9.323591e-10
761 5.966971e-10
762 3.741587e-10
763 2.256060e-10
764 1.292141e-10
765 5.871069e-08
766 4.920705e-08
767 3.792270e-08
768 2.720724e-08
769 1.857401e-08
770 1.202521e-08
771 7.301343e-09
772 4.398658e-09
773 2.664238e-09
774 1.656221e-09
775 1.053082e-09
776 6.734883e-10
777 4.235877e-10
778 2.569359e-10
779 1.483255e-10
780 5.925971e-08
781 4.988563e-08
782 3.866181e-08
783 2.786593e-08
784 1.907367e-08
785 1.239820e-08
786 7.567745e-09
787 4.550922e-09
788 2.752157e-09
789 1.704327e-09
790 1.079399e-09
791 6.884148e-10
792 4.326203e-10
793 2.627260e-10
794 1.521250e-10
795 6.635541e-08
796 5.676069e-08
797 4.466148e-08
798 3.256443e-08
799 2.247301e-08
800 1.476282e-08
801 9.078934e-09
802 5.438046e-09
803 3.268025e-09
804 2.004312e-09
805 1.258900e-09
806 7.997762e-10
807 5.033103e-10
808 3.075243e-10
809 1.797899e-10
810 7.616185e-08
811 6.660942e-08
812 5.364995e-08
813 3.989652e-08
814 2.790050e-08
815 1.859279e-08
816 1.163129e-08
817 6.949633e-09
818 4.152156e-09
819 2.508337e-09
820 1.551193e-09
821 9.751722e-10
822 6.119350e-10
823 3.756860e-10
824 2.221097e-10
825 5.046180e-07
826 3.685739e-07
827 2.731048e-07
828 1.699773e-07
829 1.035522e-07
830 6.134684e-08
831 3.745943e-08
832 2.403254e-08
833 1.622371e-08
834 0.000000e+00
835 0.000000e+00
836 0.000000e+00
837 0.000000e+00
838 0.000000e+00
839 0.000000e+00
840 7.609615e-07
841 5.559503e-07
842 4.123935e-07
843 2.596315e-07
844 1.577802e-07
845 9.335578e-08
846 5.689649e-08
847 3.636635e-08
848 2.448216e-08
849 0.000000e+00
850 0.000000e+00
851 0.000000e+00
852 0.000000e+00
853 0.000000e+00
854 0.000000e+00
855 9.034708e-07
856 6.601393e-07
857 4.898343e-07
858 3.095543e-07
859 1.879543e-07
860 1.111685e-07
861 6.771198e-08
862 4.322638e-08
863 2.907417e-08
864 0.000000e+00
865 0.000000e+00
866 0.000000e+00
867 0.000000e+00
868 0.000000e+00
869 0.000000e+00
870 9.993278e-07
871 7.302182e-07
872 5.419243e-07
873 3.431341e-07
874 2.082519e-07
875 1.231503e-07
876 7.498702e-08
877 4.784112e-08
878 3.216291e-08
879 0.000000e+00
880 0.000000e+00
881 0.000000e+00
882 0.000000e+00
883 0.000000e+00
884 0.000000e+00
885 1.071193e-06
886 7.827614e-07
887 5.809742e-07
888 3.683088e-07
889 2.234694e-07
890 1.321335e-07
891 8.044121e-08
892 5.130076e-08
893 3.447879e-08
894 0.000000e+00
895 0.000000e+00
896 0.000000e+00
897 0.000000e+00
898 0.000000e+00
899 0.000000e+00
900 1.127192e-06
901 8.237013e-07
902 6.114049e-07
903 3.879251e-07
904 2.353261e-07
905 1.391333e-07
906 8.469098e-08
907 5.399662e-08
908 3.628321e-08
909 0.000000e+00
910 0.000000e+00
911 0.000000e+00
912 0.000000e+00
913 0.000000e+00
914 0.000000e+00
915 1.180268e-06
916 8.625041e-07
917 6.402459e-07
918 4.065191e-07
919 2.465652e-07
920 1.457672e-07
921 8.871918e-08
922 5.655163e-08
923 3.799350e-08
924 0.000000e+00
925 0.000000e+00
926 0.000000e+00
927 0.000000e+00
928 0.000000e+00
929 0.000000e+00
930 1.228460e-06
931 8.977376e-07
932 6.664337e-07
933 4.234011e-07
934 2.567693e-07
935 1.517905e-07
936 9.237652e-08
937 5.887147e-08
938 3.954628e-08
939 0.000000e+00
940 0.000000e+00
941 0.000000e+00
942 0.000000e+00
943 0.000000e+00
944 0.000000e+00
945 1.284683e-06
946 9.388454e-07
947 6.969857e-07
948 4.430983e-07
949 2.686743e-07
950 1.588185e-07
951 9.664394e-08
952 6.157795e-08
953 4.135810e-08
954 0.000000e+00
955 0.000000e+00
956 0.000000e+00
957 0.000000e+00
958 0.000000e+00
959 0.000000e+00
960 3.369782e-07
961 2.683662e-07
962 1.946715e-07
963 1.459905e-07
964 9.031735e-08
965 5.528741e-08
966 3.213557e-08
967 1.921552e-08
968 1.204238e-08
969 7.973118e-09
970 0.000000e+00
971 0.000000e+00
972 0.000000e+00
973 0.000000e+00
974 0.000000e+00
975 5.201590e-07
976 4.171013e-07
977 3.028514e-07
978 2.269044e-07
979 1.422061e-07
980 8.670732e-08
981 5.036211e-08
982 3.007375e-08
983 1.877881e-08
984 1.239678e-08
985 0.000000e+00
986 0.000000e+00
987 0.000000e+00
988 0.000000e+00
989 0.000000e+00
990 6.448120e-07
991 5.183992e-07
992 3.765467e-07
993 2.820115e-07
994 1.775998e-07
995 1.081223e-07
996 6.278598e-08
997 3.747520e-08
998 2.336911e-08
999 1.541004e-08
1000 0.000000e+00
1001 0.000000e+00
1002 0.000000e+00
1003 0.000000e+00
1004 0.000000e+00
1005 7.382357e-07
1006 5.943126e-07
1007 4.317715e-07
1008 3.233096e-07
1009 2.041234e-07
1010 1.241698e-07
1011 7.209649e-08
1012 4.302199e-08
1013 2.680897e-08
1014 1.766814e-08
1015 0.000000e+00
1016 0.000000e+00
1017 0.000000e+00
1018 0.000000e+00
1019 0.000000e+00
1020 8.110400e-07
1021 6.534670e-07
1022 4.748068e-07
1023 3.554900e-07
1024 2.247934e-07
1025 1.366762e-07
1026 7.935215e-08
1027 4.734412e-08
1028 2.948968e-08
1029 1.942770e-08
1030 0.000000e+00
1031 0.000000e+00
1032 0.000000e+00
1033 0.000000e+00
1034 0.000000e+00
1035 8.800254e-07
1036 7.095243e-07
1037 5.155916e-07
1038 3.859857e-07
1039 2.443794e-07
1040 1.485270e-07
1041 8.622743e-08
1042 5.144028e-08
1043 3.202995e-08
1044 2.109535e-08
1045 0.000000e+00
1046 0.000000e+00
1047 0.000000e+00
1048 0.000000e+00
1049 0.000000e+00
1050 9.426736e-07
1051 7.604327e-07
1052 5.526249e-07
1053 4.136780e-07
1054 2.621647e-07
1055 1.592896e-07
1056 9.247120e-08
1057 5.515972e-08
1058 3.433673e-08
1059 2.260959e-08
1060 0.000000e+00
1061 0.000000e+00
1062 0.000000e+00
1063 0.000000e+00
1064 0.000000e+00
1065 1.015768e-06
1066 8.198310e-07
1067 5.958365e-07
1068 4.459927e-07
1069 2.829175e-07
1070 1.718473e-07
1071 9.975607e-08
1072 5.949995e-08
1073 3.702828e-08
1074 2.437647e-08
1075 0.000000e+00
1076 0.000000e+00
1077 0.000000e+00
1078 0.000000e+00
1079 0.000000e+00
1080 1.980211e-07
1081 1.800890e-07
1082 1.387406e-07
1083 1.003318e-07
1084 7.518207e-08
1085 4.345795e-08
1086 2.663493e-08
1087 1.535708e-08
1088 9.081318e-09
1089 5.649933e-09
1090 0.000000e+00
1091 0.000000e+00
1092 0.000000e+00
1093 0.000000e+00
1094 0.000000e+00
1095 3.303145e-07
1096 3.017394e-07
1097 2.334217e-07
1098 1.686940e-07
1099 1.265957e-07
1100 7.358846e-08
1101 4.522070e-08
1102 2.601099e-08
1103 1.532651e-08
1104 9.513337e-09
1105 0.000000e+00
1106 0.000000e+00
1107 0.000000e+00
1108 0.000000e+00
1109 0.000000e+00
1110 4.306280e-07
1111 3.940343e-07
1112 3.052904e-07
1113 2.205837e-07
1114 1.656231e-07
1115 9.648068e-08
1116 5.934315e-08
1117 3.410488e-08
1118 2.006900e-08
1119 1.244631e-08
1120 0.000000e+00
1121 0.000000e+00
1122 0.000000e+00
1123 0.000000e+00
1124 0.000000e+00
1125 5.087342e-07
1126 4.658887e-07
1127 3.612433e-07
1128 2.609829e-07
1129 1.960068e-07
1130 1.143025e-07
1131 7.033782e-08
1132 4.040618e-08
1133 2.376109e-08
1134 1.472977e-08
1135 0.000000e+00
1136 0.000000e+00
1137 0.000000e+00
1138 0.000000e+00
1139 0.000000e+00
1140 5.827486e-07
1141 5.339873e-07
1142 4.142683e-07
1143 2.992682e-07
1144 2.248018e-07
1145 1.311919e-07
1146 8.075741e-08
1147 4.637790e-08
1148 2.726008e-08
1149 1.689370e-08
1150 0.000000e+00
1151 0.000000e+00
1152 0.000000e+00
1153 0.000000e+00
1154 0.000000e+00
1155 6.499630e-07
1156 5.958254e-07
1157 4.624212e-07
1158 3.340351e-07
1159 2.509506e-07
1160 1.465295e-07
1161 9.021925e-08
1162 5.180077e-08
1163 3.043750e-08
1164 1.885873e-08
1165 0.000000e+00
1166 0.000000e+00
1167 0.000000e+00
1168 0.000000e+00
1169 0.000000e+00
1170 7.283846e-07
1171 6.679733e-07
1172 5.186008e-07
1173 3.745984e-07
1174 2.814577e-07
1175 1.644239e-07
1176 1.012585e-07
1177 5.812754e-08
1178 3.414473e-08
1179 2.115149e-08
1180 0.000000e+00
1181 0.000000e+00
1182 0.000000e+00
1183 0.000000e+00
1184 0.000000e+00
1185 1.314648e-07
1186 1.297622e-07
1187 1.091158e-07
1188 7.970674e-08
1189 5.921406e-08
1190 4.024340e-08
1191 2.374902e-08
1192 1.353095e-08
1193 7.822101e-09
1194 4.622350e-09
1195 2.895503e-09
1196 0.000000e+00
1197 0.000000e+00
1198 0.000000e+00
1199 0.000000e+00
1200 2.310051e-07
1201 2.286720e-07
1202 1.930201e-07
1203 1.412470e-07
1204 1.047574e-07
1205 7.170598e-08
1206 4.210329e-08
1207 2.402239e-08
1208 1.390624e-08
1209 8.202649e-09
1210 5.127493e-09
1211 0.000000e+00
1212 0.000000e+00
1213 0.000000e+00
1214 0.000000e+00
1215 3.091877e-07
1216 3.063845e-07
1217 2.589704e-07
1218 1.896291e-07
1219 1.405568e-07
1220 9.645235e-08
1221 5.653336e-08
1222 3.227251e-08
1223 1.869055e-08
1224 1.101777e-08
1225 6.882154e-09
1226 0.000000e+00
1227 0.000000e+00
1228 0.000000e+00
1229 0.000000e+00
1230 3.831935e-07
1231 3.799432e-07
1232 3.213903e-07
1233 2.354215e-07
1234 1.744400e-07
1235 1.198757e-07
1236 7.019122e-08
1237 4.008120e-08
1238 2.321897e-08
1239 1.368230e-08
1240 8.542871e-09
1241 0.000000e+00
1242 0.000000e+00
1243 0.000000e+00
1244 0.000000e+00
1245 4.503977e-07
1246 4.467362e-07
1247 3.780737e-07
1248 2.770046e-07
1249 2.052095e-07
1250 1.411454e-07
1251 8.259382e-08
1252 4.717229e-08
1253 2.733118e-08
1254 1.610194e-08
1255 1.005098e-08
1256 0.000000e+00
1257 0.000000e+00
1258 0.000000e+00
1259 0.000000e+00
1260 5.288015e-07
1261 5.246659e-07
1262 4.442070e-07
1263 3.255223e-07
1264 2.411084e-07
1265 1.659601e-07
1266 9.706421e-08
1267 5.544503e-08
1268 3.212871e-08
1269 1.892488e-08
1270 1.181051e-08
1271 0.000000e+00
1272 0.000000e+00
1273 0.000000e+00
1274 0.000000e+00
1275 9.453248e-08
1276 9.842826e-08
1277 8.906956e-08
1278 6.813923e-08
1279 4.925440e-08
1280 3.689386e-08
1281 2.084562e-08
1282 1.258864e-08
1283 7.113200e-09
1284 4.108579e-09
1285 2.459738e-09
1286 0.000000e+00
1287 0.000000e+00
1288 0.000000e+00
1289 0.000000e+00
1290 1.703620e-07
1291 1.777516e-07
1292 1.613471e-07
1293 1.237684e-07
1294 8.940927e-08
1295 6.707553e-08
1296 3.800664e-08
1297 2.302696e-08
1298 1.298228e-08
1299 7.480547e-09
1300 4.469730e-09
1301 0.000000e+00
1302 0.000000e+00
1303 0.000000e+00
1304 0.000000e+00
1305 2.424635e-07
1306 2.531893e-07
1307 2.301014e-07
1308 1.766983e-07
1309 1.276148e-07
1310 9.579447e-08
1311 5.434250e-08
1312 3.296555e-08
1313 1.856968e-08
1314 1.068970e-08
1315 6.382327e-09
1316 0.000000e+00
1317 0.000000e+00
1318 0.000000e+00
1319 0.000000e+00
1320 3.078577e-07
1321 3.216065e-07
1322 2.924568e-07
1323 2.247029e-07
1324 1.622652e-07
1325 1.218404e-07
1326 6.915697e-08
1327 4.197839e-08
1328 2.363663e-08
1329 1.359998e-08
1330 8.116900e-09
1331 0.000000e+00
1332 0.000000e+00
1333 0.000000e+00
1334 0.000000e+00
1335 3.841561e-07
1336 4.014323e-07
1337 3.652105e-07
1338 2.807097e-07
1339 2.026908e-07
1340 1.522281e-07
1341 8.644124e-08
1342 5.249408e-08
1343 2.954836e-08
1344 1.699550e-08
1345 1.014064e-08
1346 0.000000e+00
1347 0.000000e+00
1348 0.000000e+00
1349 0.000000e+00
1350 6.955975e-08
1351 7.528227e-08
1352 7.217658e-08
1353 5.847661e-08
1354 4.218509e-08
1355 3.180420e-08
1356 1.985670e-08
1357 1.217716e-08
1358 6.760289e-09
1359 3.722438e-09
1360 2.151819e-09
1361 1.308840e-09
1362 0.000000e+00
1363 0.000000e+00
1364 0.000000e+00
1365 1.384426e-07
1366 1.500993e-07
1367 1.442988e-07
1368 1.172856e-07
1369 8.466944e-08
1370 6.376768e-08
1371 4.010641e-08
1372 2.451727e-08
1373 1.361407e-08
1374 7.500349e-09
1375 4.324927e-09
1376 2.624393e-09
1377 0.000000e+00
1378 0.000000e+00
1379 0.000000e+00
1380 2.010031e-07
1381 2.180563e-07
1382 2.098198e-07
1383 1.707216e-07
1384 1.232755e-07
1385 9.281020e-08
1386 5.851418e-08
1387 3.573215e-08
1388 1.984300e-08
1389 1.093430e-08
1390 6.299816e-09
1391 3.819753e-09
1392 0.000000e+00
1393 0.000000e+00
1394 0.000000e+00
1395 2.739546e-07
1396 2.973002e-07
1397 2.862206e-07
1398 2.330303e-07
1399 1.682909e-07
1400 1.266749e-07
1401 7.997821e-08
1402 4.880901e-08
1403 2.710609e-08
1404 1.493828e-08
1405 8.602574e-09
1406 5.213599e-09
1407 0.000000e+00
1408 0.000000e+00
1409 0.000000e+00
1410 5.892559e-08
1411 6.576422e-08
1412 6.606580e-08
1413 5.674748e-08
1414 4.182787e-08
1415 3.080804e-08
1416 2.170310e-08
1417 1.238309e-08
1418 6.971334e-09
1419 3.944752e-09
1420 2.194238e-09
1421 1.279721e-09
1422 0.000000e+00
1423 0.000000e+00
1424 0.000000e+00
1425 1.179160e-07
1426 1.317877e-07
1427 1.326788e-07
1428 1.143048e-07
1429 8.439782e-08
1430 6.208336e-08
1431 4.394619e-08
1432 2.499087e-08
1433 1.409995e-08
1434 7.977318e-09
1435 4.434903e-09
1436 2.581345e-09
1437 0.000000e+00
1438 0.000000e+00
1439 0.000000e+00
1440 1.864659e-07
1441 2.085133e-07
1442 2.100928e-07
1443 1.811975e-07
1444 1.338744e-07
1445 9.843172e-08
1446 6.979941e-08
1447 3.964442e-08
1448 2.238585e-08
1449 1.266432e-08
1450 7.039246e-09
1451 4.094128e-09
1452 0.000000e+00
1453 0.000000e+00
1454 0.000000e+00
1455 5.136899e-08
1456 5.886734e-08
1457 6.153146e-08
1458 5.590740e-08
1459 4.287490e-08
1460 3.096665e-08
1461 2.325909e-08
1462 1.303989e-08
1463 7.799798e-09
1464 4.273339e-09
1465 2.355786e-09
1466 1.315383e-09
1467 0.000000e+00
1468 0.000000e+00
1469 0.000000e+00
1470 1.144184e-07
1471 1.312916e-07
1472 1.375004e-07
1473 1.252950e-07
1474 9.633717e-08
1475 6.954074e-08
1476 5.230452e-08
1477 2.941266e-08
1478 1.765429e-08
1479 9.654142e-09
1480 5.309453e-09
1481 2.958532e-09
1482 0.000000e+00
1483 0.000000e+00
1484 0.000000e+00
1485 5.365017e-08
1486 6.304199e-08
1487 6.835517e-08
1488 6.562460e-08
1489 5.321051e-08
1490 3.839459e-08
1491 2.896453e-08
1492 1.801033e-08
1493 1.096043e-08
1494 5.947815e-09
1495 3.132790e-09
1496 1.690204e-09
1497 9.412381e-10
1498 0.000000e+00
1499 0.000000e+00
1500 1.109684e-04
1501 8.086786e-05
1502 6.035546e-05
1503 3.805236e-05
1504 2.321989e-05
1505 1.369104e-05
1506 8.324421e-06
1507 5.304277e-06
1508 3.565556e-06
1509 0.000000e+00
1510 0.000000e+00
1511 0.000000e+00
1512 0.000000e+00
1513 0.000000e+00
1514 0.000000e+00
1515 5.757601e-05
1516 4.644359e-05
1517 3.369791e-05
1518 2.528332e-05
1519 1.597668e-05
1520 9.754545e-06
1521 5.648866e-06
1522 3.364481e-06
1523 2.093966e-06
1524 1.379138e-06
1525 0.000000e+00
1526 0.000000e+00
1527 0.000000e+00
1528 0.000000e+00
1529 0.000000e+00
1530 4.047788e-05
1531 3.713775e-05
1532 2.882267e-05
1533 2.080348e-05
1534 1.566222e-05
1535 9.111532e-06
1536 5.625604e-06
1537 3.225263e-06
1538 1.896511e-06
1539 1.174730e-06
1540 0.000000e+00
1541 0.000000e+00
1542 0.000000e+00
1543 0.000000e+00
1544 0.000000e+00
1545 2.912801e-05
1546 2.891312e-05
1547 2.448503e-05
1548 1.793535e-05
1549 1.328396e-05
1550 9.154542e-06
1551 5.351144e-06
1552 3.053081e-06
1553 1.771954e-06
1554 1.042590e-06
1555 6.506122e-07
1556 0.000000e+00
1557 0.000000e+00
1558 0.000000e+00
1559 0.000000e+00
1560 2.085098e-05
1561 2.179680e-05
1562 1.983793e-05
1563 1.524768e-05
1564 1.100576e-05
1565 8.274949e-06
1566 4.689296e-06
1567 2.850415e-06
1568 1.602925e-06
1569 9.233707e-07
1570 5.506294e-07
1571 0.000000e+00
1572 0.000000e+00
1573 0.000000e+00
1574 0.000000e+00
1575 1.487210e-05
1576 1.614453e-05
1577 1.554949e-05
1578 1.266314e-05
1579 9.143013e-06
1580 6.883420e-06
1581 4.347301e-06
1582 2.655947e-06
1583 1.474901e-06
1584 8.112783e-07
1585 4.673052e-07
1586 2.832009e-07
1587 0.000000e+00
1588 0.000000e+00
1589 0.000000e+00
1590 1.001028e-05
1591 1.119728e-05
1592 1.128693e-05
1593 9.739022e-06
1594 7.195644e-06
1595 5.289411e-06
1596 3.755371e-06
1597 2.130464e-06
1598 1.202339e-06
1599 6.811759e-07
1600 3.783133e-07
1601 2.200058e-07
1602 0.000000e+00
1603 0.000000e+00
1604 0.000000e+00
1605 6.201116e-06
1606 7.118100e-06
1607 7.458527e-06
1608 6.801106e-06
1609 5.231433e-06
1610 3.775220e-06
1611 2.841823e-06
1612 1.597077e-06
1613 9.596537e-07
1614 5.242846e-07
1615 2.885232e-07
1616 1.606418e-07
1617 0.000000e+00
1618 0.000000e+00
1619 0.000000e+00
1620 3.163407e-06
1621 3.720115e-06
1622 4.038202e-06
1623 3.883392e-06
1624 3.154630e-06
1625 2.276770e-06
1626 1.716871e-06
1627 1.071974e-06
1628 6.518364e-07
1629 3.538249e-07
1630 1.861971e-07
1631 1.003484e-07
1632 5.578990e-08
1633 0.000000e+00
1634 0.000000e+00
1635 8.891198e-07
1636 1.072208e-06
1637 1.206146e-06
1638 1.224576e-06
1639 1.066696e-06
1640 7.933436e-07
1641 5.815894e-07
1642 4.169104e-07
1643 2.343421e-07
1644 1.314261e-07
1645 7.164692e-08
1646 3.730540e-08
1647 1.958823e-08
1648 0.000000e+00
1649 0.000000e+00
