0 1.976882e-09
1 1.275658e-09
2 7.998508e-10
3 5.057589e-10
4 3.267486e-10
5 2.160470e-10
6 1.438569e-10
7 9.417406e-11
8 5.923411e-11
9 3.521109e-11
10 1.961088e-11
11 1.023767e-11
12 5.051071e-12
13 2.384091e-12
14 1.090190e-12
15 3.399300e-09
16 2.243548e-09
17 1.414545e-09
18 8.817012e-10
19 5.600951e-10
20 3.650481e-10
21 2.426216e-10
22 1.609588e-10
23 1.038976e-10
24 6.388810e-11
25 3.689283e-11
26 1.991525e-11
27 1.009333e-11
28 4.857037e-12
29 2.248582e-12
30 3.809619e-09
31 2.525773e-09
32 1.595877e-09
33 9.905419e-10
34 6.273540e-10
35 4.074111e-10
36 2.705830e-10
37 1.799969e-10
38 1.167694e-10
39 7.226056e-11
40 4.201713e-11
41 2.282075e-11
42 1.161483e-11
43 5.601665e-12
44 2.595210e-12
45 4.032094e-09
46 2.678590e-09
47 1.693900e-09
48 1.049287e-09
49 6.635972e-10
50 4.302746e-10
51 2.857600e-10
52 1.902542e-10
53 1.237290e-10
54 7.678649e-11
55 4.478085e-11
56 2.437851e-11
57 1.243005e-11
58 5.999077e-12
59 2.779643e-12
60 4.180994e-09
61 2.780648e-09
62 1.759227e-09
63 1.088422e-09
64 6.877527e-10
65 4.455744e-10
66 2.958900e-10
67 1.971577e-10
68 1.283757e-10
69 7.982494e-11
70 4.664384e-11
71 2.543273e-11
72 1.297471e-11
73 6.263216e-12
74 2.902711e-12
75 4.292507e-09
76 2.857395e-09
77 1.808655e-09
78 1.117897e-09
79 7.060010e-10
80 4.571315e-10
81 3.035111e-10
82 2.023378e-10
83 1.319044e-10
84 8.211883e-11
85 4.803354e-11
86 2.622018e-11
87 1.338693e-11
88 6.464770e-12
89 2.996041e-12
90 4.385744e-09
91 2.921158e-09
92 1.849341e-09
93 1.142637e-09
94 7.211961e-10
95 4.666075e-10
96 3.098052e-10
97 2.066328e-10
98 1.348392e-10
99 8.402910e-11
100 4.920426e-11
101 2.687611e-11
102 1.372914e-11
103 6.630813e-12
104 3.072577e-12
105 4.463100e-09
106 2.973987e-09
107 1.883632e-09
108 1.163074e-09
109 7.338053e-10
110 4.745918e-10
111 3.150914e-10
112 2.102090e-10
113 1.371875e-10
114 8.555377e-11
115 5.013055e-11
116 2.741386e-11
117 1.401398e-11
118 6.769766e-12
119 3.133812e-12
120 4.539239e-09
121 3.026627e-09
122 1.917325e-09
123 1.183071e-09
124 7.461328e-10
125 4.823788e-10
126 3.202050e-10
127 2.137256e-10
128 1.396236e-10
129 8.714093e-11
130 5.111356e-11
131 2.795442e-11
132 1.429216e-11
133 6.905867e-12
134 3.200368e-12
135 4.624918e-09
136 3.085139e-09
137 1.955443e-09
138 1.206022e-09
139 7.602201e-10
140 4.913070e-10
141 3.261222e-10
142 2.176790e-10
143 1.423475e-10
144 8.893423e-11
145 5.219664e-11
146 2.856743e-11
147 1.461319e-11
148 7.061100e-12
149 3.272261e-12
150 7.739056e-09
151 5.317101e-09
152 3.483500e-09
153 2.168191e-09
154 1.345873e-09
155 8.494346e-10
156 5.521687e-10
157 3.660733e-10
158 2.421529e-10
159 1.557249e-10
160 9.526171e-11
161 5.469332e-11
162 2.934707e-11
163 1.478840e-11
164 7.078202e-12
165 9.740056e-09
166 6.769610e-09
167 4.498686e-09
168 2.825791e-09
169 1.742821e-09
170 1.090931e-09
171 7.020545e-10
172 4.627837e-10
173 3.068221e-10
174 1.992222e-10
175 1.237735e-10
176 7.240812e-11
177 3.959772e-11
178 2.028818e-11
179 9.833727e-12
180 1.082274e-08
181 7.552716e-09
182 5.043880e-09
183 3.178926e-09
184 1.954774e-09
185 1.220601e-09
186 7.821732e-10
187 5.146479e-10
188 3.415538e-10
189 2.226513e-10
190 1.391454e-10
191 8.193235e-11
192 4.509668e-11
193 2.322986e-11
194 1.130299e-11
195 1.154869e-08
196 8.078411e-09
197 5.410203e-09
198 3.416099e-09
199 2.097103e-09
200 1.307423e-09
201 8.357762e-10
202 5.494948e-10
203 3.648928e-10
204 2.383837e-10
205 1.494476e-10
206 8.833286e-11
207 4.879269e-11
208 2.520533e-11
209 1.228600e-11
210 1.209058e-08
211 8.470242e-09
212 5.683514e-09
213 3.591930e-09
214 2.203408e-09
215 1.372045e-09
216 8.757680e-10
217 5.754578e-10
218 3.822861e-10
219 2.500770e-10
220 1.571059e-10
221 9.309331e-11
222 5.153397e-11
223 2.666656e-11
224 1.302201e-11
225 1.253961e-08
226 8.794972e-09
227 5.909147e-09
228 3.738964e-09
229 2.290605e-09
230 1.425717e-09
231 9.088860e-10
232 5.968831e-10
233 3.966336e-10
234 2.597809e-10
235 1.634799e-10
236 9.702476e-11
237 5.380381e-11
238 2.788108e-11
239 1.362328e-11
240 1.291309e-08
241 9.064366e-09
242 6.097513e-09
243 3.860824e-09
244 2.363860e-09
245 1.470393e-09
246 9.364141e-10
247 6.146089e-10
248 4.086393e-10
249 2.678686e-10
250 1.687746e-10
251 1.003105e-10
252 5.570487e-11
253 2.889751e-11
254 1.412304e-11
255 1.328029e-08
256 9.329073e-09
257 6.282179e-09
258 3.981153e-09
259 2.435439e-09
260 1.514205e-09
261 9.634823e-10
262 6.321177e-10
263 4.203824e-10
264 2.757840e-10
265 1.739649e-10
266 1.035362e-10
267 5.756289e-11
268 2.988618e-11
269 1.462113e-11
270 1.370312e-08
271 9.635732e-09
272 6.495615e-09
273 4.118403e-09
274 2.517697e-09
275 1.564646e-09
276 9.949737e-10
277 6.524903e-10
278 4.339572e-10
279 2.849475e-10
280 1.799886e-10
281 1.072719e-10
282 5.971084e-11
283 3.103532e-11
284 1.519318e-11
285 1.353474e-08
286 9.613529e-09
287 6.523441e-09
288 4.203103e-09
289 2.586009e-09
290 1.602881e-09
291 1.011401e-09
292 6.568332e-10
293 4.337028e-10
294 2.843219e-10
295 1.804280e-10
296 1.086887e-10
297 6.144251e-11
298 3.250627e-11
299 1.618407e-11
300 1.588986e-08
301 1.140730e-08
302 7.807607e-09
303 5.087134e-09
304 3.138683e-09
305 1.936044e-09
306 1.211877e-09
307 7.813548e-10
308 5.142674e-10
309 3.380240e-10
310 2.162178e-10
311 1.317931e-10
312 7.554135e-11
313 4.052398e-11
314 2.042031e-11
315 1.744618e-08
316 1.259076e-08
317 8.653344e-09
318 5.669745e-09
319 3.502378e-09
320 2.154182e-09
321 1.343510e-09
322 8.632476e-10
323 5.673309e-10
324 3.734358e-10
325 2.398316e-10
326 1.470347e-10
327 8.482991e-11
328 4.579288e-11
329 2.319489e-11
330 1.861300e-08
331 1.347745e-08
332 9.284350e-09
333 6.102951e-09
334 3.773665e-09
335 2.316801e-09
336 1.441534e-09
337 9.243530e-10
338 6.070327e-10
339 3.999146e-10
340 2.574695e-10
341 1.584157e-10
342 9.176556e-11
343 4.972715e-11
344 2.526684e-11
345 1.957861e-08
346 1.421083e-08
347 9.808302e-09
348 6.463723e-09
349 3.997843e-09
350 2.451624e-09
351 1.522713e-09
352 9.748325e-10
353 6.397362e-10
354 4.217376e-10
355 2.720542e-10
356 1.678263e-10
357 9.749497e-11
358 5.297460e-11
359 2.697654e-11
360 2.038077e-08
361 1.482038e-08
362 1.024468e-08
363 6.762513e-09
364 4.184275e-09
365 2.563714e-09
366 1.590101e-09
367 1.016816e-09
368 6.669778e-10
369 4.399496e-10
370 2.841889e-10
371 1.756570e-10
372 1.022649e-10
373 5.567837e-11
374 2.839829e-11
375 2.115987e-08
376 1.541217e-08
377 1.066667e-08
378 7.053465e-09
379 4.365179e-09
380 2.672579e-09
381 1.655692e-09
382 1.057617e-09
383 6.934493e-10
384 4.576342e-10
385 2.959955e-10
386 1.832696e-10
387 1.069001e-10
388 5.830623e-11
389 2.978101e-11
390 2.207283e-08
391 1.610665e-08
392 1.116201e-08
393 7.394194e-09
394 4.578104e-09
395 2.800777e-09
396 1.732970e-09
397 1.105718e-09
398 7.245345e-10
399 4.784219e-10
400 3.098579e-10
401 1.922206e-10
402 1.123547e-10
403 6.139337e-11
404 3.140696e-11
405 1.958897e-08
406 1.433908e-08
407 9.943278e-09
408 6.588108e-09
409 4.118166e-09
410 2.521837e-09
411 1.564053e-09
412 9.952560e-10
413 6.492728e-10
414 4.266122e-10
415 2.752407e-10
416 1.704585e-10
417 9.975171e-11
418 5.473990e-11
419 2.818172e-11
420 2.221082e-08
421 1.644119e-08
422 1.148564e-08
423 7.672501e-09
424 4.835732e-09
425 2.951431e-09
426 1.822990e-09
427 1.151626e-09
428 7.472292e-10
429 4.904866e-10
430 3.176768e-10
431 1.982943e-10
432 1.172671e-10
433 6.510368e-11
434 3.389314e-11
435 2.414497e-08
436 1.799187e-08
437 1.261797e-08
438 8.470330e-09
439 5.361852e-09
440 3.265515e-09
441 2.012922e-09
442 1.266168e-09
443 8.192798e-10
444 5.375049e-10
445 3.489522e-10
446 2.188102e-10
447 1.301651e-10
448 7.272394e-11
449 3.808300e-11
450 2.575466e-08
451 1.927627e-08
452 1.356036e-08
453 9.132070e-09
454 5.797618e-09
455 3.526390e-09
456 2.169913e-09
457 1.361195e-09
458 8.787018e-10
459 5.764248e-10
460 3.748436e-10
461 2.357944e-10
462 1.408417e-10
463 7.902923e-11
464 4.154933e-11
465 2.709107e-08
466 2.034432e-08
467 1.434000e-08
468 9.678674e-09
469 6.158888e-09
470 3.742504e-09
471 2.299865e-09
472 1.439726e-09
473 9.281884e-10
474 6.087134e-10
475 3.963198e-10
476 2.498844e-10
477 1.496989e-10
478 8.426018e-11
479 4.442371e-11
480 2.838661e-08
481 2.137699e-08
482 1.509852e-08
483 1.021106e-08
484 6.510889e-09
485 3.952306e-09
486 2.426612e-09
487 1.516070e-09
488 9.761601e-10
489 6.400942e-10
490 4.172243e-10
491 2.635957e-10
492 1.583155e-10
493 8.934322e-11
494 4.721654e-11
495 2.990234e-08
496 2.258763e-08
497 1.598341e-08
498 1.083374e-08
499 6.921141e-09
500 4.197379e-09
501 2.574421e-09
502 1.605462e-09
503 1.032258e-09
504 6.767556e-10
505 4.416072e-10
506 2.795736e-10
507 1.683700e-10
508 9.528493e-11
509 5.048180e-11
510 2.595498e-08
511 1.955975e-08
512 1.382993e-08
513 9.339067e-09
514 5.972533e-09
515 3.645226e-09
516 2.240155e-09
517 1.399480e-09
518 8.992914e-10
519 5.877201e-10
520 3.817108e-10
521 2.404797e-10
522 1.442451e-10
523 8.146198e-11
524 4.316832e-11
525 2.884084e-08
526 2.198029e-08
527 1.566065e-08
528 1.064430e-08
529 6.865535e-09
530 4.195404e-09
531 2.569966e-09
532 1.594973e-09
533 1.019062e-09
534 6.639098e-10
535 4.317050e-10
536 2.733878e-10
537 1.653204e-10
538 9.429086e-11
539 5.048407e-11
540 3.121353e-08
541 2.396566e-08
542 1.715868e-08
543 1.171290e-08
544 7.594931e-09
545 4.644699e-09
546 2.838336e-09
547 1.754369e-09
548 1.116505e-09
549 7.261523e-10
550 4.726035e-10
551 3.003214e-10
552 1.825660e-10
553 1.047774e-10
554 5.645413e-11
555 3.318069e-08
556 2.561287e-08
557 1.840334e-08
558 1.259767e-08
559 8.199946e-09
560 5.016167e-09
561 3.060978e-09
562 1.886601e-09
563 1.197537e-09
564 7.777547e-10
565 5.065231e-10
566 3.226603e-10
567 1.968695e-10
568 1.134735e-10
569 6.140373e-11
570 3.509658e-08
571 2.721666e-08
572 1.961503e-08
573 1.346028e-08
574 8.790057e-09
575 5.378806e-09
576 3.278049e-09
577 2.015318e-09
578 1.276428e-09
579 8.280876e-10
580 5.395922e-10
581 3.444368e-10
582 2.108115e-10
583 1.219510e-10
584 6.622941e-11
585 3.734134e-08
586 2.909100e-08
587 2.103041e-08
588 1.446741e-08
589 9.476806e-09
590 5.801265e-09
591 3.530955e-09
592 2.165252e-09
593 1.368294e-09
594 8.866735e-10
595 5.780983e-10
596 3.698030e-10
597 2.270550e-10
598 1.318262e-10
599 7.184984e-11
600 3.274136e-08
601 2.536917e-08
602 1.829895e-08
603 1.254782e-08
604 8.190404e-09
605 5.039801e-09
606 3.071002e-09
607 1.891209e-09
608 1.197058e-09
609 7.749998e-10
610 5.035774e-10
611 3.205619e-10
612 1.958053e-10
613 1.131865e-10
614 6.152127e-11
615 3.603276e-08
616 2.824112e-08
617 2.054510e-08
618 1.417430e-08
619 9.323279e-09
620 5.767006e-09
621 3.501946e-09
622 2.146766e-09
623 1.350114e-09
624 8.701397e-10
625 5.649047e-10
626 3.607382e-10
627 2.217670e-10
628 1.293068e-10
629 7.096873e-11
630 3.875170e-08
631 3.061184e-08
632 2.239891e-08
633 1.551221e-08
634 1.025606e-08
635 6.364556e-09
636 3.855993e-09
637 2.356663e-09
638 1.476113e-09
639 9.483989e-10
640 6.154083e-10
641 3.938450e-10
642 2.431634e-10
643 1.425871e-10
644 7.874512e-11
645 4.139543e-08
646 3.291702e-08
647 2.420093e-08
648 1.681563e-08
649 1.116350e-08
650 6.946004e-09
651 4.200130e-09
652 2.561030e-09
653 1.598525e-09
654 1.024517e-09
655 6.645432e-10
656 4.260546e-10
657 2.639785e-10
658 1.555062e-10
659 8.630882e-11
660 4.449114e-08
661 3.560937e-08
662 2.630577e-08
663 1.833570e-08
664 1.222131e-08
665 7.624149e-09
666 4.601856e-09
667 2.798992e-09
668 1.741251e-09
669 1.113294e-09
670 7.218271e-10
671 4.636145e-10
672 2.882555e-10
673 1.705734e-10
674 9.513088e-11
675 4.035868e-08
676 3.214390e-08
677 2.369640e-08
678 1.649161e-08
679 1.095591e-08
680 6.849480e-09
681 4.145136e-09
682 2.529379e-09
683 1.575525e-09
684 1.007104e-09
685 6.515976e-10
686 4.170048e-10
687 2.582257e-10
688 1.522419e-10
689 8.469446e-11
690 4.401389e-08
691 3.544844e-08
692 2.638188e-08
693 1.847098e-08
694 1.235187e-08
695 7.778029e-09
696 4.699586e-09
697 2.859115e-09
698 1.769504e-09
699 1.124560e-09
700 7.256681e-10
701 4.649908e-10
702 2.892902e-10
703 1.717975e-10
704 9.641282e-11
705 4.754945e-08
706 3.865436e-08
707 2.897762e-08
708 2.038917e-08
709 1.370322e-08
710 8.676594e-09
711 5.235559e-09
712 3.177804e-09
713 1.956959e-09
714 1.238158e-09
715 7.973863e-10
716 5.114489e-10
717 3.193685e-10
718 1.907300e-10
719 1.077584e-10
720 5.168810e-08
721 4.239991e-08
722 3.200360e-08
723 2.262417e-08
724 1.527746e-08
725 9.724122e-09
726 5.860374e-09
727 3.549566e-09
728 2.175421e-09
729 1.370626e-09
730 8.809188e-10
731 5.655860e-10
732 3.544239e-10
733 2.127940e-10
734 1.209806e-10
735 4.868096e-08
736 3.980652e-08
737 3.002287e-08
738 2.121996e-08
739 1.430659e-08
740 9.110390e-09
741 5.511054e-09
742 3.340314e-09
743 2.049116e-09
744 1.290976e-09
745 8.284799e-10
746 5.306468e-10
747 3.316524e-10
748 1.986612e-10
749 1.127754e-10
750 5.328861e-08
751 4.412111e-08
752 3.365199e-08
753 2.396557e-08
754 1.626176e-08
755 1.044481e-08
756 6.328986e-09
757 3.823945e-09
758 2.330407e-09
759 1.458081e-09
760 9.313622e-10
761 5.961326e-10
762 3.738218e-10
763 2.253948e-10
764 1.290785e-10
765 5.866495e-08
766 4.915495e-08
767 3.786872e-08
768 2.715880e-08
769 1.853707e-08
770 1.199841e-08
771 7.281476e-09
772 4.387471e-09
773 2.657636e-09
774 1.652573e-09
775 1.051072e-09
776 6.723552e-10
777 4.229120e-10
778 2.565174e-10
779 1.480573e-10
780 5.925418e-08
781 4.987923e-08
782 3.865501e-08
783 2.785960e-08
784 1.906870e-08
785 1.239463e-08
786 7.565039e-09
787 4.549351e-09
788 2.751197e-09
789 1.703807e-09
790 1.079119e-09
791 6.882607e-10
792 4.325317e-10
793 2.626723e-10
794 1.520912e-10
795 6.634520e-08
796 5.674880e-08
797 4.464878e-08
798 3.255249e-08
799 2.246355e-08
800 1.475601e-08
801 9.073782e-09
802 5.434996e-09
803 3.266159e-09
804 2.003300e-09
805 1.258361e-09
806 7.994811e-10
807 5.031423e-10
808 3.074235e-10
809 1.797268e-10
810 7.616284e-08
811 6.661063e-08
812 5.365132e-08
813 3.989794e-08
814 2.790176e-08
815 1.859374e-08
816 1.163199e-08
817 6.950147e-09
818 4.152438e-09
819 2.508498e-09
820 1.551281e-09
821 9.752179e-10
822 6.119586e-10
823 3.756986e-10
824 2.221167e-10
825 4.942766e-07
826 3.609822e-07
827 2.674681e-07
828 1.661375e-07
829 1.012712e-07
830 6.000281e-08
831 3.664800e-08
832 2.352599e-08
833 1.588881e-08
834 0.000000e+00
835 0.000000e+00
836 0.000000e+00
837 0.000000e+00
838 0.000000e+00
839 0.000000e+00
840 7.608777e-07
841 5.558880e-07
842 4.123477e-07
843 2.595985e-07
844 1.577612e-07
845 9.334419e-08
846 5.688971e-08
847 3.636214e-08
848 2.447942e-08
849 0.000000e+00
850 0.000000e+00
851 0.000000e+00
852 0.000000e+00
853 0.000000e+00
854 0.000000e+00
855 9.034708e-07
856 6.601392e-07
857 4.898343e-07
858 3.095543e-07
859 1.879543e-07
860 1.111685e-07
861 6.771198e-08
862 4.322638e-08
863 2.907417e-08
864 0.000000e+00
865 0.000000e+00
866 0.000000e+00
867 0.000000e+00
868 0.000000e+00
869 0.000000e+00
870 9.993278e-07
871 7.302182e-07
872 5.419243e-07
873 3.431341e-07
874 2.082519e-07
875 1.231503e-07
876 7.498702e-08
877 4.784112e-08
878 3.216291e-08
879 0.000000e+00
880 0.000000e+00
881 0.000000e+00
882 0.000000e+00
883 0.000000e+00
884 0.000000e+00
885 1.071193e-06
886 7.827614e-07
887 5.809742e-07
888 3.683088e-07
889 2.234694e-07
890 1.321335e-07
891 8.044121e-08
892 5.130076e-08
893 3.447879e-08
894 0.000000e+00
895 0.000000e+00
896 0.000000e+00
897 0.000000e+00
898 0.000000e+00
899 0.000000e+00
900 1.130745e-06
901 8.262989e-07
902 6.133357e-07
903 3.891697e-07
904 2.360785e-07
905 1.395774e-07
906 8.496063e-08
907 5.416766e-08
908 3.639772e-08
909 0.000000e+00
910 0.000000e+00
911 0.000000e+00
912 0.000000e+00
913 0.000000e+00
914 0.000000e+00
915 1.180268e-06
916 8.625041e-07
917 6.402459e-07
918 4.065191e-07
919 2.465652e-07
920 1.457672e-07
921 8.871918e-08
922 5.655163e-08
923 3.799350e-08
924 0.000000e+00
925 0.000000e+00
926 0.000000e+00
927 0.000000e+00
928 0.000000e+00
929 0.000000e+00
930 1.228460e-06
931 8.977376e-07
932 6.664337e-07
933 4.234011e-07
934 2.567693e-07
935 1.517905e-07
936 9.237652e-08
937 5.887147e-08
938 3.954628e-08
939 0.000000e+00
940 0.000000e+00
941 0.000000e+00
942 0.000000e+00
943 0.000000e+00
944 0.000000e+00
945 1.284683e-06
946 9.388454e-07
947 6.969857e-07
948 4.430983e-07
949 2.686743e-07
950 1.588185e-07
951 9.664394e-08
952 6.157795e-08
953 4.135810e-08
954 0.000000e+00
955 0.000000e+00
956 0.000000e+00
957 0.000000e+00
958 0.000000e+00
959 0.000000e+00
960 3.295119e-07
961 2.620934e-07
962 1.900776e-07
963 1.425809e-07
964 8.798995e-08
965 5.391178e-08
966 3.133782e-08
967 1.874147e-08
968 1.175316e-08
969 7.785886e-09
970 0.000000e+00
971 0.000000e+00
972 0.000000e+00
973 0.000000e+00
974 0.000000e+00
975 5.199656e-07
976 4.169354e-07
977 3.027287e-07
978 2.268143e-07
979 1.421417e-07
980 8.667025e-08
981 5.034046e-08
982 3.006084e-08
983 1.877106e-08
984 1.239177e-08
985 0.000000e+00
986 0.000000e+00
987 0.000000e+00
988 0.000000e+00
989 0.000000e+00
990 6.448117e-07
991 5.183989e-07
992 3.765465e-07
993 2.820114e-07
994 1.775997e-07
995 1.081223e-07
996 6.278595e-08
997 3.747518e-08
998 2.336909e-08
999 1.541003e-08
1000 0.000000e+00
1001 0.000000e+00
1002 0.000000e+00
1003 0.000000e+00
1004 0.000000e+00
1005 7.382357e-07
1006 5.943126e-07
1007 4.317715e-07
1008 3.233096e-07
1009 2.041234e-07
1010 1.241698e-07
1011 7.209649e-08
1012 4.302199e-08
1013 2.680897e-08
1014 1.766814e-08
1015 0.000000e+00
1016 0.000000e+00
1017 0.000000e+00
1018 0.000000e+00
1019 0.000000e+00
1020 8.156570e-07
1021 6.572186e-07
1022 4.775361e-07
1023 3.575310e-07
1024 2.261039e-07
1025 1.374694e-07
1026 7.981230e-08
1027 4.761833e-08
1028 2.965968e-08
1029 1.953933e-08
1030 0.000000e+00
1031 0.000000e+00
1032 0.000000e+00
1033 0.000000e+00
1034 0.000000e+00
1035 8.800254e-07
1036 7.095243e-07
1037 5.155916e-07
1038 3.859857e-07
1039 2.443794e-07
1040 1.485270e-07
1041 8.622743e-08
1042 5.144028e-08
1043 3.202995e-08
1044 2.109535e-08
1045 0.000000e+00
1046 0.000000e+00
1047 0.000000e+00
1048 0.000000e+00
1049 0.000000e+00
1050 9.426736e-07
1051 7.604327e-07
1052 5.526249e-07
1053 4.136780e-07
1054 2.621647e-07
1055 1.592896e-07
1056 9.247120e-08
1057 5.515972e-08
1058 3.433673e-08
1059 2.260959e-08
1060 0.000000e+00
1061 0.000000e+00
1062 0.000000e+00
1063 0.000000e+00
1064 0.000000e+00
1065 1.015768e-06
1066 8.198310e-07
1067 5.958365e-07
1068 4.459927e-07
1069 2.829175e-07
1070 1.718473e-07
1071 9.975607e-08
1072 5.949995e-08
1073 3.702828e-08
1074 2.437647e-08
1075 0.000000e+00
1076 0.000000e+00
1077 0.000000e+00
1078 0.000000e+00
1079 0.000000e+00
1080 1.914679e-07
1081 1.739479e-07
1082 1.338785e-07
1083 9.682699e-08
1084 7.253489e-08
1085 4.186639e-08
1086 2.564498e-08
1087 1.479430e-08
1088 8.756361e-09
1089 5.450711e-09
1090 0.000000e+00
1091 0.000000e+00
1092 0.000000e+00
1093 0.000000e+00
1094 0.000000e+00
1095 3.300526e-07
1096 3.014918e-07
1097 2.332228e-07
1098 1.685502e-07
1099 1.264870e-07
1100 7.352102e-08
1101 4.517895e-08
1102 2.598728e-08
1103 1.531299e-08
1104 9.505120e-09
1105 0.000000e+00
1106 0.000000e+00
1107 0.000000e+00
1108 0.000000e+00
1109 0.000000e+00
1110 4.306274e-07
1111 3.940337e-07
1112 3.052899e-07
1113 2.205833e-07
1114 1.656228e-07
1115 9.648052e-08
1116 5.934305e-08
1117 3.410482e-08
1118 2.006897e-08
1119 1.244629e-08
1120 0.000000e+00
1121 0.000000e+00
1122 0.000000e+00
1123 0.000000e+00
1124 0.000000e+00
1125 5.136893e-07
1126 4.704484e-07
1127 3.647931e-07
1128 2.635458e-07
1129 1.979344e-07
1130 1.154330e-07
1131 7.103528e-08
1132 4.080595e-08
1133 2.399533e-08
1134 1.487463e-08
1135 0.000000e+00
1136 0.000000e+00
1137 0.000000e+00
1138 0.000000e+00
1139 0.000000e+00
1140 5.827486e-07
1141 5.339873e-07
1142 4.142683e-07
1143 2.992682e-07
1144 2.248018e-07
1145 1.311919e-07
1146 8.075741e-08
1147 4.637790e-08
1148 2.726008e-08
1149 1.689370e-08
1150 0.000000e+00
1151 0.000000e+00
1152 0.000000e+00
1153 0.000000e+00
1154 0.000000e+00
1155 6.499630e-07
1156 5.958254e-07
1157 4.624212e-07
1158 3.340351e-07
1159 2.509506e-07
1160 1.465295e-07
1161 9.021925e-08
1162 5.180077e-08
1163 3.043750e-08
1164 1.885873e-08
1165 0.000000e+00
1166 0.000000e+00
1167 0.000000e+00
1168 0.000000e+00
1169 0.000000e+00
1170 7.283846e-07
1171 6.679733e-07
1172 5.186008e-07
1173 3.745984e-07
1174 2.814577e-07
1175 1.644239e-07
1176 1.012585e-07
1177 5.812754e-08
1178 3.414473e-08
1179 2.115149e-08
1180 0.000000e+00
1181 0.000000e+00
1182 0.000000e+00
1183 0.000000e+00
1184 0.000000e+00
1185 1.263234e-07
1186 1.245985e-07
1187 1.046738e-07
1188 7.642725e-08
1189 5.680157e-08
1190 3.853455e-08
1191 2.276976e-08
1192 1.296791e-08
1193 7.494275e-09
1194 4.430574e-09
1195 2.776832e-09
1196 0.000000e+00
1197 0.000000e+00
1198 0.000000e+00
1199 0.000000e+00
1200 2.307845e-07
1201 2.284480e-07
1202 1.928248e-07
1203 1.411016e-07
1204 1.046515e-07
1205 7.162901e-08
1206 4.205988e-08
1207 2.399726e-08
1208 1.389156e-08
1209 8.194103e-09
1210 5.122252e-09
1211 0.000000e+00
1212 0.000000e+00
1213 0.000000e+00
1214 0.000000e+00
1215 3.141438e-07
1216 3.113101e-07
1217 2.631504e-07
1218 1.926959e-07
1219 1.428262e-07
1220 9.802093e-08
1221 5.744802e-08
1222 3.279542e-08
1223 1.899383e-08
1224 1.119619e-08
1225 6.993379e-09
1226 0.000000e+00
1227 0.000000e+00
1228 0.000000e+00
1229 0.000000e+00
1230 3.831935e-07
1231 3.799432e-07
1232 3.213903e-07
1233 2.354215e-07
1234 1.744400e-07
1235 1.198757e-07
1236 7.019122e-08
1237 4.008120e-08
1238 2.321897e-08
1239 1.368230e-08
1240 8.542871e-09
1241 0.000000e+00
1242 0.000000e+00
1243 0.000000e+00
1244 0.000000e+00
1245 4.503977e-07
1246 4.467362e-07
1247 3.780737e-07
1248 2.770046e-07
1249 2.052095e-07
1250 1.411454e-07
1251 8.259382e-08
1252 4.717229e-08
1253 2.733118e-08
1254 1.610194e-08
1255 1.005098e-08
1256 0.000000e+00
1257 0.000000e+00
1258 0.000000e+00
1259 0.000000e+00
1260 5.288015e-07
1261 5.246659e-07
1262 4.442070e-07
1263 3.255223e-07
1264 2.411084e-07
1265 1.659601e-07
1266 9.706421e-08
1267 5.544503e-08
1268 3.212871e-08
1269 1.892488e-08
1270 1.181051e-08
1271 0.000000e+00
1272 0.000000e+00
1273 0.000000e+00
1274 0.000000e+00
1275 9.095928e-08
1276 9.466312e-08
1277 8.560130e-08
1278 6.544461e-08
1279 4.731337e-08
1280 3.542778e-08
1281 2.000321e-08
1282 1.207089e-08
1283 6.824128e-09
1284 3.943938e-09
1285 2.362226e-09
1286 0.000000e+00
1287 0.000000e+00
1288 0.000000e+00
1289 0.000000e+00
1290 1.750858e-07
1291 1.826923e-07
1292 1.658475e-07
1293 1.272313e-07
1294 9.190918e-08
1295 6.895426e-08
1296 3.907457e-08
1297 2.367642e-08
1298 1.334755e-08
1299 7.690433e-09
1300 4.594852e-09
1301 0.000000e+00
1302 0.000000e+00
1303 0.000000e+00
1304 0.000000e+00
1305 2.424634e-07
1306 2.531892e-07
1307 2.301013e-07
1308 1.766982e-07
1309 1.276148e-07
1310 9.579442e-08
1311 5.434247e-08
1312 3.296554e-08
1313 1.856967e-08
1314 1.068970e-08
1315 6.382324e-09
1316 0.000000e+00
1317 0.000000e+00
1318 0.000000e+00
1319 0.000000e+00
1320 3.078577e-07
1321 3.216065e-07
1322 2.924568e-07
1323 2.247029e-07
1324 1.622652e-07
1325 1.218404e-07
1326 6.915697e-08
1327 4.197839e-08
1328 2.363663e-08
1329 1.359998e-08
1330 8.116900e-09
1331 0.000000e+00
1332 0.000000e+00
1333 0.000000e+00
1334 0.000000e+00
1335 3.841561e-07
1336 4.014323e-07
1337 3.652105e-07
1338 2.807097e-07
1339 2.026908e-07
1340 1.522281e-07
1341 8.644124e-08
1342 5.249408e-08
1343 2.954836e-08
1344 1.699550e-08
1345 1.014064e-08
1346 0.000000e+00
1347 0.000000e+00
1348 0.000000e+00
1349 0.000000e+00
1350 7.201363e-08
1351 7.793278e-08
1352 7.470977e-08
1353 6.052084e-08
1354 4.365823e-08
1355 3.291644e-08
1356 2.054483e-08
1357 1.260118e-08
1358 6.995617e-09
1359 3.851762e-09
1360 2.226826e-09
1361 1.354594e-09
1362 0.000000e+00
1363 0.000000e+00
1364 0.000000e+00
1365 1.383955e-07
1366 1.500474e-07
1367 1.442482e-07
1368 1.172433e-07
1369 8.463890e-08
1370 6.374473e-08
1371 4.009109e-08
1372 2.450820e-08
1373 1.360904e-08
1374 7.497532e-09
1375 4.323353e-09
1376 2.623450e-09
1377 0.000000e+00
1378 0.000000e+00
1379 0.000000e+00
1380 2.010031e-07
1381 2.180563e-07
1382 2.098198e-07
1383 1.707216e-07
1384 1.232755e-07
1385 9.281020e-08
1386 5.851418e-08
1387 3.573215e-08
1388 1.984300e-08
1389 1.093430e-08
1390 6.299815e-09
1391 3.819753e-09
1392 0.000000e+00
1393 0.000000e+00
1394 0.000000e+00
1395 2.739546e-07
1396 2.973002e-07
1397 2.862206e-07
1398 2.330303e-07
1399 1.682909e-07
1400 1.266749e-07
1401 7.997821e-08
1402 4.880901e-08
1403 2.710609e-08
1404 1.493828e-08
1405 8.602574e-09
1406 5.213599e-09
1407 0.000000e+00
1408 0.000000e+00
1409 0.000000e+00
1410 5.791516e-08
1411 6.462773e-08
1412 6.491045e-08
1413 5.573894e-08
1414 4.107741e-08
1415 3.025908e-08
1416 2.130646e-08
1417 1.216066e-08
1418 6.844643e-09
1419 3.873151e-09
1420 2.154516e-09
1421 1.256798e-09
1422 0.000000e+00
1423 0.000000e+00
1424 0.000000e+00
1425 1.179087e-07
1426 1.317794e-07
1427 1.326702e-07
1428 1.142972e-07
1429 8.439212e-08
1430 6.207921e-08
1431 4.394314e-08
1432 2.498918e-08
1433 1.409897e-08
1434 7.976770e-09
1435 4.434599e-09
1436 2.581172e-09
1437 0.000000e+00
1438 0.000000e+00
1439 0.000000e+00
1440 1.864659e-07
1441 2.085133e-07
1442 2.100928e-07
1443 1.811975e-07
1444 1.338744e-07
1445 9.843172e-08
1446 6.979941e-08
1447 3.964442e-08
1448 2.238585e-08
1449 1.266432e-08
1450 7.039246e-09
1451 4.094128e-09
1452 0.000000e+00
1453 0.000000e+00
1454 0.000000e+00
1455 5.107109e-08
1456 5.852333e-08
1457 6.116787e-08
1458 5.557184e-08
1459 4.261363e-08
1460 3.077854e-08
1461 2.311686e-08
1462 1.295875e-08
1463 7.750348e-09
1464 4.246525e-09
1465 2.341199e-09
1466 1.307331e-09
1467 0.000000e+00
1468 0.000000e+00
1469 0.000000e+00
1470 1.144183e-07
1471 1.312915e-07
1472 1.375003e-07
1473 1.252949e-07
1474 9.633709e-08
1475 6.954069e-08
1476 5.230447e-08
1477 2.941263e-08
1478 1.765428e-08
1479 9.654133e-09
1480 5.309448e-09
1481 2.958530e-09
1482 0.000000e+00
1483 0.000000e+00
1484 0.000000e+00
1485 5.363801e-08
1486 6.302740e-08
1487 6.833936e-08
1488 6.560908e-08
1489 5.319792e-08
1490 3.838552e-08
1491 2.895771e-08
1492 1.800594e-08
1493 1.095779e-08
1494 5.946376e-09
1495 3.132032e-09
1496 1.689800e-09
1497 9.410151e-10
1498 0.000000e+00
1499 0.000000e+00
1500 1.109684e-04
1501 8.086786e-05
1502 6.035546e-05
1503 3.805236e-05
1504 2.321989e-05
1505 1.369104e-05
1506 8.324421e-06
1507 5.304277e-06
1508 3.565556e-06
1509 0.000000e+00
1510 0.000000e+00
1511 0.000000e+00
1512 0.000000e+00
1513 0.000000e+00
1514 0.000000e+00
1515 5.757601e-05
1516 4.644359e-05
1517 3.369791e-05
1518 2.528332e-05
1519 1.597668e-05
1520 9.754545e-06
1521 5.648866e-06
1522 3.364481e-06
1523 2.093966e-06
1524 1.379138e-06
1525 0.000000e+00
1526 0.000000e+00
1527 0.000000e+00
1528 0.000000e+00
1529 0.000000e+00
1530 4.047788e-05
1531 3.713775e-05
1532 2.882267e-05
1533 2.080348e-05
1534 1.566222e-05
1535 9.111532e-06
1536 5.625604e-06
1537 3.225263e-06
1538 1.896511e-06
1539 1.174730e-06
1540 0.000000e+00
1541 0.000000e+00
1542 0.000000e+00
1543 0.000000e+00
1544 0.000000e+00
1545 2.912801e-05
1546 2.891312e-05
1547 2.448503e-05
1548 1.793535e-05
1549 1.328396e-05
1550 9.154542e-06
1551 5.351144e-06
1552 3.053081e-06
1553 1.771954e-06
1554 1.042590e-06
1555 6.506122e-07
1556 0.000000e+00
1557 0.000000e+00
1558 0.000000e+00
1559 0.000000e+00
1560 2.085098e-05
1561 2.179680e-05
1562 1.983793e-05
1563 1.524768e-05
1564 1.100576e-05
1565 8.274949e-06
1566 4.689296e-06
1567 2.850415e-06
1568 1.602925e-06
1569 9.233707e-07
1570 5.506294e-07
1571 0.000000e+00
1572 0.000000e+00
1573 0.000000e+00
1574 0.000000e+00
1575 1.487210e-05
1576 1.614453e-05
1577 1.554949e-05
1578 1.266314e-05
1579 9.143013e-06
1580 6.883420e-06
1581 4.347301e-06
1582 2.655947e-06
1583 1.474901e-06
1584 8.112783e-07
1585 4.673052e-07
1586 2.832009e-07
1587 0.000000e+00
1588 0.000000e+00
1589 0.000000e+00
1590 1.001028e-05
1591 1.119728e-05
1592 1.128693e-05
1593 9.739022e-06
1594 7.195644e-06
1595 5.289411e-06
1596 3.755371e-06
1597 2.130464e-06
1598 1.202339e-06
1599 6.811759e-07
1600 3.783133e-07
1601 2.200058e-07
1602 0.000000e+00
1603 0.000000e+00
1604 0.000000e+00
1605 6.201116e-06
1606 7.118100e-06
1607 7.458527e-06
1608 6.801106e-06
1609 5.231433e-06
1610 3.775220e-06
1611 2.841823e-06
1612 1.597077e-06
1613 9.596537e-07
1614 5.242846e-07
1615 2.885232e-07
1616 1.606418e-07
1617 0.000000e+00
1618 0.000000e+00
1619 0.000000e+00
1620 3.163407e-06
1621 3.720115e-06
1622 4.038202e-06
1623 3.883392e-06
1624 3.154630e-06
1625 2.276770e-06
1626 1.716871e-06
1627 1.071974e-06
1628 6.518364e-07
1629 3.538249e-07
1630 1.861971e-07
1631 1.003484e-07
1632 5.578990e-08
1633 0.000000e+00
1634 0.000000e+00
1635 8.891198e-07
1636 1.072208e-06
1637 1.206146e-06
1638 1.224576e-06
1639 1.066696e-06
1640 7.933436e-07
1641 5.815894e-07
1642 4.169104e-07
1643 2.343421e-07
1644 1.314261e-07
1645 7.164692e-08
1646 3.730540e-08
1647 1.958823e-08
1648 0.000000e+00
1649 0.000000e+00
