0 2.219291e-09
1 1.441719e-09
2 9.064380e-10
3 5.710650e-10
4 3.671981e-10
5 2.416680e-10
6 1.607196e-10
7 1.055503e-10
8 6.685660e-11
9 4.013579e-11
10 2.260681e-11
11 1.194107e-11
12 5.950043e-12
13 2.829773e-12
14 1.300412e-12
15 3.759823e-09
16 2.499732e-09
17 1.588169e-09
18 9.900985e-10
19 6.262789e-10
20 4.056672e-10
21 2.684435e-10
22 1.780085e-10
23 1.153916e-10
24 7.155050e-11
25 4.178692e-11
26 2.285227e-11
27 1.173126e-11
28 5.706424e-12
29 2.663261e-12
30 4.304676e-09
31 2.881472e-09
32 1.840851e-09
33 1.146162e-09
34 7.220084e-10
35 4.652160e-10
36 3.069255e-10
37 2.036909e-10
38 1.326898e-10
39 8.293022e-11
40 4.892088e-11
41 2.702922e-11
42 1.400459e-11
43 6.863662e-12
44 3.220555e-12
45 4.605804e-09
46 3.092205e-09
47 1.980127e-09
48 1.232426e-09
49 7.748839e-10
50 4.981878e-10
51 3.281715e-10
52 2.178512e-10
53 1.422160e-10
54 8.918627e-11
55 5.283788e-11
56 2.933004e-11
57 1.526023e-11
58 7.503424e-12
59 3.528781e-12
60 4.807118e-09
61 3.233560e-09
62 2.073581e-09
63 1.290192e-09
64 8.103415e-10
65 5.202726e-10
66 3.424195e-10
67 2.273335e-10
68 1.485939e-10
69 9.338917e-11
70 5.547097e-11
71 3.087343e-11
72 1.610020e-11
73 7.932751e-12
74 3.735409e-12
75 4.958065e-09
76 3.339214e-09
77 2.143766e-09
78 1.333634e-09
79 8.369427e-10
80 5.368130e-10
81 3.531216e-10
82 2.344794e-10
83 1.534099e-10
84 9.655941e-11
85 5.745271e-11
86 3.203092e-11
87 1.673431e-11
88 8.253656e-12
89 3.890322e-12
90 5.098824e-09
91 3.437509e-09
92 2.208313e-09
93 1.373662e-09
94 8.615388e-10
95 5.522061e-10
96 3.630656e-10
97 2.410923e-10
98 1.578552e-10
99 9.947595e-11
100 5.927498e-11
101 3.309360e-11
102 1.730949e-11
103 8.545553e-12
104 4.030756e-12
105 5.188587e-09
106 3.500494e-09
107 2.250442e-09
108 1.399473e-09
109 8.774728e-10
110 5.619664e-10
111 3.693420e-10
112 2.453375e-10
113 1.606754e-10
114 1.013436e-10
115 6.046899e-11
116 3.379689e-11
117 1.769424e-11
118 8.744587e-12
119 4.127059e-12
120 5.290293e-09
121 3.572225e-09
122 2.298122e-09
123 1.428668e-09
124 8.953069e-10
125 5.731694e-10
126 3.765803e-10
127 2.501555e-10
128 1.639711e-10
129 1.035043e-10
130 6.181538e-11
131 3.458211e-11
132 1.812305e-11
133 8.961096e-12
134 4.231303e-12
135 5.407251e-09
136 3.653737e-09
137 2.352694e-09
138 1.462806e-09
139 9.161226e-10
140 5.861139e-10
141 3.849179e-10
142 2.556402e-10
143 1.676940e-10
144 1.059745e-10
145 6.335460e-11
146 3.549163e-11
147 1.861936e-11
148 9.212099e-12
149 4.352189e-12
150 7.886212e-09
151 5.428901e-09
152 3.565315e-09
153 2.226760e-09
154 1.380873e-09
155 8.706585e-10
156 5.646971e-10
157 3.737544e-10
158 2.471271e-10
159 1.590856e-10
160 9.755355e-11
161 5.620932e-11
162 3.028864e-11
163 1.532665e-11
164 7.361477e-12
165 9.967428e-09
166 6.948309e-09
167 4.629346e-09
168 2.921297e-09
169 1.802185e-09
170 1.127028e-09
171 7.230212e-10
172 4.754717e-10
173 3.148585e-10
174 2.045689e-10
175 1.274072e-10
176 7.483824e-11
177 4.113777e-11
178 2.119083e-11
179 1.032285e-11
180 1.117517e-08
181 7.833855e-09
182 5.250349e-09
183 3.330778e-09
184 2.051180e-09
185 1.278589e-09
186 8.160090e-10
187 5.350247e-10
188 3.543348e-10
189 2.310755e-10
190 1.448409e-10
191 8.575592e-11
192 4.753990e-11
193 2.468194e-11
194 1.209793e-11
195 1.198702e-08
196 8.430998e-09
197 5.668847e-09
198 3.605831e-09
199 2.219306e-09
200 1.380633e-09
201 8.788823e-10
202 5.751620e-10
203 3.809728e-10
204 2.489586e-10
205 1.566077e-10
206 9.313485e-11
207 5.186870e-11
208 2.704182e-11
209 1.329864e-11
210 1.259602e-08
211 8.878324e-09
212 5.983487e-09
213 3.812583e-09
214 2.345194e-09
215 1.457406e-09
216 9.260026e-10
217 6.053503e-10
218 4.009145e-10
219 2.623317e-10
220 1.653955e-10
221 9.865662e-11
222 5.510355e-11
223 2.880767e-11
224 1.419724e-11
225 1.313593e-08
226 9.273422e-09
227 6.259748e-09
228 3.994476e-09
229 2.456007e-09
230 1.524645e-09
231 9.674743e-10
232 6.319334e-10
233 4.185395e-10
234 2.741386e-10
235 1.731426e-10
236 1.034796e-10
237 5.792746e-11
238 3.034225e-11
239 1.497678e-11
240 1.351971e-08
241 9.556017e-09
242 6.459226e-09
243 4.126180e-09
244 2.536253e-09
245 1.573458e-09
246 9.973035e-10
247 6.509520e-10
248 4.312088e-10
249 2.826585e-10
250 1.787709e-10
251 1.070270e-10
252 6.001877e-11
253 3.148562e-11
254 1.555437e-11
255 1.392810e-08
256 9.856802e-09
257 6.670539e-09
258 4.265219e-09
259 2.621271e-09
260 1.625261e-09
261 1.028942e-09
262 6.711614e-10
263 4.446134e-10
264 2.916509e-10
265 1.846858e-10
266 1.107348e-10
267 6.219435e-11
268 3.266686e-11
269 1.615991e-11
270 1.440454e-08
271 1.020612e-08
272 6.915541e-09
273 4.426755e-09
274 2.719144e-09
275 1.685274e-09
276 1.066006e-09
277 6.947266e-10
278 4.601772e-10
279 3.021019e-10
280 1.915777e-10
281 1.150565e-10
282 6.472971e-11
283 3.404714e-11
284 1.686364e-11
285 1.364135e-08
286 9.704498e-09
287 6.590995e-09
288 4.252711e-09
289 2.620608e-09
290 1.623130e-09
291 1.023331e-09
292 6.638848e-10
293 4.379859e-10
294 2.870745e-10
295 1.822723e-10
296 1.099345e-10
297 6.225795e-11
298 3.300904e-11
299 1.647038e-11
300 1.604924e-08
301 1.154749e-08
302 7.913566e-09
303 5.164839e-09
304 3.194737e-09
305 1.968844e-09
306 1.231673e-09
307 7.928972e-10
308 5.211551e-10
309 3.423720e-10
310 2.190905e-10
311 1.337293e-10
312 7.682057e-11
313 4.132547e-11
314 2.088630e-11
315 1.770093e-08
316 1.281949e-08
317 8.827954e-09
318 5.797257e-09
319 3.595396e-09
320 2.209451e-09
321 1.376996e-09
322 8.826543e-10
323 5.788417e-10
324 3.806174e-10
325 2.445486e-10
326 1.502060e-10
327 8.692957e-11
328 4.711860e-11
329 2.397450e-11
330 1.894020e-08
331 1.377339e-08
332 9.514484e-09
333 6.271628e-09
334 3.896080e-09
335 2.390259e-09
336 1.486106e-09
337 9.499934e-10
338 6.221848e-10
339 4.093252e-10
340 2.636538e-10
341 1.625695e-10
342 9.451947e-11
343 5.147018e-11
344 2.629507e-11
345 2.001797e-08
346 1.459952e-08
347 1.010737e-08
348 6.679486e-09
349 4.154085e-09
350 2.546132e-09
351 1.579735e-09
352 1.008026e-09
353 6.594940e-10
354 4.340553e-10
355 2.800887e-10
356 1.731772e-10
357 1.010093e-10
358 5.518069e-11
359 2.827175e-11
360 2.082669e-08
361 1.522529e-08
362 1.055863e-08
363 6.991325e-09
364 4.352105e-09
365 2.664912e-09
366 1.651281e-09
367 1.052138e-09
368 6.878183e-10
369 4.528699e-10
370 2.926273e-10
371 1.813195e-10
372 1.060242e-10
373 5.806484e-11
374 2.981150e-11
375 2.165636e-08
376 1.586379e-08
377 1.101793e-08
378 7.309118e-09
379 4.552908e-09
380 2.785845e-09
381 1.724184e-09
382 1.097137e-09
383 7.167571e-10
384 4.720643e-10
385 3.054142e-10
386 1.895882e-10
387 1.110965e-10
388 6.097108e-11
389 3.136045e-11
390 2.262700e-08
391 1.661106e-08
392 1.155539e-08
393 7.679859e-09
394 4.788197e-09
395 2.927755e-09
396 1.809750e-09
397 1.150008e-09
398 7.506262e-10
399 4.945660e-10
400 3.203854e-10
401 1.992808e-10
402 1.170367e-10
403 6.437640e-11
404 3.317451e-11
405 1.967103e-08
406 1.441538e-08
407 1.000361e-08
408 6.632111e-09
409 4.150655e-09
410 2.541645e-09
411 1.576235e-09
412 1.002221e-09
413 6.533405e-10
414 4.291142e-10
415 2.768523e-10
416 1.715335e-10
417 1.004660e-10
418 5.519668e-11
419 2.845562e-11
420 2.233230e-08
421 1.655644e-08
422 1.157912e-08
423 7.740497e-09
424 4.885967e-09
425 2.983894e-09
426 1.842451e-09
427 1.162805e-09
428 7.537215e-10
429 4.944082e-10
430 3.201736e-10
431 1.999466e-10
432 1.183643e-10
433 6.581206e-11
434 3.432470e-11
435 2.434646e-08
436 1.818143e-08
437 1.277483e-08
438 8.585063e-09
439 5.446596e-09
440 3.321942e-09
441 2.046208e-09
442 1.285368e-09
443 8.303833e-10
444 5.441539e-10
445 3.531449e-10
446 2.215696e-10
447 1.320010e-10
448 7.391468e-11
449 3.881462e-11
450 2.606842e-08
451 1.956729e-08
452 1.379684e-08
453 9.303268e-09
454 5.921929e-09
455 3.608923e-09
456 2.218892e-09
457 1.389725e-09
458 8.955271e-10
459 5.865087e-10
460 3.811914e-10
461 2.399288e-10
462 1.435505e-10
463 8.076125e-11
464 4.260154e-11
465 2.740631e-08
466 2.065164e-08
467 1.459717e-08
468 9.867511e-09
469 6.298325e-09
470 3.836299e-09
471 2.355113e-09
472 1.471617e-09
473 9.466176e-10
474 6.196904e-10
475 4.032025e-10
476 2.543993e-10
477 1.527024e-10
478 8.621527e-11
479 4.563156e-11
480 2.875442e-08
481 2.173967e-08
482 1.539827e-08
483 1.043245e-08
484 6.674043e-09
485 4.062307e-09
486 2.491488e-09
487 1.553536e-09
488 9.978032e-10
489 6.529451e-10
490 4.252877e-10
491 2.688803e-10
492 1.618319e-10
493 9.162886e-11
494 4.863035e-11
495 3.033347e-08
496 2.300887e-08
497 1.633679e-08
498 1.109383e-08
499 7.113114e-09
500 4.327527e-09
501 2.650978e-09
502 1.649674e-09
503 1.057791e-09
504 6.919058e-10
505 4.510806e-10
506 2.857776e-10
507 1.724980e-10
508 9.797559e-11
509 5.214794e-11
510 2.602397e-08
511 1.962639e-08
512 1.388560e-08
513 9.380189e-09
514 6.002541e-09
515 3.665815e-09
516 2.252027e-09
517 1.406438e-09
518 9.033305e-10
519 5.901332e-10
520 3.832129e-10
521 2.414608e-10
522 1.448892e-10
523 8.187949e-11
524 4.342707e-11
525 2.893938e-08
526 2.207790e-08
527 1.574503e-08
528 1.070808e-08
529 6.911151e-09
530 4.227963e-09
531 2.588602e-09
532 1.606075e-09
533 1.025427e-09
534 6.676585e-10
535 4.340060e-10
536 2.748693e-10
537 1.662961e-10
538 9.492627e-11
539 5.088133e-11
540 3.142570e-08
541 2.416286e-08
542 1.732418e-08
543 1.183536e-08
544 7.681140e-09
545 4.706167e-09
546 2.874043e-09
547 1.775936e-09
548 1.129114e-09
549 7.336051e-10
550 4.771689e-10
551 3.032147e-10
552 1.844261e-10
553 1.059607e-10
554 5.718082e-11
555 3.339036e-08
556 2.582564e-08
557 1.859327e-08
558 1.274117e-08
559 8.303708e-09
560 5.091975e-09
561 3.104722e-09
562 1.912634e-09
563 1.212432e-09
564 7.863993e-10
565 5.117346e-10
566 3.259779e-10
567 1.990476e-10
568 1.149008e-10
569 6.230672e-11
570 3.535430e-08
571 2.747977e-08
572 1.984923e-08
573 1.363894e-08
574 8.919435e-09
575 5.473397e-09
576 3.332822e-09
577 2.048133e-09
578 1.295073e-09
579 8.388449e-10
580 5.460797e-10
581 3.485592e-10
582 2.135179e-10
583 1.237256e-10
584 6.735414e-11
585 3.765782e-08
586 2.941399e-08
587 2.132021e-08
588 1.468879e-08
589 9.637168e-09
590 5.918889e-09
591 3.599135e-09
592 2.206134e-09
593 1.391497e-09
594 9.000336e-10
595 5.861405e-10
596 3.749049e-10
597 2.304026e-10
598 1.340229e-10
599 7.324421e-11
600 3.279745e-08
601 2.542961e-08
602 1.834799e-08
603 1.258608e-08
604 8.217821e-09
605 5.059886e-09
606 3.082551e-09
607 1.898301e-09
608 1.201134e-09
609 7.773465e-10
610 5.049919e-10
611 3.214601e-10
612 1.963894e-10
613 1.135639e-10
614 6.175725e-11
615 3.616706e-08
616 2.835888e-08
617 2.064315e-08
618 1.424586e-08
619 9.372032e-09
620 5.801431e-09
621 3.522759e-09
622 2.159747e-09
623 1.357692e-09
624 8.746431e-10
625 5.676483e-10
626 3.624406e-10
627 2.228278e-10
628 1.299605e-10
629 7.136101e-11
630 3.887789e-08
631 3.074257e-08
632 2.251897e-08
633 1.560720e-08
634 1.032427e-08
635 6.415016e-09
636 3.886785e-09
637 2.375376e-09
638 1.486552e-09
639 9.543077e-10
640 6.189051e-10
641 3.960080e-10
642 2.445544e-10
643 1.434927e-10
644 7.932276e-11
645 4.156283e-08
646 3.309197e-08
647 2.436356e-08
648 1.694522e-08
649 1.125670e-08
650 7.015369e-09
651 4.243204e-09
652 2.586850e-09
653 1.613002e-09
654 1.032664e-09
655 6.693145e-10
656 4.289925e-10
657 2.658653e-10
658 1.567353e-10
659 8.709539e-11
660 4.470901e-08
661 3.584026e-08
662 2.652018e-08
663 1.850708e-08
664 1.234503e-08
665 7.715968e-09
666 4.658842e-09
667 2.833445e-09
668 1.760543e-09
669 1.124149e-09
670 7.281580e-10
671 4.674991e-10
672 2.907461e-10
673 1.721974e-10
674 9.617284e-11
675 4.049800e-08
676 3.224438e-08
677 2.376558e-08
678 1.653857e-08
679 1.098401e-08
680 6.866640e-09
681 4.156099e-09
682 2.536511e-09
683 1.580196e-09
684 1.010181e-09
685 6.535681e-10
686 4.182319e-10
687 2.589171e-10
688 1.526220e-10
689 8.487995e-11
690 4.411050e-08
691 3.553198e-08
692 2.644527e-08
693 1.851776e-08
694 1.238267e-08
695 7.798708e-09
696 4.713316e-09
697 2.867540e-09
698 1.774525e-09
699 1.127633e-09
700 7.275593e-10
701 4.661396e-10
702 2.899755e-10
703 1.721974e-10
704 9.664020e-11
705 4.767181e-08
706 3.875891e-08
707 2.906391e-08
708 2.045594e-08
709 1.374916e-08
710 8.707797e-09
711 5.257055e-09
712 3.190499e-09
713 1.964556e-09
714 1.242675e-09
715 8.000625e-10
716 5.130548e-10
717 3.203314e-10
718 1.913047e-10
719 1.080978e-10
720 5.183621e-08
721 4.253226e-08
722 3.212110e-08
723 2.271485e-08
724 1.534109e-08
725 9.768340e-09
726 5.891378e-09
727 3.567627e-09
728 2.186055e-09
729 1.376864e-09
730 8.845538e-10
731 5.677397e-10
732 3.557188e-10
733 2.135786e-10
734 1.214550e-10
735 4.872989e-08
736 3.985519e-08
737 3.006615e-08
738 2.125460e-08
739 1.433152e-08
740 9.128039e-09
741 5.522341e-09
742 3.347037e-09
743 2.052941e-09
744 1.293209e-09
745 8.298016e-10
746 5.314570e-10
747 3.321622e-10
748 1.989846e-10
749 1.129765e-10
750 5.335027e-08
751 4.418385e-08
752 3.370972e-08
753 2.401321e-08
754 1.629661e-08
755 1.046942e-08
756 6.345712e-09
757 3.833609e-09
758 2.336005e-09
759 1.461283e-09
760 9.332204e-10
761 5.972466e-10
762 3.745142e-10
763 2.258317e-10
764 1.293521e-10
765 5.875419e-08
766 4.924523e-08
767 3.795489e-08
768 2.723377e-08
769 1.859154e-08
770 1.203712e-08
771 7.308500e-09
772 4.402905e-09
773 2.666663e-09
774 1.657669e-09
775 1.053978e-09
776 6.740641e-10
777 4.239624e-10
778 2.571735e-10
779 1.484714e-10
780 5.930327e-08
781 4.992768e-08
782 3.869808e-08
783 2.789431e-08
784 1.909393e-08
785 1.241221e-08
786 7.576590e-09
787 4.556174e-09
788 2.755158e-09
789 1.706102e-09
790 1.080467e-09
791 6.890824e-10
792 4.330476e-10
793 2.629973e-10
794 1.522921e-10
795 6.640276e-08
796 5.680646e-08
797 4.470129e-08
798 3.259455e-08
799 2.249500e-08
800 1.477814e-08
801 9.088586e-09
802 5.443611e-09
803 3.271238e-09
804 2.006192e-09
805 1.260040e-09
806 8.004937e-10
807 5.037721e-10
808 3.078201e-10
809 1.799737e-10
810 7.622088e-08
811 6.666849e-08
812 5.370354e-08
813 3.993990e-08
814 2.793238e-08
815 1.861524e-08
816 1.164618e-08
817 6.958337e-09
818 4.157269e-09
819 2.511254e-09
820 1.552889e-09
821 9.761980e-10
822 6.125754e-10
823 3.760903e-10
824 2.223616e-10
825 5.048661e-07
826 3.687554e-07
827 2.732395e-07
828 1.700664e-07
829 1.036061e-07
830 6.137849e-08
831 3.747860e-08
832 2.404461e-08
833 1.623172e-08
834 0.000000e+00
835 0.000000e+00
836 0.000000e+00
837 0.000000e+00
838 0.000000e+00
839 0.000000e+00
840 7.611249e-07
841 5.560699e-07
842 4.124823e-07
843 2.596891e-07
844 1.578150e-07
845 9.337629e-08
846 5.690894e-08
847 3.637424e-08
848 2.448743e-08
849 0.000000e+00
850 0.000000e+00
851 0.000000e+00
852 0.000000e+00
853 0.000000e+00
854 0.000000e+00
855 9.036726e-07
856 6.602868e-07
857 4.899440e-07
858 3.096250e-07
859 1.879970e-07
860 1.111937e-07
861 6.772729e-08
862 4.323609e-08
863 2.908067e-08
864 0.000000e+00
865 0.000000e+00
866 0.000000e+00
867 0.000000e+00
868 0.000000e+00
869 0.000000e+00
870 9.995357e-07
871 7.303702e-07
872 5.420372e-07
873 3.432068e-07
874 2.082959e-07
875 1.231763e-07
876 7.500279e-08
877 4.785113e-08
878 3.216961e-08
879 0.000000e+00
880 0.000000e+00
881 0.000000e+00
882 0.000000e+00
883 0.000000e+00
884 0.000000e+00
885 1.071400e-06
886 7.829124e-07
887 5.810864e-07
888 3.683812e-07
889 2.235132e-07
890 1.321593e-07
891 8.045689e-08
892 5.131070e-08
893 3.448544e-08
894 0.000000e+00
895 0.000000e+00
896 0.000000e+00
897 0.000000e+00
898 0.000000e+00
899 0.000000e+00
900 1.133547e-06
901 8.283465e-07
902 6.148547e-07
903 3.901274e-07
904 2.366603e-07
905 1.399216e-07
906 8.517036e-08
907 5.430165e-08
908 3.648790e-08
909 0.000000e+00
910 0.000000e+00
911 0.000000e+00
912 0.000000e+00
913 0.000000e+00
914 0.000000e+00
915 1.180460e-06
916 8.626444e-07
917 6.403502e-07
918 4.065863e-07
919 2.466059e-07
920 1.457912e-07
921 8.873375e-08
922 5.656087e-08
923 3.799969e-08
924 0.000000e+00
925 0.000000e+00
926 0.000000e+00
927 0.000000e+00
928 0.000000e+00
929 0.000000e+00
930 1.228639e-06
931 8.978686e-07
932 6.665311e-07
933 4.234639e-07
934 2.568073e-07
935 1.518129e-07
936 9.239012e-08
937 5.888010e-08
938 3.955205e-08
939 0.000000e+00
940 0.000000e+00
941 0.000000e+00
942 0.000000e+00
943 0.000000e+00
944 0.000000e+00
945 1.284857e-06
946 9.389719e-07
947 6.970798e-07
948 4.431589e-07
949 2.687109e-07
950 1.588402e-07
951 9.665707e-08
952 6.158628e-08
953 4.136368e-08
954 0.000000e+00
955 0.000000e+00
956 0.000000e+00
957 0.000000e+00
958 0.000000e+00
959 0.000000e+00
960 3.374081e-07
961 2.687191e-07
962 1.949287e-07
963 1.461824e-07
964 9.044222e-08
965 5.536296e-08
966 3.217938e-08
967 1.924155e-08
968 1.205846e-08
969 7.983607e-09
970 0.000000e+00
971 0.000000e+00
972 0.000000e+00
973 0.000000e+00
974 0.000000e+00
975 5.204353e-07
976 4.173259e-07
977 3.030155e-07
978 2.270270e-07
979 1.422854e-07
980 8.675513e-08
981 5.038985e-08
982 3.009027e-08
983 1.878904e-08
984 1.240349e-08
985 0.000000e+00
986 0.000000e+00
987 0.000000e+00
988 0.000000e+00
989 0.000000e+00
990 6.450821e-07
991 5.186186e-07
992 3.767063e-07
993 2.821310e-07
994 1.776764e-07
995 1.081687e-07
996 6.281289e-08
997 3.749123e-08
998 2.337905e-08
999 1.541657e-08
1000 0.000000e+00
1001 0.000000e+00
1002 0.000000e+00
1003 0.000000e+00
1004 0.000000e+00
1005 7.385040e-07
1006 5.945306e-07
1007 4.319301e-07
1008 3.234281e-07
1009 2.041995e-07
1010 1.242158e-07
1011 7.212321e-08
1012 4.303791e-08
1013 2.681878e-08
1014 1.767462e-08
1015 0.000000e+00
1016 0.000000e+00
1017 0.000000e+00
1018 0.000000e+00
1019 0.000000e+00
1020 8.170353e-07
1021 6.583193e-07
1022 4.783349e-07
1023 3.581298e-07
1024 2.264763e-07
1025 1.376970e-07
1026 7.994456e-08
1027 4.769737e-08
1028 2.970914e-08
1029 1.957201e-08
1030 0.000000e+00
1031 0.000000e+00
1032 0.000000e+00
1033 0.000000e+00
1034 0.000000e+00
1035 8.802737e-07
1036 7.097261e-07
1037 5.157384e-07
1038 3.860955e-07
1039 2.444499e-07
1040 1.485697e-07
1041 8.625219e-08
1042 5.145503e-08
1043 3.203910e-08
1044 2.110135e-08
1045 0.000000e+00
1046 0.000000e+00
1047 0.000000e+00
1048 0.000000e+00
1049 0.000000e+00
1050 9.429088e-07
1051 7.606238e-07
1052 5.527640e-07
1053 4.137820e-07
1054 2.622315e-07
1055 1.593300e-07
1056 9.249463e-08
1057 5.517368e-08
1058 3.434539e-08
1059 2.261528e-08
1060 0.000000e+00
1061 0.000000e+00
1062 0.000000e+00
1063 0.000000e+00
1064 0.000000e+00
1065 1.015993e-06
1066 8.200137e-07
1067 5.959694e-07
1068 4.460921e-07
1069 2.829814e-07
1070 1.718859e-07
1071 9.977848e-08
1072 5.951330e-08
1073 3.703656e-08
1074 2.438191e-08
1075 0.000000e+00
1076 0.000000e+00
1077 0.000000e+00
1078 0.000000e+00
1079 0.000000e+00
1080 1.985172e-07
1081 1.805478e-07
1082 1.390992e-07
1083 1.005900e-07
1084 7.537670e-08
1085 4.357233e-08
1086 2.670523e-08
1087 1.539739e-08
1088 9.104995e-09
1089 5.664540e-09
1090 0.000000e+00
1091 0.000000e+00
1092 0.000000e+00
1093 0.000000e+00
1094 0.000000e+00
1095 3.306320e-07
1096 3.020324e-07
1097 2.336503e-07
1098 1.688590e-07
1099 1.267199e-07
1100 7.366163e-08
1101 4.526587e-08
1102 2.603685e-08
1103 1.534162e-08
1104 9.522673e-09
1105 0.000000e+00
1106 0.000000e+00
1107 0.000000e+00
1108 0.000000e+00
1109 0.000000e+00
1110 4.309158e-07
1111 3.942991e-07
1112 3.054966e-07
1113 2.207325e-07
1114 1.657351e-07
1115 9.654636e-08
1116 5.938367e-08
1117 3.412810e-08
1118 2.008261e-08
1119 1.245472e-08
1120 0.000000e+00
1121 0.000000e+00
1122 0.000000e+00
1123 0.000000e+00
1124 0.000000e+00
1125 5.139188e-07
1126 4.706518e-07
1127 3.649465e-07
1128 2.636572e-07
1129 1.980172e-07
1130 1.154793e-07
1131 7.106320e-08
1132 4.082227e-08
1133 2.400519e-08
1134 1.488085e-08
1135 0.000000e+00
1136 0.000000e+00
1137 0.000000e+00
1138 0.000000e+00
1139 0.000000e+00
1140 5.830147e-07
1141 5.342321e-07
1142 4.144590e-07
1143 2.994058e-07
1144 2.249053e-07
1145 1.312526e-07
1146 8.079487e-08
1147 4.639938e-08
1148 2.727266e-08
1149 1.690148e-08
1150 0.000000e+00
1151 0.000000e+00
1152 0.000000e+00
1153 0.000000e+00
1154 0.000000e+00
1155 6.502125e-07
1156 5.960550e-07
1157 4.625999e-07
1158 3.341642e-07
1159 2.510477e-07
1160 1.465864e-07
1161 9.025438e-08
1162 5.182091e-08
1163 3.044929e-08
1164 1.886602e-08
1165 0.000000e+00
1166 0.000000e+00
1167 0.000000e+00
1168 0.000000e+00
1169 0.000000e+00
1170 7.286253e-07
1171 6.681948e-07
1172 5.187733e-07
1173 3.747229e-07
1174 2.815513e-07
1175 1.644789e-07
1176 1.012924e-07
1177 5.814697e-08
1178 3.415612e-08
1179 2.115853e-08
1180 0.000000e+00
1181 0.000000e+00
1182 0.000000e+00
1183 0.000000e+00
1184 0.000000e+00
1185 1.319387e-07
1186 1.302337e-07
1187 1.095160e-07
1188 8.000030e-08
1189 5.943135e-08
1190 4.039393e-08
1191 2.383664e-08
1192 1.358102e-08
1193 7.851183e-09
1194 4.639447e-09
1195 2.906155e-09
1196 0.000000e+00
1197 0.000000e+00
1198 0.000000e+00
1199 0.000000e+00
1200 2.313205e-07
1201 2.289860e-07
1202 1.932873e-07
1203 1.414430e-07
1204 1.049025e-07
1205 7.180646e-08
1206 4.216180e-08
1207 2.405585e-08
1208 1.392566e-08
1209 8.214070e-09
1210 5.134600e-09
1211 0.000000e+00
1212 0.000000e+00
1213 0.000000e+00
1214 0.000000e+00
1215 3.136832e-07
1216 3.108491e-07
1217 2.627556e-07
1218 1.924051e-07
1219 1.426118e-07
1220 9.787029e-08
1221 5.736127e-08
1222 3.274560e-08
1223 1.896485e-08
1224 1.117921e-08
1225 6.982844e-09
1226 0.000000e+00
1227 0.000000e+00
1228 0.000000e+00
1229 0.000000e+00
1230 3.834590e-07
1231 3.802071e-07
1232 3.216143e-07
1233 2.355858e-07
1234 1.745616e-07
1235 1.199597e-07
1236 7.024023e-08
1237 4.010921e-08
1238 2.323522e-08
1239 1.369188e-08
1240 8.548830e-09
1241 0.000000e+00
1242 0.000000e+00
1243 0.000000e+00
1244 0.000000e+00
1245 4.506467e-07
1246 4.469837e-07
1247 3.782837e-07
1248 2.771587e-07
1249 2.053235e-07
1250 1.412242e-07
1251 8.263977e-08
1252 4.719856e-08
1253 2.734642e-08
1254 1.611090e-08
1255 1.005656e-08
1256 0.000000e+00
1257 0.000000e+00
1258 0.000000e+00
1259 0.000000e+00
1260 5.290422e-07
1261 5.249051e-07
1262 4.444099e-07
1263 3.256713e-07
1264 2.412186e-07
1265 1.660362e-07
1266 9.710862e-08
1267 5.547042e-08
1268 3.214344e-08
1269 1.893354e-08
1270 1.181591e-08
1271 0.000000e+00
1272 0.000000e+00
1273 0.000000e+00
1274 0.000000e+00
1275 9.493632e-08
1276 9.885071e-08
1277 8.945406e-08
1278 6.843500e-08
1279 4.946792e-08
1280 3.705430e-08
1281 2.093663e-08
1282 1.264407e-08
1283 7.144355e-09
1284 4.126495e-09
1285 2.470423e-09
1286 0.000000e+00
1287 0.000000e+00
1288 0.000000e+00
1289 0.000000e+00
1290 1.743170e-07
1291 1.818884e-07
1292 1.651158e-07
1293 1.266685e-07
1294 9.150277e-08
1295 6.864887e-08
1296 3.890122e-08
1297 2.357097e-08
1298 1.328827e-08
1299 7.656350e-09
1300 4.574517e-09
1301 0.000000e+00
1302 0.000000e+00
1303 0.000000e+00
1304 0.000000e+00
1305 2.427219e-07
1306 2.534597e-07
1307 2.303478e-07
1308 1.768880e-07
1309 1.277518e-07
1310 9.589739e-08
1311 5.440104e-08
1312 3.300117e-08
1313 1.858970e-08
1314 1.070120e-08
1315 6.389182e-09
1316 0.000000e+00
1317 0.000000e+00
1318 0.000000e+00
1319 0.000000e+00
1320 3.081010e-07
1321 3.218611e-07
1322 2.926888e-07
1323 2.248815e-07
1324 1.623942e-07
1325 1.219373e-07
1326 6.921209e-08
1327 4.201186e-08
1328 2.365548e-08
1329 1.361080e-08
1330 8.123354e-09
1331 0.000000e+00
1332 0.000000e+00
1333 0.000000e+00
1334 0.000000e+00
1335 3.843912e-07
1336 4.016785e-07
1337 3.654345e-07
1338 2.808821e-07
1339 2.028153e-07
1340 1.523216e-07
1341 8.649444e-08
1342 5.252645e-08
1343 2.956656e-08
1344 1.700596e-08
1345 1.014687e-08
1346 0.000000e+00
1347 0.000000e+00
1348 0.000000e+00
1349 0.000000e+00
1350 7.294130e-08
1351 7.895244e-08
1352 7.571012e-08
1353 6.135405e-08
1354 4.426300e-08
1355 3.336836e-08
1356 2.084430e-08
1357 1.277999e-08
1358 7.095064e-09
1359 3.906886e-09
1360 2.258029e-09
1361 1.373210e-09
1362 0.000000e+00
1363 0.000000e+00
1364 0.000000e+00
1365 1.386990e-07
1366 1.503778e-07
1367 1.445675e-07
1368 1.175049e-07
1369 8.482790e-08
1370 6.388686e-08
1371 4.018208e-08
1372 2.456333e-08
1373 1.363966e-08
1374 7.514457e-09
1375 4.333040e-09
1376 2.629299e-09
1377 0.000000e+00
1378 0.000000e+00
1379 0.000000e+00
1380 2.012354e-07
1381 2.183086e-07
1382 2.100629e-07
1383 1.709200e-07
1384 1.234188e-07
1385 9.291799e-08
1386 5.858250e-08
1387 3.577377e-08
1388 1.986612e-08
1389 1.094705e-08
1390 6.307145e-09
1391 3.824190e-09
1392 0.000000e+00
1393 0.000000e+00
1394 0.000000e+00
1395 2.741780e-07
1396 2.975429e-07
1397 2.864546e-07
1398 2.332212e-07
1399 1.684288e-07
1400 1.267786e-07
1401 8.004396e-08
1402 4.884906e-08
1403 2.712834e-08
1404 1.495054e-08
1405 8.609627e-09
1406 5.217868e-09
1407 0.000000e+00
1408 0.000000e+00
1409 0.000000e+00
1410 5.915870e-08
1411 6.602458e-08
1412 6.632785e-08
1413 5.697282e-08
1414 4.199421e-08
1415 3.093039e-08
1416 2.178963e-08
1417 1.243233e-08
1418 6.999075e-09
1419 3.960466e-09
1420 2.202970e-09
1421 1.284807e-09
1422 0.000000e+00
1423 0.000000e+00
1424 0.000000e+00
1425 1.181362e-07
1426 1.320341e-07
1427 1.329277e-07
1428 1.145197e-07
1429 8.455682e-08
1430 6.220016e-08
1431 4.402929e-08
1432 2.503798e-08
1433 1.412658e-08
1434 7.992382e-09
1435 4.443273e-09
1436 2.586205e-09
1437 0.000000e+00
1438 0.000000e+00
1439 0.000000e+00
1440 1.866764e-07
1441 2.087488e-07
1442 2.103305e-07
1443 1.814029e-07
1444 1.340263e-07
1445 9.854333e-08
1446 6.987879e-08
1447 3.968937e-08
1448 2.241129e-08
1449 1.267871e-08
1450 7.047243e-09
1451 4.098773e-09
1452 0.000000e+00
1453 0.000000e+00
1454 0.000000e+00
1455 5.154023e-08
1456 5.906362e-08
1457 6.173659e-08
1458 5.609388e-08
1459 4.301779e-08
1460 3.106985e-08
1461 2.333669e-08
1462 1.308330e-08
1463 7.825775e-09
1464 4.287560e-09
1465 2.363641e-09
1466 1.319768e-09
1467 0.000000e+00
1468 0.000000e+00
1469 0.000000e+00
1470 1.146116e-07
1471 1.315135e-07
1472 1.377333e-07
1473 1.255076e-07
1474 9.650102e-08
1475 6.965902e-08
1476 5.239354e-08
1477 2.946284e-08
1478 1.768450e-08
1479 9.670651e-09
1480 5.318505e-09
1481 2.963568e-09
1482 0.000000e+00
1483 0.000000e+00
1484 0.000000e+00
1485 5.379739e-08
1486 6.321504e-08
1487 6.854301e-08
1488 6.580458e-08
1489 5.335679e-08
1490 3.850013e-08
1491 2.904415e-08
1492 1.805989e-08
1493 1.099061e-08
1494 5.964196e-09
1495 3.141404e-09
1496 1.694852e-09
1497 9.438248e-10
1498 0.000000e+00
1499 0.000000e+00
1500 1.109684e-04
1501 8.086786e-05
1502 6.035546e-05
1503 3.805236e-05
1504 2.321989e-05
1505 1.369104e-05
1506 8.324421e-06
1507 5.304277e-06
1508 3.565556e-06
1509 0.000000e+00
1510 0.000000e+00
1511 0.000000e+00
1512 0.000000e+00
1513 0.000000e+00
1514 0.000000e+00
1515 5.757601e-05
1516 4.644359e-05
1517 3.369791e-05
1518 2.528332e-05
1519 1.597668e-05
1520 9.754545e-06
1521 5.648866e-06
1522 3.364481e-06
1523 2.093966e-06
1524 1.379138e-06
1525 0.000000e+00
1526 0.000000e+00
1527 0.000000e+00
1528 0.000000e+00
1529 0.000000e+00
1530 4.047788e-05
1531 3.713775e-05
1532 2.882267e-05
1533 2.080348e-05
1534 1.566222e-05
1535 9.111532e-06
1536 5.625604e-06
1537 3.225263e-06
1538 1.896511e-06
1539 1.174730e-06
1540 0.000000e+00
1541 0.000000e+00
1542 0.000000e+00
1543 0.000000e+00
1544 0.000000e+00
1545 2.912801e-05
1546 2.891312e-05
1547 2.448503e-05
1548 1.793535e-05
1549 1.328396e-05
1550 9.154542e-06
1551 5.351144e-06
1552 3.053081e-06
1553 1.771954e-06
1554 1.042590e-06
1555 6.506122e-07
1556 0.000000e+00
1557 0.000000e+00
1558 0.000000e+00
1559 0.000000e+00
1560 2.085098e-05
1561 2.179680e-05
1562 1.983793e-05
1563 1.524768e-05
1564 1.100576e-05
1565 8.274949e-06
1566 4.689296e-06
1567 2.850415e-06
1568 1.602925e-06
1569 9.233707e-07
1570 5.506294e-07
1571 0.000000e+00
1572 0.000000e+00
1573 0.000000e+00
1574 0.000000e+00
1575 1.487210e-05
1576 1.614453e-05
1577 1.554949e-05
1578 1.266314e-05
1579 9.143013e-06
1580 6.883420e-06
1581 4.347301e-06
1582 2.655947e-06
1583 1.474901e-06
1584 8.112783e-07
1585 4.673052e-07
1586 2.832009e-07
1587 0.000000e+00
1588 0.000000e+00
1589 0.000000e+00
1590 1.001028e-05
1591 1.119728e-05
1592 1.128693e-05
1593 9.739022e-06
1594 7.195644e-06
1595 5.289411e-06
1596 3.755371e-06
1597 2.130464e-06
1598 1.202339e-06
1599 6.811759e-07
1600 3.783133e-07
1601 2.200058e-07
1602 0.000000e+00
1603 0.000000e+00
1604 0.000000e+00
1605 6.201116e-06
1606 7.118100e-06
1607 7.458527e-06
1608 6.801106e-06
1609 5.231433e-06
1610 3.775220e-06
1611 2.841823e-06
1612 1.597077e-06
1613 9.596537e-07
1614 5.242846e-07
1615 2.885232e-07
1616 1.606418e-07
1617 0.000000e+00
1618 0.000000e+00
1619 0.000000e+00
1620 3.163407e-06
1621 3.720115e-06
1622 4.038202e-06
1623 3.883392e-06
1624 3.154630e-06
1625 2.276770e-06
1626 1.716871e-06
1627 1.071974e-06
1628 6.518364e-07
1629 3.538249e-07
1630 1.861971e-07
1631 1.003484e-07
1632 5.578990e-08
1633 0.000000e+00
1634 0.000000e+00
1635 8.891198e-07
1636 1.072208e-06
1637 1.206146e-06
1638 1.224576e-06
1639 1.066696e-06
1640 7.933436e-07
1641 5.815894e-07
1642 4.169104e-07
1643 2.343421e-07
1644 1.314261e-07
1645 7.164692e-08
1646 3.730540e-08
1647 1.958823e-08
1648 0.000000e+00
1649 0.000000e+00
