0 2.214533e-09
1 1.438396e-09
2 9.043389e-10
3 5.697677e-10
4 3.663768e-10
5 2.411805e-10
6 1.604167e-10
7 1.053377e-10
8 6.671401e-11
9 4.003924e-11
10 2.255013e-11
11 1.190288e-11
12 5.928923e-12
13 2.818942e-12
14 1.295394e-12
15 3.751147e-09
16 2.493478e-09
17 1.583915e-09
18 9.872300e-10
19 6.245003e-10
20 4.046358e-10
21 2.678026e-10
22 1.776019e-10
23 1.151160e-10
24 7.135814e-11
25 4.166348e-11
26 2.277426e-11
27 1.168584e-11
28 5.682320e-12
29 2.651176e-12
30 4.291894e-09
31 2.871992e-09
32 1.834047e-09
33 1.141731e-09
34 7.193068e-10
35 4.636403e-10
36 3.059019e-10
37 2.030615e-10
38 1.322557e-10
39 8.262563e-11
40 4.871986e-11
41 2.690823e-11
42 1.393416e-11
43 6.825698e-12
44 3.201030e-12
45 4.589602e-09
46 3.080442e-09
47 1.971846e-09
48 1.226856e-09
49 7.715274e-10
50 4.961305e-10
51 3.269261e-10
52 2.170454e-10
53 1.416833e-10
54 8.882431e-11
55 5.259729e-11
56 2.917429e-11
57 1.517056e-11
58 7.454663e-12
59 3.503841e-12
60 4.789027e-09
61 3.220238e-09
62 2.064097e-09
63 1.283872e-09
64 8.064876e-10
65 5.179596e-10
66 3.410306e-10
67 2.264652e-10
68 1.479948e-10
69 9.298743e-11
70 5.521289e-11
71 3.070923e-11
72 1.600156e-11
73 7.876403e-12
74 3.707584e-12
75 4.938977e-09
76 3.324968e-09
77 2.133496e-09
78 1.326611e-09
79 8.327456e-10
80 5.343378e-10
81 3.516006e-10
82 2.335160e-10
83 1.527788e-10
84 9.613228e-11
85 5.716485e-11
86 3.185002e-11
87 1.662561e-11
88 8.194096e-12
89 3.859759e-12
90 5.060245e-09
91 3.410160e-09
92 2.189704e-09
93 1.361610e-09
94 8.541617e-10
95 5.476108e-10
96 3.602004e-10
97 2.392571e-10
98 1.566512e-10
99 9.867238e-11
100 5.876411e-11
101 3.278539e-11
102 1.713340e-11
103 8.452126e-12
104 3.984095e-12
105 5.167035e-09
106 3.484510e-09
107 2.239301e-09
108 1.392185e-09
109 8.728484e-10
110 5.592678e-10
111 3.677055e-10
112 2.442734e-10
113 1.599578e-10
114 1.008528e-10
115 6.012454e-11
116 3.359532e-11
117 1.757771e-11
118 8.678171e-12
119 4.089627e-12
120 5.268288e-09
121 3.555774e-09
122 2.286346e-09
123 1.421160e-09
124 8.906278e-10
125 5.703006e-10
126 3.748067e-10
127 2.490385e-10
128 1.632226e-10
129 1.029988e-10
130 6.147881e-11
131 3.437357e-11
132 1.799865e-11
133 8.892263e-12
134 4.195986e-12
135 5.383786e-09
136 3.636212e-09
137 2.340164e-09
138 1.454442e-09
139 9.110067e-10
140 5.830460e-10
141 3.830566e-10
142 2.544638e-10
143 1.669162e-10
144 1.054487e-10
145 6.300358e-11
146 3.526751e-11
147 1.848552e-11
148 9.138084e-12
149 4.314121e-12
150 7.878505e-09
151 5.422869e-09
152 3.560901e-09
153 2.223422e-09
154 1.378859e-09
155 8.694088e-10
156 5.639813e-10
157 3.733114e-10
158 2.468371e-10
159 1.588893e-10
160 9.742018e-11
161 5.612193e-11
162 3.023379e-11
163 1.529467e-11
164 7.344697e-12
165 9.953787e-09
166 6.937475e-09
167 4.621288e-09
168 2.915426e-09
169 1.798476e-09
170 1.124718e-09
171 7.217593e-10
172 4.746856e-10
173 3.143517e-10
174 2.042357e-10
175 1.271842e-10
176 7.468763e-11
177 4.104291e-11
178 2.113828e-11
179 1.029300e-11
180 1.115325e-08
181 7.816941e-09
182 5.237645e-09
183 3.320895e-09
184 2.045144e-09
185 1.274988e-09
186 8.140726e-10
187 5.337791e-10
188 3.535509e-10
189 2.305682e-10
190 1.445023e-10
191 8.552673e-11
192 4.739344e-11
193 2.459477e-11
194 1.204998e-11
195 1.196041e-08
196 8.409595e-09
197 5.653194e-09
198 3.594427e-09
199 2.211712e-09
200 1.376252e-09
201 8.762331e-10
202 5.736588e-10
203 3.799805e-10
204 2.483174e-10
205 1.561745e-10
206 9.284498e-11
207 5.168424e-11
208 2.693016e-11
209 1.323681e-11
210 1.256472e-08
211 8.853098e-09
212 5.965261e-09
213 3.798615e-09
214 2.336451e-09
215 1.452085e-09
216 9.228731e-10
217 6.034671e-10
218 3.997263e-10
219 2.615704e-10
220 1.648829e-10
221 9.831252e-11
222 5.488839e-11
223 2.867474e-11
224 1.412503e-11
225 1.305627e-08
226 9.212923e-09
227 6.216729e-09
228 3.965145e-09
229 2.437242e-09
230 1.513556e-09
231 9.605885e-10
232 6.276567e-10
233 4.157776e-10
234 2.723333e-10
235 1.719673e-10
236 1.027330e-10
237 5.747683e-11
238 3.008578e-11
239 1.484151e-11
240 1.348212e-08
241 9.525726e-09
242 6.436637e-09
243 4.109850e-09
244 2.525666e-09
245 1.567284e-09
246 9.934733e-10
247 6.486158e-10
248 4.297798e-10
249 2.817281e-10
250 1.781445e-10
251 1.066012e-10
252 5.974868e-11
253 3.132238e-11
254 1.546503e-11
255 1.388923e-08
256 9.824297e-09
257 6.646585e-09
258 4.248364e-09
259 2.609465e-09
260 1.618234e-09
261 1.024851e-09
262 6.686714e-10
263 4.431025e-10
264 2.906686e-10
265 1.840258e-10
266 1.102925e-10
267 6.190903e-11
268 3.249491e-11
269 1.606491e-11
270 1.436173e-08
271 1.017079e-08
272 6.889414e-09
273 4.407585e-09
274 2.706326e-09
275 1.677646e-09
276 1.061493e-09
277 6.920872e-10
278 4.585271e-10
279 3.010326e-10
280 1.908551e-10
281 1.145719e-10
282 6.440930e-11
283 3.385833e-11
284 1.675787e-11
285 1.362716e-08
286 9.692694e-09
287 6.582198e-09
288 4.246366e-09
289 2.616321e-09
290 1.620579e-09
291 1.021872e-09
292 6.630049e-10
293 4.374386e-10
294 2.867146e-10
295 1.820309e-10
296 1.097735e-10
297 6.215564e-11
298 3.294735e-11
299 1.643585e-11
300 1.602895e-08
301 1.153039e-08
302 7.901051e-09
303 5.155326e-09
304 3.188108e-09
305 1.965031e-09
306 1.229331e-09
307 7.914971e-10
308 5.203264e-10
309 3.418345e-10
310 2.187387e-10
311 1.334945e-10
312 7.666798e-11
313 4.123170e-11
314 2.083263e-11
315 1.767205e-08
316 1.279399e-08
317 8.809612e-09
318 5.783577e-09
319 3.585642e-09
320 2.203712e-09
321 1.373452e-09
322 8.805627e-10
323 5.775992e-10
324 3.798319e-10
325 2.440313e-10
326 1.498608e-10
327 8.670561e-11
328 4.697954e-11
329 2.389370e-11
330 1.890643e-08
331 1.374274e-08
332 9.489507e-09
333 6.252320e-09
334 3.883213e-09
335 2.382568e-09
336 1.481268e-09
337 9.472584e-10
338 6.205984e-10
339 4.083131e-10
340 2.629763e-10
341 1.621177e-10
342 9.422440e-11
343 5.128589e-11
344 2.618741e-11
345 1.990607e-08
346 1.451105e-08
347 1.004307e-08
348 6.635106e-09
349 4.124508e-09
350 2.527687e-09
351 1.568666e-09
352 1.001297e-09
353 6.552913e-10
354 4.313552e-10
355 2.783365e-10
356 1.720549e-10
357 1.003160e-10
358 5.477578e-11
359 2.804620e-11
360 2.077876e-08
361 1.518218e-08
362 1.052579e-08
363 6.967111e-09
364 4.334698e-09
365 2.654336e-09
366 1.644812e-09
367 1.048371e-09
368 6.856011e-10
369 4.514906e-10
370 2.917264e-10
371 1.807179e-10
372 1.056286e-10
373 5.781566e-11
374 2.966473e-11
375 2.160405e-08
376 1.581645e-08
377 1.098132e-08
378 7.282446e-09
379 4.533676e-09
380 2.774081e-09
381 1.717130e-09
382 1.093022e-09
383 7.143229e-10
384 4.705576e-10
385 3.044300e-10
386 1.889314e-10
387 1.106636e-10
388 6.069885e-11
389 3.119988e-11
390 2.256941e-08
391 1.655931e-08
392 1.151464e-08
393 7.650782e-09
394 4.767013e-09
395 2.914852e-09
396 1.801951e-09
397 1.145478e-09
398 7.479531e-10
399 4.929103e-10
400 3.193074e-10
401 1.985617e-10
402 1.165708e-10
403 6.407532e-11
404 3.299883e-11
405 1.965176e-08
406 1.439825e-08
407 9.990535e-09
408 6.622268e-09
409 4.143817e-09
410 2.537648e-09
411 1.573740e-09
412 1.000771e-09
413 6.524701e-10
414 4.285589e-10
415 2.764944e-10
416 1.712964e-10
417 1.003119e-10
418 5.510103e-11
419 2.839997e-11
420 2.230633e-08
421 1.653332e-08
422 1.156126e-08
423 7.727620e-09
424 4.876807e-09
425 2.978178e-09
426 1.839017e-09
427 1.160769e-09
428 7.525270e-10
429 4.936592e-10
430 3.196891e-10
431 1.996244e-10
432 1.181558e-10
433 6.568109e-11
434 3.424778e-11
435 2.430665e-08
436 1.814964e-08
437 1.274934e-08
438 8.566517e-09
439 5.433322e-09
440 3.313128e-09
441 2.041145e-09
442 1.282370e-09
443 8.286392e-10
444 5.430769e-10
445 3.524556e-10
446 2.211158e-10
447 1.317033e-10
448 7.372632e-11
449 3.870182e-11
450 2.593866e-08
451 1.946000e-08
452 1.371622e-08
453 9.247747e-09
454 5.884598e-09
455 3.585553e-09
456 2.204761e-09
457 1.381148e-09
458 8.901217e-10
459 5.831280e-10
460 3.790125e-10
461 2.385324e-10
462 1.426814e-10
463 8.024356e-11
464 4.231032e-11
465 2.735626e-08
466 2.060497e-08
467 1.455928e-08
468 9.839818e-09
469 6.278318e-09
470 3.823100e-09
471 2.347354e-09
472 1.467125e-09
473 9.439558e-10
474 6.180807e-10
475 4.021828e-10
476 2.537289e-10
477 1.522611e-10
478 8.593266e-11
479 4.545984e-11
480 2.869768e-08
481 2.168301e-08
482 1.535598e-08
483 1.040045e-08
484 6.651166e-09
485 4.047404e-09
486 2.482566e-09
487 1.548362e-09
488 9.947677e-10
489 6.511168e-10
490 4.241127e-10
491 2.681088e-10
492 1.613227e-10
493 9.130687e-11
494 4.843452e-11
495 3.026792e-08
496 2.294773e-08
497 1.628686e-08
498 1.105710e-08
499 7.086506e-09
500 4.309708e-09
501 2.640478e-09
502 1.643583e-09
503 1.054235e-09
504 6.897668e-10
505 4.497299e-10
506 2.848917e-10
507 1.719128e-10
508 9.759904e-11
509 5.191821e-11
510 2.599971e-08
511 1.960475e-08
512 1.386878e-08
513 9.367876e-09
514 5.993693e-09
515 3.660240e-09
516 2.248764e-09
517 1.404474e-09
518 9.021760e-10
519 5.894112e-10
520 3.827491e-10
521 2.411565e-10
522 1.446935e-10
523 8.175665e-11
524 4.335412e-11
525 2.891093e-08
526 2.205203e-08
527 1.572412e-08
528 1.069216e-08
529 6.900407e-09
530 4.220839e-09
531 2.584489e-09
532 1.603582e-09
533 1.023978e-09
534 6.667612e-10
535 4.334357e-10
536 2.744966e-10
537 1.660536e-10
538 9.477359e-11
539 5.078996e-11
540 3.128322e-08
541 2.404785e-08
542 1.723838e-08
543 1.177531e-08
544 7.641234e-09
545 4.680740e-09
546 2.858828e-09
547 1.766609e-09
548 1.123328e-09
549 7.299482e-10
550 4.748134e-10
551 3.017060e-10
552 1.834881e-10
553 1.054034e-10
554 5.686778e-11
555 3.334942e-08
556 2.578704e-08
557 1.856000e-08
558 1.271748e-08
559 8.286932e-09
560 5.080348e-09
561 3.098049e-09
562 1.908825e-09
563 1.210124e-09
564 7.850094e-10
565 5.108642e-10
566 3.254128e-10
567 1.986786e-10
568 1.146646e-10
569 6.216255e-11
570 3.530899e-08
571 2.743696e-08
572 1.981367e-08
573 1.361252e-08
574 8.900537e-09
575 5.460446e-09
576 3.325297e-09
577 2.043655e-09
578 1.292479e-09
579 8.372938e-10
580 5.451107e-10
581 3.479302e-10
582 2.131056e-10
583 1.234612e-10
584 6.719228e-11
585 3.760542e-08
586 2.936527e-08
587 2.127821e-08
588 1.465764e-08
589 9.614810e-09
590 5.903377e-09
591 3.590139e-09
592 2.200820e-09
593 1.388408e-09
594 8.981953e-10
595 5.849964e-10
596 3.741643e-10
597 2.299168e-10
598 1.337101e-10
599 7.305172e-11
600 3.277409e-08
601 2.540372e-08
602 1.833086e-08
603 1.257271e-08
604 8.208353e-09
605 5.053318e-09
606 3.078921e-09
607 1.896062e-09
608 1.199772e-09
609 7.765347e-10
610 5.044803e-10
611 3.211260e-10
612 1.961731e-10
613 1.134288e-10
614 6.167702e-11
615 3.601420e-08
616 2.823552e-08
617 2.054980e-08
618 1.418164e-08
619 9.329399e-09
620 5.774431e-09
621 3.506596e-09
622 2.149800e-09
623 1.351569e-09
624 8.707471e-10
625 5.651320e-10
626 3.608255e-10
627 2.218225e-10
628 1.293635e-10
629 7.102627e-11
630 3.884726e-08
631 3.071458e-08
632 2.249649e-08
633 1.559067e-08
634 1.031278e-08
635 6.407192e-09
636 3.882354e-09
637 2.372670e-09
638 1.485033e-09
639 9.533816e-10
640 6.182965e-10
641 3.956101e-10
642 2.442957e-10
643 1.433289e-10
644 7.922458e-11
645 4.153122e-08
646 3.306332e-08
647 2.434072e-08
648 1.692849e-08
649 1.124516e-08
650 7.007329e-09
651 4.238357e-09
652 2.584184e-09
653 1.611429e-09
654 1.031722e-09
655 6.687080e-10
656 4.285926e-10
657 2.656028e-10
658 1.565694e-10
659 8.699625e-11
660 4.467528e-08
661 3.580808e-08
662 2.649561e-08
663 1.848935e-08
664 1.233254e-08
665 7.707643e-09
666 4.654173e-09
667 2.830627e-09
668 1.758884e-09
669 1.123135e-09
670 7.275069e-10
671 4.670690e-10
672 2.904632e-10
673 1.720175e-10
674 9.606481e-11
675 4.019041e-08
676 3.199628e-08
677 2.358103e-08
678 1.640879e-08
679 1.089790e-08
680 6.812224e-09
681 4.123526e-09
682 2.516556e-09
683 1.567843e-09
684 1.002329e-09
685 6.484979e-10
686 4.149578e-10
687 2.568928e-10
688 1.514093e-10
689 8.420502e-11
690 4.393442e-08
691 3.538190e-08
692 2.633375e-08
693 1.843913e-08
694 1.233011e-08
695 7.764972e-09
696 4.693291e-09
697 2.855292e-09
698 1.767061e-09
699 1.122937e-09
700 7.245102e-10
701 4.641745e-10
702 2.887419e-10
703 1.714560e-10
704 9.621924e-11
705 4.748112e-08
706 3.860249e-08
707 2.894665e-08
708 2.037365e-08
709 1.369380e-08
710 8.672819e-09
711 5.236498e-09
712 3.177878e-09
713 1.956846e-09
714 1.237782e-09
715 7.968888e-10
716 5.109963e-10
717 3.190319e-10
718 1.905219e-10
719 1.076534e-10
720 5.163323e-08
721 4.236569e-08
722 3.199298e-08
723 2.262807e-08
724 1.528269e-08
725 9.731370e-09
726 5.870095e-09
727 3.554456e-09
728 2.178036e-09
729 1.371767e-09
730 8.812247e-10
731 5.655661e-10
732 3.543389e-10
733 2.127442e-10
734 1.209809e-10
735 4.869734e-08
736 3.982502e-08
737 3.004178e-08
738 2.123661e-08
739 1.431906e-08
740 9.119489e-09
741 5.517684e-09
742 3.344031e-09
743 2.051258e-09
744 1.292176e-09
745 8.291462e-10
746 5.310281e-10
747 3.318827e-10
748 1.988068e-10
749 1.128694e-10
750 5.331939e-08
751 4.415613e-08
752 3.368822e-08
753 2.399800e-08
754 1.628637e-08
755 1.046267e-08
756 6.342207e-09
757 3.831374e-09
758 2.334779e-09
759 1.460501e-09
760 9.326978e-10
761 5.968869e-10
762 3.742706e-10
763 2.256754e-10
764 1.292584e-10
765 5.872760e-08
766 4.922646e-08
767 3.794293e-08
768 2.722572e-08
769 1.858825e-08
770 1.203550e-08
771 7.309054e-09
772 4.403043e-09
773 2.666866e-09
774 1.657661e-09
775 1.053869e-09
776 6.739269e-10
777 4.238443e-10
778 2.570941e-10
779 1.484260e-10
780 5.926411e-08
781 4.989076e-08
782 3.866730e-08
783 2.787109e-08
784 1.907776e-08
785 1.240115e-08
786 7.569974e-09
787 4.552243e-09
788 2.752965e-09
789 1.704765e-09
790 1.079633e-09
791 6.885425e-10
792 4.326929e-10
793 2.627695e-10
794 1.521522e-10
795 6.636744e-08
796 5.677479e-08
797 4.467673e-08
798 3.257900e-08
799 2.248477e-08
800 1.477131e-08
801 9.085338e-09
802 5.442000e-09
803 3.270424e-09
804 2.005614e-09
805 1.259591e-09
806 8.001493e-10
807 5.035189e-10
808 3.076471e-10
809 1.798656e-10
810 7.616740e-08
811 6.661607e-08
812 5.365737e-08
813 3.990396e-08
814 2.790687e-08
815 1.859748e-08
816 1.163476e-08
817 6.952049e-09
818 4.153535e-09
819 2.509101e-09
820 1.551607e-09
821 9.753889e-10
822 6.120502e-10
823 3.757498e-10
824 2.221468e-10
825 5.043013e-07
826 3.683414e-07
827 2.729323e-07
828 1.698587e-07
829 1.034819e-07
830 6.130554e-08
831 3.743446e-08
832 2.401701e-08
833 1.621345e-08
834 0.000000e+00
835 0.000000e+00
836 0.000000e+00
837 0.000000e+00
838 0.000000e+00
839 0.000000e+00
840 7.609587e-07
841 5.559482e-07
842 4.123920e-07
843 2.596304e-07
844 1.577796e-07
845 9.335540e-08
846 5.689626e-08
847 3.636621e-08
848 2.448207e-08
849 0.000000e+00
850 0.000000e+00
851 0.000000e+00
852 0.000000e+00
853 0.000000e+00
854 0.000000e+00
855 9.034708e-07
856 6.601393e-07
857 4.898343e-07
858 3.095543e-07
859 1.879543e-07
860 1.111685e-07
861 6.771198e-08
862 4.322638e-08
863 2.907417e-08
864 0.000000e+00
865 0.000000e+00
866 0.000000e+00
867 0.000000e+00
868 0.000000e+00
869 0.000000e+00
870 9.993278e-07
871 7.302182e-07
872 5.419243e-07
873 3.431341e-07
874 2.082519e-07
875 1.231503e-07
876 7.498702e-08
877 4.784112e-08
878 3.216291e-08
879 0.000000e+00
880 0.000000e+00
881 0.000000e+00
882 0.000000e+00
883 0.000000e+00
884 0.000000e+00
885 1.071193e-06
886 7.827614e-07
887 5.809742e-07
888 3.683088e-07
889 2.234694e-07
890 1.321335e-07
891 8.044121e-08
892 5.130076e-08
893 3.447879e-08
894 0.000000e+00
895 0.000000e+00
896 0.000000e+00
897 0.000000e+00
898 0.000000e+00
899 0.000000e+00
900 1.129439e-06
901 8.253442e-07
902 6.126261e-07
903 3.887123e-07
904 2.358020e-07
905 1.394142e-07
906 8.486152e-08
907 5.410480e-08
908 3.635564e-08
909 0.000000e+00
910 0.000000e+00
911 0.000000e+00
912 0.000000e+00
913 0.000000e+00
914 0.000000e+00
915 1.180268e-06
916 8.625041e-07
917 6.402459e-07
918 4.065191e-07
919 2.465652e-07
920 1.457672e-07
921 8.871918e-08
922 5.655163e-08
923 3.799350e-08
924 0.000000e+00
925 0.000000e+00
926 0.000000e+00
927 0.000000e+00
928 0.000000e+00
929 0.000000e+00
930 1.228460e-06
931 8.977376e-07
932 6.664337e-07
933 4.234011e-07
934 2.567693e-07
935 1.517905e-07
936 9.237652e-08
937 5.887147e-08
938 3.954628e-08
939 0.000000e+00
940 0.000000e+00
941 0.000000e+00
942 0.000000e+00
943 0.000000e+00
944 0.000000e+00
945 1.284683e-06
946 9.388454e-07
947 6.969857e-07
948 4.430983e-07
949 2.686743e-07
950 1.588185e-07
951 9.664394e-08
952 6.157795e-08
953 4.135810e-08
954 0.000000e+00
955 0.000000e+00
956 0.000000e+00
957 0.000000e+00
958 0.000000e+00
959 0.000000e+00
960 3.365956e-07
961 2.680450e-07
962 1.944369e-07
963 1.458160e-07
964 9.019702e-08
965 5.521673e-08
966 3.209456e-08
967 1.919114e-08
968 1.202749e-08
969 7.963530e-09
970 0.000000e+00
971 0.000000e+00
972 0.000000e+00
973 0.000000e+00
974 0.000000e+00
975 5.201483e-07
976 4.170921e-07
977 3.028446e-07
978 2.268995e-07
979 1.422025e-07
980 8.670527e-08
981 5.036091e-08
982 3.007303e-08
983 1.877838e-08
984 1.239651e-08
985 0.000000e+00
986 0.000000e+00
987 0.000000e+00
988 0.000000e+00
989 0.000000e+00
990 6.448120e-07
991 5.183992e-07
992 3.765466e-07
993 2.820115e-07
994 1.775998e-07
995 1.081223e-07
996 6.278598e-08
997 3.747520e-08
998 2.336910e-08
999 1.541004e-08
1000 0.000000e+00
1001 0.000000e+00
1002 0.000000e+00
1003 0.000000e+00
1004 0.000000e+00
1005 7.382357e-07
1006 5.943126e-07
1007 4.317715e-07
1008 3.233096e-07
1009 2.041234e-07
1010 1.241698e-07
1011 7.209649e-08
1012 4.302199e-08
1013 2.680897e-08
1014 1.766814e-08
1015 0.000000e+00
1016 0.000000e+00
1017 0.000000e+00
1018 0.000000e+00
1019 0.000000e+00
1020 8.139596e-07
1021 6.558390e-07
1022 4.765327e-07
1023 3.567807e-07
1024 2.256220e-07
1025 1.371778e-07
1026 7.964314e-08
1027 4.751755e-08
1028 2.959718e-08
1029 1.949827e-08
1030 0.000000e+00
1031 0.000000e+00
1032 0.000000e+00
1033 0.000000e+00
1034 0.000000e+00
1035 8.800254e-07
1036 7.095243e-07
1037 5.155916e-07
1038 3.859857e-07
1039 2.443794e-07
1040 1.485270e-07
1041 8.622743e-08
1042 5.144028e-08
1043 3.202995e-08
1044 2.109535e-08
1045 0.000000e+00
1046 0.000000e+00
1047 0.000000e+00
1048 0.000000e+00
1049 0.000000e+00
1050 9.426736e-07
1051 7.604327e-07
1052 5.526249e-07
1053 4.136780e-07
1054 2.621647e-07
1055 1.592896e-07
1056 9.247120e-08
1057 5.515972e-08
1058 3.433673e-08
1059 2.260959e-08
1060 0.000000e+00
1061 0.000000e+00
1062 0.000000e+00
1063 0.000000e+00
1064 0.000000e+00
1065 1.015768e-06
1066 8.198310e-07
1067 5.958365e-07
1068 4.459927e-07
1069 2.829175e-07
1070 1.718473e-07
1071 9.975607e-08
1072 5.949995e-08
1073 3.702828e-08
1074 2.437647e-08
1075 0.000000e+00
1076 0.000000e+00
1077 0.000000e+00
1078 0.000000e+00
1079 0.000000e+00
1080 1.975140e-07
1081 1.796134e-07
1082 1.383639e-07
1083 1.000600e-07
1084 7.497710e-08
1085 4.333374e-08
1086 2.655756e-08
1087 1.531317e-08
1088 9.056103e-09
1089 5.634446e-09
1090 0.000000e+00
1091 0.000000e+00
1092 0.000000e+00
1093 0.000000e+00
1094 0.000000e+00
1095 3.302929e-07
1096 3.017185e-07
1097 2.334051e-07
1098 1.686822e-07
1099 1.265867e-07
1100 7.358286e-08
1101 4.521722e-08
1102 2.600904e-08
1103 1.532539e-08
1104 9.512653e-09
1105 0.000000e+00
1106 0.000000e+00
1107 0.000000e+00
1108 0.000000e+00
1109 0.000000e+00
1110 4.306280e-07
1111 3.940342e-07
1112 3.052903e-07
1113 2.205836e-07
1114 1.656231e-07
1115 9.648066e-08
1116 5.934314e-08
1117 3.410487e-08
1118 2.006900e-08
1119 1.244630e-08
1120 0.000000e+00
1121 0.000000e+00
1122 0.000000e+00
1123 0.000000e+00
1124 0.000000e+00
1125 5.118675e-07
1126 4.687719e-07
1127 3.634880e-07
1128 2.626035e-07
1129 1.972257e-07
1130 1.150174e-07
1131 7.077884e-08
1132 4.065897e-08
1133 2.390921e-08
1134 1.482137e-08
1135 0.000000e+00
1136 0.000000e+00
1137 0.000000e+00
1138 0.000000e+00
1139 0.000000e+00
1140 5.827486e-07
1141 5.339873e-07
1142 4.142683e-07
1143 2.992682e-07
1144 2.248018e-07
1145 1.311919e-07
1146 8.075741e-08
1147 4.637790e-08
1148 2.726008e-08
1149 1.689370e-08
1150 0.000000e+00
1151 0.000000e+00
1152 0.000000e+00
1153 0.000000e+00
1154 0.000000e+00
1155 6.499630e-07
1156 5.958254e-07
1157 4.624212e-07
1158 3.340351e-07
1159 2.509506e-07
1160 1.465295e-07
1161 9.021925e-08
1162 5.180077e-08
1163 3.043750e-08
1164 1.885873e-08
1165 0.000000e+00
1166 0.000000e+00
1167 0.000000e+00
1168 0.000000e+00
1169 0.000000e+00
1170 7.283846e-07
1171 6.679733e-07
1172 5.186008e-07
1173 3.745984e-07
1174 2.814577e-07
1175 1.644239e-07
1176 1.012585e-07
1177 5.812754e-08
1178 3.414473e-08
1179 2.115149e-08
1180 0.000000e+00
1181 0.000000e+00
1182 0.000000e+00
1183 0.000000e+00
1184 0.000000e+00
1185 1.309079e-07
1186 1.292025e-07
1187 1.086337e-07
1188 7.935049e-08
1189 5.895221e-08
1190 4.005758e-08
1191 2.364263e-08
1192 1.346978e-08
1193 7.786448e-09
1194 4.601508e-09
1195 2.882614e-09
1196 0.000000e+00
1197 0.000000e+00
1198 0.000000e+00
1199 0.000000e+00
1200 2.309808e-07
1201 2.286474e-07
1202 1.929987e-07
1203 1.412310e-07
1204 1.047459e-07
1205 7.169754e-08
1206 4.209853e-08
1207 2.401963e-08
1208 1.390461e-08
1209 8.201725e-09
1210 5.126914e-09
1211 0.000000e+00
1212 0.000000e+00
1213 0.000000e+00
1214 0.000000e+00
1215 3.123231e-07
1216 3.095004e-07
1217 2.616146e-07
1218 1.915693e-07
1219 1.419926e-07
1220 9.744467e-08
1221 5.711208e-08
1222 3.260330e-08
1223 1.888241e-08
1224 1.113063e-08
1225 6.952516e-09
1226 0.000000e+00
1227 0.000000e+00
1228 0.000000e+00
1229 0.000000e+00
1230 3.831935e-07
1231 3.799432e-07
1232 3.213903e-07
1233 2.354215e-07
1234 1.744400e-07
1235 1.198757e-07
1236 7.019122e-08
1237 4.008120e-08
1238 2.321897e-08
1239 1.368230e-08
1240 8.542871e-09
1241 0.000000e+00
1242 0.000000e+00
1243 0.000000e+00
1244 0.000000e+00
1245 4.503977e-07
1246 4.467362e-07
1247 3.780737e-07
1248 2.770046e-07
1249 2.052095e-07
1250 1.411454e-07
1251 8.259382e-08
1252 4.717229e-08
1253 2.733118e-08
1254 1.610194e-08
1255 1.005098e-08
1256 0.000000e+00
1257 0.000000e+00
1258 0.000000e+00
1259 0.000000e+00
1260 5.288015e-07
1261 5.246659e-07
1262 4.442070e-07
1263 3.255223e-07
1264 2.411084e-07
1265 1.659601e-07
1266 9.706421e-08
1267 5.544503e-08
1268 3.212871e-08
1269 1.892488e-08
1270 1.181051e-08
1271 0.000000e+00
1272 0.000000e+00
1273 0.000000e+00
1274 0.000000e+00
1275 9.431546e-08
1276 9.820034e-08
1277 8.886083e-08
1278 6.797769e-08
1279 4.913793e-08
1280 3.680608e-08
1281 2.079550e-08
1282 1.255804e-08
1283 7.096063e-09
1284 4.098749e-09
1285 2.453900e-09
1286 0.000000e+00
1287 0.000000e+00
1288 0.000000e+00
1289 0.000000e+00
1290 1.734195e-07
1291 1.809502e-07
1292 1.642627e-07
1293 1.260130e-07
1294 9.102938e-08
1295 6.829335e-08
1296 3.869941e-08
1297 2.344848e-08
1298 1.321925e-08
1299 7.616662e-09
1300 4.550841e-09
1301 0.000000e+00
1302 0.000000e+00
1303 0.000000e+00
1304 0.000000e+00
1305 2.424634e-07
1306 2.531893e-07
1307 2.301014e-07
1308 1.766983e-07
1309 1.276148e-07
1310 9.579447e-08
1311 5.434250e-08
1312 3.296555e-08
1313 1.856968e-08
1314 1.068970e-08
1315 6.382327e-09
1316 0.000000e+00
1317 0.000000e+00
1318 0.000000e+00
1319 0.000000e+00
1320 3.078577e-07
1321 3.216065e-07
1322 2.924568e-07
1323 2.247029e-07
1324 1.622652e-07
1325 1.218404e-07
1326 6.915697e-08
1327 4.197839e-08
1328 2.363663e-08
1329 1.359998e-08
1330 8.116900e-09
1331 0.000000e+00
1332 0.000000e+00
1333 0.000000e+00
1334 0.000000e+00
1335 3.841561e-07
1336 4.014323e-07
1337 3.652105e-07
1338 2.807097e-07
1339 2.026908e-07
1340 1.522281e-07
1341 8.644124e-08
1342 5.249408e-08
1343 2.954836e-08
1344 1.699550e-08
1345 1.014064e-08
1346 0.000000e+00
1347 0.000000e+00
1348 0.000000e+00
1349 0.000000e+00
1350 7.244409e-08
1351 7.841463e-08
1352 7.519529e-08
1353 6.093769e-08
1354 4.396277e-08
1355 3.314187e-08
1356 2.070343e-08
1357 1.269339e-08
1358 7.047009e-09
1359 3.880462e-09
1360 2.242732e-09
1361 1.363891e-09
1362 0.000000e+00
1363 0.000000e+00
1364 0.000000e+00
1365 1.384452e-07
1366 1.501022e-07
1367 1.443016e-07
1368 1.172880e-07
1369 8.467112e-08
1370 6.376894e-08
1371 4.010726e-08
1372 2.451777e-08
1373 1.361435e-08
1374 7.500505e-09
1375 4.325019e-09
1376 2.624445e-09
1377 0.000000e+00
1378 0.000000e+00
1379 0.000000e+00
1380 2.010031e-07
1381 2.180563e-07
1382 2.098198e-07
1383 1.707216e-07
1384 1.232755e-07
1385 9.281020e-08
1386 5.851418e-08
1387 3.573215e-08
1388 1.984300e-08
1389 1.093430e-08
1390 6.299816e-09
1391 3.819753e-09
1392 0.000000e+00
1393 0.000000e+00
1394 0.000000e+00
1395 2.739546e-07
1396 2.973002e-07
1397 2.862206e-07
1398 2.330303e-07
1399 1.682909e-07
1400 1.266749e-07
1401 7.997821e-08
1402 4.880901e-08
1403 2.710609e-08
1404 1.493828e-08
1405 8.602574e-09
1406 5.213599e-09
1407 0.000000e+00
1408 0.000000e+00
1409 0.000000e+00
1410 5.911785e-08
1411 6.598101e-08
1412 6.628695e-08
1413 5.694136e-08
1414 4.197229e-08
1415 3.091352e-08
1416 2.177976e-08
1417 1.242593e-08
1418 6.995829e-09
1419 3.958564e-09
1420 2.201903e-09
1421 1.284133e-09
1422 0.000000e+00
1423 0.000000e+00
1424 0.000000e+00
1425 1.179178e-07
1426 1.317897e-07
1427 1.326808e-07
1428 1.143066e-07
1429 8.439918e-08
1430 6.208435e-08
1431 4.394692e-08
1432 2.499128e-08
1433 1.410018e-08
1434 7.977449e-09
1435 4.434976e-09
1436 2.581387e-09
1437 0.000000e+00
1438 0.000000e+00
1439 0.000000e+00
1440 1.864659e-07
1441 2.085133e-07
1442 2.100928e-07
1443 1.811975e-07
1444 1.338744e-07
1445 9.843172e-08
1446 6.979941e-08
1447 3.964442e-08
1448 2.238585e-08
1449 1.266432e-08
1450 7.039246e-09
1451 4.094128e-09
1452 0.000000e+00
1453 0.000000e+00
1454 0.000000e+00
1455 5.154124e-08
1456 5.906637e-08
1457 6.174224e-08
1458 5.610277e-08
1459 4.302718e-08
1460 3.107636e-08
1461 2.334218e-08
1462 1.308746e-08
1463 7.828859e-09
1464 4.289094e-09
1465 2.364321e-09
1466 1.320085e-09
1467 0.000000e+00
1468 0.000000e+00
1469 0.000000e+00
1470 1.144184e-07
1471 1.312917e-07
1472 1.375005e-07
1473 1.252951e-07
1474 9.633723e-08
1475 6.954079e-08
1476 5.230455e-08
1477 2.941268e-08
1478 1.765431e-08
1479 9.654149e-09
1480 5.309456e-09
1481 2.958534e-09
1482 0.000000e+00
1483 0.000000e+00
1484 0.000000e+00
1485 5.371578e-08
1486 6.311966e-08
1487 6.844085e-08
1488 6.570858e-08
1489 5.328053e-08
1490 3.844534e-08
1491 2.900252e-08
1492 1.803532e-08
1493 1.097527e-08
1494 5.955895e-09
1495 3.137094e-09
1496 1.692490e-09
1497 9.424779e-10
1498 0.000000e+00
1499 0.000000e+00
1500 1.109684e-04
1501 8.086786e-05
1502 6.035546e-05
1503 3.805236e-05
1504 2.321989e-05
1505 1.369104e-05
1506 8.324421e-06
1507 5.304277e-06
1508 3.565556e-06
1509 0.000000e+00
1510 0.000000e+00
1511 0.000000e+00
1512 0.000000e+00
1513 0.000000e+00
1514 0.000000e+00
1515 5.757601e-05
1516 4.644359e-05
1517 3.369791e-05
1518 2.528332e-05
1519 1.597668e-05
1520 9.754545e-06
1521 5.648866e-06
1522 3.364481e-06
1523 2.093966e-06
1524 1.379138e-06
1525 0.000000e+00
1526 0.000000e+00
1527 0.000000e+00
1528 0.000000e+00
1529 0.000000e+00
1530 4.047788e-05
1531 3.713775e-05
1532 2.882267e-05
1533 2.080348e-05
1534 1.566222e-05
1535 9.111532e-06
1536 5.625604e-06
1537 3.225263e-06
1538 1.896511e-06
1539 1.174730e-06
1540 0.000000e+00
1541 0.000000e+00
1542 0.000000e+00
1543 0.000000e+00
1544 0.000000e+00
1545 2.912801e-05
1546 2.891312e-05
1547 2.448503e-05
1548 1.793535e-05
1549 1.328396e-05
1550 9.154542e-06
1551 5.351144e-06
1552 3.053081e-06
1553 1.771954e-06
1554 1.042590e-06
1555 6.506122e-07
1556 0.000000e+00
1557 0.000000e+00
1558 0.000000e+00
1559 0.000000e+00
1560 2.085098e-05
1561 2.179680e-05
1562 1.983793e-05
1563 1.524768e-05
1564 1.100576e-05
1565 8.274949e-06
1566 4.689296e-06
1567 2.850415e-06
1568 1.602925e-06
1569 9.233707e-07
1570 5.506294e-07
1571 0.000000e+00
1572 0.000000e+00
1573 0.000000e+00
1574 0.000000e+00
1575 1.487210e-05
1576 1.614453e-05
1577 1.554949e-05
1578 1.266314e-05
1579 9.143013e-06
1580 6.883420e-06
1581 4.347301e-06
1582 2.655947e-06
1583 1.474901e-06
1584 8.112783e-07
1585 4.673052e-07
1586 2.832009e-07
1587 0.000000e+00
1588 0.000000e+00
1589 0.000000e+00
1590 1.001028e-05
1591 1.119728e-05
1592 1.128693e-05
1593 9.739022e-06
1594 7.195644e-06
1595 5.289411e-06
1596 3.755371e-06
1597 2.130464e-06
1598 1.202339e-06
1599 6.811759e-07
1600 3.783133e-07
1601 2.200058e-07
1602 0.000000e+00
1603 0.000000e+00
1604 0.000000e+00
1605 6.201116e-06
1606 7.118100e-06
1607 7.458527e-06
1608 6.801106e-06
1609 5.231433e-06
1610 3.775220e-06
1611 2.841823e-06
1612 1.597077e-06
1613 9.596537e-07
1614 5.242846e-07
1615 2.885232e-07
1616 1.606418e-07
1617 0.000000e+00
1618 0.000000e+00
1619 0.000000e+00
1620 3.163407e-06
1621 3.720115e-06
1622 4.038202e-06
1623 3.883392e-06
1624 3.154630e-06
1625 2.276770e-06
1626 1.716871e-06
1627 1.071974e-06
1628 6.518364e-07
1629 3.538249e-07
1630 1.861971e-07
1631 1.003484e-07
1632 5.578990e-08
1633 0.000000e+00
1634 0.000000e+00
1635 8.891198e-07
1636 1.072208e-06
1637 1.206146e-06
1638 1.224576e-06
1639 1.066696e-06
1640 7.933436e-07
1641 5.815894e-07
1642 4.169104e-07
1643 2.343421e-07
1644 1.314261e-07
1645 7.164692e-08
1646 3.730540e-08
1647 1.958823e-08
1648 0.000000e+00
1649 0.000000e+00
