0 2.262858e-09
1 1.471817e-09
2 9.260670e-10
3 5.831126e-10
4 3.746062e-10
5 2.463574e-10
6 1.638000e-10
7 1.076104e-10
8 6.824001e-11
9 4.103308e-11
10 2.316260e-11
11 1.225468e-11
12 6.117007e-12
13 2.913171e-12
14 1.340250e-12
15 3.820687e-09
16 2.543114e-09
17 1.617805e-09
18 1.008500e-09
19 6.374513e-10
20 4.125692e-10
21 2.728205e-10
22 1.809021e-10
23 1.173391e-10
24 7.284298e-11
25 4.261777e-11
26 2.335108e-11
27 1.200973e-11
28 5.851429e-12
29 2.734252e-12
30 4.386951e-09
31 2.940500e-09
32 1.881454e-09
33 1.171945e-09
34 7.376618e-10
35 4.748391e-10
36 3.129053e-10
37 2.076249e-10
38 1.353142e-10
39 8.467819e-11
40 5.005333e-11
41 2.772624e-11
42 1.440135e-11
43 7.073433e-12
44 3.324179e-12
45 4.700265e-09
46 3.160549e-09
47 2.027587e-09
48 1.262655e-09
49 7.932514e-10
50 5.093640e-10
51 3.351658e-10
52 2.223860e-10
53 1.452570e-10
54 9.122537e-11
55 5.416334e-11
56 3.014201e-11
57 1.572672e-11
58 7.751750e-12
59 3.652168e-12
60 4.931508e-09
61 3.322575e-09
62 2.134713e-09
63 1.329186e-09
64 8.340939e-10
65 5.348766e-10
66 3.516219e-10
67 2.333388e-10
68 1.525753e-10
69 9.603835e-11
70 5.718419e-11
71 3.191571e-11
72 1.669045e-11
73 8.242650e-12
74 3.891004e-12
75 5.068063e-09
76 3.418863e-09
77 2.199086e-09
78 1.369037e-09
79 8.584800e-10
80 5.499844e-10
81 3.612913e-10
82 2.397765e-10
83 1.569616e-10
84 9.894558e-11
85 5.900631e-11
86 3.299372e-11
87 1.728744e-11
88 8.549469e-12
89 4.038164e-12
90 5.195801e-09
91 3.508751e-09
92 2.258687e-09
93 1.406297e-09
94 8.812779e-10
95 5.640841e-10
96 3.704065e-10
97 2.458376e-10
98 1.610433e-10
99 1.016264e-10
100 6.070107e-11
101 3.398981e-11
102 1.783148e-11
103 8.827692e-12
104 4.172812e-12
105 5.308295e-09
106 3.587322e-09
107 2.311346e-09
108 1.438879e-09
109 9.011764e-10
110 5.764773e-10
111 3.783599e-10
112 2.511350e-10
113 1.645388e-10
114 1.039352e-10
115 6.214695e-11
116 3.485407e-11
117 1.830855e-11
118 9.071687e-12
119 4.287548e-12
120 5.414822e-09
121 3.662550e-09
122 2.361250e-09
123 1.469757e-09
124 9.201070e-10
125 5.882075e-10
126 3.858784e-10
127 2.561678e-10
128 1.679773e-10
129 1.061987e-10
130 6.357990e-11
131 3.568327e-11
132 1.875930e-11
133 9.302416e-12
134 4.402475e-12
135 5.536438e-09
136 3.747570e-09
137 2.418344e-09
138 1.505257e-09
139 9.418209e-10
140 6.017573e-10
141 3.946143e-10
142 2.619011e-10
143 1.718756e-10
144 1.087858e-10
145 6.519736e-11
146 3.663504e-11
147 1.928115e-11
148 9.567548e-12
149 4.530553e-12
150 7.913730e-09
151 5.449868e-09
152 3.580668e-09
153 2.237632e-09
154 1.387448e-09
155 8.746162e-10
156 5.670489e-10
157 3.751804e-10
158 2.480381e-10
159 1.596973e-10
160 9.797098e-11
161 5.648742e-11
162 3.046220e-11
163 1.542656e-11
164 7.414781e-12
165 1.000496e-08
166 6.977985e-09
167 4.650914e-09
168 2.937115e-09
169 1.812108e-09
170 1.132980e-09
171 7.265738e-10
172 4.775843e-10
173 3.161777e-10
174 2.054466e-10
175 1.280069e-10
176 7.523835e-11
177 4.139344e-11
178 2.134463e-11
179 1.040556e-11
180 1.123107e-08
181 7.879416e-09
182 5.283452e-09
183 3.354550e-09
184 2.066698e-09
185 1.287949e-09
186 8.216744e-10
187 5.383280e-10
188 3.563932e-10
189 2.324407e-10
190 1.457704e-10
191 8.637736e-11
192 4.793839e-11
193 2.491984e-11
194 1.222863e-11
195 1.211024e-08
196 8.525229e-09
197 5.736078e-09
198 3.652827e-09
199 2.249041e-09
200 1.398842e-09
201 8.898077e-10
202 5.819798e-10
203 3.852614e-10
204 2.517710e-10
205 1.584622e-10
206 9.432899e-11
207 5.260225e-11
208 2.746391e-11
209 1.352448e-11
210 1.267769e-08
211 8.945260e-09
212 6.032696e-09
213 3.848310e-09
214 2.368682e-09
215 1.471455e-09
216 9.342704e-10
217 6.102359e-10
218 4.039565e-10
219 2.643320e-10
220 1.667494e-10
221 9.956624e-11
222 5.569774e-11
223 2.915794e-11
224 1.439255e-11
225 1.318160e-08
226 9.315134e-09
227 6.291987e-09
228 4.020458e-09
229 2.473340e-09
230 1.535182e-09
231 9.733070e-10
232 6.352115e-10
233 4.204766e-10
234 2.754072e-10
235 1.740438e-10
236 1.041281e-10
237 5.837542e-11
238 3.062617e-11
239 1.514120e-11
240 1.361849e-08
241 9.636866e-09
242 6.518604e-09
243 4.170080e-09
244 2.565057e-09
245 1.590868e-09
246 1.007362e-09
247 6.568771e-10
248 4.349018e-10
249 2.850760e-10
250 1.804059e-10
251 1.081205e-10
252 6.072791e-11
253 3.191184e-11
254 1.579230e-11
255 1.403567e-08
256 9.943917e-09
257 6.734737e-09
258 4.313048e-09
259 2.651934e-09
260 1.643647e-09
261 1.039819e-09
262 6.775686e-10
263 4.486145e-10
264 2.942690e-10
265 1.864562e-10
266 1.119259e-10
267 6.296252e-11
268 3.312962e-11
269 1.641768e-11
270 1.452001e-08
271 1.030025e-08
272 6.984909e-09
273 4.477806e-09
274 2.752457e-09
275 1.705229e-09
276 1.077758e-09
277 7.017495e-10
278 4.645027e-10
279 3.049329e-10
280 1.934883e-10
281 1.163419e-10
282 6.555156e-11
283 3.454718e-11
284 1.714089e-11
285 1.365445e-08
286 9.716358e-09
287 6.599925e-09
288 4.259363e-09
289 2.625559e-09
290 1.625979e-09
291 1.025083e-09
292 6.648878e-10
293 4.385739e-10
294 2.874368e-10
295 1.825121e-10
296 1.100988e-10
297 6.237011e-11
298 3.308091e-11
299 1.651270e-11
300 1.606806e-08
301 1.156527e-08
302 7.927703e-09
303 5.174751e-09
304 3.202265e-09
305 1.973367e-09
306 1.234372e-09
307 7.944182e-10
308 5.220612e-10
309 3.429229e-10
310 2.194562e-10
311 1.339781e-10
312 7.698868e-11
313 4.143386e-11
314 2.095100e-11
315 1.781087e-08
316 1.290572e-08
317 8.891296e-09
318 5.840314e-09
319 3.624442e-09
320 2.227146e-09
321 1.387802e-09
322 8.892267e-10
323 5.829652e-10
324 3.832600e-10
325 2.462564e-10
326 1.512955e-10
327 8.760310e-11
328 4.751360e-11
329 2.419251e-11
330 1.898799e-08
331 1.381686e-08
332 9.546960e-09
333 6.294122e-09
334 3.914045e-09
335 2.401147e-09
336 1.492509e-09
337 9.537282e-10
338 6.244206e-10
339 4.106819e-10
340 2.645163e-10
341 1.631542e-10
342 9.491345e-11
343 5.172388e-11
344 2.644631e-11
345 2.000367e-08
346 1.460006e-08
347 1.011242e-08
348 6.685558e-09
349 4.161674e-09
350 2.550122e-09
351 1.582239e-09
352 1.009117e-09
353 6.598970e-10
354 4.342041e-10
355 2.801945e-10
356 1.733018e-10
357 1.011451e-10
358 5.530334e-11
359 2.835940e-11
360 2.089036e-08
361 1.528417e-08
362 1.060542e-08
363 7.025032e-09
364 4.377408e-09
365 2.680103e-09
366 1.660498e-09
367 1.057406e-09
368 6.909001e-10
369 4.547638e-10
370 2.938587e-10
371 1.821482e-10
372 1.065800e-10
373 5.842152e-11
374 3.002490e-11
375 2.172888e-08
376 1.593068e-08
377 1.107054e-08
378 7.347340e-09
379 4.581518e-09
380 2.803095e-09
381 1.734682e-09
382 1.103133e-09
383 7.202695e-10
384 4.742239e-10
385 3.068172e-10
386 1.905339e-10
387 1.117297e-10
388 6.137734e-11
389 3.160379e-11
390 2.270934e-08
391 1.668757e-08
392 1.161502e-08
393 7.723790e-09
394 4.820908e-09
395 2.947573e-09
396 1.821746e-09
397 1.156871e-09
398 7.546496e-10
399 4.970404e-10
400 3.219942e-10
401 2.003628e-10
402 1.177692e-10
403 6.483936e-11
404 3.345382e-11
405 1.967360e-08
406 1.441902e-08
407 1.000727e-08
408 6.634393e-09
409 4.152927e-09
410 2.543366e-09
411 1.577225e-09
412 1.002755e-09
413 6.536168e-10
414 4.292543e-10
415 2.769395e-10
416 1.715928e-10
417 1.005100e-10
418 5.522917e-11
419 2.847768e-11
420 2.243450e-08
421 1.663556e-08
422 1.163664e-08
423 7.779447e-09
424 4.911689e-09
425 3.000038e-09
426 1.852347e-09
427 1.168861e-09
428 7.575526e-10
429 4.968560e-10
430 3.217429e-10
431 2.009334e-10
432 1.189645e-10
433 6.615891e-11
434 3.451445e-11
435 2.435765e-08
436 1.819951e-08
437 1.279096e-08
438 8.597026e-09
439 5.455962e-09
440 3.328294e-09
441 2.050107e-09
442 1.287518e-09
443 8.316111e-10
444 5.448454e-10
445 3.535654e-10
446 2.218456e-10
447 1.321903e-10
448 7.404390e-11
449 3.889811e-11
450 2.600717e-08
451 1.952726e-08
452 1.377262e-08
453 9.289140e-09
454 5.915293e-09
455 3.606262e-09
456 2.216963e-09
457 1.388143e-09
458 8.941748e-10
459 5.855319e-10
460 3.805184e-10
461 2.395207e-10
462 1.433405e-10
463 8.067379e-11
464 4.257685e-11
465 2.744023e-08
466 2.068741e-08
467 1.462876e-08
468 9.890947e-09
469 6.316119e-09
470 3.848684e-09
471 2.362429e-09
472 1.475765e-09
473 9.489811e-10
474 6.210577e-10
475 4.040422e-10
476 2.549451e-10
477 1.530719e-10
478 8.646259e-11
479 4.578933e-11
480 2.879620e-08
481 2.178007e-08
482 1.543776e-08
483 1.046057e-08
484 6.695691e-09
485 4.077600e-09
486 2.500347e-09
487 1.558583e-09
488 1.000680e-09
489 6.546167e-10
490 4.262987e-10
491 2.695408e-10
492 1.622771e-10
493 9.193046e-11
494 4.882162e-11
495 3.038372e-08
496 2.306195e-08
497 1.638322e-08
498 1.112801e-08
499 7.138992e-09
500 4.345461e-09
501 2.661462e-09
502 1.655680e-09
503 1.061216e-09
504 6.938969e-10
505 4.523074e-10
506 2.865790e-10
507 1.730372e-10
508 9.833390e-11
509 5.237467e-11
510 2.624163e-08
511 1.979144e-08
512 1.400355e-08
513 9.459916e-09
514 6.053597e-09
515 3.697649e-09
516 2.271511e-09
517 1.418545e-09
518 9.110878e-10
519 5.951585e-10
520 3.864587e-10
521 2.435006e-10
522 1.461164e-10
523 8.257626e-11
524 4.379976e-11
525 2.905869e-08
526 2.217067e-08
527 1.581268e-08
528 1.075389e-08
529 6.941541e-09
530 4.247321e-09
531 2.600362e-09
532 1.613296e-09
533 1.029995e-09
534 6.705665e-10
535 4.358702e-10
536 2.760428e-10
537 1.670093e-10
538 9.533989e-11
539 5.110871e-11
540 3.145500e-08
541 2.418939e-08
542 1.734635e-08
543 1.185157e-08
544 7.692714e-09
545 4.714499e-09
546 2.878932e-09
547 1.778909e-09
548 1.130809e-09
549 7.346214e-10
550 4.777834e-10
551 3.035958e-10
552 1.846677e-10
553 1.061135e-10
554 5.727518e-11
555 3.354303e-08
556 2.594948e-08
557 1.868576e-08
558 1.280706e-08
559 8.347912e-09
560 5.120805e-09
561 3.122051e-09
562 1.923440e-09
563 1.218974e-09
564 7.904794e-10
565 5.143250e-10
566 3.276172e-10
567 2.000632e-10
568 1.155065e-10
569 6.265139e-11
570 3.552334e-08
571 2.761927e-08
572 1.995634e-08
573 1.371477e-08
574 8.970549e-09
575 5.507270e-09
576 3.352973e-09
577 2.060466e-09
578 1.302582e-09
579 8.435211e-10
580 5.490382e-10
581 3.504337e-10
582 2.146851e-10
583 1.244284e-10
584 6.775856e-11
585 3.784400e-08
586 2.957076e-08
587 2.144061e-08
588 1.477469e-08
589 9.695361e-09
590 5.957639e-09
591 3.622174e-09
592 2.220216e-09
593 1.400019e-09
594 9.053069e-10
595 5.894685e-10
596 3.770168e-10
597 2.317237e-10
598 1.348236e-10
599 7.370835e-11
600 3.278320e-08
601 2.541331e-08
602 1.833969e-08
603 1.257959e-08
604 8.213316e-09
605 5.057051e-09
606 3.081130e-09
607 1.897412e-09
608 1.200528e-09
609 7.769636e-10
610 5.047298e-10
611 3.212821e-10
612 1.962749e-10
613 1.134959e-10
614 6.172012e-11
615 3.602595e-08
616 2.824800e-08
617 2.056144e-08
618 1.419081e-08
619 9.336018e-09
620 5.779417e-09
621 3.509559e-09
622 2.151614e-09
623 1.352581e-09
624 8.713160e-10
625 5.654662e-10
626 3.610328e-10
627 2.219569e-10
628 1.294520e-10
629 7.108324e-11
630 3.886560e-08
631 3.073410e-08
632 2.251477e-08
633 1.560513e-08
634 1.032321e-08
635 6.415050e-09
636 3.887055e-09
637 2.375550e-09
638 1.486638e-09
639 9.542815e-10
640 6.188238e-10
641 3.959363e-10
642 2.445069e-10
643 1.434678e-10
644 7.931411e-11
645 4.155628e-08
646 3.309005e-08
647 2.436544e-08
648 1.694807e-08
649 1.125928e-08
650 7.017969e-09
651 4.244743e-09
652 2.588096e-09
653 1.613608e-09
654 1.032942e-09
655 6.694222e-10
656 4.290338e-10
657 2.658884e-10
658 1.567572e-10
659 8.711734e-11
660 4.470747e-08
661 3.584242e-08
662 2.652784e-08
663 1.851492e-08
664 1.235097e-08
665 7.721537e-09
666 4.662549e-09
667 2.835746e-09
668 1.761734e-09
669 1.124735e-09
670 7.284395e-10
671 4.676449e-10
672 2.908356e-10
673 1.722623e-10
674 9.622283e-11
675 4.019316e-08
676 3.199927e-08
677 2.358391e-08
678 1.641113e-08
679 1.089959e-08
680 6.813496e-09
681 4.124328e-09
682 2.517045e-09
683 1.568115e-09
684 1.002479e-09
685 6.485842e-10
686 4.150102e-10
687 2.569262e-10
688 1.514311e-10
689 8.421920e-11
690 4.393636e-08
691 3.538397e-08
692 2.633568e-08
693 1.844063e-08
694 1.233117e-08
695 7.765785e-09
696 4.693758e-09
697 2.855594e-09
698 1.767227e-09
699 1.123026e-09
700 7.245636e-10
701 4.642075e-10
702 2.887637e-10
703 1.714705e-10
704 9.622872e-11
705 4.748215e-08
706 3.860345e-08
707 2.894733e-08
708 2.037393e-08
709 1.369389e-08
710 8.672950e-09
711 5.236393e-09
712 3.177882e-09
713 1.956826e-09
714 1.237769e-09
715 7.968863e-10
716 5.109999e-10
717 3.190372e-10
718 1.905266e-10
719 1.076567e-10
720 5.163296e-08
721 4.236508e-08
722 3.199209e-08
723 2.262679e-08
724 1.528155e-08
725 9.730637e-09
726 5.869212e-09
727 3.554079e-09
728 2.177780e-09
729 1.371624e-09
730 8.811526e-10
731 5.655324e-10
732 3.543234e-10
733 2.127364e-10
734 1.209762e-10
735 4.869497e-08
736 3.982232e-08
737 3.003898e-08
738 2.123409e-08
739 1.431714e-08
740 9.118100e-09
741 5.516647e-09
742 3.343454e-09
743 2.050917e-09
744 1.291988e-09
745 8.290419e-10
746 5.309694e-10
747 3.318479e-10
748 1.987851e-10
749 1.128554e-10
750 5.331174e-08
751 4.414734e-08
752 3.367900e-08
753 2.398958e-08
754 1.627988e-08
755 1.045798e-08
756 6.338682e-09
757 3.829380e-09
758 2.333580e-09
759 1.459845e-09
760 9.323390e-10
761 5.966872e-10
762 3.741538e-10
763 2.256034e-10
764 1.292126e-10
765 5.870846e-08
766 4.920440e-08
767 3.791978e-08
768 2.720439e-08
769 1.857169e-08
770 1.202356e-08
771 7.300113e-09
772 4.397892e-09
773 2.663761e-09
774 1.655963e-09
775 1.052946e-09
776 6.734156e-10
777 4.235475e-10
778 2.569125e-10
779 1.483110e-10
780 5.925749e-08
781 4.988304e-08
782 3.865903e-08
783 2.786330e-08
784 1.907157e-08
785 1.239669e-08
786 7.566601e-09
787 4.550235e-09
788 2.751736e-09
789 1.704099e-09
790 1.079278e-09
791 6.883490e-10
792 4.325830e-10
793 2.627038e-10
794 1.521112e-10
795 6.634668e-08
796 5.675041e-08
797 4.465031e-08
798 3.255366e-08
799 2.246423e-08
800 1.475648e-08
801 9.074160e-09
802 5.435039e-09
803 3.266211e-09
804 2.003325e-09
805 1.258378e-09
806 7.994956e-10
807 5.031548e-10
808 3.074336e-10
809 1.797344e-10
810 7.615426e-08
811 6.660031e-08
812 5.363975e-08
813 3.988626e-08
814 2.789166e-08
815 1.858626e-08
816 1.162649e-08
817 6.946249e-09
818 4.150235e-09
819 2.507270e-09
820 1.550613e-09
821 9.748690e-10
822 6.117744e-10
823 3.755978e-10
824 2.220587e-10
825 5.064307e-07
826 3.699053e-07
827 2.740932e-07
828 1.706494e-07
829 1.039517e-07
830 6.158227e-08
831 3.760147e-08
832 2.412134e-08
833 1.628242e-08
834 0.000000e+00
835 0.000000e+00
836 0.000000e+00
837 0.000000e+00
838 0.000000e+00
839 0.000000e+00
840 7.609763e-07
841 5.559613e-07
842 4.124016e-07
843 2.596373e-07
844 1.577836e-07
845 9.335778e-08
846 5.689769e-08
847 3.636710e-08
848 2.448265e-08
849 0.000000e+00
850 0.000000e+00
851 0.000000e+00
852 0.000000e+00
853 0.000000e+00
854 0.000000e+00
855 9.034708e-07
856 6.601393e-07
857 4.898344e-07
858 3.095543e-07
859 1.879543e-07
860 1.111685e-07
861 6.771198e-08
862 4.322638e-08
863 2.907417e-08
864 0.000000e+00
865 0.000000e+00
866 0.000000e+00
867 0.000000e+00
868 0.000000e+00
869 0.000000e+00
870 1.003648e-06
871 7.333747e-07
872 5.442669e-07
873 3.446173e-07
874 2.091521e-07
875 1.236826e-07
876 7.531117e-08
877 4.804792e-08
878 3.230194e-08
879 0.000000e+00
880 0.000000e+00
881 0.000000e+00
882 0.000000e+00
883 0.000000e+00
884 0.000000e+00
885 1.071193e-06
886 7.827614e-07
887 5.809742e-07
888 3.683088e-07
889 2.234694e-07
890 1.321335e-07
891 8.044121e-08
892 5.130076e-08
893 3.447879e-08
894 0.000000e+00
895 0.000000e+00
896 0.000000e+00
897 0.000000e+00
898 0.000000e+00
899 0.000000e+00
900 1.129439e-06
901 8.253442e-07
902 6.126261e-07
903 3.887123e-07
904 2.358020e-07
905 1.394142e-07
906 8.486152e-08
907 5.410480e-08
908 3.635564e-08
909 0.000000e+00
910 0.000000e+00
911 0.000000e+00
912 0.000000e+00
913 0.000000e+00
914 0.000000e+00
915 1.180268e-06
916 8.625041e-07
917 6.402459e-07
918 4.065191e-07
919 2.465652e-07
920 1.457672e-07
921 8.871918e-08
922 5.655163e-08
923 3.799350e-08
924 0.000000e+00
925 0.000000e+00
926 0.000000e+00
927 0.000000e+00
928 0.000000e+00
929 0.000000e+00
930 1.228460e-06
931 8.977376e-07
932 6.664337e-07
933 4.234011e-07
934 2.567693e-07
935 1.517905e-07
936 9.237652e-08
937 5.887147e-08
938 3.954628e-08
939 0.000000e+00
940 0.000000e+00
941 0.000000e+00
942 0.000000e+00
943 0.000000e+00
944 0.000000e+00
945 1.284683e-06
946 9.388454e-07
947 6.969857e-07
948 4.430983e-07
949 2.686743e-07
950 1.588185e-07
951 9.664394e-08
952 6.157795e-08
953 4.135810e-08
954 0.000000e+00
955 0.000000e+00
956 0.000000e+00
957 0.000000e+00
958 0.000000e+00
959 0.000000e+00
960 3.383577e-07
961 2.695277e-07
962 1.955212e-07
963 1.466220e-07
964 9.074886e-08
965 5.554231e-08
966 3.228344e-08
967 1.930337e-08
968 1.209594e-08
969 8.007744e-09
970 0.000000e+00
971 0.000000e+00
972 0.000000e+00
973 0.000000e+00
974 0.000000e+00
975 5.201950e-07
976 4.171324e-07
977 3.028744e-07
978 2.269213e-07
979 1.422181e-07
980 8.671423e-08
981 5.036615e-08
982 3.007615e-08
983 1.878026e-08
984 1.239771e-08
985 0.000000e+00
986 0.000000e+00
987 0.000000e+00
988 0.000000e+00
989 0.000000e+00
990 6.475994e-07
991 5.206401e-07
992 3.781744e-07
993 2.832306e-07
994 1.783675e-07
995 1.085897e-07
996 6.305739e-08
997 3.763720e-08
998 2.347013e-08
999 1.547665e-08
1000 0.000000e+00
1001 0.000000e+00
1002 0.000000e+00
1003 0.000000e+00
1004 0.000000e+00
1005 7.382357e-07
1006 5.943126e-07
1007 4.317715e-07
1008 3.233096e-07
1009 2.041234e-07
1010 1.241698e-07
1011 7.209649e-08
1012 4.302199e-08
1013 2.680897e-08
1014 1.766814e-08
1015 0.000000e+00
1016 0.000000e+00
1017 0.000000e+00
1018 0.000000e+00
1019 0.000000e+00
1020 8.139596e-07
1021 6.558390e-07
1022 4.765327e-07
1023 3.567807e-07
1024 2.256220e-07
1025 1.371778e-07
1026 7.964314e-08
1027 4.751755e-08
1028 2.959718e-08
1029 1.949827e-08
1030 0.000000e+00
1031 0.000000e+00
1032 0.000000e+00
1033 0.000000e+00
1034 0.000000e+00
1035 8.800254e-07
1036 7.095243e-07
1037 5.155916e-07
1038 3.859857e-07
1039 2.443794e-07
1040 1.485270e-07
1041 8.622743e-08
1042 5.144028e-08
1043 3.202995e-08
1044 2.109535e-08
1045 0.000000e+00
1046 0.000000e+00
1047 0.000000e+00
1048 0.000000e+00
1049 0.000000e+00
1050 9.426736e-07
1051 7.604327e-07
1052 5.526249e-07
1053 4.136780e-07
1054 2.621647e-07
1055 1.592896e-07
1056 9.247120e-08
1057 5.515972e-08
1058 3.433673e-08
1059 2.260959e-08
1060 0.000000e+00
1061 0.000000e+00
1062 0.000000e+00
1063 0.000000e+00
1064 0.000000e+00
1065 1.015768e-06
1066 8.198310e-07
1067 5.958365e-07
1068 4.459927e-07
1069 2.829175e-07
1070 1.718473e-07
1071 9.975607e-08
1072 5.949995e-08
1073 3.702828e-08
1074 2.437647e-08
1075 0.000000e+00
1076 0.000000e+00
1077 0.000000e+00
1078 0.000000e+00
1079 0.000000e+00
1080 1.992805e-07
1081 1.812697e-07
1082 1.396778e-07
1083 1.010062e-07
1084 7.569209e-08
1085 4.376437e-08
1086 2.682530e-08
1087 1.546537e-08
1088 9.143926e-09
1089 5.688285e-09
1090 0.000000e+00
1091 0.000000e+00
1092 0.000000e+00
1093 0.000000e+00
1094 0.000000e+00
1095 3.317930e-07
1096 3.030921e-07
1097 2.344695e-07
1098 1.694511e-07
1099 1.271641e-07
1100 7.391962e-08
1101 4.542429e-08
1102 2.612803e-08
1103 1.539538e-08
1104 9.556056e-09
1105 0.000000e+00
1106 0.000000e+00
1107 0.000000e+00
1108 0.000000e+00
1109 0.000000e+00
1110 4.306281e-07
1111 3.940344e-07
1112 3.052905e-07
1113 2.205837e-07
1114 1.656231e-07
1115 9.648071e-08
1116 5.934317e-08
1117 3.410489e-08
1118 2.006901e-08
1119 1.244631e-08
1120 0.000000e+00
1121 0.000000e+00
1122 0.000000e+00
1123 0.000000e+00
1124 0.000000e+00
1125 5.118675e-07
1126 4.687719e-07
1127 3.634880e-07
1128 2.626035e-07
1129 1.972257e-07
1130 1.150174e-07
1131 7.077884e-08
1132 4.065897e-08
1133 2.390921e-08
1134 1.482137e-08
1135 0.000000e+00
1136 0.000000e+00
1137 0.000000e+00
1138 0.000000e+00
1139 0.000000e+00
1140 5.827486e-07
1141 5.339873e-07
1142 4.142683e-07
1143 2.992682e-07
1144 2.248018e-07
1145 1.311919e-07
1146 8.075741e-08
1147 4.637790e-08
1148 2.726008e-08
1149 1.689370e-08
1150 0.000000e+00
1151 0.000000e+00
1152 0.000000e+00
1153 0.000000e+00
1154 0.000000e+00
1155 6.499630e-07
1156 5.958254e-07
1157 4.624212e-07
1158 3.340351e-07
1159 2.509506e-07
1160 1.465295e-07
1161 9.021925e-08
1162 5.180077e-08
1163 3.043750e-08
1164 1.885873e-08
1165 0.000000e+00
1166 0.000000e+00
1167 0.000000e+00
1168 0.000000e+00
1169 0.000000e+00
1170 7.283846e-07
1171 6.679733e-07
1172 5.186008e-07
1173 3.745984e-07
1174 2.814577e-07
1175 1.644239e-07
1176 1.012585e-07
1177 5.812754e-08
1178 3.414473e-08
1179 2.115149e-08
1180 0.000000e+00
1181 0.000000e+00
1182 0.000000e+00
1183 0.000000e+00
1184 0.000000e+00
1185 1.330438e-07
1186 1.313380e-07
1187 1.104604e-07
1188 8.069580e-08
1189 5.994407e-08
1190 4.075333e-08
1191 2.404421e-08
1192 1.370008e-08
1193 7.920363e-09
1194 4.680031e-09
1195 2.931335e-09
1196 0.000000e+00
1197 0.000000e+00
1198 0.000000e+00
1199 0.000000e+00
1200 2.310483e-07
1201 2.287159e-07
1202 1.930583e-07
1203 1.412754e-07
1204 1.047783e-07
1205 7.172093e-08
1206 4.211181e-08
1207 2.402740e-08
1208 1.390911e-08
1209 8.204324e-09
1210 5.128519e-09
1211 0.000000e+00
1212 0.000000e+00
1213 0.000000e+00
1214 0.000000e+00
1215 3.123232e-07
1216 3.095005e-07
1217 2.616148e-07
1218 1.915694e-07
1219 1.419926e-07
1220 9.744472e-08
1221 5.711211e-08
1222 3.260331e-08
1223 1.888242e-08
1224 1.113064e-08
1225 6.952519e-09
1226 0.000000e+00
1227 0.000000e+00
1228 0.000000e+00
1229 0.000000e+00
1230 3.831935e-07
1231 3.799432e-07
1232 3.213903e-07
1233 2.354215e-07
1234 1.744400e-07
1235 1.198757e-07
1236 7.019122e-08
1237 4.008120e-08
1238 2.321897e-08
1239 1.368230e-08
1240 8.542871e-09
1241 0.000000e+00
1242 0.000000e+00
1243 0.000000e+00
1244 0.000000e+00
1245 4.503977e-07
1246 4.467362e-07
1247 3.780737e-07
1248 2.770046e-07
1249 2.052095e-07
1250 1.411454e-07
1251 8.259382e-08
1252 4.717229e-08
1253 2.733118e-08
1254 1.610194e-08
1255 1.005098e-08
1256 0.000000e+00
1257 0.000000e+00
1258 0.000000e+00
1259 0.000000e+00
1260 5.288015e-07
1261 5.246659e-07
1262 4.442070e-07
1263 3.255223e-07
1264 2.411084e-07
1265 1.659601e-07
1266 9.706421e-08
1267 5.544503e-08
1268 3.212871e-08
1269 1.892488e-08
1270 1.181051e-08
1271 0.000000e+00
1272 0.000000e+00
1273 0.000000e+00
1274 0.000000e+00
1275 9.521674e-08
1276 9.914928e-08
1277 8.973300e-08
1278 6.865475e-08
1279 4.962578e-08
1280 3.717429e-08
1281 2.100660e-08
1282 1.268763e-08
1283 7.168477e-09
1284 4.140071e-09
1285 2.478397e-09
1286 0.000000e+00
1287 0.000000e+00
1288 0.000000e+00
1289 0.000000e+00
1290 1.734505e-07
1291 1.809836e-07
1292 1.642936e-07
1293 1.260372e-07
1294 9.104681e-08
1295 6.830661e-08
1296 3.870711e-08
1297 2.345322e-08
1298 1.322193e-08
1299 7.618161e-09
1300 4.551715e-09
1301 0.000000e+00
1302 0.000000e+00
1303 0.000000e+00
1304 0.000000e+00
1305 2.424635e-07
1306 2.531894e-07
1307 2.301014e-07
1308 1.766983e-07
1309 1.276149e-07
1310 9.579448e-08
1311 5.434250e-08
1312 3.296556e-08
1313 1.856968e-08
1314 1.068970e-08
1315 6.382328e-09
1316 0.000000e+00
1317 0.000000e+00
1318 0.000000e+00
1319 0.000000e+00
1320 3.078577e-07
1321 3.216065e-07
1322 2.924568e-07
1323 2.247029e-07
1324 1.622652e-07
1325 1.218404e-07
1326 6.915697e-08
1327 4.197839e-08
1328 2.363663e-08
1329 1.359998e-08
1330 8.116900e-09
1331 0.000000e+00
1332 0.000000e+00
1333 0.000000e+00
1334 0.000000e+00
1335 3.841561e-07
1336 4.014323e-07
1337 3.652105e-07
1338 2.807097e-07
1339 2.026908e-07
1340 1.522281e-07
1341 8.644124e-08
1342 5.249408e-08
1343 2.954836e-08
1344 1.699550e-08
1345 1.014064e-08
1346 0.000000e+00
1347 0.000000e+00
1348 0.000000e+00
1349 0.000000e+00
1350 7.273299e-08
1351 7.872956e-08
1352 7.549989e-08
1353 6.118726e-08
1354 4.414332e-08
1355 3.327745e-08
1356 2.079039e-08
1357 1.274610e-08
1358 7.076286e-09
1359 3.896600e-09
1360 2.251984e-09
1361 1.369473e-09
1362 0.000000e+00
1363 0.000000e+00
1364 0.000000e+00
1365 1.384501e-07
1366 1.501073e-07
1367 1.443069e-07
1368 1.172924e-07
1369 8.467432e-08
1370 6.377132e-08
1371 4.010884e-08
1372 2.451871e-08
1373 1.361487e-08
1374 7.500795e-09
1375 4.325184e-09
1376 2.624543e-09
1377 0.000000e+00
1378 0.000000e+00
1379 0.000000e+00
1380 2.010031e-07
1381 2.180563e-07
1382 2.098198e-07
1383 1.707216e-07
1384 1.232755e-07
1385 9.281020e-08
1386 5.851418e-08
1387 3.573215e-08
1388 1.984300e-08
1389 1.093430e-08
1390 6.299816e-09
1391 3.819753e-09
1392 0.000000e+00
1393 0.000000e+00
1394 0.000000e+00
1395 2.739546e-07
1396 2.973002e-07
1397 2.862206e-07
1398 2.330303e-07
1399 1.682909e-07
1400 1.266749e-07
1401 7.997821e-08
1402 4.880901e-08
1403 2.710609e-08
1404 1.493828e-08
1405 8.602574e-09
1406 5.213599e-09
1407 0.000000e+00
1408 0.000000e+00
1409 0.000000e+00
1410 5.901618e-08
1411 6.586587e-08
1412 6.616867e-08
1413 5.683675e-08
1414 4.189410e-08
1415 3.085655e-08
1416 2.173787e-08
1417 1.240270e-08
1418 6.982447e-09
1419 3.951037e-09
1420 2.197730e-09
1421 1.281745e-09
1422 0.000000e+00
1423 0.000000e+00
1424 0.000000e+00
1425 1.179164e-07
1426 1.317882e-07
1427 1.326793e-07
1428 1.143052e-07
1429 8.439815e-08
1430 6.208360e-08
1431 4.394636e-08
1432 2.499097e-08
1433 1.410000e-08
1434 7.977350e-09
1435 4.434921e-09
1436 2.581356e-09
1437 0.000000e+00
1438 0.000000e+00
1439 0.000000e+00
1440 1.864659e-07
1441 2.085133e-07
1442 2.100928e-07
1443 1.811975e-07
1444 1.338744e-07
1445 9.843172e-08
1446 6.979941e-08
1447 3.964442e-08
1448 2.238585e-08
1449 1.266432e-08
1450 7.039246e-09
1451 4.094128e-09
1452 0.000000e+00
1453 0.000000e+00
1454 0.000000e+00
1455 5.130488e-08
1456 5.879299e-08
1457 6.145253e-08
1458 5.583389e-08
1459 4.281735e-08
1460 3.092525e-08
1461 2.322772e-08
1462 1.302181e-08
1463 7.788679e-09
1464 4.267341e-09
1465 2.352553e-09
1466 1.313605e-09
1467 0.000000e+00
1468 0.000000e+00
1469 0.000000e+00
1470 1.144183e-07
1471 1.312916e-07
1472 1.375004e-07
1473 1.252949e-07
1474 9.633714e-08
1475 6.954072e-08
1476 5.230450e-08
1477 2.941265e-08
1478 1.765429e-08
1479 9.654139e-09
1480 5.309451e-09
1481 2.958531e-09
1482 0.000000e+00
1483 0.000000e+00
1484 0.000000e+00
1485 5.358087e-08
1486 6.295953e-08
1487 6.826452e-08
1488 6.553504e-08
1489 5.313615e-08
1490 3.834062e-08
1491 2.892417e-08
1492 1.798360e-08
1493 1.094466e-08
1494 5.939217e-09
1495 3.128190e-09
1496 1.687775e-09
1497 9.399176e-10
1498 0.000000e+00
1499 0.000000e+00
1500 1.109684e-04
1501 8.086786e-05
1502 6.035546e-05
1503 3.805236e-05
1504 2.321989e-05
1505 1.369104e-05
1506 8.324421e-06
1507 5.304277e-06
1508 3.565556e-06
1509 0.000000e+00
1510 0.000000e+00
1511 0.000000e+00
1512 0.000000e+00
1513 0.000000e+00
1514 0.000000e+00
1515 5.757601e-05
1516 4.644359e-05
1517 3.369791e-05
1518 2.528332e-05
1519 1.597668e-05
1520 9.754545e-06
1521 5.648866e-06
1522 3.364481e-06
1523 2.093966e-06
1524 1.379138e-06
1525 0.000000e+00
1526 0.000000e+00
1527 0.000000e+00
1528 0.000000e+00
1529 0.000000e+00
1530 4.047788e-05
1531 3.713775e-05
1532 2.882267e-05
1533 2.080348e-05
1534 1.566222e-05
1535 9.111532e-06
1536 5.625604e-06
1537 3.225263e-06
1538 1.896511e-06
1539 1.174730e-06
1540 0.000000e+00
1541 0.000000e+00
1542 0.000000e+00
1543 0.000000e+00
1544 0.000000e+00
1545 2.912801e-05
1546 2.891312e-05
1547 2.448503e-05
1548 1.793535e-05
1549 1.328396e-05
1550 9.154542e-06
1551 5.351144e-06
1552 3.053081e-06
1553 1.771954e-06
1554 1.042590e-06
1555 6.506122e-07
1556 0.000000e+00
1557 0.000000e+00
1558 0.000000e+00
1559 0.000000e+00
1560 2.085098e-05
1561 2.179680e-05
1562 1.983793e-05
1563 1.524768e-05
1564 1.100576e-05
1565 8.274949e-06
1566 4.689296e-06
1567 2.850415e-06
1568 1.602925e-06
1569 9.233707e-07
1570 5.506294e-07
1571 0.000000e+00
1572 0.000000e+00
1573 0.000000e+00
1574 0.000000e+00
1575 1.487210e-05
1576 1.614453e-05
1577 1.554949e-05
1578 1.266314e-05
1579 9.143013e-06
1580 6.883420e-06
1581 4.347301e-06
1582 2.655947e-06
1583 1.474901e-06
1584 8.112783e-07
1585 4.673052e-07
1586 2.832009e-07
1587 0.000000e+00
1588 0.000000e+00
1589 0.000000e+00
1590 1.001028e-05
1591 1.119728e-05
1592 1.128693e-05
1593 9.739022e-06
1594 7.195644e-06
1595 5.289411e-06
1596 3.755371e-06
1597 2.130464e-06
1598 1.202339e-06
1599 6.811759e-07
1600 3.783133e-07
1601 2.200058e-07
1602 0.000000e+00
1603 0.000000e+00
1604 0.000000e+00
1605 6.201116e-06
1606 7.118100e-06
1607 7.458527e-06
1608 6.801106e-06
1609 5.231433e-06
1610 3.775220e-06
1611 2.841823e-06
1612 1.597077e-06
1613 9.596537e-07
1614 5.242846e-07
1615 2.885232e-07
1616 1.606418e-07
1617 0.000000e+00
1618 0.000000e+00
1619 0.000000e+00
1620 3.163407e-06
1621 3.720115e-06
1622 4.038202e-06
1623 3.883392e-06
1624 3.154630e-06
1625 2.276770e-06
1626 1.716871e-06
1627 1.071974e-06
1628 6.518364e-07
1629 3.538249e-07
1630 1.861971e-07
1631 1.003484e-07
1632 5.578990e-08
1633 0.000000e+00
1634 0.000000e+00
1635 8.891198e-07
1636 1.072208e-06
1637 1.206146e-06
1638 1.224576e-06
1639 1.066696e-06
1640 7.933436e-07
1641 5.815894e-07
1642 4.169104e-07
1643 2.343421e-07
1644 1.314261e-07
1645 7.164692e-08
1646 3.730540e-08
1647 1.958823e-08
1648 0.000000e+00
1649 0.000000e+00
