0 2.199291e-09
1 1.428018e-09
2 8.976305e-10
3 5.657277e-10
4 3.638979e-10
5 2.395931e-10
6 1.593511e-10
7 1.046191e-10
8 6.623610e-11
9 3.973647e-11
10 2.236590e-11
11 1.179839e-11
12 5.874756e-12
13 2.792360e-12
14 1.282676e-12
15 3.733581e-09
16 2.481139e-09
17 1.575353e-09
18 9.820420e-10
19 6.213585e-10
20 4.026672e-10
21 2.665368e-10
22 1.767492e-10
23 1.145457e-10
24 7.098908e-11
25 4.142967e-11
26 2.263886e-11
27 1.161225e-11
28 5.644641e-12
29 2.632803e-12
30 4.269052e-09
31 2.856286e-09
32 1.823319e-09
33 1.135001e-09
34 7.151655e-10
35 4.611021e-10
36 3.043138e-10
37 2.020138e-10
38 1.315540e-10
39 8.215858e-11
40 4.842101e-11
41 2.672481e-11
42 1.383528e-11
43 6.773842e-12
44 3.176330e-12
45 4.564570e-09
46 3.062713e-09
47 1.959993e-09
48 1.219320e-09
49 7.669413e-10
50 4.933625e-10
51 3.251459e-10
52 2.158804e-10
53 1.408999e-10
54 8.830364e-11
55 5.226572e-11
56 2.897636e-11
57 1.505882e-11
58 7.396788e-12
59 3.475902e-12
60 4.788083e-09
61 3.218555e-09
62 2.062490e-09
63 1.282906e-09
64 8.060215e-10
65 5.177631e-10
66 3.409544e-10
67 2.264196e-10
68 1.479514e-10
69 9.292387e-11
70 5.514382e-11
71 3.065235e-11
72 1.596701e-11
73 7.857624e-12
74 3.697114e-12
75 4.910821e-09
76 3.305242e-09
77 2.119996e-09
78 1.318385e-09
79 8.276693e-10
80 5.311857e-10
81 3.496094e-10
82 2.322030e-10
83 1.518676e-10
84 9.552075e-11
85 5.679027e-11
86 3.162358e-11
87 1.649888e-11
88 8.128413e-12
89 3.828017e-12
90 5.031198e-09
91 3.389769e-09
92 2.175790e-09
93 1.352909e-09
94 8.488864e-10
95 5.443998e-10
96 3.581569e-10
97 2.379072e-10
98 1.556926e-10
99 9.805064e-11
100 5.835907e-11
101 3.254856e-11
102 1.700211e-11
103 8.383980e-12
104 3.951094e-12
105 5.136612e-09
106 3.463074e-09
107 2.224344e-09
108 1.382722e-09
109 8.672248e-10
110 5.557951e-10
111 3.654959e-10
112 2.428368e-10
113 1.590265e-10
114 1.002288e-10
115 5.972659e-11
116 3.334081e-11
117 1.743207e-11
118 8.604438e-12
119 4.056669e-12
120 5.236503e-09
121 3.533581e-09
122 2.271302e-09
123 1.411305e-09
124 8.849439e-10
125 5.667973e-10
126 3.725932e-10
127 2.476108e-10
128 1.622582e-10
129 1.023030e-10
130 6.105282e-11
131 3.411499e-11
132 1.785488e-11
133 8.817033e-12
134 4.159458e-12
135 5.351794e-09
136 3.613652e-09
137 2.324687e-09
138 1.444782e-09
139 9.052043e-10
140 5.794701e-10
141 3.807655e-10
142 2.529676e-10
143 1.659027e-10
144 1.047714e-10
145 6.256855e-11
146 3.500482e-11
147 1.833906e-11
148 9.062191e-12
149 4.277297e-12
150 7.876218e-09
151 5.421462e-09
152 3.559756e-09
153 2.222594e-09
154 1.378350e-09
155 8.692158e-10
156 5.638331e-10
157 3.732188e-10
158 2.467782e-10
159 1.588461e-10
160 9.739067e-11
161 5.610216e-11
162 3.022170e-11
163 1.528819e-11
164 7.341201e-12
165 9.953754e-09
166 6.937416e-09
167 4.621171e-09
168 2.915074e-09
169 1.798245e-09
170 1.124701e-09
171 7.216484e-10
172 4.746836e-10
173 3.143682e-10
174 2.042446e-10
175 1.271896e-10
176 7.468659e-11
177 4.103760e-11
178 2.113389e-11
179 1.029124e-11
180 1.115339e-08
181 7.816560e-09
182 5.237309e-09
183 3.320221e-09
184 2.044774e-09
185 1.274912e-09
186 8.138852e-10
187 5.337677e-10
188 3.535182e-10
189 2.305603e-10
190 1.444923e-10
191 8.551995e-11
192 4.738859e-11
193 2.459133e-11
194 1.204808e-11
195 1.202331e-08
196 8.453352e-09
197 5.683479e-09
198 3.613258e-09
199 2.223063e-09
200 1.383482e-09
201 8.808215e-10
202 5.766045e-10
203 3.819927e-10
204 2.496161e-10
205 1.569876e-10
206 9.332198e-11
207 5.194554e-11
208 2.706611e-11
209 1.330342e-11
210 1.256402e-08
211 8.852512e-09
212 5.964392e-09
213 3.798585e-09
214 2.336065e-09
215 1.451871e-09
216 9.228587e-10
217 6.034673e-10
218 3.997131e-10
219 2.615569e-10
220 1.648753e-10
221 9.829942e-11
222 5.487082e-11
223 2.866557e-11
224 1.412099e-11
225 1.305484e-08
226 9.212201e-09
227 6.216773e-09
228 3.964525e-09
229 2.437192e-09
230 1.513315e-09
231 9.606455e-10
232 6.275667e-10
233 4.157385e-10
234 2.723071e-10
235 1.719502e-10
236 1.027153e-10
237 5.746624e-11
238 3.008052e-11
239 1.483896e-11
240 1.348159e-08
241 9.524588e-09
242 6.436090e-09
243 4.108909e-09
244 2.524975e-09
245 1.566687e-09
246 9.933571e-10
247 6.486668e-10
248 4.297813e-10
249 2.817214e-10
250 1.781360e-10
251 1.065994e-10
252 5.974136e-11
253 3.131830e-11
254 1.546107e-11
255 1.388593e-08
256 9.822395e-09
257 6.645340e-09
258 4.246519e-09
259 2.609336e-09
260 1.617683e-09
261 1.024684e-09
262 6.686233e-10
263 4.430026e-10
264 2.906224e-10
265 1.839887e-10
266 1.102635e-10
267 6.188125e-11
268 3.248362e-11
269 1.605824e-11
270 1.435863e-08
271 1.016863e-08
272 6.887547e-09
273 4.406364e-09
274 2.705893e-09
275 1.676790e-09
276 1.061378e-09
277 6.920239e-10
278 4.584743e-10
279 3.009821e-10
280 1.908026e-10
281 1.145442e-10
282 6.439868e-11
283 3.384938e-11
284 1.675263e-11
285 1.364038e-08
286 9.703130e-09
287 6.589727e-09
288 4.251446e-09
289 2.619515e-09
290 1.622611e-09
291 1.022964e-09
292 6.636975e-10
293 4.378969e-10
294 2.870267e-10
295 1.822411e-10
296 1.099087e-10
297 6.223802e-11
298 3.299484e-11
299 1.646139e-11
300 1.604529e-08
301 1.154366e-08
302 7.910288e-09
303 5.162124e-09
304 3.192891e-09
305 1.967543e-09
306 1.231014e-09
307 7.925465e-10
308 5.209404e-10
309 3.422461e-10
310 2.190088e-10
311 1.336717e-10
312 7.677919e-11
313 4.129707e-11
314 2.086837e-11
315 1.778785e-08
316 1.287996e-08
317 8.868519e-09
318 5.823306e-09
319 3.610672e-09
320 2.218836e-09
321 1.382886e-09
322 8.865555e-10
323 5.814751e-10
324 3.823858e-10
325 2.456841e-10
326 1.508879e-10
327 8.731014e-11
328 4.731463e-11
329 2.406823e-11
330 1.893045e-08
331 1.376094e-08
332 9.505691e-09
333 6.264287e-09
334 3.890322e-09
335 2.387032e-09
336 1.483986e-09
337 9.488169e-10
338 6.215622e-10
339 4.089253e-10
340 2.633949e-10
341 1.623934e-10
342 9.439678e-11
343 5.138904e-11
344 2.624533e-11
345 1.993225e-08
346 1.453323e-08
347 1.006003e-08
348 6.646639e-09
349 4.132584e-09
350 2.532709e-09
351 1.571653e-09
352 1.003062e-09
353 6.563234e-10
354 4.320508e-10
355 2.787971e-10
356 1.723588e-10
357 1.005094e-10
358 5.489048e-11
359 2.811331e-11
360 2.080715e-08
361 1.520648e-08
362 1.054385e-08
363 6.980309e-09
364 4.343614e-09
365 2.659985e-09
366 1.648175e-09
367 1.050378e-09
368 6.868180e-10
369 4.522573e-10
370 2.922320e-10
371 1.810519e-10
372 1.058417e-10
373 5.794556e-11
374 2.973928e-11
375 2.163456e-08
376 1.584238e-08
377 1.100123e-08
378 7.296888e-09
379 4.543559e-09
380 2.780115e-09
381 1.720722e-09
382 1.095201e-09
383 7.156441e-10
384 4.713889e-10
385 3.049778e-10
386 1.892920e-10
387 1.108953e-10
388 6.083997e-11
389 3.128077e-11
390 2.260164e-08
391 1.658669e-08
392 1.153557e-08
393 7.666108e-09
394 4.777690e-09
395 2.921599e-09
396 1.805800e-09
397 1.147762e-09
398 7.493376e-10
399 4.937856e-10
400 3.198796e-10
401 1.989386e-10
402 1.168022e-10
403 6.422388e-11
404 3.308309e-11
405 1.967694e-08
406 1.441930e-08
407 1.000611e-08
408 6.633809e-09
409 4.151825e-09
410 2.542262e-09
411 1.576562e-09
412 1.002483e-09
413 6.534835e-10
414 4.292222e-10
415 2.769035e-10
416 1.715820e-10
417 1.004943e-10
418 5.521117e-11
419 2.846206e-11
420 2.245815e-08
421 1.664895e-08
422 1.164339e-08
423 7.783468e-09
424 4.912861e-09
425 2.999951e-09
426 1.852436e-09
427 1.169156e-09
428 7.578531e-10
429 4.971478e-10
430 3.219568e-10
431 2.010593e-10
432 1.190217e-10
433 6.617555e-11
434 3.451234e-11
435 2.434877e-08
436 1.818181e-08
437 1.277401e-08
438 8.584323e-09
439 5.445706e-09
440 3.321074e-09
441 2.045609e-09
442 1.285099e-09
443 8.302474e-10
444 5.441146e-10
445 3.531327e-10
446 2.215629e-10
447 1.319905e-10
448 7.390274e-11
449 3.880377e-11
450 2.597770e-08
451 1.949694e-08
452 1.374493e-08
453 9.267398e-09
454 5.898753e-09
455 3.594610e-09
456 2.210052e-09
457 1.384281e-09
458 8.921212e-10
459 5.843117e-10
460 3.797829e-10
461 2.390409e-10
462 1.430100e-10
463 8.044732e-11
464 4.242904e-11
465 2.740264e-08
466 2.064577e-08
467 1.459086e-08
468 9.862821e-09
469 6.294362e-09
470 3.833215e-09
471 2.353281e-09
472 1.470651e-09
473 9.461042e-10
474 6.194147e-10
475 4.030452e-10
476 2.542978e-10
477 1.526294e-10
478 8.616204e-11
479 4.559473e-11
480 2.874807e-08
481 2.172766e-08
482 1.538963e-08
483 1.042501e-08
484 6.668861e-09
485 4.058243e-09
486 2.489179e-09
487 1.552276e-09
488 9.971040e-10
489 6.525631e-10
490 4.250660e-10
491 2.687371e-10
492 1.617315e-10
493 9.155718e-11
494 4.858178e-11
495 3.032436e-08
496 2.299729e-08
497 1.632566e-08
498 1.108543e-08
499 7.106487e-09
500 4.322571e-09
501 2.648132e-09
502 1.648070e-09
503 1.056905e-09
504 6.914138e-10
505 4.507894e-10
506 2.855890e-10
507 1.723674e-10
508 9.788444e-11
509 5.208721e-11
510 2.631710e-08
511 1.984784e-08
512 1.404240e-08
513 9.487046e-09
514 6.070596e-09
515 3.707016e-09
516 2.277647e-09
517 1.422291e-09
518 9.134917e-10
519 5.967864e-10
520 3.875402e-10
521 2.441915e-10
522 1.465325e-10
523 8.281073e-11
524 4.392180e-11
525 2.910780e-08
526 2.220677e-08
527 1.583664e-08
528 1.077057e-08
529 6.951666e-09
530 4.252516e-09
531 2.603533e-09
532 1.615357e-09
533 1.031341e-09
534 6.715299e-10
535 4.365350e-10
536 2.764790e-10
537 1.672727e-10
538 9.548487e-11
539 5.118060e-11
540 3.149652e-08
541 2.421713e-08
542 1.736187e-08
543 1.186120e-08
544 7.697548e-09
545 4.715393e-09
546 2.880026e-09
547 1.779575e-09
548 1.131522e-09
549 7.351658e-10
550 4.782059e-10
551 3.038822e-10
552 1.848333e-10
553 1.061927e-10
554 5.730365e-11
555 3.357911e-08
556 2.597062e-08
557 1.869626e-08
558 1.281134e-08
559 8.349289e-09
560 5.119247e-09
561 3.121500e-09
562 1.922836e-09
563 1.219017e-09
564 7.907060e-10
565 5.145652e-10
566 3.277902e-10
567 2.001541e-10
568 1.155361e-10
569 6.264725e-11
570 3.555076e-08
571 2.763060e-08
572 1.995626e-08
573 1.371194e-08
574 8.966922e-09
575 5.501522e-09
576 3.350096e-09
577 2.058748e-09
578 1.301864e-09
579 8.433068e-10
580 5.490176e-10
581 3.504456e-10
582 2.146717e-10
583 1.243881e-10
584 6.770863e-11
585 3.786448e-08
586 2.957270e-08
587 2.143017e-08
588 1.476544e-08
589 9.687066e-09
590 5.948386e-09
591 3.617258e-09
592 2.217196e-09
593 1.398592e-09
594 9.047033e-10
595 5.892234e-10
596 3.768889e-10
597 2.316187e-10
598 1.347219e-10
599 7.361817e-11
600 3.281714e-08
601 2.544624e-08
602 1.836074e-08
603 1.259525e-08
604 8.224243e-09
605 5.063917e-09
606 3.084779e-09
607 1.899677e-09
608 1.201972e-09
609 7.778783e-10
610 5.053406e-10
611 3.216918e-10
612 1.965378e-10
613 1.136551e-10
614 6.180971e-11
615 3.606315e-08
616 2.827921e-08
617 2.058540e-08
618 1.420662e-08
619 9.346224e-09
620 5.785642e-09
621 3.513046e-09
622 2.153608e-09
623 1.353879e-09
624 8.721742e-10
625 5.660546e-10
626 3.614333e-10
627 2.222164e-10
628 1.296089e-10
629 7.117055e-11
630 3.889762e-08
631 3.075911e-08
632 2.253226e-08
633 1.561543e-08
634 1.032961e-08
635 6.418346e-09
636 3.888692e-09
637 2.376497e-09
638 1.487223e-09
639 9.547688e-10
640 6.192185e-10
641 3.962217e-10
642 2.446936e-10
643 1.435777e-10
644 7.937053e-11
645 4.158113e-08
646 3.310676e-08
647 2.437368e-08
648 1.695197e-08
649 1.126143e-08
650 7.017427e-09
651 4.244481e-09
652 2.587412e-09
653 1.613507e-09
654 1.033023e-09
655 6.695749e-10
656 4.291758e-10
657 2.659861e-10
658 1.568082e-10
659 8.713508e-11
660 4.472641e-08
661 3.585915e-08
662 2.652907e-08
663 1.851259e-08
664 1.234876e-08
665 7.717763e-09
666 4.659680e-09
667 2.833888e-09
668 1.760879e-09
669 1.124418e-09
670 7.283684e-10
671 4.676533e-10
672 2.908491e-10
673 1.722587e-10
674 9.620493e-11
675 4.024601e-08
676 3.204397e-08
677 2.362120e-08
678 1.643912e-08
679 1.091802e-08
680 6.825981e-09
681 4.131494e-09
682 2.521296e-09
683 1.570680e-09
684 1.004032e-09
685 6.495958e-10
686 4.156974e-10
687 2.573738e-10
688 1.517114e-10
689 8.437900e-11
690 4.398637e-08
691 3.543489e-08
692 2.637416e-08
693 1.846862e-08
694 1.235027e-08
695 7.778426e-09
696 4.701030e-09
697 2.860067e-09
698 1.769814e-09
699 1.124604e-09
700 7.255977e-10
701 4.648915e-10
702 2.892094e-10
703 1.717508e-10
704 9.639469e-11
705 4.753417e-08
706 3.864895e-08
707 2.898210e-08
708 2.039717e-08
709 1.371090e-08
710 8.683549e-09
711 5.242360e-09
712 3.181521e-09
713 1.958950e-09
714 1.239164e-09
715 7.977848e-10
716 5.116085e-10
717 3.194403e-10
718 1.907793e-10
719 1.078043e-10
720 5.168530e-08
721 4.241007e-08
722 3.202918e-08
723 2.264963e-08
724 1.529759e-08
725 9.740452e-09
726 5.874143e-09
727 3.557238e-09
728 2.179655e-09
729 1.372830e-09
730 8.819791e-10
731 5.661056e-10
732 3.547077e-10
733 2.129785e-10
734 1.211166e-10
735 4.876329e-08
736 3.988818e-08
737 3.009200e-08
738 2.127405e-08
739 1.434529e-08
740 9.137395e-09
741 5.528005e-09
742 3.350536e-09
743 2.054898e-09
744 1.294407e-09
745 8.305258e-10
746 5.319231e-10
747 3.324633e-10
748 1.991755e-10
749 1.130924e-10
750 5.338569e-08
751 4.421707e-08
752 3.373748e-08
753 2.403429e-08
754 1.631150e-08
755 1.047953e-08
756 6.351784e-09
757 3.837416e-09
758 2.338086e-09
759 1.462562e-09
760 9.340006e-10
761 5.977462e-10
762 3.748384e-10
763 2.260380e-10
764 1.294779e-10
765 5.879179e-08
766 4.928044e-08
767 3.798828e-08
768 2.725524e-08
769 1.860667e-08
770 1.204748e-08
771 7.314584e-09
772 4.406549e-09
773 2.668742e-09
774 1.658919e-09
775 1.054759e-09
776 6.745714e-10
777 4.242948e-10
778 2.573887e-10
779 1.486031e-10
780 5.934522e-08
781 4.996834e-08
782 3.873321e-08
783 2.792190e-08
784 1.911373e-08
785 1.242587e-08
786 7.585196e-09
787 4.561341e-09
788 2.758083e-09
789 1.707826e-09
790 1.081508e-09
791 6.897325e-10
792 4.334628e-10
793 2.632607e-10
794 1.524546e-10
795 6.644992e-08
796 5.685249e-08
797 4.474163e-08
798 3.262614e-08
799 2.251778e-08
800 1.479405e-08
801 9.098741e-09
802 5.449517e-09
803 3.274661e-09
804 2.008181e-09
805 1.261233e-09
806 8.012354e-10
807 5.042449e-10
808 3.081212e-10
809 1.801606e-10
810 7.627966e-08
811 6.672778e-08
812 5.375767e-08
813 3.998418e-08
814 2.796523e-08
815 1.863843e-08
816 1.166168e-08
817 6.967532e-09
818 4.162653e-09
819 2.514319e-09
820 1.554662e-09
821 9.772591e-10
822 6.132310e-10
823 3.765011e-10
824 2.226166e-10
825 5.043190e-07
826 3.683533e-07
827 2.729418e-07
828 1.698602e-07
829 1.034844e-07
830 6.130676e-08
831 3.743537e-08
832 2.401768e-08
833 1.621398e-08
834 0.000000e+00
835 0.000000e+00
836 0.000000e+00
837 0.000000e+00
838 0.000000e+00
839 0.000000e+00
840 7.612751e-07
841 5.561797e-07
842 4.125639e-07
843 2.597418e-07
844 1.578468e-07
845 9.339508e-08
846 5.692034e-08
847 3.638147e-08
848 2.449227e-08
849 0.000000e+00
850 0.000000e+00
851 0.000000e+00
852 0.000000e+00
853 0.000000e+00
854 0.000000e+00
855 9.038609e-07
856 6.604244e-07
857 4.900463e-07
858 3.096910e-07
859 1.880369e-07
860 1.112173e-07
861 6.774159e-08
862 4.324516e-08
863 2.908674e-08
864 0.000000e+00
865 0.000000e+00
866 0.000000e+00
867 0.000000e+00
868 0.000000e+00
869 0.000000e+00
870 1.005094e-06
871 7.344321e-07
872 5.450519e-07
873 3.451169e-07
874 2.094550e-07
875 1.238617e-07
876 7.542008e-08
877 4.811729e-08
878 3.234852e-08
879 0.000000e+00
880 0.000000e+00
881 0.000000e+00
882 0.000000e+00
883 0.000000e+00
884 0.000000e+00
885 1.071599e-06
886 7.830581e-07
887 5.811947e-07
888 3.684510e-07
889 2.235554e-07
890 1.321842e-07
891 8.047201e-08
892 5.132029e-08
893 3.449186e-08
894 0.000000e+00
895 0.000000e+00
896 0.000000e+00
897 0.000000e+00
898 0.000000e+00
899 0.000000e+00
900 1.129832e-06
901 8.256318e-07
902 6.128399e-07
903 3.888501e-07
904 2.358853e-07
905 1.394633e-07
906 8.489138e-08
907 5.412374e-08
908 3.636832e-08
909 0.000000e+00
910 0.000000e+00
911 0.000000e+00
912 0.000000e+00
913 0.000000e+00
914 0.000000e+00
915 1.180640e-06
916 8.627761e-07
917 6.404481e-07
918 4.066495e-07
919 2.466441e-07
920 1.458138e-07
921 8.874744e-08
922 5.656955e-08
923 3.800549e-08
924 0.000000e+00
925 0.000000e+00
926 0.000000e+00
927 0.000000e+00
928 0.000000e+00
929 0.000000e+00
930 1.228811e-06
931 8.979947e-07
932 6.666248e-07
933 4.235243e-07
934 2.568438e-07
935 1.518345e-07
936 9.240321e-08
937 5.888840e-08
938 3.955761e-08
939 0.000000e+00
940 0.000000e+00
941 0.000000e+00
942 0.000000e+00
943 0.000000e+00
944 0.000000e+00
945 1.285023e-06
946 9.390935e-07
947 6.971701e-07
948 4.432171e-07
949 2.687466e-07
950 1.588609e-07
951 9.666968e-08
952 6.159428e-08
953 4.136903e-08
954 0.000000e+00
955 0.000000e+00
956 0.000000e+00
957 0.000000e+00
958 0.000000e+00
959 0.000000e+00
960 3.372305e-07
961 2.685599e-07
962 1.948108e-07
963 1.460962e-07
964 9.037742e-08
965 5.532636e-08
966 3.215805e-08
967 1.922885e-08
968 1.205089e-08
969 7.978823e-09
970 0.000000e+00
971 0.000000e+00
972 0.000000e+00
973 0.000000e+00
974 0.000000e+00
975 5.206849e-07
976 4.175289e-07
977 3.031632e-07
978 2.271374e-07
979 1.423564e-07
980 8.679806e-08
981 5.041476e-08
982 3.010513e-08
983 1.879824e-08
984 1.240953e-08
985 0.000000e+00
986 0.000000e+00
987 0.000000e+00
988 0.000000e+00
989 0.000000e+00
990 6.488013e-07
991 5.216106e-07
992 3.788798e-07
993 2.837587e-07
994 1.787029e-07
995 1.087934e-07
996 6.317560e-08
997 3.770769e-08
998 2.351398e-08
999 1.550551e-08
1000 0.000000e+00
1001 0.000000e+00
1002 0.000000e+00
1003 0.000000e+00
1004 0.000000e+00
1005 7.387612e-07
1006 5.947396e-07
1007 4.320821e-07
1008 3.235418e-07
1009 2.042725e-07
1010 1.242600e-07
1011 7.214884e-08
1012 4.305318e-08
1013 2.682825e-08
1014 1.768084e-08
1015 0.000000e+00
1016 0.000000e+00
1017 0.000000e+00
1018 0.000000e+00
1019 0.000000e+00
1020 8.144682e-07
1021 6.562526e-07
1022 4.768334e-07
1023 3.570055e-07
1024 2.257664e-07
1025 1.372651e-07
1026 7.969382e-08
1027 4.754775e-08
1028 2.961591e-08
1029 1.951057e-08
1030 0.000000e+00
1031 0.000000e+00
1032 0.000000e+00
1033 0.000000e+00
1034 0.000000e+00
1035 8.805121e-07
1036 7.099198e-07
1037 5.158793e-07
1038 3.862008e-07
1039 2.445175e-07
1040 1.486106e-07
1041 8.627592e-08
1042 5.146917e-08
1043 3.204787e-08
1044 2.110711e-08
1045 0.000000e+00
1046 0.000000e+00
1047 0.000000e+00
1048 0.000000e+00
1049 0.000000e+00
1050 9.431315e-07
1051 7.608047e-07
1052 5.528955e-07
1053 4.138804e-07
1054 2.622947e-07
1055 1.593682e-07
1056 9.251681e-08
1057 5.518689e-08
1058 3.435359e-08
1059 2.262066e-08
1060 0.000000e+00
1061 0.000000e+00
1062 0.000000e+00
1063 0.000000e+00
1064 0.000000e+00
1065 1.016208e-06
1066 8.201889e-07
1067 5.960969e-07
1068 4.461874e-07
1069 2.830426e-07
1070 1.719230e-07
1071 9.979997e-08
1072 5.952610e-08
1073 3.704450e-08
1074 2.438712e-08
1075 0.000000e+00
1076 0.000000e+00
1077 0.000000e+00
1078 0.000000e+00
1079 0.000000e+00
1080 1.984544e-07
1081 1.804811e-07
1082 1.390413e-07
1083 1.005486e-07
1084 7.534488e-08
1085 4.355019e-08
1086 2.669120e-08
1087 1.538962e-08
1088 9.100838e-09
1089 5.662113e-09
1090 0.000000e+00
1091 0.000000e+00
1092 0.000000e+00
1093 0.000000e+00
1094 0.000000e+00
1095 3.326898e-07
1096 3.039142e-07
1097 2.351075e-07
1098 1.699120e-07
1099 1.275104e-07
1100 7.412172e-08
1101 4.554877e-08
1102 2.619949e-08
1103 1.543737e-08
1104 9.582061e-09
1105 0.000000e+00
1106 0.000000e+00
1107 0.000000e+00
1108 0.000000e+00
1109 0.000000e+00
1110 4.311903e-07
1111 3.945516e-07
1112 3.056929e-07
1113 2.208745e-07
1114 1.658418e-07
1115 9.660900e-08
1116 5.942231e-08
1117 3.415025e-08
1118 2.009559e-08
1119 1.246275e-08
1120 0.000000e+00
1121 0.000000e+00
1122 0.000000e+00
1123 0.000000e+00
1124 0.000000e+00
1125 5.124148e-07
1126 4.692755e-07
1127 3.638801e-07
1128 2.628866e-07
1129 1.974386e-07
1130 1.151422e-07
1131 7.085588e-08
1132 4.070312e-08
1133 2.393508e-08
1134 1.483737e-08
1135 0.000000e+00
1136 0.000000e+00
1137 0.000000e+00
1138 0.000000e+00
1139 0.000000e+00
1140 5.832709e-07
1141 5.344678e-07
1142 4.146425e-07
1143 2.995383e-07
1144 2.250050e-07
1145 1.313111e-07
1146 8.083092e-08
1147 4.642004e-08
1148 2.728477e-08
1149 1.690897e-08
1150 0.000000e+00
1151 0.000000e+00
1152 0.000000e+00
1153 0.000000e+00
1154 0.000000e+00
1155 6.504514e-07
1156 5.962748e-07
1157 4.627711e-07
1158 3.342878e-07
1159 2.511407e-07
1160 1.466409e-07
1161 9.028802e-08
1162 5.184019e-08
1163 3.046059e-08
1164 1.887301e-08
1165 0.000000e+00
1166 0.000000e+00
1167 0.000000e+00
1168 0.000000e+00
1169 0.000000e+00
1170 7.288579e-07
1171 6.684088e-07
1172 5.189399e-07
1173 3.748432e-07
1174 2.816418e-07
1175 1.645320e-07
1176 1.013252e-07
1177 5.816574e-08
1178 3.416711e-08
1179 2.116533e-08
1180 0.000000e+00
1181 0.000000e+00
1182 0.000000e+00
1183 0.000000e+00
1184 0.000000e+00
1185 1.326689e-07
1186 1.309498e-07
1187 1.101132e-07
1188 8.043493e-08
1189 5.975536e-08
1190 4.061066e-08
1191 2.396604e-08
1192 1.365445e-08
1193 7.893516e-09
1194 4.664552e-09
1195 2.921957e-09
1196 0.000000e+00
1197 0.000000e+00
1198 0.000000e+00
1199 0.000000e+00
1200 2.316040e-07
1201 2.292677e-07
1202 1.935264e-07
1203 1.416185e-07
1204 1.050324e-07
1205 7.189637e-08
1206 4.221419e-08
1207 2.408585e-08
1208 1.394304e-08
1209 8.224280e-09
1210 5.140970e-09
1211 0.000000e+00
1212 0.000000e+00
1213 0.000000e+00
1214 0.000000e+00
1215 3.128701e-07
1216 3.100441e-07
1217 2.620761e-07
1218 1.919078e-07
1219 1.422430e-07
1220 9.761782e-08
1221 5.721304e-08
1222 3.266102e-08
1223 1.891589e-08
1224 1.115033e-08
1225 6.964796e-09
1226 0.000000e+00
1227 0.000000e+00
1228 0.000000e+00
1229 0.000000e+00
1230 3.837141e-07
1231 3.804607e-07
1232 3.218292e-07
1233 2.357437e-07
1234 1.746784e-07
1235 1.200405e-07
1236 7.028731e-08
1237 4.013614e-08
1238 2.325083e-08
1239 1.370106e-08
1240 8.554556e-09
1241 0.000000e+00
1242 0.000000e+00
1243 0.000000e+00
1244 0.000000e+00
1245 4.508874e-07
1246 4.472229e-07
1247 3.784867e-07
1248 2.773076e-07
1249 2.054337e-07
1250 1.413004e-07
1251 8.268419e-08
1252 4.722395e-08
1253 2.736114e-08
1254 1.611957e-08
1255 1.006196e-08
1256 0.000000e+00
1257 0.000000e+00
1258 0.000000e+00
1259 0.000000e+00
1260 5.292750e-07
1261 5.251365e-07
1262 4.446063e-07
1263 3.258153e-07
1264 2.413252e-07
1265 1.661099e-07
1266 9.715158e-08
1267 5.549498e-08
1268 3.215768e-08
1269 1.894192e-08
1270 1.182113e-08
1271 0.000000e+00
1272 0.000000e+00
1273 0.000000e+00
1274 0.000000e+00
1275 9.502359e-08
1276 9.893972e-08
1277 8.953145e-08
1278 6.849206e-08
1279 4.950954e-08
1280 3.708493e-08
1281 2.095318e-08
1282 1.265363e-08
1283 7.149912e-09
1284 4.129827e-09
1285 2.472472e-09
1286 0.000000e+00
1287 0.000000e+00
1288 0.000000e+00
1289 0.000000e+00
1290 1.739846e-07
1291 1.815424e-07
1292 1.648026e-07
1293 1.264290e-07
1294 9.132961e-08
1295 6.851919e-08
1296 3.882802e-08
1297 2.352676e-08
1298 1.326329e-08
1299 7.641912e-09
1300 4.565871e-09
1301 0.000000e+00
1302 0.000000e+00
1303 0.000000e+00
1304 0.000000e+00
1305 2.429701e-07
1306 2.537192e-07
1307 2.305842e-07
1308 1.770700e-07
1309 1.278832e-07
1310 9.599618e-08
1311 5.445723e-08
1312 3.303532e-08
1313 1.860892e-08
1314 1.071224e-08
1315 6.395760e-09
1316 0.000000e+00
1317 0.000000e+00
1318 0.000000e+00
1319 0.000000e+00
1320 3.083347e-07
1321 3.221055e-07
1322 2.929116e-07
1323 2.250530e-07
1324 1.625180e-07
1325 1.220304e-07
1326 6.926503e-08
1327 4.204407e-08
1328 2.367358e-08
1329 1.362120e-08
1330 8.129551e-09
1331 0.000000e+00
1332 0.000000e+00
1333 0.000000e+00
1334 0.000000e+00
1335 3.846166e-07
1336 4.019142e-07
1337 3.656494e-07
1338 2.810475e-07
1339 2.029347e-07
1340 1.524113e-07
1341 8.654549e-08
1342 5.255751e-08
1343 2.958402e-08
1344 1.701598e-08
1345 1.015285e-08
1346 0.000000e+00
1347 0.000000e+00
1348 0.000000e+00
1349 0.000000e+00
1350 7.282305e-08
1351 7.882354e-08
1352 7.558529e-08
1353 6.125134e-08
1354 4.418865e-08
1355 3.331255e-08
1356 2.080838e-08
1357 1.275829e-08
1358 7.083012e-09
1359 3.900195e-09
1360 2.254214e-09
1361 1.370910e-09
1362 0.000000e+00
1363 0.000000e+00
1364 0.000000e+00
1365 1.389412e-07
1366 1.506413e-07
1367 1.448217e-07
1368 1.177123e-07
1369 8.497770e-08
1370 6.399943e-08
1371 4.025355e-08
1372 2.460686e-08
1373 1.366381e-08
1374 7.527787e-09
1375 4.340705e-09
1376 2.633936e-09
1377 0.000000e+00
1378 0.000000e+00
1379 0.000000e+00
1380 2.014586e-07
1381 2.185510e-07
1382 2.102960e-07
1383 1.711106e-07
1384 1.235566e-07
1385 9.302161e-08
1386 5.864818e-08
1387 3.581379e-08
1388 1.988834e-08
1389 1.095930e-08
1390 6.314191e-09
1391 3.828455e-09
1392 0.000000e+00
1393 0.000000e+00
1394 0.000000e+00
1395 2.743938e-07
1396 2.977772e-07
1397 2.866805e-07
1398 2.334054e-07
1399 1.685619e-07
1400 1.268788e-07
1401 8.010741e-08
1402 4.888772e-08
1403 2.714982e-08
1404 1.496238e-08
1405 8.616436e-09
1406 5.221989e-09
1407 0.000000e+00
1408 0.000000e+00
1409 0.000000e+00
1410 5.932179e-08
1411 6.620645e-08
1412 6.651007e-08
1413 5.712894e-08
1414 4.210890e-08
1415 3.101498e-08
1416 2.184899e-08
1417 1.246628e-08
1418 7.018135e-09
1419 3.971268e-09
1420 2.208977e-09
1421 1.288318e-09
1422 0.000000e+00
1423 0.000000e+00
1424 0.000000e+00
1425 1.183477e-07
1426 1.322710e-07
1427 1.331666e-07
1428 1.147261e-07
1429 8.470954e-08
1430 6.231235e-08
1431 4.410915e-08
1432 2.508321e-08
1433 1.415216e-08
1434 8.006851e-09
1435 4.451313e-09
1436 2.590874e-09
1437 0.000000e+00
1438 0.000000e+00
1439 0.000000e+00
1440 1.868793e-07
1441 2.089759e-07
1442 2.105596e-07
1443 1.816009e-07
1444 1.341727e-07
1445 9.865090e-08
1446 6.995531e-08
1447 3.973274e-08
1448 2.243581e-08
1449 1.269258e-08
1450 7.054950e-09
1451 4.103254e-09
1452 0.000000e+00
1453 0.000000e+00
1454 0.000000e+00
1455 5.170884e-08
1456 5.925684e-08
1457 6.193865e-08
1458 5.627778e-08
1459 4.315892e-08
1460 3.117176e-08
1461 2.341327e-08
1462 1.312623e-08
1463 7.851481e-09
1464 4.301642e-09
1465 2.371402e-09
1466 1.324097e-09
1467 0.000000e+00
1468 0.000000e+00
1469 0.000000e+00
1470 1.147979e-07
1471 1.317275e-07
1472 1.379577e-07
1473 1.257126e-07
1474 9.665898e-08
1475 6.977299e-08
1476 5.247935e-08
1477 2.951126e-08
1478 1.771364e-08
1479 9.686561e-09
1480 5.327232e-09
1481 2.968423e-09
1482 0.000000e+00
1483 0.000000e+00
1484 0.000000e+00
1485 5.395539e-08
1486 6.340094e-08
1487 6.874494e-08
1488 6.599903e-08
1489 5.351501e-08
1490 3.861436e-08
1491 2.913024e-08
1492 1.811385e-08
1493 1.102335e-08
1494 5.981975e-09
1495 3.150767e-09
1496 1.699893e-09
1497 9.466235e-10
1498 0.000000e+00
1499 0.000000e+00
1500 1.109684e-04
1501 8.086786e-05
1502 6.035546e-05
1503 3.805236e-05
1504 2.321989e-05
1505 1.369104e-05
1506 8.324421e-06
1507 5.304277e-06
1508 3.565556e-06
1509 0.000000e+00
1510 0.000000e+00
1511 0.000000e+00
1512 0.000000e+00
1513 0.000000e+00
1514 0.000000e+00
1515 5.757601e-05
1516 4.644359e-05
1517 3.369791e-05
1518 2.528332e-05
1519 1.597668e-05
1520 9.754545e-06
1521 5.648866e-06
1522 3.364481e-06
1523 2.093966e-06
1524 1.379138e-06
1525 0.000000e+00
1526 0.000000e+00
1527 0.000000e+00
1528 0.000000e+00
1529 0.000000e+00
1530 4.047788e-05
1531 3.713775e-05
1532 2.882267e-05
1533 2.080348e-05
1534 1.566222e-05
1535 9.111532e-06
1536 5.625604e-06
1537 3.225263e-06
1538 1.896511e-06
1539 1.174730e-06
1540 0.000000e+00
1541 0.000000e+00
1542 0.000000e+00
1543 0.000000e+00
1544 0.000000e+00
1545 2.912801e-05
1546 2.891312e-05
1547 2.448503e-05
1548 1.793535e-05
1549 1.328396e-05
1550 9.154542e-06
1551 5.351144e-06
1552 3.053081e-06
1553 1.771954e-06
1554 1.042590e-06
1555 6.506122e-07
1556 0.000000e+00
1557 0.000000e+00
1558 0.000000e+00
1559 0.000000e+00
1560 2.085098e-05
1561 2.179680e-05
1562 1.983793e-05
1563 1.524768e-05
1564 1.100576e-05
1565 8.274949e-06
1566 4.689296e-06
1567 2.850415e-06
1568 1.602925e-06
1569 9.233707e-07
1570 5.506294e-07
1571 0.000000e+00
1572 0.000000e+00
1573 0.000000e+00
1574 0.000000e+00
1575 1.487210e-05
1576 1.614453e-05
1577 1.554949e-05
1578 1.266314e-05
1579 9.143013e-06
1580 6.883420e-06
1581 4.347301e-06
1582 2.655947e-06
1583 1.474901e-06
1584 8.112783e-07
1585 4.673052e-07
1586 2.832009e-07
1587 0.000000e+00
1588 0.000000e+00
1589 0.000000e+00
1590 1.001028e-05
1591 1.119728e-05
1592 1.128693e-05
1593 9.739022e-06
1594 7.195644e-06
1595 5.289411e-06
1596 3.755371e-06
1597 2.130464e-06
1598 1.202339e-06
1599 6.811759e-07
1600 3.783133e-07
1601 2.200058e-07
1602 0.000000e+00
1603 0.000000e+00
1604 0.000000e+00
1605 6.201116e-06
1606 7.118100e-06
1607 7.458527e-06
1608 6.801106e-06
1609 5.231433e-06
1610 3.775220e-06
1611 2.841823e-06
1612 1.597077e-06
1613 9.596537e-07
1614 5.242846e-07
1615 2.885232e-07
1616 1.606418e-07
1617 0.000000e+00
1618 0.000000e+00
1619 0.000000e+00
1620 3.163407e-06
1621 3.720115e-06
1622 4.038202e-06
1623 3.883392e-06
1624 3.154630e-06
1625 2.276770e-06
1626 1.716871e-06
1627 1.071974e-06
1628 6.518364e-07
1629 3.538249e-07
1630 1.861971e-07
1631 1.003484e-07
1632 5.578990e-08
1633 0.000000e+00
1634 0.000000e+00
1635 8.891198e-07
1636 1.072208e-06
1637 1.206146e-06
1638 1.224576e-06
1639 1.066696e-06
1640 7.933436e-07
1641 5.815894e-07
1642 4.169104e-07
1643 2.343421e-07
1644 1.314261e-07
1645 7.164692e-08
1646 3.730540e-08
1647 1.958823e-08
1648 0.000000e+00
1649 0.000000e+00
