0 2.250455e-09
1 1.463037e-09
2 9.202095e-10
3 5.795112e-10
4 3.724070e-10
5 2.449984e-10
6 1.629272e-10
7 1.070277e-10
8 6.784509e-11
9 4.077053e-11
10 2.299630e-11
11 1.215623e-11
12 6.063011e-12
13 2.885581e-12
14 1.326928e-12
15 3.798367e-09
16 2.526885e-09
17 1.606432e-09
18 1.001234e-09
19 6.330541e-10
20 4.099085e-10
21 2.711677e-10
22 1.798306e-10
23 1.166193e-10
24 7.235603e-11
25 4.229782e-11
26 2.315261e-11
27 1.189527e-11
28 5.790451e-12
29 2.703835e-12
30 4.338145e-09
31 2.905303e-09
32 1.856861e-09
33 1.156250e-09
34 7.281282e-10
35 4.690354e-10
36 3.093164e-10
37 2.052762e-10
38 1.337473e-10
39 8.362622e-11
40 4.936283e-11
41 2.730108e-11
42 1.415840e-11
43 6.942894e-12
44 3.259391e-12
45 4.660407e-09
46 3.131219e-09
47 2.006717e-09
48 1.248905e-09
49 7.849309e-10
50 5.043397e-10
51 3.320956e-10
52 2.204292e-10
53 1.439561e-10
54 9.034483e-11
55 5.357829e-11
56 2.977210e-11
57 1.550859e-11
58 7.632450e-12
59 3.591519e-12
60 4.865790e-09
61 3.275394e-09
62 2.102090e-09
63 1.307959e-09
64 8.211226e-10
65 5.269080e-10
66 3.466522e-10
67 2.301379e-10
68 1.504615e-10
69 9.463886e-11
70 5.628218e-11
71 3.136153e-11
72 1.637216e-11
73 8.074964e-12
74 3.805778e-12
75 5.020135e-09
76 3.383380e-09
77 2.173766e-09
78 1.352259e-09
79 8.483483e-10
80 5.438637e-10
81 3.575540e-10
82 2.374005e-10
83 1.553860e-10
84 9.788178e-11
85 5.829676e-11
86 3.254351e-11
87 1.701988e-11
88 8.402412e-12
89 3.963176e-12
90 5.145151e-09
91 3.471257e-09
92 2.231874e-09
93 1.388469e-09
94 8.704774e-10
95 5.575689e-10
96 3.664418e-10
97 2.433238e-10
98 1.593794e-10
99 1.005010e-10
100 5.995027e-11
101 3.351156e-11
102 1.754742e-11
103 8.671366e-12
104 4.092799e-12
105 5.255117e-09
106 3.547935e-09
107 2.283138e-09
108 1.420138e-09
109 8.898159e-10
110 5.696129e-10
111 3.741841e-10
112 2.484946e-10
113 1.627908e-10
114 1.027529e-10
115 6.135718e-11
116 3.435123e-11
117 1.800950e-11
118 8.907083e-12
119 4.203180e-12
120 5.359399e-09
121 3.621435e-09
122 2.331808e-09
123 1.450133e-09
124 9.082099e-10
125 5.810261e-10
126 3.815135e-10
127 2.534104e-10
128 1.661536e-10
129 1.049644e-10
130 6.275637e-11
131 3.515803e-11
132 1.844621e-11
133 9.129934e-12
134 4.314048e-12
135 5.478306e-09
136 3.704439e-09
137 2.387442e-09
138 1.484638e-09
139 9.293362e-10
140 5.942167e-10
141 3.900331e-10
142 2.590051e-10
143 1.699606e-10
144 1.074917e-10
145 6.433249e-11
146 3.608325e-11
147 1.895194e-11
148 9.385748e-12
149 4.437395e-12
150 7.894478e-09
151 5.434940e-09
152 3.569764e-09
153 2.229687e-09
154 1.382615e-09
155 8.716839e-10
156 5.653249e-10
157 3.741343e-10
158 2.473705e-10
159 1.592514e-10
160 9.766708e-11
161 5.628443e-11
162 3.033448e-11
163 1.535235e-11
164 7.374946e-12
165 9.913727e-09
166 6.908569e-09
167 4.600904e-09
168 2.902767e-09
169 1.790821e-09
170 1.120092e-09
171 7.187977e-10
172 4.727255e-10
173 3.130228e-10
174 2.033464e-10
175 1.266097e-10
176 7.433707e-11
177 4.084852e-11
178 2.103647e-11
179 1.024341e-11
180 1.118125e-08
181 7.838753e-09
182 5.253543e-09
183 3.332489e-09
184 2.052256e-09
185 1.279343e-09
186 8.166106e-10
187 5.353131e-10
188 3.545250e-10
189 2.312194e-10
190 1.449456e-10
191 8.582268e-11
192 4.758058e-11
193 2.470411e-11
194 1.210860e-11
195 1.199392e-08
196 8.435670e-09
197 5.672403e-09
198 3.608439e-09
199 2.220439e-09
200 1.381507e-09
201 8.793272e-10
202 5.755152e-10
203 3.811587e-10
204 2.490953e-10
205 1.567040e-10
206 9.319885e-11
207 5.190844e-11
208 2.706294e-11
209 1.330932e-11
210 1.260241e-08
211 8.883234e-09
212 5.986886e-09
213 3.814490e-09
214 2.346306e-09
215 1.458140e-09
216 9.264226e-10
217 6.055586e-10
218 4.010788e-10
219 2.624698e-10
220 1.654948e-10
221 9.872177e-11
222 5.514815e-11
223 2.882467e-11
224 1.420634e-11
225 1.309733e-08
226 9.245347e-09
227 6.240388e-09
228 3.982443e-09
229 2.448025e-09
230 1.520088e-09
231 9.644167e-10
232 6.299394e-10
233 4.172363e-10
234 2.733001e-10
235 1.726254e-10
236 1.031732e-10
237 5.775618e-11
238 3.025070e-11
239 1.493083e-11
240 1.352629e-08
241 9.560444e-09
242 6.462063e-09
243 4.128464e-09
244 2.537228e-09
245 1.574272e-09
246 9.975676e-10
247 6.510821e-10
248 4.313379e-10
249 2.827671e-10
250 1.788524e-10
251 1.070745e-10
252 6.004915e-11
253 3.149917e-11
254 1.556055e-11
255 1.393630e-08
256 9.861355e-09
257 6.673617e-09
258 4.268150e-09
259 2.621805e-09
260 1.625680e-09
261 1.029214e-09
262 6.712974e-10
263 4.447629e-10
264 2.917732e-10
265 1.847776e-10
266 1.107956e-10
267 6.222865e-11
268 3.268306e-11
269 1.616681e-11
270 1.441188e-08
271 1.021035e-08
272 6.918342e-09
273 4.428851e-09
274 2.719569e-09
275 1.685628e-09
276 1.066180e-09
277 6.949086e-10
278 4.603145e-10
279 3.022146e-10
280 1.916621e-10
281 1.151122e-10
282 6.475268e-11
283 3.406063e-11
284 1.686709e-11
285 1.339827e-08
286 9.518836e-09
287 6.458324e-09
288 4.160967e-09
289 2.563125e-09
290 1.588242e-09
291 1.002507e-09
292 6.509278e-10
293 4.296479e-10
294 2.815056e-10
295 1.785618e-10
296 1.075391e-10
297 6.079691e-11
298 3.217799e-11
299 1.603048e-11
300 1.586418e-08
301 1.140196e-08
302 7.808074e-09
303 5.090435e-09
304 3.146551e-09
305 1.940037e-09
306 1.214335e-09
307 7.823120e-10
308 5.144643e-10
309 3.379634e-10
310 2.161592e-10
311 1.318133e-10
312 7.562582e-11
313 4.062761e-11
314 2.050691e-11
315 1.746878e-08
316 1.263337e-08
317 8.692522e-09
318 5.701261e-09
319 3.532198e-09
320 2.171577e-09
321 1.354168e-09
322 8.688402e-10
323 5.701942e-10
324 3.749743e-10
325 2.407935e-10
326 1.477402e-10
327 8.537911e-11
328 4.620146e-11
329 2.346948e-11
330 1.867349e-08
331 1.355722e-08
332 9.353527e-09
333 6.156333e-09
334 3.820432e-09
335 2.344877e-09
336 1.458693e-09
337 9.335663e-10
338 6.119785e-10
339 4.026875e-10
340 2.592228e-10
341 1.596527e-10
342 9.267483e-11
343 5.037170e-11
344 2.568571e-11
345 1.965009e-08
346 1.430581e-08
347 9.892412e-09
348 6.528531e-09
349 4.054395e-09
350 2.485663e-09
351 1.543495e-09
352 9.860907e-10
353 6.457616e-10
354 4.251316e-10
355 2.741838e-10
356 1.693240e-10
357 9.859415e-11
358 5.375610e-11
359 2.748585e-11
360 2.050474e-08
361 1.495990e-08
362 1.036224e-08
363 6.851247e-09
364 4.257973e-09
365 2.608353e-09
366 1.617316e-09
367 1.031780e-09
368 6.752076e-10
369 4.447252e-10
370 2.872216e-10
371 1.777524e-10
372 1.037550e-10
373 5.670133e-11
374 2.904911e-11
375 2.130893e-08
376 1.557815e-08
377 1.080569e-08
378 7.157840e-09
379 4.451814e-09
380 2.724935e-09
381 1.687689e-09
382 1.075163e-09
383 7.031736e-10
384 4.632938e-10
385 2.995924e-10
386 1.857473e-10
387 1.086485e-10
388 5.949899e-11
389 3.053560e-11
390 2.224951e-08
391 1.629994e-08
392 1.132313e-08
393 7.514678e-09
394 4.676610e-09
395 2.860463e-09
396 1.769367e-09
397 1.125917e-09
398 7.357965e-10
399 4.849944e-10
400 3.140409e-10
401 1.950881e-10
402 1.143677e-10
403 6.276045e-11
404 3.226871e-11
405 1.964952e-08
406 1.439594e-08
407 9.988581e-09
408 6.620845e-09
409 4.142756e-09
410 2.536946e-09
411 1.573323e-09
412 1.000535e-09
413 6.523301e-10
414 4.284764e-10
415 2.764428e-10
416 1.712625e-10
417 1.002892e-10
418 5.508610e-11
419 2.839064e-11
420 2.229938e-08
421 1.652634e-08
422 1.155526e-08
423 7.723100e-09
424 4.873541e-09
425 2.975805e-09
426 1.837660e-09
427 1.159989e-09
428 7.520706e-10
429 4.933948e-10
430 3.195254e-10
431 1.995200e-10
432 1.180862e-10
433 6.563534e-11
434 3.421848e-11
435 2.428996e-08
436 1.813272e-08
437 1.273466e-08
438 8.555575e-09
439 5.425297e-09
440 3.307387e-09
441 2.037840e-09
442 1.280440e-09
443 8.275312e-10
444 5.424308e-10
445 3.520596e-10
446 2.208600e-10
447 1.315334e-10
448 7.361459e-11
449 3.863141e-11
450 2.591348e-08
451 1.943439e-08
452 1.369377e-08
453 9.230936e-09
454 5.872296e-09
455 3.576699e-09
456 2.199671e-09
457 1.378114e-09
458 8.884130e-10
459 5.821329e-10
460 3.784043e-10
461 2.381406e-10
462 1.424216e-10
463 8.007264e-11
464 4.220243e-11
465 2.732322e-08
466 2.057172e-08
467 1.453009e-08
468 9.817911e-09
469 6.262303e-09
470 3.811449e-09
471 2.340657e-09
472 1.463167e-09
473 9.417250e-10
474 6.167838e-10
475 4.013904e-10
476 2.532192e-10
477 1.519235e-10
478 8.571051e-11
479 4.531975e-11
480 2.865751e-08
481 2.164202e-08
482 1.531992e-08
483 1.037334e-08
484 6.631357e-09
485 4.033007e-09
486 2.474331e-09
487 1.543487e-09
488 9.919937e-10
489 6.495059e-10
490 4.231317e-10
491 2.674787e-10
492 1.609055e-10
493 9.103234e-11
494 4.826090e-11
495 3.021916e-08
496 2.289794e-08
497 1.624299e-08
498 1.102410e-08
499 7.062404e-09
500 4.292238e-09
501 2.630445e-09
502 1.637666e-09
503 1.050854e-09
504 6.878036e-10
505 4.485357e-10
506 2.841251e-10
507 1.714056e-10
508 9.726519e-11
509 5.170696e-11
510 2.599052e-08
511 1.959538e-08
512 1.386053e-08
513 9.361685e-09
514 5.989181e-09
515 3.656947e-09
516 2.246905e-09
517 1.403379e-09
518 9.015468e-10
519 5.890444e-10
520 3.825256e-10
521 2.410128e-10
522 1.445982e-10
523 8.169386e-11
524 4.331438e-11
525 2.889093e-08
526 2.203126e-08
527 1.570536e-08
528 1.067781e-08
529 6.890014e-09
530 4.213101e-09
531 2.580073e-09
532 1.600918e-09
533 1.022472e-09
534 6.658955e-10
535 4.329168e-10
536 2.741678e-10
537 1.658373e-10
538 9.463104e-11
539 5.069896e-11
540 3.124138e-08
541 2.400395e-08
542 1.719814e-08
543 1.174408e-08
544 7.618658e-09
545 4.663853e-09
546 2.848988e-09
547 1.760690e-09
548 1.119972e-09
549 7.280387e-10
550 4.736801e-10
551 3.009953e-10
552 1.830238e-10
553 1.050977e-10
554 5.667181e-11
555 3.328741e-08
556 2.572176e-08
557 1.849988e-08
558 1.267062e-08
559 8.253063e-09
560 5.054980e-09
561 3.083164e-09
562 1.899758e-09
563 1.205047e-09
564 7.821309e-10
565 5.091609e-10
566 3.243481e-10
567 1.979847e-10
568 1.142078e-10
569 6.186942e-11
570 3.522766e-08
571 2.735120e-08
572 1.973450e-08
573 1.355064e-08
574 8.855822e-09
575 5.426936e-09
576 3.305488e-09
577 2.031639e-09
578 1.285727e-09
579 8.334829e-10
580 5.428595e-10
581 3.465257e-10
582 2.121913e-10
583 1.228596e-10
584 6.680595e-11
585 3.750128e-08
586 2.925532e-08
587 2.117651e-08
588 1.457803e-08
589 9.557275e-09
590 5.860241e-09
591 3.564655e-09
592 2.185321e-09
593 1.379722e-09
594 8.932829e-10
595 5.820978e-10
596 3.723582e-10
597 2.287421e-10
598 1.329373e-10
599 7.255525e-11
600 3.275705e-08
601 2.538560e-08
602 1.831398e-08
603 1.255945e-08
604 8.198801e-09
605 5.046103e-09
606 3.074718e-09
607 1.893468e-09
608 1.198327e-09
609 7.757247e-10
610 5.039987e-10
611 3.208267e-10
612 1.959785e-10
613 1.133006e-10
614 6.159445e-11
615 3.597910e-08
616 2.819774e-08
617 2.051387e-08
618 1.415274e-08
619 9.308541e-09
620 5.758721e-09
621 3.496904e-09
622 2.143879e-09
623 1.348276e-09
624 8.689166e-10
625 5.640705e-10
626 3.601766e-10
627 2.214060e-10
628 1.290905e-10
629 7.084961e-11
630 3.877477e-08
631 3.063596e-08
632 2.242083e-08
633 1.552897e-08
634 1.026808e-08
635 6.373661e-09
636 3.861034e-09
637 2.359823e-09
638 1.477875e-09
639 9.493940e-10
640 6.160065e-10
641 3.942249e-10
642 2.434143e-10
643 1.427533e-10
644 7.885181e-11
645 4.142309e-08
646 3.294577e-08
647 2.422681e-08
648 1.683515e-08
649 1.117744e-08
650 6.956609e-09
651 4.205817e-09
652 2.564645e-09
653 1.600536e-09
654 1.025650e-09
655 6.652318e-10
656 4.264968e-10
657 2.642730e-10
658 1.557022e-10
659 8.643453e-11
660 4.452386e-08
661 3.564321e-08
662 2.633597e-08
663 1.835819e-08
664 1.223730e-08
665 7.636370e-09
666 4.608242e-09
667 2.803086e-09
668 1.743547e-09
669 1.114584e-09
670 7.226188e-10
671 4.641237e-10
672 2.885975e-10
673 1.708019e-10
674 9.527733e-11
675 4.016770e-08
676 3.197140e-08
677 2.355671e-08
678 1.638862e-08
679 1.088327e-08
680 6.801285e-09
681 4.116324e-09
682 2.512264e-09
683 1.565460e-09
684 1.000999e-09
685 6.477440e-10
686 4.145069e-10
687 2.566083e-10
688 1.512241e-10
689 8.408475e-11
690 4.388306e-08
691 3.532489e-08
692 2.627694e-08
693 1.839080e-08
694 1.229466e-08
695 7.738724e-09
696 4.675173e-09
697 2.844827e-09
698 1.761178e-09
699 1.119626e-09
700 7.226582e-10
701 4.630859e-10
702 2.880674e-10
703 1.710217e-10
704 9.593765e-11
705 4.737180e-08
706 3.848042e-08
707 2.882389e-08
708 2.026790e-08
709 1.361553e-08
710 8.615234e-09
711 5.195918e-09
712 3.154682e-09
713 1.943670e-09
714 1.230390e-09
715 7.927640e-10
716 5.085982e-10
717 3.175605e-10
718 1.895809e-10
719 1.070445e-10
720 5.145688e-08
721 4.216838e-08
722 3.179412e-08
723 2.245604e-08
724 1.515505e-08
725 9.637610e-09
726 5.803564e-09
727 3.516561e-09
728 2.156434e-09
729 1.359663e-09
730 8.744786e-10
731 5.616562e-10
732 3.519477e-10
733 2.112183e-10
734 1.199941e-10
735 4.866989e-08
736 3.979405e-08
737 3.001015e-08
738 2.120883e-08
739 1.429831e-08
740 9.104348e-09
741 5.506648e-09
742 3.337880e-09
743 2.047727e-09
744 1.290193e-09
745 8.280416e-10
746 5.303946e-10
747 3.314991e-10
748 1.985637e-10
749 1.127122e-10
750 5.324587e-08
751 4.407224e-08
752 3.360104e-08
753 2.391943e-08
754 1.622643e-08
755 1.041926e-08
756 6.309885e-09
757 3.813194e-09
758 2.324002e-09
759 1.454561e-09
760 9.294259e-10
761 5.950484e-10
762 3.731829e-10
763 2.249987e-10
764 1.288252e-10
765 5.855808e-08
766 4.903212e-08
767 3.773977e-08
768 2.704079e-08
769 1.844607e-08
770 1.193270e-08
771 7.232128e-09
772 4.359335e-09
773 2.640718e-09
774 1.643340e-09
775 1.046027e-09
776 6.695496e-10
777 4.212765e-10
778 2.555094e-10
779 1.474165e-10
780 5.923100e-08
781 4.985233e-08
782 3.862639e-08
783 2.783289e-08
784 1.904771e-08
785 1.237953e-08
786 7.553593e-09
787 4.542707e-09
788 2.747112e-09
789 1.701594e-09
790 1.077937e-09
791 6.876104e-10
792 4.321588e-10
793 2.624467e-10
794 1.519490e-10
795 6.625214e-08
796 5.663960e-08
797 4.453061e-08
798 3.243936e-08
799 2.237201e-08
800 1.468991e-08
801 9.023963e-09
802 5.404108e-09
803 3.247439e-09
804 1.993134e-09
805 1.252972e-09
806 7.965733e-10
807 5.015198e-10
808 3.064703e-10
809 1.791398e-10
810 7.611330e-08
811 6.655126e-08
812 5.358510e-08
813 3.983159e-08
814 2.784498e-08
815 1.855196e-08
816 1.160113e-08
817 6.928638e-09
818 4.140169e-09
819 2.501718e-09
820 1.547597e-09
821 9.732910e-10
822 6.109334e-10
823 3.751310e-10
824 2.217857e-10
825 5.054593e-07
826 3.691905e-07
827 2.735628e-07
828 1.702856e-07
829 1.037365e-07
830 6.145543e-08
831 3.752490e-08
832 2.407362e-08
833 1.625091e-08
834 0.000000e+00
835 0.000000e+00
836 0.000000e+00
837 0.000000e+00
838 0.000000e+00
839 0.000000e+00
840 7.536974e-07
841 5.506393e-07
842 4.084460e-07
843 2.570875e-07
844 1.562423e-07
845 9.244761e-08
846 5.634523e-08
847 3.601653e-08
848 2.424805e-08
849 0.000000e+00
850 0.000000e+00
851 0.000000e+00
852 0.000000e+00
853 0.000000e+00
854 0.000000e+00
855 9.034708e-07
856 6.601393e-07
857 4.898344e-07
858 3.095543e-07
859 1.879543e-07
860 1.111685e-07
861 6.771198e-08
862 4.322638e-08
863 2.907417e-08
864 0.000000e+00
865 0.000000e+00
866 0.000000e+00
867 0.000000e+00
868 0.000000e+00
869 0.000000e+00
870 9.993278e-07
871 7.302182e-07
872 5.419243e-07
873 3.431341e-07
874 2.082519e-07
875 1.231503e-07
876 7.498702e-08
877 4.784112e-08
878 3.216291e-08
879 0.000000e+00
880 0.000000e+00
881 0.000000e+00
882 0.000000e+00
883 0.000000e+00
884 0.000000e+00
885 1.071193e-06
886 7.827614e-07
887 5.809742e-07
888 3.683088e-07
889 2.234694e-07
890 1.321335e-07
891 8.044121e-08
892 5.130076e-08
893 3.447879e-08
894 0.000000e+00
895 0.000000e+00
896 0.000000e+00
897 0.000000e+00
898 0.000000e+00
899 0.000000e+00
900 1.129439e-06
901 8.253442e-07
902 6.126261e-07
903 3.887123e-07
904 2.358020e-07
905 1.394142e-07
906 8.486152e-08
907 5.410480e-08
908 3.635564e-08
909 0.000000e+00
910 0.000000e+00
911 0.000000e+00
912 0.000000e+00
913 0.000000e+00
914 0.000000e+00
915 1.180268e-06
916 8.625041e-07
917 6.402459e-07
918 4.065191e-07
919 2.465652e-07
920 1.457672e-07
921 8.871918e-08
922 5.655163e-08
923 3.799350e-08
924 0.000000e+00
925 0.000000e+00
926 0.000000e+00
927 0.000000e+00
928 0.000000e+00
929 0.000000e+00
930 1.228460e-06
931 8.977376e-07
932 6.664337e-07
933 4.234011e-07
934 2.567693e-07
935 1.517905e-07
936 9.237652e-08
937 5.887147e-08
938 3.954628e-08
939 0.000000e+00
940 0.000000e+00
941 0.000000e+00
942 0.000000e+00
943 0.000000e+00
944 0.000000e+00
945 1.284683e-06
946 9.388454e-07
947 6.969857e-07
948 4.430983e-07
949 2.686743e-07
950 1.588185e-07
951 9.664394e-08
952 6.157795e-08
953 4.135810e-08
954 0.000000e+00
955 0.000000e+00
956 0.000000e+00
957 0.000000e+00
958 0.000000e+00
959 0.000000e+00
960 3.281090e-07
961 2.611796e-07
962 1.894486e-07
963 1.420810e-07
964 8.781866e-08
965 5.377281e-08
966 3.125694e-08
967 1.869197e-08
968 1.171727e-08
969 7.759446e-09
970 0.000000e+00
971 0.000000e+00
972 0.000000e+00
973 0.000000e+00
974 0.000000e+00
975 5.201584e-07
976 4.171007e-07
977 3.028510e-07
978 2.269041e-07
979 1.422058e-07
980 8.670719e-08
981 5.036203e-08
982 3.007370e-08
983 1.877878e-08
984 1.239676e-08
985 0.000000e+00
986 0.000000e+00
987 0.000000e+00
988 0.000000e+00
989 0.000000e+00
990 6.448120e-07
991 5.183992e-07
992 3.765466e-07
993 2.820115e-07
994 1.775998e-07
995 1.081223e-07
996 6.278598e-08
997 3.747520e-08
998 2.336911e-08
999 1.541004e-08
1000 0.000000e+00
1001 0.000000e+00
1002 0.000000e+00
1003 0.000000e+00
1004 0.000000e+00
1005 7.382357e-07
1006 5.943126e-07
1007 4.317715e-07
1008 3.233096e-07
1009 2.041234e-07
1010 1.241698e-07
1011 7.209649e-08
1012 4.302199e-08
1013 2.680897e-08
1014 1.766814e-08
1015 0.000000e+00
1016 0.000000e+00
1017 0.000000e+00
1018 0.000000e+00
1019 0.000000e+00
1020 8.139596e-07
1021 6.558390e-07
1022 4.765327e-07
1023 3.567807e-07
1024 2.256220e-07
1025 1.371778e-07
1026 7.964314e-08
1027 4.751755e-08
1028 2.959718e-08
1029 1.949827e-08
1030 0.000000e+00
1031 0.000000e+00
1032 0.000000e+00
1033 0.000000e+00
1034 0.000000e+00
1035 8.800254e-07
1036 7.095243e-07
1037 5.155916e-07
1038 3.859857e-07
1039 2.443794e-07
1040 1.485270e-07
1041 8.622743e-08
1042 5.144028e-08
1043 3.202995e-08
1044 2.109535e-08
1045 0.000000e+00
1046 0.000000e+00
1047 0.000000e+00
1048 0.000000e+00
1049 0.000000e+00
1050 9.426736e-07
1051 7.604327e-07
1052 5.526249e-07
1053 4.136780e-07
1054 2.621647e-07
1055 1.592896e-07
1056 9.247120e-08
1057 5.515972e-08
1058 3.433673e-08
1059 2.260959e-08
1060 0.000000e+00
1061 0.000000e+00
1062 0.000000e+00
1063 0.000000e+00
1064 0.000000e+00
1065 1.015768e-06
1066 8.198310e-07
1067 5.958365e-07
1068 4.459927e-07
1069 2.829175e-07
1070 1.718473e-07
1071 9.975607e-08
1072 5.949995e-08
1073 3.702828e-08
1074 2.437647e-08
1075 0.000000e+00
1076 0.000000e+00
1077 0.000000e+00
1078 0.000000e+00
1079 0.000000e+00
1080 1.974259e-07
1081 1.795269e-07
1082 1.382931e-07
1083 1.000090e-07
1084 7.493841e-08
1085 4.330899e-08
1086 2.654206e-08
1087 1.530446e-08
1088 9.051199e-09
1089 5.631547e-09
1090 0.000000e+00
1091 0.000000e+00
1092 0.000000e+00
1093 0.000000e+00
1094 0.000000e+00
1095 3.302844e-07
1096 3.017109e-07
1097 2.333989e-07
1098 1.686777e-07
1099 1.265833e-07
1100 7.358072e-08
1101 4.521590e-08
1102 2.600829e-08
1103 1.532496e-08
1104 9.512396e-09
1105 0.000000e+00
1106 0.000000e+00
1107 0.000000e+00
1108 0.000000e+00
1109 0.000000e+00
1110 4.306279e-07
1111 3.940342e-07
1112 3.052903e-07
1113 2.205836e-07
1114 1.656231e-07
1115 9.648066e-08
1116 5.934313e-08
1117 3.410487e-08
1118 2.006900e-08
1119 1.244630e-08
1120 0.000000e+00
1121 0.000000e+00
1122 0.000000e+00
1123 0.000000e+00
1124 0.000000e+00
1125 5.118675e-07
1126 4.687719e-07
1127 3.634880e-07
1128 2.626035e-07
1129 1.972257e-07
1130 1.150174e-07
1131 7.077884e-08
1132 4.065897e-08
1133 2.390921e-08
1134 1.482137e-08
1135 0.000000e+00
1136 0.000000e+00
1137 0.000000e+00
1138 0.000000e+00
1139 0.000000e+00
1140 5.827486e-07
1141 5.339873e-07
1142 4.142683e-07
1143 2.992682e-07
1144 2.248018e-07
1145 1.311919e-07
1146 8.075741e-08
1147 4.637790e-08
1148 2.726008e-08
1149 1.689370e-08
1150 0.000000e+00
1151 0.000000e+00
1152 0.000000e+00
1153 0.000000e+00
1154 0.000000e+00
1155 6.499630e-07
1156 5.958254e-07
1157 4.624212e-07
1158 3.340351e-07
1159 2.509506e-07
1160 1.465295e-07
1161 9.021925e-08
1162 5.180077e-08
1163 3.043750e-08
1164 1.885873e-08
1165 0.000000e+00
1166 0.000000e+00
1167 0.000000e+00
1168 0.000000e+00
1169 0.000000e+00
1170 7.283846e-07
1171 6.679733e-07
1172 5.186008e-07
1173 3.745984e-07
1174 2.814577e-07
1175 1.644239e-07
1176 1.012585e-07
1177 5.812754e-08
1178 3.414473e-08
1179 2.115149e-08
1180 0.000000e+00
1181 0.000000e+00
1182 0.000000e+00
1183 0.000000e+00
1184 0.000000e+00
1185 1.301853e-07
1186 1.284725e-07
1187 1.080021e-07
1188 7.888220e-08
1189 5.860891e-08
1190 3.981138e-08
1191 2.350275e-08
1192 1.338898e-08
1193 7.739420e-09
1194 4.574056e-09
1195 2.865691e-09
1196 0.000000e+00
1197 0.000000e+00
1198 0.000000e+00
1199 0.000000e+00
1200 2.309421e-07
1201 2.286080e-07
1202 1.929642e-07
1203 1.412052e-07
1204 1.047271e-07
1205 7.168387e-08
1206 4.209083e-08
1207 2.401508e-08
1208 1.390201e-08
1209 8.200210e-09
1210 5.125985e-09
1211 0.000000e+00
1212 0.000000e+00
1213 0.000000e+00
1214 0.000000e+00
1215 3.123230e-07
1216 3.095003e-07
1217 2.616146e-07
1218 1.915692e-07
1219 1.419925e-07
1220 9.744464e-08
1221 5.711206e-08
1222 3.260329e-08
1223 1.888241e-08
1224 1.113063e-08
1225 6.952514e-09
1226 0.000000e+00
1227 0.000000e+00
1228 0.000000e+00
1229 0.000000e+00
1230 3.831935e-07
1231 3.799432e-07
1232 3.213903e-07
1233 2.354215e-07
1234 1.744400e-07
1235 1.198757e-07
1236 7.019122e-08
1237 4.008120e-08
1238 2.321897e-08
1239 1.368230e-08
1240 8.542871e-09
1241 0.000000e+00
1242 0.000000e+00
1243 0.000000e+00
1244 0.000000e+00
1245 4.503977e-07
1246 4.467362e-07
1247 3.780737e-07
1248 2.770046e-07
1249 2.052095e-07
1250 1.411454e-07
1251 8.259382e-08
1252 4.717229e-08
1253 2.733118e-08
1254 1.610194e-08
1255 1.005098e-08
1256 0.000000e+00
1257 0.000000e+00
1258 0.000000e+00
1259 0.000000e+00
1260 5.288015e-07
1261 5.246659e-07
1262 4.442070e-07
1263 3.255223e-07
1264 2.411084e-07
1265 1.659601e-07
1266 9.706421e-08
1267 5.544503e-08
1268 3.212871e-08
1269 1.892488e-08
1270 1.181051e-08
1271 0.000000e+00
1272 0.000000e+00
1273 0.000000e+00
1274 0.000000e+00
1275 9.271004e-08
1276 9.650398e-08
1277 8.729197e-08
1278 6.675470e-08
1279 4.825741e-08
1280 3.614020e-08
1281 2.041093e-08
1282 1.232083e-08
1283 6.963906e-09
1284 4.023803e-09
1285 2.409611e-09
1286 0.000000e+00
1287 0.000000e+00
1288 0.000000e+00
1289 0.000000e+00
1290 1.733494e-07
1291 1.808761e-07
1292 1.641932e-07
1293 1.259580e-07
1294 9.099009e-08
1295 6.826354e-08
1296 3.868196e-08
1297 2.343758e-08
1298 1.321324e-08
1299 7.613270e-09
1300 4.548846e-09
1301 0.000000e+00
1302 0.000000e+00
1303 0.000000e+00
1304 0.000000e+00
1305 2.424634e-07
1306 2.531893e-07
1307 2.301013e-07
1308 1.766982e-07
1309 1.276148e-07
1310 9.579444e-08
1311 5.434248e-08
1312 3.296554e-08
1313 1.856967e-08
1314 1.068970e-08
1315 6.382325e-09
1316 0.000000e+00
1317 0.000000e+00
1318 0.000000e+00
1319 0.000000e+00
1320 3.078577e-07
1321 3.216065e-07
1322 2.924568e-07
1323 2.247029e-07
1324 1.622652e-07
1325 1.218404e-07
1326 6.915697e-08
1327 4.197839e-08
1328 2.363663e-08
1329 1.359998e-08
1330 8.116900e-09
1331 0.000000e+00
1332 0.000000e+00
1333 0.000000e+00
1334 0.000000e+00
1335 3.841561e-07
1336 4.014323e-07
1337 3.652105e-07
1338 2.807097e-07
1339 2.026908e-07
1340 1.522281e-07
1341 8.644124e-08
1342 5.249408e-08
1343 2.954836e-08
1344 1.699550e-08
1345 1.014064e-08
1346 0.000000e+00
1347 0.000000e+00
1348 0.000000e+00
1349 0.000000e+00
1350 7.030567e-08
1351 7.607543e-08
1352 7.291527e-08
1353 5.905422e-08
1354 4.259792e-08
1355 3.211957e-08
1356 2.003687e-08
1357 1.229262e-08
1358 6.824209e-09
1359 3.757149e-09
1360 2.172520e-09
1361 1.321790e-09
1362 0.000000e+00
1363 0.000000e+00
1364 0.000000e+00
1365 1.383906e-07
1366 1.500420e-07
1367 1.442428e-07
1368 1.172387e-07
1369 8.463555e-08
1370 6.374225e-08
1371 4.008939e-08
1372 2.450721e-08
1373 1.360849e-08
1374 7.497221e-09
1375 4.323178e-09
1376 2.623346e-09
1377 0.000000e+00
1378 0.000000e+00
1379 0.000000e+00
1380 2.010031e-07
1381 2.180563e-07
1382 2.098198e-07
1383 1.707216e-07
1384 1.232755e-07
1385 9.281020e-08
1386 5.851418e-08
1387 3.573215e-08
1388 1.984300e-08
1389 1.093430e-08
1390 6.299815e-09
1391 3.819753e-09
1392 0.000000e+00
1393 0.000000e+00
1394 0.000000e+00
1395 2.739546e-07
1396 2.973002e-07
1397 2.862206e-07
1398 2.330303e-07
1399 1.682909e-07
1400 1.266749e-07
1401 7.997821e-08
1402 4.880901e-08
1403 2.710609e-08
1404 1.493828e-08
1405 8.602574e-09
1406 5.213599e-09
1407 0.000000e+00
1408 0.000000e+00
1409 0.000000e+00
1410 5.692849e-08
1411 6.351478e-08
1412 6.377463e-08
1413 5.474192e-08
1414 4.033309e-08
1415 2.971578e-08
1416 2.091086e-08
1417 1.193990e-08
1418 6.718221e-09
1419 3.801873e-09
1420 2.114968e-09
1421 1.234067e-09
1422 0.000000e+00
1423 0.000000e+00
1424 0.000000e+00
1425 1.178989e-07
1426 1.317684e-07
1427 1.326588e-07
1428 1.142871e-07
1429 8.438459e-08
1430 6.207373e-08
1431 4.393910e-08
1432 2.498692e-08
1433 1.409768e-08
1434 7.976044e-09
1435 4.434201e-09
1436 2.580942e-09
1437 0.000000e+00
1438 0.000000e+00
1439 0.000000e+00
1440 1.864659e-07
1441 2.085133e-07
1442 2.100928e-07
1443 1.811975e-07
1444 1.338744e-07
1445 9.843172e-08
1446 6.979941e-08
1447 3.964442e-08
1448 2.238585e-08
1449 1.266432e-08
1450 7.039246e-09
1451 4.094128e-09
1452 0.000000e+00
1453 0.000000e+00
1454 0.000000e+00
1455 4.989520e-08
1456 5.716381e-08
1457 5.972782e-08
1458 5.423755e-08
1459 4.157200e-08
1460 3.002885e-08
1461 2.254892e-08
1462 1.263309e-08
1463 7.551217e-09
1464 4.138640e-09
1465 2.282779e-09
1466 1.275130e-09
1467 0.000000e+00
1468 0.000000e+00
1469 0.000000e+00
1470 1.144178e-07
1471 1.312910e-07
1472 1.374997e-07
1473 1.252943e-07
1474 9.633664e-08
1475 6.954037e-08
1476 5.230423e-08
1477 2.941249e-08
1478 1.765419e-08
1479 9.654086e-09
1480 5.309423e-09
1481 2.958516e-09
1482 0.000000e+00
1483 0.000000e+00
1484 0.000000e+00
1485 5.305315e-08
1486 6.233329e-08
1487 6.757579e-08
1488 6.485896e-08
1489 5.257340e-08
1490 3.793190e-08
1491 2.861870e-08
1492 1.778183e-08
1493 1.082513e-08
1494 5.874095e-09
1495 3.093450e-09
1496 1.669411e-09
1497 9.299336e-10
1498 0.000000e+00
1499 0.000000e+00
1500 1.109684e-04
1501 8.086786e-05
1502 6.035546e-05
1503 3.805236e-05
1504 2.321989e-05
1505 1.369104e-05
1506 8.324421e-06
1507 5.304277e-06
1508 3.565556e-06
1509 0.000000e+00
1510 0.000000e+00
1511 0.000000e+00
1512 0.000000e+00
1513 0.000000e+00
1514 0.000000e+00
1515 5.757601e-05
1516 4.644359e-05
1517 3.369791e-05
1518 2.528332e-05
1519 1.597668e-05
1520 9.754545e-06
1521 5.648866e-06
1522 3.364481e-06
1523 2.093966e-06
1524 1.379138e-06
1525 0.000000e+00
1526 0.000000e+00
1527 0.000000e+00
1528 0.000000e+00
1529 0.000000e+00
1530 4.047788e-05
1531 3.713775e-05
1532 2.882267e-05
1533 2.080348e-05
1534 1.566222e-05
1535 9.111532e-06
1536 5.625604e-06
1537 3.225263e-06
1538 1.896511e-06
1539 1.174730e-06
1540 0.000000e+00
1541 0.000000e+00
1542 0.000000e+00
1543 0.000000e+00
1544 0.000000e+00
1545 2.912801e-05
1546 2.891312e-05
1547 2.448503e-05
1548 1.793535e-05
1549 1.328396e-05
1550 9.154542e-06
1551 5.351144e-06
1552 3.053081e-06
1553 1.771954e-06
1554 1.042590e-06
1555 6.506122e-07
1556 0.000000e+00
1557 0.000000e+00
1558 0.000000e+00
1559 0.000000e+00
1560 2.085098e-05
1561 2.179680e-05
1562 1.983793e-05
1563 1.524768e-05
1564 1.100576e-05
1565 8.274949e-06
1566 4.689296e-06
1567 2.850415e-06
1568 1.602925e-06
1569 9.233707e-07
1570 5.506294e-07
1571 0.000000e+00
1572 0.000000e+00
1573 0.000000e+00
1574 0.000000e+00
1575 1.487210e-05
1576 1.614453e-05
1577 1.554949e-05
1578 1.266314e-05
1579 9.143013e-06
1580 6.883420e-06
1581 4.347301e-06
1582 2.655947e-06
1583 1.474901e-06
1584 8.112783e-07
1585 4.673052e-07
1586 2.832009e-07
1587 0.000000e+00
1588 0.000000e+00
1589 0.000000e+00
1590 1.001028e-05
1591 1.119728e-05
1592 1.128693e-05
1593 9.739022e-06
1594 7.195644e-06
1595 5.289411e-06
1596 3.755371e-06
1597 2.130464e-06
1598 1.202339e-06
1599 6.811759e-07
1600 3.783133e-07
1601 2.200058e-07
1602 0.000000e+00
1603 0.000000e+00
1604 0.000000e+00
1605 6.201116e-06
1606 7.118100e-06
1607 7.458527e-06
1608 6.801106e-06
1609 5.231433e-06
1610 3.775220e-06
1611 2.841823e-06
1612 1.597077e-06
1613 9.596537e-07
1614 5.242846e-07
1615 2.885232e-07
1616 1.606418e-07
1617 0.000000e+00
1618 0.000000e+00
1619 0.000000e+00
1620 3.163407e-06
1621 3.720115e-06
1622 4.038202e-06
1623 3.883392e-06
1624 3.154630e-06
1625 2.276770e-06
1626 1.716871e-06
1627 1.071974e-06
1628 6.518364e-07
1629 3.538249e-07
1630 1.861971e-07
1631 1.003484e-07
1632 5.578990e-08
1633 0.000000e+00
1634 0.000000e+00
1635 8.891198e-07
1636 1.072208e-06
1637 1.206146e-06
1638 1.224576e-06
1639 1.066696e-06
1640 7.933436e-07
1641 5.815894e-07
1642 4.169104e-07
1643 2.343421e-07
1644 1.314261e-07
1645 7.164692e-08
1646 3.730540e-08
1647 1.958823e-08
1648 0.000000e+00
1649 0.000000e+00
