0 2.247051e-09
1 1.460742e-09
2 9.187635e-10
3 5.786246e-10
4 3.718544e-10
5 2.446423e-10
6 1.626902e-10
7 1.068677e-10
8 6.773876e-11
9 4.070269e-11
10 2.295594e-11
11 1.213394e-11
12 6.051517e-12
13 2.880015e-12
14 1.324327e-12
15 3.795053e-09
16 2.524607e-09
17 1.604977e-09
18 1.000367e-09
19 6.325184e-10
20 4.095699e-10
21 2.709436e-10
22 1.796781e-10
23 1.165154e-10
24 7.228882e-11
25 4.225683e-11
26 2.312951e-11
27 1.188344e-11
28 5.784617e-12
29 2.701160e-12
30 4.350321e-09
31 2.913811e-09
32 1.862726e-09
33 1.159843e-09
34 7.303300e-10
35 4.703876e-10
36 3.101533e-10
37 2.058510e-10
38 1.341279e-10
39 8.387765e-11
40 4.952683e-11
41 2.739868e-11
42 1.421129e-11
43 6.971306e-12
44 3.272870e-12
45 4.656699e-09
46 3.128680e-09
47 2.005135e-09
48 1.248010e-09
49 7.843817e-10
50 5.039917e-10
51 3.318582e-10
52 2.202636e-10
53 1.438401e-10
54 9.026939e-11
55 5.353229e-11
56 2.974725e-11
57 1.549646e-11
58 7.626848e-12
59 3.589099e-12
60 4.857726e-09
61 3.269865e-09
62 2.098482e-09
63 1.305787e-09
64 8.198196e-10
65 5.260848e-10
66 3.461078e-10
67 2.297684e-10
68 1.502173e-10
69 9.447346e-11
70 5.617801e-11
71 3.130643e-11
72 1.634784e-11
73 8.060611e-12
74 3.798724e-12
75 5.016340e-09
76 3.380851e-09
77 2.172156e-09
78 1.351385e-09
79 8.477873e-10
80 5.435094e-10
81 3.573174e-10
82 2.372333e-10
83 1.552736e-10
84 9.780626e-11
85 5.825168e-11
86 3.251804e-11
87 1.700831e-11
88 8.397135e-12
89 3.961046e-12
90 5.141237e-09
91 3.468656e-09
92 2.230253e-09
93 1.387590e-09
94 8.699487e-10
95 5.572284e-10
96 3.662030e-10
97 2.431542e-10
98 1.592624e-10
99 1.004247e-10
100 5.990406e-11
101 3.348733e-11
102 1.753548e-11
103 8.666350e-12
104 4.090769e-12
105 5.251226e-09
106 3.545332e-09
107 2.281539e-09
108 1.419272e-09
109 8.892777e-10
110 5.692752e-10
111 3.739512e-10
112 2.483262e-10
113 1.626729e-10
114 1.026761e-10
115 6.131140e-11
116 3.432685e-11
117 1.799770e-11
118 8.902094e-12
119 4.201216e-12
120 5.355422e-09
121 3.618830e-09
122 2.330191e-09
123 1.449262e-09
124 9.076749e-10
125 5.806832e-10
126 3.812829e-10
127 2.532415e-10
128 1.660350e-10
129 1.048867e-10
130 6.270971e-11
131 3.513307e-11
132 1.843454e-11
133 9.125089e-12
134 4.312013e-12
135 5.474347e-09
136 3.701776e-09
137 2.385807e-09
138 1.483783e-09
139 9.287991e-10
140 5.938762e-10
141 3.897987e-10
142 2.588349e-10
143 1.698416e-10
144 1.074128e-10
145 6.428609e-11
146 3.605870e-11
147 1.894053e-11
148 9.381090e-12
149 4.435580e-12
150 7.895597e-09
151 5.435860e-09
152 3.570430e-09
153 2.230190e-09
154 1.382936e-09
155 8.718762e-10
156 5.654384e-10
157 3.742038e-10
158 2.474136e-10
159 1.592787e-10
160 9.768580e-11
161 5.629742e-11
162 3.034256e-11
163 1.535730e-11
164 7.377685e-12
165 9.976733e-09
166 6.955441e-09
167 4.634418e-09
168 2.924992e-09
169 1.804400e-09
170 1.128334e-09
171 7.238366e-10
172 4.759448e-10
173 3.151571e-10
174 2.047725e-10
175 1.275495e-10
176 7.493147e-11
177 4.119740e-11
178 2.122801e-11
179 1.034129e-11
180 1.118688e-08
181 7.843524e-09
182 5.257075e-09
183 3.335117e-09
184 2.054089e-09
185 1.280408e-09
186 8.172372e-10
187 5.356819e-10
188 3.547491e-10
189 2.313635e-10
190 1.450423e-10
191 8.588812e-11
192 4.762349e-11
193 2.473055e-11
194 1.212389e-11
195 1.198353e-08
196 8.428852e-09
197 5.668047e-09
198 3.605864e-09
199 2.218916e-09
200 1.380699e-09
201 8.787670e-10
202 5.751476e-10
203 3.808838e-10
204 2.489017e-10
205 1.565831e-10
206 9.312961e-11
207 5.187205e-11
208 2.704740e-11
209 1.330228e-11
210 1.261175e-08
211 8.891193e-09
212 5.992816e-09
213 3.818863e-09
214 2.349316e-09
215 1.459840e-09
216 9.274899e-10
217 6.061893e-10
218 4.014574e-10
219 2.627119e-10
220 1.656567e-10
221 9.883118e-11
222 5.522007e-11
223 2.886917e-11
224 1.423151e-11
225 1.310796e-08
226 9.254478e-09
227 6.247202e-09
228 3.987475e-09
229 2.451514e-09
230 1.522160e-09
231 9.656228e-10
232 6.306589e-10
233 4.176658e-10
234 2.735783e-10
235 1.728112e-10
236 1.032988e-10
237 5.783877e-11
238 3.030124e-11
239 1.496002e-11
240 1.353819e-08
241 9.570567e-09
242 6.469627e-09
243 4.134046e-09
244 2.541124e-09
245 1.576580e-09
246 9.989360e-10
247 6.518800e-10
248 4.318251e-10
249 2.830758e-10
250 1.790585e-10
251 1.072138e-10
252 6.014079e-11
253 3.155600e-11
254 1.559327e-11
255 1.394913e-08
256 9.872407e-09
257 6.681879e-09
258 4.274229e-09
259 2.626064e-09
260 1.628205e-09
261 1.030710e-09
262 6.721734e-10
263 4.452919e-10
264 2.921105e-10
265 1.850027e-10
266 1.109477e-10
267 6.232873e-11
268 3.274514e-11
269 1.620243e-11
270 1.442610e-08
271 1.022251e-08
272 6.927440e-09
273 4.435504e-09
274 2.724263e-09
275 1.688407e-09
276 1.067831e-09
277 6.958744e-10
278 4.608872e-10
279 3.025860e-10
280 1.919099e-10
281 1.152782e-10
282 6.486194e-11
283 3.412902e-11
284 1.690634e-11
285 1.363599e-08
286 9.700254e-09
287 6.587830e-09
288 4.250506e-09
289 2.619218e-09
290 1.622277e-09
291 1.022871e-09
292 6.635952e-10
293 4.377968e-10
294 2.869441e-10
295 1.821843e-10
296 1.098772e-10
297 6.222378e-11
298 3.298958e-11
299 1.645994e-11
300 1.603996e-08
301 1.154003e-08
302 7.908318e-09
303 5.160644e-09
304 3.191923e-09
305 1.967263e-09
306 1.230669e-09
307 7.922772e-10
308 5.207943e-10
309 3.421308e-10
310 2.189354e-10
311 1.336274e-10
312 7.675579e-11
313 4.128660e-11
314 2.086441e-11
315 1.765209e-08
316 1.278045e-08
317 8.800704e-09
318 5.777868e-09
319 3.582755e-09
320 2.201862e-09
321 1.372334e-09
322 8.797671e-10
323 5.770552e-10
324 3.794491e-10
325 2.437748e-10
326 1.497030e-10
327 8.661829e-11
328 4.693655e-11
329 2.387476e-11
330 1.892638e-08
331 1.376037e-08
332 9.502676e-09
333 6.261924e-09
334 3.890302e-09
335 2.386745e-09
336 1.483780e-09
337 9.487121e-10
338 6.214692e-10
339 4.088607e-10
340 2.633313e-10
341 1.623570e-10
342 9.438291e-11
343 5.138566e-11
344 2.624558e-11
345 1.992924e-08
346 1.453159e-08
347 1.005867e-08
348 6.646479e-09
349 4.132773e-09
350 2.532521e-09
351 1.571588e-09
352 1.002991e-09
353 6.563013e-10
354 4.319907e-10
355 2.787570e-10
356 1.723388e-10
357 1.005040e-10
358 5.489404e-11
359 2.811516e-11
360 2.080470e-08
361 1.520518e-08
362 1.054327e-08
363 6.979841e-09
364 4.343967e-09
365 2.659712e-09
366 1.648139e-09
367 1.050300e-09
368 6.867330e-10
369 4.522022e-10
370 2.921970e-10
371 1.810357e-10
372 1.058393e-10
373 5.794817e-11
374 2.974203e-11
375 2.163269e-08
376 1.584188e-08
377 1.100059e-08
378 7.296475e-09
379 4.543893e-09
380 2.780046e-09
381 1.720742e-09
382 1.095120e-09
383 7.155699e-10
384 4.713415e-10
385 3.049487e-10
386 1.892818e-10
387 1.108959e-10
388 6.084495e-11
389 3.128512e-11
390 2.260107e-08
391 1.658745e-08
392 1.153603e-08
393 7.666354e-09
394 4.778367e-09
395 2.921484e-09
396 1.805970e-09
397 1.147805e-09
398 7.493382e-10
399 4.937809e-10
400 3.198831e-10
401 1.989504e-10
402 1.168286e-10
403 6.423760e-11
404 3.309358e-11
405 1.965518e-08
406 1.440144e-08
407 9.992992e-09
408 6.624041e-09
409 4.145151e-09
410 2.538448e-09
411 1.574247e-09
412 1.001060e-09
413 6.526340e-10
414 4.286621e-10
415 2.765597e-10
416 1.713402e-10
417 1.003412e-10
418 5.511980e-11
419 2.841121e-11
420 2.225130e-08
421 1.648928e-08
422 1.152893e-08
423 7.704753e-09
424 4.861825e-09
425 2.969042e-09
426 1.833567e-09
427 1.157468e-09
428 7.504503e-10
429 4.923089e-10
430 3.187931e-10
431 1.990401e-10
432 1.177889e-10
433 6.546461e-11
434 3.412793e-11
435 2.430868e-08
436 1.815128e-08
437 1.275036e-08
438 8.567192e-09
439 5.433850e-09
440 3.313293e-09
441 2.041280e-09
442 1.282436e-09
443 8.286771e-10
444 5.431092e-10
445 3.524815e-10
446 2.211344e-10
447 1.317162e-10
448 7.373421e-11
449 3.870621e-11
450 2.593979e-08
451 1.946060e-08
452 1.371618e-08
453 9.247519e-09
454 5.884524e-09
455 3.585182e-09
456 2.204613e-09
457 1.380989e-09
458 8.900615e-10
459 5.831028e-10
460 3.790061e-10
461 2.385325e-10
462 1.426824e-10
463 8.024342e-11
464 4.230899e-11
465 2.735637e-08
466 2.060445e-08
467 1.455838e-08
468 9.838888e-09
469 6.277754e-09
470 3.822177e-09
471 2.346952e-09
472 1.466790e-09
473 9.438208e-10
474 6.180148e-10
475 4.021514e-10
476 2.537139e-10
477 1.522524e-10
478 8.592606e-11
479 4.545456e-11
480 2.869701e-08
481 2.168154e-08
482 1.535386e-08
483 1.039854e-08
484 6.649907e-09
485 4.045985e-09
486 2.481876e-09
487 1.547878e-09
488 9.945173e-10
489 6.509866e-10
490 4.240460e-10
491 2.680724e-10
492 1.613000e-10
493 9.129096e-11
494 4.842280e-11
495 3.026624e-08
496 2.294509e-08
497 1.628355e-08
498 1.105425e-08
499 7.084584e-09
500 4.307793e-09
501 2.639479e-09
502 1.642929e-09
503 1.053877e-09
504 6.895767e-10
505 4.496293e-10
506 2.848347e-10
507 1.718769e-10
508 9.757426e-11
509 5.190058e-11
510 2.583270e-08
511 1.946441e-08
512 1.376238e-08
513 9.291941e-09
514 5.941753e-09
515 3.628163e-09
516 2.229544e-09
517 1.393053e-09
518 8.951992e-10
519 5.849758e-10
520 3.798423e-10
521 2.392449e-10
522 1.434691e-10
523 8.101104e-11
524 4.292828e-11
525 2.879692e-08
526 2.195258e-08
527 1.564631e-08
528 1.063588e-08
529 6.861206e-09
530 4.195690e-09
531 2.569575e-09
532 1.594741e-09
533 1.018680e-09
534 6.634682e-10
535 4.313124e-10
536 2.731056e-10
537 1.651548e-10
538 9.421564e-11
539 5.046307e-11
540 3.114235e-08
541 2.391920e-08
542 1.713543e-08
543 1.169999e-08
544 7.588292e-09
545 4.645941e-09
546 2.838224e-09
547 1.754424e-09
548 1.116086e-09
549 7.255186e-10
550 4.719934e-10
551 2.998684e-10
552 1.822967e-10
553 1.046559e-10
554 5.642285e-11
555 3.317877e-08
556 2.563184e-08
557 1.843430e-08
558 1.262492e-08
559 8.221531e-09
560 5.036822e-09
561 3.072265e-09
562 1.893527e-09
563 1.201117e-09
564 7.795480e-10
565 5.074124e-10
566 3.231706e-10
567 1.972224e-10
568 1.137454e-10
569 6.161065e-11
570 3.511299e-08
571 2.725692e-08
572 1.966630e-08
573 1.350349e-08
574 8.823247e-09
575 5.408513e-09
576 3.294548e-09
577 2.025389e-09
578 1.281778e-09
579 8.308444e-10
580 5.410555e-10
581 3.453022e-10
582 2.113970e-10
583 1.223784e-10
584 6.653842e-11
585 3.737935e-08
586 2.915436e-08
587 2.110524e-08
588 1.452919e-08
589 9.523384e-09
590 5.841557e-09
591 3.553491e-09
592 2.179006e-09
593 1.375695e-09
594 8.906185e-10
595 5.802302e-10
596 3.710816e-10
597 2.279106e-10
598 1.324344e-10
599 7.227754e-11
600 3.276534e-08
601 2.539438e-08
602 1.832211e-08
603 1.256578e-08
604 8.203364e-09
605 5.049547e-09
606 3.076718e-09
607 1.894703e-09
608 1.199016e-09
609 7.761124e-10
610 5.042281e-10
611 3.209700e-10
612 1.960721e-10
613 1.133623e-10
614 6.163416e-11
615 3.599564e-08
616 2.821549e-08
617 2.053067e-08
618 1.416619e-08
619 9.318242e-09
620 5.766031e-09
621 3.501371e-09
622 2.146614e-09
623 1.349797e-09
624 8.697635e-10
625 5.645631e-10
626 3.604789e-10
627 2.216005e-10
628 1.292181e-10
629 7.093214e-11
630 3.880873e-08
631 3.067271e-08
632 2.245609e-08
633 1.555762e-08
634 1.028883e-08
635 6.389232e-09
636 3.870872e-09
637 2.365760e-09
638 1.481184e-09
639 9.512385e-10
640 6.170680e-10
641 3.948686e-10
642 2.438246e-10
643 1.430215e-10
644 7.902539e-11
645 4.147333e-08
646 3.300028e-08
647 2.427930e-08
648 1.687802e-08
649 1.120853e-08
650 6.979905e-09
651 4.220671e-09
652 2.573579e-09
653 1.605517e-09
654 1.028428e-09
655 6.668254e-10
656 4.274598e-10
657 2.648853e-10
658 1.561018e-10
659 8.669322e-11
660 4.459352e-08
661 3.571890e-08
662 2.640904e-08
663 1.841803e-08
664 1.228072e-08
665 7.668888e-09
666 4.629084e-09
667 2.815597e-09
668 1.750499e-09
669 1.118473e-09
670 7.248405e-10
671 4.654680e-10
672 2.894506e-10
673 1.713582e-10
674 9.563756e-11
675 4.017644e-08
676 3.198094e-08
677 2.356598e-08
678 1.639625e-08
679 1.088878e-08
680 6.805418e-09
681 4.119001e-09
682 2.513875e-09
683 1.566351e-09
684 1.001495e-09
685 6.480265e-10
686 4.146769e-10
687 2.567162e-10
688 1.512946e-10
689 8.413055e-11
690 4.390417e-08
691 3.534829e-08
692 2.630020e-08
693 1.841053e-08
694 1.230908e-08
695 7.749434e-09
696 4.682516e-09
697 2.849080e-09
698 1.763570e-09
699 1.120971e-09
700 7.234118e-10
701 4.635297e-10
702 2.883430e-10
703 1.711994e-10
704 9.605292e-11
705 4.741788e-08
706 3.853184e-08
707 2.887556e-08
708 2.031237e-08
709 1.364843e-08
710 8.639445e-09
711 5.212950e-09
712 3.164427e-09
713 1.949203e-09
714 1.233493e-09
715 7.944966e-10
716 5.096063e-10
717 3.181794e-10
718 1.899769e-10
719 1.073008e-10
720 5.153096e-08
721 4.225121e-08
722 3.187761e-08
723 2.252820e-08
724 1.520856e-08
725 9.676934e-09
726 5.831400e-09
727 3.532443e-09
728 2.165483e-09
729 1.364733e-09
730 8.773055e-10
731 5.632957e-10
732 3.529510e-10
733 2.118588e-10
734 1.204084e-10
735 4.867917e-08
736 3.980448e-08
737 3.002073e-08
738 2.121803e-08
739 1.430512e-08
740 9.109333e-09
741 5.510251e-09
742 3.339879e-09
743 2.048858e-09
744 1.290834e-09
745 8.284004e-10
746 5.306021e-10
747 3.316260e-10
748 1.986447e-10
749 1.127648e-10
750 5.327519e-08
751 4.410567e-08
752 3.363575e-08
753 2.395066e-08
754 1.625023e-08
755 1.043650e-08
756 6.322714e-09
757 3.820401e-09
758 2.328268e-09
759 1.456914e-09
760 9.307236e-10
761 5.957782e-10
762 3.736152e-10
763 2.252679e-10
764 1.289977e-10
765 5.862764e-08
766 4.911186e-08
767 3.782317e-08
768 2.711670e-08
769 1.850437e-08
770 1.197485e-08
771 7.263708e-09
772 4.377258e-09
773 2.651455e-09
774 1.649201e-09
775 1.049246e-09
776 6.713445e-10
777 4.223305e-10
778 2.561599e-10
779 1.478309e-10
780 5.924215e-08
781 4.986523e-08
782 3.864006e-08
783 2.784556e-08
784 1.905759e-08
785 1.238663e-08
786 7.558981e-09
787 4.545781e-09
788 2.749006e-09
789 1.702619e-09
790 1.078487e-09
791 6.879145e-10
792 4.323345e-10
793 2.625538e-10
794 1.520169e-10
795 6.629986e-08
796 5.669556e-08
797 4.459110e-08
798 3.249717e-08
799 2.241869e-08
800 1.472361e-08
801 9.049371e-09
802 5.419795e-09
803 3.256956e-09
804 1.998301e-09
805 1.255712e-09
806 7.980536e-10
807 5.023473e-10
808 3.069574e-10
809 1.794402e-10
810 7.613516e-08
811 6.657743e-08
812 5.361426e-08
813 3.986074e-08
814 2.786985e-08
815 1.857022e-08
816 1.161463e-08
817 6.938007e-09
818 4.145523e-09
819 2.504667e-09
820 1.549200e-09
821 9.741299e-10
822 6.113808e-10
823 3.753795e-10
824 2.219312e-10
825 5.054582e-07
826 3.691901e-07
827 2.735623e-07
828 1.702861e-07
829 1.037366e-07
830 6.145548e-08
831 3.752495e-08
832 2.407362e-08
833 1.625089e-08
834 0.000000e+00
835 0.000000e+00
836 0.000000e+00
837 0.000000e+00
838 0.000000e+00
839 0.000000e+00
840 7.609678e-07
841 5.559550e-07
842 4.123969e-07
843 2.596340e-07
844 1.577817e-07
845 9.335663e-08
846 5.689700e-08
847 3.636667e-08
848 2.448237e-08
849 0.000000e+00
850 0.000000e+00
851 0.000000e+00
852 0.000000e+00
853 0.000000e+00
854 0.000000e+00
855 9.034708e-07
856 6.601393e-07
857 4.898344e-07
858 3.095543e-07
859 1.879543e-07
860 1.111685e-07
861 6.771198e-08
862 4.322638e-08
863 2.907417e-08
864 0.000000e+00
865 0.000000e+00
866 0.000000e+00
867 0.000000e+00
868 0.000000e+00
869 0.000000e+00
870 9.972582e-07
871 7.287048e-07
872 5.407995e-07
873 3.424089e-07
874 2.078136e-07
875 1.228917e-07
876 7.482991e-08
877 4.774153e-08
878 3.209621e-08
879 0.000000e+00
880 0.000000e+00
881 0.000000e+00
882 0.000000e+00
883 0.000000e+00
884 0.000000e+00
885 1.071193e-06
886 7.827614e-07
887 5.809742e-07
888 3.683088e-07
889 2.234694e-07
890 1.321335e-07
891 8.044121e-08
892 5.130076e-08
893 3.447879e-08
894 0.000000e+00
895 0.000000e+00
896 0.000000e+00
897 0.000000e+00
898 0.000000e+00
899 0.000000e+00
900 1.129439e-06
901 8.253442e-07
902 6.126261e-07
903 3.887123e-07
904 2.358020e-07
905 1.394142e-07
906 8.486152e-08
907 5.410480e-08
908 3.635564e-08
909 0.000000e+00
910 0.000000e+00
911 0.000000e+00
912 0.000000e+00
913 0.000000e+00
914 0.000000e+00
915 1.180268e-06
916 8.625041e-07
917 6.402459e-07
918 4.065191e-07
919 2.465652e-07
920 1.457672e-07
921 8.871918e-08
922 5.655163e-08
923 3.799350e-08
924 0.000000e+00
925 0.000000e+00
926 0.000000e+00
927 0.000000e+00
928 0.000000e+00
929 0.000000e+00
930 1.228460e-06
931 8.977376e-07
932 6.664337e-07
933 4.234011e-07
934 2.567693e-07
935 1.517905e-07
936 9.237652e-08
937 5.887147e-08
938 3.954628e-08
939 0.000000e+00
940 0.000000e+00
941 0.000000e+00
942 0.000000e+00
943 0.000000e+00
944 0.000000e+00
945 1.284683e-06
946 9.388454e-07
947 6.969857e-07
948 4.430983e-07
949 2.686743e-07
950 1.588185e-07
951 9.664394e-08
952 6.157795e-08
953 4.135810e-08
954 0.000000e+00
955 0.000000e+00
956 0.000000e+00
957 0.000000e+00
958 0.000000e+00
959 0.000000e+00
960 3.372579e-07
961 2.685981e-07
962 1.948418e-07
963 1.461170e-07
964 9.040163e-08
965 5.533802e-08
966 3.216486e-08
967 1.923290e-08
968 1.205305e-08
969 7.980032e-09
970 0.000000e+00
971 0.000000e+00
972 0.000000e+00
973 0.000000e+00
974 0.000000e+00
975 5.201645e-07
976 4.171060e-07
977 3.028549e-07
978 2.269070e-07
979 1.422079e-07
980 8.670836e-08
981 5.036271e-08
982 3.007410e-08
983 1.877903e-08
984 1.239692e-08
985 0.000000e+00
986 0.000000e+00
987 0.000000e+00
988 0.000000e+00
989 0.000000e+00
990 6.421216e-07
991 5.162123e-07
992 3.749557e-07
993 2.808218e-07
994 1.768357e-07
995 1.076600e-07
996 6.251781e-08
997 3.731541e-08
998 2.327001e-08
999 1.534499e-08
1000 0.000000e+00
1001 0.000000e+00
1002 0.000000e+00
1003 0.000000e+00
1004 0.000000e+00
1005 7.382357e-07
1006 5.943126e-07
1007 4.317715e-07
1008 3.233096e-07
1009 2.041234e-07
1010 1.241698e-07
1011 7.209649e-08
1012 4.302199e-08
1013 2.680897e-08
1014 1.766814e-08
1015 0.000000e+00
1016 0.000000e+00
1017 0.000000e+00
1018 0.000000e+00
1019 0.000000e+00
1020 8.139596e-07
1021 6.558390e-07
1022 4.765327e-07
1023 3.567807e-07
1024 2.256220e-07
1025 1.371778e-07
1026 7.964314e-08
1027 4.751755e-08
1028 2.959718e-08
1029 1.949827e-08
1030 0.000000e+00
1031 0.000000e+00
1032 0.000000e+00
1033 0.000000e+00
1034 0.000000e+00
1035 8.800254e-07
1036 7.095243e-07
1037 5.155916e-07
1038 3.859857e-07
1039 2.443794e-07
1040 1.485270e-07
1041 8.622743e-08
1042 5.144028e-08
1043 3.202995e-08
1044 2.109535e-08
1045 0.000000e+00
1046 0.000000e+00
1047 0.000000e+00
1048 0.000000e+00
1049 0.000000e+00
1050 9.426736e-07
1051 7.604327e-07
1052 5.526249e-07
1053 4.136780e-07
1054 2.621647e-07
1055 1.592896e-07
1056 9.247120e-08
1057 5.515972e-08
1058 3.433673e-08
1059 2.260959e-08
1060 0.000000e+00
1061 0.000000e+00
1062 0.000000e+00
1063 0.000000e+00
1064 0.000000e+00
1065 1.015768e-06
1066 8.198310e-07
1067 5.958365e-07
1068 4.459927e-07
1069 2.829175e-07
1070 1.718473e-07
1071 9.975607e-08
1072 5.949995e-08
1073 3.702828e-08
1074 2.437647e-08
1075 0.000000e+00
1076 0.000000e+00
1077 0.000000e+00
1078 0.000000e+00
1079 0.000000e+00
1080 1.978581e-07
1081 1.799339e-07
1082 1.386167e-07
1083 1.002421e-07
1084 7.511446e-08
1085 4.341585e-08
1086 2.660859e-08
1087 1.534217e-08
1088 9.072910e-09
1089 5.644788e-09
1090 0.000000e+00
1091 0.000000e+00
1092 0.000000e+00
1093 0.000000e+00
1094 0.000000e+00
1095 3.274093e-07
1096 2.990662e-07
1097 2.313400e-07
1098 1.671905e-07
1099 1.254652e-07
1100 7.292494e-08
1101 4.481143e-08
1102 2.577637e-08
1103 1.518910e-08
1104 9.428379e-09
1105 0.000000e+00
1106 0.000000e+00
1107 0.000000e+00
1108 0.000000e+00
1109 0.000000e+00
1110 4.306280e-07
1111 3.940343e-07
1112 3.052903e-07
1113 2.205836e-07
1114 1.656231e-07
1115 9.648067e-08
1116 5.934314e-08
1117 3.410487e-08
1118 2.006900e-08
1119 1.244630e-08
1120 0.000000e+00
1121 0.000000e+00
1122 0.000000e+00
1123 0.000000e+00
1124 0.000000e+00
1125 5.118675e-07
1126 4.687719e-07
1127 3.634880e-07
1128 2.626035e-07
1129 1.972257e-07
1130 1.150174e-07
1131 7.077884e-08
1132 4.065897e-08
1133 2.390921e-08
1134 1.482137e-08
1135 0.000000e+00
1136 0.000000e+00
1137 0.000000e+00
1138 0.000000e+00
1139 0.000000e+00
1140 5.827486e-07
1141 5.339873e-07
1142 4.142683e-07
1143 2.992682e-07
1144 2.248018e-07
1145 1.311919e-07
1146 8.075741e-08
1147 4.637790e-08
1148 2.726008e-08
1149 1.689370e-08
1150 0.000000e+00
1151 0.000000e+00
1152 0.000000e+00
1153 0.000000e+00
1154 0.000000e+00
1155 6.499630e-07
1156 5.958254e-07
1157 4.624212e-07
1158 3.340351e-07
1159 2.509506e-07
1160 1.465295e-07
1161 9.021925e-08
1162 5.180077e-08
1163 3.043750e-08
1164 1.885873e-08
1165 0.000000e+00
1166 0.000000e+00
1167 0.000000e+00
1168 0.000000e+00
1169 0.000000e+00
1170 7.283846e-07
1171 6.679733e-07
1172 5.186008e-07
1173 3.745984e-07
1174 2.814577e-07
1175 1.644239e-07
1176 1.012585e-07
1177 5.812754e-08
1178 3.414473e-08
1179 2.115149e-08
1180 0.000000e+00
1181 0.000000e+00
1182 0.000000e+00
1183 0.000000e+00
1184 0.000000e+00
1185 1.280902e-07
1186 1.264027e-07
1187 1.062586e-07
1188 7.760818e-08
1189 5.766305e-08
1190 3.916662e-08
1191 2.312299e-08
1192 1.317267e-08
1193 7.614199e-09
1194 4.500138e-09
1195 2.819433e-09
1196 0.000000e+00
1197 0.000000e+00
1198 0.000000e+00
1199 0.000000e+00
1200 2.309743e-07
1201 2.286408e-07
1202 1.929928e-07
1203 1.412265e-07
1204 1.047427e-07
1205 7.169517e-08
1206 4.209721e-08
1207 2.401878e-08
1208 1.390416e-08
1209 8.201464e-09
1210 5.126754e-09
1211 0.000000e+00
1212 0.000000e+00
1213 0.000000e+00
1214 0.000000e+00
1215 3.123230e-07
1216 3.095004e-07
1217 2.616146e-07
1218 1.915693e-07
1219 1.419926e-07
1220 9.744467e-08
1221 5.711208e-08
1222 3.260330e-08
1223 1.888241e-08
1224 1.113063e-08
1225 6.952515e-09
1226 0.000000e+00
1227 0.000000e+00
1228 0.000000e+00
1229 0.000000e+00
1230 3.831935e-07
1231 3.799432e-07
1232 3.213903e-07
1233 2.354215e-07
1234 1.744400e-07
1235 1.198757e-07
1236 7.019122e-08
1237 4.008120e-08
1238 2.321897e-08
1239 1.368230e-08
1240 8.542871e-09
1241 0.000000e+00
1242 0.000000e+00
1243 0.000000e+00
1244 0.000000e+00
1245 4.503977e-07
1246 4.467362e-07
1247 3.780737e-07
1248 2.770046e-07
1249 2.052095e-07
1250 1.411454e-07
1251 8.259382e-08
1252 4.717229e-08
1253 2.733118e-08
1254 1.610194e-08
1255 1.005098e-08
1256 0.000000e+00
1257 0.000000e+00
1258 0.000000e+00
1259 0.000000e+00
1260 5.288015e-07
1261 5.246659e-07
1262 4.442070e-07
1263 3.255223e-07
1264 2.411084e-07
1265 1.659601e-07
1266 9.706421e-08
1267 5.544503e-08
1268 3.212871e-08
1269 1.892488e-08
1270 1.181051e-08
1271 0.000000e+00
1272 0.000000e+00
1273 0.000000e+00
1274 0.000000e+00
1275 9.357278e-08
1276 9.741492e-08
1277 8.813317e-08
1278 6.740976e-08
1279 4.872920e-08
1280 3.649680e-08
1281 2.061650e-08
1282 1.244746e-08
1283 7.034518e-09
1284 4.063909e-09
1285 2.433326e-09
1286 0.000000e+00
1287 0.000000e+00
1288 0.000000e+00
1289 0.000000e+00
1290 1.733853e-07
1291 1.809138e-07
1292 1.642285e-07
1293 1.259860e-07
1294 9.101020e-08
1295 6.827872e-08
1296 3.869078e-08
1297 2.344312e-08
1298 1.321630e-08
1299 7.614998e-09
1300 4.549859e-09
1301 0.000000e+00
1302 0.000000e+00
1303 0.000000e+00
1304 0.000000e+00
1305 2.424634e-07
1306 2.531893e-07
1307 2.301013e-07
1308 1.766983e-07
1309 1.276148e-07
1310 9.579445e-08
1311 5.434249e-08
1312 3.296555e-08
1313 1.856967e-08
1314 1.068970e-08
1315 6.382326e-09
1316 0.000000e+00
1317 0.000000e+00
1318 0.000000e+00
1319 0.000000e+00
1320 3.078577e-07
1321 3.216065e-07
1322 2.924568e-07
1323 2.247029e-07
1324 1.622652e-07
1325 1.218404e-07
1326 6.915697e-08
1327 4.197839e-08
1328 2.363663e-08
1329 1.359998e-08
1330 8.116900e-09
1331 0.000000e+00
1332 0.000000e+00
1333 0.000000e+00
1334 0.000000e+00
1335 3.841561e-07
1336 4.014323e-07
1337 3.652105e-07
1338 2.807097e-07
1339 2.026908e-07
1340 1.522281e-07
1341 8.644124e-08
1342 5.249408e-08
1343 2.954836e-08
1344 1.699550e-08
1345 1.014064e-08
1346 0.000000e+00
1347 0.000000e+00
1348 0.000000e+00
1349 0.000000e+00
1350 7.124981e-08
1351 7.710787e-08
1352 7.392122e-08
1353 5.988463e-08
1354 4.319952e-08
1355 3.257030e-08
1356 2.033043e-08
1357 1.246921e-08
1358 6.922377e-09
1359 3.811473e-09
1360 2.203466e-09
1361 1.340350e-09
1362 0.000000e+00
1363 0.000000e+00
1364 0.000000e+00
1365 1.384142e-07
1366 1.500680e-07
1367 1.442681e-07
1368 1.172602e-07
1369 8.465107e-08
1370 6.375379e-08
1371 4.009720e-08
1372 2.451177e-08
1373 1.361103e-08
1374 7.498645e-09
1375 4.323978e-09
1376 2.623817e-09
1377 0.000000e+00
1378 0.000000e+00
1379 0.000000e+00
1380 2.010031e-07
1381 2.180563e-07
1382 2.098198e-07
1383 1.707216e-07
1384 1.232755e-07
1385 9.281020e-08
1386 5.851418e-08
1387 3.573215e-08
1388 1.984300e-08
1389 1.093430e-08
1390 6.299815e-09
1391 3.819753e-09
1392 0.000000e+00
1393 0.000000e+00
1394 0.000000e+00
1395 2.739546e-07
1396 2.973002e-07
1397 2.862206e-07
1398 2.330303e-07
1399 1.682909e-07
1400 1.266749e-07
1401 7.997821e-08
1402 4.880901e-08
1403 2.710609e-08
1404 1.493828e-08
1405 8.602574e-09
1406 5.213599e-09
1407 0.000000e+00
1408 0.000000e+00
1409 0.000000e+00
1410 5.783124e-08
1411 6.453158e-08
1412 6.481038e-08
1413 5.564841e-08
1414 4.100873e-08
1415 3.020946e-08
1416 2.126894e-08
1417 1.214021e-08
1418 6.832629e-09
1419 3.866458e-09
1420 2.150803e-09
1421 1.254704e-09
1422 0.000000e+00
1423 0.000000e+00
1424 0.000000e+00
1425 1.179067e-07
1426 1.317772e-07
1427 1.326679e-07
1428 1.142951e-07
1429 8.439057e-08
1430 6.207808e-08
1431 4.394231e-08
1432 2.498870e-08
1433 1.409870e-08
1434 7.976620e-09
1435 4.434516e-09
1436 2.581124e-09
1437 0.000000e+00
1438 0.000000e+00
1439 0.000000e+00
1440 1.864659e-07
1441 2.085133e-07
1442 2.100928e-07
1443 1.811975e-07
1444 1.338744e-07
1445 9.843172e-08
1446 6.979941e-08
1447 3.964442e-08
1448 2.238585e-08
1449 1.266432e-08
1450 7.039246e-09
1451 4.094128e-09
1452 0.000000e+00
1453 0.000000e+00
1454 0.000000e+00
1455 5.057000e-08
1456 5.794385e-08
1457 6.055345e-08
1458 5.500165e-08
1459 4.216812e-08
1460 3.045797e-08
1461 2.287389e-08
1462 1.281934e-08
1463 7.665032e-09
1464 4.200327e-09
1465 2.316202e-09
1466 1.293555e-09
1467 0.000000e+00
1468 0.000000e+00
1469 0.000000e+00
1470 1.144180e-07
1471 1.312913e-07
1472 1.375001e-07
1473 1.252946e-07
1474 9.633688e-08
1475 6.954054e-08
1476 5.230436e-08
1477 2.941257e-08
1478 1.765424e-08
1479 9.654112e-09
1480 5.309437e-09
1481 2.958524e-09
1482 0.000000e+00
1483 0.000000e+00
1484 0.000000e+00
1485 5.333632e-08
1486 6.266948e-08
1487 6.794572e-08
1488 6.522194e-08
1489 5.287586e-08
1490 3.815155e-08
1491 2.878288e-08
1492 1.789030e-08
1493 1.088937e-08
1494 5.909090e-09
1495 3.112117e-09
1496 1.679280e-09
1497 9.352986e-10
1498 0.000000e+00
1499 0.000000e+00
1500 1.109684e-04
1501 8.086786e-05
1502 6.035546e-05
1503 3.805236e-05
1504 2.321989e-05
1505 1.369104e-05
1506 8.324421e-06
1507 5.304277e-06
1508 3.565556e-06
1509 0.000000e+00
1510 0.000000e+00
1511 0.000000e+00
1512 0.000000e+00
1513 0.000000e+00
1514 0.000000e+00
1515 5.757601e-05
1516 4.644359e-05
1517 3.369791e-05
1518 2.528332e-05
1519 1.597668e-05
1520 9.754545e-06
1521 5.648866e-06
1522 3.364481e-06
1523 2.093966e-06
1524 1.379138e-06
1525 0.000000e+00
1526 0.000000e+00
1527 0.000000e+00
1528 0.000000e+00
1529 0.000000e+00
1530 4.047788e-05
1531 3.713775e-05
1532 2.882267e-05
1533 2.080348e-05
1534 1.566222e-05
1535 9.111532e-06
1536 5.625604e-06
1537 3.225263e-06
1538 1.896511e-06
1539 1.174730e-06
1540 0.000000e+00
1541 0.000000e+00
1542 0.000000e+00
1543 0.000000e+00
1544 0.000000e+00
1545 2.912801e-05
1546 2.891312e-05
1547 2.448503e-05
1548 1.793535e-05
1549 1.328396e-05
1550 9.154542e-06
1551 5.351144e-06
1552 3.053081e-06
1553 1.771954e-06
1554 1.042590e-06
1555 6.506122e-07
1556 0.000000e+00
1557 0.000000e+00
1558 0.000000e+00
1559 0.000000e+00
1560 2.085098e-05
1561 2.179680e-05
1562 1.983793e-05
1563 1.524768e-05
1564 1.100576e-05
1565 8.274949e-06
1566 4.689296e-06
1567 2.850415e-06
1568 1.602925e-06
1569 9.233707e-07
1570 5.506294e-07
1571 0.000000e+00
1572 0.000000e+00
1573 0.000000e+00
1574 0.000000e+00
1575 1.487210e-05
1576 1.614453e-05
1577 1.554949e-05
1578 1.266314e-05
1579 9.143013e-06
1580 6.883420e-06
1581 4.347301e-06
1582 2.655947e-06
1583 1.474901e-06
1584 8.112783e-07
1585 4.673052e-07
1586 2.832009e-07
1587 0.000000e+00
1588 0.000000e+00
1589 0.000000e+00
1590 1.001028e-05
1591 1.119728e-05
1592 1.128693e-05
1593 9.739022e-06
1594 7.195644e-06
1595 5.289411e-06
1596 3.755371e-06
1597 2.130464e-06
1598 1.202339e-06
1599 6.811759e-07
1600 3.783133e-07
1601 2.200058e-07
1602 0.000000e+00
1603 0.000000e+00
1604 0.000000e+00
1605 6.201116e-06
1606 7.118100e-06
1607 7.458527e-06
1608 6.801106e-06
1609 5.231433e-06
1610 3.775220e-06
1611 2.841823e-06
1612 1.597077e-06
1613 9.596537e-07
1614 5.242846e-07
1615 2.885232e-07
1616 1.606418e-07
1617 0.000000e+00
1618 0.000000e+00
1619 0.000000e+00
1620 3.163407e-06
1621 3.720115e-06
1622 4.038202e-06
1623 3.883392e-06
1624 3.154630e-06
1625 2.276770e-06
1626 1.716871e-06
1627 1.071974e-06
1628 6.518364e-07
1629 3.538249e-07
1630 1.861971e-07
1631 1.003484e-07
1632 5.578990e-08
1633 0.000000e+00
1634 0.000000e+00
1635 8.891198e-07
1636 1.072208e-06
1637 1.206146e-06
1638 1.224576e-06
1639 1.066696e-06
1640 7.933436e-07
1641 5.815894e-07
1642 4.169104e-07
1643 2.343421e-07
1644 1.314261e-07
1645 7.164692e-08
1646 3.730540e-08
1647 1.958823e-08
1648 0.000000e+00
1649 0.000000e+00
