0 2.322539e-09
1 1.512554e-09
2 9.520872e-10
3 5.991490e-10
4 3.845777e-10
5 2.526929e-10
6 1.679578e-10
7 1.104094e-10
8 7.010894e-11
9 4.223477e-11
10 2.389360e-11
11 1.266745e-11
12 6.334225e-12
13 3.020699e-12
14 1.390793e-12
15 3.891097e-09
16 2.592767e-09
17 1.650885e-09
18 1.029006e-09
19 6.500083e-10
20 4.203621e-10
21 2.778293e-10
22 1.842276e-10
23 1.195823e-10
24 7.432418e-11
25 4.355069e-11
26 2.390112e-11
27 1.231133e-11
28 6.005823e-12
29 2.808928e-12
30 4.478202e-09
31 3.005208e-09
32 1.925137e-09
33 1.199277e-09
34 7.543440e-10
35 4.851212e-10
36 3.194496e-10
37 2.119573e-10
38 1.382249e-10
39 8.661068e-11
40 5.128380e-11
41 2.846230e-11
42 1.481143e-11
43 7.285807e-12
44 3.427956e-12
45 4.803354e-09
46 3.234113e-09
47 2.077428e-09
48 1.293997e-09
49 8.123564e-10
50 5.211146e-10
51 3.426177e-10
52 2.272921e-10
53 1.485615e-10
54 9.341956e-11
55 5.556689e-11
56 3.098681e-11
57 1.619987e-11
58 7.998037e-12
59 3.773126e-12
60 5.021594e-09
61 3.387603e-09
62 2.179516e-09
63 1.357481e-09
64 8.512390e-10
65 5.453099e-10
66 3.581644e-10
67 2.375856e-10
68 1.554772e-10
69 9.799624e-11
70 5.845906e-11
71 3.269059e-11
72 1.713416e-11
73 8.479510e-12
74 4.006632e-12
75 5.185196e-09
76 3.502606e-09
77 2.256188e-09
78 1.405087e-09
79 8.804456e-10
80 5.634658e-10
81 3.698059e-10
82 2.453635e-10
83 1.607158e-10
84 1.014493e-10
85 6.061883e-11
86 3.396679e-11
87 1.783499e-11
88 8.836276e-12
89 4.179511e-12
90 5.318169e-09
91 3.596054e-09
92 2.318310e-09
93 1.443969e-09
94 9.042198e-10
95 5.781581e-10
96 3.792933e-10
97 2.516611e-10
98 1.649551e-10
99 1.042473e-10
100 6.237961e-11
101 3.500660e-11
102 1.840483e-11
103 9.128650e-12
104 4.321171e-12
105 5.434552e-09
106 3.678012e-09
107 2.373171e-09
108 1.478007e-09
109 9.249915e-10
110 5.910434e-10
111 3.875628e-10
112 2.571674e-10
113 1.685819e-10
114 1.066392e-10
115 6.388704e-11
116 3.590988e-11
117 1.890440e-11
118 9.378362e-12
119 4.442014e-12
120 5.545152e-09
121 3.755970e-09
122 2.425179e-09
123 1.510216e-09
124 9.447225e-10
125 6.032674e-10
126 3.953883e-10
127 2.623983e-10
128 1.721597e-10
129 1.089922e-10
130 6.537975e-11
131 3.677581e-11
132 1.937671e-11
133 9.627241e-12
134 4.562823e-12
135 5.672280e-09
136 3.844442e-09
137 2.484708e-09
138 1.547313e-09
139 9.674431e-10
140 6.174315e-10
141 4.044841e-10
142 2.683574e-10
143 1.762144e-10
144 1.116833e-10
145 6.706574e-11
146 3.777088e-11
147 1.992366e-11
148 9.907692e-12
149 4.697743e-12
150 7.920898e-09
151 5.455372e-09
152 3.584692e-09
153 2.240515e-09
154 1.389200e-09
155 8.756784e-10
156 5.676757e-10
157 3.755614e-10
158 2.482826e-10
159 1.598619e-10
160 9.808320e-11
161 5.656183e-11
162 3.050859e-11
163 1.545349e-11
164 7.429065e-12
165 1.001500e-08
166 6.985930e-09
167 4.656723e-09
168 2.941365e-09
169 1.814767e-09
170 1.134591e-09
171 7.275039e-10
172 4.781521e-10
173 3.165356e-10
174 2.056840e-10
175 1.281683e-10
176 7.534632e-11
177 4.146208e-11
178 2.138516e-11
179 1.042736e-11
180 1.124604e-08
181 7.891426e-09
182 5.292260e-09
183 3.361017e-09
184 2.070825e-09
185 1.290436e-09
186 8.231308e-10
187 5.392003e-10
188 3.569391e-10
189 2.328006e-10
190 1.460148e-10
191 8.654123e-11
192 4.804324e-11
193 2.498217e-11
194 1.226282e-11
195 1.207688e-08
196 8.503696e-09
197 5.722525e-09
198 3.645264e-09
199 2.244620e-09
200 1.395982e-09
201 8.878420e-10
202 5.805845e-10
203 3.842955e-10
204 2.511423e-10
205 1.580856e-10
206 9.412799e-11
207 5.250844e-11
208 2.742499e-11
209 1.350996e-11
210 1.269942e-08
211 8.962765e-09
212 6.045564e-09
213 3.857789e-09
214 2.374805e-09
215 1.475136e-09
216 9.364689e-10
217 6.115235e-10
218 4.047584e-10
219 2.648662e-10
220 1.671058e-10
221 9.980874e-11
222 5.585115e-11
223 2.924989e-11
224 1.444335e-11
225 1.320561e-08
226 9.334620e-09
227 6.306322e-09
228 4.030952e-09
229 2.480185e-09
230 1.539280e-09
231 9.757260e-10
232 6.366483e-10
233 4.213703e-10
234 2.759927e-10
235 1.744396e-10
236 1.043939e-10
237 5.854643e-11
238 3.072881e-11
239 1.519818e-11
240 1.364454e-08
241 9.658057e-09
242 6.534197e-09
243 4.181535e-09
244 2.572522e-09
245 1.595340e-09
246 1.009993e-09
247 6.584409e-10
248 4.358747e-10
249 2.857129e-10
250 1.808363e-10
251 1.084097e-10
252 6.091404e-11
253 3.202366e-11
254 1.585424e-11
255 1.406362e-08
256 9.966672e-09
257 6.751490e-09
258 4.325340e-09
259 2.659969e-09
260 1.648458e-09
261 1.042651e-09
262 6.792539e-10
263 4.496604e-10
264 2.949533e-10
265 1.869185e-10
266 1.122365e-10
267 6.316257e-11
268 3.324992e-11
269 1.648439e-11
270 1.455018e-08
271 1.032488e-08
272 7.003038e-09
273 4.491134e-09
274 2.761181e-09
275 1.710449e-09
276 1.080829e-09
277 7.035758e-10
278 4.656353e-10
279 3.056734e-10
280 1.939897e-10
281 1.166781e-10
282 6.576824e-11
283 3.467787e-11
284 1.721324e-11
285 1.365962e-08
286 9.720844e-09
287 6.603285e-09
288 4.261828e-09
289 2.627308e-09
290 1.627001e-09
291 1.025690e-09
292 6.652446e-10
293 4.387889e-10
294 2.875737e-10
295 1.826034e-10
296 1.101605e-10
297 6.241077e-11
298 3.310621e-11
299 1.652725e-11
300 1.607512e-08
301 1.157155e-08
302 7.932495e-09
303 5.178245e-09
304 3.204807e-09
305 1.974863e-09
306 1.235275e-09
307 7.949422e-10
308 5.223728e-10
309 3.431185e-10
310 2.195853e-10
311 1.340652e-10
312 7.704636e-11
313 4.147019e-11
314 2.097224e-11
315 1.774512e-08
316 1.286000e-08
317 8.860593e-09
318 5.820686e-09
319 3.612876e-09
320 2.219961e-09
321 1.383280e-09
322 8.862383e-10
323 5.809530e-10
324 3.819202e-10
325 2.453998e-10
326 1.507811e-10
327 8.731685e-11
328 4.736678e-11
329 2.412221e-11
330 1.900219e-08
331 1.382972e-08
332 9.556938e-09
333 6.301384e-09
334 3.919365e-09
335 2.404348e-09
336 1.494440e-09
337 9.548407e-10
338 6.250795e-10
339 4.110909e-10
340 2.647840e-10
341 1.633315e-10
342 9.503123e-11
343 5.179862e-11
344 2.649112e-11
345 2.002059e-08
346 1.461542e-08
347 1.012435e-08
348 6.694239e-09
349 4.168057e-09
350 2.553958e-09
351 1.584559e-09
352 1.010455e-09
353 6.606865e-10
354 4.346935e-10
355 2.805144e-10
356 1.735166e-10
357 1.012879e-10
358 5.539404e-11
359 2.841311e-11
360 2.090965e-08
361 1.530173e-08
362 1.061907e-08
363 7.034966e-09
364 4.384719e-09
365 2.684549e-09
366 1.663162e-09
367 1.058941e-09
368 6.918052e-10
369 4.553244e-10
370 2.942246e-10
371 1.823939e-10
372 1.067433e-10
373 5.852536e-11
374 3.008647e-11
375 2.175042e-08
376 1.595031e-08
377 1.108582e-08
378 7.358455e-09
379 4.589732e-09
380 2.808033e-09
381 1.737669e-09
382 1.104854e-09
383 7.212840e-10
384 4.748517e-10
385 3.072268e-10
386 1.908088e-10
387 1.119125e-10
388 6.149397e-11
389 3.167275e-11
390 2.273343e-08
391 1.670956e-08
392 1.163216e-08
393 7.736258e-09
394 4.830097e-09
395 2.953124e-09
396 1.825104e-09
397 1.158806e-09
398 7.557886e-10
399 4.977446e-10
400 3.224533e-10
401 2.006709e-10
402 1.179741e-10
403 6.496975e-11
404 3.353126e-11
405 1.967728e-08
406 1.442252e-08
407 1.001010e-08
408 6.636440e-09
409 4.154440e-09
410 2.544329e-09
411 1.577809e-09
412 1.003089e-09
413 6.538102e-10
414 4.293711e-10
415 2.770135e-10
416 1.716421e-10
417 1.005430e-10
418 5.525047e-11
419 2.849078e-11
420 2.234291e-08
421 1.656877e-08
422 1.159052e-08
423 7.748850e-09
424 4.892701e-09
425 2.988533e-09
426 1.845216e-09
427 1.164311e-09
428 7.545700e-10
429 4.948839e-10
430 3.204634e-10
431 2.001382e-10
432 1.184990e-10
433 6.590440e-11
434 3.438447e-11
435 2.436552e-08
436 1.820718e-08
437 1.279737e-08
438 8.601690e-09
439 5.459430e-09
440 3.330598e-09
441 2.051475e-09
442 1.288302e-09
443 8.320643e-10
444 5.451153e-10
445 3.537362e-10
446 2.219575e-10
447 1.322649e-10
448 7.409256e-11
449 3.892829e-11
450 2.601765e-08
451 1.953752e-08
452 1.378120e-08
453 9.295423e-09
454 5.919959e-09
455 3.609389e-09
456 2.218812e-09
457 1.389207e-09
458 8.947883e-10
459 5.858965e-10
460 3.807469e-10
461 2.396711e-10
462 1.434407e-10
463 8.073920e-11
464 4.261725e-11
465 2.745304e-08
466 2.069997e-08
467 1.463937e-08
468 9.898655e-09
469 6.321918e-09
470 3.852531e-09
471 2.364700e-09
472 1.477077e-09
473 9.497351e-10
474 6.215053e-10
475 4.043227e-10
476 2.551318e-10
477 1.531964e-10
478 8.654349e-11
479 4.583894e-11
480 2.881117e-08
481 2.179477e-08
482 1.545009e-08
483 1.046964e-08
484 6.702409e-09
485 4.082135e-09
486 2.503020e-09
487 1.560122e-09
488 1.001568e-09
489 6.551433e-10
490 4.266283e-10
491 2.697571e-10
492 1.624213e-10
493 9.202458e-11
494 4.887994e-11
495 3.040128e-08
496 2.307922e-08
497 1.639773e-08
498 1.113867e-08
499 7.146893e-09
500 4.350808e-09
501 2.664609e-09
502 1.657493e-09
503 1.062262e-09
504 6.945169e-10
505 4.526952e-10
506 2.868333e-10
507 1.732067e-10
508 9.844458e-11
509 5.244330e-11
510 2.601868e-08
511 1.962391e-08
512 1.388542e-08
513 9.380259e-09
514 6.002773e-09
515 3.666724e-09
516 2.252480e-09
517 1.406639e-09
518 9.034230e-10
519 5.901406e-10
520 3.831971e-10
521 2.414465e-10
522 1.448862e-10
523 8.188333e-11
524 4.343383e-11
525 2.893685e-08
526 2.207854e-08
527 1.574753e-08
528 1.070980e-08
529 6.913261e-09
530 4.230202e-09
531 2.589834e-09
532 1.606744e-09
533 1.025786e-09
534 6.678106e-10
535 4.340734e-10
536 2.749055e-10
537 1.663241e-10
538 9.495167e-11
539 5.090275e-11
540 3.132470e-08
541 2.409050e-08
542 1.727633e-08
543 1.180407e-08
544 7.662160e-09
545 4.696078e-09
546 2.867612e-09
547 1.771889e-09
548 1.126305e-09
549 7.316694e-10
550 4.758540e-10
551 3.023703e-10
552 1.839265e-10
553 1.056921e-10
554 5.705106e-11
555 3.340551e-08
556 2.584483e-08
557 1.861161e-08
558 1.275670e-08
559 8.315445e-09
560 5.101306e-09
561 3.110069e-09
562 1.915989e-09
563 1.214202e-09
564 7.873624e-10
565 5.122836e-10
566 3.263170e-10
567 1.992746e-10
568 1.150571e-10
569 6.241206e-11
570 3.537896e-08
571 2.750916e-08
572 1.987827e-08
573 1.366168e-08
574 8.936261e-09
575 5.486743e-09
576 3.340363e-09
577 2.052685e-09
578 1.297594e-09
579 8.402470e-10
580 5.468902e-10
581 3.490625e-10
582 2.138515e-10
583 1.239524e-10
584 6.750476e-11
585 3.769156e-08
586 2.945426e-08
587 2.135796e-08
588 1.471842e-08
589 9.658954e-09
590 5.935915e-09
591 3.608830e-09
592 2.212003e-09
593 1.394756e-09
594 9.018500e-10
595 5.871964e-10
596 3.755628e-10
597 2.308376e-10
598 1.343165e-10
599 7.343770e-11
600 3.278445e-08
601 2.541463e-08
602 1.834090e-08
603 1.258053e-08
604 8.213995e-09
605 5.057561e-09
606 3.081427e-09
607 1.897593e-09
608 1.200630e-09
609 7.770211e-10
610 5.047639e-10
611 3.213034e-10
612 1.962889e-10
613 1.135051e-10
614 6.172602e-11
615 3.602740e-08
616 2.824953e-08
617 2.056286e-08
618 1.419193e-08
619 9.336820e-09
620 5.780020e-09
621 3.509912e-09
622 2.151831e-09
623 1.352703e-09
624 8.713843e-10
625 5.655066e-10
626 3.610579e-10
627 2.219733e-10
628 1.294628e-10
629 7.109018e-11
630 3.886764e-08
631 3.073626e-08
632 2.251677e-08
633 1.560669e-08
634 1.032433e-08
635 6.415895e-09
636 3.887542e-09
637 2.375853e-09
638 1.486807e-09
639 9.543761e-10
640 6.188799e-10
641 3.959714e-10
642 2.445298e-10
643 1.434830e-10
644 7.932386e-11
645 4.155888e-08
646 3.309279e-08
647 2.436796e-08
648 1.695002e-08
649 1.126068e-08
650 7.019031e-09
651 4.245349e-09
652 2.588474e-09
653 1.613819e-09
654 1.033059e-09
655 6.694923e-10
656 4.290779e-10
657 2.659173e-10
658 1.567763e-10
659 8.712965e-11
660 4.471070e-08
661 3.584582e-08
662 2.653096e-08
663 1.851733e-08
664 1.235269e-08
665 7.722845e-09
666 4.663286e-09
667 2.836211e-09
668 1.761992e-09
669 1.124879e-09
670 7.285285e-10
671 4.676992e-10
672 2.908713e-10
673 1.722860e-10
674 9.623806e-11
675 4.019324e-08
676 3.199935e-08
677 2.358397e-08
678 1.641117e-08
679 1.089962e-08
680 6.813518e-09
681 4.124334e-09
682 2.517052e-09
683 1.568118e-09
684 1.002481e-09
685 6.485854e-10
686 4.150111e-10
687 2.569268e-10
688 1.514316e-10
689 8.421950e-11
690 4.393579e-08
691 3.538331e-08
692 2.633500e-08
693 1.844002e-08
694 1.233071e-08
695 7.765454e-09
696 4.693508e-09
697 2.855463e-09
698 1.767149e-09
699 1.122981e-09
700 7.245391e-10
701 4.641936e-10
702 2.887554e-10
703 1.714653e-10
704 9.622534e-11
705 4.748029e-08
706 3.860133e-08
707 2.894514e-08
708 2.037197e-08
709 1.369241e-08
710 8.671880e-09
711 5.235595e-09
712 3.177440e-09
713 1.956569e-09
714 1.237625e-09
715 7.968069e-10
716 5.109549e-10
717 3.190103e-10
718 1.905097e-10
719 1.076458e-10
720 5.162950e-08
721 4.236115e-08
722 3.198802e-08
723 2.262316e-08
724 1.527880e-08
725 9.728644e-09
726 5.867730e-09
727 3.553254e-09
728 2.177300e-09
729 1.371356e-09
730 8.810044e-10
731 5.654485e-10
732 3.542733e-10
733 2.127050e-10
734 1.209560e-10
735 4.869383e-08
736 3.982102e-08
737 3.003763e-08
738 2.123289e-08
739 1.431624e-08
740 9.117443e-09
741 5.516161e-09
742 3.343183e-09
743 2.050759e-09
744 1.291900e-09
745 8.289931e-10
746 5.309417e-10
747 3.318313e-10
748 1.987747e-10
749 1.128487e-10
750 5.330827e-08
751 4.414337e-08
752 3.367484e-08
753 2.398580e-08
754 1.627697e-08
755 1.045588e-08
756 6.337107e-09
757 3.828489e-09
758 2.333047e-09
759 1.459553e-09
760 9.321787e-10
761 5.965978e-10
762 3.741014e-10
763 2.255710e-10
764 1.291920e-10
765 5.869984e-08
766 4.919448e-08
767 3.790934e-08
768 2.719480e-08
769 1.856430e-08
770 1.201819e-08
771 7.296038e-09
772 4.395595e-09
773 2.662368e-09
774 1.655215e-09
775 1.052535e-09
776 6.731899e-10
777 4.234140e-10
778 2.568307e-10
779 1.482591e-10
780 5.925481e-08
781 4.987992e-08
782 3.865569e-08
783 2.786016e-08
784 1.906908e-08
785 1.239490e-08
786 7.565243e-09
787 4.549431e-09
788 2.751243e-09
789 1.703832e-09
790 1.079136e-09
791 6.882712e-10
792 4.325388e-10
793 2.626773e-10
794 1.520946e-10
795 6.633705e-08
796 5.673910e-08
797 4.463804e-08
798 3.254188e-08
799 2.245467e-08
800 1.474956e-08
801 9.068956e-09
802 5.431787e-09
803 3.264245e-09
804 2.002257e-09
805 1.257811e-09
806 7.991908e-10
807 5.029852e-10
808 3.073344e-10
809 1.796734e-10
810 7.614709e-08
811 6.659171e-08
812 5.363014e-08
813 3.987659e-08
814 2.788335e-08
815 1.858013e-08
816 1.162197e-08
817 6.943073e-09
818 4.148433e-09
819 2.506270e-09
820 1.550069e-09
821 9.745848e-10
822 6.116237e-10
823 3.755148e-10
824 2.220105e-10
825 5.068604e-07
826 3.702211e-07
827 2.743279e-07
828 1.708093e-07
829 1.040466e-07
830 6.163824e-08
831 3.763521e-08
832 2.414242e-08
833 1.629637e-08
834 0.000000e+00
835 0.000000e+00
836 0.000000e+00
837 0.000000e+00
838 0.000000e+00
839 0.000000e+00
840 7.609798e-07
841 5.559639e-07
842 4.124035e-07
843 2.596387e-07
844 1.577844e-07
845 9.335825e-08
846 5.689798e-08
847 3.636728e-08
848 2.448276e-08
849 0.000000e+00
850 0.000000e+00
851 0.000000e+00
852 0.000000e+00
853 0.000000e+00
854 0.000000e+00
855 9.034708e-07
856 6.601393e-07
857 4.898344e-07
858 3.095543e-07
859 1.879543e-07
860 1.111685e-07
861 6.771198e-08
862 4.322638e-08
863 2.907417e-08
864 0.000000e+00
865 0.000000e+00
866 0.000000e+00
867 0.000000e+00
868 0.000000e+00
869 0.000000e+00
870 9.993278e-07
871 7.302182e-07
872 5.419243e-07
873 3.431341e-07
874 2.082519e-07
875 1.231503e-07
876 7.498702e-08
877 4.784112e-08
878 3.216291e-08
879 0.000000e+00
880 0.000000e+00
881 0.000000e+00
882 0.000000e+00
883 0.000000e+00
884 0.000000e+00
885 1.071193e-06
886 7.827614e-07
887 5.809742e-07
888 3.683088e-07
889 2.234694e-07
890 1.321335e-07
891 8.044121e-08
892 5.130076e-08
893 3.447879e-08
894 0.000000e+00
895 0.000000e+00
896 0.000000e+00
897 0.000000e+00
898 0.000000e+00
899 0.000000e+00
900 1.129439e-06
901 8.253442e-07
902 6.126261e-07
903 3.887123e-07
904 2.358020e-07
905 1.394142e-07
906 8.486152e-08
907 5.410480e-08
908 3.635564e-08
909 0.000000e+00
910 0.000000e+00
911 0.000000e+00
912 0.000000e+00
913 0.000000e+00
914 0.000000e+00
915 1.180268e-06
916 8.625041e-07
917 6.402459e-07
918 4.065191e-07
919 2.465652e-07
920 1.457672e-07
921 8.871918e-08
922 5.655163e-08
923 3.799350e-08
924 0.000000e+00
925 0.000000e+00
926 0.000000e+00
927 0.000000e+00
928 0.000000e+00
929 0.000000e+00
930 1.228460e-06
931 8.977376e-07
932 6.664337e-07
933 4.234011e-07
934 2.567693e-07
935 1.517905e-07
936 9.237652e-08
937 5.887147e-08
938 3.954628e-08
939 0.000000e+00
940 0.000000e+00
941 0.000000e+00
942 0.000000e+00
943 0.000000e+00
944 0.000000e+00
945 1.284683e-06
946 9.388454e-07
947 6.969857e-07
948 4.430983e-07
949 2.686743e-07
950 1.588185e-07
951 9.664394e-08
952 6.157795e-08
953 4.135810e-08
954 0.000000e+00
955 0.000000e+00
956 0.000000e+00
957 0.000000e+00
958 0.000000e+00
959 0.000000e+00
960 3.386904e-07
961 2.698068e-07
962 1.957258e-07
963 1.467737e-07
964 9.085257e-08
965 5.560348e-08
966 3.231887e-08
967 1.932448e-08
968 1.210879e-08
969 8.016078e-09
970 0.000000e+00
971 0.000000e+00
972 0.000000e+00
973 0.000000e+00
974 0.000000e+00
975 5.202037e-07
976 4.171399e-07
977 3.028799e-07
978 2.269254e-07
979 1.422210e-07
980 8.671590e-08
981 5.036712e-08
982 3.007673e-08
983 1.878061e-08
984 1.239794e-08
985 0.000000e+00
986 0.000000e+00
987 0.000000e+00
988 0.000000e+00
989 0.000000e+00
990 6.448121e-07
991 5.183992e-07
992 3.765467e-07
993 2.820115e-07
994 1.775998e-07
995 1.081224e-07
996 6.278599e-08
997 3.747520e-08
998 2.336911e-08
999 1.541004e-08
1000 0.000000e+00
1001 0.000000e+00
1002 0.000000e+00
1003 0.000000e+00
1004 0.000000e+00
1005 7.382357e-07
1006 5.943126e-07
1007 4.317715e-07
1008 3.233096e-07
1009 2.041234e-07
1010 1.241698e-07
1011 7.209649e-08
1012 4.302199e-08
1013 2.680897e-08
1014 1.766814e-08
1015 0.000000e+00
1016 0.000000e+00
1017 0.000000e+00
1018 0.000000e+00
1019 0.000000e+00
1020 8.139596e-07
1021 6.558390e-07
1022 4.765327e-07
1023 3.567807e-07
1024 2.256220e-07
1025 1.371778e-07
1026 7.964314e-08
1027 4.751755e-08
1028 2.959718e-08
1029 1.949827e-08
1030 0.000000e+00
1031 0.000000e+00
1032 0.000000e+00
1033 0.000000e+00
1034 0.000000e+00
1035 8.800254e-07
1036 7.095243e-07
1037 5.155916e-07
1038 3.859857e-07
1039 2.443794e-07
1040 1.485270e-07
1041 8.622743e-08
1042 5.144028e-08
1043 3.202995e-08
1044 2.109535e-08
1045 0.000000e+00
1046 0.000000e+00
1047 0.000000e+00
1048 0.000000e+00
1049 0.000000e+00
1050 9.426736e-07
1051 7.604327e-07
1052 5.526249e-07
1053 4.136780e-07
1054 2.621647e-07
1055 1.592896e-07
1056 9.247120e-08
1057 5.515972e-08
1058 3.433673e-08
1059 2.260959e-08
1060 0.000000e+00
1061 0.000000e+00
1062 0.000000e+00
1063 0.000000e+00
1064 0.000000e+00
1065 1.015768e-06
1066 8.198310e-07
1067 5.958365e-07
1068 4.459927e-07
1069 2.829175e-07
1070 1.718473e-07
1071 9.975607e-08
1072 5.949995e-08
1073 3.702828e-08
1074 2.437647e-08
1075 0.000000e+00
1076 0.000000e+00
1077 0.000000e+00
1078 0.000000e+00
1079 0.000000e+00
1080 1.995786e-07
1081 1.815495e-07
1082 1.398993e-07
1083 1.011662e-07
1084 7.581270e-08
1085 4.383689e-08
1086 2.687048e-08
1087 1.549102e-08
1088 9.158719e-09
1089 5.697353e-09
1090 0.000000e+00
1091 0.000000e+00
1092 0.000000e+00
1093 0.000000e+00
1094 0.000000e+00
1095 3.303768e-07
1096 3.017989e-07
1097 2.334694e-07
1098 1.687283e-07
1099 1.266217e-07
1100 7.360453e-08
1101 4.523068e-08
1102 2.601665e-08
1103 1.532973e-08
1104 9.515287e-09
1105 0.000000e+00
1106 0.000000e+00
1107 0.000000e+00
1108 0.000000e+00
1109 0.000000e+00
1110 4.306282e-07
1111 3.940344e-07
1112 3.052905e-07
1113 2.205837e-07
1114 1.656231e-07
1115 9.648072e-08
1116 5.934317e-08
1117 3.410489e-08
1118 2.006901e-08
1119 1.244631e-08
1120 0.000000e+00
1121 0.000000e+00
1122 0.000000e+00
1123 0.000000e+00
1124 0.000000e+00
1125 5.118675e-07
1126 4.687719e-07
1127 3.634880e-07
1128 2.626035e-07
1129 1.972257e-07
1130 1.150174e-07
1131 7.077884e-08
1132 4.065897e-08
1133 2.390921e-08
1134 1.482137e-08
1135 0.000000e+00
1136 0.000000e+00
1137 0.000000e+00
1138 0.000000e+00
1139 0.000000e+00
1140 5.827486e-07
1141 5.339873e-07
1142 4.142683e-07
1143 2.992682e-07
1144 2.248018e-07
1145 1.311919e-07
1146 8.075741e-08
1147 4.637790e-08
1148 2.726008e-08
1149 1.689370e-08
1150 0.000000e+00
1151 0.000000e+00
1152 0.000000e+00
1153 0.000000e+00
1154 0.000000e+00
1155 6.499630e-07
1156 5.958254e-07
1157 4.624212e-07
1158 3.340351e-07
1159 2.509506e-07
1160 1.465295e-07
1161 9.021925e-08
1162 5.180077e-08
1163 3.043750e-08
1164 1.885873e-08
1165 0.000000e+00
1166 0.000000e+00
1167 0.000000e+00
1168 0.000000e+00
1169 0.000000e+00
1170 7.283846e-07
1171 6.679733e-07
1172 5.186008e-07
1173 3.745984e-07
1174 2.814577e-07
1175 1.644239e-07
1176 1.012585e-07
1177 5.812754e-08
1178 3.414473e-08
1179 2.115149e-08
1180 0.000000e+00
1181 0.000000e+00
1182 0.000000e+00
1183 0.000000e+00
1184 0.000000e+00
1185 1.326946e-07
1186 1.309977e-07
1187 1.101784e-07
1188 8.049122e-08
1189 5.979111e-08
1190 4.065214e-08
1191 2.398332e-08
1192 1.366559e-08
1193 7.900528e-09
1194 4.668228e-09
1195 2.923885e-09
1196 0.000000e+00
1197 0.000000e+00
1198 0.000000e+00
1199 0.000000e+00
1200 2.310579e-07
1201 2.287252e-07
1202 1.930666e-07
1203 1.412814e-07
1204 1.047829e-07
1205 7.172421e-08
1206 4.211366e-08
1207 2.402847e-08
1208 1.390973e-08
1209 8.204688e-09
1210 5.128742e-09
1211 0.000000e+00
1212 0.000000e+00
1213 0.000000e+00
1214 0.000000e+00
1215 3.123232e-07
1216 3.095005e-07
1217 2.616148e-07
1218 1.915694e-07
1219 1.419926e-07
1220 9.744473e-08
1221 5.711211e-08
1222 3.260331e-08
1223 1.888242e-08
1224 1.113064e-08
1225 6.952520e-09
1226 0.000000e+00
1227 0.000000e+00
1228 0.000000e+00
1229 0.000000e+00
1230 3.831935e-07
1231 3.799432e-07
1232 3.213903e-07
1233 2.354215e-07
1234 1.744400e-07
1235 1.198757e-07
1236 7.019122e-08
1237 4.008120e-08
1238 2.321897e-08
1239 1.368230e-08
1240 8.542871e-09
1241 0.000000e+00
1242 0.000000e+00
1243 0.000000e+00
1244 0.000000e+00
1245 4.503977e-07
1246 4.467362e-07
1247 3.780737e-07
1248 2.770046e-07
1249 2.052095e-07
1250 1.411454e-07
1251 8.259382e-08
1252 4.717229e-08
1253 2.733118e-08
1254 1.610194e-08
1255 1.005098e-08
1256 0.000000e+00
1257 0.000000e+00
1258 0.000000e+00
1259 0.000000e+00
1260 5.288015e-07
1261 5.246659e-07
1262 4.442070e-07
1263 3.255223e-07
1264 2.411084e-07
1265 1.659601e-07
1266 9.706421e-08
1267 5.544503e-08
1268 3.212871e-08
1269 1.892488e-08
1270 1.181051e-08
1271 0.000000e+00
1272 0.000000e+00
1273 0.000000e+00
1274 0.000000e+00
1275 9.534121e-08
1276 9.928038e-08
1277 8.985327e-08
1278 6.874828e-08
1279 4.969314e-08
1280 3.722514e-08
1281 2.103574e-08
1282 1.270550e-08
1283 7.178477e-09
1284 4.145773e-09
1285 2.481775e-09
1286 0.000000e+00
1287 0.000000e+00
1288 0.000000e+00
1289 0.000000e+00
1290 1.734547e-07
1291 1.809881e-07
1292 1.642978e-07
1293 1.260405e-07
1294 9.104918e-08
1295 6.830841e-08
1296 3.870815e-08
1297 2.345387e-08
1298 1.322229e-08
1299 7.618364e-09
1300 4.551834e-09
1301 0.000000e+00
1302 0.000000e+00
1303 0.000000e+00
1304 0.000000e+00
1305 2.424635e-07
1306 2.531894e-07
1307 2.301014e-07
1308 1.766983e-07
1309 1.276149e-07
1310 9.579448e-08
1311 5.434251e-08
1312 3.296556e-08
1313 1.856968e-08
1314 1.068970e-08
1315 6.382328e-09
1316 0.000000e+00
1317 0.000000e+00
1318 0.000000e+00
1319 0.000000e+00
1320 3.078577e-07
1321 3.216065e-07
1322 2.924568e-07
1323 2.247029e-07
1324 1.622652e-07
1325 1.218404e-07
1326 6.915697e-08
1327 4.197839e-08
1328 2.363663e-08
1329 1.359998e-08
1330 8.116900e-09
1331 0.000000e+00
1332 0.000000e+00
1333 0.000000e+00
1334 0.000000e+00
1335 3.841561e-07
1336 4.014323e-07
1337 3.652105e-07
1338 2.807097e-07
1339 2.026908e-07
1340 1.522281e-07
1341 8.644124e-08
1342 5.249408e-08
1343 2.954836e-08
1344 1.699550e-08
1345 1.014064e-08
1346 0.000000e+00
1347 0.000000e+00
1348 0.000000e+00
1349 0.000000e+00
1350 7.275443e-08
1351 7.875287e-08
1352 7.552214e-08
1353 6.120539e-08
1354 4.415631e-08
1355 3.328728e-08
1356 2.079652e-08
1357 1.274987e-08
1358 7.078374e-09
1359 3.897754e-09
1360 2.252647e-09
1361 1.369876e-09
1362 0.000000e+00
1363 0.000000e+00
1364 0.000000e+00
1365 1.384502e-07
1366 1.501075e-07
1367 1.443070e-07
1368 1.172925e-07
1369 8.467438e-08
1370 6.377137e-08
1371 4.010886e-08
1372 2.451872e-08
1373 1.361488e-08
1374 7.500800e-09
1375 4.325187e-09
1376 2.624545e-09
1377 0.000000e+00
1378 0.000000e+00
1379 0.000000e+00
1380 2.010031e-07
1381 2.180563e-07
1382 2.098198e-07
1383 1.707216e-07
1384 1.232755e-07
1385 9.281020e-08
1386 5.851418e-08
1387 3.573215e-08
1388 1.984300e-08
1389 1.093430e-08
1390 6.299816e-09
1391 3.819753e-09
1392 0.000000e+00
1393 0.000000e+00
1394 0.000000e+00
1395 2.739546e-07
1396 2.973002e-07
1397 2.862206e-07
1398 2.330303e-07
1399 1.682909e-07
1400 1.266749e-07
1401 7.997821e-08
1402 4.880901e-08
1403 2.710609e-08
1404 1.493828e-08
1405 8.602574e-09
1406 5.213599e-09
1407 0.000000e+00
1408 0.000000e+00
1409 0.000000e+00
1410 5.895332e-08
1411 6.579497e-08
1412 6.609632e-08
1413 5.677314e-08
1414 4.184654e-08
1415 3.082185e-08
1416 2.171265e-08
1417 1.238859e-08
1418 6.974390e-09
1419 3.946504e-09
1420 2.195210e-09
1421 1.280295e-09
1422 0.000000e+00
1423 0.000000e+00
1424 0.000000e+00
1425 1.179158e-07
1426 1.317874e-07
1427 1.326785e-07
1428 1.143046e-07
1429 8.439764e-08
1430 6.208323e-08
1431 4.394609e-08
1432 2.499082e-08
1433 1.409992e-08
1434 7.977300e-09
1435 4.434893e-09
1436 2.581340e-09
1437 0.000000e+00
1438 0.000000e+00
1439 0.000000e+00
1440 1.864659e-07
1441 2.085133e-07
1442 2.100928e-07
1443 1.811975e-07
1444 1.338744e-07
1445 9.843172e-08
1446 6.979941e-08
1447 3.964442e-08
1448 2.238585e-08
1449 1.266432e-08
1450 7.039246e-09
1451 4.094128e-09
1452 0.000000e+00
1453 0.000000e+00
1454 0.000000e+00
1455 5.120344e-08
1456 5.867566e-08
1457 6.132835e-08
1458 5.571887e-08
1459 4.272733e-08
1460 3.086049e-08
1461 2.317861e-08
1462 1.299362e-08
1463 7.771416e-09
1464 4.257988e-09
1465 2.347501e-09
1466 1.310820e-09
1467 0.000000e+00
1468 0.000000e+00
1469 0.000000e+00
1470 1.144183e-07
1471 1.312915e-07
1472 1.375003e-07
1473 1.252949e-07
1474 9.633710e-08
1475 6.954069e-08
1476 5.230448e-08
1477 2.941263e-08
1478 1.765428e-08
1479 9.654134e-09
1480 5.309448e-09
1481 2.958530e-09
1482 0.000000e+00
1483 0.000000e+00
1484 0.000000e+00
1485 5.351245e-08
1486 6.287831e-08
1487 6.817507e-08
1488 6.544718e-08
1489 5.306305e-08
1490 3.828752e-08
1491 2.888452e-08
1492 1.795740e-08
1493 1.092909e-08
1494 5.930750e-09
1495 3.123670e-09
1496 1.685389e-09
1497 9.386195e-10
1498 0.000000e+00
1499 0.000000e+00
1500 1.109684e-04
1501 8.086786e-05
1502 6.035546e-05
1503 3.805236e-05
1504 2.321989e-05
1505 1.369104e-05
1506 8.324421e-06
1507 5.304277e-06
1508 3.565556e-06
1509 0.000000e+00
1510 0.000000e+00
1511 0.000000e+00
1512 0.000000e+00
1513 0.000000e+00
1514 0.000000e+00
1515 5.757601e-05
1516 4.644359e-05
1517 3.369791e-05
1518 2.528332e-05
1519 1.597668e-05
1520 9.754545e-06
1521 5.648866e-06
1522 3.364481e-06
1523 2.093966e-06
1524 1.379138e-06
1525 0.000000e+00
1526 0.000000e+00
1527 0.000000e+00
1528 0.000000e+00
1529 0.000000e+00
1530 4.047788e-05
1531 3.713775e-05
1532 2.882267e-05
1533 2.080348e-05
1534 1.566222e-05
1535 9.111532e-06
1536 5.625604e-06
1537 3.225263e-06
1538 1.896511e-06
1539 1.174730e-06
1540 0.000000e+00
1541 0.000000e+00
1542 0.000000e+00
1543 0.000000e+00
1544 0.000000e+00
1545 2.912801e-05
1546 2.891312e-05
1547 2.448503e-05
1548 1.793535e-05
1549 1.328396e-05
1550 9.154542e-06
1551 5.351144e-06
1552 3.053081e-06
1553 1.771954e-06
1554 1.042590e-06
1555 6.506122e-07
1556 0.000000e+00
1557 0.000000e+00
1558 0.000000e+00
1559 0.000000e+00
1560 2.085098e-05
1561 2.179680e-05
1562 1.983793e-05
1563 1.524768e-05
1564 1.100576e-05
1565 8.274949e-06
1566 4.689296e-06
1567 2.850415e-06
1568 1.602925e-06
1569 9.233707e-07
1570 5.506294e-07
1571 0.000000e+00
1572 0.000000e+00
1573 0.000000e+00
1574 0.000000e+00
1575 1.487210e-05
1576 1.614453e-05
1577 1.554949e-05
1578 1.266314e-05
1579 9.143013e-06
1580 6.883420e-06
1581 4.347301e-06
1582 2.655947e-06
1583 1.474901e-06
1584 8.112783e-07
1585 4.673052e-07
1586 2.832009e-07
1587 0.000000e+00
1588 0.000000e+00
1589 0.000000e+00
1590 1.001028e-05
1591 1.119728e-05
1592 1.128693e-05
1593 9.739022e-06
1594 7.195644e-06
1595 5.289411e-06
1596 3.755371e-06
1597 2.130464e-06
1598 1.202339e-06
1599 6.811759e-07
1600 3.783133e-07
1601 2.200058e-07
1602 0.000000e+00
1603 0.000000e+00
1604 0.000000e+00
1605 6.201116e-06
1606 7.118100e-06
1607 7.458527e-06
1608 6.801106e-06
1609 5.231433e-06
1610 3.775220e-06
1611 2.841823e-06
1612 1.597077e-06
1613 9.596537e-07
1614 5.242846e-07
1615 2.885232e-07
1616 1.606418e-07
1617 0.000000e+00
1618 0.000000e+00
1619 0.000000e+00
1620 3.163407e-06
1621 3.720115e-06
1622 4.038202e-06
1623 3.883392e-06
1624 3.154630e-06
1625 2.276770e-06
1626 1.716871e-06
1627 1.071974e-06
1628 6.518364e-07
1629 3.538249e-07
1630 1.861971e-07
1631 1.003484e-07
1632 5.578990e-08
1633 0.000000e+00
1634 0.000000e+00
1635 8.891198e-07
1636 1.072208e-06
1637 1.206146e-06
1638 1.224576e-06
1639 1.066696e-06
1640 7.933436e-07
1641 5.815894e-07
1642 4.169104e-07
1643 2.343421e-07
1644 1.314261e-07
1645 7.164692e-08
1646 3.730540e-08
1647 1.958823e-08
1648 0.000000e+00
1649 0.000000e+00
