0 2.251209e-09
1 1.463771e-09
2 9.208012e-10
3 5.798764e-10
4 3.726663e-10
5 2.451290e-10
6 1.629705e-10
7 1.070582e-10
8 6.786497e-11
9 4.078912e-11
10 2.301561e-11
11 1.216998e-11
12 6.071623e-12
13 2.890382e-12
14 1.329175e-12
15 3.803945e-09
16 2.531256e-09
17 1.609566e-09
18 1.003272e-09
19 6.343386e-10
20 4.107047e-10
21 2.716139e-10
22 1.801097e-10
23 1.168069e-10
24 7.249153e-11
25 4.238948e-11
26 2.321296e-11
27 1.193239e-11
28 5.810885e-12
29 2.714316e-12
30 4.363771e-09
31 2.923673e-09
32 1.869749e-09
33 1.164554e-09
34 7.331496e-10
35 4.721074e-10
36 3.112197e-10
37 2.065132e-10
38 1.345690e-10
39 8.417728e-11
40 4.972338e-11
41 2.752172e-11
42 1.428698e-11
43 7.011733e-12
44 3.293709e-12
45 4.703507e-09
46 3.161484e-09
47 2.026992e-09
48 1.262018e-09
49 7.930494e-10
50 5.094227e-10
51 3.353248e-10
52 2.225141e-10
53 1.453262e-10
54 9.122958e-11
55 5.412850e-11
56 3.009930e-11
57 1.569068e-11
58 7.728114e-12
59 3.639138e-12
60 4.880788e-09
61 3.286467e-09
62 2.110448e-09
63 1.313711e-09
64 8.246015e-10
65 5.289793e-10
66 3.478762e-10
67 2.308999e-10
68 1.509676e-10
69 9.498072e-11
70 5.651630e-11
71 3.151118e-11
72 1.646806e-11
73 8.125704e-12
74 3.831794e-12
75 5.036414e-09
76 3.395839e-09
77 2.182858e-09
78 1.358701e-09
79 8.521437e-10
80 5.461075e-10
81 3.589234e-10
82 2.382376e-10
83 1.559359e-10
84 9.825541e-11
85 5.855509e-11
86 3.271227e-11
87 1.712220e-11
88 8.461270e-12
89 3.994117e-12
90 5.162936e-09
91 3.484550e-09
92 2.241788e-09
93 1.395211e-09
94 8.745886e-10
95 5.600539e-10
96 3.678983e-10
97 2.442318e-10
98 1.599716e-10
99 1.009143e-10
100 6.022790e-11
101 3.369504e-11
102 1.766057e-11
103 8.735565e-12
104 4.126384e-12
105 5.274096e-09
106 3.562448e-09
107 2.293737e-09
108 1.427439e-09
109 8.942516e-10
110 5.722668e-10
111 3.757370e-10
112 2.494529e-10
113 1.634711e-10
114 1.031971e-10
115 6.167566e-11
116 3.454563e-11
117 1.812817e-11
118 8.974620e-12
119 4.241918e-12
120 5.378861e-09
121 3.636206e-09
122 2.342785e-09
123 1.457754e-09
124 9.128160e-10
125 5.837783e-10
126 3.831120e-10
127 2.544076e-10
128 1.668034e-10
129 1.053665e-10
130 6.306155e-11
131 3.535943e-11
132 1.857108e-11
133 9.200806e-12
134 4.351141e-12
135 5.499062e-09
136 3.720286e-09
137 2.399123e-09
138 1.492774e-09
139 9.342345e-10
140 5.971147e-10
141 3.917735e-10
142 2.600750e-10
143 1.706593e-10
144 1.079669e-10
145 6.465783e-11
146 3.629874e-11
147 1.908505e-11
148 9.463454e-12
149 4.477047e-12
150 7.904207e-09
151 5.442806e-09
152 3.575224e-09
153 2.233812e-09
154 1.385149e-09
155 8.732688e-10
156 5.662491e-10
157 3.746908e-10
158 2.477248e-10
159 1.594834e-10
160 9.782609e-11
161 5.638749e-11
162 3.040023e-11
163 1.539220e-11
164 7.396350e-12
165 9.992186e-09
166 6.967701e-09
167 4.642810e-09
168 2.931110e-09
169 1.808364e-09
170 1.130742e-09
171 7.252602e-10
172 4.767974e-10
173 3.156931e-10
174 2.051155e-10
175 1.277826e-10
176 7.508453e-11
177 4.129610e-11
178 2.128755e-11
179 1.037521e-11
180 1.128273e-08
181 7.913795e-09
182 5.305614e-09
183 3.367403e-09
184 2.074511e-09
185 1.293011e-09
186 8.250051e-10
187 5.406066e-10
188 3.579286e-10
189 2.334462e-10
190 1.463777e-10
191 8.671110e-11
192 4.810458e-11
193 2.499567e-11
194 1.226106e-11
195 1.203148e-08
196 8.467596e-09
197 5.696207e-09
198 3.625956e-09
199 2.232091e-09
200 1.388430e-09
201 8.833827e-10
202 5.779293e-10
203 3.826534e-10
204 2.500627e-10
205 1.573518e-10
206 9.363822e-11
207 5.219478e-11
208 2.723675e-11
209 1.340652e-11
210 1.264820e-08
211 8.921175e-09
212 6.014677e-09
213 3.835659e-09
214 2.360398e-09
215 1.466193e-09
216 9.313283e-10
217 6.084744e-10
218 4.028388e-10
219 2.636160e-10
220 1.662653e-10
221 9.923907e-11
222 5.548057e-11
223 2.903108e-11
224 1.432127e-11
225 1.314850e-08
226 9.288553e-09
227 6.272474e-09
228 4.006342e-09
229 2.464058e-09
230 1.529653e-09
231 9.700551e-10
232 6.332648e-10
233 4.192574e-10
234 2.746081e-10
235 1.735049e-10
236 1.037666e-10
237 5.814323e-11
238 3.048787e-11
239 1.506540e-11
240 1.358344e-08
241 9.608566e-09
242 6.497835e-09
243 4.154966e-09
244 2.555062e-09
245 1.584869e-09
246 1.003983e-09
247 6.547984e-10
248 4.335977e-10
249 2.842228e-10
250 1.798304e-10
251 1.077354e-10
252 6.048017e-11
253 3.176316e-11
254 1.571424e-11
255 1.399802e-08
256 9.913188e-09
257 6.712264e-09
258 4.296253e-09
259 2.641015e-09
260 1.637020e-09
261 1.035972e-09
262 6.752892e-10
263 4.471970e-10
264 2.933431e-10
265 1.858309e-10
266 1.115067e-10
267 6.269294e-11
268 3.297170e-11
269 1.633039e-11
270 1.447911e-08
271 1.026704e-08
272 6.960360e-09
273 4.459896e-09
274 2.740793e-09
275 1.698246e-09
276 1.073626e-09
277 6.992890e-10
278 4.629663e-10
279 3.039289e-10
280 1.928125e-10
281 1.158888e-10
282 6.526019e-11
283 3.437307e-11
284 1.704481e-11
285 1.364416e-08
286 9.707694e-09
287 6.593384e-09
288 4.254486e-09
289 2.622215e-09
290 1.624029e-09
291 1.023960e-09
292 6.641857e-10
293 4.381819e-10
294 2.871676e-10
295 1.823337e-10
296 1.099807e-10
297 6.229303e-11
298 3.303376e-11
299 1.648620e-11
300 1.615804e-08
301 1.162835e-08
302 7.969638e-09
303 5.201764e-09
304 3.218433e-09
305 1.983211e-09
306 1.240739e-09
307 7.986090e-10
308 5.248594e-10
309 3.447709e-10
310 2.206324e-10
311 1.346834e-10
312 7.738109e-11
313 4.163647e-11
314 2.104899e-11
315 1.771412e-08
316 1.283319e-08
317 8.839674e-09
318 5.805558e-09
319 3.602046e-09
320 2.213453e-09
321 1.379384e-09
322 8.839637e-10
323 5.796405e-10
324 3.810636e-10
325 2.448379e-10
326 1.504042e-10
327 8.706906e-11
328 4.721146e-11
329 2.403161e-11
330 1.896266e-08
331 1.379495e-08
332 9.530276e-09
333 6.283211e-09
334 3.905330e-09
335 2.395800e-09
336 1.489374e-09
337 9.519297e-10
338 6.233025e-10
339 4.099955e-10
340 2.640647e-10
341 1.628497e-10
342 9.471183e-11
343 5.159851e-11
344 2.637396e-11
345 1.997475e-08
346 1.457448e-08
347 1.009277e-08
348 6.671305e-09
349 4.151464e-09
350 2.543954e-09
351 1.578644e-09
352 1.006984e-09
353 6.586255e-10
354 4.334077e-10
355 2.796719e-10
356 1.729525e-10
357 1.009153e-10
358 5.515734e-11
359 2.827402e-11
360 2.085868e-08
361 1.525605e-08
362 1.058344e-08
363 7.009365e-09
364 4.365920e-09
365 2.673610e-09
366 1.656415e-09
367 1.054949e-09
368 6.894403e-10
369 4.538523e-10
370 2.932612e-10
371 1.817485e-10
372 1.063167e-10
373 5.825613e-11
374 2.992791e-11
375 2.169351e-08
376 1.589891e-08
377 1.104595e-08
378 7.329252e-09
379 4.568626e-09
380 2.795287e-09
381 1.729997e-09
382 1.100398e-09
383 7.186553e-10
384 4.732182e-10
385 3.061580e-10
386 1.900938e-10
387 1.114394e-10
388 6.119458e-11
389 3.149588e-11
390 2.266980e-08
391 1.665219e-08
392 1.158762e-08
393 7.703942e-09
394 4.806493e-09
395 2.938896e-09
396 1.816478e-09
397 1.153848e-09
398 7.528489e-10
399 4.959133e-10
400 3.212585e-10
401 1.998709e-10
402 1.174446e-10
403 6.463410e-11
404 3.333382e-11
405 1.991767e-08
406 1.459642e-08
407 1.012962e-08
408 6.715502e-09
409 4.202900e-09
410 2.574053e-09
411 1.596245e-09
412 1.014928e-09
413 6.616018e-10
414 4.345057e-10
415 2.803266e-10
416 1.736838e-10
417 1.017252e-10
418 5.589011e-11
419 2.881473e-11
420 2.246760e-08
421 1.665781e-08
422 1.165104e-08
423 7.788546e-09
424 4.916424e-09
425 3.003025e-09
426 1.854277e-09
427 1.170172e-09
428 7.584687e-10
429 4.974827e-10
430 3.221485e-10
431 2.011762e-10
432 1.190966e-10
433 6.622408e-11
434 3.454302e-11
435 2.449520e-08
436 1.829909e-08
437 1.285921e-08
438 8.642005e-09
439 5.483664e-09
440 3.345080e-09
441 2.060444e-09
442 1.294128e-09
443 8.359976e-10
444 5.477536e-10
445 3.554585e-10
446 2.230208e-10
447 1.328743e-10
448 7.441449e-11
449 3.908479e-11
450 2.615118e-08
451 1.963311e-08
452 1.384441e-08
453 9.335969e-09
454 5.944034e-09
455 3.623335e-09
456 2.227642e-09
457 1.395017e-09
458 8.987668e-10
459 5.885528e-10
460 3.824909e-10
461 2.407481e-10
462 1.440555e-10
463 8.106113e-11
464 4.277105e-11
465 2.759003e-08
466 2.079532e-08
467 1.470217e-08
468 9.939319e-09
469 6.345767e-09
470 3.866178e-09
471 2.373327e-09
472 1.482792e-09
473 9.536250e-10
474 6.241707e-10
475 4.060812e-10
476 2.562195e-10
477 1.538147e-10
478 8.686307e-11
479 4.598877e-11
480 2.895050e-08
481 2.189085e-08
482 1.551296e-08
483 1.051017e-08
484 6.726229e-09
485 4.095544e-09
486 2.511535e-09
487 1.565756e-09
488 1.005455e-09
489 6.578285e-10
490 4.283939e-10
491 2.708489e-10
492 1.630390e-10
493 9.234526e-11
494 4.902742e-11
495 3.054445e-08
496 2.317726e-08
497 1.646140e-08
498 1.117966e-08
499 7.170338e-09
500 4.363742e-09
501 2.672907e-09
502 1.663016e-09
503 1.066116e-09
504 6.972039e-10
505 4.544860e-10
506 2.879422e-10
507 1.738321e-10
508 9.876120e-11
509 5.258615e-11
510 2.600234e-08
511 1.960916e-08
512 1.387355e-08
513 9.371642e-09
514 5.996659e-09
515 3.662724e-09
516 2.250120e-09
517 1.405243e-09
518 9.026118e-10
519 5.896349e-10
520 3.828747e-10
521 2.412357e-10
522 1.447489e-10
523 8.179730e-11
524 4.338223e-11
525 2.891712e-08
526 2.206032e-08
527 1.573259e-08
528 1.069875e-08
529 6.905476e-09
530 4.224936e-09
531 2.586738e-09
532 1.604963e-09
533 1.024716e-09
534 6.671601e-10
535 4.336636e-10
536 2.746389e-10
537 1.661498e-10
538 9.484110e-11
539 5.083579e-11
540 3.129914e-08
541 2.406619e-08
542 1.725603e-08
543 1.178898e-08
544 7.651490e-09
545 4.688612e-09
546 2.863335e-09
547 1.769325e-09
548 1.124804e-09
549 7.307773e-10
550 4.752984e-10
551 3.020108e-10
552 1.836913e-10
553 1.055415e-10
554 5.695881e-11
555 3.337380e-08
556 2.581424e-08
557 1.858573e-08
558 1.273733e-08
559 8.301595e-09
560 5.091518e-09
561 3.104420e-09
562 1.912641e-09
563 1.212280e-09
564 7.862153e-10
565 5.115742e-10
566 3.258600e-10
567 1.989754e-10
568 1.148642e-10
569 6.229284e-11
570 3.534255e-08
571 2.747379e-08
572 1.984801e-08
573 1.363900e-08
574 8.919964e-09
575 5.475547e-09
576 3.333740e-09
577 2.048729e-09
578 1.295314e-09
579 8.389003e-10
580 5.460610e-10
581 3.485292e-10
582 2.135019e-10
583 1.237264e-10
584 6.736446e-11
585 3.764931e-08
586 2.941292e-08
587 2.132240e-08
588 1.469172e-08
589 9.639804e-09
590 5.922281e-09
591 3.600963e-09
592 2.207323e-09
593 1.392063e-09
594 9.002569e-10
595 5.862188e-10
596 3.749355e-10
597 2.304264e-10
598 1.340500e-10
599 7.327174e-11
600 3.276477e-08
601 2.539911e-08
602 1.832668e-08
603 1.257113e-08
604 8.207472e-09
605 5.053327e-09
606 3.078814e-09
607 1.896017e-09
608 1.199714e-09
609 7.764640e-10
610 5.044127e-10
611 3.210756e-10
612 1.961409e-10
613 1.134119e-10
614 6.167003e-11
615 3.600786e-08
616 2.823128e-08
617 2.054776e-08
618 1.418062e-08
619 9.328960e-09
620 5.774552e-09
621 3.506752e-09
622 2.149902e-09
623 1.351582e-09
624 8.707117e-10
625 5.650875e-10
626 3.607880e-10
627 2.217983e-10
628 1.293519e-10
629 7.102293e-11
630 3.884441e-08
631 3.071426e-08
632 2.249829e-08
633 1.559275e-08
634 1.031448e-08
635 6.408973e-09
636 3.883480e-09
637 2.373396e-09
638 1.485433e-09
639 9.535486e-10
640 6.183668e-10
641 3.956428e-10
642 2.443167e-10
643 1.433468e-10
644 7.924037e-11
645 4.153283e-08
646 3.306786e-08
647 2.434587e-08
648 1.693218e-08
649 1.124926e-08
650 7.011053e-09
651 4.240658e-09
652 2.585576e-09
653 1.612153e-09
654 1.032097e-09
655 6.689000e-10
656 4.286993e-10
657 2.656713e-10
658 1.566185e-10
659 8.703241e-11
660 4.468103e-08
661 3.581720e-08
662 2.650637e-08
663 1.849870e-08
664 1.233941e-08
665 7.713456e-09
666 4.657718e-09
667 2.832862e-09
668 1.760074e-09
669 1.123753e-09
670 7.278399e-10
671 4.672622e-10
672 2.905872e-10
673 1.721032e-10
674 9.612473e-11
675 4.017518e-08
676 3.198263e-08
677 2.357032e-08
678 1.640100e-08
679 1.089260e-08
680 6.808689e-09
681 4.121542e-09
682 2.515347e-09
683 1.567130e-09
684 1.001878e-09
685 6.482072e-10
686 4.147671e-10
687 2.567691e-10
688 1.513318e-10
689 8.415946e-11
690 4.391669e-08
691 3.536582e-08
692 2.632086e-08
693 1.842952e-08
694 1.232337e-08
695 7.760424e-09
696 4.690587e-09
697 2.853601e-09
698 1.766133e-09
699 1.122384e-09
700 7.241523e-10
701 4.639429e-10
702 2.885922e-10
703 1.713619e-10
704 9.616302e-11
705 4.746210e-08
706 3.858489e-08
707 2.893197e-08
708 2.036252e-08
709 1.368592e-08
710 8.667627e-09
711 5.233269e-09
712 3.175961e-09
713 1.955718e-09
714 1.237114e-09
715 7.964692e-10
716 5.107291e-10
717 3.188606e-10
718 1.904143e-10
719 1.075888e-10
720 5.161125e-08
721 4.234498e-08
722 3.197558e-08
723 2.261466e-08
724 1.527301e-08
725 9.724807e-09
726 5.865867e-09
727 3.552038e-09
728 2.176607e-09
729 1.370919e-09
730 8.807105e-10
731 5.652436e-10
732 3.541338e-10
733 2.126152e-10
734 1.209025e-10
735 4.867880e-08
736 3.980300e-08
737 3.002304e-08
738 2.122212e-08
739 1.430900e-08
740 9.112280e-09
741 5.513174e-09
742 3.341375e-09
743 2.049735e-09
744 1.291280e-09
745 8.286004e-10
746 5.306853e-10
747 3.316639e-10
748 1.986684e-10
749 1.127845e-10
750 5.329121e-08
751 4.412830e-08
752 3.366331e-08
753 2.397804e-08
754 1.627188e-08
755 1.045259e-08
756 6.335575e-09
757 3.827482e-09
758 2.332504e-09
759 1.459203e-09
760 9.319245e-10
761 5.964152e-10
762 3.739748e-10
763 2.254888e-10
764 1.291431e-10
765 5.868921e-08
766 4.918724e-08
767 3.790652e-08
768 2.719542e-08
769 1.856574e-08
770 1.201913e-08
771 7.298130e-09
772 4.396708e-09
773 2.663113e-09
774 1.655544e-09
775 1.052655e-09
776 6.732073e-10
777 4.234023e-10
778 2.568173e-10
779 1.482534e-10
780 5.923368e-08
781 4.986031e-08
782 3.863970e-08
783 2.784864e-08
784 1.906126e-08
785 1.238964e-08
786 7.562300e-09
787 4.547686e-09
788 2.750286e-09
789 1.703230e-09
790 1.078744e-09
791 6.880071e-10
792 4.323607e-10
793 2.625613e-10
794 1.520236e-10
795 6.632517e-08
796 5.672484e-08
797 4.463496e-08
798 3.254331e-08
799 2.245758e-08
800 1.475201e-08
801 9.071903e-09
802 5.433906e-09
803 3.265615e-09
804 2.002923e-09
805 1.258080e-09
806 7.992745e-10
807 5.029948e-10
808 3.073249e-10
809 1.796663e-10
810 7.612444e-08
811 6.657142e-08
812 5.361478e-08
813 3.986731e-08
814 2.787855e-08
815 1.857723e-08
816 1.162080e-08
817 6.943280e-09
818 4.148451e-09
819 2.506233e-09
820 1.549983e-09
821 9.744585e-10
822 6.115001e-10
823 3.754164e-10
824 2.219432e-10
825 5.058072e-07
826 3.694484e-07
827 2.737530e-07
828 1.704198e-07
829 1.038149e-07
830 6.150171e-08
831 3.755283e-08
832 2.409091e-08
833 1.626227e-08
834 0.000000e+00
835 0.000000e+00
836 0.000000e+00
837 0.000000e+00
838 0.000000e+00
839 0.000000e+00
840 7.608749e-07
841 5.558871e-07
842 4.123464e-07
843 2.596014e-07
844 1.577620e-07
845 9.334502e-08
846 5.688995e-08
847 3.636220e-08
848 2.447937e-08
849 0.000000e+00
850 0.000000e+00
851 0.000000e+00
852 0.000000e+00
853 0.000000e+00
854 0.000000e+00
855 9.092218e-07
856 6.643413e-07
857 4.929522e-07
858 3.115238e-07
859 1.891502e-07
860 1.118759e-07
861 6.814289e-08
862 4.350150e-08
863 2.925923e-08
864 0.000000e+00
865 0.000000e+00
866 0.000000e+00
867 0.000000e+00
868 0.000000e+00
869 0.000000e+00
870 9.992056e-07
871 7.301288e-07
872 5.418578e-07
873 3.430912e-07
874 2.082260e-07
875 1.231350e-07
876 7.497774e-08
877 4.783523e-08
878 3.215897e-08
879 0.000000e+00
880 0.000000e+00
881 0.000000e+00
882 0.000000e+00
883 0.000000e+00
884 0.000000e+00
885 1.071070e-06
886 7.826715e-07
887 5.809073e-07
888 3.682658e-07
889 2.234434e-07
890 1.321181e-07
891 8.043188e-08
892 5.129484e-08
893 3.447482e-08
894 0.000000e+00
895 0.000000e+00
896 0.000000e+00
897 0.000000e+00
898 0.000000e+00
899 0.000000e+00
900 1.129322e-06
901 8.252588e-07
902 6.125626e-07
903 3.886714e-07
904 2.357773e-07
905 1.393996e-07
906 8.485267e-08
907 5.409918e-08
908 3.635188e-08
909 0.000000e+00
910 0.000000e+00
911 0.000000e+00
912 0.000000e+00
913 0.000000e+00
914 0.000000e+00
915 1.180157e-06
916 8.624227e-07
917 6.401853e-07
918 4.064801e-07
919 2.465416e-07
920 1.457533e-07
921 8.871073e-08
922 5.654627e-08
923 3.798991e-08
924 0.000000e+00
925 0.000000e+00
926 0.000000e+00
927 0.000000e+00
928 0.000000e+00
929 0.000000e+00
930 1.228355e-06
931 8.976610e-07
932 6.663768e-07
933 4.233644e-07
934 2.567471e-07
935 1.517774e-07
936 9.236857e-08
937 5.886643e-08
938 3.954290e-08
939 0.000000e+00
940 0.000000e+00
941 0.000000e+00
942 0.000000e+00
943 0.000000e+00
944 0.000000e+00
945 1.284582e-06
946 9.387711e-07
947 6.969304e-07
948 4.430627e-07
949 2.686528e-07
950 1.588058e-07
951 9.663622e-08
952 6.157305e-08
953 4.135482e-08
954 0.000000e+00
955 0.000000e+00
956 0.000000e+00
957 0.000000e+00
958 0.000000e+00
959 0.000000e+00
960 3.377368e-07
961 2.690098e-07
962 1.951431e-07
963 1.463405e-07
964 9.055917e-08
965 5.542966e-08
966 3.221810e-08
967 1.926455e-08
968 1.207219e-08
969 7.992325e-09
970 0.000000e+00
971 0.000000e+00
972 0.000000e+00
973 0.000000e+00
974 0.000000e+00
975 5.234009e-07
976 4.197003e-07
977 3.047385e-07
978 2.283183e-07
979 1.430918e-07
980 8.724736e-08
981 5.067581e-08
982 3.026109e-08
983 1.889581e-08
984 1.247403e-08
985 0.000000e+00
986 0.000000e+00
987 0.000000e+00
988 0.000000e+00
989 0.000000e+00
990 6.446523e-07
991 5.182695e-07
992 3.764523e-07
993 2.819410e-07
994 1.775545e-07
995 1.080949e-07
996 6.277008e-08
997 3.746573e-08
998 2.336323e-08
999 1.540618e-08
1000 0.000000e+00
1001 0.000000e+00
1002 0.000000e+00
1003 0.000000e+00
1004 0.000000e+00
1005 7.380782e-07
1006 5.941846e-07
1007 4.316784e-07
1008 3.232399e-07
1009 2.040786e-07
1010 1.241427e-07
1011 7.208078e-08
1012 4.301263e-08
1013 2.680317e-08
1014 1.766433e-08
1015 0.000000e+00
1016 0.000000e+00
1017 0.000000e+00
1018 0.000000e+00
1019 0.000000e+00
1020 8.138067e-07
1021 6.557147e-07
1022 4.764423e-07
1023 3.567131e-07
1024 2.255786e-07
1025 1.371515e-07
1026 7.962790e-08
1027 4.750847e-08
1028 2.959155e-08
1029 1.949458e-08
1030 0.000000e+00
1031 0.000000e+00
1032 0.000000e+00
1033 0.000000e+00
1034 0.000000e+00
1035 8.798796e-07
1036 7.094059e-07
1037 5.155054e-07
1038 3.859212e-07
1039 2.443380e-07
1040 1.485020e-07
1041 8.621291e-08
1042 5.143163e-08
1043 3.202459e-08
1044 2.109182e-08
1045 0.000000e+00
1046 0.000000e+00
1047 0.000000e+00
1048 0.000000e+00
1049 0.000000e+00
1050 9.425372e-07
1051 7.603219e-07
1052 5.525443e-07
1053 4.136177e-07
1054 2.621260e-07
1055 1.592661e-07
1056 9.245760e-08
1057 5.515162e-08
1058 3.433171e-08
1059 2.260630e-08
1060 0.000000e+00
1061 0.000000e+00
1062 0.000000e+00
1063 0.000000e+00
1064 0.000000e+00
1065 1.015636e-06
1066 8.197243e-07
1067 5.957589e-07
1068 4.459347e-07
1069 2.828803e-07
1070 1.718247e-07
1071 9.974299e-08
1072 5.949215e-08
1073 3.702345e-08
1074 2.437330e-08
1075 0.000000e+00
1076 0.000000e+00
1077 0.000000e+00
1078 0.000000e+00
1079 0.000000e+00
1080 1.999431e-07
1081 1.818603e-07
1082 1.401220e-07
1083 1.013286e-07
1084 7.593181e-08
1085 4.389864e-08
1086 2.690640e-08
1087 1.551277e-08
1088 9.172490e-09
1089 5.706303e-09
1090 0.000000e+00
1091 0.000000e+00
1092 0.000000e+00
1093 0.000000e+00
1094 0.000000e+00
1095 3.301646e-07
1096 3.016024e-07
1097 2.333155e-07
1098 1.686172e-07
1099 1.265381e-07
1100 7.355495e-08
1101 4.520004e-08
1102 2.599913e-08
1103 1.531953e-08
1104 9.509007e-09
1105 0.000000e+00
1106 0.000000e+00
1107 0.000000e+00
1108 0.000000e+00
1109 0.000000e+00
1110 4.304582e-07
1111 3.938780e-07
1112 3.051687e-07
1113 2.204958e-07
1114 1.655570e-07
1115 9.644192e-08
1116 5.931924e-08
1117 3.409117e-08
1118 2.006097e-08
1119 1.244134e-08
1120 0.000000e+00
1121 0.000000e+00
1122 0.000000e+00
1123 0.000000e+00
1124 0.000000e+00
1125 5.117040e-07
1126 4.686215e-07
1127 3.633708e-07
1128 2.625190e-07
1129 1.971621e-07
1130 1.149800e-07
1131 7.075581e-08
1132 4.064577e-08
1133 2.390148e-08
1134 1.481659e-08
1135 0.000000e+00
1136 0.000000e+00
1137 0.000000e+00
1138 0.000000e+00
1139 0.000000e+00
1140 5.825931e-07
1141 5.338442e-07
1142 4.141569e-07
1143 2.991883e-07
1144 2.247413e-07
1145 1.311564e-07
1146 8.073552e-08
1147 4.636536e-08
1148 2.725273e-08
1149 1.688915e-08
1150 0.000000e+00
1151 0.000000e+00
1152 0.000000e+00
1153 0.000000e+00
1154 0.000000e+00
1155 6.498153e-07
1156 5.956895e-07
1157 4.623154e-07
1158 3.339587e-07
1159 2.508932e-07
1160 1.464958e-07
1161 9.019845e-08
1162 5.178885e-08
1163 3.043051e-08
1164 1.885441e-08
1165 0.000000e+00
1166 0.000000e+00
1167 0.000000e+00
1168 0.000000e+00
1169 0.000000e+00
1170 7.282429e-07
1171 6.678429e-07
1172 5.184992e-07
1173 3.745250e-07
1174 2.814025e-07
1175 1.643916e-07
1176 1.012386e-07
1177 5.811610e-08
1178 3.413803e-08
1179 2.114735e-08
1180 0.000000e+00
1181 0.000000e+00
1182 0.000000e+00
1183 0.000000e+00
1184 0.000000e+00
1185 1.319297e-07
1186 1.302316e-07
1187 1.095227e-07
1188 8.000855e-08
1189 5.943522e-08
1190 4.040215e-08
1191 2.383919e-08
1192 1.358291e-08
1193 7.852436e-09
1194 4.640033e-09
1195 2.906399e-09
1196 0.000000e+00
1197 0.000000e+00
1198 0.000000e+00
1199 0.000000e+00
1200 2.308518e-07
1201 2.285201e-07
1202 1.928917e-07
1203 1.411529e-07
1204 1.046879e-07
1205 7.165806e-08
1206 4.207524e-08
1207 2.400633e-08
1208 1.389696e-08
1209 8.197182e-09
1210 5.124076e-09
1211 0.000000e+00
1212 0.000000e+00
1213 0.000000e+00
1214 0.000000e+00
1215 3.121588e-07
1216 3.093376e-07
1217 2.614761e-07
1218 1.914677e-07
1219 1.419174e-07
1220 9.739270e-08
1221 5.708177e-08
1222 3.258597e-08
1223 1.887237e-08
1224 1.112472e-08
1225 6.948831e-09
1226 0.000000e+00
1227 0.000000e+00
1228 0.000000e+00
1229 0.000000e+00
1230 3.830364e-07
1231 3.797871e-07
1232 3.212579e-07
1233 2.353243e-07
1234 1.743681e-07
1235 1.198260e-07
1236 7.016224e-08
1237 4.006463e-08
1238 2.320936e-08
1239 1.367665e-08
1240 8.539347e-09
1241 0.000000e+00
1242 0.000000e+00
1243 0.000000e+00
1244 0.000000e+00
1245 4.502508e-07
1246 4.465902e-07
1247 3.779498e-07
1248 2.769137e-07
1249 2.051422e-07
1250 1.410989e-07
1251 8.256671e-08
1252 4.715679e-08
1253 2.732219e-08
1254 1.609665e-08
1255 1.004768e-08
1256 0.000000e+00
1257 0.000000e+00
1258 0.000000e+00
1259 0.000000e+00
1260 5.286604e-07
1261 5.245263e-07
1262 4.440879e-07
1263 3.254350e-07
1264 2.410438e-07
1265 1.659154e-07
1266 9.703817e-08
1267 5.543014e-08
1268 3.212008e-08
1269 1.891980e-08
1270 1.180734e-08
1271 0.000000e+00
1272 0.000000e+00
1273 0.000000e+00
1274 0.000000e+00
1275 9.481549e-08
1276 9.872805e-08
1277 8.934802e-08
1278 6.835737e-08
1279 4.941130e-08
1280 3.701277e-08
1281 2.091447e-08
1282 1.263136e-08
1283 7.136924e-09
1284 4.122000e-09
1285 2.467650e-09
1286 0.000000e+00
1287 0.000000e+00
1288 0.000000e+00
1289 0.000000e+00
1290 1.732737e-07
1291 1.807979e-07
1292 1.641242e-07
1293 1.259065e-07
1294 9.095253e-08
1295 6.823563e-08
1296 3.866667e-08
1297 2.342856e-08
1298 1.320809e-08
1299 7.610220e-09
1300 4.546996e-09
1301 0.000000e+00
1302 0.000000e+00
1303 0.000000e+00
1304 0.000000e+00
1305 2.423109e-07
1306 2.530297e-07
1307 2.299558e-07
1308 1.765863e-07
1309 1.275340e-07
1310 9.573369e-08
1311 5.430793e-08
1312 3.294452e-08
1313 1.855786e-08
1314 1.068291e-08
1315 6.378279e-09
1316 0.000000e+00
1317 0.000000e+00
1318 0.000000e+00
1319 0.000000e+00
1320 3.077145e-07
1321 3.214567e-07
1322 2.923202e-07
1323 2.245978e-07
1324 1.621895e-07
1325 1.217834e-07
1326 6.912453e-08
1327 4.195865e-08
1328 2.362553e-08
1329 1.359360e-08
1330 8.113102e-09
1331 0.000000e+00
1332 0.000000e+00
1333 0.000000e+00
1334 0.000000e+00
1335 3.840186e-07
1336 4.012885e-07
1337 3.650795e-07
1338 2.806088e-07
1339 2.026180e-07
1340 1.521733e-07
1341 8.641010e-08
1342 5.247514e-08
1343 2.953771e-08
1344 1.698939e-08
1345 1.013700e-08
1346 0.000000e+00
1347 0.000000e+00
1348 0.000000e+00
1349 0.000000e+00
1350 7.248775e-08
1351 7.846322e-08
1352 7.524302e-08
1353 6.097797e-08
1354 4.399221e-08
1355 3.316366e-08
1356 2.071834e-08
1357 1.270218e-08
1358 7.051884e-09
1359 3.883172e-09
1360 2.244254e-09
1361 1.364790e-09
1362 0.000000e+00
1363 0.000000e+00
1364 0.000000e+00
1365 1.382979e-07
1366 1.499421e-07
1367 1.441474e-07
1368 1.171622e-07
1369 8.458024e-08
1370 6.370057e-08
1371 4.006391e-08
1372 2.449136e-08
1373 1.359968e-08
1374 7.492418e-09
1375 4.320365e-09
1376 2.621631e-09
1377 0.000000e+00
1378 0.000000e+00
1379 0.000000e+00
1380 2.008663e-07
1381 2.179078e-07
1382 2.096765e-07
1383 1.706048e-07
1384 1.231911e-07
1385 9.274672e-08
1386 5.847395e-08
1387 3.570764e-08
1388 1.982939e-08
1389 1.092680e-08
1390 6.295499e-09
1391 3.817140e-09
1392 0.000000e+00
1393 0.000000e+00
1394 0.000000e+00
1395 2.738232e-07
1396 2.971574e-07
1397 2.860829e-07
1398 2.329181e-07
1399 1.682098e-07
1400 1.266139e-07
1401 7.993953e-08
1402 4.878544e-08
1403 2.709301e-08
1404 1.493107e-08
1405 8.598424e-09
1406 5.211087e-09
1407 0.000000e+00
1408 0.000000e+00
1409 0.000000e+00
1410 5.890095e-08
1411 6.573753e-08
1412 6.604022e-08
1413 5.672676e-08
1414 4.181314e-08
1415 3.079690e-08
1416 2.169605e-08
1417 1.237876e-08
1418 6.969042e-09
1419 3.943425e-09
1420 2.193498e-09
1421 1.279268e-09
1422 0.000000e+00
1423 0.000000e+00
1424 0.000000e+00
1425 1.177865e-07
1426 1.316429e-07
1427 1.325325e-07
1428 1.141784e-07
1429 8.430448e-08
1430 6.201469e-08
1431 4.389734e-08
1432 2.496319e-08
1433 1.408429e-08
1434 7.968462e-09
1435 4.429982e-09
1436 2.578488e-09
1437 0.000000e+00
1438 0.000000e+00
1439 0.000000e+00
1440 1.863424e-07
1441 2.083750e-07
1442 2.099534e-07
1443 1.810770e-07
1444 1.337852e-07
1445 9.836625e-08
1446 6.975284e-08
1447 3.961803e-08
1448 2.237092e-08
1449 1.265588e-08
1450 7.034555e-09
1451 4.091403e-09
1452 0.000000e+00
1453 0.000000e+00
1454 0.000000e+00
1455 5.126769e-08
1456 5.875107e-08
1457 6.140978e-08
1458 5.579667e-08
1459 4.278983e-08
1460 3.090527e-08
1461 2.321291e-08
1462 1.301396e-08
1463 7.784243e-09
1464 4.264829e-09
1465 2.351102e-09
1466 1.312772e-09
1467 0.000000e+00
1468 0.000000e+00
1469 0.000000e+00
1470 1.143050e-07
1471 1.311614e-07
1472 1.373638e-07
1473 1.251702e-07
1474 9.624103e-08
1475 6.947138e-08
1476 5.225229e-08
1477 2.938321e-08
1478 1.763657e-08
1479 9.644466e-09
1480 5.304141e-09
1481 2.955578e-09
1482 0.000000e+00
1483 0.000000e+00
1484 0.000000e+00
1485 5.353953e-08
1486 6.291165e-08
1487 6.821331e-08
1488 6.548745e-08
1489 5.309869e-08
1490 3.831376e-08
1491 2.890369e-08
1492 1.797186e-08
1493 1.093720e-08
1494 5.935192e-09
1495 3.126126e-09
1496 1.686625e-09
1497 9.392588e-10
1498 0.000000e+00
1499 0.000000e+00
1500 1.109684e-04
1501 8.086786e-05
1502 6.035546e-05
1503 3.805236e-05
1504 2.321989e-05
1505 1.369104e-05
1506 8.324421e-06
1507 5.304277e-06
1508 3.565556e-06
1509 0.000000e+00
1510 0.000000e+00
1511 0.000000e+00
1512 0.000000e+00
1513 0.000000e+00
1514 0.000000e+00
1515 5.757601e-05
1516 4.644359e-05
1517 3.369791e-05
1518 2.528332e-05
1519 1.597668e-05
1520 9.754545e-06
1521 5.648866e-06
1522 3.364481e-06
1523 2.093966e-06
1524 1.379138e-06
1525 0.000000e+00
1526 0.000000e+00
1527 0.000000e+00
1528 0.000000e+00
1529 0.000000e+00
1530 4.047788e-05
1531 3.713775e-05
1532 2.882267e-05
1533 2.080348e-05
1534 1.566222e-05
1535 9.111532e-06
1536 5.625604e-06
1537 3.225263e-06
1538 1.896511e-06
1539 1.174730e-06
1540 0.000000e+00
1541 0.000000e+00
1542 0.000000e+00
1543 0.000000e+00
1544 0.000000e+00
1545 2.912801e-05
1546 2.891312e-05
1547 2.448503e-05
1548 1.793535e-05
1549 1.328396e-05
1550 9.154542e-06
1551 5.351144e-06
1552 3.053081e-06
1553 1.771954e-06
1554 1.042590e-06
1555 6.506122e-07
1556 0.000000e+00
1557 0.000000e+00
1558 0.000000e+00
1559 0.000000e+00
1560 2.085098e-05
1561 2.179680e-05
1562 1.983793e-05
1563 1.524768e-05
1564 1.100576e-05
1565 8.274949e-06
1566 4.689296e-06
1567 2.850415e-06
1568 1.602925e-06
1569 9.233707e-07
1570 5.506294e-07
1571 0.000000e+00
1572 0.000000e+00
1573 0.000000e+00
1574 0.000000e+00
1575 1.487210e-05
1576 1.614453e-05
1577 1.554949e-05
1578 1.266314e-05
1579 9.143013e-06
1580 6.883420e-06
1581 4.347301e-06
1582 2.655947e-06
1583 1.474901e-06
1584 8.112783e-07
1585 4.673052e-07
1586 2.832009e-07
1587 0.000000e+00
1588 0.000000e+00
1589 0.000000e+00
1590 1.001028e-05
1591 1.119728e-05
1592 1.128693e-05
1593 9.739022e-06
1594 7.195644e-06
1595 5.289411e-06
1596 3.755371e-06
1597 2.130464e-06
1598 1.202339e-06
1599 6.811759e-07
1600 3.783133e-07
1601 2.200058e-07
1602 0.000000e+00
1603 0.000000e+00
1604 0.000000e+00
1605 6.201116e-06
1606 7.118100e-06
1607 7.458527e-06
1608 6.801106e-06
1609 5.231433e-06
1610 3.775220e-06
1611 2.841823e-06
1612 1.597077e-06
1613 9.596537e-07
1614 5.242846e-07
1615 2.885232e-07
1616 1.606418e-07
1617 0.000000e+00
1618 0.000000e+00
1619 0.000000e+00
1620 3.163407e-06
1621 3.720115e-06
1622 4.038202e-06
1623 3.883392e-06
1624 3.154630e-06
1625 2.276770e-06
1626 1.716871e-06
1627 1.071974e-06
1628 6.518364e-07
1629 3.538249e-07
1630 1.861971e-07
1631 1.003484e-07
1632 5.578990e-08
1633 0.000000e+00
1634 0.000000e+00
1635 8.891198e-07
1636 1.072208e-06
1637 1.206146e-06
1638 1.224576e-06
1639 1.066696e-06
1640 7.933436e-07
1641 5.815894e-07
1642 4.169104e-07
1643 2.343421e-07
1644 1.314261e-07
1645 7.164692e-08
1646 3.730540e-08
1647 1.958823e-08
1648 0.000000e+00
1649 0.000000e+00
