0 2.288861e-09
1 1.489906e-09
2 9.379064e-10
3 5.903935e-10
4 3.790856e-10
5 2.491636e-10
6 1.656250e-10
7 1.088334e-10
8 6.906289e-11
9 4.157167e-11
10 2.349666e-11
11 1.244814e-11
12 6.221147e-12
13 2.965668e-12
14 1.365341e-12
15 3.859136e-09
16 2.570682e-09
17 1.636753e-09
18 1.020453e-09
19 6.447189e-10
20 4.170107e-10
21 2.756148e-10
22 1.827337e-10
23 1.185712e-10
24 7.366854e-11
25 4.315114e-11
26 2.367550e-11
27 1.219320e-11
28 5.947879e-12
29 2.781794e-12
30 4.440093e-09
31 2.978983e-09
32 1.908230e-09
33 1.189116e-09
34 7.480720e-10
35 4.811734e-10
36 3.168517e-10
37 2.101855e-10
38 1.370297e-10
39 8.583088e-11
40 5.080565e-11
41 2.819057e-11
42 1.466822e-11
43 7.215794e-12
44 3.395201e-12
45 4.762644e-09
46 3.205920e-09
47 2.059317e-09
48 1.283144e-09
49 8.056818e-10
50 5.169177e-10
51 3.398476e-10
52 2.254095e-10
53 1.472773e-10
54 9.258461e-11
55 5.505464e-11
56 3.069540e-11
57 1.604709e-11
58 7.923608e-12
59 3.738451e-12
60 4.978930e-09
61 3.358323e-09
62 2.160632e-09
63 1.346238e-09
64 8.443211e-10
65 5.409635e-10
66 3.552917e-10
67 2.356736e-10
68 1.541465e-10
69 9.712518e-11
70 5.792362e-11
71 3.239224e-11
72 1.697541e-11
73 8.399392e-12
74 3.969991e-12
75 5.141359e-09
76 3.472383e-09
77 2.236709e-09
78 1.393504e-09
79 8.733206e-10
80 5.589924e-10
81 3.668527e-10
82 2.433490e-10
83 1.593432e-10
84 1.005493e-10
85 6.006143e-11
86 3.365271e-11
87 1.767110e-11
88 8.756677e-12
89 4.142719e-12
90 5.272850e-09
91 3.565084e-09
92 2.298306e-09
93 1.432105e-09
94 8.969278e-10
95 5.735850e-10
96 3.762625e-10
97 2.495978e-10
98 1.635501e-10
99 1.033149e-10
100 6.181263e-11
101 3.468502e-11
102 1.823715e-11
103 9.047153e-12
104 4.283603e-12
105 5.388720e-09
106 3.646177e-09
107 2.352761e-09
108 1.465929e-09
109 9.175743e-10
110 5.864262e-10
111 3.844856e-10
112 2.550677e-10
113 1.671576e-10
114 1.056995e-10
115 6.330917e-11
116 3.558208e-11
117 1.873366e-11
118 9.301962e-12
119 4.403910e-12
120 5.498407e-09
121 3.723745e-09
122 2.404347e-09
123 1.497914e-09
124 9.371889e-10
125 5.985673e-10
126 3.922551e-10
127 2.602568e-10
128 1.706993e-10
129 1.080330e-10
130 6.478952e-11
131 3.644102e-11
132 1.920246e-11
133 9.542773e-12
134 4.524024e-12
135 5.623691e-09
136 3.811487e-09
137 2.463408e-09
138 1.534744e-09
139 9.597054e-10
140 6.126026e-10
141 4.012846e-10
142 2.661734e-10
143 1.747190e-10
144 1.107023e-10
145 6.646118e-11
146 3.742824e-11
147 1.974542e-11
148 9.819541e-12
149 4.658162e-12
150 7.936920e-09
151 5.467748e-09
152 3.593741e-09
153 2.247082e-09
154 1.393197e-09
155 8.781045e-10
156 5.691025e-10
157 3.764258e-10
158 2.488347e-10
159 1.602318e-10
160 9.833520e-11
161 5.672960e-11
162 3.061420e-11
163 1.551479e-11
164 7.461841e-12
165 1.003896e-08
166 7.005067e-09
167 4.670733e-09
168 2.951651e-09
169 1.821306e-09
170 1.138529e-09
171 7.298212e-10
172 4.795350e-10
173 3.174024e-10
174 2.062565e-10
175 1.285567e-10
176 7.560681e-11
177 4.162864e-11
178 2.148424e-11
179 1.048178e-11
180 1.128285e-08
181 7.921211e-09
182 5.314151e-09
183 3.377137e-09
184 2.081262e-09
185 1.296698e-09
186 8.268051e-10
187 5.413927e-10
188 3.583026e-10
189 2.336943e-10
190 1.466194e-10
191 8.694741e-11
192 4.830446e-11
193 2.513895e-11
194 1.234948e-11
195 1.212374e-08
196 8.542062e-09
197 5.750746e-09
198 3.665983e-09
199 2.258181e-09
200 1.404105e-09
201 8.926150e-10
202 5.834302e-10
203 3.860595e-10
204 2.522962e-10
205 1.588648e-10
206 9.465182e-11
207 5.284630e-11
208 2.762830e-11
209 1.362291e-11
210 1.275411e-08
211 9.007373e-09
212 6.078528e-09
213 3.882119e-09
214 2.390771e-09
215 1.484716e-09
216 9.420793e-10
217 6.148628e-10
218 4.068181e-10
219 2.662094e-10
220 1.680168e-10
221 1.004182e-10
222 5.624482e-11
223 2.948816e-11
224 1.457607e-11
225 1.326659e-08
226 9.384727e-09
227 6.343307e-09
228 4.058154e-09
229 2.498164e-09
230 1.550006e-09
231 9.820473e-10
232 6.404041e-10
233 4.236897e-10
234 2.775031e-10
235 1.754578e-10
236 1.050788e-10
237 5.898931e-11
238 3.099668e-11
239 1.534749e-11
240 1.371096e-08
241 9.712823e-09
242 6.574620e-09
243 4.211266e-09
244 2.592231e-09
245 1.607110e-09
246 1.016932e-09
247 6.625567e-10
248 4.384121e-10
249 2.873637e-10
250 1.819487e-10
251 1.091581e-10
252 6.139829e-11
253 3.231685e-11
254 1.601805e-11
255 1.413515e-08
256 1.002568e-08
257 6.795092e-09
258 4.357354e-09
259 2.681257e-09
260 1.661170e-09
261 1.050148e-09
262 6.836970e-10
263 4.523991e-10
264 2.967339e-10
265 1.881180e-10
266 1.130435e-10
267 6.368505e-11
268 3.356657e-11
269 1.666146e-11
270 1.462777e-08
271 1.038903e-08
272 7.050420e-09
273 4.526000e-09
274 2.784361e-09
275 1.724294e-09
276 1.088992e-09
277 7.084096e-10
278 4.686138e-10
279 3.076076e-10
280 1.952921e-10
281 1.175553e-10
282 6.633646e-11
283 3.502222e-11
284 1.740608e-11
285 1.367547e-08
286 9.734719e-09
287 6.613734e-09
288 4.269478e-09
289 2.632794e-09
290 1.630210e-09
291 1.027609e-09
292 6.663654e-10
293 4.394616e-10
294 2.879997e-10
295 1.828864e-10
296 1.103517e-10
297 6.253708e-11
298 3.318516e-11
299 1.657293e-11
300 1.609836e-08
301 1.159246e-08
302 7.948574e-09
303 5.189947e-09
304 3.213386e-09
305 1.979942e-09
306 1.238354e-09
307 7.967219e-10
308 5.234254e-10
309 3.437760e-10
310 2.200171e-10
311 1.343559e-10
312 7.723943e-11
313 4.159234e-11
314 2.104413e-11
315 1.778229e-08
316 1.289384e-08
317 8.886907e-09
318 5.839821e-09
319 3.626977e-09
320 2.228432e-09
321 1.388411e-09
322 8.891948e-10
323 5.826962e-10
324 3.829998e-10
325 2.461047e-10
326 1.512545e-10
327 8.763167e-11
328 4.756674e-11
329 2.424078e-11
330 1.905170e-08
331 1.387509e-08
332 9.592543e-09
333 6.327235e-09
334 3.938420e-09
335 2.415905e-09
336 1.501442e-09
337 9.588649e-10
338 6.274482e-10
339 4.125528e-10
340 2.657370e-10
341 1.639705e-10
342 9.545643e-11
343 5.206963e-11
344 2.665220e-11
345 2.008037e-08
346 1.467038e-08
347 1.016748e-08
348 6.725594e-09
349 4.191237e-09
350 2.568070e-09
351 1.593098e-09
352 1.015366e-09
353 6.635700e-10
354 4.364690e-10
355 2.816678e-10
356 1.742894e-10
357 1.018023e-10
358 5.572238e-11
359 2.860898e-11
360 2.097842e-08
361 1.536510e-08
362 1.066891e-08
363 7.071207e-09
364 4.411529e-09
365 2.700923e-09
366 1.673064e-09
367 1.064636e-09
368 6.951453e-10
369 4.573783e-10
370 2.955573e-10
371 1.832863e-10
372 1.073374e-10
373 5.890491e-11
374 3.031321e-11
375 2.182761e-08
376 1.602154e-08
377 1.114188e-08
378 7.399223e-09
379 4.619901e-09
380 2.826498e-09
381 1.748833e-09
382 1.111271e-09
383 7.250499e-10
384 4.771654e-10
385 3.087269e-10
386 1.918128e-10
387 1.125810e-10
388 6.192095e-11
389 3.192803e-11
390 2.282030e-08
391 1.678985e-08
392 1.169548e-08
393 7.782297e-09
394 4.864186e-09
395 2.974020e-09
396 1.837739e-09
397 1.166068e-09
398 7.600424e-10
399 5.003568e-10
400 3.241457e-10
401 2.018032e-10
402 1.187281e-10
403 6.545205e-11
404 3.381988e-11
405 1.969320e-08
406 1.443778e-08
407 1.002255e-08
408 6.645482e-09
409 4.161206e-09
410 2.548654e-09
411 1.580416e-09
412 1.004574e-09
413 6.546720e-10
414 4.298889e-10
415 2.773442e-10
416 1.718616e-10
417 1.006897e-10
418 5.534560e-11
419 2.854887e-11
420 2.236640e-08
421 1.659170e-08
422 1.160961e-08
423 7.762811e-09
424 4.903081e-09
425 2.995450e-09
426 1.849316e-09
427 1.166658e-09
428 7.559278e-10
429 4.956921e-10
430 3.209718e-10
431 2.004730e-10
432 1.187225e-10
433 6.605008e-11
434 3.447442e-11
435 2.440434e-08
436 1.824539e-08
437 1.282951e-08
438 8.625313e-09
439 5.476948e-09
440 3.342469e-09
441 2.058461e-09
442 1.292323e-09
443 8.343864e-10
444 5.464896e-10
445 3.545951e-10
446 2.225209e-10
447 1.326404e-10
448 7.433786e-11
449 3.908038e-11
450 2.607096e-08
451 1.959023e-08
452 1.382582e-08
453 9.328309e-09
454 5.944276e-09
455 3.626035e-09
456 2.228567e-09
457 1.394863e-09
458 8.980370e-10
459 5.878155e-10
460 3.819421e-10
461 2.404522e-10
462 1.439610e-10
463 8.107938e-11
464 4.282890e-11
465 2.751937e-08
466 2.076573e-08
467 1.469499e-08
468 9.939673e-09
469 6.352253e-09
470 3.873433e-09
471 2.376904e-09
472 1.484152e-09
473 9.538028e-10
474 6.239047e-10
475 4.058126e-10
476 2.561050e-10
477 1.538442e-10
478 8.696750e-11
479 4.610305e-11
480 2.888952e-08
481 2.187256e-08
482 1.551629e-08
483 1.051856e-08
484 6.738523e-09
485 4.107048e-09
486 2.517580e-09
487 1.568556e-09
488 1.006424e-09
489 6.580048e-10
490 4.284050e-10
491 2.709156e-10
492 1.631922e-10
493 9.252914e-11
494 4.919451e-11
495 3.049406e-08
496 2.317144e-08
497 1.647635e-08
498 1.119683e-08
499 7.189803e-09
500 4.380488e-09
501 2.681933e-09
502 1.667537e-09
503 1.068044e-09
504 6.979226e-10
505 4.548070e-10
506 2.882089e-10
507 1.741219e-10
508 9.904369e-11
509 5.281709e-11
510 2.603470e-08
511 1.964021e-08
512 1.389971e-08
513 9.390963e-09
514 6.010595e-09
515 3.672376e-09
516 2.255708e-09
517 1.408536e-09
518 9.045114e-10
519 5.907746e-10
520 3.835842e-10
521 2.416958e-10
522 1.450514e-10
523 8.199206e-11
524 4.350250e-11
525 2.896062e-08
526 2.210304e-08
527 1.576942e-08
528 1.072643e-08
529 6.925347e-09
530 4.239097e-09
531 2.594925e-09
532 1.609786e-09
533 1.027514e-09
534 6.688081e-10
535 4.346751e-10
536 2.752888e-10
537 1.665767e-10
538 9.511809e-11
539 5.100857e-11
540 3.136506e-08
541 2.413237e-08
542 1.731411e-08
543 1.183301e-08
544 7.683157e-09
545 4.711614e-09
546 2.876580e-09
547 1.777275e-09
548 1.129353e-09
549 7.334179e-10
550 4.769027e-10
551 3.030343e-10
552 1.843627e-10
553 1.059793e-10
554 5.723422e-11
555 3.346237e-08
556 2.590406e-08
557 1.866528e-08
558 1.279799e-08
559 8.345373e-09
560 5.123507e-09
561 3.122943e-09
562 1.923749e-09
563 1.218580e-09
564 7.898675e-10
565 5.137808e-10
566 3.272621e-10
567 1.998943e-10
568 1.154650e-10
569 6.267259e-11
570 3.545164e-08
571 2.758493e-08
572 1.994711e-08
573 1.371476e-08
574 8.974725e-09
575 5.515311e-09
576 3.356994e-09
577 2.062708e-09
578 1.303251e-09
579 8.434732e-10
580 5.488163e-10
581 3.502762e-10
582 2.146464e-10
583 1.244757e-10
584 6.783918e-11
585 3.778275e-08
586 2.954946e-08
587 2.144463e-08
588 1.478537e-08
589 9.707452e-09
590 5.971973e-09
591 3.629840e-09
592 2.224681e-09
593 1.401905e-09
594 9.059284e-10
595 5.896267e-10
596 3.770922e-10
597 2.318384e-10
598 1.349753e-10
599 7.385896e-11
600 3.279959e-08
601 2.543070e-08
602 1.835590e-08
603 1.259235e-08
604 8.222522e-09
605 5.063986e-09
606 3.085241e-09
607 1.899931e-09
608 1.201934e-09
609 7.777539e-10
610 5.051944e-10
611 3.215705e-10
612 1.964621e-10
613 1.136190e-10
614 6.179943e-11
615 3.605083e-08
616 2.827468e-08
617 2.058669e-08
618 1.421103e-08
619 9.350616e-09
620 5.790402e-09
621 3.516287e-09
622 2.155716e-09
623 1.354867e-09
624 8.725916e-10
625 5.662080e-10
626 3.614876e-10
627 2.222494e-10
628 1.296439e-10
629 7.120722e-11
630 3.890949e-08
631 3.078142e-08
632 2.255990e-08
633 1.564158e-08
634 1.034958e-08
635 6.434856e-09
636 3.899410e-09
637 2.383035e-09
638 1.490808e-09
639 9.566090e-10
640 6.201689e-10
641 3.967557e-10
642 2.450312e-10
643 1.438110e-10
644 7.953604e-11
645 4.161977e-08
646 3.315865e-08
647 2.443111e-08
648 1.700134e-08
649 1.129785e-08
650 7.046917e-09
651 4.262957e-09
652 2.599098e-09
653 1.619740e-09
654 1.036363e-09
655 6.713940e-10
656 4.302312e-10
657 2.666526e-10
658 1.572568e-10
659 8.744056e-11
660 4.479422e-08
661 3.593631e-08
662 2.661793e-08
663 1.858820e-08
664 1.240407e-08
665 7.761357e-09
666 4.687729e-09
667 2.850933e-09
668 1.770205e-09
669 1.129455e-09
670 7.311580e-10
671 4.692917e-10
672 2.918849e-10
673 1.729479e-10
674 9.666644e-11
675 4.020724e-08
676 3.201474e-08
677 2.359909e-08
678 1.642379e-08
679 1.090881e-08
680 6.820370e-09
681 4.128902e-09
682 2.519751e-09
683 1.569625e-09
684 1.003322e-09
685 6.490612e-10
686 4.152941e-10
687 2.571045e-10
688 1.515469e-10
689 8.429429e-11
690 4.395983e-08
691 3.540998e-08
692 2.636155e-08
693 1.846258e-08
694 1.234729e-08
695 7.777713e-09
696 4.701962e-09
697 2.860350e-09
698 1.769899e-09
699 1.124525e-09
700 7.254043e-10
701 4.647021e-10
702 2.890706e-10
703 1.716682e-10
704 9.635690e-11
705 4.752636e-08
706 3.865266e-08
707 2.899658e-08
708 2.041608e-08
709 1.372498e-08
710 8.695886e-09
711 5.252385e-09
712 3.187078e-09
713 1.962029e-09
714 1.240687e-09
715 7.985187e-10
716 5.119534e-10
717 3.196250e-10
718 1.909037e-10
719 1.079009e-10
720 5.170258e-08
721 4.244273e-08
722 3.207003e-08
723 2.269377e-08
724 1.533106e-08
725 9.767105e-09
726 5.894800e-09
727 3.568747e-09
728 2.186106e-09
729 1.376290e-09
730 8.837591e-10
731 5.670503e-10
732 3.552562e-10
733 2.133336e-10
734 1.213627e-10
735 4.870705e-08
736 3.983599e-08
737 3.005299e-08
738 2.124649e-08
739 1.432646e-08
740 9.124885e-09
741 5.521616e-09
742 3.346236e-09
743 2.052531e-09
744 1.292888e-09
745 8.295415e-10
746 5.312543e-10
747 3.320192e-10
748 1.988932e-10
749 1.129251e-10
750 5.333513e-08
751 4.417402e-08
752 3.370667e-08
753 2.401447e-08
754 1.629884e-08
755 1.047172e-08
756 6.348892e-09
757 3.835126e-09
758 2.336978e-09
759 1.461721e-09
760 9.333722e-10
761 5.972688e-10
762 3.744985e-10
763 2.258181e-10
764 1.293501e-10
765 5.875807e-08
766 4.926116e-08
767 3.797897e-08
768 2.725805e-08
769 1.861283e-08
770 1.205333e-08
771 7.322269e-09
772 4.410478e-09
773 2.671252e-09
774 1.660090e-09
775 1.055206e-09
776 6.746805e-10
777 4.242915e-10
778 2.573732e-10
779 1.486051e-10
780 5.926765e-08
781 4.989486e-08
782 3.867165e-08
783 2.787513e-08
784 1.908093e-08
785 1.240343e-08
786 7.571699e-09
787 4.553241e-09
788 2.753575e-09
789 1.705096e-09
790 1.079811e-09
791 6.886406e-10
792 4.327493e-10
793 2.628038e-10
794 1.521738e-10
795 6.637277e-08
796 5.678097e-08
797 4.468329e-08
798 3.258511e-08
799 2.248955e-08
800 1.477475e-08
801 9.087944e-09
802 5.443501e-09
803 3.271349e-09
804 2.006115e-09
805 1.259858e-09
806 8.002969e-10
807 5.036038e-10
808 3.076986e-10
809 1.798982e-10
810 7.616450e-08
811 6.661258e-08
812 5.365344e-08
813 3.989997e-08
814 2.790339e-08
815 1.859490e-08
816 1.163286e-08
817 6.950687e-09
818 4.152772e-09
819 2.508673e-09
820 1.551374e-09
821 9.752672e-10
822 6.119863e-10
823 3.757151e-10
824 2.221271e-10
825 5.077051e-07
826 3.708423e-07
827 2.747887e-07
828 1.711249e-07
829 1.042337e-07
830 6.174830e-08
831 3.770174e-08
832 2.418393e-08
833 1.632377e-08
834 0.000000e+00
835 0.000000e+00
836 0.000000e+00
837 0.000000e+00
838 0.000000e+00
839 0.000000e+00
840 7.609871e-07
841 5.559693e-07
842 4.124075e-07
843 2.596415e-07
844 1.577860e-07
845 9.335924e-08
846 5.689857e-08
847 3.636764e-08
848 2.448300e-08
849 0.000000e+00
850 0.000000e+00
851 0.000000e+00
852 0.000000e+00
853 0.000000e+00
854 0.000000e+00
855 9.034708e-07
856 6.601393e-07
857 4.898344e-07
858 3.095543e-07
859 1.879543e-07
860 1.111685e-07
861 6.771198e-08
862 4.322638e-08
863 2.907417e-08
864 0.000000e+00
865 0.000000e+00
866 0.000000e+00
867 0.000000e+00
868 0.000000e+00
869 0.000000e+00
870 9.993278e-07
871 7.302182e-07
872 5.419243e-07
873 3.431341e-07
874 2.082519e-07
875 1.231503e-07
876 7.498702e-08
877 4.784112e-08
878 3.216291e-08
879 0.000000e+00
880 0.000000e+00
881 0.000000e+00
882 0.000000e+00
883 0.000000e+00
884 0.000000e+00
885 1.071193e-06
886 7.827614e-07
887 5.809742e-07
888 3.683088e-07
889 2.234694e-07
890 1.321335e-07
891 8.044121e-08
892 5.130076e-08
893 3.447879e-08
894 0.000000e+00
895 0.000000e+00
896 0.000000e+00
897 0.000000e+00
898 0.000000e+00
899 0.000000e+00
900 1.129439e-06
901 8.253442e-07
902 6.126261e-07
903 3.887123e-07
904 2.358020e-07
905 1.394142e-07
906 8.486152e-08
907 5.410480e-08
908 3.635564e-08
909 0.000000e+00
910 0.000000e+00
911 0.000000e+00
912 0.000000e+00
913 0.000000e+00
914 0.000000e+00
915 1.180268e-06
916 8.625041e-07
917 6.402459e-07
918 4.065191e-07
919 2.465652e-07
920 1.457672e-07
921 8.871918e-08
922 5.655163e-08
923 3.799350e-08
924 0.000000e+00
925 0.000000e+00
926 0.000000e+00
927 0.000000e+00
928 0.000000e+00
929 0.000000e+00
930 1.228460e-06
931 8.977376e-07
932 6.664337e-07
933 4.234011e-07
934 2.567693e-07
935 1.517905e-07
936 9.237652e-08
937 5.887147e-08
938 3.954628e-08
939 0.000000e+00
940 0.000000e+00
941 0.000000e+00
942 0.000000e+00
943 0.000000e+00
944 0.000000e+00
945 1.284683e-06
946 9.388454e-07
947 6.969857e-07
948 4.430983e-07
949 2.686743e-07
950 1.588185e-07
951 9.664394e-08
952 6.157795e-08
953 4.135810e-08
954 0.000000e+00
955 0.000000e+00
956 0.000000e+00
957 0.000000e+00
958 0.000000e+00
959 0.000000e+00
960 3.395896e-07
961 2.705664e-07
962 1.962830e-07
963 1.471866e-07
964 9.113612e-08
965 5.577078e-08
966 3.241592e-08
967 1.938209e-08
968 1.214387e-08
969 8.038770e-09
970 0.000000e+00
971 0.000000e+00
972 0.000000e+00
973 0.000000e+00
974 0.000000e+00
975 5.202285e-07
976 4.171613e-07
977 3.028957e-07
978 2.269370e-07
979 1.422294e-07
980 8.672067e-08
981 5.036993e-08
982 3.007839e-08
983 1.878162e-08
984 1.239858e-08
985 0.000000e+00
986 0.000000e+00
987 0.000000e+00
988 0.000000e+00
989 0.000000e+00
990 6.448121e-07
991 5.183993e-07
992 3.765467e-07
993 2.820116e-07
994 1.775998e-07
995 1.081224e-07
996 6.278599e-08
997 3.747521e-08
998 2.336911e-08
999 1.541004e-08
1000 0.000000e+00
1001 0.000000e+00
1002 0.000000e+00
1003 0.000000e+00
1004 0.000000e+00
1005 7.382357e-07
1006 5.943126e-07
1007 4.317715e-07
1008 3.233096e-07
1009 2.041234e-07
1010 1.241698e-07
1011 7.209649e-08
1012 4.302199e-08
1013 2.680897e-08
1014 1.766814e-08
1015 0.000000e+00
1016 0.000000e+00
1017 0.000000e+00
1018 0.000000e+00
1019 0.000000e+00
1020 8.139596e-07
1021 6.558390e-07
1022 4.765327e-07
1023 3.567807e-07
1024 2.256220e-07
1025 1.371778e-07
1026 7.964314e-08
1027 4.751755e-08
1028 2.959718e-08
1029 1.949827e-08
1030 0.000000e+00
1031 0.000000e+00
1032 0.000000e+00
1033 0.000000e+00
1034 0.000000e+00
1035 8.800254e-07
1036 7.095243e-07
1037 5.155916e-07
1038 3.859857e-07
1039 2.443794e-07
1040 1.485270e-07
1041 8.622743e-08
1042 5.144028e-08
1043 3.202995e-08
1044 2.109535e-08
1045 0.000000e+00
1046 0.000000e+00
1047 0.000000e+00
1048 0.000000e+00
1049 0.000000e+00
1050 9.426736e-07
1051 7.604327e-07
1052 5.526249e-07
1053 4.136780e-07
1054 2.621647e-07
1055 1.592896e-07
1056 9.247120e-08
1057 5.515972e-08
1058 3.433673e-08
1059 2.260959e-08
1060 0.000000e+00
1061 0.000000e+00
1062 0.000000e+00
1063 0.000000e+00
1064 0.000000e+00
1065 1.015768e-06
1066 8.198310e-07
1067 5.958365e-07
1068 4.459927e-07
1069 2.829175e-07
1070 1.718473e-07
1071 9.975607e-08
1072 5.949995e-08
1073 3.702828e-08
1074 2.437647e-08
1075 0.000000e+00
1076 0.000000e+00
1077 0.000000e+00
1078 0.000000e+00
1079 0.000000e+00
1080 2.007135e-07
1081 1.826155e-07
1082 1.407448e-07
1083 1.017756e-07
1084 7.627304e-08
1085 4.411545e-08
1086 2.704366e-08
1087 1.558943e-08
1088 9.215339e-09
1089 5.732032e-09
1090 0.000000e+00
1091 0.000000e+00
1092 0.000000e+00
1093 0.000000e+00
1094 0.000000e+00
1095 3.304250e-07
1096 3.018455e-07
1097 2.335066e-07
1098 1.687548e-07
1099 1.266418e-07
1100 7.361700e-08
1101 4.523843e-08
1102 2.602097e-08
1103 1.533223e-08
1104 9.516809e-09
1105 0.000000e+00
1106 0.000000e+00
1107 0.000000e+00
1108 0.000000e+00
1109 0.000000e+00
1110 4.306283e-07
1111 3.940345e-07
1112 3.052906e-07
1113 2.205838e-07
1114 1.656232e-07
1115 9.648075e-08
1116 5.934319e-08
1117 3.410490e-08
1118 2.006902e-08
1119 1.244631e-08
1120 0.000000e+00
1121 0.000000e+00
1122 0.000000e+00
1123 0.000000e+00
1124 0.000000e+00
1125 5.118675e-07
1126 4.687719e-07
1127 3.634880e-07
1128 2.626035e-07
1129 1.972257e-07
1130 1.150174e-07
1131 7.077884e-08
1132 4.065897e-08
1133 2.390921e-08
1134 1.482137e-08
1135 0.000000e+00
1136 0.000000e+00
1137 0.000000e+00
1138 0.000000e+00
1139 0.000000e+00
1140 5.827486e-07
1141 5.339873e-07
1142 4.142683e-07
1143 2.992682e-07
1144 2.248018e-07
1145 1.311919e-07
1146 8.075741e-08
1147 4.637790e-08
1148 2.726008e-08
1149 1.689370e-08
1150 0.000000e+00
1151 0.000000e+00
1152 0.000000e+00
1153 0.000000e+00
1154 0.000000e+00
1155 6.499630e-07
1156 5.958254e-07
1157 4.624212e-07
1158 3.340351e-07
1159 2.509506e-07
1160 1.465295e-07
1161 9.021925e-08
1162 5.180077e-08
1163 3.043750e-08
1164 1.885873e-08
1165 0.000000e+00
1166 0.000000e+00
1167 0.000000e+00
1168 0.000000e+00
1169 0.000000e+00
1170 7.283846e-07
1171 6.679733e-07
1172 5.186008e-07
1173 3.745984e-07
1174 2.814577e-07
1175 1.644239e-07
1176 1.012585e-07
1177 5.812754e-08
1178 3.414473e-08
1179 2.115149e-08
1180 0.000000e+00
1181 0.000000e+00
1182 0.000000e+00
1183 0.000000e+00
1184 0.000000e+00
1185 1.339757e-07
1186 1.322862e-07
1187 1.112895e-07
1188 8.131284e-08
1189 6.039483e-08
1190 4.108130e-08
1191 2.422869e-08
1192 1.380681e-08
1193 7.982791e-09
1194 4.716292e-09
1195 2.953603e-09
1196 0.000000e+00
1197 0.000000e+00
1198 0.000000e+00
1199 0.000000e+00
1200 2.311164e-07
1201 2.287845e-07
1202 1.931185e-07
1203 1.413201e-07
1204 1.048112e-07
1205 7.174467e-08
1206 4.212526e-08
1207 2.403512e-08
1208 1.391363e-08
1209 8.206960e-09
1210 5.130137e-09
1211 0.000000e+00
1212 0.000000e+00
1213 0.000000e+00
1214 0.000000e+00
1215 3.123233e-07
1216 3.095007e-07
1217 2.616149e-07
1218 1.915695e-07
1219 1.419927e-07
1220 9.744477e-08
1221 5.711213e-08
1222 3.260333e-08
1223 1.888243e-08
1224 1.113064e-08
1225 6.952522e-09
1226 0.000000e+00
1227 0.000000e+00
1228 0.000000e+00
1229 0.000000e+00
1230 3.831935e-07
1231 3.799432e-07
1232 3.213903e-07
1233 2.354215e-07
1234 1.744400e-07
1235 1.198757e-07
1236 7.019122e-08
1237 4.008120e-08
1238 2.321897e-08
1239 1.368230e-08
1240 8.542871e-09
1241 0.000000e+00
1242 0.000000e+00
1243 0.000000e+00
1244 0.000000e+00
1245 4.503977e-07
1246 4.467362e-07
1247 3.780737e-07
1248 2.770046e-07
1249 2.052095e-07
1250 1.411454e-07
1251 8.259382e-08
1252 4.717229e-08
1253 2.733118e-08
1254 1.610194e-08
1255 1.005098e-08
1256 0.000000e+00
1257 0.000000e+00
1258 0.000000e+00
1259 0.000000e+00
1260 5.288015e-07
1261 5.246659e-07
1262 4.442070e-07
1263 3.255223e-07
1264 2.411084e-07
1265 1.659601e-07
1266 9.706421e-08
1267 5.544503e-08
1268 3.212871e-08
1269 1.892488e-08
1270 1.181051e-08
1271 0.000000e+00
1272 0.000000e+00
1273 0.000000e+00
1274 0.000000e+00
1275 9.658171e-08
1276 1.005890e-07
1277 9.106070e-08
1278 6.968739e-08
1279 5.036961e-08
1280 3.773637e-08
1281 2.133008e-08
1282 1.288664e-08
1283 7.279533e-09
1284 4.203224e-09
1285 2.515777e-09
1286 0.000000e+00
1287 0.000000e+00
1288 0.000000e+00
1289 0.000000e+00
1290 1.735038e-07
1291 1.810403e-07
1292 1.643464e-07
1293 1.260785e-07
1294 9.107664e-08
1295 6.832921e-08
1296 3.872039e-08
1297 2.346148e-08
1298 1.322650e-08
1299 7.620716e-09
1300 4.553219e-09
1301 0.000000e+00
1302 0.000000e+00
1303 0.000000e+00
1304 0.000000e+00
1305 2.424635e-07
1306 2.531894e-07
1307 2.301014e-07
1308 1.766983e-07
1309 1.276149e-07
1310 9.579449e-08
1311 5.434252e-08
1312 3.296556e-08
1313 1.856968e-08
1314 1.068970e-08
1315 6.382329e-09
1316 0.000000e+00
1317 0.000000e+00
1318 0.000000e+00
1319 0.000000e+00
1320 3.078577e-07
1321 3.216065e-07
1322 2.924568e-07
1323 2.247029e-07
1324 1.622652e-07
1325 1.218404e-07
1326 6.915697e-08
1327 4.197839e-08
1328 2.363663e-08
1329 1.359998e-08
1330 8.116900e-09
1331 0.000000e+00
1332 0.000000e+00
1333 0.000000e+00
1334 0.000000e+00
1335 3.841561e-07
1336 4.014323e-07
1337 3.652105e-07
1338 2.807097e-07
1339 2.026908e-07
1340 1.522281e-07
1341 8.644124e-08
1342 5.249408e-08
1343 2.954836e-08
1344 1.699550e-08
1345 1.014064e-08
1346 0.000000e+00
1347 0.000000e+00
1348 0.000000e+00
1349 0.000000e+00
1350 7.382899e-08
1351 7.992746e-08
1352 7.666606e-08
1353 6.214859e-08
1354 4.483952e-08
1355 3.379932e-08
1356 2.112941e-08
1357 1.295038e-08
1358 7.189828e-09
1359 3.959369e-09
1360 2.287783e-09
1361 1.390963e-09
1362 0.000000e+00
1363 0.000000e+00
1364 0.000000e+00
1365 1.384758e-07
1366 1.501358e-07
1367 1.443349e-07
1368 1.173157e-07
1369 8.469141e-08
1370 6.378385e-08
1371 4.011727e-08
1372 2.452372e-08
1373 1.361764e-08
1374 7.502348e-09
1375 4.326066e-09
1376 2.625066e-09
1377 0.000000e+00
1378 0.000000e+00
1379 0.000000e+00
1380 2.010031e-07
1381 2.180563e-07
1382 2.098198e-07
1383 1.707216e-07
1384 1.232755e-07
1385 9.281020e-08
1386 5.851418e-08
1387 3.573215e-08
1388 1.984300e-08
1389 1.093430e-08
1390 6.299816e-09
1391 3.819753e-09
1392 0.000000e+00
1393 0.000000e+00
1394 0.000000e+00
1395 2.739546e-07
1396 2.973002e-07
1397 2.862206e-07
1398 2.330303e-07
1399 1.682909e-07
1400 1.266749e-07
1401 7.997821e-08
1402 4.880901e-08
1403 2.710609e-08
1404 1.493828e-08
1405 8.602574e-09
1406 5.213599e-09
1407 0.000000e+00
1408 0.000000e+00
1409 0.000000e+00
1410 5.979753e-08
1411 6.674549e-08
1412 6.706431e-08
1413 5.761987e-08
1414 4.247732e-08
1415 3.128292e-08
1416 2.204682e-08
1417 1.257562e-08
1418 7.081125e-09
1419 4.006774e-09
1420 2.228647e-09
1421 1.299559e-09
1422 0.000000e+00
1423 0.000000e+00
1424 0.000000e+00
1425 1.179228e-07
1426 1.317953e-07
1427 1.326867e-07
1428 1.143117e-07
1429 8.440303e-08
1430 6.208715e-08
1431 4.394898e-08
1432 2.499242e-08
1433 1.410084e-08
1434 7.977819e-09
1435 4.435181e-09
1436 2.581505e-09
1437 0.000000e+00
1438 0.000000e+00
1439 0.000000e+00
1440 1.864659e-07
1441 2.085133e-07
1442 2.100928e-07
1443 1.811975e-07
1444 1.338744e-07
1445 9.843172e-08
1446 6.979941e-08
1447 3.964442e-08
1448 2.238585e-08
1449 1.266432e-08
1450 7.039246e-09
1451 4.094128e-09
1452 0.000000e+00
1453 0.000000e+00
1454 0.000000e+00
1455 5.173667e-08
1456 5.929203e-08
1457 6.198056e-08
1458 5.632279e-08
1459 4.319827e-08
1460 3.119952e-08
1461 2.343534e-08
1462 1.314056e-08
1463 7.861211e-09
1464 4.306651e-09
1465 2.373873e-09
1466 1.325365e-09
1467 0.000000e+00
1468 0.000000e+00
1469 0.000000e+00
1470 1.144185e-07
1471 1.312918e-07
1472 1.375006e-07
1473 1.252951e-07
1474 9.633728e-08
1475 6.954083e-08
1476 5.230458e-08
1477 2.941269e-08
1478 1.765432e-08
1479 9.654154e-09
1480 5.309459e-09
1481 2.958536e-09
1482 0.000000e+00
1483 0.000000e+00
1484 0.000000e+00
1485 5.370835e-08
1486 6.311089e-08
1487 6.843101e-08
1488 6.569873e-08
1489 5.327210e-08
1490 3.843925e-08
1491 2.899806e-08
1492 1.803224e-08
1493 1.097347e-08
1494 5.954909e-09
1495 3.136564e-09
1496 1.692212e-09
1497 9.423315e-10
1498 0.000000e+00
1499 0.000000e+00
1500 1.109684e-04
1501 8.086786e-05
1502 6.035546e-05
1503 3.805236e-05
1504 2.321989e-05
1505 1.369104e-05
1506 8.324421e-06
1507 5.304277e-06
1508 3.565556e-06
1509 0.000000e+00
1510 0.000000e+00
1511 0.000000e+00
1512 0.000000e+00
1513 0.000000e+00
1514 0.000000e+00
1515 5.757601e-05
1516 4.644359e-05
1517 3.369791e-05
1518 2.528332e-05
1519 1.597668e-05
1520 9.754545e-06
1521 5.648866e-06
1522 3.364481e-06
1523 2.093966e-06
1524 1.379138e-06
1525 0.000000e+00
1526 0.000000e+00
1527 0.000000e+00
1528 0.000000e+00
1529 0.000000e+00
1530 4.047788e-05
1531 3.713775e-05
1532 2.882267e-05
1533 2.080348e-05
1534 1.566222e-05
1535 9.111532e-06
1536 5.625604e-06
1537 3.225263e-06
1538 1.896511e-06
1539 1.174730e-06
1540 0.000000e+00
1541 0.000000e+00
1542 0.000000e+00
1543 0.000000e+00
1544 0.000000e+00
1545 2.912801e-05
1546 2.891312e-05
1547 2.448503e-05
1548 1.793535e-05
1549 1.328396e-05
1550 9.154542e-06
1551 5.351144e-06
1552 3.053081e-06
1553 1.771954e-06
1554 1.042590e-06
1555 6.506122e-07
1556 0.000000e+00
1557 0.000000e+00
1558 0.000000e+00
1559 0.000000e+00
1560 2.085098e-05
1561 2.179680e-05
1562 1.983793e-05
1563 1.524768e-05
1564 1.100576e-05
1565 8.274949e-06
1566 4.689296e-06
1567 2.850415e-06
1568 1.602925e-06
1569 9.233707e-07
1570 5.506294e-07
1571 0.000000e+00
1572 0.000000e+00
1573 0.000000e+00
1574 0.000000e+00
1575 1.487210e-05
1576 1.614453e-05
1577 1.554949e-05
1578 1.266314e-05
1579 9.143013e-06
1580 6.883420e-06
1581 4.347301e-06
1582 2.655947e-06
1583 1.474901e-06
1584 8.112783e-07
1585 4.673052e-07
1586 2.832009e-07
1587 0.000000e+00
1588 0.000000e+00
1589 0.000000e+00
1590 1.001028e-05
1591 1.119728e-05
1592 1.128693e-05
1593 9.739022e-06
1594 7.195644e-06
1595 5.289411e-06
1596 3.755371e-06
1597 2.130464e-06
1598 1.202339e-06
1599 6.811759e-07
1600 3.783133e-07
1601 2.200058e-07
1602 0.000000e+00
1603 0.000000e+00
1604 0.000000e+00
1605 6.201116e-06
1606 7.118100e-06
1607 7.458527e-06
1608 6.801106e-06
1609 5.231433e-06
1610 3.775220e-06
1611 2.841823e-06
1612 1.597077e-06
1613 9.596537e-07
1614 5.242846e-07
1615 2.885232e-07
1616 1.606418e-07
1617 0.000000e+00
1618 0.000000e+00
1619 0.000000e+00
1620 3.163407e-06
1621 3.720115e-06
1622 4.038202e-06
1623 3.883392e-06
1624 3.154630e-06
1625 2.276770e-06
1626 1.716871e-06
1627 1.071974e-06
1628 6.518364e-07
1629 3.538249e-07
1630 1.861971e-07
1631 1.003484e-07
1632 5.578990e-08
1633 0.000000e+00
1634 0.000000e+00
1635 8.891198e-07
1636 1.072208e-06
1637 1.206146e-06
1638 1.224576e-06
1639 1.066696e-06
1640 7.933436e-07
1641 5.815894e-07
1642 4.169104e-07
1643 2.343421e-07
1644 1.314261e-07
1645 7.164692e-08
1646 3.730540e-08
1647 1.958823e-08
1648 0.000000e+00
1649 0.000000e+00
