0 2.260953e-09
1 1.470570e-09
2 9.252499e-10
3 5.826445e-10
4 3.743501e-10
5 2.461890e-10
6 1.636444e-10
7 1.075105e-10
8 6.817051e-11
9 4.098710e-11
10 2.314045e-11
11 1.224098e-11
12 6.109290e-12
13 2.909184e-12
14 1.338097e-12
15 3.817743e-09
16 2.540961e-09
17 1.616121e-09
18 1.007449e-09
19 6.368742e-10
20 4.121917e-10
21 2.725756e-10
22 1.807438e-10
23 1.172380e-10
24 7.277688e-11
25 4.257089e-11
26 2.332194e-11
27 1.199332e-11
28 5.842666e-12
29 2.729946e-12
30 4.382119e-09
31 2.936659e-09
32 1.878659e-09
33 1.170206e-09
34 7.365635e-10
35 4.742178e-10
36 3.125400e-10
37 2.073630e-10
38 1.351396e-10
39 8.455769e-11
40 4.997927e-11
41 2.767441e-11
42 1.437177e-11
43 7.057115e-12
44 3.316365e-12
45 4.693374e-09
46 3.155767e-09
47 2.024127e-09
48 1.260479e-09
49 7.919109e-10
50 5.085609e-10
51 3.346513e-10
52 2.220752e-10
53 1.450479e-10
54 9.108554e-11
55 5.406857e-11
56 3.008146e-11
57 1.569101e-11
58 7.731932e-12
59 3.642476e-12
60 4.903036e-09
61 3.302554e-09
62 2.121900e-09
63 1.320977e-09
64 8.290112e-10
65 5.316529e-10
66 3.495506e-10
67 2.319755e-10
68 1.516950e-10
69 9.546886e-11
70 5.683278e-11
71 3.170692e-11
72 1.657916e-11
73 8.185552e-12
74 3.861590e-12
75 5.059998e-09
76 3.412909e-09
77 2.194826e-09
78 1.366561e-09
79 8.568878e-10
80 5.489523e-10
81 3.606980e-10
82 2.394018e-10
83 1.567031e-10
84 9.876997e-11
85 5.889441e-11
86 3.292109e-11
87 1.724309e-11
88 8.524660e-12
89 4.026057e-12
90 5.187942e-09
91 3.502762e-09
92 2.254401e-09
93 1.403311e-09
94 8.794602e-10
95 5.630558e-10
96 3.697337e-10
97 2.454344e-10
98 1.607768e-10
99 1.014574e-10
100 6.058285e-11
101 3.391469e-11
102 1.778663e-11
103 8.802742e-12
104 4.159873e-12
105 5.300255e-09
106 3.581482e-09
107 2.306939e-09
108 1.435936e-09
109 8.993866e-10
110 5.754014e-10
111 3.776981e-10
112 2.507192e-10
113 1.643185e-10
114 1.037620e-10
115 6.204763e-11
116 3.477750e-11
117 1.825909e-11
118 9.044734e-12
119 4.277051e-12
120 5.403579e-09
121 3.654156e-09
122 2.354833e-09
123 1.465861e-09
124 9.177274e-10
125 5.867869e-10
126 3.849543e-10
127 2.556040e-10
128 1.675919e-10
129 1.059111e-10
130 6.338975e-11
131 3.557819e-11
132 1.869761e-11
133 9.268895e-12
134 4.385320e-12
135 5.527113e-09
136 3.740626e-09
137 2.413176e-09
138 1.501926e-09
139 9.398198e-10
140 6.005001e-10
141 3.939049e-10
142 2.614324e-10
143 1.715268e-10
144 1.085763e-10
145 6.505641e-11
146 3.654581e-11
147 1.922780e-11
148 9.539909e-12
149 4.515390e-12
150 7.909610e-09
151 5.447014e-09
152 3.578446e-09
153 2.235935e-09
154 1.386410e-09
155 8.740801e-10
156 5.667211e-10
157 3.749819e-10
158 2.479095e-10
159 1.596061e-10
160 9.790911e-11
161 5.644297e-11
162 3.043581e-11
163 1.541217e-11
164 7.407195e-12
165 9.999150e-09
166 6.973195e-09
167 4.646876e-09
168 2.934263e-09
169 1.810221e-09
170 1.131869e-09
171 7.259221e-10
172 4.771904e-10
173 3.159435e-10
174 2.052858e-10
175 1.278974e-10
176 7.515754e-11
177 4.134317e-11
178 2.131580e-11
179 1.039103e-11
180 1.122143e-08
181 7.872368e-09
182 5.278407e-09
183 3.350668e-09
184 2.064157e-09
185 1.286567e-09
186 8.206598e-10
187 5.377604e-10
188 3.560568e-10
189 2.322147e-10
190 1.456267e-10
191 8.628272e-11
192 4.787872e-11
193 2.488466e-11
194 1.220952e-11
195 1.204587e-08
196 8.479032e-09
197 5.704514e-09
198 3.632103e-09
199 2.236031e-09
200 1.390922e-09
201 8.847323e-10
202 5.787758e-10
203 3.831520e-10
204 2.503975e-10
205 1.575814e-10
206 9.379081e-11
207 5.228856e-11
208 2.729379e-11
209 1.343843e-11
210 1.266528e-08
211 8.934360e-09
212 6.024342e-09
213 3.843089e-09
214 2.364935e-09
215 1.468946e-09
216 9.329365e-10
217 6.094124e-10
218 4.034477e-10
219 2.639906e-10
220 1.665331e-10
221 9.941681e-11
222 5.559451e-11
223 2.909884e-11
224 1.436106e-11
225 1.316657e-08
226 9.303112e-09
227 6.283534e-09
228 4.014246e-09
229 2.469320e-09
230 1.532557e-09
231 9.718539e-10
232 6.343234e-10
233 4.199323e-10
234 2.750497e-10
235 1.738040e-10
236 1.039688e-10
237 5.827495e-11
238 3.056669e-11
239 1.510788e-11
240 1.360275e-08
241 9.624187e-09
242 6.509319e-09
243 4.163595e-09
244 2.560446e-09
245 1.588087e-09
246 1.005888e-09
247 6.559322e-10
248 4.343096e-10
249 2.846890e-10
250 1.801465e-10
251 1.079486e-10
252 6.061705e-11
253 3.184486e-11
254 1.575734e-11
255 1.401081e-08
256 9.924454e-09
257 6.720510e-09
258 4.302596e-09
259 2.645376e-09
260 1.639593e-09
261 1.037468e-09
262 6.761542e-10
263 4.477169e-10
264 2.936782e-10
265 1.860613e-10
266 1.116679e-10
267 6.280324e-11
268 3.304062e-11
269 1.636851e-11
270 1.450071e-08
271 1.028529e-08
272 6.973796e-09
273 4.469814e-09
274 2.747345e-09
275 1.702110e-09
276 1.075893e-09
277 7.006302e-10
278 4.638042e-10
279 3.044764e-10
280 1.931829e-10
281 1.161275e-10
282 6.541920e-11
283 3.447164e-11
284 1.709856e-11
285 1.364502e-08
286 9.708566e-09
287 6.594131e-09
288 4.255115e-09
289 2.622764e-09
290 1.624356e-09
291 1.024138e-09
292 6.642943e-10
293 4.382331e-10
294 2.872075e-10
295 1.823543e-10
296 1.099940e-10
297 6.230397e-11
298 3.304298e-11
299 1.649203e-11
300 1.605503e-08
301 1.155496e-08
302 7.919642e-09
303 5.169234e-09
304 3.198612e-09
305 1.971066e-09
306 1.233038e-09
307 7.936203e-10
308 5.215680e-10
309 3.425976e-10
310 2.192406e-10
311 1.338389e-10
312 7.689993e-11
313 4.138048e-11
314 2.092127e-11
315 1.771762e-08
316 1.283702e-08
317 8.842858e-09
318 5.807905e-09
319 3.604072e-09
320 2.214621e-09
321 1.380036e-09
322 8.843434e-10
323 5.798261e-10
324 3.811931e-10
325 2.449190e-10
326 1.504599e-10
327 8.710796e-11
328 4.723798e-11
329 2.404805e-11
330 1.896858e-08
331 1.380113e-08
332 9.536405e-09
333 6.285642e-09
334 3.908164e-09
335 2.397625e-09
336 1.490394e-09
337 9.524611e-10
338 6.236361e-10
339 4.101917e-10
340 2.641934e-10
341 1.629371e-10
342 9.477128e-11
343 5.163771e-11
344 2.639817e-11
345 1.998229e-08
346 1.458154e-08
347 1.009841e-08
348 6.675166e-09
349 4.154737e-09
350 2.546070e-09
351 1.579896e-09
352 1.007681e-09
353 6.590242e-10
354 4.336487e-10
355 2.798272e-10
356 1.730583e-10
357 1.009876e-10
358 5.520484e-11
359 2.830291e-11
360 2.086792e-08
361 1.526517e-08
362 1.059081e-08
363 7.014693e-09
364 4.370275e-09
365 2.676083e-09
366 1.657957e-09
367 1.055816e-09
368 6.899401e-10
369 4.541539e-10
370 2.934555e-10
371 1.818799e-10
372 1.064059e-10
373 5.831472e-11
374 2.996365e-11
375 2.168762e-08
376 1.589683e-08
377 1.104525e-08
378 7.328976e-09
379 4.569498e-09
380 2.795820e-09
381 1.730378e-09
382 1.100520e-09
383 7.186710e-10
384 4.731941e-10
385 3.061340e-10
386 1.900860e-10
387 1.114442e-10
388 6.120631e-11
389 3.150782e-11
390 2.268256e-08
391 1.666445e-08
392 1.159738e-08
393 7.710977e-09
394 4.811848e-09
395 2.942089e-09
396 1.818481e-09
397 1.154943e-09
398 7.534876e-10
399 4.963071e-10
400 3.215128e-10
401 2.000440e-10
402 1.175617e-10
403 6.471153e-11
404 3.337959e-11
405 1.965797e-08
406 1.440666e-08
407 9.998129e-09
408 6.628233e-09
409 4.148856e-09
410 2.540769e-09
411 1.575573e-09
412 1.001773e-09
413 6.530186e-10
414 4.288600e-10
415 2.766804e-10
416 1.714254e-10
417 1.004030e-10
418 5.516417e-11
419 2.844109e-11
420 2.231952e-08
421 1.654853e-08
422 1.157480e-08
423 7.737619e-09
424 4.884420e-09
425 2.983424e-09
426 1.842228e-09
427 1.162566e-09
428 7.535503e-10
429 4.942322e-10
430 3.200391e-10
431 1.998577e-10
432 1.183171e-10
433 6.579219e-11
434 3.431884e-11
435 2.433575e-08
436 1.818084e-08
437 1.277659e-08
438 8.586615e-09
439 5.448797e-09
440 3.324088e-09
441 2.047410e-09
442 1.285910e-09
443 8.306469e-10
444 5.442399e-10
445 3.531711e-10
446 2.215852e-10
447 1.320216e-10
448 7.393997e-11
449 3.883798e-11
450 2.598229e-08
451 1.950748e-08
452 1.375655e-08
453 9.276891e-09
454 5.907094e-09
455 3.600896e-09
456 2.213817e-09
457 1.386276e-09
458 8.931113e-10
459 5.848237e-10
460 3.800587e-10
461 2.392179e-10
462 1.431438e-10
463 8.055348e-11
464 4.250651e-11
465 2.741304e-08
466 2.066333e-08
467 1.460987e-08
468 9.877133e-09
469 6.306555e-09
470 3.842484e-09
471 2.358785e-09
472 1.473634e-09
473 9.477076e-10
474 6.202671e-10
475 4.035280e-10
476 2.546086e-10
477 1.528527e-10
478 8.632546e-11
479 4.570815e-11
480 2.873942e-08
481 2.173173e-08
482 1.540078e-08
483 1.043369e-08
484 6.677764e-09
485 4.066798e-09
486 2.493865e-09
487 1.554687e-09
488 9.983210e-10
489 6.531261e-10
490 4.252937e-10
491 2.688799e-10
492 1.618521e-10
493 9.167522e-11
494 4.867733e-11
495 3.035219e-08
496 2.303500e-08
497 1.636094e-08
498 1.111187e-08
499 7.127496e-09
500 4.338126e-09
501 2.657120e-09
502 1.653108e-09
503 1.059691e-09
504 6.929589e-10
505 4.517040e-10
506 2.861818e-10
507 1.727781e-10
508 9.817103e-11
509 5.227813e-11
510 2.599558e-08
511 1.960394e-08
512 1.386978e-08
513 9.369015e-09
514 5.994924e-09
515 3.661735e-09
516 2.249706e-09
517 1.404881e-09
518 9.023749e-10
519 5.894843e-10
520 3.827726e-10
521 2.411673e-10
522 1.447059e-10
523 8.177225e-11
524 4.336862e-11
525 2.891043e-08
526 2.205497e-08
527 1.572888e-08
528 1.069611e-08
529 6.903770e-09
530 4.224069e-09
531 2.586123e-09
532 1.604604e-09
533 1.024497e-09
534 6.670088e-10
535 4.335595e-10
536 2.745687e-10
537 1.661051e-10
538 9.481492e-11
539 5.082186e-11
540 3.129650e-08
541 2.406199e-08
542 1.725340e-08
543 1.178723e-08
544 7.650457e-09
545 4.688206e-09
546 2.863059e-09
547 1.769156e-09
548 1.124680e-09
549 7.306833e-10
550 4.752271e-10
551 3.019614e-10
552 1.836602e-10
553 1.055243e-10
554 5.695074e-11
555 3.336870e-08
556 2.581085e-08
557 1.858380e-08
558 1.273614e-08
559 8.300913e-09
560 5.091227e-09
561 3.104333e-09
562 1.912582e-09
563 1.212223e-09
564 7.861663e-10
565 5.115255e-10
566 3.258241e-10
567 1.989530e-10
568 1.148529e-10
569 6.228854e-11
570 3.529928e-08
571 2.744108e-08
572 1.982237e-08
573 1.362009e-08
574 8.907778e-09
575 5.468372e-09
576 3.329513e-09
577 2.046200e-09
578 1.293738e-09
579 8.378705e-10
580 5.453685e-10
581 3.480681e-10
582 2.132072e-10
583 1.235501e-10
584 6.726678e-11
585 3.764633e-08
586 2.941182e-08
587 2.132274e-08
588 1.469246e-08
589 9.640472e-09
590 5.923238e-09
591 3.601409e-09
592 2.207618e-09
593 1.392199e-09
594 9.003170e-10
595 5.862375e-10
596 3.749413e-10
597 2.304298e-10
598 1.340557e-10
599 7.327850e-11
600 3.275497e-08
601 2.539075e-08
602 1.832036e-08
603 1.256651e-08
604 8.204344e-09
605 5.051462e-09
606 3.077612e-09
607 1.895324e-09
608 1.199301e-09
609 7.761963e-10
610 5.042369e-10
611 3.209597e-10
612 1.960658e-10
613 1.133659e-10
614 6.164371e-11
615 3.599793e-08
616 2.822278e-08
617 2.054306e-08
618 1.417563e-08
619 9.326104e-09
620 5.772717e-09
621 3.505680e-09
622 2.149261e-09
623 1.351182e-09
624 8.704569e-10
625 5.649170e-10
626 3.606740e-10
627 2.217243e-10
628 1.293067e-10
629 7.099718e-11
630 3.883394e-08
631 3.070540e-08
632 2.249178e-08
633 1.558874e-08
634 1.031135e-08
635 6.407036e-09
636 3.882393e-09
637 2.372761e-09
638 1.485078e-09
639 9.532976e-10
640 6.181974e-10
641 3.955283e-10
642 2.442417e-10
643 1.433010e-10
644 7.921430e-11
645 4.146708e-08
646 3.301249e-08
647 2.430302e-08
648 1.690149e-08
649 1.122793e-08
650 6.997666e-09
651 4.232810e-09
652 2.580846e-09
653 1.609306e-09
654 1.030324e-09
655 6.677456e-10
656 4.279376e-10
657 2.651774e-10
658 1.563128e-10
659 8.685457e-11
660 4.467206e-08
661 3.581015e-08
662 2.650165e-08
663 1.849585e-08
664 1.233749e-08
665 7.712518e-09
666 4.657249e-09
667 2.832628e-09
668 1.759888e-09
669 1.123609e-09
670 7.277285e-10
671 4.671809e-10
672 2.905329e-10
673 1.720706e-10
674 9.610749e-11
675 4.016199e-08
676 3.197064e-08
677 2.356082e-08
678 1.639398e-08
679 1.088780e-08
680 6.805521e-09
681 4.119673e-09
682 2.514216e-09
683 1.566469e-09
684 1.001470e-09
685 6.479458e-10
686 4.145963e-10
687 2.566588e-10
688 1.512624e-10
689 8.411826e-11
690 4.390229e-08
691 3.535283e-08
692 2.631055e-08
693 1.842194e-08
694 1.231807e-08
695 7.756866e-09
696 4.688525e-09
697 2.852370e-09
698 1.765421e-09
699 1.121962e-09
700 7.238734e-10
701 4.637602e-10
702 2.884731e-10
703 1.712871e-10
704 9.611832e-11
705 4.737615e-08
706 3.850722e-08
707 2.886920e-08
708 2.031640e-08
709 1.365350e-08
710 8.646307e-09
711 5.220622e-09
712 3.168373e-09
713 1.951262e-09
714 1.234416e-09
715 7.947520e-10
716 5.096125e-10
717 3.181357e-10
718 1.899580e-10
719 1.073159e-10
720 5.159731e-08
721 4.233280e-08
722 3.196621e-08
723 2.260813e-08
724 1.526849e-08
725 9.721887e-09
726 5.864336e-09
727 3.551088e-09
728 2.176043e-09
729 1.370560e-09
730 8.804740e-10
731 5.650826e-10
732 3.540264e-10
733 2.125473e-10
734 1.208625e-10
735 4.866160e-08
736 3.978697e-08
737 3.000979e-08
738 2.121214e-08
739 1.430194e-08
740 9.107426e-09
741 5.510057e-09
742 3.339641e-09
743 2.048744e-09
744 1.290689e-09
745 8.282318e-10
746 5.304487e-10
747 3.315106e-10
748 1.985714e-10
749 1.127255e-10
750 5.317903e-08
751 4.402297e-08
752 3.357484e-08
753 2.391108e-08
754 1.622425e-08
755 1.042020e-08
756 6.315725e-09
757 3.815692e-09
758 2.325663e-09
759 1.455153e-09
760 9.294211e-10
761 5.948211e-10
762 3.729473e-10
763 2.248372e-10
764 1.287458e-10
765 5.867025e-08
766 4.916948e-08
767 3.789173e-08
768 2.718442e-08
769 1.855796e-08
770 1.201380e-08
771 7.294976e-09
772 4.394820e-09
773 2.662044e-09
774 1.654900e-09
775 1.052252e-09
776 6.729465e-10
777 4.232321e-10
778 2.567083e-10
779 1.481866e-10
780 5.896719e-08
781 4.960212e-08
782 3.841485e-08
783 2.767306e-08
784 1.893453e-08
785 1.230171e-08
786 7.506275e-09
787 4.514770e-09
788 2.731163e-09
789 1.692079e-09
790 1.072061e-09
791 6.838528e-10
792 4.297187e-10
793 2.608856e-10
794 1.509892e-10
795 6.613803e-08
796 5.653884e-08
797 4.446775e-08
798 3.240913e-08
799 2.235939e-08
800 1.468297e-08
801 9.026592e-09
802 5.407377e-09
803 3.250137e-09
804 1.994042e-09
805 1.252869e-09
806 7.961008e-10
807 5.010041e-10
808 3.060660e-10
809 1.788833e-10
810 7.609514e-08
811 6.654191e-08
812 5.358776e-08
813 3.984519e-08
814 2.786213e-08
815 1.856563e-08
816 1.161304e-08
817 6.938678e-09
818 4.145757e-09
819 2.504700e-09
820 1.549096e-09
821 9.739278e-10
822 6.111723e-10
823 3.752111e-10
824 2.218158e-10
825 5.061034e-07
826 3.696660e-07
827 2.739149e-07
828 1.705307e-07
829 1.038805e-07
830 6.154038e-08
831 3.757622e-08
832 2.410546e-08
833 1.627187e-08
834 0.000000e+00
835 0.000000e+00
836 0.000000e+00
837 0.000000e+00
838 0.000000e+00
839 0.000000e+00
840 7.607989e-07
841 5.558315e-07
842 4.123052e-07
843 2.595748e-07
844 1.577459e-07
845 9.333553e-08
846 5.688418e-08
847 3.635854e-08
848 2.447693e-08
849 0.000000e+00
850 0.000000e+00
851 0.000000e+00
852 0.000000e+00
853 0.000000e+00
854 0.000000e+00
855 9.032575e-07
856 6.599833e-07
857 4.897185e-07
858 3.094796e-07
859 1.879091e-07
860 1.111418e-07
861 6.769580e-08
862 4.321611e-08
863 2.906729e-08
864 0.000000e+00
865 0.000000e+00
866 0.000000e+00
867 0.000000e+00
868 0.000000e+00
869 0.000000e+00
870 9.991041e-07
871 7.300547e-07
872 5.418027e-07
873 3.430557e-07
874 2.082045e-07
875 1.231223e-07
876 7.497004e-08
877 4.783035e-08
878 3.215570e-08
879 0.000000e+00
880 0.000000e+00
881 0.000000e+00
882 0.000000e+00
883 0.000000e+00
884 0.000000e+00
885 1.070971e-06
886 7.825988e-07
887 5.808533e-07
888 3.682309e-07
889 2.234223e-07
890 1.321057e-07
891 8.042434e-08
892 5.129005e-08
893 3.447162e-08
894 0.000000e+00
895 0.000000e+00
896 0.000000e+00
897 0.000000e+00
898 0.000000e+00
899 0.000000e+00
900 1.129225e-06
901 8.251880e-07
902 6.125100e-07
903 3.886375e-07
904 2.357568e-07
905 1.393875e-07
906 8.484531e-08
907 5.409452e-08
908 3.634876e-08
909 0.000000e+00
910 0.000000e+00
911 0.000000e+00
912 0.000000e+00
913 0.000000e+00
914 0.000000e+00
915 1.180066e-06
916 8.623564e-07
917 6.401361e-07
918 4.064483e-07
919 2.465224e-07
920 1.457420e-07
921 8.870385e-08
922 5.654191e-08
923 3.798699e-08
924 0.000000e+00
925 0.000000e+00
926 0.000000e+00
927 0.000000e+00
928 0.000000e+00
929 0.000000e+00
930 1.227290e-06
931 8.968825e-07
932 6.657982e-07
933 4.229914e-07
934 2.565217e-07
935 1.516443e-07
936 9.228776e-08
937 5.881517e-08
938 3.950859e-08
939 0.000000e+00
940 0.000000e+00
941 0.000000e+00
942 0.000000e+00
943 0.000000e+00
944 0.000000e+00
945 1.284499e-06
946 9.387104e-07
947 6.968854e-07
948 4.430336e-07
949 2.686352e-07
950 1.587955e-07
951 9.662992e-08
952 6.156906e-08
953 4.135216e-08
954 0.000000e+00
955 0.000000e+00
956 0.000000e+00
957 0.000000e+00
958 0.000000e+00
959 0.000000e+00
960 3.378448e-07
961 2.691044e-07
962 1.952130e-07
963 1.463919e-07
964 9.059695e-08
965 5.545131e-08
966 3.223068e-08
967 1.927204e-08
968 1.207666e-08
969 7.995170e-09
970 0.000000e+00
971 0.000000e+00
972 0.000000e+00
973 0.000000e+00
974 0.000000e+00
975 5.198972e-07
976 4.168894e-07
977 3.026974e-07
978 2.267891e-07
979 1.421326e-07
980 8.666266e-08
981 5.033622e-08
982 3.005832e-08
983 1.876923e-08
984 1.239048e-08
985 0.000000e+00
986 0.000000e+00
987 0.000000e+00
988 0.000000e+00
989 0.000000e+00
990 6.445221e-07
991 5.181637e-07
992 3.763753e-07
993 2.818836e-07
994 1.775175e-07
995 1.080726e-07
996 6.275710e-08
997 3.745799e-08
998 2.335843e-08
999 1.540303e-08
1000 0.000000e+00
1001 0.000000e+00
1002 0.000000e+00
1003 0.000000e+00
1004 0.000000e+00
1005 7.379485e-07
1006 5.940791e-07
1007 4.316017e-07
1008 3.231825e-07
1009 2.040417e-07
1010 1.241204e-07
1011 7.206783e-08
1012 4.300492e-08
1013 2.679839e-08
1014 1.766119e-08
1015 0.000000e+00
1016 0.000000e+00
1017 0.000000e+00
1018 0.000000e+00
1019 0.000000e+00
1020 8.136814e-07
1021 6.556129e-07
1022 4.763682e-07
1023 3.566577e-07
1024 2.255430e-07
1025 1.371300e-07
1026 7.961541e-08
1027 4.750103e-08
1028 2.958694e-08
1029 1.949155e-08
1030 0.000000e+00
1031 0.000000e+00
1032 0.000000e+00
1033 0.000000e+00
1034 0.000000e+00
1035 8.797581e-07
1036 7.093072e-07
1037 5.154337e-07
1038 3.858676e-07
1039 2.443036e-07
1040 1.484811e-07
1041 8.620081e-08
1042 5.142443e-08
1043 3.202012e-08
1044 2.108889e-08
1045 0.000000e+00
1046 0.000000e+00
1047 0.000000e+00
1048 0.000000e+00
1049 0.000000e+00
1050 9.411480e-07
1051 7.591931e-07
1052 5.517231e-07
1053 4.130036e-07
1054 2.617316e-07
1055 1.590275e-07
1056 9.231916e-08
1057 5.506914e-08
1058 3.428056e-08
1059 2.257272e-08
1060 0.000000e+00
1061 0.000000e+00
1062 0.000000e+00
1063 0.000000e+00
1064 0.000000e+00
1065 1.015529e-06
1066 8.196368e-07
1067 5.956952e-07
1068 4.458870e-07
1069 2.828497e-07
1070 1.718062e-07
1071 9.973225e-08
1072 5.948576e-08
1073 3.701948e-08
1074 2.437070e-08
1075 0.000000e+00
1076 0.000000e+00
1077 0.000000e+00
1078 0.000000e+00
1079 0.000000e+00
1080 1.987019e-07
1081 1.807358e-07
1082 1.392590e-07
1083 1.007042e-07
1084 7.546441e-08
1085 4.363011e-08
1086 2.674225e-08
1087 1.541787e-08
1088 9.116192e-09
1089 5.671198e-09
1090 0.000000e+00
1091 0.000000e+00
1092 0.000000e+00
1093 0.000000e+00
1094 0.000000e+00
1095 3.300220e-07
1096 3.014712e-07
1097 2.332133e-07
1098 1.685435e-07
1099 1.264826e-07
1100 7.352241e-08
1101 4.517996e-08
1102 2.598762e-08
1103 1.531279e-08
1104 9.504837e-09
1105 0.000000e+00
1106 0.000000e+00
1107 0.000000e+00
1108 0.000000e+00
1109 0.000000e+00
1110 4.303177e-07
1111 3.937488e-07
1112 3.050680e-07
1113 2.204231e-07
1114 1.655024e-07
1115 9.640986e-08
1116 5.929946e-08
1117 3.407984e-08
1118 2.005433e-08
1119 1.243723e-08
1120 0.000000e+00
1121 0.000000e+00
1122 0.000000e+00
1123 0.000000e+00
1124 0.000000e+00
1125 5.115691e-07
1126 4.684975e-07
1127 3.632743e-07
1128 2.624492e-07
1129 1.971097e-07
1130 1.149493e-07
1131 7.073684e-08
1132 4.063490e-08
1133 2.389511e-08
1134 1.481265e-08
1135 0.000000e+00
1136 0.000000e+00
1137 0.000000e+00
1138 0.000000e+00
1139 0.000000e+00
1140 5.824638e-07
1141 5.337253e-07
1142 4.140643e-07
1143 2.991214e-07
1144 2.246910e-07
1145 1.311269e-07
1146 8.071732e-08
1147 4.635493e-08
1148 2.724662e-08
1149 1.688537e-08
1150 0.000000e+00
1151 0.000000e+00
1152 0.000000e+00
1153 0.000000e+00
1154 0.000000e+00
1155 6.483264e-07
1156 5.943198e-07
1157 4.612488e-07
1158 3.331887e-07
1159 2.503140e-07
1160 1.461560e-07
1161 8.998888e-08
1162 5.166874e-08
1163 3.036013e-08
1164 1.881088e-08
1165 0.000000e+00
1166 0.000000e+00
1167 0.000000e+00
1168 0.000000e+00
1169 0.000000e+00
1170 7.281274e-07
1171 6.677367e-07
1172 5.184166e-07
1173 3.744653e-07
1174 2.813576e-07
1175 1.643653e-07
1176 1.012223e-07
1177 5.810680e-08
1178 3.413258e-08
1179 2.114397e-08
1180 0.000000e+00
1181 0.000000e+00
1182 0.000000e+00
1183 0.000000e+00
1184 0.000000e+00
1185 1.319328e-07
1186 1.302369e-07
1187 1.095295e-07
1188 8.001461e-08
1189 5.943891e-08
1190 4.040649e-08
1191 2.384099e-08
1192 1.358409e-08
1193 7.853175e-09
1194 4.640415e-09
1195 2.906607e-09
1196 0.000000e+00
1197 0.000000e+00
1198 0.000000e+00
1199 0.000000e+00
1200 2.307092e-07
1201 2.283783e-07
1202 1.927713e-07
1203 1.410644e-07
1204 1.046225e-07
1205 7.161289e-08
1206 4.204891e-08
1207 2.399132e-08
1208 1.388822e-08
1209 8.192044e-09
1210 5.120877e-09
1211 0.000000e+00
1212 0.000000e+00
1213 0.000000e+00
1214 0.000000e+00
1215 3.120231e-07
1216 3.092027e-07
1217 2.613616e-07
1218 1.913836e-07
1219 1.418552e-07
1220 9.734972e-08
1221 5.705671e-08
1222 3.257164e-08
1223 1.886406e-08
1224 1.111983e-08
1225 6.945784e-09
1226 0.000000e+00
1227 0.000000e+00
1228 0.000000e+00
1229 0.000000e+00
1230 3.829073e-07
1231 3.796587e-07
1232 3.211489e-07
1233 2.352444e-07
1234 1.743089e-07
1235 1.197851e-07
1236 7.013840e-08
1237 4.005105e-08
1238 2.320145e-08
1239 1.367200e-08
1240 8.536449e-09
1241 0.000000e+00
1242 0.000000e+00
1243 0.000000e+00
1244 0.000000e+00
1245 4.487616e-07
1246 4.451100e-07
1247 3.766937e-07
1248 2.759922e-07
1249 2.044604e-07
1250 1.406278e-07
1251 8.229188e-08
1252 4.699965e-08
1253 2.723107e-08
1254 1.604303e-08
1255 1.001426e-08
1256 0.000000e+00
1257 0.000000e+00
1258 0.000000e+00
1259 0.000000e+00
1260 5.285448e-07
1261 5.244114e-07
1262 4.439904e-07
1263 3.253635e-07
1264 2.409909e-07
1265 1.658788e-07
1266 9.701683e-08
1267 5.541794e-08
1268 3.211300e-08
1269 1.891564e-08
1270 1.180475e-08
1271 0.000000e+00
1272 0.000000e+00
1273 0.000000e+00
1274 0.000000e+00
1275 9.478362e-08
1276 9.869611e-08
1277 8.932042e-08
1278 6.833752e-08
1279 4.939674e-08
1280 3.700215e-08
1281 2.090886e-08
1282 1.262820e-08
1283 7.135057e-09
1284 4.120846e-09
1285 2.466936e-09
1286 0.000000e+00
1287 0.000000e+00
1288 0.000000e+00
1289 0.000000e+00
1290 1.731383e-07
1291 1.806563e-07
1292 1.639951e-07
1293 1.258071e-07
1294 9.088078e-08
1295 6.818169e-08
1296 3.863598e-08
1297 2.340993e-08
1298 1.319757e-08
1299 7.604192e-09
1300 4.543404e-09
1301 0.000000e+00
1302 0.000000e+00
1303 0.000000e+00
1304 0.000000e+00
1305 2.421849e-07
1306 2.528979e-07
1307 2.298357e-07
1308 1.764938e-07
1309 1.274672e-07
1310 9.568350e-08
1311 5.427938e-08
1312 3.292715e-08
1313 1.854810e-08
1314 1.067730e-08
1315 6.374937e-09
1316 0.000000e+00
1317 0.000000e+00
1318 0.000000e+00
1319 0.000000e+00
1320 3.062660e-07
1321 3.199412e-07
1322 2.909388e-07
1323 2.235346e-07
1324 1.614220e-07
1325 1.212065e-07
1326 6.879638e-08
1327 4.175898e-08
1328 2.351330e-08
1329 1.352914e-08
1330 8.074680e-09
1331 0.000000e+00
1332 0.000000e+00
1333 0.000000e+00
1334 0.000000e+00
1335 3.839055e-07
1336 4.011702e-07
1337 3.649716e-07
1338 2.805257e-07
1339 2.025580e-07
1340 1.521282e-07
1341 8.638447e-08
1342 5.245954e-08
1343 2.952894e-08
1344 1.698435e-08
1345 1.013400e-08
1346 0.000000e+00
1347 0.000000e+00
1348 0.000000e+00
1349 0.000000e+00
1350 7.243006e-08
1351 7.840130e-08
1352 7.518438e-08
1353 6.093118e-08
1354 4.395854e-08
1355 3.313821e-08
1356 2.070300e-08
1357 1.269260e-08
1358 7.046590e-09
1359 3.880266e-09
1360 2.242552e-09
1361 1.363742e-09
1362 0.000000e+00
1363 0.000000e+00
1364 0.000000e+00
1365 1.381755e-07
1366 1.498090e-07
1367 1.440191e-07
1368 1.170575e-07
1369 8.450471e-08
1370 6.364367e-08
1371 4.002782e-08
1372 2.446935e-08
1373 1.358748e-08
1374 7.485687e-09
1375 4.316494e-09
1376 2.619289e-09
1377 0.000000e+00
1378 0.000000e+00
1379 0.000000e+00
1380 1.994807e-07
1381 2.164027e-07
1382 2.082254e-07
1383 1.694214e-07
1384 1.223361e-07
1385 9.210350e-08
1386 5.806626e-08
1387 3.545926e-08
1388 1.969142e-08
1389 1.085072e-08
1390 6.251760e-09
1391 3.790666e-09
1392 0.000000e+00
1393 0.000000e+00
1394 0.000000e+00
1395 2.737150e-07
1396 2.970399e-07
1397 2.859696e-07
1398 2.328257e-07
1399 1.681430e-07
1400 1.265637e-07
1401 7.990771e-08
1402 4.876605e-08
1403 2.708224e-08
1404 1.492513e-08
1405 8.595010e-09
1406 5.209018e-09
1407 0.000000e+00
1408 0.000000e+00
1409 0.000000e+00
1410 5.882512e-08
1411 6.565307e-08
1412 6.595562e-08
1413 5.665451e-08
1414 4.175995e-08
1415 3.075763e-08
1416 2.166857e-08
1417 1.236302e-08
1418 6.960226e-09
1419 3.938429e-09
1420 2.190718e-09
1421 1.277641e-09
1422 0.000000e+00
1423 0.000000e+00
1424 0.000000e+00
1425 1.164824e-07
1426 1.301830e-07
1427 1.310598e-07
1428 1.129057e-07
1429 8.336320e-08
1430 6.132290e-08
1431 4.340551e-08
1432 2.468440e-08
1433 1.392664e-08
1434 7.879278e-09
1435 4.380438e-09
1436 2.549705e-09
1437 0.000000e+00
1438 0.000000e+00
1439 0.000000e+00
1440 1.862411e-07
1441 2.082617e-07
1442 2.098390e-07
1443 1.809782e-07
1444 1.337121e-07
1445 9.831254e-08
1446 6.971464e-08
1447 3.959637e-08
1448 2.235868e-08
1449 1.264895e-08
1450 7.030707e-09
1451 4.089167e-09
1452 0.000000e+00
1453 0.000000e+00
1454 0.000000e+00
1455 5.010319e-08
1456 5.741421e-08
1457 6.000822e-08
1458 5.451774e-08
1459 4.180515e-08
1460 3.019465e-08
1461 2.267803e-08
1462 1.271277e-08
1463 7.603134e-09
1464 4.165906e-09
1465 2.296749e-09
1466 1.282522e-09
1467 0.000000e+00
1468 0.000000e+00
1469 0.000000e+00
1470 1.142118e-07
1471 1.310544e-07
1472 1.372516e-07
1473 1.250677e-07
1474 9.616202e-08
1475 6.941437e-08
1476 5.220936e-08
1477 2.935902e-08
1478 1.762201e-08
1479 9.636513e-09
1480 5.299776e-09
1481 2.953149e-09
1482 0.000000e+00
1483 0.000000e+00
1484 0.000000e+00
1485 5.346163e-08
1486 6.282000e-08
1487 6.811375e-08
1488 6.539161e-08
1489 5.302074e-08
1490 3.825748e-08
1491 2.886128e-08
1492 1.794529e-08
1493 1.092107e-08
1494 5.926436e-09
1495 3.121507e-09
1496 1.684142e-09
1497 9.378799e-10
1498 0.000000e+00
1499 0.000000e+00
1500 1.109684e-04
1501 8.086786e-05
1502 6.035546e-05
1503 3.805236e-05
1504 2.321989e-05
1505 1.369104e-05
1506 8.324421e-06
1507 5.304277e-06
1508 3.565556e-06
1509 0.000000e+00
1510 0.000000e+00
1511 0.000000e+00
1512 0.000000e+00
1513 0.000000e+00
1514 0.000000e+00
1515 5.757601e-05
1516 4.644359e-05
1517 3.369791e-05
1518 2.528332e-05
1519 1.597668e-05
1520 9.754545e-06
1521 5.648866e-06
1522 3.364481e-06
1523 2.093966e-06
1524 1.379138e-06
1525 0.000000e+00
1526 0.000000e+00
1527 0.000000e+00
1528 0.000000e+00
1529 0.000000e+00
1530 4.047788e-05
1531 3.713775e-05
1532 2.882267e-05
1533 2.080348e-05
1534 1.566222e-05
1535 9.111532e-06
1536 5.625604e-06
1537 3.225263e-06
1538 1.896511e-06
1539 1.174730e-06
1540 0.000000e+00
1541 0.000000e+00
1542 0.000000e+00
1543 0.000000e+00
1544 0.000000e+00
1545 2.912801e-05
1546 2.891312e-05
1547 2.448503e-05
1548 1.793535e-05
1549 1.328396e-05
1550 9.154542e-06
1551 5.351144e-06
1552 3.053081e-06
1553 1.771954e-06
1554 1.042590e-06
1555 6.506122e-07
1556 0.000000e+00
1557 0.000000e+00
1558 0.000000e+00
1559 0.000000e+00
1560 2.085098e-05
1561 2.179680e-05
1562 1.983793e-05
1563 1.524768e-05
1564 1.100576e-05
1565 8.274949e-06
1566 4.689296e-06
1567 2.850415e-06
1568 1.602925e-06
1569 9.233707e-07
1570 5.506294e-07
1571 0.000000e+00
1572 0.000000e+00
1573 0.000000e+00
1574 0.000000e+00
1575 1.487210e-05
1576 1.614453e-05
1577 1.554949e-05
1578 1.266314e-05
1579 9.143013e-06
1580 6.883420e-06
1581 4.347301e-06
1582 2.655947e-06
1583 1.474901e-06
1584 8.112783e-07
1585 4.673052e-07
1586 2.832009e-07
1587 0.000000e+00
1588 0.000000e+00
1589 0.000000e+00
1590 1.001028e-05
1591 1.119728e-05
1592 1.128693e-05
1593 9.739022e-06
1594 7.195644e-06
1595 5.289411e-06
1596 3.755371e-06
1597 2.130464e-06
1598 1.202339e-06
1599 6.811759e-07
1600 3.783133e-07
1601 2.200058e-07
1602 0.000000e+00
1603 0.000000e+00
1604 0.000000e+00
1605 6.201116e-06
1606 7.118100e-06
1607 7.458527e-06
1608 6.801106e-06
1609 5.231433e-06
1610 3.775220e-06
1611 2.841823e-06
1612 1.597077e-06
1613 9.596537e-07
1614 5.242846e-07
1615 2.885232e-07
1616 1.606418e-07
1617 0.000000e+00
1618 0.000000e+00
1619 0.000000e+00
1620 3.163407e-06
1621 3.720115e-06
1622 4.038202e-06
1623 3.883392e-06
1624 3.154630e-06
1625 2.276770e-06
1626 1.716871e-06
1627 1.071974e-06
1628 6.518364e-07
1629 3.538249e-07
1630 1.861971e-07
1631 1.003484e-07
1632 5.578990e-08
1633 0.000000e+00
1634 0.000000e+00
1635 8.891198e-07
1636 1.072208e-06
1637 1.206146e-06
1638 1.224576e-06
1639 1.066696e-06
1640 7.933436e-07
1641 5.815894e-07
1642 4.169104e-07
1643 2.343421e-07
1644 1.314261e-07
1645 7.164692e-08
1646 3.730540e-08
1647 1.958823e-08
1648 0.000000e+00
1649 0.000000e+00
