0 2.263582e-09
1 1.472318e-09
2 9.263928e-10
3 5.833128e-10
4 3.747297e-10
5 2.464351e-10
6 1.638508e-10
7 1.076445e-10
8 6.826294e-11
9 4.104798e-11
10 2.317178e-11
11 1.225992e-11
12 6.119826e-12
13 2.914584e-12
14 1.340920e-12
15 3.821704e-09
16 2.543839e-09
17 1.618299e-09
18 1.008810e-09
19 6.376403e-10
20 4.126851e-10
21 2.728939e-10
22 1.809503e-10
23 1.173716e-10
24 7.286468e-11
25 4.263170e-11
26 2.335948e-11
27 1.201444e-11
28 5.853897e-12
29 2.735459e-12
30 4.388328e-09
31 2.941491e-09
32 1.882139e-09
33 1.172381e-09
34 7.379275e-10
35 4.750007e-10
36 3.130065e-10
37 2.076909e-10
38 1.353585e-10
39 8.470788e-11
40 5.007259e-11
41 2.773803e-11
42 1.440807e-11
43 7.077028e-12
44 3.325946e-12
45 4.701861e-09
46 3.161706e-09
47 2.028390e-09
48 1.263170e-09
49 7.935646e-10
50 5.095544e-10
51 3.352845e-10
52 2.224630e-10
53 1.453084e-10
54 9.126001e-11
55 5.418591e-11
56 3.015592e-11
57 1.573470e-11
58 7.756001e-12
59 3.654289e-12
60 4.912032e-09
61 3.309542e-09
62 2.126409e-09
63 1.324035e-09
64 8.308488e-10
65 5.327846e-10
66 3.502390e-10
67 2.324190e-10
68 1.519750e-10
69 9.566299e-11
70 5.696288e-11
71 3.179368e-11
72 1.662746e-11
73 8.211899e-12
74 3.876605e-12
75 5.069924e-09
76 3.420215e-09
77 2.200025e-09
78 1.369645e-09
79 8.588491e-10
80 5.502089e-10
81 3.614307e-10
82 2.398666e-10
83 1.570218e-10
84 9.898605e-11
85 5.903278e-11
86 3.301013e-11
87 1.729691e-11
88 8.554544e-12
89 4.040709e-12
90 5.197738e-09
91 3.510169e-09
92 2.259677e-09
93 1.406937e-09
94 8.816661e-10
95 5.643203e-10
96 3.705529e-10
97 2.459322e-10
98 1.611065e-10
99 1.016690e-10
100 6.072889e-11
101 3.400707e-11
102 1.784147e-11
103 8.833053e-12
104 4.175502e-12
105 5.319646e-09
106 3.595101e-09
107 2.316437e-09
108 1.442074e-09
109 9.031644e-10
110 5.777360e-10
111 3.791769e-10
112 2.516745e-10
113 1.648935e-10
114 1.041619e-10
115 6.228509e-11
116 3.493331e-11
117 1.835115e-11
118 9.093231e-12
119 4.297896e-12
120 5.416930e-09
121 3.664084e-09
122 2.362324e-09
123 1.470452e-09
124 9.205305e-10
125 5.884639e-10
126 3.860364e-10
127 2.562702e-10
128 1.680457e-10
129 1.062447e-10
130 6.361006e-11
131 3.570202e-11
132 1.877017e-11
133 9.308265e-12
134 4.405414e-12
135 5.538648e-09
136 3.749169e-09
137 2.419464e-09
138 1.505988e-09
139 9.422617e-10
140 6.020252e-10
141 3.947800e-10
142 2.620079e-10
143 1.719468e-10
144 1.088337e-10
145 6.522881e-11
146 3.665462e-11
147 1.929251e-11
148 9.573669e-12
149 4.533633e-12
150 7.914231e-09
151 5.450252e-09
152 3.580949e-09
153 2.237833e-09
154 1.387571e-09
155 8.746902e-10
156 5.670926e-10
157 3.752070e-10
158 2.480551e-10
159 1.597088e-10
160 9.797881e-11
161 5.649261e-11
162 3.046545e-11
163 1.542844e-11
164 7.415777e-12
165 1.000566e-08
166 6.978541e-09
167 4.651321e-09
168 2.937412e-09
169 1.812295e-09
170 1.133093e-09
171 7.266397e-10
172 4.776240e-10
173 3.162027e-10
174 2.054632e-10
175 1.280182e-10
176 7.524590e-11
177 4.139824e-11
178 2.134746e-11
179 1.040710e-11
180 1.123208e-08
181 7.880258e-09
182 5.284069e-09
183 3.355003e-09
184 2.066987e-09
185 1.288123e-09
186 8.217765e-10
187 5.383891e-10
188 3.564315e-10
189 2.324660e-10
190 1.457875e-10
191 8.638883e-11
192 4.794572e-11
193 2.492421e-11
194 1.223103e-11
195 1.205943e-08
196 8.489598e-09
197 5.712170e-09
198 3.637677e-09
199 2.239729e-09
200 1.393042e-09
201 8.861081e-10
202 5.795527e-10
203 3.836518e-10
204 2.507193e-10
205 1.577993e-10
206 9.393584e-11
207 5.238514e-11
208 2.735126e-11
209 1.346933e-11
210 1.267921e-08
211 8.946487e-09
212 6.033598e-09
213 3.848975e-09
214 2.369111e-09
215 1.471713e-09
216 9.344223e-10
217 6.103262e-10
218 4.040127e-10
219 2.643689e-10
220 1.667744e-10
221 9.958302e-11
222 5.570849e-11
223 2.916439e-11
224 1.439611e-11
225 1.318328e-08
226 9.316500e-09
227 6.292993e-09
228 4.021196e-09
229 2.473820e-09
230 1.535470e-09
231 9.734762e-10
232 6.353122e-10
233 4.205393e-10
234 2.754482e-10
235 1.740715e-10
236 1.041467e-10
237 5.838741e-11
238 3.063337e-11
239 1.514540e-11
240 1.364422e-08
241 9.655266e-09
242 6.531139e-09
243 4.178202e-09
244 2.570083e-09
245 1.593974e-09
246 1.009314e-09
247 6.581399e-10
248 4.357334e-10
249 2.856210e-10
250 1.807527e-10
251 1.083306e-10
252 6.084755e-11
253 3.197570e-11
254 1.582436e-11
255 1.403763e-08
256 9.945512e-09
257 6.735912e-09
258 4.313910e-09
259 2.652498e-09
260 1.643985e-09
261 1.040017e-09
262 6.776868e-10
263 4.486879e-10
264 2.943170e-10
265 1.864887e-10
266 1.119477e-10
267 6.297655e-11
268 3.313806e-11
269 1.642236e-11
270 1.452213e-08
271 1.030198e-08
272 6.986181e-09
273 4.478740e-09
274 2.753069e-09
275 1.705595e-09
276 1.077973e-09
277 7.018776e-10
278 4.645821e-10
279 3.049848e-10
280 1.935234e-10
281 1.163655e-10
282 6.556676e-11
283 3.455632e-11
284 1.714596e-11
285 1.365481e-08
286 9.716672e-09
287 6.600160e-09
288 4.259536e-09
289 2.625681e-09
290 1.626050e-09
291 1.025126e-09
292 6.649128e-10
293 4.385890e-10
294 2.874464e-10
295 1.825185e-10
296 1.101031e-10
297 6.237295e-11
298 3.308269e-11
299 1.651371e-11
300 1.606856e-08
301 1.156571e-08
302 7.928041e-09
303 5.174997e-09
304 3.202444e-09
305 1.973473e-09
306 1.234435e-09
307 7.944551e-10
308 5.220832e-10
309 3.429366e-10
310 2.194653e-10
311 1.339843e-10
312 7.699274e-11
313 4.143642e-11
314 2.095249e-11
315 1.773498e-08
316 1.285087e-08
317 8.853561e-09
318 5.815565e-09
319 3.609127e-09
320 2.217729e-09
321 1.381931e-09
322 8.854586e-10
323 5.804911e-10
324 3.816323e-10
325 2.452109e-10
326 1.506540e-10
327 8.723246e-11
328 4.731316e-11
329 2.409077e-11
330 1.898899e-08
331 1.381777e-08
332 9.547666e-09
333 6.294635e-09
334 3.914421e-09
335 2.401373e-09
336 1.492645e-09
337 9.538069e-10
338 6.244671e-10
339 4.107108e-10
340 2.645352e-10
341 1.631669e-10
342 9.492188e-11
343 5.172923e-11
344 2.644948e-11
345 2.000486e-08
346 1.460114e-08
347 1.011327e-08
348 6.686172e-09
349 4.162125e-09
350 2.550394e-09
351 1.582403e-09
352 1.009212e-09
353 6.599529e-10
354 4.342387e-10
355 2.802171e-10
356 1.733170e-10
357 1.011552e-10
358 5.530975e-11
359 2.836320e-11
360 2.092839e-08
361 1.531224e-08
362 1.062500e-08
363 7.038064e-09
364 4.385608e-09
365 2.685119e-09
366 1.663601e-09
367 1.059370e-09
368 6.921767e-10
369 4.556017e-10
370 2.944003e-10
371 1.824853e-10
372 1.067786e-10
373 5.853140e-11
374 3.008196e-11
375 2.173040e-08
376 1.593207e-08
377 1.107162e-08
378 7.348126e-09
379 4.582097e-09
380 2.803445e-09
381 1.734894e-09
382 1.103255e-09
383 7.203414e-10
384 4.742683e-10
385 3.068462e-10
386 1.905533e-10
387 1.117426e-10
388 6.138557e-11
389 3.160868e-11
390 2.271104e-08
391 1.668913e-08
392 1.161624e-08
393 7.724673e-09
394 4.821559e-09
395 2.947967e-09
396 1.821984e-09
397 1.157008e-09
398 7.547303e-10
399 4.970902e-10
400 3.220267e-10
401 2.003846e-10
402 1.177837e-10
403 6.484859e-11
404 3.345930e-11
405 1.967386e-08
406 1.441927e-08
407 1.000747e-08
408 6.634538e-09
409 4.153035e-09
410 2.543434e-09
411 1.577266e-09
412 1.002779e-09
413 6.536305e-10
414 4.292625e-10
415 2.769448e-10
416 1.715963e-10
417 1.005124e-10
418 5.523070e-11
419 2.847861e-11
420 2.233829e-08
421 1.656431e-08
422 1.158684e-08
423 7.746171e-09
424 4.890703e-09
425 2.987227e-09
426 1.844435e-09
427 1.163865e-09
428 7.543120e-10
429 4.947294e-10
430 3.203656e-10
431 2.000736e-10
432 1.184558e-10
433 6.587632e-11
434 3.436723e-11
435 2.435822e-08
436 1.820006e-08
437 1.279142e-08
438 8.597363e-09
439 5.456213e-09
440 3.328461e-09
441 2.050206e-09
442 1.287574e-09
443 8.316439e-10
444 5.448649e-10
445 3.535777e-10
446 2.218537e-10
447 1.321957e-10
448 7.404742e-11
449 3.890028e-11
450 2.600793e-08
451 1.952800e-08
452 1.377325e-08
453 9.289595e-09
454 5.915632e-09
455 3.606489e-09
456 2.217097e-09
457 1.388220e-09
458 8.942193e-10
459 5.855584e-10
460 3.805350e-10
461 2.395316e-10
462 1.433477e-10
463 8.067853e-11
464 4.257978e-11
465 2.748931e-08
466 2.072463e-08
467 1.465520e-08
468 9.908865e-09
469 6.327620e-09
470 3.855719e-09
471 2.366741e-09
472 1.478450e-09
473 9.507014e-10
474 6.221802e-10
475 4.047717e-10
476 2.554059e-10
477 1.533495e-10
478 8.662016e-11
479 4.587330e-11
480 2.879728e-08
481 2.178114e-08
482 1.543865e-08
483 1.046123e-08
484 6.696180e-09
485 4.077930e-09
486 2.500542e-09
487 1.558695e-09
488 1.000744e-09
489 6.546550e-10
490 4.263227e-10
491 2.695565e-10
492 1.622876e-10
493 9.193731e-11
494 4.882586e-11
495 3.038500e-08
496 2.306321e-08
497 1.638428e-08
498 1.112878e-08
499 7.139567e-09
500 4.345851e-09
501 2.661691e-09
502 1.655813e-09
503 1.061292e-09
504 6.939421e-10
505 4.523356e-10
506 2.865975e-10
507 1.730496e-10
508 9.834196e-11
509 5.237967e-11
510 2.601640e-08
511 1.962162e-08
512 1.388343e-08
513 9.378777e-09
514 6.001686e-09
515 3.665949e-09
516 2.252035e-09
517 1.406380e-09
518 9.032738e-10
519 5.900533e-10
520 3.831435e-10
521 2.414118e-10
522 1.448631e-10
523 8.186816e-11
524 4.342429e-11
525 2.893386e-08
526 2.207549e-08
527 1.574484e-08
528 1.070777e-08
529 6.911785e-09
530 4.229129e-09
531 2.589220e-09
532 1.606382e-09
533 1.025579e-09
534 6.676902e-10
535 4.340002e-10
536 2.748585e-10
537 1.662930e-10
538 9.493121e-11
539 5.088980e-11
540 3.132001e-08
541 2.408568e-08
542 1.727205e-08
543 1.180083e-08
544 7.659801e-09
545 4.694352e-09
546 2.866624e-09
547 1.771302e-09
548 1.125970e-09
549 7.314758e-10
550 4.757368e-10
551 3.022954e-10
552 1.838770e-10
553 1.056595e-10
554 5.703039e-11
555 3.345781e-08
556 2.588368e-08
557 1.863847e-08
558 1.277469e-08
559 8.326840e-09
560 5.107912e-09
561 3.114183e-09
562 1.918590e-09
563 1.215896e-09
564 7.884808e-10
565 5.130235e-10
566 3.267882e-10
567 1.995574e-10
568 1.152149e-10
569 6.249358e-11
570 3.537111e-08
571 2.750107e-08
572 1.987106e-08
573 1.365621e-08
574 8.932279e-09
575 5.483816e-09
576 3.338685e-09
577 2.051684e-09
578 1.297024e-09
579 8.399186e-10
580 5.466920e-10
581 3.489362e-10
582 2.137682e-10
583 1.238975e-10
584 6.746989e-11
585 3.768193e-08
586 2.944433e-08
587 2.134909e-08
588 1.471168e-08
589 9.654051e-09
590 5.932307e-09
591 3.606762e-09
592 2.210767e-09
593 1.394054e-09
594 9.014452e-10
595 5.869523e-10
596 3.754074e-10
597 2.307351e-10
598 1.342490e-10
599 7.339478e-11
600 3.278330e-08
601 2.541342e-08
602 1.833979e-08
603 1.257967e-08
604 8.213373e-09
605 5.057094e-09
606 3.081155e-09
607 1.897427e-09
608 1.200537e-09
609 7.769684e-10
610 5.047325e-10
611 3.212839e-10
612 1.962761e-10
613 1.134966e-10
614 6.172062e-11
615 3.602609e-08
616 2.824814e-08
617 2.056157e-08
618 1.419092e-08
619 9.336094e-09
620 5.779473e-09
621 3.509592e-09
622 2.151635e-09
623 1.352593e-09
624 8.713225e-10
625 5.654700e-10
626 3.610351e-10
627 2.219584e-10
628 1.294530e-10
629 7.108389e-11
630 3.893401e-08
631 3.078826e-08
632 2.255449e-08
633 1.563268e-08
634 1.034144e-08
635 6.426397e-09
636 3.893929e-09
637 2.379752e-09
638 1.489265e-09
639 9.559664e-10
640 6.199158e-10
641 3.966348e-10
642 2.449384e-10
643 1.437211e-10
644 7.945432e-11
645 4.155656e-08
646 3.309035e-08
647 2.436572e-08
648 1.694829e-08
649 1.125943e-08
650 7.018089e-09
651 4.244815e-09
652 2.588140e-09
653 1.613633e-09
654 1.032955e-09
655 6.694303e-10
656 4.290388e-10
657 2.658916e-10
658 1.567593e-10
659 8.711871e-11
660 4.470784e-08
661 3.584281e-08
662 2.652821e-08
663 1.851521e-08
664 1.235118e-08
665 7.721694e-09
666 4.662643e-09
667 2.835804e-09
668 1.761766e-09
669 1.124753e-09
670 7.284500e-10
671 4.676514e-10
672 2.908398e-10
673 1.722651e-10
674 9.622462e-11
675 4.019320e-08
676 3.199931e-08
677 2.358394e-08
678 1.641116e-08
679 1.089961e-08
680 6.813510e-09
681 4.124337e-09
682 2.517051e-09
683 1.568118e-09
684 1.002481e-09
685 6.485852e-10
686 4.150108e-10
687 2.569266e-10
688 1.514314e-10
689 8.421936e-11
690 4.401348e-08
691 3.544608e-08
692 2.638191e-08
693 1.847300e-08
694 1.235282e-08
695 7.779418e-09
696 4.701997e-09
697 2.860608e-09
698 1.770330e-09
699 1.124997e-09
700 7.258354e-10
701 4.650223e-10
702 2.892706e-10
703 1.717715e-10
704 9.639766e-11
705 4.748213e-08
706 3.860343e-08
707 2.894731e-08
708 2.037390e-08
709 1.369387e-08
710 8.672938e-09
711 5.236382e-09
712 3.177876e-09
713 1.956822e-09
714 1.237767e-09
715 7.968852e-10
716 5.109994e-10
717 3.190369e-10
718 1.905265e-10
719 1.076566e-10
720 5.163291e-08
721 4.236503e-08
722 3.199203e-08
723 2.262673e-08
724 1.528150e-08
725 9.730602e-09
726 5.869183e-09
727 3.554064e-09
728 2.177771e-09
729 1.371619e-09
730 8.811497e-10
731 5.655309e-10
732 3.543225e-10
733 2.127359e-10
734 1.209759e-10
735 4.886599e-08
736 3.996217e-08
737 3.014445e-08
738 2.130864e-08
739 1.436740e-08
740 9.150107e-09
741 5.536009e-09
742 3.355190e-09
743 2.058116e-09
744 1.296523e-09
745 8.319524e-10
746 5.328336e-10
747 3.330130e-10
748 1.994831e-10
749 1.132516e-10
750 5.340515e-08
751 4.422466e-08
752 3.373793e-08
753 2.403152e-08
754 1.630833e-08
755 1.047625e-08
756 6.349741e-09
757 3.836064e-09
758 2.337653e-09
759 1.462395e-09
760 9.339685e-10
761 5.977307e-10
762 3.748083e-10
763 2.259980e-10
764 1.294385e-10
765 5.881113e-08
766 4.929033e-08
767 3.798589e-08
768 2.725173e-08
769 1.860397e-08
770 1.204443e-08
771 7.312753e-09
772 4.405512e-09
773 2.668376e-09
774 1.658837e-09
775 1.054776e-09
776 6.745876e-10
777 4.242851e-10
778 2.573599e-10
779 1.485691e-10
780 5.925736e-08
781 4.988290e-08
782 3.865888e-08
783 2.786315e-08
784 1.907145e-08
785 1.239661e-08
786 7.566537e-09
787 4.550197e-09
788 2.751712e-09
789 1.704086e-09
790 1.079272e-09
791 6.883453e-10
792 4.325810e-10
793 2.627026e-10
794 1.521104e-10
795 6.634623e-08
796 5.674988e-08
797 4.464974e-08
798 3.255312e-08
799 2.246379e-08
800 1.475616e-08
801 9.073919e-09
802 5.434888e-09
803 3.266119e-09
804 2.003276e-09
805 1.258352e-09
806 7.994815e-10
807 5.031469e-10
808 3.074290e-10
809 1.797315e-10
810 7.615392e-08
811 6.659990e-08
812 5.363930e-08
813 3.988580e-08
814 2.789127e-08
815 1.858597e-08
816 1.162627e-08
817 6.946099e-09
818 4.150150e-09
819 2.507222e-09
820 1.550587e-09
821 9.748556e-10
822 6.117673e-10
823 3.755939e-10
824 2.220564e-10
825 5.064608e-07
826 3.699275e-07
827 2.741096e-07
828 1.706606e-07
829 1.039584e-07
830 6.158619e-08
831 3.760383e-08
832 2.412282e-08
833 1.628340e-08
834 0.000000e+00
835 0.000000e+00
836 0.000000e+00
837 0.000000e+00
838 0.000000e+00
839 0.000000e+00
840 7.609765e-07
841 5.559615e-07
842 4.124017e-07
843 2.596374e-07
844 1.577836e-07
845 9.335781e-08
846 5.689771e-08
847 3.636711e-08
848 2.448265e-08
849 0.000000e+00
850 0.000000e+00
851 0.000000e+00
852 0.000000e+00
853 0.000000e+00
854 0.000000e+00
855 9.034708e-07
856 6.601393e-07
857 4.898344e-07
858 3.095543e-07
859 1.879543e-07
860 1.111685e-07
861 6.771198e-08
862 4.322638e-08
863 2.907417e-08
864 0.000000e+00
865 0.000000e+00
866 0.000000e+00
867 0.000000e+00
868 0.000000e+00
869 0.000000e+00
870 9.993278e-07
871 7.302182e-07
872 5.419243e-07
873 3.431341e-07
874 2.082519e-07
875 1.231503e-07
876 7.498702e-08
877 4.784112e-08
878 3.216291e-08
879 0.000000e+00
880 0.000000e+00
881 0.000000e+00
882 0.000000e+00
883 0.000000e+00
884 0.000000e+00
885 1.071193e-06
886 7.827614e-07
887 5.809742e-07
888 3.683088e-07
889 2.234694e-07
890 1.321335e-07
891 8.044121e-08
892 5.130076e-08
893 3.447879e-08
894 0.000000e+00
895 0.000000e+00
896 0.000000e+00
897 0.000000e+00
898 0.000000e+00
899 0.000000e+00
900 1.129439e-06
901 8.253442e-07
902 6.126261e-07
903 3.887123e-07
904 2.358020e-07
905 1.394142e-07
906 8.486152e-08
907 5.410480e-08
908 3.635564e-08
909 0.000000e+00
910 0.000000e+00
911 0.000000e+00
912 0.000000e+00
913 0.000000e+00
914 0.000000e+00
915 1.182340e-06
916 8.640177e-07
917 6.413695e-07
918 4.072325e-07
919 2.469979e-07
920 1.460230e-07
921 8.887488e-08
922 5.665087e-08
923 3.806018e-08
924 0.000000e+00
925 0.000000e+00
926 0.000000e+00
927 0.000000e+00
928 0.000000e+00
929 0.000000e+00
930 1.228460e-06
931 8.977376e-07
932 6.664337e-07
933 4.234011e-07
934 2.567693e-07
935 1.517905e-07
936 9.237652e-08
937 5.887147e-08
938 3.954628e-08
939 0.000000e+00
940 0.000000e+00
941 0.000000e+00
942 0.000000e+00
943 0.000000e+00
944 0.000000e+00
945 1.284683e-06
946 9.388454e-07
947 6.969857e-07
948 4.430983e-07
949 2.686743e-07
950 1.588185e-07
951 9.664394e-08
952 6.157795e-08
953 4.135810e-08
954 0.000000e+00
955 0.000000e+00
956 0.000000e+00
957 0.000000e+00
958 0.000000e+00
959 0.000000e+00
960 3.383810e-07
961 2.695473e-07
962 1.955355e-07
963 1.466325e-07
964 9.075627e-08
965 5.554660e-08
966 3.228586e-08
967 1.930485e-08
968 1.209684e-08
969 8.008328e-09
970 0.000000e+00
971 0.000000e+00
972 0.000000e+00
973 0.000000e+00
974 0.000000e+00
975 5.201956e-07
976 4.171329e-07
977 3.028747e-07
978 2.269216e-07
979 1.422183e-07
980 8.671435e-08
981 5.036622e-08
982 3.007619e-08
983 1.878029e-08
984 1.239773e-08
985 0.000000e+00
986 0.000000e+00
987 0.000000e+00
988 0.000000e+00
989 0.000000e+00
990 6.448120e-07
991 5.183992e-07
992 3.765467e-07
993 2.820115e-07
994 1.775998e-07
995 1.081224e-07
996 6.278599e-08
997 3.747520e-08
998 2.336911e-08
999 1.541004e-08
1000 0.000000e+00
1001 0.000000e+00
1002 0.000000e+00
1003 0.000000e+00
1004 0.000000e+00
1005 7.382357e-07
1006 5.943126e-07
1007 4.317715e-07
1008 3.233096e-07
1009 2.041234e-07
1010 1.241698e-07
1011 7.209649e-08
1012 4.302199e-08
1013 2.680897e-08
1014 1.766814e-08
1015 0.000000e+00
1016 0.000000e+00
1017 0.000000e+00
1018 0.000000e+00
1019 0.000000e+00
1020 8.139596e-07
1021 6.558390e-07
1022 4.765327e-07
1023 3.567807e-07
1024 2.256220e-07
1025 1.371778e-07
1026 7.964314e-08
1027 4.751755e-08
1028 2.959718e-08
1029 1.949827e-08
1030 0.000000e+00
1031 0.000000e+00
1032 0.000000e+00
1033 0.000000e+00
1034 0.000000e+00
1035 8.815697e-07
1036 7.107695e-07
1037 5.164964e-07
1038 3.866630e-07
1039 2.448082e-07
1040 1.487877e-07
1041 8.637876e-08
1042 5.153056e-08
1043 3.208616e-08
1044 2.113237e-08
1045 0.000000e+00
1046 0.000000e+00
1047 0.000000e+00
1048 0.000000e+00
1049 0.000000e+00
1050 9.426736e-07
1051 7.604327e-07
1052 5.526249e-07
1053 4.136780e-07
1054 2.621647e-07
1055 1.592896e-07
1056 9.247120e-08
1057 5.515972e-08
1058 3.433673e-08
1059 2.260959e-08
1060 0.000000e+00
1061 0.000000e+00
1062 0.000000e+00
1063 0.000000e+00
1064 0.000000e+00
1065 1.015768e-06
1066 8.198310e-07
1067 5.958365e-07
1068 4.459927e-07
1069 2.829175e-07
1070 1.718473e-07
1071 9.975607e-08
1072 5.949995e-08
1073 3.702828e-08
1074 2.437647e-08
1075 0.000000e+00
1076 0.000000e+00
1077 0.000000e+00
1078 0.000000e+00
1079 0.000000e+00
1080 1.993016e-07
1081 1.812896e-07
1082 1.396935e-07
1083 1.010175e-07
1084 7.570062e-08
1085 4.376952e-08
1086 2.682851e-08
1087 1.546719e-08
1088 9.144973e-09
1089 5.688927e-09
1090 0.000000e+00
1091 0.000000e+00
1092 0.000000e+00
1093 0.000000e+00
1094 0.000000e+00
1095 3.303658e-07
1096 3.017884e-07
1097 2.334610e-07
1098 1.687223e-07
1099 1.266171e-07
1100 7.360168e-08
1101 4.522891e-08
1102 2.601565e-08
1103 1.532916e-08
1104 9.514940e-09
1105 0.000000e+00
1106 0.000000e+00
1107 0.000000e+00
1108 0.000000e+00
1109 0.000000e+00
1110 4.306281e-07
1111 3.940344e-07
1112 3.052905e-07
1113 2.205837e-07
1114 1.656231e-07
1115 9.648071e-08
1116 5.934317e-08
1117 3.410489e-08
1118 2.006901e-08
1119 1.244631e-08
1120 0.000000e+00
1121 0.000000e+00
1122 0.000000e+00
1123 0.000000e+00
1124 0.000000e+00
1125 5.118675e-07
1126 4.687719e-07
1127 3.634880e-07
1128 2.626035e-07
1129 1.972257e-07
1130 1.150174e-07
1131 7.077884e-08
1132 4.065897e-08
1133 2.390921e-08
1134 1.482137e-08
1135 0.000000e+00
1136 0.000000e+00
1137 0.000000e+00
1138 0.000000e+00
1139 0.000000e+00
1140 5.837712e-07
1141 5.349243e-07
1142 4.149953e-07
1143 2.997934e-07
1144 2.251963e-07
1145 1.314221e-07
1146 8.089913e-08
1147 4.645929e-08
1148 2.730792e-08
1149 1.692335e-08
1150 0.000000e+00
1151 0.000000e+00
1152 0.000000e+00
1153 0.000000e+00
1154 0.000000e+00
1155 6.499630e-07
1156 5.958254e-07
1157 4.624212e-07
1158 3.340351e-07
1159 2.509506e-07
1160 1.465295e-07
1161 9.021925e-08
1162 5.180077e-08
1163 3.043750e-08
1164 1.885873e-08
1165 0.000000e+00
1166 0.000000e+00
1167 0.000000e+00
1168 0.000000e+00
1169 0.000000e+00
1170 7.283846e-07
1171 6.679733e-07
1172 5.186008e-07
1173 3.745984e-07
1174 2.814577e-07
1175 1.644239e-07
1176 1.012585e-07
1177 5.812754e-08
1178 3.414473e-08
1179 2.115149e-08
1180 0.000000e+00
1181 0.000000e+00
1182 0.000000e+00
1183 0.000000e+00
1184 0.000000e+00
1185 1.324879e-07
1186 1.307891e-07
1187 1.099988e-07
1188 8.035888e-08
1189 5.969361e-08
1190 4.058334e-08
1191 2.394382e-08
1192 1.364290e-08
1193 7.887312e-09
1194 4.660496e-09
1195 2.919095e-09
1196 0.000000e+00
1197 0.000000e+00
1198 0.000000e+00
1199 0.000000e+00
1200 2.310490e-07
1201 2.287166e-07
1202 1.930589e-07
1203 1.412757e-07
1204 1.047787e-07
1205 7.172117e-08
1206 4.211194e-08
1207 2.402748e-08
1208 1.390915e-08
1209 8.204351e-09
1210 5.128535e-09
1211 0.000000e+00
1212 0.000000e+00
1213 0.000000e+00
1214 0.000000e+00
1215 3.123232e-07
1216 3.095005e-07
1217 2.616148e-07
1218 1.915694e-07
1219 1.419926e-07
1220 9.744472e-08
1221 5.711211e-08
1222 3.260331e-08
1223 1.888242e-08
1224 1.113064e-08
1225 6.952519e-09
1226 0.000000e+00
1227 0.000000e+00
1228 0.000000e+00
1229 0.000000e+00
1230 3.838659e-07
1231 3.806100e-07
1232 3.219543e-07
1233 2.358347e-07
1234 1.747461e-07
1235 1.200860e-07
1236 7.031440e-08
1237 4.015154e-08
1238 2.325971e-08
1239 1.370631e-08
1240 8.557863e-09
1241 0.000000e+00
1242 0.000000e+00
1243 0.000000e+00
1244 0.000000e+00
1245 4.503977e-07
1246 4.467362e-07
1247 3.780737e-07
1248 2.770046e-07
1249 2.052095e-07
1250 1.411454e-07
1251 8.259382e-08
1252 4.717229e-08
1253 2.733118e-08
1254 1.610194e-08
1255 1.005098e-08
1256 0.000000e+00
1257 0.000000e+00
1258 0.000000e+00
1259 0.000000e+00
1260 5.288015e-07
1261 5.246659e-07
1262 4.442070e-07
1263 3.255223e-07
1264 2.411084e-07
1265 1.659601e-07
1266 9.706421e-08
1267 5.544503e-08
1268 3.212871e-08
1269 1.892488e-08
1270 1.181051e-08
1271 0.000000e+00
1272 0.000000e+00
1273 0.000000e+00
1274 0.000000e+00
1275 9.522672e-08
1276 9.915980e-08
1277 8.974268e-08
1278 6.866215e-08
1279 4.963119e-08
1280 3.717845e-08
1281 2.100894e-08
1282 1.268907e-08
1283 7.169281e-09
1284 4.140530e-09
1285 2.478669e-09
1286 0.000000e+00
1287 0.000000e+00
1288 0.000000e+00
1289 0.000000e+00
1290 1.734508e-07
1291 1.809839e-07
1292 1.642940e-07
1293 1.260375e-07
1294 9.104701e-08
1295 6.830676e-08
1296 3.870719e-08
1297 2.345327e-08
1298 1.322196e-08
1299 7.618178e-09
1300 4.551725e-09
1301 0.000000e+00
1302 0.000000e+00
1303 0.000000e+00
1304 0.000000e+00
1305 2.428890e-07
1306 2.536337e-07
1307 2.305052e-07
1308 1.770084e-07
1309 1.278388e-07
1310 9.596259e-08
1311 5.443787e-08
1312 3.302341e-08
1313 1.860227e-08
1314 1.070846e-08
1315 6.393528e-09
1316 0.000000e+00
1317 0.000000e+00
1318 0.000000e+00
1319 0.000000e+00
1320 3.078577e-07
1321 3.216065e-07
1322 2.924568e-07
1323 2.247029e-07
1324 1.622652e-07
1325 1.218404e-07
1326 6.915697e-08
1327 4.197839e-08
1328 2.363663e-08
1329 1.359998e-08
1330 8.116900e-09
1331 0.000000e+00
1332 0.000000e+00
1333 0.000000e+00
1334 0.000000e+00
1335 3.841561e-07
1336 4.014323e-07
1337 3.652105e-07
1338 2.807097e-07
1339 2.026908e-07
1340 1.522281e-07
1341 8.644124e-08
1342 5.249408e-08
1343 2.954836e-08
1344 1.699550e-08
1345 1.014064e-08
1346 0.000000e+00
1347 0.000000e+00
1348 0.000000e+00
1349 0.000000e+00
1350 7.273644e-08
1351 7.873331e-08
1352 7.550340e-08
1353 6.119026e-08
1354 4.414547e-08
1355 3.327907e-08
1356 2.079142e-08
1357 1.274673e-08
1358 7.076636e-09
1359 3.896794e-09
1360 2.252094e-09
1361 1.369539e-09
1362 0.000000e+00
1363 0.000000e+00
1364 0.000000e+00
1365 1.386932e-07
1366 1.503708e-07
1367 1.445602e-07
1368 1.174983e-07
1369 8.482295e-08
1370 6.388327e-08
1371 4.017924e-08
1372 2.456175e-08
1373 1.363877e-08
1374 7.513961e-09
1375 4.332776e-09
1376 2.629150e-09
1377 0.000000e+00
1378 0.000000e+00
1379 0.000000e+00
1380 2.010031e-07
1381 2.180563e-07
1382 2.098198e-07
1383 1.707216e-07
1384 1.232755e-07
1385 9.281020e-08
1386 5.851418e-08
1387 3.573215e-08
1388 1.984300e-08
1389 1.093430e-08
1390 6.299816e-09
1391 3.819753e-09
1392 0.000000e+00
1393 0.000000e+00
1394 0.000000e+00
1395 2.739546e-07
1396 2.973002e-07
1397 2.862206e-07
1398 2.330303e-07
1399 1.682909e-07
1400 1.266749e-07
1401 7.997821e-08
1402 4.880901e-08
1403 2.710609e-08
1404 1.493828e-08
1405 8.602574e-09
1406 5.213599e-09
1407 0.000000e+00
1408 0.000000e+00
1409 0.000000e+00
1410 5.911787e-08
1411 6.597933e-08
1412 6.628262e-08
1413 5.693458e-08
1414 4.196618e-08
1415 3.090965e-08
1416 2.177525e-08
1417 1.242404e-08
1418 6.994456e-09
1419 3.957832e-09
1420 2.201510e-09
1421 1.283951e-09
1422 0.000000e+00
1423 0.000000e+00
1424 0.000000e+00
1425 1.179164e-07
1426 1.317881e-07
1427 1.326793e-07
1428 1.143052e-07
1429 8.439813e-08
1430 6.208359e-08
1431 4.394635e-08
1432 2.499096e-08
1433 1.410000e-08
1434 7.977348e-09
1435 4.434920e-09
1436 2.581355e-09
1437 0.000000e+00
1438 0.000000e+00
1439 0.000000e+00
1440 1.864659e-07
1441 2.085133e-07
1442 2.100928e-07
1443 1.811975e-07
1444 1.338744e-07
1445 9.843172e-08
1446 6.979941e-08
1447 3.964442e-08
1448 2.238585e-08
1449 1.266432e-08
1450 7.039246e-09
1451 4.094128e-09
1452 0.000000e+00
1453 0.000000e+00
1454 0.000000e+00
1455 5.130036e-08
1456 5.878770e-08
1457 6.144698e-08
1458 5.582883e-08
1459 4.281333e-08
1460 3.092239e-08
1461 2.322556e-08
1462 1.302055e-08
1463 7.787898e-09
1464 4.266922e-09
1465 2.352327e-09
1466 1.313480e-09
1467 0.000000e+00
1468 0.000000e+00
1469 0.000000e+00
1470 1.144183e-07
1471 1.312916e-07
1472 1.375004e-07
1473 1.252949e-07
1474 9.633713e-08
1475 6.954072e-08
1476 5.230450e-08
1477 2.941265e-08
1478 1.765429e-08
1479 9.654138e-09
1480 5.309451e-09
1481 2.958531e-09
1482 0.000000e+00
1483 0.000000e+00
1484 0.000000e+00
1485 5.357768e-08
1486 6.295575e-08
1487 6.826035e-08
1488 6.553095e-08
1489 5.313274e-08
1490 3.833814e-08
1491 2.892231e-08
1492 1.798238e-08
1493 1.094393e-08
1494 5.938822e-09
1495 3.127972e-09
1496 1.687663e-09
1497 9.398571e-10
1498 0.000000e+00
1499 0.000000e+00
1500 1.109684e-04
1501 8.086786e-05
1502 6.035546e-05
1503 3.805236e-05
1504 2.321989e-05
1505 1.369104e-05
1506 8.324421e-06
1507 5.304277e-06
1508 3.565556e-06
1509 0.000000e+00
1510 0.000000e+00
1511 0.000000e+00
1512 0.000000e+00
1513 0.000000e+00
1514 0.000000e+00
1515 5.757601e-05
1516 4.644359e-05
1517 3.369791e-05
1518 2.528332e-05
1519 1.597668e-05
1520 9.754545e-06
1521 5.648866e-06
1522 3.364481e-06
1523 2.093966e-06
1524 1.379138e-06
1525 0.000000e+00
1526 0.000000e+00
1527 0.000000e+00
1528 0.000000e+00
1529 0.000000e+00
1530 4.047788e-05
1531 3.713775e-05
1532 2.882267e-05
1533 2.080348e-05
1534 1.566222e-05
1535 9.111532e-06
1536 5.625604e-06
1537 3.225263e-06
1538 1.896511e-06
1539 1.174730e-06
1540 0.000000e+00
1541 0.000000e+00
1542 0.000000e+00
1543 0.000000e+00
1544 0.000000e+00
1545 2.912801e-05
1546 2.891312e-05
1547 2.448503e-05
1548 1.793535e-05
1549 1.328396e-05
1550 9.154542e-06
1551 5.351144e-06
1552 3.053081e-06
1553 1.771954e-06
1554 1.042590e-06
1555 6.506122e-07
1556 0.000000e+00
1557 0.000000e+00
1558 0.000000e+00
1559 0.000000e+00
1560 2.085098e-05
1561 2.179680e-05
1562 1.983793e-05
1563 1.524768e-05
1564 1.100576e-05
1565 8.274949e-06
1566 4.689296e-06
1567 2.850415e-06
1568 1.602925e-06
1569 9.233707e-07
1570 5.506294e-07
1571 0.000000e+00
1572 0.000000e+00
1573 0.000000e+00
1574 0.000000e+00
1575 1.487210e-05
1576 1.614453e-05
1577 1.554949e-05
1578 1.266314e-05
1579 9.143013e-06
1580 6.883420e-06
1581 4.347301e-06
1582 2.655947e-06
1583 1.474901e-06
1584 8.112783e-07
1585 4.673052e-07
1586 2.832009e-07
1587 0.000000e+00
1588 0.000000e+00
1589 0.000000e+00
1590 1.001028e-05
1591 1.119728e-05
1592 1.128693e-05
1593 9.739022e-06
1594 7.195644e-06
1595 5.289411e-06
1596 3.755371e-06
1597 2.130464e-06
1598 1.202339e-06
1599 6.811759e-07
1600 3.783133e-07
1601 2.200058e-07
1602 0.000000e+00
1603 0.000000e+00
1604 0.000000e+00
1605 6.201116e-06
1606 7.118100e-06
1607 7.458527e-06
1608 6.801106e-06
1609 5.231433e-06
1610 3.775220e-06
1611 2.841823e-06
1612 1.597077e-06
1613 9.596537e-07
1614 5.242846e-07
1615 2.885232e-07
1616 1.606418e-07
1617 0.000000e+00
1618 0.000000e+00
1619 0.000000e+00
1620 3.163407e-06
1621 3.720115e-06
1622 4.038202e-06
1623 3.883392e-06
1624 3.154630e-06
1625 2.276770e-06
1626 1.716871e-06
1627 1.071974e-06
1628 6.518364e-07
1629 3.538249e-07
1630 1.861971e-07
1631 1.003484e-07
1632 5.578990e-08
1633 0.000000e+00
1634 0.000000e+00
1635 8.891198e-07
1636 1.072208e-06
1637 1.206146e-06
1638 1.224576e-06
1639 1.066696e-06
1640 7.933436e-07
1641 5.815894e-07
1642 4.169104e-07
1643 2.343421e-07
1644 1.314261e-07
1645 7.164692e-08
1646 3.730540e-08
1647 1.958823e-08
1648 0.000000e+00
1649 0.000000e+00
