0 2.233763e-09
1 1.451852e-09
2 9.131803e-10
3 5.751927e-10
4 3.697079e-10
5 2.432586e-10
6 1.617642e-10
7 1.062414e-10
8 6.732362e-11
9 4.044057e-11
10 2.280038e-11
11 1.204845e-11
12 6.007650e-12
13 2.858738e-12
14 1.314426e-12
15 3.782302e-09
16 2.515887e-09
17 1.599429e-09
18 9.970460e-10
19 6.304568e-10
20 4.082616e-10
21 2.700730e-10
22 1.790856e-10
23 1.161152e-10
24 7.203025e-11
25 4.210018e-11
26 2.304161e-11
27 1.183779e-11
28 5.762523e-12
29 2.690873e-12
30 4.336297e-09
31 2.904262e-09
32 1.856664e-09
33 1.156285e-09
34 7.281216e-10
35 4.689896e-10
36 3.092149e-10
37 2.052087e-10
38 1.336909e-10
39 8.359365e-11
40 4.935513e-11
41 2.730269e-11
42 1.416257e-11
43 6.948066e-12
44 3.262354e-12
45 4.642094e-09
46 3.118800e-09
47 1.998862e-09
48 1.244383e-09
49 7.821501e-10
50 5.025725e-10
51 3.308993e-10
52 2.196017e-10
53 1.433887e-10
54 8.997504e-11
55 5.335533e-11
56 2.964873e-11
57 1.544643e-11
58 7.603646e-12
59 3.578899e-12
60 4.847107e-09
61 3.262788e-09
62 2.094125e-09
63 1.303465e-09
64 8.183459e-10
65 5.251475e-10
66 3.454531e-10
67 2.293021e-10
68 1.498856e-10
69 9.426354e-11
70 5.605541e-11
71 3.123743e-11
72 1.631071e-11
73 8.043863e-12
74 3.792137e-12
75 5.001087e-09
76 3.370609e-09
77 2.165720e-09
78 1.347727e-09
79 8.455354e-10
80 5.420826e-10
81 3.563545e-10
82 2.365592e-10
83 1.548060e-10
84 9.749964e-11
85 5.806853e-11
86 3.241870e-11
87 1.695855e-11
88 8.374984e-12
89 3.951506e-12
90 5.125798e-09
91 3.458247e-09
92 2.223733e-09
93 1.383922e-09
94 8.676931e-10
95 5.557981e-10
96 3.652278e-10
97 2.424679e-10
98 1.587881e-10
99 1.001136e-10
100 5.971829e-11
101 3.338613e-11
102 1.748619e-11
103 8.644021e-12
104 4.081334e-12
105 5.235554e-09
106 3.534811e-09
107 2.274936e-09
108 1.415597e-09
109 8.870272e-10
110 5.678467e-10
111 3.729713e-10
112 2.476353e-10
113 1.621939e-10
114 1.023620e-10
115 6.112291e-11
116 3.422530e-11
117 1.794793e-11
118 8.879833e-12
119 4.191890e-12
120 5.339600e-09
121 3.608189e-09
122 2.323511e-09
123 1.445568e-09
124 9.054265e-10
125 5.792544e-10
126 3.802934e-10
127 2.525413e-10
128 1.655498e-10
129 1.045700e-10
130 6.251968e-11
131 3.503028e-11
132 1.838477e-11
133 9.103112e-12
134 4.302968e-12
135 5.457639e-09
136 3.690609e-09
137 2.378797e-09
138 1.479905e-09
139 9.264173e-10
140 5.923684e-10
141 3.887614e-10
142 2.581029e-10
143 1.693323e-10
144 1.070811e-10
145 6.408629e-11
146 3.595112e-11
147 1.888852e-11
148 9.358235e-12
149 4.426138e-12
150 7.899021e-09
151 5.438637e-09
152 3.572452e-09
153 2.231769e-09
154 1.383918e-09
155 8.724817e-10
156 5.657883e-10
157 3.744082e-10
158 2.475394e-10
159 1.593610e-10
160 9.774174e-11
161 5.633563e-11
162 3.036786e-11
163 1.537256e-11
164 7.386135e-12
165 9.985590e-09
166 6.962813e-09
167 4.639829e-09
168 2.929037e-09
169 1.807100e-09
170 1.129927e-09
171 7.247985e-10
172 4.765105e-10
173 3.154972e-10
174 2.049930e-10
175 1.276984e-10
176 7.503241e-11
177 4.126312e-11
178 2.126813e-11
179 1.036463e-11
180 1.120311e-08
181 7.857174e-09
182 5.267164e-09
183 3.342650e-09
184 2.059215e-09
185 1.283435e-09
186 8.190295e-10
187 5.367291e-10
188 3.553930e-10
189 2.317728e-10
190 1.453173e-10
191 8.607472e-11
192 4.774573e-11
193 2.480624e-11
194 1.216681e-11
195 1.202362e-08
196 8.461171e-09
197 5.691338e-09
198 3.622354e-09
199 2.229984e-09
200 1.387189e-09
201 8.826686e-10
202 5.774977e-10
203 3.823560e-10
204 2.498681e-10
205 1.572219e-10
206 9.354907e-11
207 5.213828e-11
208 2.720475e-11
209 1.338880e-11
210 1.263838e-08
211 8.913473e-09
212 6.009629e-09
213 3.831366e-09
214 2.357917e-09
215 1.464966e-09
216 9.304522e-10
217 6.079574e-10
218 4.025292e-10
219 2.633889e-10
220 1.661100e-10
221 9.913622e-11
222 5.542108e-11
223 2.899337e-11
224 1.430347e-11
225 1.313824e-08
226 9.280352e-09
227 6.266476e-09
228 4.001734e-09
229 2.461396e-09
230 1.528006e-09
231 9.690986e-10
232 6.326812e-10
233 4.188959e-10
234 2.743649e-10
235 1.733374e-10
236 1.036545e-10
237 5.807253e-11
238 3.044588e-11
239 1.504234e-11
240 1.357155e-08
241 9.599303e-09
242 6.490985e-09
243 4.149881e-09
244 2.552106e-09
245 1.583086e-09
246 1.002788e-09
247 6.541402e-10
248 4.331895e-10
249 2.839497e-10
250 1.796426e-10
251 1.076090e-10
252 6.040060e-11
253 3.171634e-11
254 1.568499e-11
255 1.398579e-08
256 9.903649e-09
257 6.705190e-09
258 4.291402e-09
259 2.638042e-09
260 1.635302e-09
261 1.034914e-09
262 6.746369e-10
263 4.467816e-10
264 2.930619e-10
265 1.856385e-10
266 1.113775e-10
267 6.261128e-11
268 3.292022e-11
269 1.630261e-11
270 1.446451e-08
271 1.025584e-08
272 6.952311e-09
273 4.453998e-09
274 2.737140e-09
275 1.696033e-09
276 1.072336e-09
277 6.985037e-10
278 4.624759e-10
279 3.035966e-10
280 1.925884e-10
281 1.157396e-10
282 6.516634e-11
283 3.431734e-11
284 1.701452e-11
285 1.364681e-08
286 9.709811e-09
287 6.595054e-09
288 4.255778e-09
289 2.623048e-09
290 1.624504e-09
291 1.024212e-09
292 6.643747e-10
293 4.382635e-10
294 2.872383e-10
295 1.823793e-10
296 1.100090e-10
297 6.231107e-11
298 3.304437e-11
299 1.649180e-11
300 1.605868e-08
301 1.155705e-08
302 7.921494e-09
303 5.170209e-09
304 3.199002e-09
305 1.971444e-09
306 1.233226e-09
307 7.937502e-10
308 5.216586e-10
309 3.426697e-10
310 2.192882e-10
311 1.338647e-10
312 7.691370e-11
313 4.138695e-11
314 2.092380e-11
315 1.772058e-08
316 1.283812e-08
317 8.843870e-09
318 5.808491e-09
319 3.604012e-09
320 2.214717e-09
321 1.380113e-09
322 8.844049e-10
323 5.798646e-10
324 3.812369e-10
325 2.449494e-10
326 1.504776e-10
327 8.711567e-11
328 4.723978e-11
329 2.404785e-11
330 1.897084e-08
331 1.380166e-08
332 9.535527e-09
333 6.285782e-09
334 3.907904e-09
335 2.397520e-09
336 1.490326e-09
337 9.524637e-10
338 6.236651e-10
339 4.102147e-10
340 2.642082e-10
341 1.629438e-10
342 9.477399e-11
343 5.163614e-11
344 2.639562e-11
345 1.998400e-08
346 1.458224e-08
347 1.009884e-08
348 6.675653e-09
349 4.154469e-09
350 2.545880e-09
351 1.579678e-09
352 1.007632e-09
353 6.590134e-10
354 4.336496e-10
355 2.798286e-10
356 1.730550e-10
357 1.009816e-10
358 5.520035e-11
359 2.829918e-11
360 2.086785e-08
361 1.526413e-08
362 1.059012e-08
363 7.013882e-09
364 4.369285e-09
365 2.675361e-09
366 1.657607e-09
367 1.055731e-09
368 6.899043e-10
369 4.541394e-10
370 2.934468e-10
371 1.818705e-10
372 1.063958e-10
373 5.830548e-11
374 2.995700e-11
375 2.170398e-08
376 1.590847e-08
377 1.105355e-08
378 7.334963e-09
379 4.572522e-09
380 2.797800e-09
381 1.731463e-09
382 1.101268e-09
383 7.191646e-10
384 4.735315e-10
385 3.063614e-10
386 1.902265e-10
387 1.115259e-10
388 6.124886e-11
389 3.152832e-11
390 2.267927e-08
391 1.666112e-08
392 1.159493e-08
393 7.709234e-09
394 4.810375e-09
395 2.941355e-09
396 1.817980e-09
397 1.154680e-09
398 7.533406e-10
399 4.962177e-10
400 3.214525e-10
401 1.999995e-10
402 1.175298e-10
403 6.468943e-11
404 3.336648e-11
405 1.967051e-08
406 1.441615e-08
407 1.000503e-08
408 6.632774e-09
409 4.151692e-09
410 2.542616e-09
411 1.576765e-09
412 1.002493e-09
413 6.534667e-10
414 4.291608e-10
415 2.768790e-10
416 1.715523e-10
417 1.004830e-10
418 5.521178e-11
419 2.846739e-11
420 2.233485e-08
421 1.656107e-08
422 1.158426e-08
423 7.744308e-09
424 4.889302e-09
425 2.986369e-09
426 1.843906e-09
427 1.163565e-09
428 7.541379e-10
429 4.946234e-10
430 3.202972e-10
431 2.000278e-10
432 1.184252e-10
433 6.585659e-11
434 3.435531e-11
435 2.435376e-08
436 1.819589e-08
437 1.278813e-08
438 8.594975e-09
439 5.454428e-09
440 3.327368e-09
441 2.049538e-09
442 1.287195e-09
443 8.314255e-10
444 5.447297e-10
445 3.534909e-10
446 2.217953e-10
447 1.321565e-10
448 7.402219e-11
449 3.888511e-11
450 2.600268e-08
451 1.952311e-08
452 1.376942e-08
453 9.286871e-09
454 5.913567e-09
455 3.605259e-09
456 2.216335e-09
457 1.387795e-09
458 8.939700e-10
459 5.854049e-10
460 3.804348e-10
461 2.394639e-10
462 1.433022e-10
463 8.064925e-11
464 4.256224e-11
465 2.743526e-08
466 2.068285e-08
467 1.462512e-08
468 9.888310e-09
469 6.314190e-09
470 3.847622e-09
471 2.361720e-09
472 1.475380e-09
473 9.487526e-10
474 6.209108e-10
475 4.039449e-10
476 2.548814e-10
477 1.530290e-10
478 8.643470e-11
479 4.577229e-11
480 2.879078e-08
481 2.177513e-08
482 1.543401e-08
483 1.045796e-08
484 6.693685e-09
485 4.076482e-09
486 2.499633e-09
487 1.558195e-09
488 1.000451e-09
489 6.544727e-10
490 4.262022e-10
491 2.694744e-10
492 1.622322e-10
493 9.190174e-11
494 4.880468e-11
495 3.037441e-08
496 2.305399e-08
497 1.637734e-08
498 1.112396e-08
499 7.136029e-09
500 4.343792e-09
501 2.660403e-09
502 1.655086e-09
503 1.060855e-09
504 6.936659e-10
505 4.521532e-10
506 2.864753e-10
507 1.729693e-10
508 9.829183e-11
509 5.235055e-11
510 2.601646e-08
511 1.962172e-08
512 1.388356e-08
513 9.378903e-09
514 6.001768e-09
515 3.666034e-09
516 2.252078e-09
517 1.406411e-09
518 9.032898e-10
519 5.900619e-10
520 3.831479e-10
521 2.414142e-10
522 1.448646e-10
523 8.186918e-11
524 4.342503e-11
525 2.893528e-08
526 2.207702e-08
527 1.574629e-08
528 1.070893e-08
529 6.912611e-09
530 4.229770e-09
531 2.589589e-09
532 1.606612e-09
533 1.025706e-09
534 6.677620e-10
535 4.340420e-10
536 2.748843e-10
537 1.663097e-10
538 9.494226e-11
539 5.089697e-11
540 3.132365e-08
541 2.408960e-08
542 1.727576e-08
543 1.180378e-08
544 7.661919e-09
545 4.695973e-09
546 2.867581e-09
547 1.771893e-09
548 1.126299e-09
549 7.316599e-10
550 4.758441e-10
551 3.023615e-10
552 1.839198e-10
553 1.056877e-10
554 5.704864e-11
555 3.340513e-08
556 2.584472e-08
557 1.861186e-08
558 1.275712e-08
559 8.315711e-09
560 5.101599e-09
561 3.110298e-09
562 1.916166e-09
563 1.214286e-09
564 7.874005e-10
565 5.123002e-10
566 3.263236e-10
567 1.992775e-10
568 1.150589e-10
569 6.241379e-11
570 3.537925e-08
571 2.750983e-08
572 1.987935e-08
573 1.366281e-08
574 8.937034e-09
575 5.487434e-09
576 3.340881e-09
577 2.053034e-09
578 1.297775e-09
579 8.403331e-10
580 5.469333e-10
581 3.490845e-10
582 2.138639e-10
583 1.239605e-10
584 6.751063e-11
585 3.768857e-08
586 2.945268e-08
587 2.135771e-08
588 1.471881e-08
589 9.659291e-09
590 5.936442e-09
591 3.609240e-09
592 2.212291e-09
593 1.394883e-09
594 9.018955e-10
595 5.872076e-10
596 3.755626e-10
597 2.308365e-10
598 1.343176e-10
599 7.344063e-11
600 3.278617e-08
601 2.541649e-08
602 1.834269e-08
603 1.258190e-08
604 8.214983e-09
605 5.058308e-09
606 3.081890e-09
607 1.897880e-09
608 1.200788e-09
609 7.771083e-10
610 5.048143e-10
611 3.213341e-10
612 1.963096e-10
613 1.135187e-10
614 6.173485e-11
615 3.603170e-08
616 2.825422e-08
617 2.056739e-08
618 1.419564e-08
619 9.339506e-09
620 5.782040e-09
621 3.511203e-09
622 2.152614e-09
623 1.353137e-09
624 8.716248e-10
625 5.656443e-10
626 3.611410e-10
627 2.220261e-10
628 1.294972e-10
629 7.111255e-11
630 3.887708e-08
631 3.074658e-08
632 2.252683e-08
633 1.561501e-08
634 1.033037e-08
635 6.420418e-09
636 3.890497e-09
637 2.377620e-09
638 1.487791e-09
639 9.549233e-10
640 6.191914e-10
641 3.961579e-10
642 2.446476e-10
643 1.435596e-10
644 7.937359e-11
645 4.157349e-08
646 3.310880e-08
647 2.438387e-08
648 1.696323e-08
649 1.127029e-08
650 7.026211e-09
651 4.250071e-09
652 2.591289e-09
653 1.615389e-09
654 1.033934e-09
655 6.699886e-10
656 4.293743e-10
657 2.661038e-10
658 1.568975e-10
659 8.720831e-11
660 4.472713e-08
661 3.586531e-08
662 2.655099e-08
663 1.853439e-08
664 1.236524e-08
665 7.732375e-09
666 4.669610e-09
667 2.839974e-09
668 1.764073e-09
669 1.126018e-09
670 7.291643e-10
671 4.680763e-10
672 2.911087e-10
673 1.724420e-10
674 9.634094e-11
675 4.019812e-08
676 3.200473e-08
677 2.358929e-08
678 1.641564e-08
679 1.090288e-08
680 6.815944e-09
681 4.125978e-09
682 2.518013e-09
683 1.568656e-09
684 1.002782e-09
685 6.487548e-10
686 4.151113e-10
687 2.569895e-10
688 1.514722e-10
689 8.424583e-11
690 4.394619e-08
691 3.539491e-08
692 2.634662e-08
693 1.844998e-08
694 1.233805e-08
695 7.770866e-09
696 4.697296e-09
697 2.857630e-09
698 1.768372e-09
699 1.123671e-09
700 7.249234e-10
701 4.644185e-10
702 2.888940e-10
703 1.715542e-10
704 9.628295e-11
705 4.750213e-08
706 3.862578e-08
707 2.896982e-08
708 2.039333e-08
709 1.370827e-08
710 8.683521e-09
711 5.243864e-09
712 3.182145e-09
713 1.959250e-09
714 1.239129e-09
715 7.976448e-10
716 5.114403e-10
717 3.193071e-10
718 1.906991e-10
719 1.077683e-10
720 5.165963e-08
721 4.239665e-08
722 3.202516e-08
723 2.265612e-08
724 1.530349e-08
725 9.746909e-09
726 5.880896e-09
727 3.560706e-09
728 2.181546e-09
729 1.373718e-09
730 8.823058e-10
731 5.661938e-10
732 3.547249e-10
733 2.129939e-10
734 1.211445e-10
735 4.870176e-08
736 3.983001e-08
737 3.004688e-08
738 2.124110e-08
739 1.432242e-08
740 9.121941e-09
741 5.519472e-09
742 3.345033e-09
743 2.051837e-09
744 1.292500e-09
745 8.293259e-10
746 5.311309e-10
747 3.319447e-10
748 1.988461e-10
749 1.128947e-10
750 5.332672e-08
751 4.416446e-08
752 3.369681e-08
753 2.400568e-08
754 1.629218e-08
755 1.046689e-08
756 6.345326e-09
757 3.833126e-09
758 2.335806e-09
759 1.461070e-09
760 9.330126e-10
761 5.970651e-10
762 3.743769e-10
763 2.257419e-10
764 1.293012e-10
765 5.873547e-08
766 4.923736e-08
767 3.795576e-08
768 2.723797e-08
769 1.859781e-08
770 1.204259e-08
771 7.314490e-09
772 4.406073e-09
773 2.668648e-09
774 1.658625e-09
775 1.054385e-09
776 6.742086e-10
777 4.240088e-10
778 2.571974e-10
779 1.484942e-10
780 5.926599e-08
781 4.989293e-08
782 3.866961e-08
783 2.787324e-08
784 1.907945e-08
785 1.240237e-08
786 7.570896e-09
787 4.552780e-09
788 2.753293e-09
789 1.704943e-09
790 1.079728e-09
791 6.885951e-10
792 4.327230e-10
793 2.627877e-10
794 1.521637e-10
795 6.636362e-08
796 5.677260e-08
797 4.467614e-08
798 3.257949e-08
799 2.248553e-08
800 1.477202e-08
801 9.086100e-09
802 5.442449e-09
803 3.270704e-09
804 2.005740e-09
805 1.259637e-09
806 8.001624e-10
807 5.035209e-10
808 3.076476e-10
809 1.798673e-10
810 7.615058e-08
811 6.660133e-08
812 5.364545e-08
813 3.989505e-08
814 2.790059e-08
815 1.859329e-08
816 1.163212e-08
817 6.950456e-09
818 4.152589e-09
819 2.508530e-09
820 1.551255e-09
821 9.751689e-10
822 6.119129e-10
823 3.756658e-10
824 2.220973e-10
825 5.054514e-07
826 3.691858e-07
827 2.735583e-07
828 1.702873e-07
829 1.037362e-07
830 6.145536e-08
831 3.752485e-08
832 2.407343e-08
833 1.625071e-08
834 0.000000e+00
835 0.000000e+00
836 0.000000e+00
837 0.000000e+00
838 0.000000e+00
839 0.000000e+00
840 7.609686e-07
841 5.559556e-07
842 4.123974e-07
843 2.596343e-07
844 1.577818e-07
845 9.335674e-08
846 5.689707e-08
847 3.636671e-08
848 2.448239e-08
849 0.000000e+00
850 0.000000e+00
851 0.000000e+00
852 0.000000e+00
853 0.000000e+00
854 0.000000e+00
855 9.034708e-07
856 6.601393e-07
857 4.898344e-07
858 3.095543e-07
859 1.879543e-07
860 1.111685e-07
861 6.771198e-08
862 4.322638e-08
863 2.907417e-08
864 0.000000e+00
865 0.000000e+00
866 0.000000e+00
867 0.000000e+00
868 0.000000e+00
869 0.000000e+00
870 9.993278e-07
871 7.302182e-07
872 5.419243e-07
873 3.431341e-07
874 2.082519e-07
875 1.231503e-07
876 7.498702e-08
877 4.784112e-08
878 3.216291e-08
879 0.000000e+00
880 0.000000e+00
881 0.000000e+00
882 0.000000e+00
883 0.000000e+00
884 0.000000e+00
885 1.071193e-06
886 7.827614e-07
887 5.809742e-07
888 3.683088e-07
889 2.234694e-07
890 1.321335e-07
891 8.044121e-08
892 5.130076e-08
893 3.447879e-08
894 0.000000e+00
895 0.000000e+00
896 0.000000e+00
897 0.000000e+00
898 0.000000e+00
899 0.000000e+00
900 1.129439e-06
901 8.253442e-07
902 6.126261e-07
903 3.887123e-07
904 2.358020e-07
905 1.394142e-07
906 8.486152e-08
907 5.410480e-08
908 3.635564e-08
909 0.000000e+00
910 0.000000e+00
911 0.000000e+00
912 0.000000e+00
913 0.000000e+00
914 0.000000e+00
915 1.180268e-06
916 8.625041e-07
917 6.402459e-07
918 4.065191e-07
919 2.465652e-07
920 1.457672e-07
921 8.871918e-08
922 5.655163e-08
923 3.799350e-08
924 0.000000e+00
925 0.000000e+00
926 0.000000e+00
927 0.000000e+00
928 0.000000e+00
929 0.000000e+00
930 1.228460e-06
931 8.977376e-07
932 6.664337e-07
933 4.234011e-07
934 2.567693e-07
935 1.517905e-07
936 9.237652e-08
937 5.887147e-08
938 3.954628e-08
939 0.000000e+00
940 0.000000e+00
941 0.000000e+00
942 0.000000e+00
943 0.000000e+00
944 0.000000e+00
945 1.284542e-06
946 9.387424e-07
947 6.969092e-07
948 4.430497e-07
949 2.686448e-07
950 1.588011e-07
951 9.663333e-08
952 6.157119e-08
953 4.135356e-08
954 0.000000e+00
955 0.000000e+00
956 0.000000e+00
957 0.000000e+00
958 0.000000e+00
959 0.000000e+00
960 3.378095e-07
961 2.690670e-07
962 1.951848e-07
963 1.463716e-07
964 9.057822e-08
965 5.544154e-08
966 3.222501e-08
967 1.926867e-08
968 1.207476e-08
969 7.994020e-09
970 0.000000e+00
971 0.000000e+00
972 0.000000e+00
973 0.000000e+00
974 0.000000e+00
975 5.201816e-07
976 4.171209e-07
977 3.028658e-07
978 2.269150e-07
979 1.422136e-07
980 8.671167e-08
981 5.036465e-08
982 3.007526e-08
983 1.877972e-08
984 1.239737e-08
985 0.000000e+00
986 0.000000e+00
987 0.000000e+00
988 0.000000e+00
989 0.000000e+00
990 6.448120e-07
991 5.183992e-07
992 3.765467e-07
993 2.820115e-07
994 1.775998e-07
995 1.081223e-07
996 6.278598e-08
997 3.747520e-08
998 2.336911e-08
999 1.541004e-08
1000 0.000000e+00
1001 0.000000e+00
1002 0.000000e+00
1003 0.000000e+00
1004 0.000000e+00
1005 7.382357e-07
1006 5.943126e-07
1007 4.317715e-07
1008 3.233096e-07
1009 2.041234e-07
1010 1.241698e-07
1011 7.209649e-08
1012 4.302199e-08
1013 2.680897e-08
1014 1.766814e-08
1015 0.000000e+00
1016 0.000000e+00
1017 0.000000e+00
1018 0.000000e+00
1019 0.000000e+00
1020 8.139596e-07
1021 6.558390e-07
1022 4.765327e-07
1023 3.567807e-07
1024 2.256220e-07
1025 1.371778e-07
1026 7.964314e-08
1027 4.751755e-08
1028 2.959718e-08
1029 1.949827e-08
1030 0.000000e+00
1031 0.000000e+00
1032 0.000000e+00
1033 0.000000e+00
1034 0.000000e+00
1035 8.800254e-07
1036 7.095243e-07
1037 5.155916e-07
1038 3.859857e-07
1039 2.443794e-07
1040 1.485270e-07
1041 8.622743e-08
1042 5.144028e-08
1043 3.202995e-08
1044 2.109535e-08
1045 0.000000e+00
1046 0.000000e+00
1047 0.000000e+00
1048 0.000000e+00
1049 0.000000e+00
1050 9.426736e-07
1051 7.604327e-07
1052 5.526249e-07
1053 4.136780e-07
1054 2.621647e-07
1055 1.592896e-07
1056 9.247120e-08
1057 5.515972e-08
1058 3.433673e-08
1059 2.260959e-08
1060 0.000000e+00
1061 0.000000e+00
1062 0.000000e+00
1063 0.000000e+00
1064 0.000000e+00
1065 1.015656e-06
1066 8.197410e-07
1067 5.957711e-07
1068 4.459437e-07
1069 2.828865e-07
1070 1.718284e-07
1071 9.974512e-08
1072 5.949342e-08
1073 3.702422e-08
1074 2.437380e-08
1075 0.000000e+00
1076 0.000000e+00
1077 0.000000e+00
1078 0.000000e+00
1079 0.000000e+00
1080 1.989803e-07
1081 1.809892e-07
1082 1.394567e-07
1083 1.008466e-07
1084 7.557131e-08
1085 4.369266e-08
1086 2.678057e-08
1087 1.543998e-08
1088 9.129150e-09
1089 5.679235e-09
1090 0.000000e+00
1091 0.000000e+00
1092 0.000000e+00
1093 0.000000e+00
1094 0.000000e+00
1095 3.303545e-07
1096 3.017777e-07
1097 2.334524e-07
1098 1.687161e-07
1099 1.266124e-07
1100 7.359881e-08
1101 4.522713e-08
1102 2.601463e-08
1103 1.532858e-08
1104 9.514599e-09
1105 0.000000e+00
1106 0.000000e+00
1107 0.000000e+00
1108 0.000000e+00
1109 0.000000e+00
1110 4.306281e-07
1111 3.940344e-07
1112 3.052904e-07
1113 2.205837e-07
1114 1.656231e-07
1115 9.648070e-08
1116 5.934316e-08
1117 3.410488e-08
1118 2.006901e-08
1119 1.244631e-08
1120 0.000000e+00
1121 0.000000e+00
1122 0.000000e+00
1123 0.000000e+00
1124 0.000000e+00
1125 5.118675e-07
1126 4.687719e-07
1127 3.634880e-07
1128 2.626035e-07
1129 1.972257e-07
1130 1.150174e-07
1131 7.077884e-08
1132 4.065897e-08
1133 2.390921e-08
1134 1.482137e-08
1135 0.000000e+00
1136 0.000000e+00
1137 0.000000e+00
1138 0.000000e+00
1139 0.000000e+00
1140 5.827486e-07
1141 5.339873e-07
1142 4.142683e-07
1143 2.992682e-07
1144 2.248018e-07
1145 1.311919e-07
1146 8.075741e-08
1147 4.637790e-08
1148 2.726008e-08
1149 1.689370e-08
1150 0.000000e+00
1151 0.000000e+00
1152 0.000000e+00
1153 0.000000e+00
1154 0.000000e+00
1155 6.499630e-07
1156 5.958254e-07
1157 4.624212e-07
1158 3.340351e-07
1159 2.509506e-07
1160 1.465295e-07
1161 9.021925e-08
1162 5.180077e-08
1163 3.043750e-08
1164 1.885873e-08
1165 0.000000e+00
1166 0.000000e+00
1167 0.000000e+00
1168 0.000000e+00
1169 0.000000e+00
1170 7.283047e-07
1171 6.679000e-07
1172 5.185439e-07
1173 3.745573e-07
1174 2.814268e-07
1175 1.644059e-07
1176 1.012474e-07
1177 5.812116e-08
1178 3.414099e-08
1179 2.114917e-08
1180 0.000000e+00
1181 0.000000e+00
1182 0.000000e+00
1183 0.000000e+00
1184 0.000000e+00
1185 1.324412e-07
1186 1.307433e-07
1187 1.099612e-07
1188 8.033143e-08
1189 5.967327e-08
1190 4.056976e-08
1191 2.393564e-08
1192 1.363828e-08
1193 7.884653e-09
1194 4.658913e-09
1195 2.918094e-09
1196 0.000000e+00
1197 0.000000e+00
1198 0.000000e+00
1199 0.000000e+00
1200 2.310490e-07
1201 2.287164e-07
1202 1.930590e-07
1203 1.412759e-07
1204 1.047787e-07
1205 7.172122e-08
1206 4.211196e-08
1207 2.402749e-08
1208 1.390916e-08
1209 8.204355e-09
1210 5.128537e-09
1211 0.000000e+00
1212 0.000000e+00
1213 0.000000e+00
1214 0.000000e+00
1215 3.123232e-07
1216 3.095005e-07
1217 2.616148e-07
1218 1.915694e-07
1219 1.419926e-07
1220 9.744472e-08
1221 5.711211e-08
1222 3.260331e-08
1223 1.888242e-08
1224 1.113064e-08
1225 6.952519e-09
1226 0.000000e+00
1227 0.000000e+00
1228 0.000000e+00
1229 0.000000e+00
1230 3.831935e-07
1231 3.799432e-07
1232 3.213903e-07
1233 2.354215e-07
1234 1.744400e-07
1235 1.198757e-07
1236 7.019122e-08
1237 4.008120e-08
1238 2.321897e-08
1239 1.368230e-08
1240 8.542871e-09
1241 0.000000e+00
1242 0.000000e+00
1243 0.000000e+00
1244 0.000000e+00
1245 4.503977e-07
1246 4.467362e-07
1247 3.780737e-07
1248 2.770046e-07
1249 2.052095e-07
1250 1.411454e-07
1251 8.259382e-08
1252 4.717229e-08
1253 2.733118e-08
1254 1.610194e-08
1255 1.005098e-08
1256 0.000000e+00
1257 0.000000e+00
1258 0.000000e+00
1259 0.000000e+00
1260 5.287435e-07
1261 5.246084e-07
1262 4.441582e-07
1263 3.254866e-07
1264 2.410820e-07
1265 1.659419e-07
1266 9.705356e-08
1267 5.543894e-08
1268 3.212519e-08
1269 1.892280e-08
1270 1.180921e-08
1271 0.000000e+00
1272 0.000000e+00
1273 0.000000e+00
1274 0.000000e+00
1275 9.542460e-08
1276 9.936932e-08
1277 8.993682e-08
1278 6.881413e-08
1279 4.974043e-08
1280 3.726109e-08
1281 2.105690e-08
1282 1.271868e-08
1283 7.185763e-09
1284 4.149852e-09
1285 2.484169e-09
1286 0.000000e+00
1287 0.000000e+00
1288 0.000000e+00
1289 0.000000e+00
1290 1.734602e-07
1291 1.809939e-07
1292 1.643033e-07
1293 1.260448e-07
1294 9.105231e-08
1295 6.831078e-08
1296 3.870955e-08
1297 2.345474e-08
1298 1.322279e-08
1299 7.618633e-09
1300 4.551992e-09
1301 0.000000e+00
1302 0.000000e+00
1303 0.000000e+00
1304 0.000000e+00
1305 2.424635e-07
1306 2.531894e-07
1307 2.301014e-07
1308 1.766983e-07
1309 1.276149e-07
1310 9.579448e-08
1311 5.434251e-08
1312 3.296556e-08
1313 1.856968e-08
1314 1.068970e-08
1315 6.382328e-09
1316 0.000000e+00
1317 0.000000e+00
1318 0.000000e+00
1319 0.000000e+00
1320 3.078577e-07
1321 3.216065e-07
1322 2.924568e-07
1323 2.247029e-07
1324 1.622652e-07
1325 1.218404e-07
1326 6.915697e-08
1327 4.197839e-08
1328 2.363663e-08
1329 1.359998e-08
1330 8.116900e-09
1331 0.000000e+00
1332 0.000000e+00
1333 0.000000e+00
1334 0.000000e+00
1335 3.841139e-07
1336 4.013883e-07
1337 3.651705e-07
1338 2.806789e-07
1339 2.026686e-07
1340 1.522113e-07
1341 8.643175e-08
1342 5.248832e-08
1343 2.954512e-08
1344 1.699364e-08
1345 1.013953e-08
1346 0.000000e+00
1347 0.000000e+00
1348 0.000000e+00
1349 0.000000e+00
1350 7.309489e-08
1351 7.912552e-08
1352 7.588599e-08
1353 6.150634e-08
1354 4.437457e-08
1355 3.345068e-08
1356 2.090345e-08
1357 1.281406e-08
1358 7.114067e-09
1359 3.917502e-09
1360 2.263886e-09
1361 1.376605e-09
1362 0.000000e+00
1363 0.000000e+00
1364 0.000000e+00
1365 1.384594e-07
1366 1.501179e-07
1367 1.443172e-07
1368 1.173009e-07
1369 8.468054e-08
1370 6.377596e-08
1371 4.011193e-08
1372 2.452054e-08
1373 1.361590e-08
1374 7.501364e-09
1375 4.325505e-09
1376 2.624735e-09
1377 0.000000e+00
1378 0.000000e+00
1379 0.000000e+00
1380 2.010031e-07
1381 2.180563e-07
1382 2.098198e-07
1383 1.707216e-07
1384 1.232755e-07
1385 9.281020e-08
1386 5.851418e-08
1387 3.573215e-08
1388 1.984300e-08
1389 1.093430e-08
1390 6.299816e-09
1391 3.819753e-09
1392 0.000000e+00
1393 0.000000e+00
1394 0.000000e+00
1395 2.739245e-07
1396 2.972676e-07
1397 2.861892e-07
1398 2.330048e-07
1399 1.682724e-07
1400 1.266610e-07
1401 7.996943e-08
1402 4.880365e-08
1403 2.710312e-08
1404 1.493664e-08
1405 8.601630e-09
1406 5.213027e-09
1407 0.000000e+00
1408 0.000000e+00
1409 0.000000e+00
1410 5.942962e-08
1411 6.633159e-08
1412 6.664324e-08
1413 5.725259e-08
1414 4.220402e-08
1415 3.108301e-08
1416 2.190230e-08
1417 1.249458e-08
1418 7.034964e-09
1419 3.980685e-09
1420 2.214177e-09
1421 1.291212e-09
1422 0.000000e+00
1423 0.000000e+00
1424 0.000000e+00
1425 1.179201e-07
1426 1.317923e-07
1427 1.326835e-07
1428 1.143090e-07
1429 8.440095e-08
1430 6.208563e-08
1431 4.394786e-08
1432 2.499180e-08
1433 1.410048e-08
1434 7.977619e-09
1435 4.435070e-09
1436 2.581441e-09
1437 0.000000e+00
1438 0.000000e+00
1439 0.000000e+00
1440 1.864454e-07
1441 2.084904e-07
1442 2.100698e-07
1443 1.811776e-07
1444 1.338597e-07
1445 9.842092e-08
1446 6.979175e-08
1447 3.964007e-08
1448 2.238339e-08
1449 1.266293e-08
1450 7.038474e-09
1451 4.093679e-09
1452 0.000000e+00
1453 0.000000e+00
1454 0.000000e+00
1455 5.163658e-08
1456 5.917629e-08
1457 6.185843e-08
1458 5.621004e-08
1459 4.311063e-08
1460 3.113637e-08
1461 2.338764e-08
1462 1.311340e-08
1463 7.844665e-09
1464 4.297670e-09
1465 2.368983e-09
1466 1.322663e-09
1467 0.000000e+00
1468 0.000000e+00
1469 0.000000e+00
1470 1.144059e-07
1471 1.312773e-07
1472 1.374855e-07
1473 1.252813e-07
1474 9.632668e-08
1475 6.953318e-08
1476 5.229883e-08
1477 2.940946e-08
1478 1.765237e-08
1479 9.653092e-09
1480 5.308875e-09
1481 2.958211e-09
1482 0.000000e+00
1483 0.000000e+00
1484 0.000000e+00
1485 5.371577e-08
1486 6.311969e-08
1487 6.844101e-08
1488 6.570880e-08
1489 5.328082e-08
1490 3.844557e-08
1491 2.900274e-08
1492 1.803551e-08
1493 1.097536e-08
1494 5.955946e-09
1495 3.137125e-09
1496 1.692502e-09
1497 9.424855e-10
1498 0.000000e+00
1499 0.000000e+00
1500 1.109684e-04
1501 8.086786e-05
1502 6.035546e-05
1503 3.805236e-05
1504 2.321989e-05
1505 1.369104e-05
1506 8.324421e-06
1507 5.304277e-06
1508 3.565556e-06
1509 0.000000e+00
1510 0.000000e+00
1511 0.000000e+00
1512 0.000000e+00
1513 0.000000e+00
1514 0.000000e+00
1515 5.757601e-05
1516 4.644359e-05
1517 3.369791e-05
1518 2.528332e-05
1519 1.597668e-05
1520 9.754545e-06
1521 5.648866e-06
1522 3.364481e-06
1523 2.093966e-06
1524 1.379138e-06
1525 0.000000e+00
1526 0.000000e+00
1527 0.000000e+00
1528 0.000000e+00
1529 0.000000e+00
1530 4.047788e-05
1531 3.713775e-05
1532 2.882267e-05
1533 2.080348e-05
1534 1.566222e-05
1535 9.111532e-06
1536 5.625604e-06
1537 3.225263e-06
1538 1.896511e-06
1539 1.174730e-06
1540 0.000000e+00
1541 0.000000e+00
1542 0.000000e+00
1543 0.000000e+00
1544 0.000000e+00
1545 2.912801e-05
1546 2.891312e-05
1547 2.448503e-05
1548 1.793535e-05
1549 1.328396e-05
1550 9.154542e-06
1551 5.351144e-06
1552 3.053081e-06
1553 1.771954e-06
1554 1.042590e-06
1555 6.506122e-07
1556 0.000000e+00
1557 0.000000e+00
1558 0.000000e+00
1559 0.000000e+00
1560 2.085098e-05
1561 2.179680e-05
1562 1.983793e-05
1563 1.524768e-05
1564 1.100576e-05
1565 8.274949e-06
1566 4.689296e-06
1567 2.850415e-06
1568 1.602925e-06
1569 9.233707e-07
1570 5.506294e-07
1571 0.000000e+00
1572 0.000000e+00
1573 0.000000e+00
1574 0.000000e+00
1575 1.487210e-05
1576 1.614453e-05
1577 1.554949e-05
1578 1.266314e-05
1579 9.143013e-06
1580 6.883420e-06
1581 4.347301e-06
1582 2.655947e-06
1583 1.474901e-06
1584 8.112783e-07
1585 4.673052e-07
1586 2.832009e-07
1587 0.000000e+00
1588 0.000000e+00
1589 0.000000e+00
1590 1.001028e-05
1591 1.119728e-05
1592 1.128693e-05
1593 9.739022e-06
1594 7.195644e-06
1595 5.289411e-06
1596 3.755371e-06
1597 2.130464e-06
1598 1.202339e-06
1599 6.811759e-07
1600 3.783133e-07
1601 2.200058e-07
1602 0.000000e+00
1603 0.000000e+00
1604 0.000000e+00
1605 6.201116e-06
1606 7.118100e-06
1607 7.458527e-06
1608 6.801106e-06
1609 5.231433e-06
1610 3.775220e-06
1611 2.841823e-06
1612 1.597077e-06
1613 9.596537e-07
1614 5.242846e-07
1615 2.885232e-07
1616 1.606418e-07
1617 0.000000e+00
1618 0.000000e+00
1619 0.000000e+00
1620 3.163407e-06
1621 3.720115e-06
1622 4.038202e-06
1623 3.883392e-06
1624 3.154630e-06
1625 2.276770e-06
1626 1.716871e-06
1627 1.071974e-06
1628 6.518364e-07
1629 3.538249e-07
1630 1.861971e-07
1631 1.003484e-07
1632 5.578990e-08
1633 0.000000e+00
1634 0.000000e+00
1635 8.891198e-07
1636 1.072208e-06
1637 1.206146e-06
1638 1.224576e-06
1639 1.066696e-06
1640 7.933436e-07
1641 5.815894e-07
1642 4.169104e-07
1643 2.343421e-07
1644 1.314261e-07
1645 7.164692e-08
1646 3.730540e-08
1647 1.958823e-08
1648 0.000000e+00
1649 0.000000e+00
