0 2.242853e-09
1 1.457925e-09
2 9.169921e-10
3 5.775370e-10
4 3.711740e-10
5 2.442049e-10
6 1.623979e-10
7 1.066698e-10
8 6.760739e-11
9 4.061944e-11
10 2.290649e-11
11 1.210669e-11
12 6.037547e-12
13 2.873238e-12
14 1.321171e-12
15 3.790997e-09
16 2.521848e-09
17 1.603209e-09
18 9.993093e-10
19 6.318617e-10
20 4.091522e-10
21 2.706679e-10
22 1.794896e-10
23 1.163883e-10
24 7.220625e-11
25 4.220684e-11
26 2.310150e-11
27 1.186889e-11
28 5.777520e-12
29 2.697854e-12
30 4.345866e-09
31 2.910775e-09
32 1.860795e-09
33 1.158714e-09
34 7.296398e-10
35 4.699545e-10
36 3.098599e-10
37 2.056479e-10
38 1.339889e-10
39 8.378773e-11
40 4.947249e-11
41 2.736824e-11
42 1.419585e-11
43 6.963953e-12
44 3.269604e-12
45 4.652122e-09
46 3.125569e-09
47 2.003145e-09
48 1.246894e-09
49 7.836905e-10
50 5.035493e-10
51 3.315596e-10
52 2.200553e-10
53 1.436990e-10
54 9.017723e-11
55 5.347663e-11
56 2.971607e-11
57 1.548052e-11
58 7.619793e-12
59 3.586003e-12
60 4.859169e-09
61 3.270939e-09
62 2.099290e-09
63 1.306456e-09
64 8.201944e-10
65 5.263236e-10
66 3.462497e-10
67 2.298496e-10
68 1.502583e-10
69 9.450464e-11
70 5.620043e-11
71 3.131795e-11
72 1.635077e-11
73 8.062753e-12
74 3.802032e-12
75 5.011591e-09
76 3.377659e-09
77 2.170156e-09
78 1.350248e-09
79 8.470845e-10
80 5.430660e-10
81 3.570167e-10
82 2.370276e-10
83 1.551280e-10
84 9.771083e-11
85 5.819474e-11
86 3.248740e-11
87 1.699304e-11
88 8.390674e-12
89 3.958134e-12
90 5.136426e-09
91 3.465404e-09
92 2.228229e-09
93 1.386484e-09
94 8.692470e-10
95 5.567899e-10
96 3.659058e-10
97 2.429450e-10
98 1.591142e-10
99 1.003274e-10
100 5.984638e-11
101 3.345586e-11
102 1.752032e-11
103 8.659594e-12
104 4.088043e-12
105 5.246364e-09
106 3.542057e-09
107 2.279509e-09
108 1.418127e-09
109 8.885960e-10
110 5.688434e-10
111 3.736541e-10
112 2.481118e-10
113 1.625242e-10
114 1.025780e-10
115 6.125358e-11
116 3.429520e-11
117 1.798252e-11
118 8.895366e-12
119 4.198548e-12
120 5.350486e-09
121 3.615494e-09
122 2.328131e-09
123 1.448156e-09
124 9.070071e-10
125 5.802596e-10
126 3.809806e-10
127 2.530261e-10
128 1.658841e-10
129 1.047882e-10
130 6.265050e-11
131 3.510161e-11
132 1.841964e-11
133 9.118508e-12
134 4.309535e-12
135 5.469329e-09
136 3.698438e-09
137 2.383729e-09
138 1.482651e-09
139 9.281108e-10
140 5.934405e-10
141 3.894947e-10
142 2.586185e-10
143 1.696899e-10
144 1.073127e-10
145 6.422643e-11
146 3.602653e-11
147 1.892539e-11
148 9.374723e-12
149 4.433018e-12
150 7.896811e-09
151 5.436862e-09
152 3.571155e-09
153 2.230769e-09
154 1.383288e-09
155 8.720914e-10
156 5.655621e-10
157 3.742775e-10
158 2.474592e-10
159 1.593084e-10
160 9.770589e-11
161 5.631129e-11
162 3.035187e-11
163 1.536266e-11
164 7.380770e-12
165 9.979956e-09
166 6.958124e-09
167 4.636387e-09
168 2.926464e-09
169 1.805391e-09
170 1.128922e-09
171 7.242016e-10
172 4.761580e-10
173 3.152809e-10
174 2.048529e-10
175 1.276037e-10
176 7.496822e-11
177 4.122120e-11
178 2.124266e-11
179 1.035001e-11
180 1.119279e-08
181 7.848535e-09
182 5.260808e-09
183 3.337896e-09
184 2.055984e-09
185 1.281517e-09
186 8.178986e-10
187 5.360713e-10
188 3.549860e-10
189 2.315159e-10
190 1.451439e-10
191 8.595686e-11
192 4.766854e-11
193 2.475850e-11
194 1.213975e-11
195 1.201423e-08
196 8.452343e-09
197 5.684570e-09
198 3.617222e-09
199 2.226379e-09
200 1.385059e-09
201 8.814379e-10
202 5.767870e-10
203 3.819411e-10
204 2.495985e-10
205 1.570408e-10
206 9.342183e-11
207 5.204981e-11
208 2.714839e-11
209 1.335641e-11
210 1.262148e-08
211 8.899173e-09
212 5.999053e-09
213 3.823498e-09
214 2.352511e-09
215 1.461744e-09
216 9.285538e-10
217 6.068461e-10
218 4.018545e-10
219 2.629540e-10
220 1.658188e-10
221 9.894081e-11
222 5.529572e-11
223 2.891596e-11
224 1.425824e-11
225 1.311915e-08
226 9.264078e-09
227 6.254360e-09
228 3.992815e-09
229 2.455189e-09
230 1.524334e-09
231 9.669153e-10
232 6.314135e-10
233 4.181230e-10
234 2.738704e-10
235 1.730065e-10
236 1.034308e-10
237 5.792555e-11
238 3.035498e-11
239 1.499041e-11
240 1.355056e-08
241 9.581203e-09
242 6.477565e-09
243 4.139908e-09
244 2.545207e-09
245 1.579007e-09
246 1.000364e-09
247 6.527244e-10
248 4.323326e-10
249 2.833998e-10
250 1.792750e-10
251 1.073601e-10
252 6.023700e-11
253 3.161561e-11
254 1.562740e-11
255 1.396263e-08
256 9.884012e-09
257 6.690547e-09
258 4.280610e-09
259 2.630525e-09
260 1.630847e-09
261 1.032276e-09
262 6.730908e-10
263 4.458462e-10
264 2.924642e-10
265 1.852390e-10
266 1.111074e-10
267 6.243375e-11
268 3.281025e-11
269 1.623973e-11
270 1.444096e-08
271 1.023528e-08
272 6.936977e-09
273 4.442544e-09
274 2.729176e-09
275 1.691325e-09
276 1.069547e-09
277 6.968852e-10
278 4.614977e-10
279 3.029753e-10
280 1.921678e-10
281 1.154539e-10
282 6.497753e-11
283 3.420017e-11
284 1.694743e-11
285 1.364000e-08
286 9.703780e-09
287 6.590491e-09
288 4.252447e-09
289 2.620629e-09
290 1.623099e-09
291 1.023368e-09
292 6.638829e-10
293 4.379689e-10
294 2.870524e-10
295 1.822561e-10
296 1.099257e-10
297 6.225595e-11
298 3.300976e-11
299 1.647169e-11
300 1.604703e-08
301 1.154646e-08
302 7.913299e-09
303 5.164259e-09
304 3.194600e-09
305 1.968848e-09
306 1.231636e-09
307 7.928343e-10
308 5.211220e-10
309 3.423345e-10
310 2.190687e-10
311 1.337171e-10
312 7.681547e-11
313 4.132454e-11
314 2.088687e-11
315 1.770712e-08
316 1.282442e-08
317 8.832662e-09
318 5.800126e-09
319 3.597530e-09
320 2.210811e-09
321 1.377759e-09
322 8.830843e-10
323 5.791099e-10
324 3.807826e-10
325 2.446533e-10
326 1.502739e-10
327 8.697509e-11
328 4.714682e-11
329 2.399103e-11
330 1.894351e-08
331 1.377630e-08
332 9.515297e-09
333 6.271090e-09
334 3.897108e-09
335 2.390911e-09
336 1.486314e-09
337 9.501650e-10
338 6.223185e-10
339 4.093815e-10
340 2.636738e-10
341 1.625862e-10
342 9.453566e-11
343 5.148351e-11
344 2.630333e-11
345 1.995025e-08
346 1.455118e-08
347 1.007423e-08
348 6.657779e-09
349 4.141179e-09
350 2.537708e-09
351 1.574728e-09
352 1.004792e-09
353 6.573533e-10
354 4.326336e-10
355 2.791719e-10
356 1.726160e-10
357 1.006889e-10
358 5.501269e-11
359 2.818650e-11
360 2.082913e-08
361 1.522801e-08
362 1.056144e-08
363 6.993045e-09
364 4.353790e-09
365 2.665797e-09
366 1.651820e-09
367 1.052411e-09
368 6.879649e-10
369 4.529540e-10
370 2.926817e-10
371 1.813593e-10
372 1.060550e-10
373 5.808677e-11
374 2.982549e-11
375 2.166028e-08
376 1.586769e-08
377 1.102112e-08
378 7.311370e-09
379 4.554974e-09
380 2.786951e-09
381 1.724917e-09
382 1.097514e-09
383 7.169675e-10
384 4.721897e-10
385 3.054952e-10
386 1.896481e-10
387 1.111407e-10
388 6.100155e-11
389 3.137968e-11
390 2.263232e-08
391 1.661674e-08
392 1.155941e-08
393 7.683343e-09
394 4.791011e-09
395 2.929350e-09
396 1.810724e-09
397 1.150531e-09
398 7.509277e-10
399 4.947494e-10
400 3.205064e-10
401 1.993663e-10
402 1.171059e-10
403 6.441590e-11
404 3.320113e-11
405 1.966104e-08
406 1.440705e-08
407 9.997619e-09
408 6.627358e-09
409 4.147665e-09
410 2.540034e-09
411 1.575206e-09
412 1.001605e-09
413 6.529500e-10
414 4.288520e-10
415 2.766823e-10
416 1.714217e-10
417 1.003957e-10
418 5.515516e-11
419 2.843255e-11
420 2.232773e-08
421 1.655212e-08
422 1.157595e-08
423 7.737957e-09
424 4.884260e-09
425 2.982880e-09
426 1.841873e-09
427 1.162440e-09
428 7.535183e-10
429 4.942725e-10
430 3.200804e-10
431 1.998812e-10
432 1.183217e-10
433 6.578479e-11
434 3.430853e-11
435 2.432677e-08
436 1.816920e-08
437 1.276555e-08
438 8.578347e-09
439 5.442129e-09
440 3.318972e-09
441 2.044606e-09
442 1.284355e-09
443 8.297845e-10
444 5.437623e-10
445 3.528867e-10
446 2.214002e-10
447 1.318933e-10
448 7.385004e-11
449 3.877803e-11
450 2.596512e-08
451 1.948580e-08
452 1.373767e-08
453 9.263415e-09
454 5.896250e-09
455 3.593305e-09
456 2.209350e-09
457 1.383742e-09
458 8.916422e-10
459 5.840333e-10
460 3.795831e-10
461 2.389084e-10
462 1.429325e-10
463 8.040724e-11
464 4.241132e-11
465 2.738820e-08
466 2.063599e-08
467 1.458527e-08
468 9.858964e-09
469 6.292434e-09
470 3.832557e-09
471 2.352947e-09
472 1.470278e-09
473 9.458238e-10
474 6.191921e-10
475 4.028800e-10
476 2.541842e-10
477 1.525652e-10
478 8.613093e-11
479 4.558362e-11
480 2.873490e-08
481 2.171939e-08
482 1.538632e-08
483 1.042262e-08
484 6.667643e-09
485 4.058365e-09
486 2.489079e-09
487 1.552066e-09
488 9.969253e-10
489 6.524005e-10
490 4.249198e-10
491 2.686402e-10
492 1.616775e-10
493 9.153832e-11
494 4.857755e-11
495 3.031134e-08
496 2.299021e-08
497 1.632231e-08
498 1.108303e-08
499 7.105764e-09
500 4.322615e-09
501 2.648094e-09
502 1.647943e-09
503 1.056759e-09
504 6.912678e-10
505 4.506733e-10
506 2.855125e-10
507 1.723274e-10
508 9.786953e-11
509 5.208543e-11
510 2.602451e-08
511 1.962481e-08
512 1.388380e-08
513 9.378318e-09
514 6.000705e-09
515 3.664763e-09
516 2.251474e-09
517 1.406118e-09
518 9.031936e-10
519 5.900532e-10
520 3.831596e-10
521 2.414177e-10
522 1.448556e-10
523 8.185321e-11
524 4.340876e-11
525 2.892764e-08
526 2.206623e-08
527 1.573514e-08
528 1.069997e-08
529 6.905781e-09
530 4.224410e-09
531 2.586587e-09
532 1.604837e-09
533 1.024741e-09
534 6.672335e-10
535 4.337353e-10
536 2.746886e-10
537 1.661752e-10
538 9.484819e-11
539 5.083357e-11
540 3.130243e-08
541 2.406436e-08
542 1.725123e-08
543 1.178439e-08
544 7.647529e-09
545 4.684930e-09
546 2.861252e-09
547 1.768099e-09
548 1.124202e-09
549 7.304910e-10
550 4.751592e-10
551 3.019294e-10
552 1.836308e-10
553 1.054917e-10
554 5.691960e-11
555 3.337072e-08
556 2.580545e-08
557 1.857433e-08
558 1.272757e-08
559 8.293958e-09
560 5.085022e-09
561 3.100716e-09
562 1.910398e-09
563 1.211077e-09
564 7.856066e-10
565 5.112465e-10
566 3.256612e-10
567 1.988384e-10
568 1.147638e-10
569 6.222096e-11
570 3.533225e-08
571 2.745716e-08
572 1.982939e-08
573 1.362354e-08
574 8.908237e-09
575 5.465564e-09
576 3.328182e-09
577 2.045350e-09
578 1.293498e-09
579 8.379404e-10
580 5.455264e-10
581 3.482019e-10
582 2.132812e-10
583 1.235707e-10
584 6.725682e-11
585 3.763090e-08
586 2.938748e-08
587 2.129547e-08
588 1.466971e-08
589 9.623258e-09
590 5.908987e-09
591 3.593264e-09
592 2.202647e-09
593 1.389525e-09
594 8.988967e-10
595 5.854493e-10
596 3.744619e-10
597 2.301101e-10
598 1.338310e-10
599 7.312307e-11
600 3.277369e-08
601 2.540324e-08
602 1.833034e-08
603 1.257225e-08
604 8.208025e-09
605 5.053064e-09
606 3.078782e-09
607 1.895972e-09
608 1.199724e-09
609 7.765109e-10
610 5.044630e-10
611 3.211161e-10
612 1.961670e-10
613 1.134248e-10
614 6.167441e-11
615 3.601092e-08
616 2.823190e-08
617 2.054622e-08
618 1.417866e-08
619 9.327242e-09
620 5.772809e-09
621 3.505529e-09
622 2.149153e-09
623 1.351211e-09
624 8.705508e-10
625 5.650206e-10
626 3.607591e-10
627 2.217807e-10
628 1.293363e-10
629 7.100855e-11
630 3.883855e-08
631 3.070496e-08
632 2.248699e-08
633 1.558272e-08
634 1.030700e-08
635 6.402868e-09
636 3.879468e-09
637 2.370952e-09
638 1.484076e-09
639 9.528514e-10
640 6.179969e-10
641 3.954323e-10
642 2.441842e-10
643 1.432566e-10
644 7.917753e-11
645 4.151727e-08
646 3.304792e-08
647 2.432514e-08
648 1.691540e-08
649 1.123563e-08
650 7.000220e-09
651 4.233595e-09
652 2.581358e-09
653 1.609853e-09
654 1.030846e-09
655 6.682140e-10
656 4.282997e-10
657 2.654195e-10
658 1.564506e-10
659 8.691903e-11
660 4.465427e-08
661 3.578488e-08
662 2.647267e-08
663 1.847008e-08
664 1.231849e-08
665 7.697172e-09
666 4.647128e-09
667 2.826464e-09
668 1.756560e-09
669 1.121843e-09
670 7.267779e-10
671 4.666372e-10
672 2.901931e-10
673 1.718425e-10
674 9.595119e-11
675 4.018537e-08
676 3.199073e-08
677 2.357554e-08
678 1.640418e-08
679 1.089454e-08
680 6.809723e-09
681 4.121837e-09
682 2.515564e-09
683 1.567290e-09
684 1.002019e-09
685 6.483235e-10
686 4.148545e-10
687 2.568281e-10
688 1.513674e-10
689 8.417785e-11
690 4.392276e-08
691 3.536891e-08
692 2.632074e-08
693 1.842797e-08
694 1.232189e-08
695 7.758908e-09
696 4.689047e-09
697 2.852858e-09
698 1.765692e-09
699 1.122164e-09
700 7.240799e-10
701 4.639225e-10
702 2.885866e-10
703 1.713563e-10
704 9.615467e-11
705 4.745626e-08
706 3.857465e-08
707 2.891854e-08
708 2.034932e-08
709 1.367575e-08
710 8.659563e-09
711 5.227079e-09
712 3.172519e-09
713 1.953794e-09
714 1.236069e-09
715 7.959348e-10
716 5.104436e-10
717 3.186940e-10
718 1.903063e-10
719 1.075140e-10
720 5.159219e-08
721 4.231989e-08
722 3.194678e-08
723 2.258791e-08
724 1.525282e-08
725 9.709469e-09
726 5.854393e-09
727 3.545574e-09
728 2.172958e-09
729 1.368922e-09
730 8.796419e-10
731 5.646517e-10
732 3.537815e-10
733 2.123893e-10
734 1.207515e-10
735 4.868876e-08
736 3.981530e-08
737 3.003179e-08
738 2.122776e-08
739 1.431240e-08
740 9.114641e-09
741 5.514123e-09
742 3.342040e-09
743 2.050102e-09
744 1.291531e-09
745 8.287884e-10
746 5.308244e-10
747 3.317604e-10
748 1.987298e-10
749 1.128197e-10
750 5.329926e-08
751 4.413313e-08
752 3.366427e-08
753 2.397636e-08
754 1.626983e-08
755 1.045069e-08
756 6.333277e-09
757 3.826342e-09
758 2.331788e-09
759 1.458854e-09
760 9.317924e-10
761 5.963791e-10
762 3.739709e-10
763 2.254893e-10
764 1.291395e-10
765 5.868220e-08
766 4.917438e-08
767 3.788852e-08
768 2.717612e-08
769 1.855006e-08
770 1.200789e-08
771 7.288377e-09
772 4.391288e-09
773 2.659852e-09
774 1.653802e-09
775 1.051760e-09
776 6.727507e-10
777 4.231555e-10
778 2.566693e-10
779 1.481557e-10
780 5.925294e-08
781 4.987776e-08
782 3.865341e-08
783 2.785804e-08
784 1.906742e-08
785 1.239371e-08
786 7.564341e-09
787 4.548912e-09
788 2.750926e-09
789 1.703660e-09
790 1.079043e-09
791 6.882200e-10
792 4.325093e-10
793 2.626593e-10
794 1.520832e-10
795 6.633534e-08
796 5.673715e-08
797 4.463604e-08
798 3.254010e-08
799 2.245335e-08
800 1.474863e-08
801 9.068237e-09
802 5.431434e-09
803 3.264016e-09
804 2.002135e-09
805 1.257746e-09
806 7.991525e-10
807 5.029618e-10
808 3.073193e-10
809 1.796635e-10
810 7.615171e-08
811 6.659727e-08
812 5.363638e-08
813 3.988291e-08
814 2.788883e-08
815 1.858419e-08
816 1.162495e-08
817 6.945197e-09
818 4.149627e-09
819 2.506936e-09
820 1.550432e-09
821 9.747744e-10
822 6.117236e-10
823 3.755693e-10
824 2.220419e-10
825 5.054566e-07
826 3.691892e-07
827 2.735613e-07
828 1.702867e-07
829 1.037366e-07
830 6.145552e-08
831 3.752497e-08
832 2.407359e-08
833 1.625085e-08
834 0.000000e+00
835 0.000000e+00
836 0.000000e+00
837 0.000000e+00
838 0.000000e+00
839 0.000000e+00
840 7.609681e-07
841 5.559552e-07
842 4.123971e-07
843 2.596341e-07
844 1.577817e-07
845 9.335667e-08
846 5.689702e-08
847 3.636669e-08
848 2.448238e-08
849 0.000000e+00
850 0.000000e+00
851 0.000000e+00
852 0.000000e+00
853 0.000000e+00
854 0.000000e+00
855 9.034708e-07
856 6.601393e-07
857 4.898344e-07
858 3.095543e-07
859 1.879543e-07
860 1.111685e-07
861 6.771198e-08
862 4.322638e-08
863 2.907417e-08
864 0.000000e+00
865 0.000000e+00
866 0.000000e+00
867 0.000000e+00
868 0.000000e+00
869 0.000000e+00
870 9.997006e-07
871 7.304906e-07
872 5.421264e-07
873 3.432621e-07
874 2.083296e-07
875 1.231962e-07
876 7.501500e-08
877 4.785897e-08
878 3.217491e-08
879 0.000000e+00
880 0.000000e+00
881 0.000000e+00
882 0.000000e+00
883 0.000000e+00
884 0.000000e+00
885 1.071193e-06
886 7.827614e-07
887 5.809742e-07
888 3.683088e-07
889 2.234694e-07
890 1.321335e-07
891 8.044121e-08
892 5.130076e-08
893 3.447879e-08
894 0.000000e+00
895 0.000000e+00
896 0.000000e+00
897 0.000000e+00
898 0.000000e+00
899 0.000000e+00
900 1.129439e-06
901 8.253442e-07
902 6.126261e-07
903 3.887123e-07
904 2.358020e-07
905 1.394142e-07
906 8.486152e-08
907 5.410480e-08
908 3.635564e-08
909 0.000000e+00
910 0.000000e+00
911 0.000000e+00
912 0.000000e+00
913 0.000000e+00
914 0.000000e+00
915 1.180268e-06
916 8.625041e-07
917 6.402459e-07
918 4.065191e-07
919 2.465652e-07
920 1.457672e-07
921 8.871918e-08
922 5.655163e-08
923 3.799350e-08
924 0.000000e+00
925 0.000000e+00
926 0.000000e+00
927 0.000000e+00
928 0.000000e+00
929 0.000000e+00
930 1.228460e-06
931 8.977376e-07
932 6.664337e-07
933 4.234011e-07
934 2.567693e-07
935 1.517905e-07
936 9.237652e-08
937 5.887147e-08
938 3.954628e-08
939 0.000000e+00
940 0.000000e+00
941 0.000000e+00
942 0.000000e+00
943 0.000000e+00
944 0.000000e+00
945 1.284683e-06
946 9.388454e-07
947 6.969857e-07
948 4.430983e-07
949 2.686743e-07
950 1.588185e-07
951 9.664394e-08
952 6.157795e-08
953 4.135810e-08
954 0.000000e+00
955 0.000000e+00
956 0.000000e+00
957 0.000000e+00
958 0.000000e+00
959 0.000000e+00
960 3.374608e-07
961 2.687715e-07
962 1.949683e-07
963 1.462110e-07
964 9.046661e-08
965 5.537614e-08
966 3.218699e-08
967 1.924607e-08
968 1.206106e-08
969 7.985195e-09
970 0.000000e+00
971 0.000000e+00
972 0.000000e+00
973 0.000000e+00
974 0.000000e+00
975 5.201708e-07
976 4.171116e-07
977 3.028589e-07
978 2.269100e-07
979 1.422100e-07
980 8.670959e-08
981 5.036343e-08
982 3.007453e-08
983 1.877929e-08
984 1.239709e-08
985 0.000000e+00
986 0.000000e+00
987 0.000000e+00
988 0.000000e+00
989 0.000000e+00
990 6.450526e-07
991 5.185926e-07
992 3.766871e-07
993 2.821167e-07
994 1.776660e-07
995 1.081627e-07
996 6.280941e-08
997 3.748918e-08
998 2.337782e-08
999 1.541579e-08
1000 0.000000e+00
1001 0.000000e+00
1002 0.000000e+00
1003 0.000000e+00
1004 0.000000e+00
1005 7.382357e-07
1006 5.943126e-07
1007 4.317715e-07
1008 3.233096e-07
1009 2.041234e-07
1010 1.241698e-07
1011 7.209649e-08
1012 4.302199e-08
1013 2.680897e-08
1014 1.766814e-08
1015 0.000000e+00
1016 0.000000e+00
1017 0.000000e+00
1018 0.000000e+00
1019 0.000000e+00
1020 8.139596e-07
1021 6.558390e-07
1022 4.765327e-07
1023 3.567807e-07
1024 2.256220e-07
1025 1.371778e-07
1026 7.964314e-08
1027 4.751755e-08
1028 2.959718e-08
1029 1.949827e-08
1030 0.000000e+00
1031 0.000000e+00
1032 0.000000e+00
1033 0.000000e+00
1034 0.000000e+00
1035 8.800254e-07
1036 7.095243e-07
1037 5.155916e-07
1038 3.859857e-07
1039 2.443794e-07
1040 1.485270e-07
1041 8.622743e-08
1042 5.144028e-08
1043 3.202995e-08
1044 2.109535e-08
1045 0.000000e+00
1046 0.000000e+00
1047 0.000000e+00
1048 0.000000e+00
1049 0.000000e+00
1050 9.426736e-07
1051 7.604327e-07
1052 5.526249e-07
1053 4.136780e-07
1054 2.621647e-07
1055 1.592896e-07
1056 9.247120e-08
1057 5.515972e-08
1058 3.433673e-08
1059 2.260959e-08
1060 0.000000e+00
1061 0.000000e+00
1062 0.000000e+00
1063 0.000000e+00
1064 0.000000e+00
1065 1.015768e-06
1066 8.198310e-07
1067 5.958365e-07
1068 4.459927e-07
1069 2.829175e-07
1070 1.718473e-07
1071 9.975607e-08
1072 5.949995e-08
1073 3.702828e-08
1074 2.437647e-08
1075 0.000000e+00
1076 0.000000e+00
1077 0.000000e+00
1078 0.000000e+00
1079 0.000000e+00
1080 1.982934e-07
1081 1.803446e-07
1082 1.389420e-07
1083 1.004763e-07
1084 7.529143e-08
1085 4.352309e-08
1086 2.667511e-08
1087 1.538001e-08
1088 9.094709e-09
1089 5.658161e-09
1090 0.000000e+00
1091 0.000000e+00
1092 0.000000e+00
1093 0.000000e+00
1094 0.000000e+00
1095 3.304473e-07
1096 3.018610e-07
1097 2.335161e-07
1098 1.687622e-07
1099 1.266469e-07
1100 7.361835e-08
1101 4.523909e-08
1102 2.602156e-08
1103 1.533272e-08
1104 9.517184e-09
1105 0.000000e+00
1106 0.000000e+00
1107 0.000000e+00
1108 0.000000e+00
1109 0.000000e+00
1110 4.306280e-07
1111 3.940343e-07
1112 3.052904e-07
1113 2.205837e-07
1114 1.656231e-07
1115 9.648068e-08
1116 5.934315e-08
1117 3.410488e-08
1118 2.006900e-08
1119 1.244631e-08
1120 0.000000e+00
1121 0.000000e+00
1122 0.000000e+00
1123 0.000000e+00
1124 0.000000e+00
1125 5.118675e-07
1126 4.687719e-07
1127 3.634880e-07
1128 2.626035e-07
1129 1.972257e-07
1130 1.150174e-07
1131 7.077884e-08
1132 4.065897e-08
1133 2.390921e-08
1134 1.482137e-08
1135 0.000000e+00
1136 0.000000e+00
1137 0.000000e+00
1138 0.000000e+00
1139 0.000000e+00
1140 5.827486e-07
1141 5.339873e-07
1142 4.142683e-07
1143 2.992682e-07
1144 2.248018e-07
1145 1.311919e-07
1146 8.075741e-08
1147 4.637790e-08
1148 2.726008e-08
1149 1.689370e-08
1150 0.000000e+00
1151 0.000000e+00
1152 0.000000e+00
1153 0.000000e+00
1154 0.000000e+00
1155 6.499630e-07
1156 5.958254e-07
1157 4.624212e-07
1158 3.340351e-07
1159 2.509506e-07
1160 1.465295e-07
1161 9.021925e-08
1162 5.180077e-08
1163 3.043750e-08
1164 1.885873e-08
1165 0.000000e+00
1166 0.000000e+00
1167 0.000000e+00
1168 0.000000e+00
1169 0.000000e+00
1170 7.283846e-07
1171 6.679733e-07
1172 5.186008e-07
1173 3.745984e-07
1174 2.814577e-07
1175 1.644239e-07
1176 1.012585e-07
1177 5.812754e-08
1178 3.414473e-08
1179 2.115149e-08
1180 0.000000e+00
1181 0.000000e+00
1182 0.000000e+00
1183 0.000000e+00
1184 0.000000e+00
1185 1.315499e-07
1186 1.298458e-07
1187 1.091857e-07
1188 7.975767e-08
1189 5.925193e-08
1190 4.026891e-08
1191 2.376418e-08
1192 1.353954e-08
1193 7.827080e-09
1194 4.625287e-09
1195 2.897347e-09
1196 0.000000e+00
1197 0.000000e+00
1198 0.000000e+00
1199 0.000000e+00
1200 2.310049e-07
1201 2.286718e-07
1202 1.930199e-07
1203 1.412468e-07
1204 1.047575e-07
1205 7.170588e-08
1206 4.210324e-08
1207 2.402235e-08
1208 1.390622e-08
1209 8.202638e-09
1210 5.127487e-09
1211 0.000000e+00
1212 0.000000e+00
1213 0.000000e+00
1214 0.000000e+00
1215 3.123231e-07
1216 3.095004e-07
1217 2.616147e-07
1218 1.915693e-07
1219 1.419926e-07
1220 9.744469e-08
1221 5.711209e-08
1222 3.260330e-08
1223 1.888242e-08
1224 1.113063e-08
1225 6.952517e-09
1226 0.000000e+00
1227 0.000000e+00
1228 0.000000e+00
1229 0.000000e+00
1230 3.831935e-07
1231 3.799432e-07
1232 3.213903e-07
1233 2.354215e-07
1234 1.744400e-07
1235 1.198757e-07
1236 7.019122e-08
1237 4.008120e-08
1238 2.321897e-08
1239 1.368230e-08
1240 8.542871e-09
1241 0.000000e+00
1242 0.000000e+00
1243 0.000000e+00
1244 0.000000e+00
1245 4.503977e-07
1246 4.467362e-07
1247 3.780737e-07
1248 2.770046e-07
1249 2.052095e-07
1250 1.411454e-07
1251 8.259382e-08
1252 4.717229e-08
1253 2.733118e-08
1254 1.610194e-08
1255 1.005098e-08
1256 0.000000e+00
1257 0.000000e+00
1258 0.000000e+00
1259 0.000000e+00
1260 5.288015e-07
1261 5.246659e-07
1262 4.442070e-07
1263 3.255223e-07
1264 2.411084e-07
1265 1.659601e-07
1266 9.706421e-08
1267 5.544503e-08
1268 3.212871e-08
1269 1.892488e-08
1270 1.181051e-08
1271 0.000000e+00
1272 0.000000e+00
1273 0.000000e+00
1274 0.000000e+00
1275 9.435764e-08
1276 9.824338e-08
1277 8.889814e-08
1278 6.800501e-08
1279 4.915781e-08
1280 3.682077e-08
1281 2.080327e-08
1282 1.256250e-08
1283 7.098646e-09
1284 4.100347e-09
1285 2.454876e-09
1286 0.000000e+00
1287 0.000000e+00
1288 0.000000e+00
1289 0.000000e+00
1290 1.734174e-07
1291 1.809480e-07
1292 1.642606e-07
1293 1.260112e-07
1294 9.102813e-08
1295 6.829240e-08
1296 3.869884e-08
1297 2.344812e-08
1298 1.321905e-08
1299 7.616553e-09
1300 4.550777e-09
1301 0.000000e+00
1302 0.000000e+00
1303 0.000000e+00
1304 0.000000e+00
1305 2.424634e-07
1306 2.531893e-07
1307 2.301014e-07
1308 1.766983e-07
1309 1.276148e-07
1310 9.579446e-08
1311 5.434250e-08
1312 3.296555e-08
1313 1.856968e-08
1314 1.068970e-08
1315 6.382327e-09
1316 0.000000e+00
1317 0.000000e+00
1318 0.000000e+00
1319 0.000000e+00
1320 3.078577e-07
1321 3.216065e-07
1322 2.924568e-07
1323 2.247029e-07
1324 1.622652e-07
1325 1.218404e-07
1326 6.915697e-08
1327 4.197839e-08
1328 2.363663e-08
1329 1.359998e-08
1330 8.116900e-09
1331 0.000000e+00
1332 0.000000e+00
1333 0.000000e+00
1334 0.000000e+00
1335 3.841561e-07
1336 4.014323e-07
1337 3.652105e-07
1338 2.807097e-07
1339 2.026908e-07
1340 1.522281e-07
1341 8.644124e-08
1342 5.249408e-08
1343 2.954836e-08
1344 1.699550e-08
1345 1.014064e-08
1346 0.000000e+00
1347 0.000000e+00
1348 0.000000e+00
1349 0.000000e+00
1350 7.206553e-08
1351 7.799992e-08
1352 7.479038e-08
1353 6.060211e-08
1354 4.371938e-08
1355 3.295977e-08
1356 2.058399e-08
1357 1.262181e-08
1358 7.007204e-09
1359 3.858404e-09
1360 2.230201e-09
1361 1.356392e-09
1362 0.000000e+00
1363 0.000000e+00
1364 0.000000e+00
1365 1.384344e-07
1366 1.500902e-07
1367 1.442900e-07
1368 1.172783e-07
1369 8.466408e-08
1370 6.376367e-08
1371 4.010375e-08
1372 2.451566e-08
1373 1.361319e-08
1374 7.499858e-09
1375 4.324649e-09
1376 2.624228e-09
1377 0.000000e+00
1378 0.000000e+00
1379 0.000000e+00
1380 2.010031e-07
1381 2.180563e-07
1382 2.098198e-07
1383 1.707216e-07
1384 1.232755e-07
1385 9.281020e-08
1386 5.851418e-08
1387 3.573215e-08
1388 1.984300e-08
1389 1.093430e-08
1390 6.299816e-09
1391 3.819753e-09
1392 0.000000e+00
1393 0.000000e+00
1394 0.000000e+00
1395 2.739546e-07
1396 2.973002e-07
1397 2.862206e-07
1398 2.330303e-07
1399 1.682909e-07
1400 1.266749e-07
1401 7.997821e-08
1402 4.880901e-08
1403 2.710609e-08
1404 1.493828e-08
1405 8.602574e-09
1406 5.213599e-09
1407 0.000000e+00
1408 0.000000e+00
1409 0.000000e+00
1410 5.856996e-08
1411 6.536360e-08
1412 6.565762e-08
1413 5.639000e-08
1414 4.156127e-08
1415 3.061331e-08
1416 2.156181e-08
1417 1.230403e-08
1418 6.926217e-09
1419 3.919276e-09
1420 2.180107e-09
1421 1.271578e-09
1422 0.000000e+00
1423 0.000000e+00
1424 0.000000e+00
1425 1.179129e-07
1426 1.317843e-07
1427 1.326752e-07
1428 1.143016e-07
1429 8.439541e-08
1430 6.208161e-08
1431 4.394490e-08
1432 2.499015e-08
1433 1.409953e-08
1434 7.977086e-09
1435 4.434774e-09
1436 2.581272e-09
1437 0.000000e+00
1438 0.000000e+00
1439 0.000000e+00
1440 1.864659e-07
1441 2.085133e-07
1442 2.100928e-07
1443 1.811975e-07
1444 1.338744e-07
1445 9.843172e-08
1446 6.979941e-08
1447 3.964442e-08
1448 2.238585e-08
1449 1.266432e-08
1450 7.039246e-09
1451 4.094128e-09
1452 0.000000e+00
1453 0.000000e+00
1454 0.000000e+00
1455 5.108795e-08
1456 5.854251e-08
1457 6.118752e-08
1458 5.558891e-08
1459 4.262613e-08
1460 3.078762e-08
1461 2.312355e-08
1462 1.296220e-08
1463 7.752313e-09
1464 4.247620e-09
1465 2.341852e-09
1466 1.307700e-09
1467 0.000000e+00
1468 0.000000e+00
1469 0.000000e+00
1470 1.144182e-07
1471 1.312915e-07
1472 1.375003e-07
1473 1.252948e-07
1474 9.633707e-08
1475 6.954067e-08
1476 5.230446e-08
1477 2.941263e-08
1478 1.765427e-08
1479 9.654131e-09
1480 5.309447e-09
1481 2.958529e-09
1482 0.000000e+00
1483 0.000000e+00
1484 0.000000e+00
1485 5.353575e-08
1486 6.290607e-08
1487 6.820568e-08
1488 6.547741e-08
1489 5.308827e-08
1490 3.830598e-08
1491 2.889821e-08
1492 1.796658e-08
1493 1.093450e-08
1494 5.933694e-09
1495 3.125244e-09
1496 1.686215e-09
1497 9.390692e-10
1498 0.000000e+00
1499 0.000000e+00
1500 1.109684e-04
1501 8.086786e-05
1502 6.035546e-05
1503 3.805236e-05
1504 2.321989e-05
1505 1.369104e-05
1506 8.324421e-06
1507 5.304277e-06
1508 3.565556e-06
1509 0.000000e+00
1510 0.000000e+00
1511 0.000000e+00
1512 0.000000e+00
1513 0.000000e+00
1514 0.000000e+00
1515 5.757601e-05
1516 4.644359e-05
1517 3.369791e-05
1518 2.528332e-05
1519 1.597668e-05
1520 9.754545e-06
1521 5.648866e-06
1522 3.364481e-06
1523 2.093966e-06
1524 1.379138e-06
1525 0.000000e+00
1526 0.000000e+00
1527 0.000000e+00
1528 0.000000e+00
1529 0.000000e+00
1530 4.047788e-05
1531 3.713775e-05
1532 2.882267e-05
1533 2.080348e-05
1534 1.566222e-05
1535 9.111532e-06
1536 5.625604e-06
1537 3.225263e-06
1538 1.896511e-06
1539 1.174730e-06
1540 0.000000e+00
1541 0.000000e+00
1542 0.000000e+00
1543 0.000000e+00
1544 0.000000e+00
1545 2.912801e-05
1546 2.891312e-05
1547 2.448503e-05
1548 1.793535e-05
1549 1.328396e-05
1550 9.154542e-06
1551 5.351144e-06
1552 3.053081e-06
1553 1.771954e-06
1554 1.042590e-06
1555 6.506122e-07
1556 0.000000e+00
1557 0.000000e+00
1558 0.000000e+00
1559 0.000000e+00
1560 2.085098e-05
1561 2.179680e-05
1562 1.983793e-05
1563 1.524768e-05
1564 1.100576e-05
1565 8.274949e-06
1566 4.689296e-06
1567 2.850415e-06
1568 1.602925e-06
1569 9.233707e-07
1570 5.506294e-07
1571 0.000000e+00
1572 0.000000e+00
1573 0.000000e+00
1574 0.000000e+00
1575 1.487210e-05
1576 1.614453e-05
1577 1.554949e-05
1578 1.266314e-05
1579 9.143013e-06
1580 6.883420e-06
1581 4.347301e-06
1582 2.655947e-06
1583 1.474901e-06
1584 8.112783e-07
1585 4.673052e-07
1586 2.832009e-07
1587 0.000000e+00
1588 0.000000e+00
1589 0.000000e+00
1590 1.001028e-05
1591 1.119728e-05
1592 1.128693e-05
1593 9.739022e-06
1594 7.195644e-06
1595 5.289411e-06
1596 3.755371e-06
1597 2.130464e-06
1598 1.202339e-06
1599 6.811759e-07
1600 3.783133e-07
1601 2.200058e-07
1602 0.000000e+00
1603 0.000000e+00
1604 0.000000e+00
1605 6.201116e-06
1606 7.118100e-06
1607 7.458527e-06
1608 6.801106e-06
1609 5.231433e-06
1610 3.775220e-06
1611 2.841823e-06
1612 1.597077e-06
1613 9.596537e-07
1614 5.242846e-07
1615 2.885232e-07
1616 1.606418e-07
1617 0.000000e+00
1618 0.000000e+00
1619 0.000000e+00
1620 3.163407e-06
1621 3.720115e-06
1622 4.038202e-06
1623 3.883392e-06
1624 3.154630e-06
1625 2.276770e-06
1626 1.716871e-06
1627 1.071974e-06
1628 6.518364e-07
1629 3.538249e-07
1630 1.861971e-07
1631 1.003484e-07
1632 5.578990e-08
1633 0.000000e+00
1634 0.000000e+00
1635 8.891198e-07
1636 1.072208e-06
1637 1.206146e-06
1638 1.224576e-06
1639 1.066696e-06
1640 7.933436e-07
1641 5.815894e-07
1642 4.169104e-07
1643 2.343421e-07
1644 1.314261e-07
1645 7.164692e-08
1646 3.730540e-08
1647 1.958823e-08
1648 0.000000e+00
1649 0.000000e+00
