0 2.270358e-09
1 1.476916e-09
2 9.292942e-10
3 5.852085e-10
4 3.759520e-10
5 2.471899e-10
6 1.643029e-10
7 1.079463e-10
8 6.846571e-11
9 4.117231e-11
10 2.325761e-11
11 1.230795e-11
12 6.144925e-12
13 2.926427e-12
14 1.346316e-12
15 3.828697e-09
16 2.549212e-09
17 1.621669e-09
18 1.010915e-09
19 6.389999e-10
20 4.135225e-10
21 2.733972e-10
22 1.812857e-10
23 1.176038e-10
24 7.302473e-11
25 4.273047e-11
26 2.341879e-11
27 1.204788e-11
28 5.870820e-12
29 2.743823e-12
30 4.398945e-09
31 2.948711e-09
32 1.887025e-09
33 1.175441e-09
34 7.397850e-10
35 4.761779e-10
36 3.137759e-10
37 2.081671e-10
38 1.356810e-10
39 8.492037e-11
40 5.021345e-11
41 2.781835e-11
42 1.445394e-11
43 7.100461e-12
44 3.337519e-12
45 4.712836e-09
46 3.169554e-09
47 2.033697e-09
48 1.266537e-09
49 7.956338e-10
50 5.108471e-10
51 3.360819e-10
52 2.230293e-10
53 1.456760e-10
54 9.151683e-11
55 5.434710e-11
56 3.025120e-11
57 1.578521e-11
58 7.781746e-12
59 3.667397e-12
60 4.924518e-09
61 3.318259e-09
62 2.132495e-09
63 1.327830e-09
64 8.331405e-10
65 5.341694e-10
66 3.511313e-10
67 2.329893e-10
68 1.523799e-10
69 9.592889e-11
70 5.713327e-11
71 3.189205e-11
72 1.668434e-11
73 8.241996e-12
74 3.889760e-12
75 5.082300e-09
76 3.429030e-09
77 2.206035e-09
78 1.373680e-09
79 8.612256e-10
80 5.516370e-10
81 3.623581e-10
82 2.404646e-10
83 1.574240e-10
84 9.925568e-11
85 5.921086e-11
86 3.311931e-11
87 1.735381e-11
88 8.585351e-12
89 4.056165e-12
90 5.211489e-09
91 3.519892e-09
92 2.266314e-09
93 1.411009e-09
94 8.841263e-10
95 5.658973e-10
96 3.715071e-10
97 2.465824e-10
98 1.615453e-10
99 1.019683e-10
100 6.091601e-11
101 3.412125e-11
102 1.790593e-11
103 8.866813e-12
104 4.192000e-12
105 5.324889e-09
106 3.599213e-09
107 2.319440e-09
108 1.443815e-09
109 9.042053e-10
110 5.783455e-10
111 3.795298e-10
112 2.518653e-10
113 1.650818e-10
114 1.042941e-10
115 6.237930e-11
116 3.499273e-11
117 1.838316e-11
118 9.110902e-12
119 4.310241e-12
120 5.431109e-09
121 3.674108e-09
122 2.368706e-09
123 1.474795e-09
124 9.231351e-10
125 5.900892e-10
126 3.870120e-10
127 2.569350e-10
128 1.684806e-10
129 1.065089e-10
130 6.377942e-11
131 3.581806e-11
132 1.883540e-11
133 9.342412e-12
134 4.422188e-12
135 5.553571e-09
136 3.759820e-09
137 2.426596e-09
138 1.510605e-09
139 9.450788e-10
140 6.037008e-10
141 3.958907e-10
142 2.627153e-10
143 1.723836e-10
144 1.091513e-10
145 6.543311e-11
146 3.677941e-11
147 1.936210e-11
148 9.612348e-12
149 4.551717e-12
150 7.909192e-09
151 5.447339e-09
152 3.578885e-09
153 2.236383e-09
154 1.386663e-09
155 8.742536e-10
156 5.667709e-10
157 3.750008e-10
158 2.479146e-10
159 1.596138e-10
160 9.792117e-11
161 5.645705e-11
162 3.044733e-11
163 1.542068e-11
164 7.412055e-12
165 1.000211e-08
166 6.976068e-09
167 4.649032e-09
168 2.935778e-09
169 1.811308e-09
170 1.132517e-09
171 7.262973e-10
172 4.774147e-10
173 3.160629e-10
174 2.053760e-10
175 1.279607e-10
176 7.520408e-11
177 4.137501e-11
178 2.133686e-11
179 1.040267e-11
180 1.122786e-08
181 7.877694e-09
182 5.282348e-09
183 3.354004e-09
184 2.066391e-09
185 1.287896e-09
186 8.215143e-10
187 5.382131e-10
188 3.562790e-10
189 2.323706e-10
190 1.457340e-10
191 8.636132e-11
192 4.793228e-11
193 2.491803e-11
194 1.222844e-11
195 1.205437e-08
196 8.486267e-09
197 5.710265e-09
198 3.636437e-09
199 2.238999e-09
200 1.392554e-09
201 8.857472e-10
202 5.793201e-10
203 3.834979e-10
204 2.506137e-10
205 1.577319e-10
206 9.389619e-11
207 5.236364e-11
208 2.733962e-11
209 1.346392e-11
210 1.267632e-08
211 8.943657e-09
212 6.031493e-09
213 3.848543e-09
214 2.368658e-09
215 1.471107e-09
216 9.341836e-10
217 6.101135e-10
218 4.038666e-10
219 2.642705e-10
220 1.667257e-10
221 9.953968e-11
222 5.568350e-11
223 2.915519e-11
224 1.439246e-11
225 1.317907e-08
226 9.313553e-09
227 6.291473e-09
228 4.020185e-09
229 2.473287e-09
230 1.534918e-09
231 9.732423e-10
232 6.350930e-10
233 4.204125e-10
234 2.753703e-10
235 1.740254e-10
236 1.041226e-10
237 5.837673e-11
238 3.062930e-11
239 1.514364e-11
240 1.361694e-08
241 9.636191e-09
242 6.518367e-09
243 4.170543e-09
244 2.564952e-09
245 1.590774e-09
246 1.007450e-09
247 6.568059e-10
248 4.348577e-10
249 2.850488e-10
250 1.803935e-10
251 1.081204e-10
252 6.073145e-11
253 3.191461e-11
254 1.579809e-11
255 1.403445e-08
256 9.943330e-09
257 6.734453e-09
258 4.312713e-09
259 2.651831e-09
260 1.643500e-09
261 1.039813e-09
262 6.775348e-10
263 4.485802e-10
264 2.942489e-10
265 1.864458e-10
266 1.119259e-10
267 6.296677e-11
268 3.313927e-11
269 1.642252e-11
270 1.451749e-08
271 1.029949e-08
272 6.984606e-09
273 4.477992e-09
274 2.752620e-09
275 1.705332e-09
276 1.077760e-09
277 7.017449e-10
278 4.644718e-10
279 3.049103e-10
280 1.934611e-10
281 1.163298e-10
282 6.555866e-11
283 3.455513e-11
284 1.714528e-11
285 1.364618e-08
286 9.708933e-09
287 6.595021e-09
288 4.255822e-09
289 2.623283e-09
290 1.624643e-09
291 1.024327e-09
292 6.644128e-10
293 4.382993e-10
294 2.872446e-10
295 1.823820e-10
296 1.100135e-10
297 6.231782e-11
298 3.305153e-11
299 1.649740e-11
300 1.605653e-08
301 1.155664e-08
302 7.921145e-09
303 5.170308e-09
304 3.199557e-09
305 1.971646e-09
306 1.233372e-09
307 7.938012e-10
308 5.216631e-10
309 3.426503e-10
310 2.192742e-10
311 1.338634e-10
312 7.691860e-11
313 4.139327e-11
314 2.092931e-11
315 1.772181e-08
316 1.284081e-08
317 8.846082e-09
318 5.810166e-09
319 3.605975e-09
320 2.215750e-09
321 1.380679e-09
322 8.846952e-10
323 5.800455e-10
324 3.813156e-10
325 2.449981e-10
326 1.505141e-10
327 8.714574e-11
328 4.726366e-11
329 2.406410e-11
330 1.897418e-08
331 1.380674e-08
332 9.539776e-09
333 6.288998e-09
334 3.910809e-09
335 2.399088e-09
336 1.491334e-09
337 9.529785e-10
338 6.239320e-10
339 4.103695e-10
340 2.643107e-10
341 1.630169e-10
342 9.482610e-11
343 5.167421e-11
344 2.642038e-11
345 1.999038e-08
346 1.458920e-08
347 1.010451e-08
348 6.679723e-09
349 4.158226e-09
350 2.548158e-09
351 1.581209e-09
352 1.008414e-09
353 6.594845e-10
354 4.339048e-10
355 2.799919e-10
356 1.731704e-10
357 1.010639e-10
358 5.525486e-11
359 2.833342e-11
360 2.087697e-08
361 1.527375e-08
362 1.059770e-08
363 7.019901e-09
364 4.374168e-09
365 2.678475e-09
366 1.659360e-09
367 1.056692e-09
368 6.904063e-10
369 4.544339e-10
370 2.936369e-10
371 1.820039e-10
372 1.064902e-10
373 5.836990e-11
374 2.999674e-11
375 2.171519e-08
376 1.592007e-08
377 1.106274e-08
378 7.341139e-09
379 4.578154e-09
380 2.801078e-09
381 1.733530e-09
382 1.102377e-09
383 7.198177e-10
384 4.739167e-10
385 3.066093e-10
386 1.904000e-10
387 1.116462e-10
388 6.132977e-11
389 3.157807e-11
390 2.269420e-08
391 1.667564e-08
392 1.160659e-08
393 7.717758e-09
394 4.817024e-09
395 2.945222e-09
396 1.820377e-09
397 1.156026e-09
398 7.541054e-10
399 4.966860e-10
400 3.217580e-10
401 2.002085e-10
402 1.176731e-10
403 6.478408e-11
404 3.342361e-11
405 1.965487e-08
406 1.440467e-08
407 9.997008e-09
408 6.627379e-09
409 4.148428e-09
410 2.540600e-09
411 1.575436e-09
412 1.001669e-09
413 6.529529e-10
414 4.288048e-10
415 2.766413e-10
416 1.714007e-10
417 1.003895e-10
418 5.515721e-11
419 2.843799e-11
420 2.231659e-08
421 1.654683e-08
422 1.157382e-08
423 7.736996e-09
424 4.884541e-09
425 2.983347e-09
426 1.842150e-09
427 1.162507e-09
428 7.534794e-10
429 4.941935e-10
430 3.200094e-10
431 1.998380e-10
432 1.183062e-10
433 6.578744e-11
434 3.431758e-11
435 2.433468e-08
436 1.818091e-08
437 1.277725e-08
438 8.587187e-09
439 5.449432e-09
440 3.324446e-09
441 2.047660e-09
442 1.286154e-09
443 8.307211e-10
444 5.442715e-10
445 3.531834e-10
446 2.215930e-10
447 1.320289e-10
448 7.394646e-11
449 3.884430e-11
450 2.598262e-08
451 1.950889e-08
452 1.375822e-08
453 9.277481e-09
454 5.908306e-09
455 3.601868e-09
456 2.214399e-09
457 1.386578e-09
458 8.932317e-10
459 5.849000e-10
460 3.801006e-10
461 2.392453e-10
462 1.431642e-10
463 8.056922e-11
464 4.251799e-11
465 2.741444e-08
466 2.066581e-08
467 1.461287e-08
468 9.879292e-09
469 6.308477e-09
470 3.843867e-09
471 2.359595e-09
472 1.474082e-09
473 9.479539e-10
474 6.203896e-10
475 4.035995e-10
476 2.546584e-10
477 1.528851e-10
478 8.634938e-11
479 4.572501e-11
480 2.876957e-08
481 2.175784e-08
482 1.542100e-08
483 1.044817e-08
484 6.687809e-09
485 4.073250e-09
486 2.497696e-09
487 1.556942e-09
488 9.996891e-10
489 6.539793e-10
490 4.258439e-10
491 2.692402e-10
492 1.620839e-10
493 9.181825e-11
494 4.876087e-11
495 3.035625e-08
496 2.304023e-08
497 1.636599e-08
498 1.111571e-08
499 7.130526e-09
500 4.340393e-09
501 2.658424e-09
502 1.653843e-09
503 1.060097e-09
504 6.931834e-10
505 4.518364e-10
506 2.862679e-10
507 1.728375e-10
508 9.821253e-11
509 5.230586e-11
510 2.598938e-08
511 1.959922e-08
512 1.386640e-08
513 9.366666e-09
514 5.993401e-09
515 3.660867e-09
516 2.248903e-09
517 1.404544e-09
518 9.021586e-10
519 5.893473e-10
520 3.826793e-10
521 2.411051e-10
522 1.446667e-10
523 8.174940e-11
524 4.335651e-11
525 2.890393e-08
526 2.204978e-08
527 1.572524e-08
528 1.069353e-08
529 6.902101e-09
530 4.223192e-09
531 2.585511e-09
532 1.604238e-09
533 1.024280e-09
534 6.668605e-10
535 4.334574e-10
536 2.745000e-10
537 1.660613e-10
538 9.478908e-11
539 5.080797e-11
540 3.129129e-08
541 2.405810e-08
542 1.725098e-08
543 1.178554e-08
544 7.649931e-09
545 4.687830e-09
546 2.862994e-09
547 1.769002e-09
548 1.124568e-09
549 7.305957e-10
550 4.751609e-10
551 3.019155e-10
552 1.836315e-10
553 1.055086e-10
554 5.694336e-11
555 3.336397e-08
556 2.580755e-08
557 1.858217e-08
558 1.273514e-08
559 8.300344e-09
560 5.091185e-09
561 3.104250e-09
562 1.912551e-09
563 1.212181e-09
564 7.861136e-10
565 5.114837e-10
566 3.257934e-10
567 1.989339e-10
568 1.148437e-10
569 6.228528e-11
570 3.533575e-08
571 2.747289e-08
572 1.984744e-08
573 1.363830e-08
574 8.920370e-09
575 5.476607e-09
576 3.334376e-09
577 2.049106e-09
578 1.295477e-09
579 8.389456e-10
580 5.460564e-10
581 3.485157e-10
582 2.134950e-10
583 1.237285e-10
584 6.737159e-11
585 3.764414e-08
586 2.941141e-08
587 2.132364e-08
588 1.469343e-08
589 9.641301e-09
590 5.924280e-09
591 3.601966e-09
592 2.207976e-09
593 1.392372e-09
594 9.003891e-10
595 5.862640e-10
596 3.749524e-10
597 2.304395e-10
598 1.340653e-10
599 7.328765e-11
600 3.274568e-08
601 2.538276e-08
602 1.831589e-08
603 1.256218e-08
604 8.201429e-09
605 5.049637e-09
606 3.076487e-09
607 1.894652e-09
608 1.198908e-09
609 7.759460e-10
610 5.040713e-10
611 3.208486e-10
612 1.959938e-10
613 1.133217e-10
614 6.161829e-11
615 3.598816e-08
616 2.821433e-08
617 2.053671e-08
618 1.417099e-08
619 9.323049e-09
620 5.770803e-09
621 3.504574e-09
622 2.148596e-09
623 1.350773e-09
624 8.701974e-10
625 5.647451e-10
626 3.605594e-10
627 2.216499e-10
628 1.292609e-10
629 7.097094e-11
630 3.882444e-08
631 3.069741e-08
632 2.248602e-08
633 1.558415e-08
634 1.030858e-08
635 6.405411e-09
636 3.881280e-09
637 2.372224e-09
638 1.484764e-09
639 9.530794e-10
640 6.180475e-10
641 3.954266e-10
642 2.441751e-10
643 1.432604e-10
644 7.919141e-11
645 4.151314e-08
646 3.305341e-08
647 2.433579e-08
648 1.692560e-08
649 1.124479e-08
650 7.008757e-09
651 4.239481e-09
652 2.584808e-09
653 1.611655e-09
654 1.031758e-09
655 6.686542e-10
656 4.285259e-10
657 2.655563e-10
658 1.565492e-10
659 8.699493e-11
660 4.466382e-08
661 3.580375e-08
662 2.649752e-08
663 1.849320e-08
664 1.233570e-08
665 7.711649e-09
666 4.656842e-09
667 2.832388e-09
668 1.759725e-09
669 1.123480e-09
670 7.276283e-10
671 4.671099e-10
672 2.904853e-10
673 1.720423e-10
674 9.609286e-11
675 4.014954e-08
676 3.195939e-08
677 2.355187e-08
678 1.638733e-08
679 1.088304e-08
680 6.802535e-09
681 4.117930e-09
682 2.513159e-09
683 1.565857e-09
684 1.001089e-09
685 6.477010e-10
686 4.144383e-10
687 2.565566e-10
688 1.511981e-10
689 8.407946e-11
690 4.388887e-08
691 3.534073e-08
692 2.630102e-08
693 1.841494e-08
694 1.231317e-08
695 7.753642e-09
696 4.686635e-09
697 2.851241e-09
698 1.764766e-09
699 1.121572e-09
700 7.236161e-10
701 4.635915e-10
702 2.883628e-10
703 1.712178e-10
704 9.607697e-11
705 4.743513e-08
706 3.856086e-08
707 2.891304e-08
708 2.034904e-08
709 1.367655e-08
710 8.661720e-09
711 5.229737e-09
712 3.173901e-09
713 1.954495e-09
714 1.236377e-09
715 7.959784e-10
716 5.104014e-10
717 3.186443e-10
718 1.902779e-10
719 1.075081e-10
720 5.158447e-08
721 4.232123e-08
722 3.195733e-08
723 2.260203e-08
724 1.526423e-08
725 9.719154e-09
726 5.862890e-09
727 3.550195e-09
728 2.175512e-09
729 1.370229e-09
730 8.802516e-10
731 5.649312e-10
732 3.539263e-10
733 2.124839e-10
734 1.208247e-10
735 4.864556e-08
736 3.977198e-08
737 2.999746e-08
738 2.120284e-08
739 1.429534e-08
740 9.102955e-09
741 5.507338e-09
742 3.338031e-09
743 2.047822e-09
744 1.290161e-09
745 8.278880e-10
746 5.302279e-10
747 3.313675e-10
748 1.984808e-10
749 1.126704e-10
750 5.325604e-08
751 4.409511e-08
752 3.363556e-08
753 2.395718e-08
754 1.625713e-08
755 1.044266e-08
756 6.329581e-09
757 3.823863e-09
758 2.330422e-09
759 1.457976e-09
760 9.311548e-10
761 5.959221e-10
762 3.736547e-10
763 2.252851e-10
764 1.290189e-10
765 5.865266e-08
766 4.915306e-08
767 3.787812e-08
768 2.717433e-08
769 1.855080e-08
770 1.200880e-08
771 7.292086e-09
772 4.393055e-09
773 2.661037e-09
774 1.654294e-09
775 1.051882e-09
776 6.727017e-10
777 4.230756e-10
778 2.566080e-10
779 1.481253e-10
780 5.919233e-08
781 4.982009e-08
782 3.860490e-08
783 2.782163e-08
784 1.904190e-08
785 1.237637e-08
786 7.553882e-09
787 4.542703e-09
788 2.747403e-09
789 1.701535e-09
790 1.077726e-09
791 6.873718e-10
792 4.319546e-10
793 2.623033e-10
794 1.518646e-10
795 6.627908e-08
796 5.667992e-08
797 4.459548e-08
798 3.251236e-08
799 2.243525e-08
800 1.473641e-08
801 9.061928e-09
802 5.428100e-09
803 3.262254e-09
804 2.000971e-09
805 1.256909e-09
806 7.985471e-10
807 5.025316e-10
808 3.070300e-10
809 1.794833e-10
810 7.606763e-08
811 6.651421e-08
812 5.356247e-08
813 3.982453e-08
814 2.784682e-08
815 1.855482e-08
816 1.160583e-08
817 6.934399e-09
818 4.143252e-09
819 2.503273e-09
820 1.548269e-09
821 9.734326e-10
822 6.108661e-10
823 3.750191e-10
824 2.216966e-10
825 5.062143e-07
826 3.697478e-07
827 2.739757e-07
828 1.705782e-07
829 1.039078e-07
830 6.155629e-08
831 3.758566e-08
832 2.411109e-08
833 1.627549e-08
834 0.000000e+00
835 0.000000e+00
836 0.000000e+00
837 0.000000e+00
838 0.000000e+00
839 0.000000e+00
840 7.607264e-07
841 5.557785e-07
842 4.122658e-07
843 2.595494e-07
844 1.577306e-07
845 9.332646e-08
846 5.687868e-08
847 3.635505e-08
848 2.447459e-08
849 0.000000e+00
850 0.000000e+00
851 0.000000e+00
852 0.000000e+00
853 0.000000e+00
854 0.000000e+00
855 9.031665e-07
856 6.599168e-07
857 4.896690e-07
858 3.094477e-07
859 1.878898e-07
860 1.111305e-07
861 6.768889e-08
862 4.321173e-08
863 2.906443e-08
864 0.000000e+00
865 0.000000e+00
866 0.000000e+00
867 0.000000e+00
868 0.000000e+00
869 0.000000e+00
870 9.990091e-07
871 7.299852e-07
872 5.417511e-07
873 3.430223e-07
874 2.081844e-07
875 1.231104e-07
876 7.496282e-08
877 4.782577e-08
878 3.215264e-08
879 0.000000e+00
880 0.000000e+00
881 0.000000e+00
882 0.000000e+00
883 0.000000e+00
884 0.000000e+00
885 1.070878e-06
886 7.825307e-07
887 5.808027e-07
888 3.681983e-07
889 2.234026e-07
890 1.320940e-07
891 8.041726e-08
892 5.128556e-08
893 3.446862e-08
894 0.000000e+00
895 0.000000e+00
896 0.000000e+00
897 0.000000e+00
898 0.000000e+00
899 0.000000e+00
900 1.129133e-06
901 8.251208e-07
902 6.124600e-07
903 3.886052e-07
904 2.357373e-07
905 1.393760e-07
906 8.483833e-08
907 5.409009e-08
908 3.634580e-08
909 0.000000e+00
910 0.000000e+00
911 0.000000e+00
912 0.000000e+00
913 0.000000e+00
914 0.000000e+00
915 1.179982e-06
916 8.622945e-07
917 6.400901e-07
918 4.064185e-07
919 2.465044e-07
920 1.457313e-07
921 8.869740e-08
922 5.653782e-08
923 3.798426e-08
924 0.000000e+00
925 0.000000e+00
926 0.000000e+00
927 0.000000e+00
928 0.000000e+00
929 0.000000e+00
930 1.228188e-06
931 8.975391e-07
932 6.662862e-07
933 4.233060e-07
934 2.567118e-07
935 1.517566e-07
936 9.235592e-08
937 5.885841e-08
938 3.953753e-08
939 0.000000e+00
940 0.000000e+00
941 0.000000e+00
942 0.000000e+00
943 0.000000e+00
944 0.000000e+00
945 1.284421e-06
946 9.386534e-07
947 6.968430e-07
948 4.430063e-07
949 2.686187e-07
950 1.587857e-07
951 9.662400e-08
952 6.156530e-08
953 4.134964e-08
954 0.000000e+00
955 0.000000e+00
956 0.000000e+00
957 0.000000e+00
958 0.000000e+00
959 0.000000e+00
960 3.379488e-07
961 2.691961e-07
962 1.952808e-07
963 1.464418e-07
964 9.063339e-08
965 5.547234e-08
966 3.224283e-08
967 1.927928e-08
968 1.208098e-08
969 7.997891e-09
970 0.000000e+00
971 0.000000e+00
972 0.000000e+00
973 0.000000e+00
974 0.000000e+00
975 5.197783e-07
976 4.167935e-07
977 3.026272e-07
978 2.267366e-07
979 1.420988e-07
980 8.664225e-08
981 5.032438e-08
982 3.005127e-08
983 1.876485e-08
984 1.238761e-08
985 0.000000e+00
986 0.000000e+00
987 0.000000e+00
988 0.000000e+00
989 0.000000e+00
990 6.443980e-07
991 5.180628e-07
992 3.763019e-07
993 2.818287e-07
994 1.774822e-07
995 1.080512e-07
996 6.274473e-08
997 3.745062e-08
998 2.335386e-08
999 1.540003e-08
1000 0.000000e+00
1001 0.000000e+00
1002 0.000000e+00
1003 0.000000e+00
1004 0.000000e+00
1005 7.378257e-07
1006 5.939794e-07
1007 4.315291e-07
1008 3.231283e-07
1009 2.040069e-07
1010 1.240993e-07
1011 7.205560e-08
1012 4.299763e-08
1013 2.679387e-08
1014 1.765823e-08
1015 0.000000e+00
1016 0.000000e+00
1017 0.000000e+00
1018 0.000000e+00
1019 0.000000e+00
1020 8.135630e-07
1021 6.555167e-07
1022 4.762983e-07
1023 3.566054e-07
1024 2.255094e-07
1025 1.371097e-07
1026 7.960362e-08
1027 4.749392e-08
1028 2.958258e-08
1029 1.948869e-08
1030 0.000000e+00
1031 0.000000e+00
1032 0.000000e+00
1033 0.000000e+00
1034 0.000000e+00
1035 8.796445e-07
1036 7.092149e-07
1037 5.153665e-07
1038 3.858173e-07
1039 2.442713e-07
1040 1.484616e-07
1041 8.618949e-08
1042 5.141768e-08
1043 3.201593e-08
1044 2.108614e-08
1045 0.000000e+00
1046 0.000000e+00
1047 0.000000e+00
1048 0.000000e+00
1049 0.000000e+00
1050 9.423170e-07
1051 7.601430e-07
1052 5.524142e-07
1053 4.135204e-07
1054 2.620635e-07
1055 1.592283e-07
1056 9.243567e-08
1057 5.513855e-08
1058 3.432360e-08
1059 2.260098e-08
1060 0.000000e+00
1061 0.000000e+00
1062 0.000000e+00
1063 0.000000e+00
1064 0.000000e+00
1065 1.015427e-06
1066 8.195538e-07
1067 5.956348e-07
1068 4.458419e-07
1069 2.828207e-07
1070 1.717887e-07
1071 9.972207e-08
1072 5.947969e-08
1073 3.701572e-08
1074 2.436823e-08
1075 0.000000e+00
1076 0.000000e+00
1077 0.000000e+00
1078 0.000000e+00
1079 0.000000e+00
1080 1.987507e-07
1081 1.807842e-07
1082 1.392995e-07
1083 1.007332e-07
1084 7.548656e-08
1085 4.364463e-08
1086 2.675140e-08
1087 1.542297e-08
1088 9.119011e-09
1089 5.672879e-09
1090 0.000000e+00
1091 0.000000e+00
1092 0.000000e+00
1093 0.000000e+00
1094 0.000000e+00
1095 3.298875e-07
1096 3.013474e-07
1097 2.331169e-07
1098 1.684739e-07
1099 1.264302e-07
1100 7.349174e-08
1101 4.516104e-08
1102 2.597678e-08
1103 1.530643e-08
1104 9.500906e-09
1105 0.000000e+00
1106 0.000000e+00
1107 0.000000e+00
1108 0.000000e+00
1109 0.000000e+00
1110 4.301855e-07
1111 3.936271e-07
1112 3.049733e-07
1113 2.203547e-07
1114 1.654509e-07
1115 9.637969e-08
1116 5.928085e-08
1117 3.406917e-08
1118 2.004808e-08
1119 1.243337e-08
1120 0.000000e+00
1121 0.000000e+00
1122 0.000000e+00
1123 0.000000e+00
1124 0.000000e+00
1125 5.114406e-07
1126 4.683792e-07
1127 3.631821e-07
1128 2.623827e-07
1129 1.970596e-07
1130 1.149199e-07
1131 7.071874e-08
1132 4.062452e-08
1133 2.388903e-08
1134 1.480889e-08
1135 0.000000e+00
1136 0.000000e+00
1137 0.000000e+00
1138 0.000000e+00
1139 0.000000e+00
1140 5.823426e-07
1141 5.336137e-07
1142 4.139774e-07
1143 2.990587e-07
1144 2.246438e-07
1145 1.310992e-07
1146 8.070024e-08
1147 4.634514e-08
1148 2.724088e-08
1149 1.688183e-08
1150 0.000000e+00
1151 0.000000e+00
1152 0.000000e+00
1153 0.000000e+00
1154 0.000000e+00
1155 6.495800e-07
1156 5.954730e-07
1157 4.621468e-07
1158 3.338370e-07
1159 2.508016e-07
1160 1.464421e-07
1161 9.016532e-08
1162 5.176987e-08
1163 3.041939e-08
1164 1.884753e-08
1165 0.000000e+00
1166 0.000000e+00
1167 0.000000e+00
1168 0.000000e+00
1169 0.000000e+00
1170 7.280180e-07
1171 6.676360e-07
1172 5.183382e-07
1173 3.744087e-07
1174 2.813151e-07
1175 1.643403e-07
1176 1.012069e-07
1177 5.809796e-08
1178 3.412740e-08
1179 2.114077e-08
1180 0.000000e+00
1181 0.000000e+00
1182 0.000000e+00
1183 0.000000e+00
1184 0.000000e+00
1185 1.319381e-07
1186 1.302439e-07
1187 1.095379e-07
1188 8.002166e-08
1189 5.944357e-08
1190 4.041128e-08
1191 2.384310e-08
1192 1.358542e-08
1193 7.853985e-09
1194 4.640865e-09
1195 2.906855e-09
1196 0.000000e+00
1197 0.000000e+00
1198 0.000000e+00
1199 0.000000e+00
1200 2.305747e-07
1201 2.282446e-07
1202 1.926578e-07
1203 1.409812e-07
1204 1.045609e-07
1205 7.157029e-08
1206 4.202407e-08
1207 2.397713e-08
1208 1.387999e-08
1209 8.187213e-09
1210 5.117857e-09
1211 0.000000e+00
1212 0.000000e+00
1213 0.000000e+00
1214 0.000000e+00
1215 3.118953e-07
1216 3.090757e-07
1217 2.612539e-07
1218 1.913046e-07
1219 1.417967e-07
1220 9.730929e-08
1221 5.703313e-08
1222 3.255816e-08
1223 1.885624e-08
1224 1.111523e-08
1225 6.942917e-09
1226 0.000000e+00
1227 0.000000e+00
1228 0.000000e+00
1229 0.000000e+00
1230 3.827851e-07
1231 3.795373e-07
1232 3.210459e-07
1233 2.351688e-07
1234 1.742530e-07
1235 1.197464e-07
1236 7.011585e-08
1237 4.003816e-08
1238 2.319398e-08
1239 1.366760e-08
1240 8.533707e-09
1241 0.000000e+00
1242 0.000000e+00
1243 0.000000e+00
1244 0.000000e+00
1245 4.500149e-07
1246 4.463557e-07
1247 3.777508e-07
1248 2.767678e-07
1249 2.050343e-07
1250 1.410243e-07
1251 8.252318e-08
1252 4.713190e-08
1253 2.730776e-08
1254 1.608816e-08
1255 1.004239e-08
1256 0.000000e+00
1257 0.000000e+00
1258 0.000000e+00
1259 0.000000e+00
1260 5.284356e-07
1261 5.243029e-07
1262 4.438983e-07
1263 3.252959e-07
1264 2.409409e-07
1265 1.658443e-07
1266 9.699668e-08
1267 5.540642e-08
1268 3.210632e-08
1269 1.891171e-08
1270 1.180230e-08
1271 0.000000e+00
1272 0.000000e+00
1273 0.000000e+00
1274 0.000000e+00
1275 9.475569e-08
1276 9.866818e-08
1277 8.929658e-08
1278 6.832030e-08
1279 4.938417e-08
1280 3.699298e-08
1281 2.090405e-08
1282 1.262550e-08
1283 7.133454e-09
1284 4.119857e-09
1285 2.466320e-09
1286 0.000000e+00
1287 0.000000e+00
1288 0.000000e+00
1289 0.000000e+00
1290 1.730109e-07
1291 1.805229e-07
1292 1.638734e-07
1293 1.257134e-07
1294 9.081317e-08
1295 6.813086e-08
1296 3.860707e-08
1297 2.339233e-08
1298 1.318767e-08
1299 7.598512e-09
1300 4.540020e-09
1301 0.000000e+00
1302 0.000000e+00
1303 0.000000e+00
1304 0.000000e+00
1305 2.420659e-07
1306 2.527734e-07
1307 2.297222e-07
1308 1.764066e-07
1309 1.274042e-07
1310 9.563611e-08
1311 5.425242e-08
1312 3.291075e-08
1313 1.853888e-08
1314 1.067201e-08
1315 6.371781e-09
1316 0.000000e+00
1317 0.000000e+00
1318 0.000000e+00
1319 0.000000e+00
1320 3.074859e-07
1321 3.212174e-07
1322 2.921021e-07
1323 2.244299e-07
1324 1.620683e-07
1325 1.216923e-07
1326 6.907272e-08
1327 4.192713e-08
1328 2.360781e-08
1329 1.358342e-08
1330 8.107035e-09
1331 0.000000e+00
1332 0.000000e+00
1333 0.000000e+00
1334 0.000000e+00
1335 3.837994e-07
1336 4.010591e-07
1337 3.648704e-07
1338 2.804478e-07
1339 2.025018e-07
1340 1.520860e-07
1341 8.636042e-08
1342 5.244491e-08
1343 2.952072e-08
1344 1.697963e-08
1345 1.013118e-08
1346 0.000000e+00
1347 0.000000e+00
1348 0.000000e+00
1349 0.000000e+00
1350 7.237720e-08
1351 7.834444e-08
1352 7.513066e-08
1353 6.088844e-08
1354 4.392769e-08
1355 3.311485e-08
1356 2.068893e-08
1357 1.268385e-08
1358 7.041722e-09
1359 3.877603e-09
1360 2.240992e-09
1361 1.362783e-09
1362 0.000000e+00
1363 0.000000e+00
1364 0.000000e+00
1365 1.380596e-07
1366 1.496832e-07
1367 1.438977e-07
1368 1.169585e-07
1369 8.443319e-08
1370 6.358987e-08
1371 3.999370e-08
1372 2.444857e-08
1373 1.357593e-08
1374 7.479322e-09
1375 4.312835e-09
1376 2.617075e-09
1377 0.000000e+00
1378 0.000000e+00
1379 0.000000e+00
1380 2.006474e-07
1381 2.176700e-07
1382 2.094472e-07
1383 1.704178e-07
1384 1.230560e-07
1385 9.264508e-08
1386 5.840953e-08
1387 3.566839e-08
1388 1.980759e-08
1389 1.091478e-08
1390 6.288587e-09
1391 3.812957e-09
1392 0.000000e+00
1393 0.000000e+00
1394 0.000000e+00
1395 2.736135e-07
1396 2.969296e-07
1397 2.858633e-07
1398 2.327390e-07
1399 1.680804e-07
1400 1.265166e-07
1401 7.987784e-08
1402 4.874785e-08
1403 2.707213e-08
1404 1.491956e-08
1405 8.591805e-09
1406 5.207078e-09
1407 0.000000e+00
1408 0.000000e+00
1409 0.000000e+00
1410 5.875480e-08
1411 6.557475e-08
1412 6.587719e-08
1413 5.658744e-08
1414 4.171067e-08
1415 3.072125e-08
1416 2.164315e-08
1417 1.234843e-08
1418 6.952050e-09
1419 3.933798e-09
1420 2.188138e-09
1421 1.276133e-09
1422 0.000000e+00
1423 0.000000e+00
1424 0.000000e+00
1425 1.175791e-07
1426 1.314107e-07
1427 1.322982e-07
1428 1.139759e-07
1429 8.415467e-08
1430 6.190464e-08
1431 4.381907e-08
1432 2.491882e-08
1433 1.405920e-08
1434 7.954269e-09
1435 4.422096e-09
1436 2.573907e-09
1437 0.000000e+00
1438 0.000000e+00
1439 0.000000e+00
1440 1.861456e-07
1441 2.081548e-07
1442 2.097312e-07
1443 1.808850e-07
1444 1.336432e-07
1445 9.826190e-08
1446 6.967862e-08
1447 3.957596e-08
1448 2.234714e-08
1449 1.264242e-08
1450 7.027079e-09
1451 4.087060e-09
1452 0.000000e+00
1453 0.000000e+00
1454 0.000000e+00
1455 5.110928e-08
1456 5.856950e-08
1457 6.122000e-08
1458 5.562403e-08
1459 4.265748e-08
1460 3.080970e-08
1461 2.314108e-08
1462 1.297371e-08
1463 7.760132e-09
1464 4.251639e-09
1465 2.343826e-09
1466 1.308712e-09
1467 0.000000e+00
1468 0.000000e+00
1469 0.000000e+00
1470 1.141241e-07
1471 1.309536e-07
1472 1.371458e-07
1473 1.249711e-07
1474 9.608761e-08
1475 6.936068e-08
1476 5.216894e-08
1477 2.933623e-08
1478 1.760829e-08
1479 9.629024e-09
1480 5.295665e-09
1481 2.950862e-09
1482 0.000000e+00
1483 0.000000e+00
1484 0.000000e+00
1485 5.338840e-08
1486 6.273384e-08
1487 6.802017e-08
1488 6.530153e-08
1489 5.294748e-08
1490 3.820459e-08
1491 2.882139e-08
1492 1.792032e-08
1493 1.090592e-08
1494 5.918206e-09
1495 3.117171e-09
1496 1.681808e-09
1497 9.365838e-10
1498 0.000000e+00
1499 0.000000e+00
1500 1.109684e-04
1501 8.086786e-05
1502 6.035546e-05
1503 3.805236e-05
1504 2.321989e-05
1505 1.369104e-05
1506 8.324421e-06
1507 5.304277e-06
1508 3.565556e-06
1509 0.000000e+00
1510 0.000000e+00
1511 0.000000e+00
1512 0.000000e+00
1513 0.000000e+00
1514 0.000000e+00
1515 5.757601e-05
1516 4.644359e-05
1517 3.369791e-05
1518 2.528332e-05
1519 1.597668e-05
1520 9.754545e-06
1521 5.648866e-06
1522 3.364481e-06
1523 2.093966e-06
1524 1.379138e-06
1525 0.000000e+00
1526 0.000000e+00
1527 0.000000e+00
1528 0.000000e+00
1529 0.000000e+00
1530 4.047788e-05
1531 3.713775e-05
1532 2.882267e-05
1533 2.080348e-05
1534 1.566222e-05
1535 9.111532e-06
1536 5.625604e-06
1537 3.225263e-06
1538 1.896511e-06
1539 1.174730e-06
1540 0.000000e+00
1541 0.000000e+00
1542 0.000000e+00
1543 0.000000e+00
1544 0.000000e+00
1545 2.912801e-05
1546 2.891312e-05
1547 2.448503e-05
1548 1.793535e-05
1549 1.328396e-05
1550 9.154542e-06
1551 5.351144e-06
1552 3.053081e-06
1553 1.771954e-06
1554 1.042590e-06
1555 6.506122e-07
1556 0.000000e+00
1557 0.000000e+00
1558 0.000000e+00
1559 0.000000e+00
1560 2.085098e-05
1561 2.179680e-05
1562 1.983793e-05
1563 1.524768e-05
1564 1.100576e-05
1565 8.274949e-06
1566 4.689296e-06
1567 2.850415e-06
1568 1.602925e-06
1569 9.233707e-07
1570 5.506294e-07
1571 0.000000e+00
1572 0.000000e+00
1573 0.000000e+00
1574 0.000000e+00
1575 1.487210e-05
1576 1.614453e-05
1577 1.554949e-05
1578 1.266314e-05
1579 9.143013e-06
1580 6.883420e-06
1581 4.347301e-06
1582 2.655947e-06
1583 1.474901e-06
1584 8.112783e-07
1585 4.673052e-07
1586 2.832009e-07
1587 0.000000e+00
1588 0.000000e+00
1589 0.000000e+00
1590 1.001028e-05
1591 1.119728e-05
1592 1.128693e-05
1593 9.739022e-06
1594 7.195644e-06
1595 5.289411e-06
1596 3.755371e-06
1597 2.130464e-06
1598 1.202339e-06
1599 6.811759e-07
1600 3.783133e-07
1601 2.200058e-07
1602 0.000000e+00
1603 0.000000e+00
1604 0.000000e+00
1605 6.201116e-06
1606 7.118100e-06
1607 7.458527e-06
1608 6.801106e-06
1609 5.231433e-06
1610 3.775220e-06
1611 2.841823e-06
1612 1.597077e-06
1613 9.596537e-07
1614 5.242846e-07
1615 2.885232e-07
1616 1.606418e-07
1617 0.000000e+00
1618 0.000000e+00
1619 0.000000e+00
1620 3.163407e-06
1621 3.720115e-06
1622 4.038202e-06
1623 3.883392e-06
1624 3.154630e-06
1625 2.276770e-06
1626 1.716871e-06
1627 1.071974e-06
1628 6.518364e-07
1629 3.538249e-07
1630 1.861971e-07
1631 1.003484e-07
1632 5.578990e-08
1633 0.000000e+00
1634 0.000000e+00
1635 8.891198e-07
1636 1.072208e-06
1637 1.206146e-06
1638 1.224576e-06
1639 1.066696e-06
1640 7.933436e-07
1641 5.815894e-07
1642 4.169104e-07
1643 2.343421e-07
1644 1.314261e-07
1645 7.164692e-08
1646 3.730540e-08
1647 1.958823e-08
1648 0.000000e+00
1649 0.000000e+00
