0 2.227932e-09
1 1.447696e-09
2 9.103489e-10
3 5.734557e-10
4 3.686452e-10
5 2.426118e-10
6 1.613484e-10
7 1.059612e-10
8 6.713392e-11
9 4.031411e-11
10 2.271883e-11
11 1.200043e-11
12 5.981532e-12
13 2.845441e-12
14 1.307859e-12
15 3.771696e-09
16 2.508003e-09
17 1.593858e-09
18 9.935676e-10
19 6.284036e-10
20 4.070099e-10
21 2.692942e-10
22 1.785664e-10
23 1.157669e-10
24 7.179948e-11
25 4.194682e-11
26 2.294729e-11
27 1.178419e-11
28 5.733603e-12
29 2.676601e-12
30 4.320873e-09
31 2.892976e-09
32 1.848603e-09
33 1.151128e-09
34 7.250137e-10
35 4.670647e-10
36 3.080742e-10
37 2.044457e-10
38 1.331985e-10
39 8.327912e-11
40 4.913455e-11
41 2.716114e-11
42 1.408234e-11
43 6.904235e-12
44 3.240547e-12
45 4.626520e-09
46 3.107182e-09
47 1.990431e-09
48 1.238878e-09
49 7.787922e-10
50 5.005888e-10
51 3.296838e-10
52 2.188332e-10
53 1.428844e-10
54 8.962861e-11
55 5.312379e-11
56 2.950143e-11
57 1.535965e-11
58 7.555418e-12
59 3.554621e-12
60 4.827187e-09
61 3.248040e-09
62 2.083675e-09
63 1.296562e-09
64 8.142013e-10
65 5.226441e-10
66 3.439173e-10
67 2.282749e-10
68 1.492387e-10
69 9.382142e-11
70 5.576149e-11
71 3.105207e-11
72 1.620053e-11
73 7.983865e-12
74 3.761292e-12
75 4.979366e-09
76 3.354652e-09
77 2.154377e-09
78 1.340431e-09
79 8.411160e-10
80 5.393410e-10
81 3.546992e-10
82 2.354971e-10
83 1.540951e-10
84 9.702180e-11
85 5.775021e-11
86 3.221592e-11
87 1.683973e-11
88 8.309952e-12
89 3.918444e-12
90 5.102882e-09
91 3.441365e-09
92 2.211786e-09
93 1.376054e-09
94 8.628866e-10
95 5.528843e-10
96 3.634620e-10
97 2.413291e-10
98 1.580156e-10
99 9.960366e-11
100 5.937835e-11
101 3.317204e-11
102 1.736032e-11
103 8.575191e-12
104 4.046358e-12
105 5.211516e-09
106 3.517096e-09
107 2.262098e-09
108 1.407129e-09
109 8.819070e-10
110 5.647188e-10
111 3.710736e-10
112 2.464438e-10
113 1.614080e-10
114 1.018351e-10
115 6.077169e-11
116 3.399974e-11
117 1.781542e-11
118 8.806023e-12
119 4.157779e-12
120 5.314179e-09
121 3.589511e-09
122 2.310185e-09
123 1.436405e-09
124 9.000001e-10
125 5.760321e-10
126 3.783634e-10
127 2.513061e-10
128 1.647403e-10
129 1.040219e-10
130 6.215365e-11
131 3.479806e-11
132 1.824329e-11
133 9.025544e-12
134 4.263417e-12
135 5.432123e-09
136 3.671743e-09
137 2.365259e-09
138 1.470906e-09
139 9.210293e-10
140 5.890992e-10
141 3.867736e-10
142 2.568406e-10
143 1.684971e-10
144 1.065139e-10
145 6.370738e-11
146 3.571007e-11
147 1.874532e-11
148 9.279506e-12
149 4.385907e-12
150 7.891416e-09
151 5.432153e-09
152 3.567684e-09
153 2.228613e-09
154 1.381927e-09
155 8.713045e-10
156 5.651308e-10
157 3.739950e-10
158 2.472750e-10
159 1.591858e-10
160 9.762172e-11
161 5.625601e-11
162 3.031781e-11
163 1.534318e-11
164 7.370299e-12
165 9.973978e-09
166 6.953469e-09
167 4.633017e-09
168 2.923995e-09
169 1.803857e-09
170 1.128040e-09
171 7.236350e-10
172 4.758318e-10
173 3.150767e-10
174 2.047150e-10
175 1.275093e-10
176 7.490843e-11
177 4.118288e-11
178 2.122007e-11
179 1.033712e-11
180 1.119408e-08
181 7.848862e-09
182 5.261257e-09
183 3.337838e-09
184 2.055788e-09
185 1.281396e-09
186 8.178420e-10
187 5.360768e-10
188 3.550041e-10
189 2.315231e-10
190 1.451422e-10
191 8.595207e-11
192 4.766135e-11
193 2.475192e-11
194 1.213518e-11
195 1.199931e-08
196 8.441091e-09
197 5.676740e-09
198 3.611467e-09
199 2.222720e-09
200 1.382829e-09
201 8.801286e-10
202 5.759857e-10
203 3.814570e-10
204 2.492635e-10
205 1.568141e-10
206 9.327380e-11
207 5.195905e-11
208 2.709606e-11
209 1.332858e-11
210 1.261000e-08
211 8.890049e-09
212 5.992156e-09
213 3.818925e-09
214 2.349366e-09
215 1.459905e-09
216 9.274850e-10
217 6.062129e-10
218 4.014523e-10
219 2.626828e-10
220 1.656390e-10
221 9.881789e-11
222 5.520715e-11
223 2.887027e-11
224 1.423176e-11
225 1.310597e-08
226 9.253766e-09
227 6.246769e-09
228 3.987529e-09
229 2.451882e-09
230 1.522020e-09
231 9.656698e-10
232 6.306774e-10
233 4.176617e-10
234 2.735693e-10
235 1.728004e-10
236 1.032879e-10
237 5.783443e-11
238 3.030122e-11
239 1.496204e-11
240 1.353715e-08
241 9.570762e-09
242 6.469871e-09
243 4.134018e-09
244 2.541728e-09
245 1.576891e-09
246 9.991263e-10
247 6.520197e-10
248 4.318659e-10
249 2.830864e-10
250 1.790605e-10
251 1.072158e-10
252 6.014503e-11
253 3.156172e-11
254 1.560192e-11
255 1.394755e-08
256 9.872228e-09
257 6.681981e-09
258 4.274161e-09
259 2.626696e-09
260 1.628519e-09
261 1.030895e-09
262 6.723324e-10
263 4.453228e-10
264 2.921152e-10
265 1.850003e-10
266 1.109468e-10
267 6.233136e-11
268 3.274937e-11
269 1.620656e-11
270 1.442497e-08
271 1.022247e-08
272 6.927573e-09
273 4.435645e-09
274 2.724887e-09
275 1.688686e-09
276 1.068047e-09
277 6.959744e-10
278 4.609253e-10
279 3.025940e-10
280 1.919082e-10
281 1.152794e-10
282 6.486632e-11
283 3.413460e-11
284 1.691164e-11
285 1.364231e-08
286 9.705538e-09
287 6.591787e-09
288 4.253364e-09
289 2.621160e-09
290 1.623446e-09
291 1.023530e-09
292 6.639142e-10
293 4.380403e-10
294 2.871066e-10
295 1.822927e-10
296 1.099494e-10
297 6.226971e-11
298 3.301704e-11
299 1.647543e-11
300 1.606996e-08
301 1.156399e-08
302 7.925725e-09
303 5.173244e-09
304 3.200218e-09
305 1.972160e-09
306 1.233667e-09
307 7.940835e-10
308 5.219193e-10
309 3.428693e-10
310 2.194219e-10
311 1.339455e-10
312 7.695586e-11
313 4.140493e-11
314 2.092982e-11
315 1.770444e-08
316 1.282322e-08
317 8.830929e-09
318 5.799405e-09
319 3.597181e-09
320 2.210529e-09
321 1.377616e-09
322 8.829914e-10
323 5.790421e-10
324 3.807320e-10
325 2.446224e-10
326 1.502586e-10
327 8.696703e-11
328 4.714345e-11
329 2.398975e-11
330 1.894812e-08
331 1.378033e-08
332 9.518594e-09
333 6.274602e-09
334 3.898482e-09
335 2.391747e-09
336 1.486847e-09
337 9.505065e-10
338 6.224784e-10
339 4.094901e-10
340 2.637606e-10
341 1.626422e-10
342 9.456994e-11
343 5.150370e-11
344 2.631567e-11
345 1.995586e-08
346 1.455611e-08
347 1.007804e-08
348 6.660494e-09
349 4.142974e-09
350 2.539260e-09
351 1.575451e-09
352 1.005204e-09
353 6.576001e-10
354 4.327884e-10
355 2.792722e-10
356 1.726813e-10
357 1.007301e-10
358 5.503557e-11
359 2.820139e-11
360 2.083527e-08
361 1.523341e-08
362 1.056516e-08
363 6.996064e-09
364 4.355793e-09
365 2.667085e-09
366 1.652614e-09
367 1.052897e-09
368 6.882534e-10
369 4.531335e-10
370 2.927978e-10
371 1.814349e-10
372 1.061031e-10
373 5.811638e-11
374 2.984278e-11
375 2.166680e-08
376 1.587514e-08
377 1.102697e-08
378 7.314690e-09
379 4.557877e-09
380 2.788902e-09
381 1.725747e-09
382 1.098012e-09
383 7.172645e-10
384 4.723730e-10
385 3.056132e-10
386 1.897237e-10
387 1.111885e-10
388 6.103098e-11
389 3.139698e-11
390 2.263898e-08
391 1.662257e-08
392 1.156475e-08
393 7.686693e-09
394 4.793314e-09
395 2.930906e-09
396 1.811643e-09
397 1.151074e-09
398 7.512519e-10
399 4.949489e-10
400 3.206334e-10
401 1.994483e-10
402 1.171475e-10
403 6.444851e-11
404 3.322041e-11
405 1.972941e-08
406 1.446245e-08
407 1.003843e-08
408 6.656564e-09
409 4.166837e-09
410 2.551499e-09
411 1.582119e-09
412 1.005768e-09
413 6.555563e-10
414 4.305502e-10
415 2.778060e-10
416 1.721588e-10
417 1.008605e-10
418 5.543086e-11
419 2.858535e-11
420 2.237077e-08
421 1.658863e-08
422 1.160350e-08
423 7.757804e-09
424 4.897850e-09
425 2.991178e-09
426 1.846832e-09
427 1.165384e-09
428 7.553083e-10
429 4.954171e-10
430 3.208368e-10
431 2.003833e-10
432 1.186450e-10
433 6.598263e-11
434 3.442168e-11
435 2.439500e-08
436 1.822287e-08
437 1.280632e-08
438 8.607508e-09
439 5.462218e-09
440 3.331633e-09
441 2.052027e-09
442 1.288771e-09
443 8.324748e-10
444 5.454672e-10
445 3.539998e-10
446 2.221335e-10
447 1.323649e-10
448 7.413845e-11
449 3.894355e-11
450 2.603511e-08
451 1.954855e-08
452 1.378533e-08
453 9.298081e-09
454 5.920303e-09
455 3.608200e-09
456 2.218273e-09
457 1.389065e-09
458 8.948510e-10
459 5.860483e-10
460 3.808959e-10
461 2.397757e-10
462 1.434921e-10
463 8.075242e-11
464 4.261061e-11
465 2.747018e-08
466 2.070709e-08
467 1.464001e-08
468 9.898278e-09
469 6.319910e-09
470 3.849796e-09
471 2.363192e-09
472 1.476357e-09
473 9.494672e-10
474 6.214749e-10
475 4.043636e-10
476 2.551654e-10
477 1.531997e-10
478 8.652387e-11
479 4.581132e-11
480 2.882500e-08
481 2.180124e-08
482 1.544618e-08
483 1.046674e-08
484 6.698266e-09
485 4.077647e-09
486 2.500571e-09
487 1.558847e-09
488 1.000994e-09
489 6.549402e-10
490 4.265797e-10
491 2.697337e-10
492 1.623865e-10
493 9.197528e-11
494 4.883269e-11
495 3.041142e-08
496 2.307804e-08
497 1.639060e-08
498 1.113262e-08
499 7.140463e-09
500 4.344719e-09
501 2.661244e-09
502 1.655682e-09
503 1.061374e-09
504 6.941486e-10
505 4.525327e-10
506 2.867399e-10
507 1.731245e-10
508 9.836624e-11
509 5.237681e-11
510 2.601800e-08
511 1.962160e-08
512 1.388224e-08
513 9.377777e-09
514 6.000977e-09
515 3.664942e-09
516 2.251496e-09
517 1.406101e-09
518 9.031283e-10
519 5.899939e-10
520 3.831183e-10
521 2.413976e-10
522 1.448505e-10
523 8.185629e-11
524 4.341433e-11
525 2.893343e-08
526 2.207313e-08
527 1.574168e-08
528 1.070567e-08
529 6.909612e-09
530 4.227198e-09
531 2.588119e-09
532 1.605759e-09
533 1.025239e-09
534 6.675236e-10
535 4.339136e-10
536 2.748070e-10
537 1.662569e-10
538 9.490337e-11
539 5.086912e-11
540 3.131248e-08
541 2.407600e-08
542 1.726205e-08
543 1.179293e-08
544 7.653748e-09
545 4.689539e-09
546 2.863866e-09
547 1.769666e-09
548 1.125095e-09
549 7.309889e-10
550 4.754594e-10
551 3.021243e-10
552 1.837622e-10
553 1.055799e-10
554 5.697639e-11
555 3.338588e-08
556 2.582257e-08
557 1.859024e-08
558 1.274016e-08
559 8.303122e-09
560 5.091903e-09
561 3.104660e-09
562 1.912655e-09
563 1.212394e-09
564 7.863521e-10
565 5.116925e-10
566 3.259452e-10
567 1.990277e-10
568 1.148907e-10
569 6.230277e-11
570 3.535122e-08
571 2.747827e-08
572 1.984906e-08
573 1.363906e-08
574 8.919653e-09
575 5.473966e-09
576 3.333103e-09
577 2.048318e-09
578 1.295151e-09
579 8.388658e-10
580 5.460786e-10
581 3.485534e-10
582 2.135151e-10
583 1.237268e-10
584 6.735762e-11
585 3.765494e-08
586 2.941275e-08
587 2.132028e-08
588 1.468918e-08
589 9.637570e-09
590 5.919594e-09
591 3.599491e-09
592 2.206374e-09
593 1.391603e-09
594 9.000701e-10
595 5.861472e-10
596 3.749039e-10
597 2.304030e-10
598 1.340263e-10
599 7.324913e-11
600 3.278870e-08
601 2.541938e-08
602 1.834224e-08
603 1.258219e-08
604 8.215015e-09
605 5.057885e-09
606 3.081564e-09
607 1.897676e-09
608 1.200706e-09
609 7.771076e-10
610 5.048356e-10
611 3.213562e-10
612 1.963227e-10
613 1.135230e-10
614 6.173382e-11
615 3.603292e-08
616 2.825289e-08
617 2.056408e-08
618 1.419227e-08
619 9.336765e-09
620 5.779530e-09
621 3.509522e-09
622 2.151650e-09
623 1.352618e-09
624 8.713742e-10
625 5.655247e-10
626 3.610799e-10
627 2.219876e-10
628 1.294682e-10
629 7.108953e-11
630 3.886885e-08
631 3.073491e-08
632 2.251338e-08
633 1.560328e-08
634 1.032163e-08
635 6.413401e-09
636 3.885893e-09
637 2.374838e-09
638 1.486246e-09
639 9.540917e-10
640 6.187591e-10
641 3.959089e-10
642 2.444900e-10
643 1.434533e-10
644 7.930042e-11
645 4.155451e-08
646 3.308525e-08
647 2.435898e-08
648 1.694210e-08
649 1.125459e-08
650 7.014236e-09
651 4.242599e-09
652 2.586503e-09
653 1.612771e-09
654 1.032502e-09
655 6.691973e-10
656 4.289100e-10
657 2.658107e-10
658 1.567024e-10
659 8.707751e-11
660 4.470164e-08
661 3.583313e-08
662 2.651669e-08
663 1.850503e-08
664 1.234367e-08
665 7.715395e-09
666 4.658624e-09
667 2.833338e-09
668 1.760444e-09
669 1.124056e-09
670 7.280804e-10
671 4.674399e-10
672 2.907061e-10
673 1.721738e-10
674 9.616109e-11
675 4.020719e-08
676 3.201154e-08
677 2.359333e-08
678 1.641835e-08
679 1.090410e-08
680 6.816452e-09
681 4.125792e-09
682 2.518030e-09
683 1.568715e-09
684 1.002857e-09
685 6.488334e-10
686 4.151986e-10
687 2.570342e-10
688 1.514984e-10
689 8.425845e-11
690 4.395062e-08
691 3.539654e-08
692 2.634519e-08
693 1.844737e-08
694 1.233577e-08
695 7.768790e-09
696 4.695342e-09
697 2.856589e-09
698 1.767801e-09
699 1.123381e-09
700 7.248097e-10
701 4.643739e-10
702 2.888727e-10
703 1.715388e-10
704 9.626835e-11
705 4.749501e-08
706 3.861420e-08
707 2.895505e-08
708 2.037915e-08
709 1.369740e-08
710 8.674967e-09
711 5.237370e-09
712 3.178513e-09
713 1.957214e-09
714 1.238032e-09
715 7.970749e-10
716 5.111332e-10
717 3.191268e-10
718 1.905820e-10
719 1.076878e-10
720 5.164502e-08
721 4.237473e-08
722 3.200198e-08
723 2.263070e-08
724 1.528408e-08
725 9.732046e-09
726 5.869653e-09
727 3.554451e-09
728 2.177997e-09
729 1.371790e-09
730 8.812878e-10
731 5.656357e-10
732 3.543963e-10
733 2.127815e-10
734 1.210006e-10
735 4.871486e-08
736 3.984105e-08
737 3.005448e-08
738 2.124579e-08
739 1.432536e-08
740 9.123796e-09
741 5.519819e-09
742 3.345498e-09
743 2.052078e-09
744 1.292685e-09
745 8.294767e-10
746 5.312481e-10
747 3.320274e-10
748 1.988991e-10
749 1.129245e-10
750 5.333422e-08
751 4.416883e-08
752 3.369718e-08
753 2.400368e-08
754 1.628991e-08
755 1.046486e-08
756 6.342966e-09
757 3.831942e-09
758 2.335061e-09
759 1.460712e-09
760 9.328699e-10
761 5.970217e-10
762 3.743682e-10
763 2.257390e-10
764 1.292955e-10
765 5.873707e-08
766 4.922956e-08
767 3.794178e-08
768 2.722370e-08
769 1.858418e-08
770 1.203223e-08
771 7.305587e-09
772 4.401168e-09
773 2.665670e-09
774 1.657075e-09
775 1.053612e-09
776 6.738262e-10
777 4.238073e-10
778 2.570776e-10
779 1.484124e-10
780 5.928438e-08
781 4.990949e-08
782 3.868234e-08
783 2.788198e-08
784 1.908512e-08
785 1.240611e-08
786 7.572736e-09
787 4.553876e-09
788 2.753851e-09
789 1.705329e-09
790 1.080002e-09
791 6.887925e-10
792 4.328622e-10
793 2.628797e-10
794 1.522197e-10
795 6.638163e-08
796 5.678589e-08
797 4.468321e-08
798 3.258105e-08
799 2.248479e-08
800 1.477101e-08
801 9.084025e-09
802 5.440955e-09
803 3.269699e-09
804 2.005298e-09
805 1.259505e-09
806 8.001611e-10
807 5.035602e-10
808 3.076852e-10
809 1.798899e-10
810 7.619468e-08
811 6.664215e-08
812 5.367943e-08
813 3.992019e-08
814 2.791777e-08
815 1.860492e-08
816 1.163929e-08
817 6.954250e-09
818 4.154876e-09
819 2.509892e-09
820 1.552100e-09
821 9.757260e-10
822 6.122835e-10
823 3.759074e-10
824 2.222480e-10
825 5.051172e-07
826 3.689400e-07
827 2.733761e-07
828 1.701606e-07
829 1.036616e-07
830 6.141139e-08
831 3.749838e-08
832 2.405695e-08
833 1.623986e-08
834 0.000000e+00
835 0.000000e+00
836 0.000000e+00
837 0.000000e+00
838 0.000000e+00
839 0.000000e+00
840 7.610579e-07
841 5.560209e-07
842 4.124459e-07
843 2.596656e-07
844 1.578008e-07
845 9.336790e-08
846 5.690385e-08
847 3.637101e-08
848 2.448527e-08
849 0.000000e+00
850 0.000000e+00
851 0.000000e+00
852 0.000000e+00
853 0.000000e+00
854 0.000000e+00
855 9.047067e-07
856 6.610424e-07
857 4.905059e-07
858 3.099873e-07
859 1.882160e-07
860 1.113229e-07
861 6.780578e-08
862 4.328584e-08
863 2.911399e-08
864 0.000000e+00
865 0.000000e+00
866 0.000000e+00
867 0.000000e+00
868 0.000000e+00
869 0.000000e+00
870 9.994464e-07
871 7.303049e-07
872 5.419887e-07
873 3.431755e-07
874 2.082770e-07
875 1.231651e-07
876 7.499601e-08
877 4.784682e-08
878 3.216673e-08
879 0.000000e+00
880 0.000000e+00
881 0.000000e+00
882 0.000000e+00
883 0.000000e+00
884 0.000000e+00
885 1.071311e-06
886 7.828475e-07
887 5.810382e-07
888 3.683501e-07
889 2.234944e-07
890 1.321482e-07
891 8.045016e-08
892 5.130643e-08
893 3.448258e-08
894 0.000000e+00
895 0.000000e+00
896 0.000000e+00
897 0.000000e+00
898 0.000000e+00
899 0.000000e+00
900 1.129552e-06
901 8.254272e-07
902 6.126878e-07
903 3.887520e-07
904 2.358260e-07
905 1.394283e-07
906 8.487014e-08
907 5.411027e-08
908 3.635930e-08
909 0.000000e+00
910 0.000000e+00
911 0.000000e+00
912 0.000000e+00
913 0.000000e+00
914 0.000000e+00
915 1.180379e-06
916 8.625848e-07
917 6.403058e-07
918 4.065577e-07
919 2.465886e-07
920 1.457810e-07
921 8.872755e-08
922 5.655694e-08
923 3.799706e-08
924 0.000000e+00
925 0.000000e+00
926 0.000000e+00
927 0.000000e+00
928 0.000000e+00
929 0.000000e+00
930 1.228562e-06
931 8.978123e-07
932 6.664892e-07
933 4.234369e-07
934 2.567910e-07
935 1.518033e-07
936 9.238428e-08
937 5.887640e-08
938 3.954957e-08
939 0.000000e+00
940 0.000000e+00
941 0.000000e+00
942 0.000000e+00
943 0.000000e+00
944 0.000000e+00
945 1.284781e-06
946 9.389168e-07
947 6.970388e-07
948 4.431325e-07
949 2.686950e-07
950 1.588307e-07
951 9.665135e-08
952 6.158265e-08
953 4.136125e-08
954 0.000000e+00
955 0.000000e+00
956 0.000000e+00
957 0.000000e+00
958 0.000000e+00
959 0.000000e+00
960 3.374938e-07
961 2.687949e-07
962 1.949849e-07
963 1.462237e-07
964 9.047288e-08
965 5.538046e-08
966 3.218953e-08
967 1.924758e-08
968 1.206206e-08
969 7.985888e-09
970 0.000000e+00
971 0.000000e+00
972 0.000000e+00
973 0.000000e+00
974 0.000000e+00
975 5.217824e-07
976 4.184199e-07
977 3.038110e-07
978 2.276220e-07
979 1.426676e-07
980 8.698639e-08
981 5.052406e-08
982 3.017023e-08
983 1.883861e-08
984 1.243601e-08
985 0.000000e+00
986 0.000000e+00
987 0.000000e+00
988 0.000000e+00
989 0.000000e+00
990 6.449662e-07
991 5.185245e-07
992 3.766378e-07
993 2.820797e-07
994 1.776435e-07
995 1.081488e-07
996 6.280134e-08
997 3.748435e-08
998 2.337478e-08
999 1.541377e-08
1000 0.000000e+00
1001 0.000000e+00
1002 0.000000e+00
1003 0.000000e+00
1004 0.000000e+00
1005 7.383882e-07
1006 5.944366e-07
1007 4.318617e-07
1008 3.233770e-07
1009 2.041667e-07
1010 1.241959e-07
1011 7.211168e-08
1012 4.303104e-08
1013 2.681459e-08
1014 1.767183e-08
1015 0.000000e+00
1016 0.000000e+00
1017 0.000000e+00
1018 0.000000e+00
1019 0.000000e+00
1020 8.141069e-07
1021 6.559589e-07
1022 4.766197e-07
1023 3.568458e-07
1024 2.256638e-07
1025 1.372031e-07
1026 7.965781e-08
1027 4.752629e-08
1028 2.960260e-08
1029 1.950183e-08
1030 0.000000e+00
1031 0.000000e+00
1032 0.000000e+00
1033 0.000000e+00
1034 0.000000e+00
1035 8.801665e-07
1036 7.096390e-07
1037 5.156750e-07
1038 3.860480e-07
1039 2.444194e-07
1040 1.485513e-07
1041 8.624150e-08
1042 5.144866e-08
1043 3.203515e-08
1044 2.109876e-08
1045 0.000000e+00
1046 0.000000e+00
1047 0.000000e+00
1048 0.000000e+00
1049 0.000000e+00
1050 9.428070e-07
1051 7.605411e-07
1052 5.527037e-07
1053 4.137370e-07
1054 2.622025e-07
1055 1.593125e-07
1056 9.248448e-08
1057 5.516763e-08
1058 3.434164e-08
1059 2.261282e-08
1060 0.000000e+00
1061 0.000000e+00
1062 0.000000e+00
1063 0.000000e+00
1064 0.000000e+00
1065 1.015896e-06
1066 8.199349e-07
1067 5.959121e-07
1068 4.460492e-07
1069 2.829539e-07
1070 1.718693e-07
1071 9.976882e-08
1072 5.950754e-08
1073 3.703299e-08
1074 2.437957e-08
1075 0.000000e+00
1076 0.000000e+00
1077 0.000000e+00
1078 0.000000e+00
1079 0.000000e+00
1080 2.000289e-07
1081 1.819396e-07
1082 1.401840e-07
1083 1.013729e-07
1084 7.596592e-08
1085 4.391806e-08
1086 2.691875e-08
1087 1.551971e-08
1088 9.176583e-09
1089 5.708829e-09
1090 0.000000e+00
1091 0.000000e+00
1092 0.000000e+00
1093 0.000000e+00
1094 0.000000e+00
1095 3.305052e-07
1096 3.019158e-07
1097 2.335595e-07
1098 1.687934e-07
1099 1.266706e-07
1100 7.363268e-08
1101 4.524801e-08
1102 2.602662e-08
1103 1.533562e-08
1104 9.518966e-09
1105 0.000000e+00
1106 0.000000e+00
1107 0.000000e+00
1108 0.000000e+00
1109 0.000000e+00
1110 4.307918e-07
1111 3.941850e-07
1112 3.054077e-07
1113 2.206684e-07
1114 1.656868e-07
1115 9.651807e-08
1116 5.936622e-08
1117 3.411810e-08
1118 2.007675e-08
1119 1.245110e-08
1120 0.000000e+00
1121 0.000000e+00
1122 0.000000e+00
1123 0.000000e+00
1124 0.000000e+00
1125 5.120268e-07
1126 4.689186e-07
1127 3.636022e-07
1128 2.626860e-07
1129 1.972877e-07
1130 1.150537e-07
1131 7.080128e-08
1132 4.067183e-08
1133 2.391674e-08
1134 1.482603e-08
1135 0.000000e+00
1136 0.000000e+00
1137 0.000000e+00
1138 0.000000e+00
1139 0.000000e+00
1140 5.828997e-07
1141 5.341263e-07
1142 4.143766e-07
1143 2.993463e-07
1144 2.248606e-07
1145 1.312264e-07
1146 8.077868e-08
1147 4.639010e-08
1148 2.726723e-08
1149 1.689812e-08
1150 0.000000e+00
1151 0.000000e+00
1152 0.000000e+00
1153 0.000000e+00
1154 0.000000e+00
1155 6.501055e-07
1156 5.959565e-07
1157 4.625233e-07
1158 3.341088e-07
1159 2.510061e-07
1160 1.465620e-07
1161 9.023931e-08
1162 5.181227e-08
1163 3.044423e-08
1164 1.886290e-08
1165 0.000000e+00
1166 0.000000e+00
1167 0.000000e+00
1168 0.000000e+00
1169 0.000000e+00
1170 7.285217e-07
1171 6.680994e-07
1172 5.186990e-07
1173 3.746693e-07
1174 2.815110e-07
1175 1.644552e-07
1176 1.012778e-07
1177 5.813860e-08
1178 3.415122e-08
1179 2.115550e-08
1180 0.000000e+00
1181 0.000000e+00
1182 0.000000e+00
1183 0.000000e+00
1184 0.000000e+00
1185 1.319329e-07
1186 1.302300e-07
1187 1.095151e-07
1188 8.000065e-08
1189 5.943093e-08
1190 4.039509e-08
1191 2.383672e-08
1192 1.358119e-08
1193 7.851327e-09
1194 4.639500e-09
1195 2.906148e-09
1196 0.000000e+00
1197 0.000000e+00
1198 0.000000e+00
1199 0.000000e+00
1200 2.311934e-07
1201 2.288596e-07
1202 1.931800e-07
1203 1.413644e-07
1204 1.048443e-07
1205 7.176617e-08
1206 4.213832e-08
1207 2.404243e-08
1208 1.391788e-08
1209 8.209489e-09
1210 5.131746e-09
1211 0.000000e+00
1212 0.000000e+00
1213 0.000000e+00
1214 0.000000e+00
1215 3.124814e-07
1216 3.096578e-07
1217 2.617482e-07
1218 1.916673e-07
1219 1.420651e-07
1220 9.749480e-08
1221 5.714131e-08
1222 3.262001e-08
1223 1.889211e-08
1224 1.113634e-08
1225 6.956070e-09
1226 0.000000e+00
1227 0.000000e+00
1228 0.000000e+00
1229 0.000000e+00
1230 3.833447e-07
1231 3.800936e-07
1232 3.215179e-07
1233 2.355151e-07
1234 1.745092e-07
1235 1.199236e-07
1236 7.021914e-08
1237 4.009716e-08
1238 2.322823e-08
1239 1.368775e-08
1240 8.546267e-09
1241 0.000000e+00
1242 0.000000e+00
1243 0.000000e+00
1244 0.000000e+00
1245 4.505394e-07
1246 4.468769e-07
1247 3.781931e-07
1248 2.770922e-07
1249 2.052743e-07
1250 1.411902e-07
1251 8.261995e-08
1252 4.718723e-08
1253 2.733984e-08
1254 1.610704e-08
1255 1.005415e-08
1256 0.000000e+00
1257 0.000000e+00
1258 0.000000e+00
1259 0.000000e+00
1260 5.289389e-07
1261 5.248024e-07
1262 4.443228e-07
1263 3.256073e-07
1264 2.411713e-07
1265 1.660035e-07
1266 9.708956e-08
1267 5.545951e-08
1268 3.213711e-08
1269 1.892982e-08
1270 1.181359e-08
1271 0.000000e+00
1272 0.000000e+00
1273 0.000000e+00
1274 0.000000e+00
1275 9.490085e-08
1276 9.881475e-08
1277 8.942283e-08
1278 6.841203e-08
1279 4.945119e-08
1280 3.704199e-08
1281 2.093006e-08
1282 1.264027e-08
1283 7.142149e-09
1284 4.125157e-09
1285 2.469599e-09
1286 0.000000e+00
1287 0.000000e+00
1288 0.000000e+00
1289 0.000000e+00
1290 1.735960e-07
1291 1.811356e-07
1292 1.644320e-07
1293 1.261436e-07
1294 9.112364e-08
1295 6.836434e-08
1296 3.873987e-08
1297 2.347313e-08
1298 1.323313e-08
1299 7.624597e-09
1300 4.555559e-09
1301 0.000000e+00
1302 0.000000e+00
1303 0.000000e+00
1304 0.000000e+00
1305 2.426109e-07
1306 2.533436e-07
1307 2.302420e-07
1308 1.768065e-07
1309 1.276930e-07
1310 9.585320e-08
1311 5.437590e-08
1312 3.298588e-08
1313 1.858110e-08
1314 1.069626e-08
1315 6.386239e-09
1316 0.000000e+00
1317 0.000000e+00
1318 0.000000e+00
1319 0.000000e+00
1320 3.079963e-07
1321 3.217515e-07
1322 2.925889e-07
1323 2.248046e-07
1324 1.623386e-07
1325 1.218956e-07
1326 6.918836e-08
1327 4.199743e-08
1328 2.364736e-08
1329 1.360614e-08
1330 8.120575e-09
1331 0.000000e+00
1332 0.000000e+00
1333 0.000000e+00
1334 0.000000e+00
1335 3.842898e-07
1336 4.015719e-07
1337 3.653378e-07
1338 2.808076e-07
1339 2.027615e-07
1340 1.522812e-07
1341 8.647147e-08
1342 5.251247e-08
1343 2.955870e-08
1344 1.700144e-08
1345 1.014418e-08
1346 0.000000e+00
1347 0.000000e+00
1348 0.000000e+00
1349 0.000000e+00
1350 7.263296e-08
1351 7.861908e-08
1352 7.539112e-08
1353 6.109621e-08
1354 4.407707e-08
1355 3.322803e-08
1356 2.075716e-08
1357 1.272641e-08
1358 7.065323e-09
1359 3.890523e-09
1360 2.248557e-09
1361 1.367437e-09
1362 0.000000e+00
1363 0.000000e+00
1364 0.000000e+00
1365 1.385903e-07
1366 1.502597e-07
1367 1.444537e-07
1368 1.174120e-07
1369 8.476076e-08
1370 6.383636e-08
1371 4.015004e-08
1372 2.454382e-08
1373 1.362882e-08
1374 7.508483e-09
1375 4.329606e-09
1376 2.627220e-09
1377 0.000000e+00
1378 0.000000e+00
1379 0.000000e+00
1380 2.011352e-07
1381 2.181999e-07
1382 2.099582e-07
1383 1.708345e-07
1384 1.233570e-07
1385 9.287154e-08
1386 5.855306e-08
1387 3.575584e-08
1388 1.985616e-08
1389 1.094156e-08
1390 6.303987e-09
1391 3.822278e-09
1392 0.000000e+00
1393 0.000000e+00
1394 0.000000e+00
1395 2.740814e-07
1396 2.974379e-07
1397 2.863534e-07
1398 2.331386e-07
1399 1.683691e-07
1400 1.267338e-07
1401 8.001552e-08
1402 4.883174e-08
1403 2.711872e-08
1404 1.494524e-08
1405 8.606577e-09
1406 5.216021e-09
1407 0.000000e+00
1408 0.000000e+00
1409 0.000000e+00
1410 5.908734e-08
1411 6.594512e-08
1412 6.624824e-08
1413 5.690467e-08
1414 4.194409e-08
1415 3.089342e-08
1416 2.176372e-08
1417 1.241751e-08
1418 6.990757e-09
1419 3.955747e-09
1420 2.200347e-09
1421 1.283274e-09
1422 0.000000e+00
1423 0.000000e+00
1424 0.000000e+00
1425 1.180416e-07
1426 1.319283e-07
1427 1.328207e-07
1428 1.144275e-07
1429 8.448856e-08
1430 6.215001e-08
1431 4.399361e-08
1432 2.501774e-08
1433 1.411515e-08
1434 7.985915e-09
1435 4.439680e-09
1436 2.584120e-09
1437 0.000000e+00
1438 0.000000e+00
1439 0.000000e+00
1440 1.865857e-07
1441 2.086474e-07
1442 2.102282e-07
1443 1.813144e-07
1444 1.339609e-07
1445 9.849527e-08
1446 6.984461e-08
1447 3.967000e-08
1448 2.240033e-08
1449 1.267251e-08
1450 7.043799e-09
1451 4.096773e-09
1452 0.000000e+00
1453 0.000000e+00
1454 0.000000e+00
1455 5.146567e-08
1456 5.897813e-08
1457 6.164718e-08
1458 5.601250e-08
1459 4.295542e-08
1460 3.102481e-08
1461 2.330278e-08
1462 1.306432e-08
1463 7.814407e-09
1464 4.281339e-09
1465 2.360210e-09
1466 1.317855e-09
1467 0.000000e+00
1468 0.000000e+00
1469 0.000000e+00
1470 1.145284e-07
1471 1.314179e-07
1472 1.376330e-07
1473 1.254161e-07
1474 9.643046e-08
1475 6.960806e-08
1476 5.235520e-08
1477 2.944123e-08
1478 1.767149e-08
1479 9.663549e-09
1480 5.314607e-09
1481 2.961400e-09
1482 0.000000e+00
1483 0.000000e+00
1484 0.000000e+00
1485 5.372706e-08
1486 6.313228e-08
1487 6.845311e-08
1488 6.571819e-08
1489 5.328638e-08
1490 3.844929e-08
1491 2.900583e-08
1492 1.803585e-08
1493 1.097604e-08
1494 5.956280e-09
1495 3.137236e-09
1496 1.692608e-09
1497 9.425792e-10
1498 0.000000e+00
1499 0.000000e+00
1500 1.109684e-04
1501 8.086786e-05
1502 6.035546e-05
1503 3.805236e-05
1504 2.321989e-05
1505 1.369104e-05
1506 8.324421e-06
1507 5.304277e-06
1508 3.565556e-06
1509 0.000000e+00
1510 0.000000e+00
1511 0.000000e+00
1512 0.000000e+00
1513 0.000000e+00
1514 0.000000e+00
1515 5.757601e-05
1516 4.644359e-05
1517 3.369791e-05
1518 2.528332e-05
1519 1.597668e-05
1520 9.754545e-06
1521 5.648866e-06
1522 3.364481e-06
1523 2.093966e-06
1524 1.379138e-06
1525 0.000000e+00
1526 0.000000e+00
1527 0.000000e+00
1528 0.000000e+00
1529 0.000000e+00
1530 4.047788e-05
1531 3.713775e-05
1532 2.882267e-05
1533 2.080348e-05
1534 1.566222e-05
1535 9.111532e-06
1536 5.625604e-06
1537 3.225263e-06
1538 1.896511e-06
1539 1.174730e-06
1540 0.000000e+00
1541 0.000000e+00
1542 0.000000e+00
1543 0.000000e+00
1544 0.000000e+00
1545 2.912801e-05
1546 2.891312e-05
1547 2.448503e-05
1548 1.793535e-05
1549 1.328396e-05
1550 9.154542e-06
1551 5.351144e-06
1552 3.053081e-06
1553 1.771954e-06
1554 1.042590e-06
1555 6.506122e-07
1556 0.000000e+00
1557 0.000000e+00
1558 0.000000e+00
1559 0.000000e+00
1560 2.085098e-05
1561 2.179680e-05
1562 1.983793e-05
1563 1.524768e-05
1564 1.100576e-05
1565 8.274949e-06
1566 4.689296e-06
1567 2.850415e-06
1568 1.602925e-06
1569 9.233707e-07
1570 5.506294e-07
1571 0.000000e+00
1572 0.000000e+00
1573 0.000000e+00
1574 0.000000e+00
1575 1.487210e-05
1576 1.614453e-05
1577 1.554949e-05
1578 1.266314e-05
1579 9.143013e-06
1580 6.883420e-06
1581 4.347301e-06
1582 2.655947e-06
1583 1.474901e-06
1584 8.112783e-07
1585 4.673052e-07
1586 2.832009e-07
1587 0.000000e+00
1588 0.000000e+00
1589 0.000000e+00
1590 1.001028e-05
1591 1.119728e-05
1592 1.128693e-05
1593 9.739022e-06
1594 7.195644e-06
1595 5.289411e-06
1596 3.755371e-06
1597 2.130464e-06
1598 1.202339e-06
1599 6.811759e-07
1600 3.783133e-07
1601 2.200058e-07
1602 0.000000e+00
1603 0.000000e+00
1604 0.000000e+00
1605 6.201116e-06
1606 7.118100e-06
1607 7.458527e-06
1608 6.801106e-06
1609 5.231433e-06
1610 3.775220e-06
1611 2.841823e-06
1612 1.597077e-06
1613 9.596537e-07
1614 5.242846e-07
1615 2.885232e-07
1616 1.606418e-07
1617 0.000000e+00
1618 0.000000e+00
1619 0.000000e+00
1620 3.163407e-06
1621 3.720115e-06
1622 4.038202e-06
1623 3.883392e-06
1624 3.154630e-06
1625 2.276770e-06
1626 1.716871e-06
1627 1.071974e-06
1628 6.518364e-07
1629 3.538249e-07
1630 1.861971e-07
1631 1.003484e-07
1632 5.578990e-08
1633 0.000000e+00
1634 0.000000e+00
1635 8.891198e-07
1636 1.072208e-06
1637 1.206146e-06
1638 1.224576e-06
1639 1.066696e-06
1640 7.933436e-07
1641 5.815894e-07
1642 4.169104e-07
1643 2.343421e-07
1644 1.314261e-07
1645 7.164692e-08
1646 3.730540e-08
1647 1.958823e-08
1648 0.000000e+00
1649 0.000000e+00
