0 2.205971e-09
1 1.432556e-09
2 9.004738e-10
3 5.674689e-10
4 3.649821e-10
5 2.402879e-10
6 1.598097e-10
7 1.049351e-10
8 6.644793e-11
9 3.986734e-11
10 2.244590e-11
11 1.184427e-11
12 5.899394e-12
13 2.805157e-12
14 1.288724e-12
15 3.742262e-09
16 2.487330e-09
17 1.579743e-09
18 9.847313e-10
19 6.229831e-10
20 4.036765e-10
21 2.671732e-10
22 1.771671e-10
23 1.148262e-10
24 7.117658e-11
25 4.154930e-11
26 2.270929e-11
27 1.165151e-11
28 5.665431e-12
29 2.643223e-12
30 4.281149e-09
31 2.864890e-09
32 1.829224e-09
33 1.138742e-09
34 7.174748e-10
35 4.624676e-10
36 3.051966e-10
37 2.025792e-10
38 1.319319e-10
39 8.241361e-11
40 4.858020e-11
41 2.682600e-11
42 1.389271e-11
43 6.804349e-12
44 3.191094e-12
45 4.578391e-09
46 3.072614e-09
47 1.966757e-09
48 1.223741e-09
49 7.695827e-10
50 4.949617e-10
51 3.261507e-10
52 2.165325e-10
53 1.413384e-10
54 8.859956e-11
55 5.245580e-11
56 2.909422e-11
57 1.512543e-11
58 7.432108e-12
59 3.493462e-12
60 4.777081e-09
61 3.211916e-09
62 2.058766e-09
63 1.280755e-09
64 8.045832e-10
65 5.167635e-10
66 3.402299e-10
67 2.259079e-10
68 1.476320e-10
69 9.274331e-11
70 5.505435e-11
71 3.061515e-11
72 1.595519e-11
73 7.854268e-12
74 3.696779e-12
75 4.926664e-09
76 3.316675e-09
77 2.127952e-09
78 1.323482e-09
79 8.307729e-10
80 5.330656e-10
81 3.507801e-10
82 2.329559e-10
83 1.523725e-10
84 9.587578e-11
85 5.700991e-11
86 3.175732e-11
87 1.657685e-11
88 8.169911e-12
89 3.848628e-12
90 5.048271e-09
91 3.401960e-09
92 2.184155e-09
93 1.358290e-09
94 8.521227e-10
95 5.463655e-10
96 3.593618e-10
97 2.387172e-10
98 1.562433e-10
99 9.841044e-11
100 5.860139e-11
101 3.269402e-11
102 1.708559e-11
103 8.428553e-12
104 3.973207e-12
105 5.153898e-09
106 3.475471e-09
107 2.233034e-09
108 1.388276e-09
109 8.707181e-10
110 5.578403e-10
111 3.667810e-10
112 2.436695e-10
113 1.595733e-10
114 1.005991e-10
115 5.997222e-11
116 3.348987e-11
117 1.752098e-11
118 8.650056e-12
119 4.079565e-12
120 5.254277e-09
121 3.546407e-09
122 2.280251e-09
123 1.417176e-09
124 8.884005e-10
125 5.689284e-10
126 3.739175e-10
127 2.484669e-10
128 1.628292e-10
129 1.027382e-10
130 6.130452e-11
131 3.427024e-11
132 1.794471e-11
133 8.866020e-12
134 4.183323e-12
135 5.370284e-09
136 3.626960e-09
137 2.334022e-09
138 1.450788e-09
139 9.088417e-10
140 5.816832e-10
141 3.821646e-10
142 2.538586e-10
143 1.665021e-10
144 1.051722e-10
145 6.283033e-11
146 3.516714e-11
147 1.843243e-11
148 9.112095e-12
149 4.302194e-12
150 7.879634e-09
151 5.423943e-09
152 3.561649e-09
153 2.224002e-09
154 1.379094e-09
155 8.697027e-10
156 5.641237e-10
157 3.733994e-10
158 2.468943e-10
159 1.589265e-10
160 9.744474e-11
161 5.613726e-11
162 3.024332e-11
163 1.530090e-11
164 7.347966e-12
165 9.959160e-09
166 6.941159e-09
167 4.623907e-09
168 2.917088e-09
169 1.799585e-09
170 1.125473e-09
171 7.221135e-10
172 4.749302e-10
173 3.145338e-10
174 2.043537e-10
175 1.272650e-10
176 7.473910e-11
177 4.107405e-11
178 2.115341e-11
179 1.030153e-11
180 1.116111e-08
181 7.822793e-09
182 5.241739e-09
183 3.323968e-09
184 2.047229e-09
185 1.276153e-09
186 8.146444e-10
187 5.341590e-10
188 3.537963e-10
189 2.307333e-10
190 1.446090e-10
191 8.559908e-11
192 4.743839e-11
193 2.462153e-11
194 1.206460e-11
195 1.196733e-08
196 8.415061e-09
197 5.657657e-09
198 3.597747e-09
199 2.213641e-09
200 1.377542e-09
201 8.769122e-10
202 5.740055e-10
203 3.802668e-10
204 2.484909e-10
205 1.562908e-10
206 9.292062e-11
207 5.173096e-11
208 2.695884e-11
209 1.325193e-11
210 1.257431e-08
211 8.861141e-09
212 5.970725e-09
213 3.803259e-09
214 2.339205e-09
215 1.453702e-09
216 9.239026e-10
217 6.040923e-10
218 4.001255e-10
219 2.618152e-10
220 1.650490e-10
221 9.841813e-11
222 5.494709e-11
223 2.871194e-11
224 1.414635e-11
225 1.306666e-08
226 9.221906e-09
227 6.223881e-09
228 3.969712e-09
229 2.440696e-09
230 1.515274e-09
231 9.617080e-10
232 6.283070e-10
233 4.161792e-10
234 2.725971e-10
235 1.721414e-10
236 1.028479e-10
237 5.755167e-11
238 3.013265e-11
239 1.486728e-11
240 1.349379e-08
241 9.534619e-09
242 6.443468e-09
243 4.114409e-09
244 2.528581e-09
245 1.568768e-09
246 9.946720e-10
247 6.493166e-10
248 4.302477e-10
249 2.820256e-10
250 1.783391e-10
251 1.067363e-10
252 5.983243e-11
253 3.137357e-11
254 1.548985e-11
255 1.390062e-08
256 9.834260e-09
257 6.653971e-09
258 4.253020e-09
259 2.613422e-09
260 1.620190e-09
261 1.026129e-09
262 6.695005e-10
263 4.435455e-10
264 2.909745e-10
265 1.842274e-10
266 1.104259e-10
267 6.198610e-11
268 3.254679e-11
269 1.609337e-11
270 1.437434e-08
271 1.018144e-08
272 6.897142e-09
273 4.413337e-09
274 2.710351e-09
275 1.679478e-09
276 1.062936e-09
277 6.929194e-10
278 4.590482e-10
279 3.013655e-10
280 1.910624e-10
281 1.147194e-10
282 6.451183e-11
283 3.391754e-11
284 1.679012e-11
285 1.364054e-08
286 9.703435e-09
287 6.590062e-09
288 4.251814e-09
289 2.619867e-09
290 1.622795e-09
291 1.023083e-09
292 6.637400e-10
293 4.379211e-10
294 2.870389e-10
295 1.822498e-10
296 1.099158e-10
297 6.224375e-11
298 3.299887e-11
299 1.646400e-11
300 1.604690e-08
301 1.154475e-08
302 7.911463e-09
303 5.162866e-09
304 3.193442e-09
305 1.967872e-09
306 1.231189e-09
307 7.925963e-10
308 5.210034e-10
309 3.422839e-10
310 2.190332e-10
311 1.336891e-10
312 7.679169e-11
313 4.130573e-11
314 2.087385e-11
315 1.769425e-08
316 1.281231e-08
317 8.822287e-09
318 5.793128e-09
319 3.592216e-09
320 2.207496e-09
321 1.375787e-09
322 8.819797e-10
323 5.784628e-10
324 3.803903e-10
325 2.443992e-10
326 1.501031e-10
327 8.685987e-11
328 4.707359e-11
329 2.394724e-11
330 1.893165e-08
331 1.376499e-08
332 9.508938e-09
333 6.266689e-09
334 3.892187e-09
335 2.388122e-09
336 1.484680e-09
337 9.492032e-10
338 6.217392e-10
339 4.090536e-10
340 2.634779e-10
341 1.624503e-10
342 9.443661e-11
343 5.141534e-11
344 2.626144e-11
345 1.993804e-08
346 1.453896e-08
347 1.006422e-08
348 6.650685e-09
349 4.134989e-09
350 2.534207e-09
351 1.572578e-09
352 1.003543e-09
353 6.566883e-10
354 4.322183e-10
355 2.789039e-10
356 1.724314e-10
357 1.005591e-10
358 5.492324e-11
359 2.813372e-11
360 2.081416e-08
361 1.521316e-08
362 1.054926e-08
363 6.984224e-09
364 4.346583e-09
365 2.661701e-09
366 1.649285e-09
367 1.051003e-09
368 6.871720e-10
369 4.524751e-10
370 2.923723e-10
371 1.811468e-10
372 1.059063e-10
373 5.798787e-11
374 2.976466e-11
375 2.164142e-08
376 1.584884e-08
377 1.100659e-08
378 7.300831e-09
379 4.546526e-09
380 2.781910e-09
381 1.721829e-09
382 1.095822e-09
383 7.160004e-10
384 4.716049e-10
385 3.051176e-10
386 1.893853e-10
387 1.109588e-10
388 6.088202e-11
389 3.130635e-11
390 2.261015e-08
391 1.659486e-08
392 1.154201e-08
393 7.670816e-09
394 4.781303e-09
395 2.923738e-09
396 1.807114e-09
397 1.148511e-09
398 7.497701e-10
399 4.940487e-10
400 3.200504e-10
401 1.990542e-10
402 1.168802e-10
403 6.427461e-11
404 3.311927e-11
405 1.967500e-08
406 1.441801e-08
407 1.000520e-08
408 6.633223e-09
409 4.151414e-09
410 2.541988e-09
411 1.576443e-09
412 1.002409e-09
413 6.534357e-10
414 4.291857e-10
415 2.769020e-10
416 1.715657e-10
417 1.004847e-10
418 5.520624e-11
419 2.845982e-11
420 2.233280e-08
421 1.655603e-08
422 1.157840e-08
423 7.739949e-09
424 4.885423e-09
425 2.983310e-09
426 1.842152e-09
427 1.162664e-09
428 7.536450e-10
429 4.943782e-10
430 3.201586e-10
431 1.999350e-10
432 1.183550e-10
433 6.580452e-11
434 3.431896e-11
435 2.434802e-08
436 1.818167e-08
437 1.277426e-08
438 8.584599e-09
439 5.445978e-09
440 3.321169e-09
441 2.045801e-09
442 1.285188e-09
443 8.302923e-10
444 5.441264e-10
445 3.531358e-10
446 2.215649e-10
447 1.319938e-10
448 7.390651e-11
449 3.880722e-11
450 2.597781e-08
451 1.949791e-08
452 1.374677e-08
453 9.268380e-09
454 5.899717e-09
455 3.595229e-09
456 2.210427e-09
457 1.384477e-09
458 8.922203e-10
459 5.843700e-10
460 3.798142e-10
461 2.390613e-10
462 1.430252e-10
463 8.045972e-11
464 4.243791e-11
465 2.740367e-08
466 2.064754e-08
467 1.459279e-08
468 9.864303e-09
469 6.295583e-09
470 3.834181e-09
471 2.353913e-09
472 1.470956e-09
473 9.462619e-10
474 6.194990e-10
475 4.030926e-10
476 2.543284e-10
477 1.526518e-10
478 8.617856e-11
479 4.560614e-11
480 2.875041e-08
481 2.173072e-08
482 1.539246e-08
483 1.042816e-08
484 6.670564e-09
485 4.059576e-09
486 2.489942e-09
487 1.552693e-09
488 9.973319e-10
489 6.526885e-10
490 4.251392e-10
491 2.687844e-10
492 1.617648e-10
493 9.158070e-11
494 4.859775e-11
495 3.032745e-08
496 2.300118e-08
497 1.632938e-08
498 1.108823e-08
499 7.108696e-09
500 4.324215e-09
501 2.649077e-09
502 1.648601e-09
503 1.057199e-09
504 6.915771e-10
505 4.508864e-10
506 2.856520e-10
507 1.724110e-10
508 9.791486e-11
509 5.210743e-11
510 2.602297e-08
511 1.962506e-08
512 1.388431e-08
513 9.379247e-09
514 6.001841e-09
515 3.665131e-09
516 2.251690e-09
517 1.406262e-09
518 9.032224e-10
519 5.900789e-10
520 3.831799e-10
521 2.414382e-10
522 1.448742e-10
523 8.186964e-11
524 4.342066e-11
525 2.894185e-08
526 2.207942e-08
527 1.574558e-08
528 1.070849e-08
529 6.911337e-09
530 4.227878e-09
531 2.588507e-09
532 1.606058e-09
533 1.025419e-09
534 6.676757e-10
535 4.340244e-10
536 2.748842e-10
537 1.663039e-10
538 9.492917e-11
539 5.088145e-11
540 3.131738e-08
541 2.407869e-08
542 1.726257e-08
543 1.179313e-08
544 7.653289e-09
545 4.688316e-09
546 2.863508e-09
547 1.769415e-09
548 1.125057e-09
549 7.309720e-10
550 4.754714e-10
551 3.021389e-10
552 1.837689e-10
553 1.055791e-10
554 5.697158e-11
555 3.338825e-08
556 2.582242e-08
557 1.858953e-08
558 1.273814e-08
559 8.301400e-09
560 5.090034e-09
561 3.103671e-09
562 1.911927e-09
563 1.212087e-09
564 7.862103e-10
565 5.116305e-10
566 3.259151e-10
567 1.990050e-10
568 1.148708e-10
569 6.228583e-11
570 3.534871e-08
571 2.747296e-08
572 1.984237e-08
573 1.363357e-08
574 8.915486e-09
575 5.470158e-09
576 3.330996e-09
577 2.047042e-09
578 1.294469e-09
579 8.385134e-10
580 5.458887e-10
581 3.484413e-10
582 2.134396e-10
583 1.236720e-10
584 6.731822e-11
585 3.764978e-08
586 2.940459e-08
587 2.131100e-08
588 1.468153e-08
589 9.631842e-09
590 5.914697e-09
591 3.596757e-09
592 2.204684e-09
593 1.390697e-09
594 8.995878e-10
595 5.858822e-10
596 3.747443e-10
597 2.302964e-10
598 1.339511e-10
599 7.319671e-11
600 3.281074e-08
601 2.544085e-08
602 1.835660e-08
603 1.259237e-08
604 8.222171e-09
605 5.062626e-09
606 3.084068e-09
607 1.899216e-09
608 1.201704e-09
609 7.777080e-10
610 5.052282e-10
611 3.216173e-10
612 1.964900e-10
613 1.136257e-10
614 6.179289e-11
615 3.605607e-08
616 2.827304e-08
617 2.058089e-08
618 1.420327e-08
619 9.343995e-09
620 5.784186e-09
621 3.512216e-09
622 2.153197e-09
623 1.353584e-09
624 8.719870e-10
625 5.659301e-10
626 3.613505e-10
627 2.221627e-10
628 1.295759e-10
629 7.115144e-11
630 3.889081e-08
631 3.075335e-08
632 2.252668e-08
633 1.561252e-08
634 1.032790e-08
635 6.417130e-09
636 3.887997e-09
637 2.376093e-09
638 1.486979e-09
639 9.546067e-10
640 6.191074e-10
641 3.961464e-10
642 2.446445e-10
643 1.435477e-10
644 7.935351e-11
645 4.157497e-08
646 3.310178e-08
647 2.437027e-08
648 1.694960e-08
649 1.125982e-08
650 7.016639e-09
651 4.244050e-09
652 2.587156e-09
653 1.613333e-09
654 1.032900e-09
655 6.694869e-10
656 4.291140e-10
657 2.659454e-10
658 1.567836e-10
659 8.712168e-11
660 4.472093e-08
661 3.584887e-08
662 2.652646e-08
663 1.851105e-08
664 1.234773e-08
665 7.717321e-09
666 4.659500e-09
667 2.833728e-09
668 1.760799e-09
669 1.124324e-09
670 7.282958e-10
671 4.676003e-10
672 2.908188e-10
673 1.722409e-10
674 9.619599e-11
675 4.023711e-08
676 3.203589e-08
677 2.361490e-08
678 1.643439e-08
679 1.091481e-08
680 6.823792e-09
681 4.130224e-09
682 2.520545e-09
683 1.570227e-09
684 1.003777e-09
685 6.494207e-10
686 4.155831e-10
687 2.572997e-10
688 1.516650e-10
689 8.435138e-11
690 4.397706e-08
691 3.542644e-08
692 2.636749e-08
693 1.846375e-08
694 1.234685e-08
695 7.776344e-09
696 4.699712e-09
697 2.859273e-09
698 1.769343e-09
699 1.124313e-09
700 7.254160e-10
701 4.647722e-10
702 2.891317e-10
703 1.717020e-10
704 9.636560e-11
705 4.752515e-08
706 3.864093e-08
707 2.897586e-08
708 2.039350e-08
709 1.370788e-08
710 8.681649e-09
711 5.241227e-09
712 3.180856e-09
713 1.958573e-09
714 1.238908e-09
715 7.976296e-10
716 5.115018e-10
717 3.193681e-10
718 1.907338e-10
719 1.077774e-10
720 5.167560e-08
721 4.240147e-08
722 3.202246e-08
723 2.264488e-08
724 1.529427e-08
725 9.738371e-09
726 5.872975e-09
727 3.556519e-09
728 2.179230e-09
729 1.372566e-09
730 8.818060e-10
731 5.659892e-10
732 3.546306e-10
733 2.129297e-10
734 1.210876e-10
735 4.875223e-08
736 3.987784e-08
737 3.008349e-08
738 2.126767e-08
739 1.434076e-08
740 9.134311e-09
741 5.526149e-09
742 3.349429e-09
743 2.054252e-09
744 1.294010e-09
745 8.302878e-10
746 5.317698e-10
747 3.323641e-10
748 1.991127e-10
749 1.130543e-10
750 5.337385e-08
751 4.420598e-08
752 3.372821e-08
753 2.402726e-08
754 1.630654e-08
755 1.047616e-08
756 6.349749e-09
757 3.836077e-09
758 2.337388e-09
759 1.462136e-09
760 9.337392e-10
761 5.975800e-10
762 3.747306e-10
763 2.259693e-10
764 1.294360e-10
765 5.877923e-08
766 4.926867e-08
767 3.797775e-08
768 2.724794e-08
769 1.860150e-08
770 1.204394e-08
771 7.312483e-09
772 4.405293e-09
773 2.668022e-09
774 1.658495e-09
775 1.054491e-09
776 6.743983e-10
777 4.241818e-10
778 2.573166e-10
779 1.485589e-10
780 5.933114e-08
781 4.995465e-08
782 3.872141e-08
783 2.791262e-08
784 1.910707e-08
785 1.242127e-08
786 7.582302e-09
787 4.559600e-09
788 2.757090e-09
789 1.707247e-09
790 1.081158e-09
791 6.895138e-10
792 4.333234e-10
793 2.631723e-10
794 1.524001e-10
795 6.643432e-08
796 5.683728e-08
797 4.472835e-08
798 3.261580e-08
799 2.251032e-08
800 1.478884e-08
801 9.095429e-09
802 5.447592e-09
803 3.273546e-09
804 2.007533e-09
805 1.260843e-09
806 8.009921e-10
807 5.040894e-10
808 3.080221e-10
809 1.800991e-10
810 7.626005e-08
811 6.670795e-08
812 5.373959e-08
813 3.996939e-08
814 2.795425e-08
815 1.863068e-08
816 1.165650e-08
817 6.964455e-09
818 4.160853e-09
819 2.513293e-09
820 1.554069e-09
821 9.769046e-10
822 6.130120e-10
823 3.763639e-10
824 2.225314e-10
825 5.045000e-07
826 3.684861e-07
827 2.730401e-07
828 1.699284e-07
829 1.035245e-07
830 6.133042e-08
831 3.744964e-08
832 2.402656e-08
833 1.621984e-08
834 0.000000e+00
835 0.000000e+00
836 0.000000e+00
837 0.000000e+00
838 0.000000e+00
839 0.000000e+00
840 7.612253e-07
841 5.561433e-07
842 4.125369e-07
843 2.597243e-07
844 1.578362e-07
845 9.338885e-08
846 5.691656e-08
847 3.637908e-08
848 2.449067e-08
849 0.000000e+00
850 0.000000e+00
851 0.000000e+00
852 0.000000e+00
853 0.000000e+00
854 0.000000e+00
855 9.037983e-07
856 6.603787e-07
857 4.900123e-07
858 3.096690e-07
859 1.880236e-07
860 1.112095e-07
861 6.773683e-08
862 4.324214e-08
863 2.908472e-08
864 0.000000e+00
865 0.000000e+00
866 0.000000e+00
867 0.000000e+00
868 0.000000e+00
869 0.000000e+00
870 9.995448e-07
871 7.303768e-07
872 5.420422e-07
873 3.432100e-07
874 2.082978e-07
875 1.231774e-07
876 7.500348e-08
877 4.785156e-08
878 3.216990e-08
879 0.000000e+00
880 0.000000e+00
881 0.000000e+00
882 0.000000e+00
883 0.000000e+00
884 0.000000e+00
885 1.071533e-06
886 7.830096e-07
887 5.811587e-07
888 3.684277e-07
889 2.235413e-07
890 1.321759e-07
891 8.046697e-08
892 5.131710e-08
893 3.448972e-08
894 0.000000e+00
895 0.000000e+00
896 0.000000e+00
897 0.000000e+00
898 0.000000e+00
899 0.000000e+00
900 1.129768e-06
901 8.255849e-07
902 6.128049e-07
903 3.888276e-07
904 2.358716e-07
905 1.394553e-07
906 8.488651e-08
907 5.412065e-08
908 3.636625e-08
909 0.000000e+00
910 0.000000e+00
911 0.000000e+00
912 0.000000e+00
913 0.000000e+00
914 0.000000e+00
915 1.180582e-06
916 8.627331e-07
917 6.404161e-07
918 4.066289e-07
919 2.466316e-07
920 1.458064e-07
921 8.874297e-08
922 5.656671e-08
923 3.800359e-08
924 0.000000e+00
925 0.000000e+00
926 0.000000e+00
927 0.000000e+00
928 0.000000e+00
929 0.000000e+00
930 1.228754e-06
931 8.979525e-07
932 6.665934e-07
933 4.235041e-07
934 2.568316e-07
935 1.518273e-07
936 9.239883e-08
937 5.888563e-08
938 3.955575e-08
939 0.000000e+00
940 0.000000e+00
941 0.000000e+00
942 0.000000e+00
943 0.000000e+00
944 0.000000e+00
945 1.284968e-06
946 9.390535e-07
947 6.971404e-07
948 4.431980e-07
949 2.687345e-07
950 1.588541e-07
951 9.666553e-08
952 6.159165e-08
953 4.136727e-08
954 0.000000e+00
955 0.000000e+00
956 0.000000e+00
957 0.000000e+00
958 0.000000e+00
959 0.000000e+00
960 3.372871e-07
961 2.686111e-07
962 1.948488e-07
963 1.461240e-07
964 9.039841e-08
965 5.533814e-08
966 3.216495e-08
967 1.923296e-08
968 1.205333e-08
969 7.980365e-09
970 0.000000e+00
971 0.000000e+00
972 0.000000e+00
973 0.000000e+00
974 0.000000e+00
975 5.206015e-07
976 4.174611e-07
977 3.031138e-07
978 2.271005e-07
979 1.423326e-07
980 8.678371e-08
981 5.040643e-08
982 3.010015e-08
983 1.879516e-08
984 1.240751e-08
985 0.000000e+00
986 0.000000e+00
987 0.000000e+00
988 0.000000e+00
989 0.000000e+00
990 6.450935e-07
991 5.186280e-07
992 3.767131e-07
993 2.821361e-07
994 1.776797e-07
995 1.081707e-07
996 6.281404e-08
997 3.749191e-08
998 2.337947e-08
999 1.541684e-08
1000 0.000000e+00
1001 0.000000e+00
1002 0.000000e+00
1003 0.000000e+00
1004 0.000000e+00
1005 7.386748e-07
1006 5.946694e-07
1007 4.320311e-07
1008 3.235037e-07
1009 2.042480e-07
1010 1.242452e-07
1011 7.214024e-08
1012 4.304806e-08
1013 2.682508e-08
1014 1.767875e-08
1015 0.000000e+00
1016 0.000000e+00
1017 0.000000e+00
1018 0.000000e+00
1019 0.000000e+00
1020 8.143840e-07
1021 6.561841e-07
1022 4.767836e-07
1023 3.569683e-07
1024 2.257425e-07
1025 1.372507e-07
1026 7.968543e-08
1027 4.754275e-08
1028 2.961281e-08
1029 1.950853e-08
1030 0.000000e+00
1031 0.000000e+00
1032 0.000000e+00
1033 0.000000e+00
1034 0.000000e+00
1035 8.804325e-07
1036 7.098551e-07
1037 5.158322e-07
1038 3.861656e-07
1039 2.444949e-07
1040 1.485969e-07
1041 8.626800e-08
1042 5.146445e-08
1043 3.204494e-08
1044 2.110519e-08
1045 0.000000e+00
1046 0.000000e+00
1047 0.000000e+00
1048 0.000000e+00
1049 0.000000e+00
1050 9.430570e-07
1051 7.607442e-07
1052 5.528515e-07
1053 4.138475e-07
1054 2.622735e-07
1055 1.593554e-07
1056 9.250940e-08
1057 5.518247e-08
1058 3.435084e-08
1059 2.261886e-08
1060 0.000000e+00
1061 0.000000e+00
1062 0.000000e+00
1063 0.000000e+00
1064 0.000000e+00
1065 1.016136e-06
1066 8.201301e-07
1067 5.960541e-07
1068 4.461554e-07
1069 2.830220e-07
1070 1.719105e-07
1071 9.979275e-08
1072 5.952180e-08
1073 3.704183e-08
1074 2.438537e-08
1075 0.000000e+00
1076 0.000000e+00
1077 0.000000e+00
1078 0.000000e+00
1079 0.000000e+00
1080 1.984735e-07
1081 1.805019e-07
1082 1.390595e-07
1083 1.005616e-07
1084 7.535488e-08
1085 4.355711e-08
1086 2.669557e-08
1087 1.539205e-08
1088 9.102151e-09
1089 5.662870e-09
1090 0.000000e+00
1091 0.000000e+00
1092 0.000000e+00
1093 0.000000e+00
1094 0.000000e+00
1095 3.306473e-07
1096 3.020466e-07
1097 2.336614e-07
1098 1.688670e-07
1099 1.267259e-07
1100 7.366518e-08
1101 4.526807e-08
1102 2.603811e-08
1103 1.534235e-08
1104 9.523126e-09
1105 0.000000e+00
1106 0.000000e+00
1107 0.000000e+00
1108 0.000000e+00
1109 0.000000e+00
1110 4.310993e-07
1111 3.944679e-07
1112 3.056280e-07
1113 2.208274e-07
1114 1.658064e-07
1115 9.658824e-08
1116 5.940951e-08
1117 3.414291e-08
1118 2.009128e-08
1119 1.246009e-08
1120 0.000000e+00
1121 0.000000e+00
1122 0.000000e+00
1123 0.000000e+00
1124 0.000000e+00
1125 5.123251e-07
1126 4.691930e-07
1127 3.638159e-07
1128 2.628403e-07
1129 1.974038e-07
1130 1.151218e-07
1131 7.084326e-08
1132 4.069589e-08
1133 2.393084e-08
1134 1.483475e-08
1135 0.000000e+00
1136 0.000000e+00
1137 0.000000e+00
1138 0.000000e+00
1139 0.000000e+00
1140 5.831855e-07
1141 5.343892e-07
1142 4.145813e-07
1143 2.994942e-07
1144 2.249717e-07
1145 1.312916e-07
1146 8.081891e-08
1147 4.641315e-08
1148 2.728073e-08
1149 1.690647e-08
1150 0.000000e+00
1151 0.000000e+00
1152 0.000000e+00
1153 0.000000e+00
1154 0.000000e+00
1155 6.503711e-07
1156 5.962009e-07
1157 4.627136e-07
1158 3.342463e-07
1159 2.511094e-07
1160 1.466226e-07
1161 9.027672e-08
1162 5.183371e-08
1163 3.045679e-08
1164 1.887066e-08
1165 0.000000e+00
1166 0.000000e+00
1167 0.000000e+00
1168 0.000000e+00
1169 0.000000e+00
1170 7.287805e-07
1171 6.683376e-07
1172 5.188845e-07
1173 3.748032e-07
1174 2.816117e-07
1175 1.645143e-07
1176 1.013143e-07
1177 5.815949e-08
1178 3.416345e-08
1179 2.116307e-08
1180 0.000000e+00
1181 0.000000e+00
1182 0.000000e+00
1183 0.000000e+00
1184 0.000000e+00
1185 1.317863e-07
1186 1.300794e-07
1187 1.093821e-07
1188 7.990100e-08
1189 5.935853e-08
1190 4.034134e-08
1191 2.380689e-08
1192 1.356385e-08
1193 7.841140e-09
1194 4.633596e-09
1195 2.902557e-09
1196 0.000000e+00
1197 0.000000e+00
1198 0.000000e+00
1199 0.000000e+00
1200 2.315094e-07
1201 2.291739e-07
1202 1.934466e-07
1203 1.415599e-07
1204 1.049891e-07
1205 7.186637e-08
1206 4.219671e-08
1207 2.407591e-08
1208 1.393724e-08
1209 8.220882e-09
1210 5.138845e-09
1211 0.000000e+00
1212 0.000000e+00
1213 0.000000e+00
1214 0.000000e+00
1215 3.127808e-07
1216 3.099554e-07
1217 2.620008e-07
1218 1.918525e-07
1219 1.422022e-07
1220 9.758956e-08
1221 5.719656e-08
1222 3.265160e-08
1223 1.891043e-08
1224 1.114712e-08
1225 6.962793e-09
1226 0.000000e+00
1227 0.000000e+00
1228 0.000000e+00
1229 0.000000e+00
1230 3.836291e-07
1231 3.803762e-07
1232 3.217578e-07
1233 2.356911e-07
1234 1.746394e-07
1235 1.200136e-07
1236 7.027162e-08
1237 4.012716e-08
1238 2.324562e-08
1239 1.369800e-08
1240 8.552648e-09
1241 0.000000e+00
1242 0.000000e+00
1243 0.000000e+00
1244 0.000000e+00
1245 4.508075e-07
1246 4.471435e-07
1247 3.784193e-07
1248 2.772581e-07
1249 2.053971e-07
1250 1.412751e-07
1251 8.266944e-08
1252 4.721552e-08
1253 2.735625e-08
1254 1.611669e-08
1255 1.006017e-08
1256 0.000000e+00
1257 0.000000e+00
1258 0.000000e+00
1259 0.000000e+00
1260 5.291977e-07
1261 5.250597e-07
1262 4.445411e-07
1263 3.257675e-07
1264 2.412898e-07
1265 1.660854e-07
1266 9.713732e-08
1267 5.548682e-08
1268 3.215295e-08
1269 1.893914e-08
1270 1.181940e-08
1271 0.000000e+00
1272 0.000000e+00
1273 0.000000e+00
1274 0.000000e+00
1275 9.499324e-08
1276 9.890877e-08
1277 8.950443e-08
1278 6.847217e-08
1279 4.949495e-08
1280 3.707424e-08
1281 2.094736e-08
1282 1.265028e-08
1283 7.147962e-09
1284 4.128656e-09
1285 2.471755e-09
1286 0.000000e+00
1287 0.000000e+00
1288 0.000000e+00
1289 0.000000e+00
1290 1.738949e-07
1291 1.814485e-07
1292 1.647172e-07
1293 1.263632e-07
1294 9.128217e-08
1295 6.848352e-08
1296 3.880773e-08
1297 2.351441e-08
1298 1.325634e-08
1299 7.637926e-09
1300 4.563496e-09
1301 0.000000e+00
1302 0.000000e+00
1303 0.000000e+00
1304 0.000000e+00
1305 2.428873e-07
1306 2.536326e-07
1307 2.305053e-07
1308 1.770093e-07
1309 1.278393e-07
1310 9.596319e-08
1311 5.443847e-08
1312 3.302391e-08
1313 1.860250e-08
1314 1.070856e-08
1315 6.393564e-09
1316 0.000000e+00
1317 0.000000e+00
1318 0.000000e+00
1319 0.000000e+00
1320 3.082565e-07
1321 3.220237e-07
1322 2.928370e-07
1323 2.249956e-07
1324 1.624765e-07
1325 1.219992e-07
1326 6.924731e-08
1327 4.203329e-08
1328 2.366753e-08
1329 1.361772e-08
1330 8.127477e-09
1331 0.000000e+00
1332 0.000000e+00
1333 0.000000e+00
1334 0.000000e+00
1335 3.845413e-07
1336 4.018354e-07
1337 3.655776e-07
1338 2.809922e-07
1339 2.028948e-07
1340 1.523814e-07
1341 8.652843e-08
1342 5.254713e-08
1343 2.957818e-08
1344 1.701263e-08
1345 1.015085e-08
1346 0.000000e+00
1347 0.000000e+00
1348 0.000000e+00
1349 0.000000e+00
1350 7.277773e-08
1351 7.877479e-08
1352 7.553896e-08
1353 6.121424e-08
1354 4.416197e-08
1355 3.329230e-08
1356 2.079612e-08
1357 1.275066e-08
1358 7.078780e-09
1359 3.897881e-09
1360 2.252861e-09
1361 1.370079e-09
1362 0.000000e+00
1363 0.000000e+00
1364 0.000000e+00
1365 1.388606e-07
1366 1.505537e-07
1367 1.447371e-07
1368 1.176433e-07
1369 8.492787e-08
1370 6.396195e-08
1371 4.022978e-08
1372 2.459238e-08
1373 1.365577e-08
1374 7.523353e-09
1375 4.338155e-09
1376 2.632394e-09
1377 0.000000e+00
1378 0.000000e+00
1379 0.000000e+00
1380 2.013844e-07
1381 2.184705e-07
1382 2.102183e-07
1383 1.710473e-07
1384 1.235107e-07
1385 9.298718e-08
1386 5.862635e-08
1387 3.580049e-08
1388 1.988096e-08
1389 1.095523e-08
1390 6.311850e-09
1391 3.827038e-09
1392 0.000000e+00
1393 0.000000e+00
1394 0.000000e+00
1395 2.743218e-07
1396 2.976990e-07
1397 2.866051e-07
1398 2.333439e-07
1399 1.685175e-07
1400 1.268454e-07
1401 8.008624e-08
1402 4.887482e-08
1403 2.714265e-08
1404 1.495843e-08
1405 8.614164e-09
1406 5.220614e-09
1407 0.000000e+00
1408 0.000000e+00
1409 0.000000e+00
1410 5.926678e-08
1411 6.614515e-08
1412 6.644861e-08
1413 5.707633e-08
1414 4.207020e-08
1415 3.098643e-08
1416 2.182897e-08
1417 1.245483e-08
1418 7.011704e-09
1419 3.967625e-09
1420 2.206952e-09
1421 1.287134e-09
1422 0.000000e+00
1423 0.000000e+00
1424 0.000000e+00
1425 1.182771e-07
1426 1.321920e-07
1427 1.330868e-07
1428 1.146572e-07
1429 8.465857e-08
1430 6.227491e-08
1431 4.408251e-08
1432 2.506811e-08
1433 1.414362e-08
1434 8.002022e-09
1435 4.448630e-09
1436 2.589316e-09
1437 0.000000e+00
1438 0.000000e+00
1439 0.000000e+00
1440 1.868115e-07
1441 2.089001e-07
1442 2.104832e-07
1443 1.815348e-07
1444 1.341238e-07
1445 9.861499e-08
1446 6.992976e-08
1447 3.971826e-08
1448 2.242763e-08
1449 1.268795e-08
1450 7.052377e-09
1451 4.101759e-09
1452 0.000000e+00
1453 0.000000e+00
1454 0.000000e+00
1455 5.165231e-08
1456 5.919204e-08
1457 6.187086e-08
1458 5.621612e-08
1459 4.311155e-08
1460 3.113759e-08
1461 2.338758e-08
1462 1.311183e-08
1463 7.842865e-09
1464 4.296921e-09
1465 2.368798e-09
1466 1.322645e-09
1467 0.000000e+00
1468 0.000000e+00
1469 0.000000e+00
1470 1.147356e-07
1471 1.316559e-07
1472 1.378827e-07
1473 1.256441e-07
1474 9.660616e-08
1475 6.973488e-08
1476 5.245066e-08
1477 2.949508e-08
1478 1.770390e-08
1479 9.681234e-09
1480 5.324314e-09
1481 2.966800e-09
1482 0.000000e+00
1483 0.000000e+00
1484 0.000000e+00
1485 5.390251e-08
1486 6.333873e-08
1487 6.867738e-08
1488 6.593395e-08
1489 5.346205e-08
1490 3.857613e-08
1491 2.910142e-08
1492 1.809579e-08
1493 1.101239e-08
1494 5.976025e-09
1495 3.147631e-09
1496 1.698206e-09
1497 9.456868e-10
1498 0.000000e+00
1499 0.000000e+00
1500 1.109684e-04
1501 8.086786e-05
1502 6.035546e-05
1503 3.805236e-05
1504 2.321989e-05
1505 1.369104e-05
1506 8.324421e-06
1507 5.304277e-06
1508 3.565556e-06
1509 0.000000e+00
1510 0.000000e+00
1511 0.000000e+00
1512 0.000000e+00
1513 0.000000e+00
1514 0.000000e+00
1515 5.757601e-05
1516 4.644359e-05
1517 3.369791e-05
1518 2.528332e-05
1519 1.597668e-05
1520 9.754545e-06
1521 5.648866e-06
1522 3.364481e-06
1523 2.093966e-06
1524 1.379138e-06
1525 0.000000e+00
1526 0.000000e+00
1527 0.000000e+00
1528 0.000000e+00
1529 0.000000e+00
1530 4.047788e-05
1531 3.713775e-05
1532 2.882267e-05
1533 2.080348e-05
1534 1.566222e-05
1535 9.111532e-06
1536 5.625604e-06
1537 3.225263e-06
1538 1.896511e-06
1539 1.174730e-06
1540 0.000000e+00
1541 0.000000e+00
1542 0.000000e+00
1543 0.000000e+00
1544 0.000000e+00
1545 2.912801e-05
1546 2.891312e-05
1547 2.448503e-05
1548 1.793535e-05
1549 1.328396e-05
1550 9.154542e-06
1551 5.351144e-06
1552 3.053081e-06
1553 1.771954e-06
1554 1.042590e-06
1555 6.506122e-07
1556 0.000000e+00
1557 0.000000e+00
1558 0.000000e+00
1559 0.000000e+00
1560 2.085098e-05
1561 2.179680e-05
1562 1.983793e-05
1563 1.524768e-05
1564 1.100576e-05
1565 8.274949e-06
1566 4.689296e-06
1567 2.850415e-06
1568 1.602925e-06
1569 9.233707e-07
1570 5.506294e-07
1571 0.000000e+00
1572 0.000000e+00
1573 0.000000e+00
1574 0.000000e+00
1575 1.487210e-05
1576 1.614453e-05
1577 1.554949e-05
1578 1.266314e-05
1579 9.143013e-06
1580 6.883420e-06
1581 4.347301e-06
1582 2.655947e-06
1583 1.474901e-06
1584 8.112783e-07
1585 4.673052e-07
1586 2.832009e-07
1587 0.000000e+00
1588 0.000000e+00
1589 0.000000e+00
1590 1.001028e-05
1591 1.119728e-05
1592 1.128693e-05
1593 9.739022e-06
1594 7.195644e-06
1595 5.289411e-06
1596 3.755371e-06
1597 2.130464e-06
1598 1.202339e-06
1599 6.811759e-07
1600 3.783133e-07
1601 2.200058e-07
1602 0.000000e+00
1603 0.000000e+00
1604 0.000000e+00
1605 6.201116e-06
1606 7.118100e-06
1607 7.458527e-06
1608 6.801106e-06
1609 5.231433e-06
1610 3.775220e-06
1611 2.841823e-06
1612 1.597077e-06
1613 9.596537e-07
1614 5.242846e-07
1615 2.885232e-07
1616 1.606418e-07
1617 0.000000e+00
1618 0.000000e+00
1619 0.000000e+00
1620 3.163407e-06
1621 3.720115e-06
1622 4.038202e-06
1623 3.883392e-06
1624 3.154630e-06
1625 2.276770e-06
1626 1.716871e-06
1627 1.071974e-06
1628 6.518364e-07
1629 3.538249e-07
1630 1.861971e-07
1631 1.003484e-07
1632 5.578990e-08
1633 0.000000e+00
1634 0.000000e+00
1635 8.891198e-07
1636 1.072208e-06
1637 1.206146e-06
1638 1.224576e-06
1639 1.066696e-06
1640 7.933436e-07
1641 5.815894e-07
1642 4.169104e-07
1643 2.343421e-07
1644 1.314261e-07
1645 7.164692e-08
1646 3.730540e-08
1647 1.958823e-08
1648 0.000000e+00
1649 0.000000e+00
