0 2.196960e-09
1 1.426409e-09
2 8.965797e-10
3 5.650873e-10
4 3.635048e-10
5 2.393440e-10
6 1.591863e-10
7 1.045078e-10
8 6.616196e-11
9 3.968688e-11
10 2.233611e-11
11 1.178124e-11
12 5.865437e-12
13 2.788009e-12
14 1.280627e-12
15 3.730458e-09
16 2.478944e-09
17 1.573880e-09
18 9.810919e-10
19 6.207861e-10
20 4.023129e-10
21 2.663112e-10
22 1.765999e-10
23 1.144464e-10
24 7.092377e-11
25 4.138850e-11
26 2.261291e-11
27 1.159836e-11
28 5.637437e-12
29 2.629483e-12
30 4.264781e-09
31 2.853187e-09
32 1.821223e-09
33 1.133673e-09
34 7.143848e-10
35 4.606063e-10
36 3.040016e-10
37 2.018110e-10
38 1.314160e-10
39 8.206679e-11
40 4.836910e-11
41 2.669367e-11
42 1.381506e-11
43 6.763271e-12
44 3.171139e-12
45 4.592833e-09
46 3.081381e-09
47 1.971749e-09
48 1.226578e-09
49 7.715584e-10
50 4.963586e-10
51 3.271372e-10
52 2.172135e-10
53 1.417661e-10
54 8.883810e-11
55 5.257548e-11
56 2.914745e-11
57 1.514358e-11
58 7.437839e-12
59 3.494461e-12
60 4.757277e-09
61 3.197520e-09
62 2.048878e-09
63 1.274354e-09
64 8.006881e-10
65 5.143775e-10
66 3.387413e-10
67 2.249543e-10
68 1.469903e-10
69 9.231305e-11
70 5.477487e-11
71 3.044300e-11
72 1.585547e-11
73 7.801812e-12
74 3.670323e-12
75 4.905201e-09
76 3.301167e-09
77 2.117149e-09
78 1.316551e-09
79 8.265574e-10
80 5.305075e-10
81 3.491884e-10
82 2.319301e-10
83 1.517014e-10
84 9.540284e-11
85 5.671074e-11
86 3.157415e-11
87 1.646919e-11
88 8.112639e-12
89 3.820453e-12
90 5.025269e-09
91 3.385516e-09
92 2.172856e-09
93 1.351034e-09
94 8.477268e-10
95 5.437079e-10
96 3.577195e-10
97 2.376218e-10
98 1.554999e-10
99 9.790917e-11
100 5.827577e-11
101 3.249738e-11
102 1.697347e-11
103 8.368643e-12
104 3.943205e-12
105 5.129922e-09
106 3.458590e-09
107 2.221277e-09
108 1.380730e-09
109 8.659882e-10
110 5.550629e-10
111 3.650383e-10
112 2.425392e-10
113 1.588299e-10
114 1.000985e-10
115 5.964094e-11
116 3.328792e-11
117 1.740180e-11
118 8.587988e-12
119 4.048466e-12
120 5.230075e-09
121 3.528936e-09
122 2.268081e-09
123 1.409242e-09
124 8.836903e-10
125 5.660315e-10
126 3.721181e-10
127 2.473022e-10
128 1.620503e-10
129 1.021645e-10
130 6.096368e-11
131 3.405888e-11
132 1.782302e-11
133 8.800132e-12
134 4.151010e-12
135 5.345142e-09
136 3.608851e-09
137 2.321329e-09
138 1.442626e-09
139 9.038965e-10
140 5.786745e-10
141 3.802709e-10
142 2.526473e-10
143 1.656887e-10
144 1.046272e-10
145 6.247433e-11
146 3.494653e-11
147 1.830549e-11
148 9.044263e-12
149 4.268337e-12
150 7.875039e-09
151 5.420581e-09
152 3.559101e-09
153 2.222113e-09
154 1.378052e-09
155 8.690429e-10
156 5.637326e-10
157 3.731536e-10
158 2.467386e-10
159 1.588191e-10
160 9.737258e-11
161 5.609014e-11
162 3.021399e-11
163 1.528382e-11
164 7.338809e-12
165 9.952142e-09
166 6.936164e-09
167 4.620205e-09
168 2.914323e-09
169 1.797689e-09
170 1.124396e-09
171 7.214576e-10
172 4.745862e-10
173 3.143082e-10
174 2.042051e-10
175 1.271627e-10
176 7.466845e-11
177 4.102550e-11
178 2.112678e-11
179 1.028720e-11
180 1.123195e-08
181 7.871324e-09
182 5.273997e-09
183 3.343133e-09
184 2.059023e-09
185 1.283725e-09
186 8.195800e-10
187 5.374846e-10
188 3.559924e-10
189 2.321771e-10
190 1.454996e-10
191 8.611307e-11
192 4.771391e-11
193 2.475873e-11
194 1.212930e-11
195 1.195618e-08
196 8.405725e-09
197 5.651276e-09
198 3.592222e-09
199 2.210321e-09
200 1.375573e-09
201 8.758269e-10
202 5.733498e-10
203 3.798428e-10
204 2.482061e-10
205 1.560974e-10
206 9.278863e-11
207 5.164534e-11
208 2.690780e-11
209 1.322527e-11
210 1.255953e-08
211 8.849084e-09
212 5.961915e-09
213 3.796781e-09
214 2.334888e-09
215 1.451116e-09
216 9.224118e-10
217 6.032165e-10
218 3.995557e-10
219 2.614559e-10
220 1.648056e-10
221 9.824139e-11
222 5.484052e-11
223 2.864774e-11
224 1.411128e-11
225 1.304993e-08
226 9.208623e-09
227 6.214339e-09
228 3.962761e-09
229 2.435966e-09
230 1.512551e-09
231 9.601899e-10
232 6.273201e-10
233 4.155862e-10
234 2.722076e-10
235 1.718772e-10
236 1.026697e-10
237 5.743660e-11
238 3.006048e-11
239 1.482909e-11
240 1.347644e-08
241 9.520326e-09
242 6.432959e-09
243 4.106546e-09
244 2.523445e-09
245 1.565791e-09
246 9.928479e-10
247 6.483586e-10
248 4.295848e-10
249 2.815936e-10
250 1.780496e-10
251 1.065412e-10
252 5.970507e-11
253 3.129589e-11
254 1.544884e-11
255 1.388103e-08
256 9.818173e-09
257 6.642144e-09
258 4.244157e-09
259 2.607722e-09
260 1.616797e-09
261 1.024149e-09
262 6.683183e-10
263 4.428094e-10
264 2.904921e-10
265 1.839006e-10
266 1.102057e-10
267 6.184392e-11
268 3.246216e-11
269 1.604601e-11
270 1.435351e-08
271 1.016445e-08
272 6.884479e-09
273 4.404092e-09
274 2.704393e-09
275 1.675876e-09
276 1.060839e-09
277 6.916897e-10
278 4.582833e-10
279 3.008570e-10
280 1.907179e-10
281 1.144761e-10
282 6.436181e-11
283 3.382715e-11
284 1.673997e-11
285 1.364024e-08
286 9.702916e-09
287 6.589531e-09
288 4.251256e-09
289 2.619339e-09
290 1.622528e-09
291 1.022908e-09
292 6.636655e-10
293 4.378843e-10
294 2.870192e-10
295 1.822356e-10
296 1.099046e-10
297 6.223497e-11
298 3.299278e-11
299 1.646016e-11
300 1.616179e-08
301 1.162749e-08
302 7.967686e-09
303 5.199551e-09
304 3.216012e-09
305 1.981797e-09
306 1.239894e-09
307 7.982639e-10
308 5.247173e-10
309 3.447295e-10
310 2.205982e-10
311 1.346413e-10
312 7.733544e-11
313 4.159570e-11
314 2.101894e-11
315 1.769218e-08
316 1.281037e-08
317 8.820474e-09
318 5.791714e-09
319 3.590979e-09
320 2.206787e-09
321 1.375352e-09
322 8.817388e-10
323 5.783288e-10
324 3.803175e-10
325 2.443553e-10
326 1.500700e-10
327 8.683529e-11
328 4.705613e-11
329 2.393604e-11
330 1.892852e-08
331 1.375911e-08
332 9.504247e-09
333 6.263212e-09
334 3.889501e-09
335 2.386540e-09
336 1.483724e-09
337 9.486712e-10
338 6.214597e-10
339 4.088749e-10
340 2.633573e-10
341 1.623674e-10
342 9.437895e-11
343 5.137733e-11
344 2.623924e-11
345 1.993015e-08
346 1.453118e-08
347 1.005841e-08
348 6.645492e-09
349 4.131665e-09
350 2.532246e-09
351 1.571333e-09
352 1.002881e-09
353 6.562401e-10
354 4.319868e-10
355 2.787559e-10
356 1.723306e-10
357 1.004902e-10
358 5.487793e-11
359 2.810551e-11
360 2.080534e-08
361 1.520478e-08
362 1.054245e-08
363 6.979575e-09
364 4.342759e-09
365 2.659724e-09
366 1.647894e-09
367 1.050225e-09
368 6.867188e-10
369 4.522019e-10
370 2.921964e-10
371 1.810276e-10
372 1.058250e-10
373 5.793443e-11
374 2.973209e-11
375 2.163151e-08
376 1.583924e-08
377 1.099847e-08
378 7.295074e-09
379 4.542196e-09
380 2.779295e-09
381 1.720187e-09
382 1.094929e-09
383 7.154814e-10
384 4.712886e-10
385 3.049129e-10
386 1.892478e-10
387 1.108654e-10
388 6.082071e-11
389 3.126918e-11
390 2.259806e-08
391 1.658348e-08
392 1.153278e-08
393 7.663180e-09
394 4.776265e-09
395 2.920656e-09
396 1.805261e-09
397 1.147439e-09
398 7.491482e-10
399 4.936713e-10
400 3.198057e-10
401 1.988886e-10
402 1.167712e-10
403 6.420172e-11
404 3.306984e-11
405 1.996501e-08
406 1.463036e-08
407 1.015256e-08
408 6.730898e-09
409 4.212604e-09
410 2.579466e-09
411 1.599626e-09
412 1.017151e-09
413 6.630438e-10
414 4.355026e-10
415 2.809571e-10
416 1.740935e-10
417 1.019653e-10
418 5.601920e-11
419 2.887850e-11
420 2.250168e-08
421 1.668116e-08
422 1.166591e-08
423 7.798495e-09
424 4.922318e-09
425 3.005692e-09
426 1.855986e-09
427 1.171398e-09
428 7.593113e-10
429 4.981068e-10
430 3.225792e-10
431 2.014478e-10
432 1.192516e-10
433 6.630334e-11
434 3.457877e-11
435 2.452599e-08
436 1.831387e-08
437 1.286664e-08
438 8.646556e-09
439 5.485137e-09
440 3.345031e-09
441 2.060385e-09
442 1.294397e-09
443 8.362493e-10
444 5.480602e-10
445 3.556966e-10
446 2.231712e-10
447 1.329471e-10
448 7.443736e-11
449 3.908384e-11
450 2.616669e-08
451 1.963861e-08
452 1.384458e-08
453 9.334677e-09
454 5.941402e-09
455 3.620478e-09
456 2.226014e-09
457 1.394273e-09
458 8.985683e-10
459 5.885467e-10
460 3.825380e-10
461 2.407750e-10
462 1.440464e-10
463 8.102912e-11
464 4.273481e-11
465 2.760132e-08
466 2.079502e-08
467 1.469612e-08
468 9.933893e-09
469 6.339606e-09
470 3.860684e-09
471 2.370316e-09
472 1.481221e-09
473 9.529161e-10
474 6.238827e-10
475 4.059553e-10
476 2.561334e-10
477 1.537295e-10
478 8.678150e-11
479 4.592139e-11
480 2.895681e-08
481 2.188504e-08
482 1.550085e-08
483 1.050030e-08
484 6.716918e-09
485 4.087399e-09
486 2.507075e-09
487 1.563458e-09
488 1.004296e-09
489 6.572780e-10
490 4.281397e-10
491 2.706801e-10
492 1.628994e-10
493 9.221695e-11
494 4.893080e-11
495 3.054392e-08
496 2.316328e-08
497 1.644320e-08
498 1.116515e-08
499 7.157449e-09
500 4.353484e-09
501 2.667086e-09
502 1.659887e-09
503 1.064499e-09
504 6.963911e-10
505 4.540374e-10
506 2.876459e-10
507 1.736068e-10
508 9.858640e-11
509 5.245941e-11
510 2.603887e-08
511 1.963812e-08
512 1.389406e-08
513 9.386859e-09
514 6.006509e-09
515 3.667845e-09
516 2.253593e-09
517 1.407262e-09
518 9.038367e-10
519 5.904808e-10
520 3.834465e-10
521 2.416125e-10
522 1.449856e-10
523 8.193688e-11
524 4.345847e-11
525 2.895439e-08
526 2.208982e-08
527 1.575326e-08
528 1.071386e-08
529 6.915115e-09
530 4.230118e-09
531 2.589803e-09
532 1.606839e-09
533 1.025900e-09
534 6.679918e-10
535 4.342354e-10
536 2.750240e-10
537 1.663930e-10
538 9.498296e-11
539 5.091171e-11
540 3.132998e-08
541 2.408905e-08
542 1.726991e-08
543 1.179837e-08
544 7.656753e-09
545 4.690367e-09
546 2.864738e-09
547 1.770119e-09
548 1.125522e-09
549 7.312674e-10
550 4.756730e-10
551 3.022737e-10
552 1.838552e-10
553 1.056305e-10
554 5.699999e-11
555 3.340111e-08
556 2.583279e-08
557 1.859684e-08
558 1.274317e-08
559 8.304821e-09
560 5.091915e-09
561 3.104849e-09
562 1.912581e-09
563 1.212530e-09
564 7.864970e-10
565 5.118271e-10
566 3.260479e-10
567 1.990902e-10
568 1.149214e-10
569 6.231335e-11
570 3.536125e-08
571 2.748287e-08
572 1.984919e-08
573 1.363825e-08
574 8.918655e-09
575 5.471741e-09
576 3.331982e-09
577 2.047625e-09
578 1.294846e-09
579 8.387720e-10
580 5.460708e-10
581 3.485660e-10
582 2.135194e-10
583 1.237191e-10
584 6.734318e-11
585 3.766268e-08
586 2.941464e-08
587 2.131524e-08
588 1.468612e-08
589 9.634952e-09
590 5.916216e-09
591 3.597724e-09
592 2.205250e-09
593 1.391054e-09
594 8.998407e-10
595 5.860624e-10
596 3.748685e-10
597 2.303762e-10
598 1.339978e-10
599 7.322121e-11
600 3.281962e-08
601 2.544836e-08
602 1.836240e-08
603 1.259641e-08
604 8.225085e-09
605 5.064447e-09
606 3.085071e-09
607 1.899856e-09
608 1.202080e-09
609 7.779476e-10
610 5.053861e-10
611 3.217216e-10
612 1.965570e-10
613 1.136668e-10
614 6.181659e-11
615 3.606566e-08
616 2.828138e-08
617 2.058699e-08
618 1.420779e-08
619 9.347006e-09
620 5.786154e-09
621 3.513317e-09
622 2.153774e-09
623 1.353984e-09
624 8.722394e-10
625 5.660979e-10
626 3.614622e-10
627 2.222351e-10
628 1.296204e-10
629 7.117713e-11
630 3.890005e-08
631 3.076117e-08
632 2.253377e-08
633 1.561649e-08
634 1.033033e-08
635 6.418792e-09
636 3.888948e-09
637 2.376651e-09
638 1.487314e-09
639 9.548285e-10
640 6.192589e-10
641 3.962488e-10
642 2.447113e-10
643 1.435885e-10
644 7.937666e-11
645 4.158318e-08
646 3.310837e-08
647 2.437473e-08
648 1.695263e-08
649 1.126188e-08
650 7.017624e-09
651 4.244569e-09
652 2.587464e-09
653 1.613549e-09
654 1.033056e-09
655 6.696003e-10
656 4.291944e-10
657 2.659984e-10
658 1.568156e-10
659 8.713896e-11
660 4.472825e-08
661 3.586054e-08
662 2.652989e-08
663 1.851306e-08
664 1.234907e-08
665 7.717877e-09
666 4.659723e-09
667 2.833905e-09
668 1.760899e-09
669 1.124439e-09
670 7.283866e-10
671 4.676674e-10
672 2.908585e-10
673 1.722642e-10
674 9.620754e-11
675 4.024919e-08
676 3.204681e-08
677 2.362342e-08
678 1.644077e-08
679 1.091915e-08
680 6.826754e-09
681 4.131933e-09
682 2.521557e-09
683 1.570834e-09
684 1.004129e-09
685 6.496569e-10
686 4.157374e-10
687 2.573997e-10
688 1.517276e-10
689 8.438861e-11
690 4.398970e-08
691 3.543792e-08
692 2.637655e-08
693 1.847036e-08
694 1.235149e-08
695 7.779243e-09
696 4.701500e-09
697 2.860350e-09
698 1.769983e-09
699 1.124709e-09
700 7.256629e-10
701 4.649342e-10
702 2.892373e-10
703 1.717683e-10
704 9.640512e-11
705 4.753750e-08
706 3.865192e-08
707 2.898444e-08
708 2.039894e-08
709 1.371209e-08
710 8.684674e-09
711 5.242820e-09
712 3.181800e-09
713 1.959108e-09
714 1.239269e-09
715 7.978480e-10
716 5.116499e-10
717 3.194674e-10
718 1.907965e-10
719 1.078144e-10
720 5.168828e-08
721 4.240480e-08
722 3.203103e-08
723 2.265085e-08
724 1.529842e-08
725 9.740966e-09
726 5.874379e-09
727 3.557391e-09
728 2.179747e-09
729 1.372891e-09
730 8.820223e-10
731 5.661363e-10
732 3.547286e-10
733 2.129917e-10
734 1.211241e-10
735 4.876737e-08
736 3.989202e-08
737 3.009519e-08
738 2.127645e-08
739 1.434698e-08
740 9.138566e-09
741 5.528707e-09
742 3.350953e-09
743 2.055144e-09
744 1.294557e-09
745 8.306156e-10
746 5.319806e-10
747 3.325006e-10
748 1.991991e-10
749 1.131068e-10
750 5.338998e-08
751 4.422110e-08
752 3.374085e-08
753 2.403685e-08
754 1.631332e-08
755 1.048076e-08
756 6.352496e-09
757 3.837869e-09
758 2.338343e-09
759 1.462718e-09
760 9.340930e-10
761 5.978072e-10
762 3.748779e-10
763 2.260630e-10
764 1.294932e-10
765 5.879634e-08
766 4.928474e-08
767 3.799184e-08
768 2.725788e-08
769 1.860853e-08
770 1.204876e-08
771 7.315335e-09
772 4.406978e-09
773 2.668986e-09
774 1.659066e-09
775 1.054851e-09
776 6.746337e-10
777 4.243356e-10
778 2.574150e-10
779 1.486192e-10
780 5.935024e-08
781 4.997321e-08
782 3.873741e-08
783 2.792515e-08
784 1.911607e-08
785 1.242748e-08
786 7.586205e-09
787 4.561948e-09
788 2.758428e-09
789 1.708026e-09
790 1.081631e-09
791 6.898091e-10
792 4.335118e-10
793 2.632919e-10
794 1.524740e-10
795 6.645552e-08
796 5.685795e-08
797 4.474640e-08
798 3.262987e-08
799 2.252046e-08
800 1.479592e-08
801 9.099931e-09
802 5.450207e-09
803 3.275060e-09
804 2.008414e-09
805 1.261373e-09
806 8.013226e-10
807 5.043006e-10
808 3.081568e-10
809 1.801827e-10
810 7.628673e-08
811 6.673493e-08
812 5.376419e-08
813 3.998952e-08
814 2.796919e-08
815 1.864123e-08
816 1.166355e-08
817 6.968642e-09
818 4.163304e-09
819 2.514690e-09
820 1.554876e-09
821 9.773873e-10
822 6.133102e-10
823 3.765508e-10
824 2.226474e-10
825 5.042544e-07
826 3.683058e-07
827 2.729066e-07
828 1.698359e-07
829 1.034701e-07
830 6.129836e-08
831 3.743025e-08
832 2.401450e-08
833 1.621189e-08
834 0.000000e+00
835 0.000000e+00
836 0.000000e+00
837 0.000000e+00
838 0.000000e+00
839 0.000000e+00
840 7.612934e-07
841 5.561931e-07
842 4.125739e-07
843 2.597482e-07
844 1.578507e-07
845 9.339736e-08
846 5.692173e-08
847 3.638235e-08
848 2.449286e-08
849 0.000000e+00
850 0.000000e+00
851 0.000000e+00
852 0.000000e+00
853 0.000000e+00
854 0.000000e+00
855 9.104602e-07
856 6.652464e-07
857 4.936243e-07
858 3.119523e-07
859 1.894099e-07
860 1.120294e-07
861 6.823621e-08
862 4.356091e-08
863 2.929911e-08
864 0.000000e+00
865 0.000000e+00
866 0.000000e+00
867 0.000000e+00
868 0.000000e+00
869 0.000000e+00
870 9.997602e-07
871 7.305343e-07
872 5.421593e-07
873 3.432855e-07
874 2.083434e-07
875 1.232043e-07
876 7.501983e-08
877 4.786193e-08
878 3.217685e-08
879 0.000000e+00
880 0.000000e+00
881 0.000000e+00
882 0.000000e+00
883 0.000000e+00
884 0.000000e+00
885 1.071623e-06
886 7.830756e-07
887 5.812077e-07
888 3.684593e-07
889 2.235604e-07
890 1.321872e-07
891 8.047383e-08
892 5.132144e-08
893 3.449263e-08
894 0.000000e+00
895 0.000000e+00
896 0.000000e+00
897 0.000000e+00
898 0.000000e+00
899 0.000000e+00
900 1.129856e-06
901 8.256491e-07
902 6.128527e-07
903 3.888584e-07
904 2.358903e-07
905 1.394663e-07
906 8.489318e-08
907 5.412488e-08
908 3.636908e-08
909 0.000000e+00
910 0.000000e+00
911 0.000000e+00
912 0.000000e+00
913 0.000000e+00
914 0.000000e+00
915 1.180662e-06
916 8.627917e-07
917 6.404597e-07
918 4.066570e-07
919 2.466486e-07
920 1.458164e-07
921 8.874906e-08
922 5.657058e-08
923 3.800618e-08
924 0.000000e+00
925 0.000000e+00
926 0.000000e+00
927 0.000000e+00
928 0.000000e+00
929 0.000000e+00
930 1.228832e-06
931 8.980098e-07
932 6.666360e-07
933 4.235315e-07
934 2.568481e-07
935 1.518370e-07
936 9.240477e-08
937 5.888940e-08
938 3.955828e-08
939 0.000000e+00
940 0.000000e+00
941 0.000000e+00
942 0.000000e+00
943 0.000000e+00
944 0.000000e+00
945 1.285042e-06
946 9.391074e-07
947 6.971804e-07
948 4.432238e-07
949 2.687506e-07
950 1.588633e-07
951 9.667113e-08
952 6.159520e-08
953 4.136965e-08
954 0.000000e+00
955 0.000000e+00
956 0.000000e+00
957 0.000000e+00
958 0.000000e+00
959 0.000000e+00
960 3.372098e-07
961 2.685418e-07
962 1.947970e-07
963 1.460863e-07
964 9.036996e-08
965 5.532215e-08
966 3.215560e-08
967 1.922739e-08
968 1.205002e-08
969 7.978277e-09
970 0.000000e+00
971 0.000000e+00
972 0.000000e+00
973 0.000000e+00
974 0.000000e+00
975 5.245029e-07
976 4.205908e-07
977 3.053864e-07
978 2.288031e-07
979 1.434005e-07
980 8.743467e-08
981 5.078452e-08
982 3.032593e-08
983 1.893610e-08
984 1.250053e-08
985 0.000000e+00
986 0.000000e+00
987 0.000000e+00
988 0.000000e+00
989 0.000000e+00
990 6.453737e-07
991 5.188552e-07
992 3.768784e-07
993 2.822597e-07
994 1.777591e-07
995 1.082188e-07
996 6.284191e-08
997 3.750852e-08
998 2.338977e-08
999 1.542360e-08
1000 0.000000e+00
1001 0.000000e+00
1002 0.000000e+00
1003 0.000000e+00
1004 0.000000e+00
1005 7.387918e-07
1006 5.947644e-07
1007 4.321002e-07
1008 3.235553e-07
1009 2.042812e-07
1010 1.242653e-07
1011 7.215189e-08
1012 4.305499e-08
1013 2.682938e-08
1014 1.768158e-08
1015 0.000000e+00
1016 0.000000e+00
1017 0.000000e+00
1018 0.000000e+00
1019 0.000000e+00
1020 8.144982e-07
1021 6.562769e-07
1022 4.768511e-07
1023 3.570187e-07
1024 2.257749e-07
1025 1.372703e-07
1026 7.969681e-08
1027 4.754953e-08
1028 2.961701e-08
1029 1.951129e-08
1030 0.000000e+00
1031 0.000000e+00
1032 0.000000e+00
1033 0.000000e+00
1034 0.000000e+00
1035 8.805408e-07
1036 7.099431e-07
1037 5.158963e-07
1038 3.862135e-07
1039 2.445257e-07
1040 1.486155e-07
1041 8.627879e-08
1042 5.147088e-08
1043 3.204893e-08
1044 2.110780e-08
1045 0.000000e+00
1046 0.000000e+00
1047 0.000000e+00
1048 0.000000e+00
1049 0.000000e+00
1050 9.431579e-07
1051 7.608262e-07
1052 5.529112e-07
1053 4.138921e-07
1054 2.623022e-07
1055 1.593727e-07
1056 9.251945e-08
1057 5.518846e-08
1058 3.435456e-08
1059 2.262130e-08
1060 0.000000e+00
1061 0.000000e+00
1062 0.000000e+00
1063 0.000000e+00
1064 0.000000e+00
1065 1.016234e-06
1066 8.202102e-07
1067 5.961124e-07
1068 4.461990e-07
1069 2.830500e-07
1070 1.719274e-07
1071 9.980258e-08
1072 5.952766e-08
1073 3.704546e-08
1074 2.438775e-08
1075 0.000000e+00
1076 0.000000e+00
1077 0.000000e+00
1078 0.000000e+00
1079 0.000000e+00
1080 1.998915e-07
1081 1.817869e-07
1082 1.400464e-07
1083 1.012755e-07
1084 7.588948e-08
1085 4.386456e-08
1086 2.688380e-08
1087 1.550072e-08
1088 9.166585e-09
1089 5.703035e-09
1090 0.000000e+00
1091 0.000000e+00
1092 0.000000e+00
1093 0.000000e+00
1094 0.000000e+00
1095 3.309506e-07
1096 3.023257e-07
1097 2.338788e-07
1098 1.690240e-07
1099 1.268440e-07
1100 7.373443e-08
1101 4.531080e-08
1102 2.606260e-08
1103 1.535670e-08
1104 9.531984e-09
1105 0.000000e+00
1106 0.000000e+00
1107 0.000000e+00
1108 0.000000e+00
1109 0.000000e+00
1110 4.312235e-07
1111 3.945821e-07
1112 3.057167e-07
1113 2.208917e-07
1114 1.658548e-07
1115 9.661657e-08
1116 5.942698e-08
1117 3.415292e-08
1118 2.009715e-08
1119 1.246372e-08
1120 0.000000e+00
1121 0.000000e+00
1122 0.000000e+00
1123 0.000000e+00
1124 0.000000e+00
1125 5.124470e-07
1126 4.693051e-07
1127 3.639031e-07
1128 2.629033e-07
1129 1.974512e-07
1130 1.151496e-07
1131 7.086041e-08
1132 4.070572e-08
1133 2.393660e-08
1134 1.483831e-08
1135 0.000000e+00
1136 0.000000e+00
1137 0.000000e+00
1138 0.000000e+00
1139 0.000000e+00
1140 5.833018e-07
1141 5.344966e-07
1142 4.146646e-07
1143 2.995543e-07
1144 2.250170e-07
1145 1.313181e-07
1146 8.083527e-08
1147 4.642253e-08
1148 2.728623e-08
1149 1.690987e-08
1150 0.000000e+00
1151 0.000000e+00
1152 0.000000e+00
1153 0.000000e+00
1154 0.000000e+00
1155 6.504802e-07
1156 5.963013e-07
1157 4.627917e-07
1158 3.343027e-07
1159 2.511519e-07
1160 1.466475e-07
1161 9.029206e-08
1162 5.184251e-08
1163 3.046195e-08
1164 1.887385e-08
1165 0.000000e+00
1166 0.000000e+00
1167 0.000000e+00
1168 0.000000e+00
1169 0.000000e+00
1170 7.288859e-07
1171 6.684345e-07
1172 5.189600e-07
1173 3.748577e-07
1174 2.816527e-07
1175 1.645384e-07
1176 1.013291e-07
1177 5.816799e-08
1178 3.416844e-08
1179 2.116615e-08
1180 0.000000e+00
1181 0.000000e+00
1182 0.000000e+00
1183 0.000000e+00
1184 0.000000e+00
1185 1.319653e-07
1186 1.302548e-07
1187 1.095283e-07
1188 8.000739e-08
1189 5.943777e-08
1190 4.039451e-08
1191 2.383864e-08
1192 1.358182e-08
1193 7.851526e-09
1194 4.639749e-09
1195 2.906432e-09
1196 0.000000e+00
1197 0.000000e+00
1198 0.000000e+00
1199 0.000000e+00
1200 2.316382e-07
1201 2.293017e-07
1202 1.935553e-07
1203 1.416397e-07
1204 1.050481e-07
1205 7.190722e-08
1206 4.222051e-08
1207 2.408947e-08
1208 1.394514e-08
1209 8.225514e-09
1210 5.141738e-09
1211 0.000000e+00
1212 0.000000e+00
1213 0.000000e+00
1214 0.000000e+00
1215 3.129019e-07
1216 3.100758e-07
1217 2.621029e-07
1218 1.919275e-07
1219 1.422576e-07
1220 9.762790e-08
1221 5.721892e-08
1222 3.266438e-08
1223 1.891784e-08
1224 1.115148e-08
1225 6.965511e-09
1226 0.000000e+00
1227 0.000000e+00
1228 0.000000e+00
1229 0.000000e+00
1230 3.837449e-07
1231 3.804913e-07
1232 3.218552e-07
1233 2.357628e-07
1234 1.746925e-07
1235 1.200502e-07
1236 7.029300e-08
1237 4.013938e-08
1238 2.325271e-08
1239 1.370217e-08
1240 8.555247e-09
1241 0.000000e+00
1242 0.000000e+00
1243 0.000000e+00
1244 0.000000e+00
1245 4.509162e-07
1246 4.472515e-07
1247 3.785110e-07
1248 2.773254e-07
1249 2.054469e-07
1250 1.413095e-07
1251 8.268951e-08
1252 4.722699e-08
1253 2.736290e-08
1254 1.612061e-08
1255 1.006261e-08
1256 0.000000e+00
1257 0.000000e+00
1258 0.000000e+00
1259 0.000000e+00
1260 5.293032e-07
1261 5.251645e-07
1262 4.446300e-07
1263 3.258327e-07
1264 2.413381e-07
1265 1.661188e-07
1266 9.715678e-08
1267 5.549795e-08
1268 3.215940e-08
1269 1.894294e-08
1270 1.182176e-08
1271 0.000000e+00
1272 0.000000e+00
1273 0.000000e+00
1274 0.000000e+00
1275 9.503469e-08
1276 9.895112e-08
1277 8.954142e-08
1278 6.849945e-08
1279 4.951491e-08
1280 3.708885e-08
1281 2.095532e-08
1282 1.265489e-08
1283 7.150644e-09
1284 4.130260e-09
1285 2.472737e-09
1286 0.000000e+00
1287 0.000000e+00
1288 0.000000e+00
1289 0.000000e+00
1290 1.740168e-07
1291 1.815761e-07
1292 1.648333e-07
1293 1.264526e-07
1294 9.134669e-08
1295 6.853203e-08
1296 3.883533e-08
1297 2.353121e-08
1298 1.326579e-08
1299 7.643348e-09
1300 4.566726e-09
1301 0.000000e+00
1302 0.000000e+00
1303 0.000000e+00
1304 0.000000e+00
1305 2.430000e-07
1306 2.537504e-07
1307 2.306126e-07
1308 1.770919e-07
1309 1.278990e-07
1310 9.600806e-08
1311 5.446399e-08
1312 3.303943e-08
1313 1.861123e-08
1314 1.071357e-08
1315 6.396552e-09
1316 0.000000e+00
1317 0.000000e+00
1318 0.000000e+00
1319 0.000000e+00
1320 3.083622e-07
1321 3.221347e-07
1322 2.929381e-07
1323 2.250735e-07
1324 1.625327e-07
1325 1.220415e-07
1326 6.927134e-08
1327 4.204791e-08
1328 2.367574e-08
1329 1.362244e-08
1330 8.130290e-09
1331 0.000000e+00
1332 0.000000e+00
1333 0.000000e+00
1334 0.000000e+00
1335 3.846439e-07
1336 4.019428e-07
1337 3.656754e-07
1338 2.810675e-07
1339 2.029491e-07
1340 1.524222e-07
1341 8.655169e-08
1342 5.256128e-08
1343 2.958614e-08
1344 1.701720e-08
1345 1.015357e-08
1346 0.000000e+00
1347 0.000000e+00
1348 0.000000e+00
1349 0.000000e+00
1350 7.283956e-08
1351 7.884119e-08
1352 7.560216e-08
1353 6.126472e-08
1354 4.419837e-08
1355 3.331991e-08
1356 2.081285e-08
1357 1.276108e-08
1358 7.084554e-09
1359 3.901039e-09
1360 2.254707e-09
1361 1.371213e-09
1362 0.000000e+00
1363 0.000000e+00
1364 0.000000e+00
1365 1.389705e-07
1366 1.506729e-07
1367 1.448522e-07
1368 1.177372e-07
1369 8.499569e-08
1370 6.401296e-08
1371 4.026214e-08
1372 2.461208e-08
1373 1.366672e-08
1374 7.529388e-09
1375 4.341625e-09
1376 2.634493e-09
1377 0.000000e+00
1378 0.000000e+00
1379 0.000000e+00
1380 2.014854e-07
1381 2.185801e-07
1382 2.103240e-07
1383 1.711335e-07
1384 1.235731e-07
1385 9.303404e-08
1386 5.865606e-08
1387 3.581859e-08
1388 1.989101e-08
1389 1.096077e-08
1390 6.315037e-09
1391 3.828966e-09
1392 0.000000e+00
1393 0.000000e+00
1394 0.000000e+00
1395 2.744198e-07
1396 2.978054e-07
1397 2.867077e-07
1398 2.334276e-07
1399 1.685779e-07
1400 1.268908e-07
1401 8.011506e-08
1402 4.889238e-08
1403 2.715240e-08
1404 1.496381e-08
1405 8.617256e-09
1406 5.222486e-09
1407 0.000000e+00
1408 0.000000e+00
1409 0.000000e+00
1410 5.934179e-08
1411 6.622875e-08
1412 6.653245e-08
1413 5.714808e-08
1414 4.212297e-08
1415 3.102537e-08
1416 2.185627e-08
1417 1.247044e-08
1418 7.020473e-09
1419 3.972594e-09
1420 2.209715e-09
1421 1.288749e-09
1422 0.000000e+00
1423 0.000000e+00
1424 0.000000e+00
1425 1.183730e-07
1426 1.322995e-07
1427 1.331953e-07
1428 1.147510e-07
1429 8.472790e-08
1430 6.232584e-08
1431 4.411874e-08
1432 2.508865e-08
1433 1.415524e-08
1434 8.008591e-09
1435 4.452280e-09
1436 2.591436e-09
1437 0.000000e+00
1438 0.000000e+00
1439 0.000000e+00
1440 1.869037e-07
1441 2.090033e-07
1442 2.105873e-07
1443 1.816247e-07
1444 1.341904e-07
1445 9.866388e-08
1446 6.996454e-08
1447 3.973797e-08
1448 2.243877e-08
1449 1.269425e-08
1450 7.055880e-09
1451 4.103794e-09
1452 0.000000e+00
1453 0.000000e+00
1454 0.000000e+00
1455 5.172929e-08
1456 5.928023e-08
1457 6.196319e-08
1458 5.630010e-08
1459 4.317605e-08
1460 3.118413e-08
1461 2.342256e-08
1462 1.313144e-08
1463 7.854604e-09
1464 4.303351e-09
1465 2.372345e-09
1466 1.324622e-09
1467 0.000000e+00
1468 0.000000e+00
1469 0.000000e+00
1470 1.148203e-07
1471 1.317533e-07
1472 1.379847e-07
1473 1.257373e-07
1474 9.667801e-08
1475 6.978672e-08
1476 5.248969e-08
1477 2.951708e-08
1478 1.771715e-08
1479 9.688475e-09
1480 5.328283e-09
1481 2.969008e-09
1482 0.000000e+00
1483 0.000000e+00
1484 0.000000e+00
1485 5.397446e-08
1486 6.342338e-08
1487 6.876931e-08
1488 6.602250e-08
1489 5.353411e-08
1490 3.862815e-08
1491 2.914063e-08
1492 1.812036e-08
1493 1.102731e-08
1494 5.984122e-09
1495 3.151898e-09
1496 1.700502e-09
1497 9.469614e-10
1498 0.000000e+00
1499 0.000000e+00
1500 1.109684e-04
1501 8.086786e-05
1502 6.035546e-05
1503 3.805236e-05
1504 2.321989e-05
1505 1.369104e-05
1506 8.324421e-06
1507 5.304277e-06
1508 3.565556e-06
1509 0.000000e+00
1510 0.000000e+00
1511 0.000000e+00
1512 0.000000e+00
1513 0.000000e+00
1514 0.000000e+00
1515 5.757601e-05
1516 4.644359e-05
1517 3.369791e-05
1518 2.528332e-05
1519 1.597668e-05
1520 9.754545e-06
1521 5.648866e-06
1522 3.364481e-06
1523 2.093966e-06
1524 1.379138e-06
1525 0.000000e+00
1526 0.000000e+00
1527 0.000000e+00
1528 0.000000e+00
1529 0.000000e+00
1530 4.047788e-05
1531 3.713775e-05
1532 2.882267e-05
1533 2.080348e-05
1534 1.566222e-05
1535 9.111532e-06
1536 5.625604e-06
1537 3.225263e-06
1538 1.896511e-06
1539 1.174730e-06
1540 0.000000e+00
1541 0.000000e+00
1542 0.000000e+00
1543 0.000000e+00
1544 0.000000e+00
1545 2.912801e-05
1546 2.891312e-05
1547 2.448503e-05
1548 1.793535e-05
1549 1.328396e-05
1550 9.154542e-06
1551 5.351144e-06
1552 3.053081e-06
1553 1.771954e-06
1554 1.042590e-06
1555 6.506122e-07
1556 0.000000e+00
1557 0.000000e+00
1558 0.000000e+00
1559 0.000000e+00
1560 2.085098e-05
1561 2.179680e-05
1562 1.983793e-05
1563 1.524768e-05
1564 1.100576e-05
1565 8.274949e-06
1566 4.689296e-06
1567 2.850415e-06
1568 1.602925e-06
1569 9.233707e-07
1570 5.506294e-07
1571 0.000000e+00
1572 0.000000e+00
1573 0.000000e+00
1574 0.000000e+00
1575 1.487210e-05
1576 1.614453e-05
1577 1.554949e-05
1578 1.266314e-05
1579 9.143013e-06
1580 6.883420e-06
1581 4.347301e-06
1582 2.655947e-06
1583 1.474901e-06
1584 8.112783e-07
1585 4.673052e-07
1586 2.832009e-07
1587 0.000000e+00
1588 0.000000e+00
1589 0.000000e+00
1590 1.001028e-05
1591 1.119728e-05
1592 1.128693e-05
1593 9.739022e-06
1594 7.195644e-06
1595 5.289411e-06
1596 3.755371e-06
1597 2.130464e-06
1598 1.202339e-06
1599 6.811759e-07
1600 3.783133e-07
1601 2.200058e-07
1602 0.000000e+00
1603 0.000000e+00
1604 0.000000e+00
1605 6.201116e-06
1606 7.118100e-06
1607 7.458527e-06
1608 6.801106e-06
1609 5.231433e-06
1610 3.775220e-06
1611 2.841823e-06
1612 1.597077e-06
1613 9.596537e-07
1614 5.242846e-07
1615 2.885232e-07
1616 1.606418e-07
1617 0.000000e+00
1618 0.000000e+00
1619 0.000000e+00
1620 3.163407e-06
1621 3.720115e-06
1622 4.038202e-06
1623 3.883392e-06
1624 3.154630e-06
1625 2.276770e-06
1626 1.716871e-06
1627 1.071974e-06
1628 6.518364e-07
1629 3.538249e-07
1630 1.861971e-07
1631 1.003484e-07
1632 5.578990e-08
1633 0.000000e+00
1634 0.000000e+00
1635 8.891198e-07
1636 1.072208e-06
1637 1.206146e-06
1638 1.224576e-06
1639 1.066696e-06
1640 7.933436e-07
1641 5.815894e-07
1642 4.169104e-07
1643 2.343421e-07
1644 1.314261e-07
1645 7.164692e-08
1646 3.730540e-08
1647 1.958823e-08
1648 0.000000e+00
1649 0.000000e+00
