0 2.207278e-09
1 1.433341e-09
2 9.011139e-10
3 5.678433e-10
4 3.651885e-10
5 2.404017e-10
6 1.598848e-10
7 1.049828e-10
8 6.648172e-11
9 3.988844e-11
10 2.246105e-11
11 1.185191e-11
12 5.903382e-12
13 2.807166e-12
14 1.289688e-12
15 3.743824e-09
16 2.488336e-09
17 1.580442e-09
18 9.851760e-10
19 6.232413e-10
20 4.038367e-10
21 2.672794e-10
22 1.772351e-10
23 1.148719e-10
24 7.120669e-11
25 4.156761e-11
26 2.272109e-11
27 1.165800e-11
28 5.668378e-12
29 2.644817e-12
30 4.283018e-09
31 2.866257e-09
32 1.830224e-09
33 1.139348e-09
34 7.178308e-10
35 4.626850e-10
36 3.053362e-10
37 2.026699e-10
38 1.319929e-10
39 8.245435e-11
40 4.860602e-11
41 2.684264e-11
42 1.390139e-11
43 6.808878e-12
44 3.193495e-12
45 4.580664e-09
46 3.074238e-09
47 1.967881e-09
48 1.224428e-09
49 7.700145e-10
50 4.952312e-10
51 3.263193e-10
52 2.166402e-10
53 1.414113e-10
54 8.864797e-11
55 5.248788e-11
56 2.911289e-11
57 1.513657e-11
58 7.438102e-12
59 3.496295e-12
60 4.779774e-09
61 3.213857e-09
62 2.060095e-09
63 1.281601e-09
64 8.050956e-10
65 5.170808e-10
66 3.404275e-10
67 2.260353e-10
68 1.477183e-10
69 9.280114e-11
70 5.509211e-11
71 3.063781e-11
72 1.596700e-11
73 7.861245e-12
74 3.700199e-12
75 4.929233e-09
76 3.318521e-09
77 2.129169e-09
78 1.324312e-09
79 8.312756e-10
80 5.333590e-10
81 3.509712e-10
82 2.330809e-10
83 1.524548e-10
84 9.593091e-11
85 5.704636e-11
86 3.177973e-11
87 1.658961e-11
88 8.176676e-12
89 3.852072e-12
90 5.050931e-09
91 3.403897e-09
92 2.185495e-09
93 1.359160e-09
94 8.526537e-10
95 5.466795e-10
96 3.595687e-10
97 2.388449e-10
98 1.563283e-10
99 9.846854e-11
100 5.864424e-11
101 3.271680e-11
102 1.709851e-11
103 8.435741e-12
104 3.976834e-12
105 5.156595e-09
106 3.477404e-09
107 2.234383e-09
108 1.389202e-09
109 8.712827e-10
110 5.581818e-10
111 3.669860e-10
112 2.438005e-10
113 1.596588e-10
114 1.006570e-10
115 6.000406e-11
116 3.351274e-11
117 1.753363e-11
118 8.657409e-12
119 4.083463e-12
120 5.295453e-09
121 3.574364e-09
122 2.298330e-09
123 1.428447e-09
124 8.954449e-10
125 5.734204e-10
126 3.768562e-10
127 2.504172e-10
128 1.641088e-10
129 1.035488e-10
130 6.179204e-11
131 3.454432e-11
132 1.809002e-11
133 8.938421e-12
134 4.217654e-12
135 5.373304e-09
136 3.629145e-09
137 2.335547e-09
138 1.451769e-09
139 9.094360e-10
140 5.820448e-10
141 3.823893e-10
142 2.540041e-10
143 1.665995e-10
144 1.052376e-10
145 6.287312e-11
146 3.519362e-11
147 1.844769e-11
148 9.120252e-12
149 4.306270e-12
150 7.880246e-09
151 5.424388e-09
152 3.561974e-09
153 2.224243e-09
154 1.379245e-09
155 8.697921e-10
156 5.641756e-10
157 3.734315e-10
158 2.469151e-10
159 1.589408e-10
160 9.745432e-11
161 5.614258e-11
162 3.024728e-11
163 1.530318e-11
164 7.349164e-12
165 9.959921e-09
166 6.941624e-09
167 4.624259e-09
168 2.917417e-09
169 1.799732e-09
170 1.125595e-09
171 7.221672e-10
172 4.749721e-10
173 3.145553e-10
174 2.043662e-10
175 1.272733e-10
176 7.474493e-11
177 4.107783e-11
178 2.115496e-11
179 1.030290e-11
180 1.116229e-08
181 7.823787e-09
182 5.242568e-09
183 3.324454e-09
184 2.047511e-09
185 1.276454e-09
186 8.147632e-10
187 5.342265e-10
188 3.538374e-10
189 2.307620e-10
190 1.446285e-10
191 8.561228e-11
192 4.744609e-11
193 2.462579e-11
194 1.206698e-11
195 1.196981e-08
196 8.416965e-09
197 5.659047e-09
198 3.598749e-09
199 2.214223e-09
200 1.377930e-09
201 8.771391e-10
202 5.741403e-10
203 3.803551e-10
204 2.485494e-10
205 1.563300e-10
206 9.294644e-11
207 5.174710e-11
208 2.696849e-11
209 1.325708e-11
210 1.257598e-08
211 8.862393e-09
212 5.971635e-09
213 3.803977e-09
214 2.339693e-09
215 1.453842e-09
216 9.240708e-10
217 6.041660e-10
218 4.001849e-10
219 2.618525e-10
220 1.650783e-10
221 9.843655e-11
222 5.495812e-11
223 2.871869e-11
224 1.414992e-11
225 1.306872e-08
226 9.223567e-09
227 6.225212e-09
228 3.970603e-09
229 2.441255e-09
230 1.515630e-09
231 9.619240e-10
232 6.284311e-10
233 4.162557e-10
234 2.726474e-10
235 1.721753e-10
236 1.028707e-10
237 5.756659e-11
238 3.014185e-11
239 1.487242e-11
240 1.349664e-08
241 9.536845e-09
242 6.444959e-09
243 4.115633e-09
244 2.529290e-09
245 1.569319e-09
246 9.949199e-10
247 6.495166e-10
248 4.303357e-10
249 2.820875e-10
250 1.783858e-10
251 1.067666e-10
252 5.985082e-11
253 3.138413e-11
254 1.549769e-11
255 1.400355e-08
256 9.907403e-09
257 6.703549e-09
258 4.284765e-09
259 2.633110e-09
260 1.632404e-09
261 1.033793e-09
262 6.744882e-10
263 4.468451e-10
264 2.931391e-10
265 1.855999e-10
266 1.112510e-10
267 6.245981e-11
268 3.279208e-11
269 1.621637e-11
270 1.437689e-08
271 1.018331e-08
272 6.898577e-09
273 4.414358e-09
274 2.711081e-09
275 1.679897e-09
276 1.063156e-09
277 6.930584e-10
278 4.591342e-10
279 3.014217e-10
280 1.911004e-10
281 1.147450e-10
282 6.452915e-11
283 3.392802e-11
284 1.679613e-11
285 1.364045e-08
286 9.703388e-09
287 6.590048e-09
288 4.251823e-09
289 2.619885e-09
290 1.622792e-09
291 1.023085e-09
292 6.637415e-10
293 4.379206e-10
294 2.870380e-10
295 1.822492e-10
296 1.099157e-10
297 6.224381e-11
298 3.299902e-11
299 1.646413e-11
300 1.604722e-08
301 1.154508e-08
302 7.911720e-09
303 5.163061e-09
304 3.193585e-09
305 1.967959e-09
306 1.231221e-09
307 7.926152e-10
308 5.210213e-10
309 3.422945e-10
310 2.190401e-10
311 1.336939e-10
312 7.679503e-11
313 4.130795e-11
314 2.087522e-11
315 1.769687e-08
316 1.281456e-08
317 8.823997e-09
318 5.794289e-09
319 3.593052e-09
320 2.207999e-09
321 1.376088e-09
322 8.821497e-10
323 5.785655e-10
324 3.804586e-10
325 2.444458e-10
326 1.501338e-10
327 8.687940e-11
328 4.708532e-11
329 2.395402e-11
330 1.893221e-08
331 1.376556e-08
332 9.509407e-09
333 6.267032e-09
334 3.892463e-09
335 2.388266e-09
336 1.484763e-09
337 9.492597e-10
338 6.217696e-10
339 4.090725e-10
340 2.634901e-10
341 1.624585e-10
342 9.444244e-11
343 5.141923e-11
344 2.626385e-11
345 1.993894e-08
346 1.453968e-08
347 1.006498e-08
348 6.651231e-09
349 4.135415e-09
350 2.534417e-09
351 1.572721e-09
352 1.003620e-09
353 6.567297e-10
354 4.322455e-10
355 2.789233e-10
356 1.724447e-10
357 1.005682e-10
358 5.492915e-11
359 2.813704e-11
360 2.081498e-08
361 1.521375e-08
362 1.054971e-08
363 6.984570e-09
364 4.346873e-09
365 2.661840e-09
366 1.649362e-09
367 1.051053e-09
368 6.872009e-10
369 4.524942e-10
370 2.923844e-10
371 1.811552e-10
372 1.059121e-10
373 5.799153e-11
374 2.976658e-11
375 2.180074e-08
376 1.596584e-08
377 1.108778e-08
378 7.354753e-09
379 4.580253e-09
380 2.802620e-09
381 1.734594e-09
382 1.103926e-09
383 7.212798e-10
384 4.750805e-10
385 3.073666e-10
386 1.907844e-10
387 1.117803e-10
388 6.133347e-11
389 3.153914e-11
390 2.261177e-08
391 1.659635e-08
392 1.154316e-08
393 7.671637e-09
394 4.781936e-09
395 2.924150e-09
396 1.807364e-09
397 1.148623e-09
398 7.498366e-10
399 4.940945e-10
400 3.200801e-10
401 1.990743e-10
402 1.168942e-10
403 6.428366e-11
404 3.312470e-11
405 1.967455e-08
406 1.441769e-08
407 1.000498e-08
408 6.633072e-09
409 4.151308e-09
410 2.541934e-09
411 1.576408e-09
412 1.002387e-09
413 6.534225e-10
414 4.291767e-10
415 2.768959e-10
416 1.715617e-10
417 1.004823e-10
418 5.520488e-11
419 2.845914e-11
420 2.233600e-08
421 1.655868e-08
422 1.158039e-08
423 7.741355e-09
424 4.886375e-09
425 2.983899e-09
426 1.842505e-09
427 1.162867e-09
428 7.537739e-10
429 4.944607e-10
430 3.202129e-10
431 1.999708e-10
432 1.183777e-10
433 6.581821e-11
434 3.432669e-11
435 2.434778e-08
436 1.818155e-08
437 1.277422e-08
438 8.584583e-09
439 5.445983e-09
440 3.321191e-09
441 2.045817e-09
442 1.285193e-09
443 8.302959e-10
444 5.441254e-10
445 3.531345e-10
446 2.215639e-10
447 1.319934e-10
448 7.390657e-11
449 3.880746e-11
450 2.597834e-08
451 1.949839e-08
452 1.374727e-08
453 9.268746e-09
454 5.900032e-09
455 3.595346e-09
456 2.210578e-09
457 1.384512e-09
458 8.922389e-10
459 5.843919e-10
460 3.798271e-10
461 2.390697e-10
462 1.430311e-10
463 8.046397e-11
464 4.244073e-11
465 2.740394e-08
466 2.064787e-08
467 1.459310e-08
468 9.864554e-09
469 6.295826e-09
470 3.834348e-09
471 2.354005e-09
472 1.471007e-09
473 9.462959e-10
474 6.195135e-10
475 4.031007e-10
476 2.543348e-10
477 1.526561e-10
478 8.618116e-11
479 4.560811e-11
480 2.895994e-08
481 2.188935e-08
482 1.550511e-08
483 1.050453e-08
484 6.719479e-09
485 4.089404e-09
486 2.508224e-09
487 1.564075e-09
488 1.004642e-09
489 6.574666e-10
490 4.282499e-10
491 2.707513e-10
492 1.629494e-10
493 9.225228e-11
494 4.895481e-11
495 3.032792e-08
496 2.300181e-08
497 1.633000e-08
498 1.108870e-08
499 7.109070e-09
500 4.324502e-09
501 2.649242e-09
502 1.648696e-09
503 1.057250e-09
504 6.916055e-10
505 4.509029e-10
506 2.856626e-10
507 1.724183e-10
508 9.791995e-11
509 5.211086e-11
510 2.603223e-08
511 1.963286e-08
512 1.389020e-08
513 9.383446e-09
514 6.004717e-09
515 3.666918e-09
516 2.252757e-09
517 1.406894e-09
518 9.036082e-10
519 5.903241e-10
520 3.833406e-10
521 2.415441e-10
522 1.449420e-10
523 8.191094e-11
524 4.344425e-11
525 2.894752e-08
526 2.208435e-08
527 1.574943e-08
528 1.071126e-08
529 6.913260e-09
530 4.229103e-09
531 2.589242e-09
532 1.606490e-09
533 1.025679e-09
534 6.678375e-10
535 4.341290e-10
536 2.749529e-10
537 1.663483e-10
538 9.495670e-11
539 5.089754e-11
540 3.132440e-08
541 2.408488e-08
542 1.726750e-08
543 1.179668e-08
544 7.655803e-09
545 4.689936e-09
546 2.864466e-09
547 1.769985e-09
548 1.125393e-09
549 7.311807e-10
550 4.756052e-10
551 3.022265e-10
552 1.838258e-10
553 1.056147e-10
554 5.699262e-11
555 3.339645e-08
556 2.582976e-08
557 1.859547e-08
558 1.274246e-08
559 8.304444e-09
560 5.092025e-09
561 3.104836e-09
562 1.912625e-09
563 1.212495e-09
564 7.864625e-10
565 5.117901e-10
566 3.260204e-10
567 1.990735e-10
568 1.149139e-10
569 6.231149e-11
570 3.561593e-08
571 2.768195e-08
572 1.999407e-08
573 1.373812e-08
574 8.984143e-09
575 5.512473e-09
576 3.356708e-09
577 2.062807e-09
578 1.304401e-09
579 8.449277e-10
580 5.500596e-10
581 3.511065e-10
582 2.150773e-10
583 1.246254e-10
584 6.784013e-11
585 3.766073e-08
586 2.941461e-08
587 2.131913e-08
588 1.468750e-08
589 9.636078e-09
590 5.917518e-09
591 3.598415e-09
592 2.205664e-09
593 1.391273e-09
594 8.999377e-10
595 5.861038e-10
596 3.748888e-10
597 2.303907e-10
598 1.340108e-10
599 7.323266e-11
600 3.280947e-08
601 2.543974e-08
602 1.835572e-08
603 1.259172e-08
604 8.221711e-09
605 5.062323e-09
606 3.083899e-09
607 1.899143e-09
608 1.201641e-09
609 7.776699e-10
610 5.052039e-10
611 3.216014e-10
612 1.964798e-10
613 1.136193e-10
614 6.178911e-11
615 3.605499e-08
616 2.827210e-08
617 2.058019e-08
618 1.420276e-08
619 9.343660e-09
620 5.783971e-09
621 3.512089e-09
622 2.153126e-09
623 1.353539e-09
624 8.719586e-10
625 5.659110e-10
626 3.613379e-10
627 2.221546e-10
628 1.295709e-10
629 7.114854e-11
630 3.888984e-08
631 3.075256e-08
632 2.252613e-08
633 1.561217e-08
634 1.032766e-08
635 6.416996e-09
636 3.887923e-09
637 2.376053e-09
638 1.486953e-09
639 9.545881e-10
640 6.190936e-10
641 3.961368e-10
642 2.446381e-10
643 1.435438e-10
644 7.935142e-11
645 4.187673e-08
646 3.334204e-08
647 2.454722e-08
648 1.707269e-08
649 1.134157e-08
650 7.067624e-09
651 4.274893e-09
652 2.605952e-09
653 1.625059e-09
654 1.040404e-09
655 6.743485e-10
656 4.322292e-10
657 2.678758e-10
658 1.579216e-10
659 8.775412e-11
660 4.471979e-08
661 3.584791e-08
662 2.652576e-08
663 1.851057e-08
664 1.234739e-08
665 7.717126e-09
666 4.659395e-09
667 2.833740e-09
668 1.760762e-09
669 1.124320e-09
670 7.282909e-10
671 4.675959e-10
672 2.908107e-10
673 1.722359e-10
674 9.619319e-11
675 4.023557e-08
676 3.203450e-08
677 2.361380e-08
678 1.643355e-08
679 1.091424e-08
680 6.823406e-09
681 4.129851e-09
682 2.520413e-09
683 1.570147e-09
684 1.003730e-09
685 6.493902e-10
686 4.155633e-10
687 2.572868e-10
688 1.516570e-10
689 8.434655e-11
690 4.397546e-08
691 3.542498e-08
692 2.636632e-08
693 1.846289e-08
694 1.234624e-08
695 7.775939e-09
696 4.699474e-09
697 2.859128e-09
698 1.769260e-09
699 1.124262e-09
700 7.253839e-10
701 4.647513e-10
702 2.891181e-10
703 1.716934e-10
704 9.636044e-11
705 4.786984e-08
706 3.892114e-08
707 2.918599e-08
708 2.054128e-08
709 1.380719e-08
710 8.744553e-09
711 5.279210e-09
712 3.203909e-09
713 1.972759e-09
714 1.247887e-09
715 8.034073e-10
716 5.152086e-10
717 3.216838e-10
718 1.921165e-10
719 1.085587e-10
720 5.167413e-08
721 4.240042e-08
722 3.202174e-08
723 2.264442e-08
724 1.529395e-08
725 9.738190e-09
726 5.872859e-09
727 3.556469e-09
728 2.179197e-09
729 1.372544e-09
730 8.817895e-10
731 5.659771e-10
732 3.546224e-10
733 2.129245e-10
734 1.210847e-10
735 4.875039e-08
736 3.987610e-08
737 3.008204e-08
738 2.126658e-08
739 1.433999e-08
740 9.133781e-09
741 5.525825e-09
742 3.349234e-09
743 2.054141e-09
744 1.293942e-09
745 8.302469e-10
746 5.317436e-10
747 3.323472e-10
748 1.991020e-10
749 1.130478e-10
750 5.376043e-08
751 4.452592e-08
752 3.397217e-08
753 2.420097e-08
754 1.642439e-08
755 1.055184e-08
756 6.395621e-09
757 3.863788e-09
758 2.354282e-09
759 1.472706e-09
760 9.404920e-10
761 6.019017e-10
762 3.774402e-10
763 2.276026e-10
764 1.303711e-10
765 5.877722e-08
766 4.926678e-08
767 3.797620e-08
768 2.724680e-08
769 1.860071e-08
770 1.204340e-08
771 7.312172e-09
772 4.405104e-09
773 2.667916e-09
774 1.658424e-09
775 1.054450e-09
776 6.743717e-10
777 4.241642e-10
778 2.573052e-10
779 1.485520e-10
780 6.019581e-08
781 5.068240e-08
782 3.928528e-08
783 2.831896e-08
784 1.938517e-08
785 1.260202e-08
786 7.692619e-09
787 4.625938e-09
788 2.797214e-09
789 1.732099e-09
790 1.096898e-09
791 6.995534e-10
792 4.396324e-10
793 2.670033e-10
794 1.546180e-10
795 6.691521e-08
796 5.724833e-08
797 4.505156e-08
798 3.285133e-08
799 2.267280e-08
800 1.489552e-08
801 9.161008e-09
802 5.486880e-09
803 3.297161e-09
804 2.022022e-09
805 1.269948e-09
806 8.067778e-10
807 5.077305e-10
808 3.102464e-10
809 1.813989e-10
810 7.625683e-08
811 6.670471e-08
812 5.373663e-08
813 3.996697e-08
814 2.795246e-08
815 1.862942e-08
816 1.165566e-08
817 6.963958e-09
818 4.160561e-09
819 2.513128e-09
820 1.553973e-09
821 9.768468e-10
822 6.129762e-10
823 3.763415e-10
824 2.225175e-10
825 5.045296e-07
826 3.685079e-07
827 2.730563e-07
828 1.699396e-07
829 1.035311e-07
830 6.133431e-08
831 3.745199e-08
832 2.402802e-08
833 1.622080e-08
834 0.000000e+00
835 0.000000e+00
836 0.000000e+00
837 0.000000e+00
838 0.000000e+00
839 0.000000e+00
840 7.612169e-07
841 5.561371e-07
842 4.125323e-07
843 2.597213e-07
844 1.578344e-07
845 9.338779e-08
846 5.691592e-08
847 3.637867e-08
848 2.449040e-08
849 0.000000e+00
850 0.000000e+00
851 0.000000e+00
852 0.000000e+00
853 0.000000e+00
854 0.000000e+00
855 9.037879e-07
856 6.603711e-07
857 4.900067e-07
858 3.096654e-07
859 1.880214e-07
860 1.112082e-07
861 6.773605e-08
862 4.324164e-08
863 2.908438e-08
864 0.000000e+00
865 0.000000e+00
866 0.000000e+00
867 0.000000e+00
868 0.000000e+00
869 0.000000e+00
870 9.996586e-07
871 7.304600e-07
872 5.421040e-07
873 3.432499e-07
874 2.083219e-07
875 1.231916e-07
876 7.501212e-08
877 4.785704e-08
878 3.217357e-08
879 0.000000e+00
880 0.000000e+00
881 0.000000e+00
882 0.000000e+00
883 0.000000e+00
884 0.000000e+00
885 1.071522e-06
886 7.830019e-07
887 5.811529e-07
888 3.684240e-07
889 2.235391e-07
890 1.321746e-07
891 8.046617e-08
892 5.131659e-08
893 3.448938e-08
894 0.000000e+00
895 0.000000e+00
896 0.000000e+00
897 0.000000e+00
898 0.000000e+00
899 0.000000e+00
900 1.129758e-06
901 8.255772e-07
902 6.127992e-07
903 3.888239e-07
904 2.358694e-07
905 1.394540e-07
906 8.488571e-08
907 5.412014e-08
908 3.636591e-08
909 0.000000e+00
910 0.000000e+00
911 0.000000e+00
912 0.000000e+00
913 0.000000e+00
914 0.000000e+00
915 1.180572e-06
916 8.627259e-07
917 6.404108e-07
918 4.066255e-07
919 2.466295e-07
920 1.458052e-07
921 8.874222e-08
922 5.656624e-08
923 3.800328e-08
924 0.000000e+00
925 0.000000e+00
926 0.000000e+00
927 0.000000e+00
928 0.000000e+00
929 0.000000e+00
930 1.237689e-06
931 9.044823e-07
932 6.714408e-07
933 4.265837e-07
934 2.586992e-07
935 1.529313e-07
936 9.307073e-08
937 5.931383e-08
938 3.984340e-08
939 0.000000e+00
940 0.000000e+00
941 0.000000e+00
942 0.000000e+00
943 0.000000e+00
944 0.000000e+00
945 1.284959e-06
946 9.390467e-07
947 6.971353e-07
948 4.431947e-07
949 2.687326e-07
950 1.588529e-07
951 9.666482e-08
952 6.159120e-08
953 4.136697e-08
954 0.000000e+00
955 0.000000e+00
956 0.000000e+00
957 0.000000e+00
958 0.000000e+00
959 0.000000e+00
960 3.372968e-07
961 2.686197e-07
962 1.948552e-07
963 1.461287e-07
964 9.040193e-08
965 5.534013e-08
966 3.216611e-08
967 1.923365e-08
968 1.205374e-08
969 7.980624e-09
970 0.000000e+00
971 0.000000e+00
972 0.000000e+00
973 0.000000e+00
974 0.000000e+00
975 5.205884e-07
976 4.174504e-07
977 3.031061e-07
978 2.270947e-07
979 1.423289e-07
980 8.678145e-08
981 5.040513e-08
982 3.009937e-08
983 1.879468e-08
984 1.240719e-08
985 0.000000e+00
986 0.000000e+00
987 0.000000e+00
988 0.000000e+00
989 0.000000e+00
990 6.452413e-07
991 5.187480e-07
992 3.768004e-07
993 2.822014e-07
994 1.777216e-07
995 1.081961e-07
996 6.282876e-08
997 3.750069e-08
998 2.338491e-08
999 1.542042e-08
1000 0.000000e+00
1001 0.000000e+00
1002 0.000000e+00
1003 0.000000e+00
1004 0.000000e+00
1005 7.386607e-07
1006 5.946580e-07
1007 4.320227e-07
1008 3.234974e-07
1009 2.042440e-07
1010 1.242428e-07
1011 7.213884e-08
1012 4.304722e-08
1013 2.682456e-08
1014 1.767841e-08
1015 0.000000e+00
1016 0.000000e+00
1017 0.000000e+00
1018 0.000000e+00
1019 0.000000e+00
1020 8.143705e-07
1021 6.561732e-07
1022 4.767756e-07
1023 3.569623e-07
1024 2.257387e-07
1025 1.372484e-07
1026 7.968409e-08
1027 4.754195e-08
1028 2.961231e-08
1029 1.950821e-08
1030 0.000000e+00
1031 0.000000e+00
1032 0.000000e+00
1033 0.000000e+00
1034 0.000000e+00
1035 8.804198e-07
1036 7.098448e-07
1037 5.158248e-07
1038 3.861600e-07
1039 2.444913e-07
1040 1.485948e-07
1041 8.626674e-08
1042 5.146370e-08
1043 3.204447e-08
1044 2.110488e-08
1045 0.000000e+00
1046 0.000000e+00
1047 0.000000e+00
1048 0.000000e+00
1049 0.000000e+00
1050 9.499102e-07
1051 7.662725e-07
1052 5.568691e-07
1053 4.168549e-07
1054 2.641794e-07
1055 1.605134e-07
1056 9.318165e-08
1057 5.558348e-08
1058 3.460047e-08
1059 2.278323e-08
1060 0.000000e+00
1061 0.000000e+00
1062 0.000000e+00
1063 0.000000e+00
1064 0.000000e+00
1065 1.016124e-06
1066 8.201205e-07
1067 5.960472e-07
1068 4.461502e-07
1069 2.830187e-07
1070 1.719085e-07
1071 9.979158e-08
1072 5.952110e-08
1073 3.704140e-08
1074 2.438509e-08
1075 0.000000e+00
1076 0.000000e+00
1077 0.000000e+00
1078 0.000000e+00
1079 0.000000e+00
1080 1.984769e-07
1081 1.805054e-07
1082 1.390626e-07
1083 1.005638e-07
1084 7.535658e-08
1085 4.355828e-08
1086 2.669632e-08
1087 1.539246e-08
1088 9.102372e-09
1089 5.663000e-09
1090 0.000000e+00
1091 0.000000e+00
1092 0.000000e+00
1093 0.000000e+00
1094 0.000000e+00
1095 3.308060e-07
1096 3.021926e-07
1097 2.337751e-07
1098 1.689491e-07
1099 1.267877e-07
1100 7.370139e-08
1101 4.529041e-08
1102 2.605091e-08
1103 1.534985e-08
1104 9.527766e-09
1105 0.000000e+00
1106 0.000000e+00
1107 0.000000e+00
1108 0.000000e+00
1109 0.000000e+00
1110 4.310843e-07
1111 3.944541e-07
1112 3.056173e-07
1113 2.208197e-07
1114 1.658006e-07
1115 9.658482e-08
1116 5.940740e-08
1117 3.414170e-08
1118 2.009058e-08
1119 1.245965e-08
1120 0.000000e+00
1121 0.000000e+00
1122 0.000000e+00
1123 0.000000e+00
1124 0.000000e+00
1125 5.123107e-07
1126 4.691797e-07
1127 3.638055e-07
1128 2.628328e-07
1129 1.973981e-07
1130 1.151185e-07
1131 7.084122e-08
1132 4.069472e-08
1133 2.393016e-08
1134 1.483433e-08
1135 0.000000e+00
1136 0.000000e+00
1137 0.000000e+00
1138 0.000000e+00
1139 0.000000e+00
1140 5.831716e-07
1141 5.343765e-07
1142 4.145714e-07
1143 2.994870e-07
1144 2.249664e-07
1145 1.312884e-07
1146 8.081696e-08
1147 4.641204e-08
1148 2.728008e-08
1149 1.690607e-08
1150 0.000000e+00
1151 0.000000e+00
1152 0.000000e+00
1153 0.000000e+00
1154 0.000000e+00
1155 6.550929e-07
1156 6.005294e-07
1157 4.660729e-07
1158 3.366729e-07
1159 2.529325e-07
1160 1.476871e-07
1161 9.093212e-08
1162 5.221002e-08
1163 3.067791e-08
1164 1.900767e-08
1165 0.000000e+00
1166 0.000000e+00
1167 0.000000e+00
1168 0.000000e+00
1169 0.000000e+00
1170 7.287679e-07
1171 6.683259e-07
1172 5.188754e-07
1173 3.747966e-07
1174 2.816068e-07
1175 1.645114e-07
1176 1.013125e-07
1177 5.815847e-08
1178 3.416286e-08
1179 2.116270e-08
1180 0.000000e+00
1181 0.000000e+00
1182 0.000000e+00
1183 0.000000e+00
1184 0.000000e+00
1185 1.319509e-07
1186 1.302430e-07
1187 1.095210e-07
1188 8.000286e-08
1189 5.943387e-08
1190 4.039352e-08
1191 2.383730e-08
1192 1.358122e-08
1193 7.851249e-09
1194 4.639528e-09
1195 2.906250e-09
1196 0.000000e+00
1197 0.000000e+00
1198 0.000000e+00
1199 0.000000e+00
1200 2.314940e-07
1201 2.291585e-07
1202 1.934335e-07
1203 1.415503e-07
1204 1.049820e-07
1205 7.186148e-08
1206 4.219386e-08
1207 2.407428e-08
1208 1.393630e-08
1209 8.220325e-09
1210 5.138498e-09
1211 0.000000e+00
1212 0.000000e+00
1213 0.000000e+00
1214 0.000000e+00
1215 3.127662e-07
1216 3.099409e-07
1217 2.619884e-07
1218 1.918435e-07
1219 1.421955e-07
1220 9.758494e-08
1221 5.719387e-08
1222 3.265006e-08
1223 1.890953e-08
1224 1.114659e-08
1225 6.962465e-09
1226 0.000000e+00
1227 0.000000e+00
1228 0.000000e+00
1229 0.000000e+00
1230 3.836152e-07
1231 3.803623e-07
1232 3.217460e-07
1233 2.356824e-07
1234 1.746331e-07
1235 1.200091e-07
1236 7.026904e-08
1237 4.012569e-08
1238 2.324477e-08
1239 1.369750e-08
1240 8.552335e-09
1241 0.000000e+00
1242 0.000000e+00
1243 0.000000e+00
1244 0.000000e+00
1245 4.540762e-07
1246 4.503855e-07
1247 3.811630e-07
1248 2.792684e-07
1249 2.068863e-07
1250 1.422994e-07
1251 8.326884e-08
1252 4.755785e-08
1253 2.755460e-08
1254 1.623355e-08
1255 1.013311e-08
1256 0.000000e+00
1257 0.000000e+00
1258 0.000000e+00
1259 0.000000e+00
1260 5.291852e-07
1261 5.250472e-07
1262 4.445305e-07
1263 3.257597e-07
1264 2.412841e-07
1265 1.660815e-07
1266 9.713500e-08
1267 5.548550e-08
1268 3.215218e-08
1269 1.893869e-08
1270 1.181912e-08
1271 0.000000e+00
1272 0.000000e+00
1273 0.000000e+00
1274 0.000000e+00
1275 9.498844e-08
1276 9.890389e-08
1277 8.950017e-08
1278 6.846902e-08
1279 4.949265e-08
1280 3.707254e-08
1281 2.094644e-08
1282 1.264975e-08
1283 7.147655e-09
1284 4.128472e-09
1285 2.471642e-09
1286 0.000000e+00
1287 0.000000e+00
1288 0.000000e+00
1289 0.000000e+00
1290 1.738803e-07
1291 1.814332e-07
1292 1.647033e-07
1293 1.263525e-07
1294 9.127440e-08
1295 6.847768e-08
1296 3.880437e-08
1297 2.351238e-08
1298 1.325521e-08
1299 7.637274e-09
1300 4.563107e-09
1301 0.000000e+00
1302 0.000000e+00
1303 0.000000e+00
1304 0.000000e+00
1305 2.428739e-07
1306 2.536185e-07
1307 2.304925e-07
1308 1.769994e-07
1309 1.278322e-07
1310 9.595786e-08
1311 5.443543e-08
1312 3.302206e-08
1313 1.860146e-08
1314 1.070796e-08
1315 6.393208e-09
1316 0.000000e+00
1317 0.000000e+00
1318 0.000000e+00
1319 0.000000e+00
1320 3.104878e-07
1321 3.243546e-07
1322 2.949566e-07
1323 2.266242e-07
1324 1.636526e-07
1325 1.228823e-07
1326 6.974853e-08
1327 4.233753e-08
1328 2.383883e-08
1329 1.371629e-08
1330 8.186306e-09
1331 0.000000e+00
1332 0.000000e+00
1333 0.000000e+00
1334 0.000000e+00
1335 3.845290e-07
1336 4.018226e-07
1337 3.655659e-07
1338 2.809832e-07
1339 2.028882e-07
1340 1.523765e-07
1341 8.652565e-08
1342 5.254543e-08
1343 2.957723e-08
1344 1.701209e-08
1345 1.015053e-08
1346 0.000000e+00
1347 0.000000e+00
1348 0.000000e+00
1349 0.000000e+00
1350 7.277035e-08
1351 7.876686e-08
1352 7.553143e-08
1353 6.120821e-08
1354 4.415764e-08
1355 3.328902e-08
1356 2.079413e-08
1357 1.274942e-08
1358 7.078093e-09
1359 3.897504e-09
1360 2.252642e-09
1361 1.369944e-09
1362 0.000000e+00
1363 0.000000e+00
1364 0.000000e+00
1365 1.388473e-07
1366 1.505392e-07
1367 1.447232e-07
1368 1.176320e-07
1369 8.491967e-08
1370 6.395578e-08
1371 4.022587e-08
1372 2.458999e-08
1373 1.365445e-08
1374 7.522623e-09
1375 4.337736e-09
1376 2.632140e-09
1377 0.000000e+00
1378 0.000000e+00
1379 0.000000e+00
1380 2.028383e-07
1381 2.200477e-07
1382 2.117367e-07
1383 1.722821e-07
1384 1.244023e-07
1385 9.365847e-08
1386 5.904957e-08
1387 3.605893e-08
1388 2.002448e-08
1389 1.103431e-08
1390 6.357416e-09
1391 3.854666e-09
1392 0.000000e+00
1393 0.000000e+00
1394 0.000000e+00
1395 2.743100e-07
1396 2.976862e-07
1397 2.865928e-07
1398 2.333338e-07
1399 1.685102e-07
1400 1.268399e-07
1401 8.008277e-08
1402 4.887271e-08
1403 2.714147e-08
1404 1.495778e-08
1405 8.613791e-09
1406 5.220389e-09
1407 0.000000e+00
1408 0.000000e+00
1409 0.000000e+00
1410 5.925798e-08
1411 6.613522e-08
1412 6.643866e-08
1413 5.706781e-08
1414 4.206394e-08
1415 3.098181e-08
1416 2.182573e-08
1417 1.245298e-08
1418 7.010664e-09
1419 3.967035e-09
1420 2.206624e-09
1421 1.286942e-09
1422 0.000000e+00
1423 0.000000e+00
1424 0.000000e+00
1425 1.191265e-07
1426 1.331412e-07
1427 1.340426e-07
1428 1.154806e-07
1429 8.526650e-08
1430 6.272211e-08
1431 4.439905e-08
1432 2.524813e-08
1433 1.424518e-08
1434 8.059483e-09
1435 4.480575e-09
1436 2.607910e-09
1437 0.000000e+00
1438 0.000000e+00
1439 0.000000e+00
1440 1.868004e-07
1441 2.088877e-07
1442 2.104706e-07
1443 1.815240e-07
1444 1.341158e-07
1445 9.860912e-08
1446 6.992559e-08
1447 3.971590e-08
1448 2.242629e-08
1449 1.268719e-08
1450 7.051957e-09
1451 4.101515e-09
1452 0.000000e+00
1453 0.000000e+00
1454 0.000000e+00
1455 5.201908e-08
1456 5.961233e-08
1457 6.231017e-08
1458 5.661527e-08
1459 4.341765e-08
1460 3.135867e-08
1461 2.355363e-08
1462 1.320492e-08
1463 7.898548e-09
1464 4.327429e-09
1465 2.385616e-09
1466 1.332036e-09
1467 0.000000e+00
1468 0.000000e+00
1469 0.000000e+00
1470 1.147254e-07
1471 1.316443e-07
1472 1.378704e-07
1473 1.256329e-07
1474 9.659756e-08
1475 6.972867e-08
1476 5.244599e-08
1477 2.949244e-08
1478 1.770232e-08
1479 9.680369e-09
1480 5.323839e-09
1481 2.966536e-09
1482 0.000000e+00
1483 0.000000e+00
1484 0.000000e+00
1485 5.389390e-08
1486 6.332859e-08
1487 6.866636e-08
1488 6.592334e-08
1489 5.345343e-08
1490 3.856990e-08
1491 2.909673e-08
1492 1.809285e-08
1493 1.101061e-08
1494 5.975055e-09
1495 3.147121e-09
1496 1.697931e-09
1497 9.455342e-10
1498 0.000000e+00
1499 0.000000e+00
1500 1.109684e-04
1501 8.086786e-05
1502 6.035546e-05
1503 3.805236e-05
1504 2.321989e-05
1505 1.369104e-05
1506 8.324421e-06
1507 5.304277e-06
1508 3.565556e-06
1509 0.000000e+00
1510 0.000000e+00
1511 0.000000e+00
1512 0.000000e+00
1513 0.000000e+00
1514 0.000000e+00
1515 5.757601e-05
1516 4.644359e-05
1517 3.369791e-05
1518 2.528332e-05
1519 1.597668e-05
1520 9.754545e-06
1521 5.648866e-06
1522 3.364481e-06
1523 2.093966e-06
1524 1.379138e-06
1525 0.000000e+00
1526 0.000000e+00
1527 0.000000e+00
1528 0.000000e+00
1529 0.000000e+00
1530 4.047788e-05
1531 3.713775e-05
1532 2.882267e-05
1533 2.080348e-05
1534 1.566222e-05
1535 9.111532e-06
1536 5.625604e-06
1537 3.225263e-06
1538 1.896511e-06
1539 1.174730e-06
1540 0.000000e+00
1541 0.000000e+00
1542 0.000000e+00
1543 0.000000e+00
1544 0.000000e+00
1545 2.912801e-05
1546 2.891312e-05
1547 2.448503e-05
1548 1.793535e-05
1549 1.328396e-05
1550 9.154542e-06
1551 5.351144e-06
1552 3.053081e-06
1553 1.771954e-06
1554 1.042590e-06
1555 6.506122e-07
1556 0.000000e+00
1557 0.000000e+00
1558 0.000000e+00
1559 0.000000e+00
1560 2.085098e-05
1561 2.179680e-05
1562 1.983793e-05
1563 1.524768e-05
1564 1.100576e-05
1565 8.274949e-06
1566 4.689296e-06
1567 2.850415e-06
1568 1.602925e-06
1569 9.233707e-07
1570 5.506294e-07
1571 0.000000e+00
1572 0.000000e+00
1573 0.000000e+00
1574 0.000000e+00
1575 1.487210e-05
1576 1.614453e-05
1577 1.554949e-05
1578 1.266314e-05
1579 9.143013e-06
1580 6.883420e-06
1581 4.347301e-06
1582 2.655947e-06
1583 1.474901e-06
1584 8.112783e-07
1585 4.673052e-07
1586 2.832009e-07
1587 0.000000e+00
1588 0.000000e+00
1589 0.000000e+00
1590 1.001028e-05
1591 1.119728e-05
1592 1.128693e-05
1593 9.739022e-06
1594 7.195644e-06
1595 5.289411e-06
1596 3.755371e-06
1597 2.130464e-06
1598 1.202339e-06
1599 6.811759e-07
1600 3.783133e-07
1601 2.200058e-07
1602 0.000000e+00
1603 0.000000e+00
1604 0.000000e+00
1605 6.201116e-06
1606 7.118100e-06
1607 7.458527e-06
1608 6.801106e-06
1609 5.231433e-06
1610 3.775220e-06
1611 2.841823e-06
1612 1.597077e-06
1613 9.596537e-07
1614 5.242846e-07
1615 2.885232e-07
1616 1.606418e-07
1617 0.000000e+00
1618 0.000000e+00
1619 0.000000e+00
1620 3.163407e-06
1621 3.720115e-06
1622 4.038202e-06
1623 3.883392e-06
1624 3.154630e-06
1625 2.276770e-06
1626 1.716871e-06
1627 1.071974e-06
1628 6.518364e-07
1629 3.538249e-07
1630 1.861971e-07
1631 1.003484e-07
1632 5.578990e-08
1633 0.000000e+00
1634 0.000000e+00
1635 8.891198e-07
1636 1.072208e-06
1637 1.206146e-06
1638 1.224576e-06
1639 1.066696e-06
1640 7.933436e-07
1641 5.815894e-07
1642 4.169104e-07
1643 2.343421e-07
1644 1.314261e-07
1645 7.164692e-08
1646 3.730540e-08
1647 1.958823e-08
1648 0.000000e+00
1649 0.000000e+00
