0 2.239283e-09
1 1.455533e-09
2 9.154900e-10
3 5.766149e-10
4 3.705974e-10
5 2.438338e-10
6 1.621494e-10
7 1.065014e-10
8 6.749589e-11
9 4.054899e-11
10 2.286460e-11
11 1.208375e-11
12 6.025699e-12
13 2.867464e-12
14 1.318500e-12
15 3.787549e-09
16 2.519494e-09
17 1.601715e-09
18 9.984128e-10
19 6.313065e-10
20 4.088017e-10
21 2.704336e-10
22 1.793309e-10
23 1.162803e-10
24 7.213670e-11
25 4.216464e-11
26 2.307772e-11
27 1.185657e-11
28 5.771623e-12
29 2.695076e-12
30 4.342079e-09
31 2.908223e-09
32 1.859168e-09
33 1.157778e-09
34 7.290477e-10
35 4.695776e-10
36 3.096099e-10
37 2.054740e-10
38 1.338724e-10
39 8.371104e-11
40 4.942619e-11
41 2.734247e-11
42 1.418274e-11
43 6.957799e-12
44 3.266783e-12
45 4.638858e-09
46 3.116657e-09
47 1.997444e-09
48 1.243413e-09
49 7.815194e-10
50 5.021585e-10
51 3.306359e-10
52 2.194358e-10
53 1.432890e-10
54 8.991659e-11
55 5.332205e-11
56 2.962972e-11
57 1.543629e-11
58 7.598162e-12
59 3.576086e-12
60 4.853335e-09
61 3.266998e-09
62 2.096787e-09
63 1.304991e-09
64 8.192994e-10
65 5.257495e-10
66 3.458599e-10
67 2.295835e-10
68 1.500780e-10
69 9.438862e-11
70 5.613084e-11
71 3.127916e-11
72 1.633134e-11
73 8.053506e-12
74 3.796444e-12
75 5.007511e-09
76 3.374888e-09
77 2.168448e-09
78 1.349264e-09
79 8.464857e-10
80 5.426867e-10
81 3.567655e-10
82 2.368458e-10
83 1.550017e-10
84 9.762804e-11
85 5.814573e-11
86 3.246047e-11
87 1.697965e-11
88 8.384606e-12
89 3.955579e-12
90 5.132240e-09
91 3.462623e-09
92 2.226481e-09
93 1.385482e-09
94 8.686438e-10
95 5.564066e-10
96 3.656396e-10
97 2.427588e-10
98 1.589874e-10
99 1.002445e-10
100 5.979645e-11
101 3.342868e-11
102 1.750717e-11
103 8.653623e-12
104 4.085519e-12
105 5.242984e-09
106 3.539923e-09
107 2.278078e-09
108 1.417381e-09
109 8.881268e-10
110 5.685461e-10
111 3.734452e-10
112 2.479670e-10
113 1.624197e-10
114 1.025101e-10
115 6.121272e-11
116 3.427470e-11
117 1.797275e-11
118 8.895432e-12
119 4.198811e-12
120 5.346214e-09
121 3.612655e-09
122 2.326306e-09
123 1.447152e-09
124 9.063950e-10
125 5.798727e-10
126 3.807154e-10
127 2.528374e-10
128 1.657544e-10
129 1.047036e-10
130 6.259994e-11
131 3.507368e-11
132 1.840630e-11
133 9.112549e-12
134 4.307071e-12
135 5.465026e-09
136 3.695566e-09
137 2.381899e-09
138 1.481635e-09
139 9.274978e-10
140 5.930549e-10
141 3.892293e-10
142 2.584291e-10
143 1.695585e-10
144 1.072277e-10
145 6.417444e-11
146 3.599921e-11
147 1.891217e-11
148 9.368850e-12
149 4.430625e-12
150 7.897741e-09
151 5.437620e-09
152 3.571695e-09
153 2.231192e-09
154 1.383556e-09
155 8.722586e-10
156 5.656599e-10
157 3.743331e-10
158 2.474932e-10
159 1.593306e-10
160 9.772101e-11
161 5.632162e-11
162 3.035867e-11
163 1.536683e-11
164 7.383047e-12
165 9.982360e-09
166 6.960126e-09
167 4.637853e-09
168 2.927563e-09
169 1.806113e-09
170 1.129340e-09
171 7.244565e-10
172 4.763086e-10
173 3.153733e-10
174 2.049128e-10
175 1.276442e-10
176 7.499563e-11
177 4.123910e-11
178 2.125408e-11
179 1.035614e-11
180 1.117463e-08
181 7.836468e-09
182 5.252973e-09
183 3.333228e-09
184 2.053240e-09
185 1.279762e-09
186 8.167394e-10
187 5.352793e-10
188 3.544462e-10
189 2.311613e-10
190 1.449273e-10
191 8.583495e-11
192 4.760607e-11
193 2.472924e-11
194 1.212698e-11
195 1.201572e-08
196 8.454453e-09
197 5.686229e-09
198 3.618658e-09
199 2.227448e-09
200 1.385684e-09
201 8.817806e-10
202 5.769677e-10
203 3.820390e-10
204 2.496648e-10
205 1.570855e-10
206 9.345684e-11
207 5.207776e-11
208 2.716658e-11
209 1.336755e-11
210 1.262885e-08
211 8.905341e-09
212 6.003617e-09
213 3.826892e-09
214 2.354846e-09
215 1.463135e-09
216 9.293769e-10
217 6.073261e-10
218 4.021278e-10
219 2.631413e-10
220 1.659441e-10
221 9.902556e-11
222 5.534772e-11
223 2.895019e-11
224 1.427777e-11
225 1.312749e-08
226 9.271101e-09
227 6.259592e-09
228 3.996641e-09
229 2.457872e-09
230 1.525899e-09
231 9.678551e-10
232 6.319733e-10
233 4.184569e-10
234 2.740839e-10
235 1.731493e-10
236 1.035274e-10
237 5.798900e-11
238 3.039424e-11
239 1.501285e-11
240 1.356282e-08
241 9.591428e-09
242 6.485027e-09
243 4.145359e-09
244 2.548869e-09
245 1.581177e-09
246 1.001681e-09
247 6.534970e-10
248 4.328090e-10
249 2.837100e-10
250 1.794815e-10
251 1.074979e-10
252 6.032522e-11
253 3.166866e-11
254 1.566187e-11
255 1.397251e-08
256 9.892493e-09
257 6.696874e-09
258 4.285271e-09
259 2.633776e-09
260 1.632773e-09
261 1.033417e-09
262 6.737595e-10
263 4.462506e-10
264 2.927225e-10
265 1.854115e-10
266 1.112241e-10
267 6.251045e-11
268 3.285781e-11
269 1.626692e-11
270 1.445182e-08
271 1.024469e-08
272 6.943935e-09
273 4.447684e-09
274 2.732751e-09
275 1.693438e-09
276 1.070805e-09
277 6.976144e-10
278 4.619427e-10
279 3.032567e-10
280 1.923576e-10
281 1.155821e-10
282 6.506189e-11
283 3.425245e-11
284 1.697737e-11
285 1.364293e-08
286 9.706384e-09
287 6.592455e-09
288 4.253885e-09
289 2.621671e-09
290 1.623704e-09
291 1.023731e-09
292 6.640948e-10
293 4.380956e-10
294 2.871324e-10
295 1.823093e-10
296 1.099617e-10
297 6.227975e-11
298 3.302466e-11
299 1.648034e-11
300 1.601986e-08
301 1.152787e-08
302 7.900967e-09
303 5.156473e-09
304 3.190099e-09
305 1.966029e-09
306 1.229854e-09
307 7.916402e-10
308 5.203096e-10
309 3.417926e-10
310 2.187241e-10
311 1.335127e-10
312 7.670390e-11
313 4.126869e-11
314 2.086100e-11
315 1.770936e-08
316 1.282778e-08
317 8.835768e-09
318 5.802609e-09
319 3.599639e-09
320 2.212077e-09
321 1.378515e-09
322 8.834838e-10
323 5.793243e-10
324 3.809038e-10
325 2.447330e-10
326 1.503324e-10
327 8.701899e-11
328 4.717802e-11
329 2.401122e-11
330 1.895558e-08
331 1.378752e-08
332 9.524355e-09
333 6.277669e-09
334 3.901884e-09
335 2.393836e-09
336 1.488090e-09
337 9.511828e-10
338 6.229146e-10
339 4.097468e-10
340 2.639099e-10
341 1.627441e-10
342 9.464095e-11
343 5.155096e-11
344 2.634467e-11
345 1.996501e-08
346 1.456492e-08
347 1.008513e-08
348 6.665694e-09
349 4.147065e-09
350 2.541332e-09
351 1.576923e-09
352 1.006051e-09
353 6.580891e-10
354 4.330837e-10
355 2.794627e-10
356 1.728103e-10
357 1.008184e-10
358 5.509578e-11
359 2.823642e-11
360 2.085260e-08
361 1.524886e-08
362 1.057768e-08
363 7.004683e-09
364 4.362199e-09
365 2.670950e-09
366 1.654940e-09
367 1.054224e-09
368 6.890443e-10
369 4.536252e-10
370 2.931176e-10
371 1.816484e-10
372 1.062444e-10
373 5.820565e-11
374 2.989548e-11
375 2.167962e-08
376 1.588575e-08
377 1.103550e-08
378 7.321822e-09
379 4.562769e-09
380 2.791763e-09
381 1.727814e-09
382 1.099175e-09
383 7.179426e-10
384 4.727848e-10
385 3.058789e-10
386 1.899049e-10
387 1.113114e-10
388 6.111121e-11
389 3.144553e-11
390 2.265421e-08
391 1.663722e-08
392 1.157573e-08
393 7.695205e-09
394 4.799837e-09
395 2.934827e-09
396 1.814036e-09
397 1.152430e-09
398 7.520358e-10
399 4.954251e-10
400 3.209417e-10
401 1.996568e-10
402 1.172996e-10
403 6.454040e-11
404 3.327615e-11
405 1.958624e-08
406 1.435318e-08
407 9.960720e-09
408 6.603138e-09
409 4.132774e-09
410 2.530965e-09
411 1.569563e-09
412 9.979720e-10
413 6.505530e-10
414 4.272652e-10
415 2.756574e-10
416 1.707905e-10
417 1.000308e-10
418 5.495849e-11
419 2.833378e-11
420 2.228144e-08
421 1.651944e-08
422 1.155401e-08
423 7.723649e-09
424 4.875690e-09
425 2.977833e-09
426 1.838700e-09
427 1.160367e-09
428 7.521256e-10
429 4.933341e-10
430 3.194681e-10
431 1.995038e-10
432 1.181058e-10
433 6.567110e-11
434 3.425341e-11
435 2.429006e-08
436 1.814474e-08
437 1.275010e-08
438 8.568627e-09
439 5.436753e-09
440 3.316109e-09
441 2.042729e-09
442 1.283056e-09
443 8.288595e-10
444 5.431060e-10
445 3.524507e-10
446 2.211339e-10
447 1.317472e-10
448 7.377945e-11
449 3.874853e-11
450 2.592993e-08
451 1.946353e-08
452 1.372445e-08
453 9.255430e-09
454 5.892248e-09
455 3.591507e-09
456 2.208076e-09
457 1.382800e-09
458 8.909061e-10
459 5.834815e-10
460 3.792062e-10
461 2.386799e-10
462 1.428127e-10
463 8.035529e-11
464 4.239449e-11
465 2.736496e-08
466 2.062425e-08
467 1.458024e-08
468 9.856847e-09
469 6.292574e-09
470 3.833446e-09
471 2.353261e-09
472 1.470281e-09
473 9.456480e-10
474 6.189861e-10
475 4.027245e-10
476 2.541014e-10
477 1.525394e-10
478 8.613754e-11
479 4.560107e-11
480 2.870248e-08
481 2.170103e-08
482 1.537705e-08
483 1.041773e-08
484 6.666068e-09
485 4.058446e-09
486 2.488873e-09
487 1.551733e-09
488 9.965243e-10
489 6.520309e-10
490 4.246482e-10
491 2.684790e-10
492 1.616044e-10
493 9.151934e-11
494 4.858308e-11
495 3.028054e-08
496 2.297410e-08
497 1.631532e-08
498 1.107991e-08
499 7.105591e-09
500 4.323779e-09
501 2.648502e-09
502 1.647963e-09
503 1.056551e-09
504 6.910036e-10
505 4.504626e-10
506 2.853904e-10
507 1.722812e-10
508 9.786958e-11
509 5.210385e-11
510 2.601020e-08
511 1.961535e-08
512 1.387798e-08
513 9.374723e-09
514 5.998714e-09
515 3.663825e-09
516 2.250818e-09
517 1.405670e-09
518 9.028650e-10
519 5.898143e-10
520 3.829968e-10
521 2.413169e-10
522 1.448001e-10
523 8.182672e-11
524 4.339821e-11
525 2.892529e-08
526 2.206671e-08
527 1.573707e-08
528 1.070191e-08
529 6.907514e-09
530 4.226012e-09
531 2.587439e-09
532 1.605326e-09
533 1.024976e-09
534 6.673407e-10
535 4.337881e-10
536 2.747227e-10
537 1.662032e-10
538 9.487212e-11
539 5.085234e-11
540 3.130603e-08
541 2.407127e-08
542 1.725918e-08
543 1.179105e-08
544 7.652694e-09
545 4.689132e-09
546 2.863626e-09
547 1.769513e-09
548 1.124954e-09
549 7.308892e-10
550 4.753829e-10
551 3.020700e-10
552 1.837285e-10
553 1.055617e-10
554 5.696822e-11
555 3.339520e-08
556 2.583132e-08
557 1.859753e-08
558 1.274551e-08
559 8.307034e-09
560 5.094554e-09
561 3.106261e-09
562 1.913762e-09
563 1.212977e-09
564 7.866788e-10
565 5.118925e-10
566 3.260739e-10
567 1.991115e-10
568 1.149443e-10
569 6.233596e-11
570 3.534710e-08
571 2.747623e-08
572 1.984874e-08
573 1.363915e-08
574 8.919898e-09
575 5.474683e-09
576 3.333451e-09
577 2.048525e-09
578 1.295234e-09
579 8.388907e-10
580 5.460744e-10
581 3.485443e-10
582 2.135104e-10
583 1.237278e-10
584 6.736180e-11
585 3.765222e-08
586 2.941355e-08
587 2.132138e-08
588 1.469048e-08
589 9.638664e-09
590 5.920940e-09
591 3.600202e-09
592 2.206832e-09
593 1.391825e-09
594 9.001655e-10
595 5.861842e-10
596 3.749205e-10
597 2.304152e-10
598 1.340384e-10
599 7.326052e-11
600 3.277949e-08
601 2.540939e-08
602 1.833594e-08
603 1.257666e-08
604 8.211203e-09
605 5.055460e-09
606 3.080200e-09
607 1.896842e-09
608 1.200209e-09
609 7.767835e-10
610 5.046234e-10
611 3.212157e-10
612 1.962317e-10
613 1.134674e-10
614 6.170182e-11
615 3.602067e-08
616 2.824238e-08
617 2.055616e-08
618 1.418663e-08
619 9.332998e-09
620 5.777142e-09
621 3.508191e-09
622 2.150777e-09
623 1.352115e-09
624 8.710547e-10
625 5.653133e-10
626 3.609384e-10
627 2.218959e-10
628 1.294119e-10
629 7.105737e-11
630 3.887750e-08
631 3.074278e-08
632 2.252010e-08
633 1.560834e-08
634 1.032528e-08
635 6.415811e-09
636 3.887451e-09
637 2.375744e-09
638 1.486821e-09
639 9.544425e-10
640 6.189524e-10
641 3.960308e-10
642 2.445683e-10
643 1.435024e-10
644 7.933050e-11
645 4.154390e-08
646 3.307711e-08
647 2.435320e-08
648 1.693827e-08
649 1.125220e-08
650 7.012645e-09
651 4.241477e-09
652 2.586109e-09
653 1.612502e-09
654 1.032323e-09
655 6.690627e-10
656 4.288134e-10
657 2.657465e-10
658 1.566641e-10
659 8.705725e-11
660 4.469144e-08
661 3.582522e-08
662 2.651153e-08
663 1.850184e-08
664 1.234152e-08
665 7.714429e-09
666 4.658148e-09
667 2.833085e-09
668 1.760252e-09
669 1.123902e-09
670 7.279590e-10
671 4.673507e-10
672 2.906465e-10
673 1.721384e-10
674 9.614272e-11
675 4.019130e-08
676 3.199724e-08
677 2.358193e-08
678 1.640951e-08
679 1.089842e-08
680 6.812618e-09
681 4.123759e-09
682 2.516703e-09
683 1.567923e-09
684 1.002373e-09
685 6.485240e-10
686 4.149740e-10
687 2.569033e-10
688 1.514162e-10
689 8.420942e-11
690 4.396137e-08
691 3.540620e-08
692 2.635335e-08
693 1.845345e-08
694 1.234018e-08
695 7.771648e-09
696 4.697206e-09
697 2.857555e-09
698 1.768444e-09
699 1.123777e-09
700 7.250430e-10
701 4.645220e-10
702 2.889680e-10
703 1.715985e-10
704 9.630459e-11
705 4.747871e-08
706 3.859969e-08
707 2.894366e-08
708 2.037089e-08
709 1.369169e-08
710 8.671305e-09
711 5.235313e-09
712 3.177239e-09
713 1.956470e-09
714 1.237570e-09
715 7.967733e-10
716 5.109322e-10
717 3.189944e-10
718 1.904987e-10
719 1.076385e-10
720 5.162805e-08
721 4.235972e-08
722 3.198704e-08
723 2.262263e-08
724 1.527854e-08
725 9.728384e-09
726 5.867739e-09
727 3.553201e-09
728 2.177297e-09
729 1.371353e-09
730 8.809986e-10
731 5.654398e-10
732 3.542646e-10
733 2.126980e-10
734 1.209512e-10
735 4.877036e-08
736 3.988855e-08
737 3.009462e-08
738 2.127621e-08
739 1.434717e-08
740 9.138570e-09
741 5.529212e-09
742 3.350879e-09
743 2.055238e-09
744 1.294555e-09
745 8.306219e-10
746 5.319753e-10
747 3.324956e-10
748 1.991956e-10
749 1.131058e-10
750 5.335755e-08
751 4.419157e-08
752 3.371745e-08
753 2.401953e-08
754 1.630148e-08
755 1.047299e-08
756 6.348209e-09
757 3.834971e-09
758 2.336828e-09
759 1.461740e-09
760 9.334717e-10
761 5.973964e-10
762 3.746054e-10
763 2.258899e-10
764 1.293895e-10
765 5.876749e-08
766 4.926275e-08
767 3.797193e-08
768 2.724598e-08
769 1.860201e-08
770 1.204485e-08
771 7.313927e-09
772 4.406006e-09
773 2.668476e-09
774 1.658681e-09
775 1.054550e-09
776 6.743973e-10
777 4.241660e-10
778 2.573045e-10
779 1.485547e-10
780 5.925943e-08
781 4.988531e-08
782 3.866146e-08
783 2.786560e-08
784 1.907339e-08
785 1.239801e-08
786 7.567596e-09
787 4.550830e-09
788 2.752100e-09
789 1.704296e-09
790 1.079383e-09
791 6.884061e-10
792 4.326154e-10
793 2.627231e-10
794 1.521232e-10
795 6.635384e-08
796 5.675883e-08
797 4.465945e-08
798 3.256246e-08
799 2.247139e-08
800 1.476165e-08
801 9.078054e-09
802 5.437483e-09
803 3.267687e-09
804 2.004127e-09
805 1.258803e-09
806 7.997241e-10
807 5.032816e-10
808 3.075077e-10
809 1.797798e-10
810 7.616005e-08
811 6.660727e-08
812 5.364754e-08
813 3.989409e-08
814 2.789840e-08
815 1.859124e-08
816 1.163015e-08
817 6.948829e-09
818 4.151700e-09
819 2.508084e-09
820 1.551055e-09
821 9.751002e-10
822 6.118969e-10
823 3.756651e-10
824 2.220976e-10
825 5.054547e-07
826 3.691881e-07
827 2.735603e-07
828 1.702872e-07
829 1.037365e-07
830 6.145549e-08
831 3.752494e-08
832 2.407354e-08
833 1.625080e-08
834 0.000000e+00
835 0.000000e+00
836 0.000000e+00
837 0.000000e+00
838 0.000000e+00
839 0.000000e+00
840 7.609683e-07
841 5.559554e-07
842 4.123972e-07
843 2.596342e-07
844 1.577818e-07
845 9.335670e-08
846 5.689704e-08
847 3.636670e-08
848 2.448238e-08
849 0.000000e+00
850 0.000000e+00
851 0.000000e+00
852 0.000000e+00
853 0.000000e+00
854 0.000000e+00
855 9.016549e-07
856 6.588124e-07
857 4.888498e-07
858 3.089321e-07
859 1.875765e-07
860 1.109451e-07
861 6.757589e-08
862 4.313950e-08
863 2.901573e-08
864 0.000000e+00
865 0.000000e+00
866 0.000000e+00
867 0.000000e+00
868 0.000000e+00
869 0.000000e+00
870 9.993278e-07
871 7.302182e-07
872 5.419243e-07
873 3.431341e-07
874 2.082519e-07
875 1.231503e-07
876 7.498702e-08
877 4.784112e-08
878 3.216291e-08
879 0.000000e+00
880 0.000000e+00
881 0.000000e+00
882 0.000000e+00
883 0.000000e+00
884 0.000000e+00
885 1.071193e-06
886 7.827614e-07
887 5.809742e-07
888 3.683088e-07
889 2.234694e-07
890 1.321335e-07
891 8.044121e-08
892 5.130076e-08
893 3.447879e-08
894 0.000000e+00
895 0.000000e+00
896 0.000000e+00
897 0.000000e+00
898 0.000000e+00
899 0.000000e+00
900 1.129439e-06
901 8.253442e-07
902 6.126261e-07
903 3.887123e-07
904 2.358020e-07
905 1.394142e-07
906 8.486152e-08
907 5.410480e-08
908 3.635564e-08
909 0.000000e+00
910 0.000000e+00
911 0.000000e+00
912 0.000000e+00
913 0.000000e+00
914 0.000000e+00
915 1.180638e-06
916 8.627742e-07
917 6.404467e-07
918 4.066485e-07
919 2.466434e-07
920 1.458134e-07
921 8.874723e-08
922 5.656942e-08
923 3.800541e-08
924 0.000000e+00
925 0.000000e+00
926 0.000000e+00
927 0.000000e+00
928 0.000000e+00
929 0.000000e+00
930 1.228460e-06
931 8.977376e-07
932 6.664337e-07
933 4.234011e-07
934 2.567693e-07
935 1.517905e-07
936 9.237652e-08
937 5.887147e-08
938 3.954628e-08
939 0.000000e+00
940 0.000000e+00
941 0.000000e+00
942 0.000000e+00
943 0.000000e+00
944 0.000000e+00
945 1.284683e-06
946 9.388454e-07
947 6.969857e-07
948 4.430983e-07
949 2.686743e-07
950 1.588185e-07
951 9.664394e-08
952 6.157795e-08
953 4.135810e-08
954 0.000000e+00
955 0.000000e+00
956 0.000000e+00
957 0.000000e+00
958 0.000000e+00
959 0.000000e+00
960 3.376107e-07
961 2.688987e-07
962 1.950614e-07
963 1.462801e-07
964 9.051466e-08
965 5.540422e-08
966 3.220332e-08
967 1.925577e-08
968 1.206696e-08
969 7.988997e-09
970 0.000000e+00
971 0.000000e+00
972 0.000000e+00
973 0.000000e+00
974 0.000000e+00
975 5.191300e-07
976 4.162772e-07
977 3.022532e-07
978 2.264561e-07
979 1.419258e-07
980 8.653621e-08
981 5.026273e-08
982 3.001440e-08
983 1.874173e-08
984 1.237229e-08
985 0.000000e+00
986 0.000000e+00
987 0.000000e+00
988 0.000000e+00
989 0.000000e+00
990 6.448120e-07
991 5.183992e-07
992 3.765467e-07
993 2.820115e-07
994 1.775998e-07
995 1.081223e-07
996 6.278598e-08
997 3.747520e-08
998 2.336911e-08
999 1.541004e-08
1000 0.000000e+00
1001 0.000000e+00
1002 0.000000e+00
1003 0.000000e+00
1004 0.000000e+00
1005 7.382357e-07
1006 5.943126e-07
1007 4.317715e-07
1008 3.233096e-07
1009 2.041234e-07
1010 1.241698e-07
1011 7.209649e-08
1012 4.302199e-08
1013 2.680897e-08
1014 1.766814e-08
1015 0.000000e+00
1016 0.000000e+00
1017 0.000000e+00
1018 0.000000e+00
1019 0.000000e+00
1020 8.139596e-07
1021 6.558390e-07
1022 4.765327e-07
1023 3.567807e-07
1024 2.256220e-07
1025 1.371778e-07
1026 7.964314e-08
1027 4.751755e-08
1028 2.959718e-08
1029 1.949827e-08
1030 0.000000e+00
1031 0.000000e+00
1032 0.000000e+00
1033 0.000000e+00
1034 0.000000e+00
1035 8.805068e-07
1036 7.099156e-07
1037 5.158762e-07
1038 3.861985e-07
1039 2.445161e-07
1040 1.486097e-07
1041 8.627542e-08
1042 5.146887e-08
1043 3.204768e-08
1044 2.110698e-08
1045 0.000000e+00
1046 0.000000e+00
1047 0.000000e+00
1048 0.000000e+00
1049 0.000000e+00
1050 9.426736e-07
1051 7.604327e-07
1052 5.526249e-07
1053 4.136780e-07
1054 2.621647e-07
1055 1.592896e-07
1056 9.247120e-08
1057 5.515972e-08
1058 3.433673e-08
1059 2.260959e-08
1060 0.000000e+00
1061 0.000000e+00
1062 0.000000e+00
1063 0.000000e+00
1064 0.000000e+00
1065 1.015768e-06
1066 8.198310e-07
1067 5.958365e-07
1068 4.459927e-07
1069 2.829175e-07
1070 1.718473e-07
1071 9.975607e-08
1072 5.949995e-08
1073 3.702828e-08
1074 2.437647e-08
1075 0.000000e+00
1076 0.000000e+00
1077 0.000000e+00
1078 0.000000e+00
1079 0.000000e+00
1080 1.981987e-07
1081 1.802681e-07
1082 1.388910e-07
1083 1.004387e-07
1084 7.526443e-08
1085 4.351074e-08
1086 2.666824e-08
1087 1.537571e-08
1088 9.091695e-09
1089 5.656133e-09
1090 0.000000e+00
1091 0.000000e+00
1092 0.000000e+00
1093 0.000000e+00
1094 0.000000e+00
1095 3.303376e-07
1096 3.017616e-07
1097 2.334394e-07
1098 1.687067e-07
1099 1.266054e-07
1100 7.359442e-08
1101 4.522440e-08
1102 2.601309e-08
1103 1.532771e-08
1104 9.514065e-09
1105 0.000000e+00
1106 0.000000e+00
1107 0.000000e+00
1108 0.000000e+00
1109 0.000000e+00
1110 4.306281e-07
1111 3.940343e-07
1112 3.052904e-07
1113 2.205837e-07
1114 1.656231e-07
1115 9.648069e-08
1116 5.934316e-08
1117 3.410488e-08
1118 2.006901e-08
1119 1.244631e-08
1120 0.000000e+00
1121 0.000000e+00
1122 0.000000e+00
1123 0.000000e+00
1124 0.000000e+00
1125 5.118675e-07
1126 4.687719e-07
1127 3.634880e-07
1128 2.626035e-07
1129 1.972257e-07
1130 1.150174e-07
1131 7.077884e-08
1132 4.065897e-08
1133 2.390921e-08
1134 1.482137e-08
1135 0.000000e+00
1136 0.000000e+00
1137 0.000000e+00
1138 0.000000e+00
1139 0.000000e+00
1140 5.832656e-07
1141 5.344629e-07
1142 4.146387e-07
1143 2.995356e-07
1144 2.250029e-07
1145 1.313099e-07
1146 8.083018e-08
1147 4.641961e-08
1148 2.728452e-08
1149 1.690881e-08
1150 0.000000e+00
1151 0.000000e+00
1152 0.000000e+00
1153 0.000000e+00
1154 0.000000e+00
1155 6.499630e-07
1156 5.958254e-07
1157 4.624212e-07
1158 3.340351e-07
1159 2.509506e-07
1160 1.465295e-07
1161 9.021925e-08
1162 5.180077e-08
1163 3.043750e-08
1164 1.885873e-08
1165 0.000000e+00
1166 0.000000e+00
1167 0.000000e+00
1168 0.000000e+00
1169 0.000000e+00
1170 7.283846e-07
1171 6.679733e-07
1172 5.186008e-07
1173 3.745984e-07
1174 2.814577e-07
1175 1.644239e-07
1176 1.012585e-07
1177 5.812754e-08
1178 3.414473e-08
1179 2.115149e-08
1180 0.000000e+00
1181 0.000000e+00
1182 0.000000e+00
1183 0.000000e+00
1184 0.000000e+00
1185 1.319292e-07
1186 1.302285e-07
1187 1.095172e-07
1188 8.000322e-08
1189 5.943206e-08
1190 4.039792e-08
1191 2.383758e-08
1192 1.358183e-08
1193 7.851757e-09
1194 4.639688e-09
1195 2.906223e-09
1196 0.000000e+00
1197 0.000000e+00
1198 0.000000e+00
1199 0.000000e+00
1200 2.310251e-07
1201 2.286923e-07
1202 1.930380e-07
1203 1.412602e-07
1204 1.047670e-07
1205 7.171284e-08
1206 4.210723e-08
1207 2.402466e-08
1208 1.390757e-08
1209 8.203424e-09
1210 5.127966e-09
1211 0.000000e+00
1212 0.000000e+00
1213 0.000000e+00
1214 0.000000e+00
1215 3.123231e-07
1216 3.095005e-07
1217 2.616147e-07
1218 1.915693e-07
1219 1.419926e-07
1220 9.744470e-08
1221 5.711210e-08
1222 3.260331e-08
1223 1.888242e-08
1224 1.113064e-08
1225 6.952518e-09
1226 0.000000e+00
1227 0.000000e+00
1228 0.000000e+00
1229 0.000000e+00
1230 3.837095e-07
1231 3.804561e-07
1232 3.218253e-07
1233 2.357409e-07
1234 1.746763e-07
1235 1.200390e-07
1236 7.028646e-08
1237 4.013565e-08
1238 2.325055e-08
1239 1.370090e-08
1240 8.554453e-09
1241 0.000000e+00
1242 0.000000e+00
1243 0.000000e+00
1244 0.000000e+00
1245 4.503977e-07
1246 4.467362e-07
1247 3.780737e-07
1248 2.770046e-07
1249 2.052095e-07
1250 1.411454e-07
1251 8.259382e-08
1252 4.717229e-08
1253 2.733118e-08
1254 1.610194e-08
1255 1.005098e-08
1256 0.000000e+00
1257 0.000000e+00
1258 0.000000e+00
1259 0.000000e+00
1260 5.288015e-07
1261 5.246659e-07
1262 4.442070e-07
1263 3.255223e-07
1264 2.411084e-07
1265 1.659601e-07
1266 9.706421e-08
1267 5.544503e-08
1268 3.212871e-08
1269 1.892488e-08
1270 1.181051e-08
1271 0.000000e+00
1272 0.000000e+00
1273 0.000000e+00
1274 0.000000e+00
1275 9.485702e-08
1276 9.877020e-08
1277 8.938411e-08
1278 6.838366e-08
1279 4.943058e-08
1280 3.702686e-08
1281 2.092196e-08
1282 1.263562e-08
1283 7.139427e-09
1284 4.123528e-09
1285 2.468592e-09
1286 0.000000e+00
1287 0.000000e+00
1288 0.000000e+00
1289 0.000000e+00
1290 1.734377e-07
1291 1.809695e-07
1292 1.642807e-07
1293 1.260270e-07
1294 9.103950e-08
1295 6.830104e-08
1296 3.870387e-08
1297 2.345122e-08
1298 1.322081e-08
1299 7.617527e-09
1300 4.551351e-09
1301 0.000000e+00
1302 0.000000e+00
1303 0.000000e+00
1304 0.000000e+00
1305 2.429661e-07
1306 2.537150e-07
1307 2.305803e-07
1308 1.770671e-07
1309 1.278811e-07
1310 9.599458e-08
1311 5.445632e-08
1312 3.303477e-08
1313 1.860861e-08
1314 1.071206e-08
1315 6.395654e-09
1316 0.000000e+00
1317 0.000000e+00
1318 0.000000e+00
1319 0.000000e+00
1320 3.078577e-07
1321 3.216065e-07
1322 2.924568e-07
1323 2.247029e-07
1324 1.622652e-07
1325 1.218404e-07
1326 6.915697e-08
1327 4.197839e-08
1328 2.363663e-08
1329 1.359998e-08
1330 8.116900e-09
1331 0.000000e+00
1332 0.000000e+00
1333 0.000000e+00
1334 0.000000e+00
1335 3.841561e-07
1336 4.014323e-07
1337 3.652105e-07
1338 2.807097e-07
1339 2.026908e-07
1340 1.522281e-07
1341 8.644124e-08
1342 5.249408e-08
1343 2.954836e-08
1344 1.699550e-08
1345 1.014064e-08
1346 0.000000e+00
1347 0.000000e+00
1348 0.000000e+00
1349 0.000000e+00
1350 7.256011e-08
1351 7.854083e-08
1352 7.531686e-08
1353 6.103692e-08
1354 4.403447e-08
1355 3.319573e-08
1356 2.073770e-08
1357 1.271425e-08
1358 7.058576e-09
1359 3.886831e-09
1360 2.246396e-09
1361 1.366108e-09
1362 0.000000e+00
1363 0.000000e+00
1364 0.000000e+00
1365 1.389281e-07
1366 1.506270e-07
1367 1.448077e-07
1368 1.177008e-07
1369 8.496936e-08
1370 6.399319e-08
1371 4.024949e-08
1372 2.460441e-08
1373 1.366245e-08
1374 7.527035e-09
1375 4.340276e-09
1376 2.633679e-09
1377 0.000000e+00
1378 0.000000e+00
1379 0.000000e+00
1380 2.010031e-07
1381 2.180563e-07
1382 2.098198e-07
1383 1.707216e-07
1384 1.232755e-07
1385 9.281020e-08
1386 5.851418e-08
1387 3.573215e-08
1388 1.984300e-08
1389 1.093430e-08
1390 6.299816e-09
1391 3.819753e-09
1392 0.000000e+00
1393 0.000000e+00
1394 0.000000e+00
1395 2.739546e-07
1396 2.973002e-07
1397 2.862206e-07
1398 2.330303e-07
1399 1.682909e-07
1400 1.266749e-07
1401 7.997821e-08
1402 4.880901e-08
1403 2.710609e-08
1404 1.493828e-08
1405 8.602574e-09
1406 5.213599e-09
1407 0.000000e+00
1408 0.000000e+00
1409 0.000000e+00
1410 5.943755e-08
1411 6.633732e-08
1412 6.664450e-08
1413 5.724764e-08
1414 4.219790e-08
1415 3.107984e-08
1416 2.189659e-08
1417 1.249268e-08
1418 7.033330e-09
1419 3.979804e-09
1420 2.213716e-09
1421 1.291035e-09
1422 0.000000e+00
1423 0.000000e+00
1424 0.000000e+00
1425 1.179165e-07
1426 1.317882e-07
1427 1.326793e-07
1428 1.143053e-07
1429 8.439816e-08
1430 6.208361e-08
1431 4.394637e-08
1432 2.499097e-08
1433 1.410001e-08
1434 7.977351e-09
1435 4.434921e-09
1436 2.581356e-09
1437 0.000000e+00
1438 0.000000e+00
1439 0.000000e+00
1440 1.864659e-07
1441 2.085133e-07
1442 2.100928e-07
1443 1.811975e-07
1444 1.338744e-07
1445 9.843172e-08
1446 6.979941e-08
1447 3.964442e-08
1448 2.238585e-08
1449 1.266432e-08
1450 7.039246e-09
1451 4.094128e-09
1452 0.000000e+00
1453 0.000000e+00
1454 0.000000e+00
1455 5.136783e-08
1456 5.886597e-08
1457 6.152991e-08
1458 5.590584e-08
1459 4.287358e-08
1460 3.096571e-08
1461 2.325836e-08
1462 1.303943e-08
1463 7.799499e-09
1464 4.273178e-09
1465 2.355709e-09
1466 1.315341e-09
1467 0.000000e+00
1468 0.000000e+00
1469 0.000000e+00
1470 1.144184e-07
1471 1.312916e-07
1472 1.375004e-07
1473 1.252950e-07
1474 9.633716e-08
1475 6.954074e-08
1476 5.230451e-08
1477 2.941266e-08
1478 1.765429e-08
1479 9.654142e-09
1480 5.309452e-09
1481 2.958532e-09
1482 0.000000e+00
1483 0.000000e+00
1484 0.000000e+00
1485 5.363458e-08
1486 6.302347e-08
1487 6.833478e-08
1488 6.560439e-08
1489 5.319382e-08
1490 3.838244e-08
1491 2.895546e-08
1492 1.800429e-08
1493 1.095688e-08
1494 5.945879e-09
1495 3.131756e-09
1496 1.689658e-09
1497 9.409415e-10
1498 0.000000e+00
1499 0.000000e+00
1500 1.109684e-04
1501 8.086786e-05
1502 6.035546e-05
1503 3.805236e-05
1504 2.321989e-05
1505 1.369104e-05
1506 8.324421e-06
1507 5.304277e-06
1508 3.565556e-06
1509 0.000000e+00
1510 0.000000e+00
1511 0.000000e+00
1512 0.000000e+00
1513 0.000000e+00
1514 0.000000e+00
1515 5.757601e-05
1516 4.644359e-05
1517 3.369791e-05
1518 2.528332e-05
1519 1.597668e-05
1520 9.754545e-06
1521 5.648866e-06
1522 3.364481e-06
1523 2.093966e-06
1524 1.379138e-06
1525 0.000000e+00
1526 0.000000e+00
1527 0.000000e+00
1528 0.000000e+00
1529 0.000000e+00
1530 4.047788e-05
1531 3.713775e-05
1532 2.882267e-05
1533 2.080348e-05
1534 1.566222e-05
1535 9.111532e-06
1536 5.625604e-06
1537 3.225263e-06
1538 1.896511e-06
1539 1.174730e-06
1540 0.000000e+00
1541 0.000000e+00
1542 0.000000e+00
1543 0.000000e+00
1544 0.000000e+00
1545 2.912801e-05
1546 2.891312e-05
1547 2.448503e-05
1548 1.793535e-05
1549 1.328396e-05
1550 9.154542e-06
1551 5.351144e-06
1552 3.053081e-06
1553 1.771954e-06
1554 1.042590e-06
1555 6.506122e-07
1556 0.000000e+00
1557 0.000000e+00
1558 0.000000e+00
1559 0.000000e+00
1560 2.085098e-05
1561 2.179680e-05
1562 1.983793e-05
1563 1.524768e-05
1564 1.100576e-05
1565 8.274949e-06
1566 4.689296e-06
1567 2.850415e-06
1568 1.602925e-06
1569 9.233707e-07
1570 5.506294e-07
1571 0.000000e+00
1572 0.000000e+00
1573 0.000000e+00
1574 0.000000e+00
1575 1.487210e-05
1576 1.614453e-05
1577 1.554949e-05
1578 1.266314e-05
1579 9.143013e-06
1580 6.883420e-06
1581 4.347301e-06
1582 2.655947e-06
1583 1.474901e-06
1584 8.112783e-07
1585 4.673052e-07
1586 2.832009e-07
1587 0.000000e+00
1588 0.000000e+00
1589 0.000000e+00
1590 1.001028e-05
1591 1.119728e-05
1592 1.128693e-05
1593 9.739022e-06
1594 7.195644e-06
1595 5.289411e-06
1596 3.755371e-06
1597 2.130464e-06
1598 1.202339e-06
1599 6.811759e-07
1600 3.783133e-07
1601 2.200058e-07
1602 0.000000e+00
1603 0.000000e+00
1604 0.000000e+00
1605 6.201116e-06
1606 7.118100e-06
1607 7.458527e-06
1608 6.801106e-06
1609 5.231433e-06
1610 3.775220e-06
1611 2.841823e-06
1612 1.597077e-06
1613 9.596537e-07
1614 5.242846e-07
1615 2.885232e-07
1616 1.606418e-07
1617 0.000000e+00
1618 0.000000e+00
1619 0.000000e+00
1620 3.163407e-06
1621 3.720115e-06
1622 4.038202e-06
1623 3.883392e-06
1624 3.154630e-06
1625 2.276770e-06
1626 1.716871e-06
1627 1.071974e-06
1628 6.518364e-07
1629 3.538249e-07
1630 1.861971e-07
1631 1.003484e-07
1632 5.578990e-08
1633 0.000000e+00
1634 0.000000e+00
1635 8.891198e-07
1636 1.072208e-06
1637 1.206146e-06
1638 1.224576e-06
1639 1.066696e-06
1640 7.933436e-07
1641 5.815894e-07
1642 4.169104e-07
1643 2.343421e-07
1644 1.314261e-07
1645 7.164692e-08
1646 3.730540e-08
1647 1.958823e-08
1648 0.000000e+00
1649 0.000000e+00
