0 2.237927e-09
1 1.454528e-09
2 9.147949e-10
3 5.761877e-10
4 3.703402e-10
5 2.436785e-10
6 1.620529e-10
7 1.064382e-10
8 6.745201e-11
9 4.051866e-11
10 2.284469e-11
11 1.207138e-11
12 6.018691e-12
13 2.863797e-12
14 1.316707e-12
15 3.784158e-09
16 2.516978e-09
17 1.599898e-09
18 9.972358e-10
19 6.305986e-10
20 4.083770e-10
21 2.701755e-10
22 1.791651e-10
23 1.161698e-10
24 7.206063e-11
25 4.211361e-11
26 2.304541e-11
27 1.183746e-11
28 5.761157e-12
29 2.689851e-12
30 4.336608e-09
31 2.904138e-09
32 1.856206e-09
33 1.155797e-09
34 7.278648e-10
35 4.688698e-10
36 3.091806e-10
37 2.052037e-10
38 1.336913e-10
39 8.358851e-11
40 4.934365e-11
41 2.728943e-11
42 1.415107e-11
43 6.940259e-12
44 3.257850e-12
45 4.641397e-09
46 3.117827e-09
47 1.997782e-09
48 1.243457e-09
49 7.816002e-10
50 5.022753e-10
51 3.307642e-10
52 2.195403e-10
53 1.433528e-10
54 8.994503e-11
55 5.332587e-11
56 2.962327e-11
57 1.542738e-11
58 7.591533e-12
59 3.571919e-12
60 4.845630e-09
61 3.261236e-09
62 2.092605e-09
63 1.302178e-09
64 8.175848e-10
65 5.247264e-10
66 3.452476e-10
67 2.291967e-10
68 1.498230e-10
69 9.421549e-11
70 5.601340e-11
71 3.120410e-11
72 1.628579e-11
73 8.028279e-12
74 3.785021e-12
75 4.999139e-09
76 3.368614e-09
77 2.163860e-09
78 1.346187e-09
79 8.446209e-10
80 5.415679e-10
81 3.560848e-10
82 2.364242e-10
83 1.547242e-10
84 9.744014e-11
85 5.801769e-11
86 3.237810e-11
87 1.693006e-11
88 8.357004e-12
89 3.941241e-12
90 5.123359e-09
91 3.455921e-09
92 2.221619e-09
93 1.382219e-09
94 8.666559e-10
95 5.552128e-10
96 3.649248e-10
97 2.423119e-10
98 1.586913e-10
99 1.000435e-10
100 5.966076e-11
101 3.334090e-11
102 1.745398e-11
103 8.623995e-12
104 4.070196e-12
105 5.232767e-09
106 3.532171e-09
107 2.272604e-09
108 1.413674e-09
109 8.858829e-10
110 5.672018e-10
111 3.726329e-10
112 2.474534e-10
113 1.620834e-10
114 1.022821e-10
115 6.105978e-11
116 3.417510e-11
117 1.791317e-11
118 8.858098e-12
119 4.179847e-12
120 5.336392e-09
121 3.605240e-09
122 2.320951e-09
123 1.443520e-09
124 9.041907e-10
125 5.785484e-10
126 3.799197e-10
127 2.523417e-10
128 1.654263e-10
129 1.044820e-10
130 6.244923e-11
131 3.497684e-11
132 1.834742e-11
133 9.079618e-12
134 4.290039e-12
135 5.454629e-09
136 3.687772e-09
137 2.376252e-09
138 1.477800e-09
139 9.251726e-10
140 5.916540e-10
141 3.883880e-10
142 2.579054e-10
143 1.692133e-10
144 1.069929e-10
145 6.401654e-11
146 3.589621e-11
147 1.884993e-11
148 9.334105e-12
149 4.412586e-12
150 7.893600e-09
151 5.434405e-09
152 3.569357e-09
153 2.229477e-09
154 1.382508e-09
155 8.716208e-10
156 5.652829e-10
157 3.741076e-10
158 2.473500e-10
159 1.592349e-10
160 9.765579e-11
161 5.627806e-11
162 3.033111e-11
163 1.535067e-11
164 7.374409e-12
165 9.975316e-09
166 6.954452e-09
167 4.633701e-09
168 2.924500e-09
169 1.804148e-09
170 1.128176e-09
171 7.237656e-10
172 4.758954e-10
173 3.151154e-10
174 2.047431e-10
175 1.275291e-10
176 7.491831e-11
177 4.118945e-11
178 2.122391e-11
179 1.033982e-11
180 1.118573e-08
181 7.842863e-09
182 5.256646e-09
183 3.334840e-09
184 2.054026e-09
185 1.280341e-09
186 8.172081e-10
187 5.356581e-10
188 3.547278e-10
189 2.313459e-10
190 1.450287e-10
191 8.587961e-11
192 4.761907e-11
193 2.472899e-11
194 1.212353e-11
195 1.200087e-08
196 8.441996e-09
197 5.677160e-09
198 3.611984e-09
199 2.223039e-09
200 1.383036e-09
201 8.802207e-10
202 5.760431e-10
203 3.814693e-10
204 2.492893e-10
205 1.568363e-10
206 9.328902e-11
207 5.196737e-11
208 2.710051e-11
209 1.333058e-11
210 1.261120e-08
211 8.890819e-09
212 5.992920e-09
213 3.818981e-09
214 2.349580e-09
215 1.459982e-09
216 9.275168e-10
217 6.062303e-10
218 4.014719e-10
219 2.627028e-10
220 1.656490e-10
221 9.882682e-11
222 5.522257e-11
223 2.887203e-11
224 1.423391e-11
225 1.310774e-08
226 9.254783e-09
227 6.247513e-09
228 3.987790e-09
229 2.451905e-09
230 1.522370e-09
231 9.657576e-10
232 6.307247e-10
233 4.176953e-10
234 2.735907e-10
235 1.728176e-10
236 1.033040e-10
237 5.784383e-11
238 3.030583e-11
239 1.496315e-11
240 1.353816e-08
241 9.571079e-09
242 6.470105e-09
243 4.134429e-09
244 2.541619e-09
245 1.576865e-09
246 9.990987e-10
247 6.519722e-10
248 4.318663e-10
249 2.830951e-10
250 1.790693e-10
251 1.072219e-10
252 6.014792e-11
253 3.156198e-11
254 1.559762e-11
255 1.394931e-08
256 9.873130e-09
257 6.682523e-09
258 4.274725e-09
259 2.626658e-09
260 1.628534e-09
261 1.030913e-09
262 6.722806e-10
263 4.453444e-10
264 2.921365e-10
265 1.850178e-10
266 1.109588e-10
267 6.233790e-11
268 3.275248e-11
269 1.620762e-11
270 1.442656e-08
271 1.022349e-08
272 6.928283e-09
273 4.436154e-09
274 2.724975e-09
275 1.688812e-09
276 1.068066e-09
277 6.960059e-10
278 4.609535e-10
279 3.026202e-10
280 1.919281e-10
281 1.152928e-10
282 6.487358e-11
283 3.413747e-11
284 1.691256e-11
285 1.363752e-08
286 9.701629e-09
287 6.588880e-09
288 4.251266e-09
289 2.619790e-09
290 1.622609e-09
291 1.023076e-09
292 6.637118e-10
293 4.378658e-10
294 2.869868e-10
295 1.822124e-10
296 1.098962e-10
297 6.223645e-11
298 3.299762e-11
299 1.646471e-11
300 1.604341e-08
301 1.154323e-08
302 7.910825e-09
303 5.162456e-09
304 3.193285e-09
305 1.968073e-09
306 1.231167e-09
307 7.925626e-10
308 5.209608e-10
309 3.422334e-10
310 2.190022e-10
311 1.336722e-10
312 7.678572e-11
313 4.130577e-11
314 2.087587e-11
315 1.769467e-08
316 1.281434e-08
317 8.825264e-09
318 5.794976e-09
319 3.593995e-09
320 2.208673e-09
321 1.376450e-09
322 8.822963e-10
323 5.786230e-10
324 3.804724e-10
325 2.444519e-10
326 1.501439e-10
327 8.689350e-11
328 4.709804e-11
329 2.396365e-11
330 1.893579e-08
331 1.376926e-08
332 9.509800e-09
333 6.267091e-09
334 3.894170e-09
335 2.389134e-09
336 1.485239e-09
337 9.495464e-10
338 6.219535e-10
339 4.091557e-10
340 2.635269e-10
341 1.624875e-10
342 9.447008e-11
343 5.144179e-11
344 2.627852e-11
345 1.994097e-08
346 1.454269e-08
347 1.006760e-08
348 6.652953e-09
349 4.137621e-09
350 2.535550e-09
351 1.573423e-09
352 1.004041e-09
353 6.569113e-10
354 4.323608e-10
355 2.789943e-10
356 1.724969e-10
357 1.006097e-10
358 5.496222e-11
359 2.815648e-11
360 2.081849e-08
361 1.521826e-08
362 1.055380e-08
363 6.987486e-09
364 4.349688e-09
365 2.663237e-09
366 1.650311e-09
367 1.051542e-09
368 6.874546e-10
369 4.526394e-10
370 2.924771e-10
371 1.812222e-10
372 1.059638e-10
373 5.802861e-11
374 2.979085e-11
375 2.164836e-08
376 1.585674e-08
377 1.101254e-08
378 7.305123e-09
379 4.550362e-09
380 2.784142e-09
381 1.723219e-09
382 1.096537e-09
383 7.163932e-10
384 4.718360e-10
385 3.052654e-10
386 1.894941e-10
387 1.110383e-10
388 6.093621e-11
389 3.134073e-11
390 2.261894e-08
391 1.660443e-08
392 1.154974e-08
393 7.676309e-09
394 4.785816e-09
395 2.926178e-09
396 1.808807e-09
397 1.149428e-09
398 7.502803e-10
399 4.943509e-10
400 3.202477e-10
401 1.991930e-10
402 1.169906e-10
403 6.434230e-11
404 3.315720e-11
405 1.965891e-08
406 1.440503e-08
407 9.995985e-09
408 6.626171e-09
409 4.146778e-09
410 2.539473e-09
411 1.574866e-09
412 1.001412e-09
413 6.528376e-10
414 4.287842e-10
415 2.766390e-10
416 1.713928e-10
417 1.003764e-10
418 5.514267e-11
419 2.842494e-11
420 2.231618e-08
421 1.654280e-08
422 1.156903e-08
423 7.733169e-09
424 4.881022e-09
425 2.980831e-09
426 1.840629e-09
427 1.161688e-09
428 7.530531e-10
429 4.939783e-10
430 3.198917e-10
431 1.997609e-10
432 1.182471e-10
433 6.574037e-11
434 3.428349e-11
435 2.432126e-08
436 1.816378e-08
437 1.276099e-08
438 8.574998e-09
439 5.439647e-09
440 3.317294e-09
441 2.043618e-09
442 1.283786e-09
443 8.294559e-10
444 5.435677e-10
445 3.527649e-10
446 2.213204e-10
447 1.318400e-10
448 7.381528e-11
449 3.875648e-11
450 2.595756e-08
451 1.947834e-08
452 1.373136e-08
453 9.258763e-09
454 5.892810e-09
455 3.590954e-09
456 2.207971e-09
457 1.382944e-09
458 8.911831e-10
459 5.837619e-10
460 3.794140e-10
461 2.387979e-10
462 1.428589e-10
463 8.035910e-11
464 4.238140e-11
465 2.737881e-08
466 2.062669e-08
467 1.457739e-08
468 9.853157e-09
469 6.288136e-09
470 3.829612e-09
471 2.351223e-09
472 1.469278e-09
473 9.452489e-10
474 6.188529e-10
475 4.026690e-10
476 2.540462e-10
477 1.524733e-10
478 8.607085e-11
479 4.554628e-11
480 2.872380e-08
481 2.170839e-08
482 1.537697e-08
483 1.041571e-08
484 6.662539e-09
485 4.054851e-09
486 2.487024e-09
487 1.550875e-09
488 9.962396e-10
489 6.519963e-10
490 4.246687e-10
491 2.684764e-10
492 1.615685e-10
493 9.146702e-11
494 4.853312e-11
495 3.029821e-08
496 2.297717e-08
497 1.631121e-08
498 1.107481e-08
499 7.099706e-09
500 4.318432e-09
501 2.645650e-09
502 1.646526e-09
503 1.055943e-09
504 6.907873e-10
505 4.503751e-10
506 2.853182e-10
507 1.721981e-10
508 9.778492e-11
509 5.203267e-11
510 2.600311e-08
511 1.960815e-08
512 1.387168e-08
513 9.370006e-09
514 5.995266e-09
515 3.661337e-09
516 2.249399e-09
517 1.404838e-09
518 9.023868e-10
519 5.895354e-10
520 3.828262e-10
521 2.412069e-10
522 1.447272e-10
523 8.177872e-11
524 4.336791e-11
525 2.891365e-08
526 2.205470e-08
527 1.572633e-08
528 1.069375e-08
529 6.901583e-09
530 4.221642e-09
531 2.584941e-09
532 1.603832e-09
533 1.024127e-09
534 6.668510e-10
535 4.334928e-10
536 2.745347e-10
537 1.660793e-10
538 9.479045e-11
539 5.080040e-11
540 3.128501e-08
541 2.404942e-08
542 1.723941e-08
543 1.177586e-08
544 7.641681e-09
545 4.680965e-09
546 2.858902e-09
547 1.766669e-09
548 1.123347e-09
549 7.299686e-10
550 4.748323e-10
551 3.017220e-10
552 1.835002e-10
553 1.054114e-10
554 5.687225e-11
555 3.335014e-08
556 2.578735e-08
557 1.855971e-08
558 1.271690e-08
559 8.286569e-09
560 5.079938e-09
561 3.097707e-09
562 1.908569e-09
563 1.209995e-09
564 7.849535e-10
565 5.108408e-10
566 3.254042e-10
567 1.986754e-10
568 1.146626e-10
569 6.216040e-11
570 3.530865e-08
571 2.743605e-08
572 1.981210e-08
573 1.361082e-08
574 8.899376e-09
575 5.459410e-09
576 3.324543e-09
577 2.043139e-09
578 1.292199e-09
579 8.371623e-10
580 5.450455e-10
581 3.478974e-10
582 2.130873e-10
583 1.234494e-10
584 6.718363e-11
585 3.760376e-08
586 2.936282e-08
587 2.127504e-08
588 1.465457e-08
589 9.612668e-09
590 5.901576e-09
591 3.588883e-09
592 2.199989e-09
593 1.387972e-09
594 8.979717e-10
595 5.848800e-10
596 3.741016e-10
597 2.298800e-10
598 1.336862e-10
599 7.303506e-11
600 3.277174e-08
601 2.540117e-08
602 1.832841e-08
603 1.257074e-08
604 8.206935e-09
605 5.052242e-09
606 3.078298e-09
607 1.895675e-09
608 1.199558e-09
609 7.764176e-10
610 5.044081e-10
611 3.210819e-10
612 1.961448e-10
613 1.134102e-10
614 6.166498e-11
615 3.600752e-08
616 2.822825e-08
617 2.054277e-08
618 1.417589e-08
619 9.325244e-09
620 5.771305e-09
621 3.504606e-09
622 2.148590e-09
623 1.350897e-09
624 8.703760e-10
625 5.649191e-10
626 3.606969e-10
627 2.217407e-10
628 1.293101e-10
629 7.099158e-11
630 3.883208e-08
631 3.069796e-08
632 2.248030e-08
633 1.557729e-08
634 1.030307e-08
635 6.399919e-09
636 3.877613e-09
637 2.369831e-09
638 1.483452e-09
639 9.525031e-10
640 6.177962e-10
641 3.953104e-10
642 2.441064e-10
643 1.432057e-10
644 7.914459e-11
645 4.150777e-08
646 3.303763e-08
647 2.431525e-08
648 1.690735e-08
649 1.122979e-08
650 6.995844e-09
651 4.230818e-09
652 2.579685e-09
653 1.608921e-09
654 1.030326e-09
655 6.679150e-10
656 4.281187e-10
657 2.653043e-10
658 1.563753e-10
659 8.687033e-11
660 4.464117e-08
661 3.577066e-08
662 2.645897e-08
663 1.845889e-08
664 1.231037e-08
665 7.691092e-09
666 4.643291e-09
667 2.824132e-09
668 1.755259e-09
669 1.121125e-09
670 7.263617e-10
671 4.663858e-10
672 2.900334e-10
673 1.717383e-10
674 9.588371e-11
675 4.018339e-08
676 3.198855e-08
677 2.357341e-08
678 1.640241e-08
679 1.089325e-08
680 6.808762e-09
681 4.121201e-09
682 2.515187e-09
683 1.567080e-09
684 1.001902e-09
685 6.482570e-10
686 4.148148e-10
687 2.568032e-10
688 1.513512e-10
689 8.416731e-11
690 4.391880e-08
691 3.536451e-08
692 2.631635e-08
693 1.842424e-08
694 1.231915e-08
695 7.756883e-09
696 4.687649e-09
697 2.852050e-09
698 1.765237e-09
699 1.121909e-09
700 7.239370e-10
701 4.638385e-10
702 2.885346e-10
703 1.713228e-10
704 9.613293e-11
705 4.744816e-08
706 3.856562e-08
707 2.890947e-08
708 2.034152e-08
709 1.366998e-08
710 8.655316e-09
711 5.224095e-09
712 3.170811e-09
713 1.952824e-09
714 1.235525e-09
715 7.956311e-10
716 5.102668e-10
717 3.185853e-10
718 1.902367e-10
719 1.074690e-10
720 5.157942e-08
721 4.230538e-08
722 3.193216e-08
723 2.257528e-08
724 1.524346e-08
725 9.702590e-09
726 5.849530e-09
727 3.542797e-09
728 2.171377e-09
729 1.368035e-09
730 8.791477e-10
731 5.643649e-10
732 3.536060e-10
733 2.122772e-10
734 1.206790e-10
735 4.868658e-08
736 3.981284e-08
737 3.002928e-08
738 2.122554e-08
739 1.431073e-08
740 9.113428e-09
741 5.513235e-09
742 3.341545e-09
743 2.049815e-09
744 1.291371e-09
745 8.286993e-10
746 5.307736e-10
747 3.317297e-10
748 1.987104e-10
749 1.128072e-10
750 5.329398e-08
751 4.412710e-08
752 3.365800e-08
753 2.397071e-08
754 1.626551e-08
755 1.044757e-08
756 6.330949e-09
757 3.825032e-09
758 2.331010e-09
759 1.458426e-09
760 9.315567e-10
761 5.962467e-10
762 3.738926e-10
763 2.254406e-10
764 1.291083e-10
765 5.867021e-08
766 4.916063e-08
767 3.787414e-08
768 2.716303e-08
769 1.853998e-08
770 1.200060e-08
771 7.282927e-09
772 4.388190e-09
773 2.657984e-09
774 1.652786e-09
775 1.051204e-09
776 6.724404e-10
777 4.229736e-10
778 2.565571e-10
779 1.480842e-10
780 5.925029e-08
781 4.987468e-08
782 3.865012e-08
783 2.785496e-08
784 1.906499e-08
785 1.239196e-08
786 7.563016e-09
787 4.548133e-09
788 2.750449e-09
789 1.703401e-09
790 1.078905e-09
791 6.881443e-10
792 4.324661e-10
793 2.626333e-10
794 1.520669e-10
795 6.632674e-08
796 5.672706e-08
797 4.462512e-08
798 3.252966e-08
799 2.244491e-08
800 1.474253e-08
801 9.063640e-09
802 5.428587e-09
803 3.262291e-09
804 2.001198e-09
805 1.257249e-09
806 7.988843e-10
807 5.028121e-10
808 3.072313e-10
809 1.796092e-10
810 7.614688e-08
811 6.659148e-08
812 5.362991e-08
813 3.987641e-08
814 2.788325e-08
815 1.858008e-08
816 1.162191e-08
817 6.943073e-09
818 4.148418e-09
819 2.506266e-09
820 1.550068e-09
821 9.745841e-10
822 6.116226e-10
823 3.755136e-10
824 2.220095e-10
825 5.052599e-07
826 3.690445e-07
827 2.734543e-07
828 1.702143e-07
829 1.036933e-07
830 6.142994e-08
831 3.750957e-08
832 2.406393e-08
833 1.624448e-08
834 0.000000e+00
835 0.000000e+00
836 0.000000e+00
837 0.000000e+00
838 0.000000e+00
839 0.000000e+00
840 7.609665e-07
841 5.559540e-07
842 4.123962e-07
843 2.596334e-07
844 1.577814e-07
845 9.335645e-08
846 5.689689e-08
847 3.636661e-08
848 2.448232e-08
849 0.000000e+00
850 0.000000e+00
851 0.000000e+00
852 0.000000e+00
853 0.000000e+00
854 0.000000e+00
855 9.034708e-07
856 6.601393e-07
857 4.898344e-07
858 3.095543e-07
859 1.879543e-07
860 1.111685e-07
861 6.771198e-08
862 4.322638e-08
863 2.907417e-08
864 0.000000e+00
865 0.000000e+00
866 0.000000e+00
867 0.000000e+00
868 0.000000e+00
869 0.000000e+00
870 9.993278e-07
871 7.302182e-07
872 5.419243e-07
873 3.431341e-07
874 2.082519e-07
875 1.231503e-07
876 7.498702e-08
877 4.784112e-08
878 3.216291e-08
879 0.000000e+00
880 0.000000e+00
881 0.000000e+00
882 0.000000e+00
883 0.000000e+00
884 0.000000e+00
885 1.071193e-06
886 7.827614e-07
887 5.809742e-07
888 3.683088e-07
889 2.234694e-07
890 1.321335e-07
891 8.044121e-08
892 5.130076e-08
893 3.447879e-08
894 0.000000e+00
895 0.000000e+00
896 0.000000e+00
897 0.000000e+00
898 0.000000e+00
899 0.000000e+00
900 1.129439e-06
901 8.253442e-07
902 6.126261e-07
903 3.887123e-07
904 2.358020e-07
905 1.394142e-07
906 8.486152e-08
907 5.410480e-08
908 3.635564e-08
909 0.000000e+00
910 0.000000e+00
911 0.000000e+00
912 0.000000e+00
913 0.000000e+00
914 0.000000e+00
915 1.180268e-06
916 8.625041e-07
917 6.402459e-07
918 4.065191e-07
919 2.465652e-07
920 1.457672e-07
921 8.871918e-08
922 5.655163e-08
923 3.799350e-08
924 0.000000e+00
925 0.000000e+00
926 0.000000e+00
927 0.000000e+00
928 0.000000e+00
929 0.000000e+00
930 1.228460e-06
931 8.977376e-07
932 6.664337e-07
933 4.234011e-07
934 2.567693e-07
935 1.517905e-07
936 9.237652e-08
937 5.887147e-08
938 3.954628e-08
939 0.000000e+00
940 0.000000e+00
941 0.000000e+00
942 0.000000e+00
943 0.000000e+00
944 0.000000e+00
945 1.284683e-06
946 9.388454e-07
947 6.969857e-07
948 4.430983e-07
949 2.686743e-07
950 1.588185e-07
951 9.664394e-08
952 6.157795e-08
953 4.135810e-08
954 0.000000e+00
955 0.000000e+00
956 0.000000e+00
957 0.000000e+00
958 0.000000e+00
959 0.000000e+00
960 3.373025e-07
961 2.686371e-07
962 1.948707e-07
963 1.461382e-07
964 9.041691e-08
965 5.534682e-08
966 3.217000e-08
967 1.923597e-08
968 1.205490e-08
969 7.981216e-09
970 0.000000e+00
971 0.000000e+00
972 0.000000e+00
973 0.000000e+00
974 0.000000e+00
975 5.201666e-07
976 4.171078e-07
977 3.028563e-07
978 2.269080e-07
979 1.422086e-07
980 8.670878e-08
981 5.036296e-08
982 3.007425e-08
983 1.877912e-08
984 1.239698e-08
985 0.000000e+00
986 0.000000e+00
987 0.000000e+00
988 0.000000e+00
989 0.000000e+00
990 6.448120e-07
991 5.183992e-07
992 3.765467e-07
993 2.820115e-07
994 1.775998e-07
995 1.081223e-07
996 6.278598e-08
997 3.747520e-08
998 2.336911e-08
999 1.541004e-08
1000 0.000000e+00
1001 0.000000e+00
1002 0.000000e+00
1003 0.000000e+00
1004 0.000000e+00
1005 7.382357e-07
1006 5.943126e-07
1007 4.317715e-07
1008 3.233096e-07
1009 2.041234e-07
1010 1.241698e-07
1011 7.209649e-08
1012 4.302199e-08
1013 2.680897e-08
1014 1.766814e-08
1015 0.000000e+00
1016 0.000000e+00
1017 0.000000e+00
1018 0.000000e+00
1019 0.000000e+00
1020 8.139596e-07
1021 6.558390e-07
1022 4.765327e-07
1023 3.567807e-07
1024 2.256220e-07
1025 1.371778e-07
1026 7.964314e-08
1027 4.751755e-08
1028 2.959718e-08
1029 1.949827e-08
1030 0.000000e+00
1031 0.000000e+00
1032 0.000000e+00
1033 0.000000e+00
1034 0.000000e+00
1035 8.800254e-07
1036 7.095243e-07
1037 5.155916e-07
1038 3.859857e-07
1039 2.443794e-07
1040 1.485270e-07
1041 8.622743e-08
1042 5.144028e-08
1043 3.202995e-08
1044 2.109535e-08
1045 0.000000e+00
1046 0.000000e+00
1047 0.000000e+00
1048 0.000000e+00
1049 0.000000e+00
1050 9.426736e-07
1051 7.604327e-07
1052 5.526249e-07
1053 4.136780e-07
1054 2.621647e-07
1055 1.592896e-07
1056 9.247120e-08
1057 5.515972e-08
1058 3.433673e-08
1059 2.260959e-08
1060 0.000000e+00
1061 0.000000e+00
1062 0.000000e+00
1063 0.000000e+00
1064 0.000000e+00
1065 1.015768e-06
1066 8.198310e-07
1067 5.958365e-07
1068 4.459927e-07
1069 2.829175e-07
1070 1.718473e-07
1071 9.975607e-08
1072 5.949995e-08
1073 3.702828e-08
1074 2.437647e-08
1075 0.000000e+00
1076 0.000000e+00
1077 0.000000e+00
1078 0.000000e+00
1079 0.000000e+00
1080 1.981235e-07
1081 1.801846e-07
1082 1.388160e-07
1083 1.003857e-07
1084 7.522287e-08
1085 4.348177e-08
1086 2.664952e-08
1087 1.536538e-08
1088 9.086271e-09
1089 5.652986e-09
1090 0.000000e+00
1091 0.000000e+00
1092 0.000000e+00
1093 0.000000e+00
1094 0.000000e+00
1095 3.303170e-07
1096 3.017417e-07
1097 2.334236e-07
1098 1.686953e-07
1099 1.265968e-07
1100 7.358908e-08
1101 4.522109e-08
1102 2.601121e-08
1103 1.532664e-08
1104 9.513413e-09
1105 0.000000e+00
1106 0.000000e+00
1107 0.000000e+00
1108 0.000000e+00
1109 0.000000e+00
1110 4.306280e-07
1111 3.940343e-07
1112 3.052904e-07
1113 2.205837e-07
1114 1.656231e-07
1115 9.648068e-08
1116 5.934315e-08
1117 3.410488e-08
1118 2.006900e-08
1119 1.244631e-08
1120 0.000000e+00
1121 0.000000e+00
1122 0.000000e+00
1123 0.000000e+00
1124 0.000000e+00
1125 5.118675e-07
1126 4.687719e-07
1127 3.634880e-07
1128 2.626035e-07
1129 1.972257e-07
1130 1.150174e-07
1131 7.077884e-08
1132 4.065897e-08
1133 2.390921e-08
1134 1.482137e-08
1135 0.000000e+00
1136 0.000000e+00
1137 0.000000e+00
1138 0.000000e+00
1139 0.000000e+00
1140 5.827486e-07
1141 5.339873e-07
1142 4.142683e-07
1143 2.992682e-07
1144 2.248018e-07
1145 1.311919e-07
1146 8.075741e-08
1147 4.637790e-08
1148 2.726008e-08
1149 1.689370e-08
1150 0.000000e+00
1151 0.000000e+00
1152 0.000000e+00
1153 0.000000e+00
1154 0.000000e+00
1155 6.499630e-07
1156 5.958254e-07
1157 4.624212e-07
1158 3.340351e-07
1159 2.509506e-07
1160 1.465295e-07
1161 9.021925e-08
1162 5.180077e-08
1163 3.043750e-08
1164 1.885873e-08
1165 0.000000e+00
1166 0.000000e+00
1167 0.000000e+00
1168 0.000000e+00
1169 0.000000e+00
1170 7.283846e-07
1171 6.679733e-07
1172 5.186008e-07
1173 3.745984e-07
1174 2.814577e-07
1175 1.644239e-07
1176 1.012585e-07
1177 5.812754e-08
1178 3.414473e-08
1179 2.115149e-08
1180 0.000000e+00
1181 0.000000e+00
1182 0.000000e+00
1183 0.000000e+00
1184 0.000000e+00
1185 1.313247e-07
1186 1.296203e-07
1187 1.089922e-07
1188 7.961493e-08
1189 5.914689e-08
1190 4.019489e-08
1191 2.372160e-08
1192 1.351504e-08
1193 7.812836e-09
1194 4.616942e-09
1195 2.892184e-09
1196 0.000000e+00
1197 0.000000e+00
1198 0.000000e+00
1199 0.000000e+00
1200 2.309968e-07
1201 2.286636e-07
1202 1.930128e-07
1203 1.412415e-07
1204 1.047536e-07
1205 7.170307e-08
1206 4.210166e-08
1207 2.402144e-08
1208 1.390568e-08
1209 8.202327e-09
1210 5.127295e-09
1211 0.000000e+00
1212 0.000000e+00
1213 0.000000e+00
1214 0.000000e+00
1215 3.123231e-07
1216 3.095004e-07
1217 2.616147e-07
1218 1.915693e-07
1219 1.419926e-07
1220 9.744468e-08
1221 5.711208e-08
1222 3.260330e-08
1223 1.888242e-08
1224 1.113063e-08
1225 6.952517e-09
1226 0.000000e+00
1227 0.000000e+00
1228 0.000000e+00
1229 0.000000e+00
1230 3.831935e-07
1231 3.799432e-07
1232 3.213903e-07
1233 2.354215e-07
1234 1.744400e-07
1235 1.198757e-07
1236 7.019122e-08
1237 4.008120e-08
1238 2.321897e-08
1239 1.368230e-08
1240 8.542871e-09
1241 0.000000e+00
1242 0.000000e+00
1243 0.000000e+00
1244 0.000000e+00
1245 4.503977e-07
1246 4.467362e-07
1247 3.780737e-07
1248 2.770046e-07
1249 2.052095e-07
1250 1.411454e-07
1251 8.259382e-08
1252 4.717229e-08
1253 2.733118e-08
1254 1.610194e-08
1255 1.005098e-08
1256 0.000000e+00
1257 0.000000e+00
1258 0.000000e+00
1259 0.000000e+00
1260 5.288015e-07
1261 5.246659e-07
1262 4.442070e-07
1263 3.255223e-07
1264 2.411084e-07
1265 1.659601e-07
1266 9.706421e-08
1267 5.544503e-08
1268 3.212871e-08
1269 1.892488e-08
1270 1.181051e-08
1271 0.000000e+00
1272 0.000000e+00
1273 0.000000e+00
1274 0.000000e+00
1275 9.417844e-08
1276 9.805445e-08
1277 8.872371e-08
1278 6.786927e-08
1279 4.906009e-08
1280 3.674691e-08
1281 2.076076e-08
1282 1.253633e-08
1283 7.084041e-09
1284 4.092053e-09
1285 2.449966e-09
1286 0.000000e+00
1287 0.000000e+00
1288 0.000000e+00
1289 0.000000e+00
1290 1.734102e-07
1291 1.809403e-07
1292 1.642534e-07
1293 1.260056e-07
1294 9.102420e-08
1295 6.828935e-08
1296 3.869706e-08
1297 2.344702e-08
1298 1.321843e-08
1299 7.616208e-09
1300 4.550574e-09
1301 0.000000e+00
1302 0.000000e+00
1303 0.000000e+00
1304 0.000000e+00
1305 2.424634e-07
1306 2.531893e-07
1307 2.301013e-07
1308 1.766983e-07
1309 1.276148e-07
1310 9.579446e-08
1311 5.434250e-08
1312 3.296555e-08
1313 1.856968e-08
1314 1.068970e-08
1315 6.382327e-09
1316 0.000000e+00
1317 0.000000e+00
1318 0.000000e+00
1319 0.000000e+00
1320 3.078577e-07
1321 3.216065e-07
1322 2.924568e-07
1323 2.247029e-07
1324 1.622652e-07
1325 1.218404e-07
1326 6.915697e-08
1327 4.197839e-08
1328 2.363663e-08
1329 1.359998e-08
1330 8.116900e-09
1331 0.000000e+00
1332 0.000000e+00
1333 0.000000e+00
1334 0.000000e+00
1335 3.841561e-07
1336 4.014323e-07
1337 3.652105e-07
1338 2.807097e-07
1339 2.026908e-07
1340 1.522281e-07
1341 8.644124e-08
1342 5.249408e-08
1343 2.954836e-08
1344 1.699550e-08
1345 1.014064e-08
1346 0.000000e+00
1347 0.000000e+00
1348 0.000000e+00
1349 0.000000e+00
1350 7.189365e-08
1351 7.781192e-08
1352 7.460716e-08
1353 6.045076e-08
1354 4.360973e-08
1355 3.287759e-08
1356 2.053055e-08
1357 1.258964e-08
1358 6.989318e-09
1359 3.848507e-09
1360 2.224559e-09
1361 1.353008e-09
1362 0.000000e+00
1363 0.000000e+00
1364 0.000000e+00
1365 1.384302e-07
1366 1.500856e-07
1367 1.442854e-07
1368 1.172745e-07
1369 8.466130e-08
1370 6.376160e-08
1371 4.010237e-08
1372 2.451484e-08
1373 1.361274e-08
1374 7.499603e-09
1375 4.324502e-09
1376 2.624139e-09
1377 0.000000e+00
1378 0.000000e+00
1379 0.000000e+00
1380 2.010031e-07
1381 2.180563e-07
1382 2.098198e-07
1383 1.707216e-07
1384 1.232755e-07
1385 9.281020e-08
1386 5.851418e-08
1387 3.573215e-08
1388 1.984300e-08
1389 1.093430e-08
1390 6.299816e-09
1391 3.819753e-09
1392 0.000000e+00
1393 0.000000e+00
1394 0.000000e+00
1395 2.739546e-07
1396 2.973002e-07
1397 2.862206e-07
1398 2.330303e-07
1399 1.682909e-07
1400 1.266749e-07
1401 7.997821e-08
1402 4.880901e-08
1403 2.710609e-08
1404 1.493828e-08
1405 8.602574e-09
1406 5.213599e-09
1407 0.000000e+00
1408 0.000000e+00
1409 0.000000e+00
1410 5.841414e-08
1411 6.518815e-08
1412 6.547902e-08
1413 5.623375e-08
1414 4.144482e-08
1415 3.052815e-08
1416 2.150005e-08
1417 1.226951e-08
1418 6.906542e-09
1419 3.908130e-09
1420 2.173925e-09
1421 1.268023e-09
1422 0.000000e+00
1423 0.000000e+00
1424 0.000000e+00
1425 1.179116e-07
1426 1.317828e-07
1427 1.326736e-07
1428 1.143002e-07
1429 8.439439e-08
1430 6.208086e-08
1431 4.394435e-08
1432 2.498985e-08
1433 1.409936e-08
1434 7.976987e-09
1435 4.434720e-09
1436 2.581241e-09
1437 0.000000e+00
1438 0.000000e+00
1439 0.000000e+00
1440 1.864659e-07
1441 2.085133e-07
1442 2.100928e-07
1443 1.811975e-07
1444 1.338744e-07
1445 9.843172e-08
1446 6.979941e-08
1447 3.964442e-08
1448 2.238585e-08
1449 1.266432e-08
1450 7.039246e-09
1451 4.094128e-09
1452 0.000000e+00
1453 0.000000e+00
1454 0.000000e+00
1455 5.097161e-08
1456 5.840780e-08
1457 6.104482e-08
1458 5.545672e-08
1459 4.252312e-08
1460 3.071348e-08
1461 2.306740e-08
1462 1.293011e-08
1463 7.732675e-09
1464 4.236969e-09
1465 2.336078e-09
1466 1.304518e-09
1467 0.000000e+00
1468 0.000000e+00
1469 0.000000e+00
1470 1.144182e-07
1471 1.312914e-07
1472 1.375002e-07
1473 1.252948e-07
1474 9.633703e-08
1475 6.954064e-08
1476 5.230444e-08
1477 2.941261e-08
1478 1.765427e-08
1479 9.654127e-09
1480 5.309444e-09
1481 2.958528e-09
1482 0.000000e+00
1483 0.000000e+00
1484 0.000000e+00
1485 5.348387e-08
1486 6.284454e-08
1487 6.813800e-08
1488 6.541100e-08
1489 5.303302e-08
1490 3.826575e-08
1491 2.886820e-08
1492 1.794670e-08
1493 1.092271e-08
1494 5.927283e-09
1495 3.121828e-09
1496 1.684410e-09
1497 9.380881e-10
1498 0.000000e+00
1499 0.000000e+00
1500 1.109684e-04
1501 8.086786e-05
1502 6.035546e-05
1503 3.805236e-05
1504 2.321989e-05
1505 1.369104e-05
1506 8.324421e-06
1507 5.304277e-06
1508 3.565556e-06
1509 0.000000e+00
1510 0.000000e+00
1511 0.000000e+00
1512 0.000000e+00
1513 0.000000e+00
1514 0.000000e+00
1515 5.757601e-05
1516 4.644359e-05
1517 3.369791e-05
1518 2.528332e-05
1519 1.597668e-05
1520 9.754545e-06
1521 5.648866e-06
1522 3.364481e-06
1523 2.093966e-06
1524 1.379138e-06
1525 0.000000e+00
1526 0.000000e+00
1527 0.000000e+00
1528 0.000000e+00
1529 0.000000e+00
1530 4.047788e-05
1531 3.713775e-05
1532 2.882267e-05
1533 2.080348e-05
1534 1.566222e-05
1535 9.111532e-06
1536 5.625604e-06
1537 3.225263e-06
1538 1.896511e-06
1539 1.174730e-06
1540 0.000000e+00
1541 0.000000e+00
1542 0.000000e+00
1543 0.000000e+00
1544 0.000000e+00
1545 2.912801e-05
1546 2.891312e-05
1547 2.448503e-05
1548 1.793535e-05
1549 1.328396e-05
1550 9.154542e-06
1551 5.351144e-06
1552 3.053081e-06
1553 1.771954e-06
1554 1.042590e-06
1555 6.506122e-07
1556 0.000000e+00
1557 0.000000e+00
1558 0.000000e+00
1559 0.000000e+00
1560 2.085098e-05
1561 2.179680e-05
1562 1.983793e-05
1563 1.524768e-05
1564 1.100576e-05
1565 8.274949e-06
1566 4.689296e-06
1567 2.850415e-06
1568 1.602925e-06
1569 9.233707e-07
1570 5.506294e-07
1571 0.000000e+00
1572 0.000000e+00
1573 0.000000e+00
1574 0.000000e+00
1575 1.487210e-05
1576 1.614453e-05
1577 1.554949e-05
1578 1.266314e-05
1579 9.143013e-06
1580 6.883420e-06
1581 4.347301e-06
1582 2.655947e-06
1583 1.474901e-06
1584 8.112783e-07
1585 4.673052e-07
1586 2.832009e-07
1587 0.000000e+00
1588 0.000000e+00
1589 0.000000e+00
1590 1.001028e-05
1591 1.119728e-05
1592 1.128693e-05
1593 9.739022e-06
1594 7.195644e-06
1595 5.289411e-06
1596 3.755371e-06
1597 2.130464e-06
1598 1.202339e-06
1599 6.811759e-07
1600 3.783133e-07
1601 2.200058e-07
1602 0.000000e+00
1603 0.000000e+00
1604 0.000000e+00
1605 6.201116e-06
1606 7.118100e-06
1607 7.458527e-06
1608 6.801106e-06
1609 5.231433e-06
1610 3.775220e-06
1611 2.841823e-06
1612 1.597077e-06
1613 9.596537e-07
1614 5.242846e-07
1615 2.885232e-07
1616 1.606418e-07
1617 0.000000e+00
1618 0.000000e+00
1619 0.000000e+00
1620 3.163407e-06
1621 3.720115e-06
1622 4.038202e-06
1623 3.883392e-06
1624 3.154630e-06
1625 2.276770e-06
1626 1.716871e-06
1627 1.071974e-06
1628 6.518364e-07
1629 3.538249e-07
1630 1.861971e-07
1631 1.003484e-07
1632 5.578990e-08
1633 0.000000e+00
1634 0.000000e+00
1635 8.891198e-07
1636 1.072208e-06
1637 1.206146e-06
1638 1.224576e-06
1639 1.066696e-06
1640 7.933436e-07
1641 5.815894e-07
1642 4.169104e-07
1643 2.343421e-07
1644 1.314261e-07
1645 7.164692e-08
1646 3.730540e-08
1647 1.958823e-08
1648 0.000000e+00
1649 0.000000e+00
