0 2.228990e-09
1 1.448280e-09
2 9.106233e-10
3 5.735943e-10
4 3.687759e-10
5 2.426905e-10
6 1.613984e-10
7 1.060100e-10
8 6.716424e-11
9 4.033015e-11
10 2.272981e-11
11 1.200233e-11
12 5.983458e-12
13 2.846116e-12
14 1.308098e-12
15 3.770141e-09
16 2.506876e-09
17 1.592868e-09
18 9.929334e-10
19 6.280110e-10
20 4.067736e-10
21 2.691675e-10
22 1.784922e-10
23 1.157217e-10
24 7.176466e-11
25 4.191979e-11
26 2.292827e-11
27 1.177158e-11
28 5.726546e-12
29 2.672619e-12
30 4.317221e-09
31 2.890367e-09
32 1.846462e-09
33 1.149610e-09
34 7.240497e-10
35 4.665202e-10
36 3.077746e-10
37 2.042632e-10
38 1.330770e-10
39 8.319468e-11
40 4.907351e-11
41 2.712178e-11
42 1.405421e-11
43 6.888607e-12
44 3.232268e-12
45 4.619362e-09
46 3.101668e-09
47 1.986319e-09
48 1.236072e-09
49 7.770919e-10
50 4.995687e-10
51 3.290800e-10
52 2.184748e-10
53 1.426371e-10
54 8.946377e-11
55 5.301016e-11
56 2.943092e-11
57 1.531312e-11
58 7.530165e-12
59 3.541423e-12
60 4.821265e-09
61 3.243402e-09
62 2.080084e-09
63 1.294084e-09
64 8.127209e-10
65 5.217605e-10
66 3.433703e-10
67 2.280108e-10
68 1.490394e-10
69 9.368104e-11
70 5.565397e-11
71 3.097964e-11
72 1.615685e-11
73 7.959800e-12
74 3.748295e-12
75 4.972642e-09
76 3.349452e-09
77 2.150463e-09
78 1.337730e-09
79 8.394091e-10
80 5.383437e-10
81 3.541216e-10
82 2.351515e-10
83 1.538697e-10
84 9.686409e-11
85 5.764196e-11
86 3.214162e-11
87 1.679280e-11
88 8.282795e-12
89 3.904128e-12
90 5.096080e-09
91 3.435976e-09
92 2.207545e-09
93 1.373027e-09
94 8.610477e-10
95 5.518490e-10
96 3.628298e-10
97 2.409493e-10
98 1.577770e-10
99 9.943620e-11
100 5.926342e-11
101 3.309097e-11
102 1.731025e-11
103 8.545881e-12
104 4.030822e-12
105 5.203792e-09
106 3.511117e-09
107 2.257425e-09
108 1.403868e-09
109 8.799900e-10
110 5.635591e-10
111 3.703797e-10
112 2.460389e-10
113 1.611521e-10
114 1.016590e-10
115 6.064824e-11
116 3.391375e-11
117 1.775665e-11
118 8.775090e-12
119 4.141130e-12
120 5.306050e-09
121 3.583187e-09
122 2.305386e-09
123 1.432996e-09
124 8.980398e-10
125 5.748186e-10
126 3.776526e-10
127 2.508770e-10
128 1.644644e-10
129 1.038325e-10
130 6.201979e-11
131 3.470100e-11
132 1.818628e-11
133 8.992568e-12
134 4.246038e-12
135 5.423404e-09
136 3.664947e-09
137 2.360144e-09
138 1.467277e-09
139 9.188338e-10
140 5.877906e-10
141 3.860125e-10
142 2.563813e-10
143 1.682002e-10
144 1.063094e-10
145 6.356534e-11
146 3.561331e-11
147 1.868418e-11
148 9.244081e-12
149 4.367214e-12
150 7.885572e-09
151 5.428298e-09
152 3.564890e-09
153 2.226450e-09
154 1.380668e-09
155 8.705183e-10
156 5.646230e-10
157 3.737098e-10
158 2.471012e-10
159 1.590693e-10
160 9.754248e-11
161 5.620195e-11
162 3.028358e-11
163 1.532399e-11
164 7.359521e-12
165 9.964605e-09
166 6.945851e-09
167 4.627411e-09
168 2.919845e-09
169 1.801190e-09
170 1.126436e-09
171 7.226810e-10
172 4.752719e-10
173 3.147343e-10
174 2.044888e-10
175 1.273568e-10
176 7.480459e-11
177 4.111549e-11
178 2.117720e-11
179 1.031449e-11
180 1.116854e-08
181 7.828531e-09
182 5.246106e-09
183 3.327616e-09
184 2.048987e-09
185 1.277393e-09
186 8.154285e-10
187 5.346042e-10
188 3.540418e-10
189 2.309135e-10
190 1.447330e-10
191 8.568396e-11
192 4.749232e-11
193 2.465231e-11
194 1.208078e-11
195 1.197788e-08
196 8.423128e-09
197 5.662973e-09
198 3.601461e-09
199 2.216012e-09
200 1.378825e-09
201 8.778167e-10
202 5.746239e-10
203 3.805969e-10
204 2.487203e-10
205 1.564487e-10
206 9.302697e-11
207 5.179765e-11
208 2.699753e-11
209 1.327315e-11
210 1.258446e-08
211 8.868651e-09
212 5.976279e-09
213 3.807260e-09
214 2.341445e-09
215 1.455181e-09
216 9.247112e-10
217 6.046047e-10
218 4.004587e-10
219 2.620359e-10
220 1.652062e-10
221 9.852372e-11
222 5.501594e-11
223 2.875287e-11
224 1.416567e-11
225 1.307751e-08
226 9.230120e-09
227 6.229802e-09
228 3.974626e-09
229 2.443201e-09
230 1.516872e-09
231 9.626422e-10
232 6.288748e-10
233 4.165525e-10
234 2.728536e-10
235 1.723192e-10
236 1.029674e-10
237 5.762653e-11
238 3.017377e-11
239 1.488906e-11
240 1.350511e-08
241 9.543414e-09
242 6.449770e-09
243 4.119173e-09
244 2.531382e-09
245 1.570523e-09
246 9.956243e-10
247 6.499540e-10
248 4.305999e-10
249 2.822708e-10
250 1.785125e-10
251 1.068523e-10
252 5.990358e-11
253 3.141464e-11
254 1.551390e-11
255 1.391359e-08
256 9.843643e-09
257 6.660734e-09
258 4.258001e-09
259 2.616129e-09
260 1.622220e-09
261 1.027142e-09
262 6.701104e-10
263 4.439775e-10
264 2.912483e-10
265 1.844182e-10
266 1.105537e-10
267 6.207603e-11
268 3.259244e-11
269 1.611776e-11
270 1.438738e-08
271 1.019106e-08
272 6.904303e-09
273 4.418461e-09
274 2.713195e-09
275 1.681771e-09
276 1.063930e-09
277 6.935299e-10
278 4.594499e-10
279 3.016431e-10
280 1.912708e-10
281 1.148490e-10
282 6.459226e-11
283 3.396207e-11
284 1.681393e-11
285 1.363549e-08
286 9.699369e-09
287 6.587117e-09
288 4.249915e-09
289 2.618591e-09
290 1.621976e-09
291 1.022627e-09
292 6.634823e-10
293 4.377363e-10
294 2.869166e-10
295 1.821674e-10
296 1.098640e-10
297 6.221171e-11
298 3.298018e-11
299 1.645370e-11
300 1.603867e-08
301 1.153799e-08
302 7.906269e-09
303 5.159542e-09
304 3.190829e-09
305 1.966530e-09
306 1.230255e-09
307 7.920536e-10
308 5.206718e-10
309 3.420721e-10
310 2.188941e-10
311 1.335974e-10
312 7.673321e-11
313 4.127020e-11
314 2.085373e-11
315 1.768257e-08
316 1.280277e-08
317 8.814775e-09
318 5.787711e-09
319 3.588336e-09
320 2.205115e-09
321 1.374419e-09
322 8.811536e-10
323 5.779577e-10
324 3.800744e-10
325 2.441960e-10
326 1.499700e-10
327 8.677297e-11
328 4.701873e-11
329 2.391494e-11
330 1.891819e-08
331 1.375033e-08
332 9.496370e-09
333 6.258470e-09
334 3.886349e-09
335 2.384583e-09
336 1.482409e-09
337 9.479264e-10
338 6.209803e-10
339 4.085770e-10
340 2.631696e-10
341 1.622458e-10
342 9.430424e-11
343 5.133261e-11
344 2.621274e-11
345 1.991823e-08
346 1.452099e-08
347 1.005016e-08
348 6.640157e-09
349 4.127773e-09
350 2.529915e-09
351 1.569779e-09
352 1.001947e-09
353 6.557076e-10
354 4.316324e-10
355 2.785277e-10
356 1.721825e-10
357 1.003964e-10
358 5.482080e-11
359 2.807237e-11
360 2.079194e-08
361 1.519272e-08
362 1.053278e-08
363 6.972551e-09
364 4.338176e-09
365 2.656290e-09
366 1.646058e-09
367 1.049140e-09
368 6.860689e-10
369 4.517999e-10
370 2.919367e-10
371 1.808587e-10
372 1.057175e-10
373 5.786818e-11
374 2.969284e-11
375 2.161706e-08
376 1.582908e-08
377 1.099039e-08
378 7.287981e-09
379 4.537241e-09
380 2.776117e-09
381 1.718318e-09
382 1.093766e-09
383 7.147869e-10
384 4.708609e-10
385 3.046380e-10
386 1.890705e-10
387 1.107518e-10
388 6.075003e-11
389 3.122750e-11
390 2.258322e-08
391 1.657020e-08
392 1.152306e-08
393 7.656382e-09
394 4.770648e-09
395 2.916926e-09
396 1.803172e-09
397 1.146194e-09
398 7.484272e-10
399 4.932268e-10
400 3.195229e-10
401 1.987056e-10
402 1.166510e-10
403 6.412888e-11
404 3.302767e-11
405 1.966125e-08
406 1.440619e-08
407 9.996245e-09
408 6.626773e-09
409 4.146697e-09
410 2.539136e-09
411 1.574725e-09
412 1.001360e-09
413 6.528359e-10
414 4.288071e-10
415 2.766556e-10
416 1.714030e-10
417 1.003793e-10
418 5.514092e-11
419 2.842191e-11
420 2.231617e-08
421 1.654093e-08
422 1.156632e-08
423 7.731147e-09
424 4.879083e-09
425 2.979332e-09
426 1.839741e-09
427 1.161243e-09
428 7.528186e-10
429 4.938677e-10
430 3.198318e-10
431 1.997215e-10
432 1.182149e-10
433 6.571516e-11
434 3.426518e-11
435 2.431928e-08
436 1.815481e-08
437 1.275242e-08
438 8.568533e-09
439 5.434454e-09
440 3.313616e-09
441 2.041356e-09
442 1.282554e-09
443 8.287605e-10
444 5.431903e-10
445 3.525435e-10
446 2.211764e-10
447 1.317398e-10
448 7.374444e-11
449 3.870912e-11
450 2.594061e-08
451 1.946246e-08
452 1.371666e-08
453 9.247809e-09
454 5.884322e-09
455 3.584634e-09
456 2.204342e-09
457 1.380975e-09
458 8.901252e-10
459 5.831189e-10
460 3.790268e-10
461 2.385469e-10
462 1.426871e-10
463 8.024219e-11
464 4.230505e-11
465 2.735945e-08
466 2.060525e-08
467 1.455778e-08
468 9.838357e-09
469 6.276866e-09
470 3.821327e-09
471 2.346388e-09
472 1.466560e-09
473 9.436940e-10
474 6.179676e-10
475 4.021427e-10
476 2.537082e-10
477 1.522434e-10
478 8.591535e-11
479 4.544333e-11
480 2.869862e-08
481 2.168420e-08
482 1.535091e-08
483 1.039732e-08
484 6.648246e-09
485 4.044354e-09
486 2.481048e-09
487 1.547481e-09
488 9.943046e-10
489 6.508865e-10
490 4.240117e-10
491 2.680506e-10
492 1.612809e-10
493 9.126870e-11
494 4.840557e-11
495 3.026762e-08
496 2.294338e-08
497 1.628076e-08
498 1.105228e-08
499 7.082582e-09
500 4.306232e-09
501 2.638596e-09
502 1.642470e-09
503 1.053642e-09
504 6.894665e-10
505 4.495715e-10
506 2.847970e-10
507 1.718468e-10
508 9.754947e-11
509 5.188178e-11
510 2.601128e-08
511 1.961388e-08
512 1.387490e-08
513 9.372218e-09
514 5.996782e-09
515 3.661734e-09
516 2.249692e-09
517 1.405059e-09
518 9.025365e-10
519 5.896638e-10
520 3.829229e-10
521 2.412731e-10
522 1.447656e-10
523 8.179883e-11
524 4.337670e-11
525 2.891883e-08
526 2.205709e-08
527 1.572671e-08
528 1.069416e-08
529 6.901111e-09
530 4.220630e-09
531 2.584425e-09
532 1.603566e-09
533 1.024000e-09
534 6.668268e-10
535 4.335015e-10
536 2.745468e-10
537 1.660842e-10
538 9.478748e-11
539 5.079373e-11
540 3.128118e-08
541 2.404234e-08
542 1.723081e-08
543 1.176876e-08
544 7.636042e-09
545 4.676201e-09
546 2.856170e-09
547 1.765030e-09
548 1.122500e-09
549 7.295158e-10
550 4.745872e-10
551 3.015764e-10
552 1.834018e-10
553 1.053405e-10
554 5.682164e-11
555 3.333961e-08
556 2.577310e-08
557 1.854439e-08
558 1.270448e-08
559 8.277239e-09
560 5.072348e-09
561 3.093347e-09
562 1.905771e-09
563 1.208553e-09
564 7.841747e-10
565 5.104037e-10
566 3.251378e-10
567 1.984985e-10
568 1.145403e-10
569 6.207669e-11
570 3.528935e-08
571 2.741231e-08
572 1.978800e-08
573 1.359161e-08
574 8.885213e-09
575 5.448014e-09
576 3.318006e-09
577 2.039176e-09
578 1.290021e-09
579 8.359599e-10
580 5.443596e-10
581 3.474770e-10
582 2.128107e-10
583 1.232609e-10
584 6.705753e-11
585 3.757584e-08
586 2.932867e-08
587 2.124258e-08
588 1.462872e-08
589 9.593725e-09
590 5.886623e-09
591 3.580222e-09
592 2.194698e-09
593 1.385052e-09
594 8.963665e-10
595 5.839566e-10
596 3.735324e-10
597 2.295061e-10
598 1.334338e-10
599 7.286780e-11
600 3.278258e-08
601 2.541440e-08
602 1.833420e-08
603 1.257531e-08
604 8.210124e-09
605 5.053963e-09
606 3.079205e-09
607 1.896238e-09
608 1.199922e-09
609 7.766870e-10
610 5.045990e-10
611 3.212139e-10
612 1.962298e-10
613 1.134597e-10
614 6.169102e-11
615 3.601727e-08
616 2.823469e-08
617 2.054740e-08
618 1.417719e-08
619 9.325681e-09
620 5.770954e-09
621 3.504189e-09
622 2.148385e-09
623 1.350823e-09
624 8.703981e-10
625 5.649712e-10
626 3.607482e-10
627 2.217748e-10
628 1.293266e-10
629 7.099571e-11
630 3.883223e-08
631 3.069385e-08
632 2.247282e-08
633 1.556993e-08
634 1.029735e-08
635 6.394925e-09
636 3.874171e-09
637 2.367749e-09
638 1.482302e-09
639 9.519285e-10
640 6.175257e-10
641 3.951674e-10
642 2.440176e-10
643 1.431425e-10
644 7.909707e-11
645 4.149784e-08
646 3.302220e-08
647 2.429700e-08
648 1.689114e-08
649 1.121754e-08
650 6.986150e-09
651 4.224662e-09
652 2.575685e-09
653 1.606768e-09
654 1.029179e-09
655 6.673056e-10
656 4.277738e-10
657 2.650891e-10
658 1.562293e-10
659 8.676885e-11
660 4.462030e-08
661 3.574468e-08
662 2.642864e-08
663 1.843249e-08
664 1.229098e-08
665 7.675603e-09
666 4.633100e-09
667 2.817981e-09
668 1.751910e-09
669 1.119324e-09
670 7.253839e-10
671 4.658201e-10
672 2.896785e-10
673 1.715015e-10
674 9.572330e-11
675 4.020287e-08
676 3.200515e-08
677 2.358566e-08
678 1.641140e-08
679 1.089881e-08
680 6.812297e-09
681 4.122873e-09
682 2.516309e-09
683 1.567780e-09
684 1.002360e-09
685 6.485699e-10
686 4.150509e-10
687 2.569437e-10
688 1.514481e-10
689 8.421656e-11
690 4.392838e-08
691 3.537691e-08
692 2.632236e-08
693 1.842723e-08
694 1.232047e-08
695 7.757495e-09
696 4.687279e-09
697 2.851975e-09
698 1.765211e-09
699 1.121943e-09
700 7.240303e-10
701 4.639280e-10
702 2.885997e-10
703 1.713620e-10
704 9.615132e-11
705 4.745027e-08
706 3.856234e-08
707 2.890125e-08
708 2.033209e-08
709 1.366240e-08
710 8.648917e-09
711 5.218793e-09
712 3.167935e-09
713 1.951204e-09
714 1.234698e-09
715 7.952333e-10
716 5.100742e-10
717 3.184807e-10
718 1.901675e-10
719 1.074171e-10
720 5.156750e-08
721 4.228604e-08
722 3.191083e-08
723 2.255107e-08
724 1.522496e-08
725 9.688272e-09
726 5.838435e-09
727 3.536674e-09
728 2.167899e-09
729 1.366178e-09
730 8.781674e-10
731 5.638387e-10
732 3.532992e-10
733 2.120801e-10
734 1.205443e-10
735 4.871170e-08
736 3.983549e-08
737 3.004683e-08
738 2.123800e-08
739 1.431921e-08
740 9.119156e-09
741 5.516008e-09
742 3.343463e-09
743 2.050883e-09
744 1.292046e-09
745 8.291448e-10
746 5.310746e-10
747 3.319289e-10
748 1.988370e-10
749 1.128822e-10
750 5.331242e-08
751 4.414164e-08
752 3.366679e-08
753 2.397504e-08
754 1.626767e-08
755 1.044854e-08
756 6.330369e-09
757 3.824937e-09
758 2.330879e-09
759 1.458440e-09
760 9.316449e-10
761 5.963529e-10
762 3.739816e-10
763 2.254998e-10
764 1.291405e-10
765 5.867458e-08
766 4.915542e-08
767 3.786192e-08
768 2.714966e-08
769 1.852709e-08
770 1.199077e-08
771 7.274060e-09
772 4.383335e-09
773 2.654979e-09
774 1.651243e-09
775 1.050448e-09
776 6.720831e-10
777 4.227904e-10
778 2.564508e-10
779 1.480114e-10
780 5.928265e-08
781 4.990485e-08
782 3.867482e-08
783 2.787325e-08
784 1.907758e-08
785 1.240051e-08
786 7.567966e-09
787 4.551090e-09
788 2.752078e-09
789 1.704410e-09
790 1.079549e-09
791 6.885689e-10
792 4.327485e-10
793 2.628153e-10
794 1.521783e-10
795 6.634940e-08
796 5.674519e-08
797 4.463629e-08
798 3.253404e-08
799 2.244599e-08
800 1.474284e-08
801 9.062211e-09
802 5.427387e-09
803 3.261414e-09
804 2.000842e-09
805 1.257184e-09
806 7.989372e-10
807 5.028940e-10
808 3.073000e-10
809 1.796526e-10
810 7.619162e-08
811 6.663495e-08
812 5.366761e-08
813 3.990521e-08
814 2.790334e-08
815 1.859398e-08
816 1.163071e-08
817 6.947756e-09
818 4.151215e-09
819 2.507892e-09
820 1.551049e-09
821 9.752176e-10
822 6.120419e-10
823 3.757889e-10
824 2.221840e-10
825 5.049422e-07
826 3.688107e-07
827 2.732812e-07
828 1.700929e-07
829 1.036222e-07
830 6.138803e-08
831 3.748432e-08
832 2.404824e-08
833 1.623416e-08
834 0.000000e+00
835 0.000000e+00
836 0.000000e+00
837 0.000000e+00
838 0.000000e+00
839 0.000000e+00
840 7.611046e-07
841 5.560550e-07
842 4.124713e-07
843 2.596819e-07
844 1.578107e-07
845 9.337374e-08
846 5.690739e-08
847 3.637326e-08
848 2.448678e-08
849 0.000000e+00
850 0.000000e+00
851 0.000000e+00
852 0.000000e+00
853 0.000000e+00
854 0.000000e+00
855 9.036465e-07
856 6.602677e-07
857 4.899298e-07
858 3.096158e-07
859 1.879914e-07
860 1.111905e-07
861 6.772531e-08
862 4.323483e-08
863 2.907983e-08
864 0.000000e+00
865 0.000000e+00
866 0.000000e+00
867 0.000000e+00
868 0.000000e+00
869 0.000000e+00
870 9.995091e-07
871 7.303507e-07
872 5.420228e-07
873 3.431975e-07
874 2.082902e-07
875 1.231729e-07
876 7.500076e-08
877 4.784984e-08
878 3.216875e-08
879 0.000000e+00
880 0.000000e+00
881 0.000000e+00
882 0.000000e+00
883 0.000000e+00
884 0.000000e+00
885 1.071373e-06
886 7.828926e-07
887 5.810717e-07
888 3.683717e-07
889 2.235075e-07
890 1.321559e-07
891 8.045483e-08
892 5.130939e-08
893 3.448457e-08
894 0.000000e+00
895 0.000000e+00
896 0.000000e+00
897 0.000000e+00
898 0.000000e+00
899 0.000000e+00
900 1.129613e-06
901 8.254718e-07
902 6.127209e-07
903 3.887734e-07
904 2.358389e-07
905 1.394360e-07
906 8.487476e-08
907 5.411320e-08
908 3.636127e-08
909 0.000000e+00
910 0.000000e+00
911 0.000000e+00
912 0.000000e+00
913 0.000000e+00
914 0.000000e+00
915 1.180436e-06
916 8.626265e-07
917 6.403369e-07
918 4.065777e-07
919 2.466007e-07
920 1.457882e-07
921 8.873189e-08
922 5.655969e-08
923 3.799890e-08
924 0.000000e+00
925 0.000000e+00
926 0.000000e+00
927 0.000000e+00
928 0.000000e+00
929 0.000000e+00
930 1.228616e-06
931 8.978518e-07
932 6.665186e-07
933 4.234559e-07
934 2.568024e-07
935 1.518100e-07
936 9.238838e-08
937 5.887900e-08
938 3.955132e-08
939 0.000000e+00
940 0.000000e+00
941 0.000000e+00
942 0.000000e+00
943 0.000000e+00
944 0.000000e+00
945 1.284834e-06
946 9.389553e-07
947 6.970674e-07
948 4.431509e-07
949 2.687061e-07
950 1.588373e-07
951 9.665534e-08
952 6.158518e-08
953 4.136294e-08
954 0.000000e+00
955 0.000000e+00
956 0.000000e+00
957 0.000000e+00
958 0.000000e+00
959 0.000000e+00
960 3.371202e-07
961 2.684754e-07
962 1.947498e-07
963 1.460498e-07
964 9.035082e-08
965 5.530940e-08
966 3.214814e-08
967 1.922297e-08
968 1.204714e-08
969 7.976331e-09
970 0.000000e+00
971 0.000000e+00
972 0.000000e+00
973 0.000000e+00
974 0.000000e+00
975 5.203933e-07
976 4.172914e-07
977 3.029903e-07
978 2.270082e-07
979 1.422730e-07
980 8.674774e-08
981 5.038556e-08
982 3.008771e-08
983 1.878746e-08
984 1.240246e-08
985 0.000000e+00
986 0.000000e+00
987 0.000000e+00
988 0.000000e+00
989 0.000000e+00
990 6.450467e-07
991 5.185899e-07
992 3.766854e-07
993 2.821154e-07
994 1.776664e-07
995 1.081627e-07
996 6.280937e-08
997 3.748913e-08
998 2.337775e-08
999 1.541571e-08
1000 0.000000e+00
1001 0.000000e+00
1002 0.000000e+00
1003 0.000000e+00
1004 0.000000e+00
1005 7.384696e-07
1006 5.945026e-07
1007 4.319098e-07
1008 3.234129e-07
1009 2.041898e-07
1010 1.242099e-07
1011 7.211979e-08
1012 4.303587e-08
1013 2.681752e-08
1014 1.767379e-08
1015 0.000000e+00
1016 0.000000e+00
1017 0.000000e+00
1018 0.000000e+00
1019 0.000000e+00
1020 8.141855e-07
1021 6.560228e-07
1022 4.766662e-07
1023 3.568805e-07
1024 2.256861e-07
1025 1.372166e-07
1026 7.966565e-08
1027 4.753096e-08
1028 2.960550e-08
1029 1.950373e-08
1030 0.000000e+00
1031 0.000000e+00
1032 0.000000e+00
1033 0.000000e+00
1034 0.000000e+00
1035 8.802415e-07
1036 7.096999e-07
1037 5.157194e-07
1038 3.860812e-07
1039 2.444407e-07
1040 1.485642e-07
1041 8.624897e-08
1042 5.145311e-08
1043 3.203791e-08
1044 2.110057e-08
1045 0.000000e+00
1046 0.000000e+00
1047 0.000000e+00
1048 0.000000e+00
1049 0.000000e+00
1050 9.428776e-07
1051 7.605985e-07
1052 5.527455e-07
1053 4.137682e-07
1054 2.622226e-07
1055 1.593246e-07
1056 9.249152e-08
1057 5.517182e-08
1058 3.434424e-08
1059 2.261452e-08
1060 0.000000e+00
1061 0.000000e+00
1062 0.000000e+00
1063 0.000000e+00
1064 0.000000e+00
1065 1.015963e-06
1066 8.199900e-07
1067 5.959522e-07
1068 4.460792e-07
1069 2.829731e-07
1070 1.718809e-07
1071 9.977557e-08
1072 5.951157e-08
1073 3.703549e-08
1074 2.438120e-08
1075 0.000000e+00
1076 0.000000e+00
1077 0.000000e+00
1078 0.000000e+00
1079 0.000000e+00
1080 1.978731e-07
1081 1.799417e-07
1082 1.386179e-07
1083 1.002435e-07
1084 7.511506e-08
1085 4.341375e-08
1086 2.660705e-08
1087 1.534156e-08
1088 9.072766e-09
1089 5.644813e-09
1090 0.000000e+00
1091 0.000000e+00
1092 0.000000e+00
1093 0.000000e+00
1094 0.000000e+00
1095 3.305682e-07
1096 3.019727e-07
1097 2.336033e-07
1098 1.688251e-07
1099 1.266944e-07
1100 7.364625e-08
1101 4.525636e-08
1102 2.603143e-08
1103 1.533849e-08
1104 9.520747e-09
1105 0.000000e+00
1106 0.000000e+00
1107 0.000000e+00
1108 0.000000e+00
1109 0.000000e+00
1110 4.308790e-07
1111 3.942652e-07
1112 3.054702e-07
1113 2.207135e-07
1114 1.657207e-07
1115 9.653796e-08
1116 5.937849e-08
1117 3.412513e-08
1118 2.008087e-08
1119 1.245364e-08
1120 0.000000e+00
1121 0.000000e+00
1122 0.000000e+00
1123 0.000000e+00
1124 0.000000e+00
1125 5.121113e-07
1126 4.689963e-07
1127 3.636627e-07
1128 2.627297e-07
1129 1.973206e-07
1130 1.150730e-07
1131 7.081317e-08
1132 4.067864e-08
1133 2.392074e-08
1134 1.482850e-08
1135 0.000000e+00
1136 0.000000e+00
1137 0.000000e+00
1138 0.000000e+00
1139 0.000000e+00
1140 5.829803e-07
1141 5.342004e-07
1142 4.144343e-07
1143 2.993880e-07
1144 2.248919e-07
1145 1.312448e-07
1146 8.079002e-08
1147 4.639660e-08
1148 2.727103e-08
1149 1.690047e-08
1150 0.000000e+00
1151 0.000000e+00
1152 0.000000e+00
1153 0.000000e+00
1154 0.000000e+00
1155 6.501803e-07
1156 5.960254e-07
1157 4.625769e-07
1158 3.341476e-07
1159 2.510352e-07
1160 1.465791e-07
1161 9.024985e-08
1162 5.181831e-08
1163 3.044777e-08
1164 1.886508e-08
1165 0.000000e+00
1166 0.000000e+00
1167 0.000000e+00
1168 0.000000e+00
1169 0.000000e+00
1170 7.285942e-07
1171 6.681662e-07
1172 5.187510e-07
1173 3.747068e-07
1174 2.815392e-07
1175 1.644718e-07
1176 1.012880e-07
1177 5.814446e-08
1178 3.415465e-08
1179 2.115762e-08
1180 0.000000e+00
1181 0.000000e+00
1182 0.000000e+00
1183 0.000000e+00
1184 0.000000e+00
1185 1.309956e-07
1186 1.292844e-07
1187 1.086975e-07
1188 7.939485e-08
1189 5.898658e-08
1190 4.007714e-08
1191 2.365575e-08
1192 1.347685e-08
1193 7.790515e-09
1194 4.603989e-09
1195 2.884252e-09
1196 0.000000e+00
1197 0.000000e+00
1198 0.000000e+00
1199 0.000000e+00
1200 2.312433e-07
1201 2.289085e-07
1202 1.932203e-07
1203 1.413937e-07
1204 1.048660e-07
1205 7.178066e-08
1206 4.214703e-08
1207 2.404731e-08
1208 1.392070e-08
1209 8.211175e-09
1210 5.132811e-09
1211 0.000000e+00
1212 0.000000e+00
1213 0.000000e+00
1214 0.000000e+00
1215 3.125656e-07
1216 3.097414e-07
1217 2.618192e-07
1218 1.917193e-07
1219 1.421036e-07
1220 9.752142e-08
1221 5.715683e-08
1222 3.262888e-08
1223 1.889725e-08
1224 1.113936e-08
1225 6.957958e-09
1226 0.000000e+00
1227 0.000000e+00
1228 0.000000e+00
1229 0.000000e+00
1230 3.834246e-07
1231 3.801729e-07
1232 3.215853e-07
1233 2.355645e-07
1234 1.745458e-07
1235 1.199488e-07
1236 7.023387e-08
1237 4.010558e-08
1238 2.323311e-08
1239 1.369064e-08
1240 8.548058e-09
1241 0.000000e+00
1242 0.000000e+00
1243 0.000000e+00
1244 0.000000e+00
1245 4.506149e-07
1246 4.469520e-07
1247 3.782569e-07
1248 2.771390e-07
1249 2.053089e-07
1250 1.412142e-07
1251 8.263390e-08
1252 4.719520e-08
1253 2.734447e-08
1254 1.610976e-08
1255 1.005585e-08
1256 0.000000e+00
1257 0.000000e+00
1258 0.000000e+00
1259 0.000000e+00
1260 5.290114e-07
1261 5.248746e-07
1262 4.443840e-07
1263 3.256522e-07
1264 2.412045e-07
1265 1.660265e-07
1266 9.710295e-08
1267 5.546717e-08
1268 3.214155e-08
1269 1.893244e-08
1270 1.181522e-08
1271 0.000000e+00
1272 0.000000e+00
1273 0.000000e+00
1274 0.000000e+00
1275 9.380479e-08
1276 9.765628e-08
1277 8.835139e-08
1278 6.757670e-08
1279 4.884985e-08
1280 3.658722e-08
1281 2.066751e-08
1282 1.247830e-08
1283 7.051934e-09
1284 4.073982e-09
1285 2.439351e-09
1286 0.000000e+00
1287 0.000000e+00
1288 0.000000e+00
1289 0.000000e+00
1290 1.736404e-07
1291 1.811810e-07
1292 1.644725e-07
1293 1.261741e-07
1294 9.114585e-08
1295 6.838077e-08
1296 3.874898e-08
1297 2.347858e-08
1298 1.323619e-08
1299 7.626417e-09
1300 4.556653e-09
1301 0.000000e+00
1302 0.000000e+00
1303 0.000000e+00
1304 0.000000e+00
1305 2.426886e-07
1306 2.534249e-07
1307 2.303160e-07
1308 1.768635e-07
1309 1.277341e-07
1310 9.588413e-08
1311 5.439350e-08
1312 3.299658e-08
1313 1.858712e-08
1314 1.069972e-08
1315 6.388298e-09
1316 0.000000e+00
1317 0.000000e+00
1318 0.000000e+00
1319 0.000000e+00
1320 3.080696e-07
1321 3.218282e-07
1322 2.926588e-07
1323 2.248584e-07
1324 1.623775e-07
1325 1.219248e-07
1326 6.920498e-08
1327 4.200753e-08
1328 2.365305e-08
1329 1.360941e-08
1330 8.122520e-09
1331 0.000000e+00
1332 0.000000e+00
1333 0.000000e+00
1334 0.000000e+00
1335 3.843610e-07
1336 4.016468e-07
1337 3.654057e-07
1338 2.808599e-07
1339 2.027992e-07
1340 1.523095e-07
1341 8.648759e-08
1342 5.252228e-08
1343 2.956421e-08
1344 1.700461e-08
1345 1.014607e-08
1346 0.000000e+00
1347 0.000000e+00
1348 0.000000e+00
1349 0.000000e+00
1350 7.153775e-08
1351 7.742042e-08
1352 7.422199e-08
1353 6.012972e-08
1354 4.337648e-08
1355 3.270354e-08
1356 2.041454e-08
1357 1.252058e-08
1358 6.950896e-09
1359 3.827165e-09
1360 2.212502e-09
1361 1.345832e-09
1362 0.000000e+00
1363 0.000000e+00
1364 0.000000e+00
1365 1.386425e-07
1366 1.503161e-07
1367 1.445076e-07
1368 1.174555e-07
1369 8.479210e-08
1370 6.386003e-08
1371 4.016467e-08
1372 2.455282e-08
1373 1.363383e-08
1374 7.511229e-09
1375 4.331191e-09
1376 2.628190e-09
1377 0.000000e+00
1378 0.000000e+00
1379 0.000000e+00
1380 2.012053e-07
1381 2.182760e-07
1382 2.100315e-07
1383 1.708944e-07
1384 1.234003e-07
1385 9.290407e-08
1386 5.857368e-08
1387 3.576840e-08
1388 1.986314e-08
1389 1.094540e-08
1390 6.306199e-09
1391 3.823617e-09
1392 0.000000e+00
1393 0.000000e+00
1394 0.000000e+00
1395 2.741492e-07
1396 2.975115e-07
1397 2.864243e-07
1398 2.331965e-07
1399 1.684109e-07
1400 1.267652e-07
1401 8.003545e-08
1402 4.884388e-08
1403 2.712546e-08
1404 1.494896e-08
1405 8.608715e-09
1406 5.217316e-09
1407 0.000000e+00
1408 0.000000e+00
1409 0.000000e+00
1410 5.813968e-08
1411 6.487708e-08
1412 6.515927e-08
1413 5.595031e-08
1414 4.123212e-08
1415 3.037350e-08
1416 2.138585e-08
1417 1.220638e-08
1418 6.870094e-09
1419 3.887646e-09
1420 2.162567e-09
1421 1.261534e-09
1422 0.000000e+00
1423 0.000000e+00
1424 0.000000e+00
1425 1.181009e-07
1426 1.319946e-07
1427 1.328875e-07
1428 1.144850e-07
1429 8.453104e-08
1430 6.218126e-08
1431 4.401575e-08
1432 2.503034e-08
1433 1.412224e-08
1434 7.989932e-09
1435 4.441912e-09
1436 2.585417e-09
1437 0.000000e+00
1438 0.000000e+00
1439 0.000000e+00
1440 1.866492e-07
1441 2.087185e-07
1442 2.102999e-07
1443 1.813764e-07
1444 1.340067e-07
1445 9.852894e-08
1446 6.986856e-08
1447 3.968357e-08
1448 2.240801e-08
1449 1.267685e-08
1450 7.046212e-09
1451 4.098174e-09
1452 0.000000e+00
1453 0.000000e+00
1454 0.000000e+00
1455 5.084219e-08
1456 5.825662e-08
1457 6.088206e-08
1458 5.530288e-08
1459 4.240073e-08
1460 3.062573e-08
1461 2.300044e-08
1462 1.289083e-08
1463 7.708218e-09
1464 4.223859e-09
1465 2.329090e-09
1466 1.300711e-09
1467 0.000000e+00
1468 0.000000e+00
1469 0.000000e+00
1470 1.145865e-07
1471 1.314847e-07
1472 1.377030e-07
1473 1.254800e-07
1474 9.647972e-08
1475 6.964365e-08
1476 5.238196e-08
1477 2.945631e-08
1478 1.768057e-08
1479 9.668506e-09
1480 5.317328e-09
1481 2.962914e-09
1482 0.000000e+00
1483 0.000000e+00
1484 0.000000e+00
1485 5.352736e-08
1486 6.289479e-08
1487 6.819110e-08
1488 6.545928e-08
1489 5.306999e-08
1490 3.829193e-08
1491 2.888850e-08
1492 1.795732e-08
1493 1.092980e-08
1494 5.931055e-09
1495 3.123731e-09
1496 1.685507e-09
1497 9.387370e-10
1498 0.000000e+00
1499 0.000000e+00
1500 1.109684e-04
1501 8.086786e-05
1502 6.035546e-05
1503 3.805236e-05
1504 2.321989e-05
1505 1.369104e-05
1506 8.324421e-06
1507 5.304277e-06
1508 3.565556e-06
1509 0.000000e+00
1510 0.000000e+00
1511 0.000000e+00
1512 0.000000e+00
1513 0.000000e+00
1514 0.000000e+00
1515 5.757601e-05
1516 4.644359e-05
1517 3.369791e-05
1518 2.528332e-05
1519 1.597668e-05
1520 9.754545e-06
1521 5.648866e-06
1522 3.364481e-06
1523 2.093966e-06
1524 1.379138e-06
1525 0.000000e+00
1526 0.000000e+00
1527 0.000000e+00
1528 0.000000e+00
1529 0.000000e+00
1530 4.047788e-05
1531 3.713775e-05
1532 2.882267e-05
1533 2.080348e-05
1534 1.566222e-05
1535 9.111532e-06
1536 5.625604e-06
1537 3.225263e-06
1538 1.896511e-06
1539 1.174730e-06
1540 0.000000e+00
1541 0.000000e+00
1542 0.000000e+00
1543 0.000000e+00
1544 0.000000e+00
1545 2.912801e-05
1546 2.891312e-05
1547 2.448503e-05
1548 1.793535e-05
1549 1.328396e-05
1550 9.154542e-06
1551 5.351144e-06
1552 3.053081e-06
1553 1.771954e-06
1554 1.042590e-06
1555 6.506122e-07
1556 0.000000e+00
1557 0.000000e+00
1558 0.000000e+00
1559 0.000000e+00
1560 2.085098e-05
1561 2.179680e-05
1562 1.983793e-05
1563 1.524768e-05
1564 1.100576e-05
1565 8.274949e-06
1566 4.689296e-06
1567 2.850415e-06
1568 1.602925e-06
1569 9.233707e-07
1570 5.506294e-07
1571 0.000000e+00
1572 0.000000e+00
1573 0.000000e+00
1574 0.000000e+00
1575 1.487210e-05
1576 1.614453e-05
1577 1.554949e-05
1578 1.266314e-05
1579 9.143013e-06
1580 6.883420e-06
1581 4.347301e-06
1582 2.655947e-06
1583 1.474901e-06
1584 8.112783e-07
1585 4.673052e-07
1586 2.832009e-07
1587 0.000000e+00
1588 0.000000e+00
1589 0.000000e+00
1590 1.001028e-05
1591 1.119728e-05
1592 1.128693e-05
1593 9.739022e-06
1594 7.195644e-06
1595 5.289411e-06
1596 3.755371e-06
1597 2.130464e-06
1598 1.202339e-06
1599 6.811759e-07
1600 3.783133e-07
1601 2.200058e-07
1602 0.000000e+00
1603 0.000000e+00
1604 0.000000e+00
1605 6.201116e-06
1606 7.118100e-06
1607 7.458527e-06
1608 6.801106e-06
1609 5.231433e-06
1610 3.775220e-06
1611 2.841823e-06
1612 1.597077e-06
1613 9.596537e-07
1614 5.242846e-07
1615 2.885232e-07
1616 1.606418e-07
1617 0.000000e+00
1618 0.000000e+00
1619 0.000000e+00
1620 3.163407e-06
1621 3.720115e-06
1622 4.038202e-06
1623 3.883392e-06
1624 3.154630e-06
1625 2.276770e-06
1626 1.716871e-06
1627 1.071974e-06
1628 6.518364e-07
1629 3.538249e-07
1630 1.861971e-07
1631 1.003484e-07
1632 5.578990e-08
1633 0.000000e+00
1634 0.000000e+00
1635 8.891198e-07
1636 1.072208e-06
1637 1.206146e-06
1638 1.224576e-06
1639 1.066696e-06
1640 7.933436e-07
1641 5.815894e-07
1642 4.169104e-07
1643 2.343421e-07
1644 1.314261e-07
1645 7.164692e-08
1646 3.730540e-08
1647 1.958823e-08
1648 0.000000e+00
1649 0.000000e+00
