0 2.222557e-09
1 1.443950e-09
2 9.079511e-10
3 5.719852e-10
4 3.677439e-10
5 2.420402e-10
6 1.609783e-10
7 1.057150e-10
8 6.696747e-11
9 4.020444e-11
10 2.265200e-11
11 1.196144e-11
12 5.960238e-12
13 2.834635e-12
14 1.302864e-12
15 3.763000e-09
16 2.501948e-09
17 1.589709e-09
18 9.908693e-10
19 6.267153e-10
20 4.059916e-10
21 2.686590e-10
22 1.781648e-10
23 1.154951e-10
24 7.161161e-11
25 4.182662e-11
26 2.287303e-11
27 1.174140e-11
28 5.711373e-12
29 2.665455e-12
30 4.308260e-09
31 2.883807e-09
32 1.842239e-09
33 1.146964e-09
34 7.224834e-10
35 4.655765e-10
36 3.071112e-10
37 2.038483e-10
38 1.327829e-10
39 8.297960e-11
40 4.895021e-11
41 2.704984e-11
42 1.401522e-11
43 6.868778e-12
44 3.222473e-12
45 4.606711e-09
46 3.092956e-09
47 1.980645e-09
48 1.232537e-09
49 7.749626e-10
50 4.982097e-10
51 3.282105e-10
52 2.178745e-10
53 1.422393e-10
54 8.920083e-11
55 5.284571e-11
56 2.932953e-11
57 1.526073e-11
58 7.503191e-12
59 3.528218e-12
60 4.809999e-09
61 3.235487e-09
62 2.074758e-09
63 1.290759e-09
64 8.106657e-10
65 5.205000e-10
66 3.426055e-10
67 2.274821e-10
68 1.486741e-10
69 9.344438e-11
70 5.551225e-11
71 3.089509e-11
72 1.610911e-11
73 7.934159e-12
74 3.736562e-12
75 4.961327e-09
76 3.341248e-09
77 2.144894e-09
78 1.333999e-09
79 8.372265e-10
80 5.370605e-10
81 3.532849e-10
82 2.346019e-10
83 1.535037e-10
84 9.662007e-11
85 5.748473e-11
86 3.204910e-11
87 1.674107e-11
88 8.256224e-12
89 3.891007e-12
90 5.083724e-09
91 3.427269e-09
92 2.201698e-09
93 1.369395e-09
94 8.588845e-10
95 5.504793e-10
96 3.619742e-10
97 2.403991e-10
98 1.574131e-10
99 9.918507e-11
100 5.910077e-11
101 3.299518e-11
102 1.725529e-11
103 8.517837e-12
104 4.017171e-12
105 5.191517e-09
106 3.502363e-09
107 2.251831e-09
108 1.400329e-09
109 8.777876e-10
110 5.622670e-10
111 3.695586e-10
112 2.454655e-10
113 1.607529e-10
114 1.013880e-10
115 6.047623e-11
116 3.381473e-11
117 1.770537e-11
118 8.747059e-12
119 4.124334e-12
120 5.293701e-09
121 3.574324e-09
122 2.299378e-09
123 1.429637e-09
124 8.957697e-10
125 5.734222e-10
126 3.767336e-10
127 2.502773e-10
128 1.640483e-10
129 1.035548e-10
130 6.184443e-11
131 3.460188e-11
132 1.813159e-11
133 8.964101e-12
134 4.232213e-12
135 5.410280e-09
136 3.655568e-09
137 2.353774e-09
138 1.463310e-09
139 9.163847e-10
140 5.863101e-10
141 3.850696e-10
142 2.557570e-10
143 1.677779e-10
144 1.060288e-10
145 6.338541e-11
146 3.550613e-11
147 1.862465e-11
148 9.213340e-12
149 4.352115e-12
150 7.884717e-09
151 5.427629e-09
152 3.564384e-09
153 2.225929e-09
154 1.380373e-09
155 8.703275e-10
156 5.645224e-10
157 3.736409e-10
158 2.470488e-10
159 1.590317e-10
160 9.751727e-11
161 5.618636e-11
162 3.027407e-11
163 1.531794e-11
164 7.357055e-12
165 9.963075e-09
166 6.944835e-09
167 4.626670e-09
168 2.919369e-09
169 1.800956e-09
170 1.126219e-09
171 7.226352e-10
172 4.752127e-10
173 3.146836e-10
174 2.044557e-10
175 1.273337e-10
176 7.478770e-11
177 4.110664e-11
178 2.117589e-11
179 1.031350e-11
180 1.116271e-08
181 7.825057e-09
182 5.243816e-09
183 3.325662e-09
184 2.048243e-09
185 1.276831e-09
186 8.151246e-10
187 5.343878e-10
188 3.539219e-10
189 2.308132e-10
190 1.446732e-10
191 8.564642e-11
192 4.747342e-11
193 2.464416e-11
194 1.207781e-11
195 1.197845e-08
196 8.424224e-09
197 5.663967e-09
198 3.602329e-09
199 2.216843e-09
200 1.379328e-09
201 8.780422e-10
202 5.747378e-10
203 3.806518e-10
204 2.487568e-10
205 1.564716e-10
206 9.304451e-11
207 5.181257e-11
208 2.700726e-11
209 1.327944e-11
210 1.258563e-08
211 8.870135e-09
212 5.977769e-09
213 3.807836e-09
214 2.342450e-09
215 1.455689e-09
216 9.249940e-10
217 6.047255e-10
218 4.005095e-10
219 2.620826e-10
220 1.652290e-10
221 9.854505e-11
222 5.503818e-11
223 2.876457e-11
224 1.417484e-11
225 1.307950e-08
226 9.231895e-09
227 6.230706e-09
228 3.975416e-09
229 2.443969e-09
230 1.517581e-09
231 9.629581e-10
232 6.290643e-10
233 4.166513e-10
234 2.729042e-10
235 1.723528e-10
236 1.029921e-10
237 5.764385e-11
238 3.018637e-11
239 1.489739e-11
240 1.350739e-08
241 9.546387e-09
242 6.451874e-09
243 4.121049e-09
244 2.533016e-09
245 1.571682e-09
246 9.960637e-10
247 6.501552e-10
248 4.307330e-10
249 2.823504e-10
250 1.785645e-10
251 1.068836e-10
252 5.993084e-11
253 3.143219e-11
254 1.552610e-11
255 1.391639e-08
256 9.846536e-09
257 6.662984e-09
258 4.260399e-09
259 2.617393e-09
260 1.622975e-09
261 1.027645e-09
262 6.703306e-10
263 4.441291e-10
264 2.913384e-10
265 1.844777e-10
266 1.105963e-10
267 6.210515e-11
268 3.261325e-11
269 1.613079e-11
270 1.439111e-08
271 1.019489e-08
272 6.907193e-09
273 4.420661e-09
274 2.714942e-09
275 1.682791e-09
276 1.064529e-09
277 6.938895e-10
278 4.596408e-10
279 3.017554e-10
280 1.913450e-10
281 1.149013e-10
282 6.462210e-11
283 3.398685e-11
284 1.682945e-11
285 1.363224e-08
286 9.697098e-09
287 6.585496e-09
288 4.248783e-09
289 2.618040e-09
290 1.621582e-09
291 1.022469e-09
292 6.633550e-10
293 4.376497e-10
294 2.868489e-10
295 1.821205e-10
296 1.098340e-10
297 6.219555e-11
298 3.297220e-11
299 1.645014e-11
300 1.602951e-08
301 1.153209e-08
302 7.902751e-09
303 5.156826e-09
304 3.189451e-09
305 1.965784e-09
306 1.229769e-09
307 7.917163e-10
308 5.204347e-10
309 3.418956e-10
310 2.187818e-10
311 1.335296e-10
312 7.669642e-11
313 4.125273e-11
314 2.084639e-11
315 1.768419e-08
316 1.280499e-08
317 8.818120e-09
318 5.789767e-09
319 3.590204e-09
320 2.206433e-09
321 1.375099e-09
322 8.815130e-10
323 5.781604e-10
324 3.801805e-10
325 2.442596e-10
326 1.500143e-10
327 8.680756e-11
328 4.704388e-11
329 2.393198e-11
330 1.892241e-08
331 1.375729e-08
332 9.500821e-09
333 6.260549e-09
334 3.889274e-09
335 2.386219e-09
336 1.483481e-09
337 9.485314e-10
338 6.213498e-10
339 4.087784e-10
340 2.632794e-10
341 1.623209e-10
342 9.435952e-11
343 5.137196e-11
344 2.623846e-11
345 1.992520e-08
346 1.452852e-08
347 1.005670e-08
348 6.645019e-09
349 4.131819e-09
350 2.532103e-09
351 1.571339e-09
352 1.002836e-09
353 6.561972e-10
354 4.319151e-10
355 2.787015e-10
356 1.722998e-10
357 1.004789e-10
358 5.487951e-11
359 2.810783e-11
360 2.080065e-08
361 1.520221e-08
362 1.054144e-08
363 6.978487e-09
364 4.343099e-09
365 2.659382e-09
366 1.647941e-09
367 1.050172e-09
368 6.866435e-10
369 4.521337e-10
370 2.921451e-10
371 1.809988e-10
372 1.058155e-10
373 5.793475e-11
374 2.973558e-11
375 2.162853e-08
376 1.583888e-08
377 1.099877e-08
378 7.295102e-09
379 4.543045e-09
380 2.779772e-09
381 1.720558e-09
382 1.094999e-09
383 7.154889e-10
384 4.712726e-10
385 3.048957e-10
386 1.892462e-10
387 1.108731e-10
388 6.083166e-11
389 3.127895e-11
390 2.259689e-08
391 1.658453e-08
392 1.153439e-08
393 7.665139e-09
394 4.777624e-09
395 2.921296e-09
396 1.805853e-09
397 1.147722e-09
398 7.492712e-10
399 4.937226e-10
400 3.198357e-10
401 1.989159e-10
402 1.168065e-10
403 6.422570e-11
404 3.308844e-11
405 1.963906e-08
406 1.438990e-08
407 9.985216e-09
408 6.618945e-09
409 4.142042e-09
410 2.536568e-09
411 1.573071e-09
412 1.000298e-09
413 6.521291e-10
414 4.283258e-10
415 2.763433e-10
416 1.712069e-10
417 1.002644e-10
418 5.507882e-11
419 2.839087e-11
420 2.230311e-08
421 1.653239e-08
422 1.156138e-08
423 7.727912e-09
424 4.877481e-09
425 2.978638e-09
426 1.839282e-09
427 1.160872e-09
428 7.525457e-10
429 4.936550e-10
430 3.196833e-10
431 1.996280e-10
432 1.181649e-10
433 6.569183e-11
434 3.425641e-11
435 2.430578e-08
436 1.815118e-08
437 1.275161e-08
438 8.568491e-09
439 5.435202e-09
440 3.314519e-09
441 2.041926e-09
442 1.282765e-09
443 8.288305e-10
444 5.431698e-10
445 3.525100e-10
446 2.211567e-10
447 1.317376e-10
448 7.375392e-11
449 3.872175e-11
450 2.594006e-08
451 1.946390e-08
452 1.372052e-08
453 9.251211e-09
454 5.887608e-09
455 3.587696e-09
456 2.205990e-09
457 1.381763e-09
458 8.904591e-10
459 5.833057e-10
460 3.791203e-10
461 2.386085e-10
462 1.427395e-10
463 8.028700e-11
464 4.234025e-11
465 2.735956e-08
466 2.061067e-08
467 1.456513e-08
468 9.844537e-09
469 6.282193e-09
470 3.825938e-09
471 2.348993e-09
472 1.467953e-09
473 9.444230e-10
474 6.183343e-10
475 4.023354e-10
476 2.538317e-10
477 1.523374e-10
478 8.598822e-11
479 4.549851e-11
480 2.870291e-08
481 2.169088e-08
482 1.536369e-08
483 1.040641e-08
484 6.656069e-09
485 4.050786e-09
486 2.484560e-09
487 1.549416e-09
488 9.953514e-10
489 6.514391e-10
490 4.243097e-10
491 2.682438e-10
492 1.614207e-10
493 9.137689e-11
494 4.848121e-11
495 3.027536e-08
496 2.295787e-08
497 1.629652e-08
498 1.106450e-08
499 7.092501e-09
500 4.313900e-09
501 2.642907e-09
502 1.644906e-09
503 1.054960e-09
504 6.901716e-10
505 4.499784e-10
506 2.850606e-10
507 1.720339e-10
508 9.768436e-11
509 5.197454e-11
510 2.600223e-08
511 1.960728e-08
512 1.387095e-08
513 9.369471e-09
514 5.994869e-09
515 3.661065e-09
516 2.249240e-09
517 1.404748e-09
518 9.023342e-10
519 5.895043e-10
520 3.828068e-10
521 2.411942e-10
522 1.447186e-10
523 8.177314e-11
524 4.336444e-11
525 2.891313e-08
526 2.205421e-08
527 1.572594e-08
528 1.069348e-08
529 6.901381e-09
530 4.221513e-09
531 2.584868e-09
532 1.603794e-09
533 1.024104e-09
534 6.668364e-10
535 4.334832e-10
536 2.745280e-10
537 1.660747e-10
538 9.478748e-11
539 5.079860e-11
540 3.128498e-08
541 2.404947e-08
542 1.723957e-08
543 1.177605e-08
544 7.641807e-09
545 4.681092e-09
546 2.858990e-09
547 1.766732e-09
548 1.123379e-09
549 7.299841e-10
550 4.748396e-10
551 3.017255e-10
552 1.835020e-10
553 1.054126e-10
554 5.687320e-11
555 3.335061e-08
556 2.578797e-08
557 1.856044e-08
558 1.271756e-08
559 8.287035e-09
560 5.080327e-09
561 3.097961e-09
562 1.908736e-09
563 1.210083e-09
564 7.849999e-10
565 5.108656e-10
566 3.254181e-10
567 1.986838e-10
568 1.146681e-10
569 6.216417e-11
570 3.530962e-08
571 2.743722e-08
572 1.981339e-08
573 1.361195e-08
574 8.900177e-09
575 5.460058e-09
576 3.324961e-09
577 2.043409e-09
578 1.292344e-09
579 8.372394e-10
580 5.450876e-10
581 3.479215e-10
582 2.131022e-10
583 1.234591e-10
584 6.719019e-11
585 3.760534e-08
586 2.936468e-08
587 2.127701e-08
588 1.465627e-08
589 9.613876e-09
590 5.902538e-09
591 3.589500e-09
592 2.200382e-09
593 1.388185e-09
594 8.980859e-10
595 5.849431e-10
596 3.741383e-10
597 2.299028e-10
598 1.337011e-10
599 7.304500e-11
600 3.277265e-08
601 2.540215e-08
602 1.832918e-08
603 1.257136e-08
604 8.207379e-09
605 5.052579e-09
606 3.078505e-09
607 1.895802e-09
608 1.199629e-09
609 7.764564e-10
610 5.044306e-10
611 3.210958e-10
612 1.961537e-10
613 1.134161e-10
614 6.166877e-11
615 3.600967e-08
616 2.823059e-08
617 2.054502e-08
618 1.417772e-08
619 9.326570e-09
620 5.772302e-09
621 3.505238e-09
622 2.148974e-09
623 1.351111e-09
624 8.704941e-10
625 5.649869e-10
626 3.607380e-10
627 2.217669e-10
628 1.293272e-10
629 7.100268e-11
630 3.883700e-08
631 3.070335e-08
632 2.248554e-08
633 1.558162e-08
634 1.030621e-08
635 6.402270e-09
636 3.879144e-09
637 2.370747e-09
638 1.483962e-09
639 9.527869e-10
640 6.179579e-10
641 3.954073e-10
642 2.441677e-10
643 1.432456e-10
644 7.917048e-11
645 4.151507e-08
646 3.304606e-08
647 2.432349e-08
648 1.691418e-08
649 1.123476e-08
650 6.999554e-09
651 4.233245e-09
652 2.581136e-09
653 1.609730e-09
654 1.030777e-09
655 6.681713e-10
656 4.282719e-10
657 2.654008e-10
658 1.564381e-10
659 8.691103e-11
660 4.465221e-08
661 3.578276e-08
662 2.647081e-08
663 1.846873e-08
664 1.231753e-08
665 7.696438e-09
666 4.646773e-09
667 2.826227e-09
668 1.756429e-09
669 1.121769e-09
670 7.267316e-10
671 4.666066e-10
672 2.901723e-10
673 1.718285e-10
674 9.594222e-11
675 4.018549e-08
676 3.199087e-08
677 2.357569e-08
678 1.640434e-08
679 1.089466e-08
680 6.809809e-09
681 4.121902e-09
682 2.515600e-09
683 1.567307e-09
684 1.002031e-09
685 6.483297e-10
686 4.148580e-10
687 2.568303e-10
688 1.513688e-10
689 8.417859e-11
690 4.392382e-08
691 3.537010e-08
692 2.632194e-08
693 1.842903e-08
694 1.232267e-08
695 7.759484e-09
696 4.689464e-09
697 2.853092e-09
698 1.765825e-09
699 1.122239e-09
700 7.241203e-10
701 4.639465e-10
702 2.886012e-10
703 1.713656e-10
704 9.616068e-11
705 4.745908e-08
706 3.857784e-08
707 2.892180e-08
708 2.035219e-08
709 1.367790e-08
710 8.661131e-09
711 5.228224e-09
712 3.173161e-09
713 1.954163e-09
714 1.236276e-09
715 7.960496e-10
716 5.105093e-10
717 3.187336e-10
718 1.903314e-10
719 1.075302e-10
720 5.159715e-08
721 4.232526e-08
722 3.195251e-08
723 2.259297e-08
724 1.525661e-08
725 9.712236e-09
726 5.856417e-09
727 3.546708e-09
728 2.173613e-09
729 1.369288e-09
730 8.798450e-10
731 5.647677e-10
732 3.538515e-10
733 2.124335e-10
734 1.207800e-10
735 4.869005e-08
736 3.981676e-08
737 3.003329e-08
738 2.122909e-08
739 1.431340e-08
740 9.115370e-09
741 5.514660e-09
742 3.342339e-09
743 2.050276e-09
744 1.291627e-09
745 8.288423e-10
746 5.308551e-10
747 3.317787e-10
748 1.987413e-10
749 1.128272e-10
750 5.330291e-08
751 4.413731e-08
752 3.366863e-08
753 2.398032e-08
754 1.627286e-08
755 1.045289e-08
756 6.334916e-09
757 3.827266e-09
758 2.332340e-09
759 1.459157e-09
760 9.319589e-10
761 5.964722e-10
762 3.740257e-10
763 2.255232e-10
764 1.291611e-10
765 5.869092e-08
766 4.918440e-08
767 3.789903e-08
768 2.718574e-08
769 1.855749e-08
770 1.201326e-08
771 7.292409e-09
772 4.393587e-09
773 2.661209e-09
774 1.654558e-09
775 1.052172e-09
776 6.729799e-10
777 4.232892e-10
778 2.567515e-10
779 1.482079e-10
780 5.925530e-08
781 4.988051e-08
782 3.865635e-08
783 2.786080e-08
784 1.906961e-08
785 1.239528e-08
786 7.565533e-09
787 4.549616e-09
788 2.751358e-09
789 1.703894e-09
790 1.079168e-09
791 6.882882e-10
792 4.325481e-10
793 2.626826e-10
794 1.520978e-10
795 6.634304e-08
796 5.674618e-08
797 4.464581e-08
798 3.254946e-08
799 2.246093e-08
800 1.475410e-08
801 9.072360e-09
802 5.433994e-09
803 3.265567e-09
804 2.002977e-09
805 1.258192e-09
806 7.993934e-10
807 5.030961e-10
808 3.073981e-10
809 1.797120e-10
810 7.615612e-08
811 6.660255e-08
812 5.364228e-08
813 3.988883e-08
814 2.789391e-08
815 1.858794e-08
816 1.162771e-08
817 6.947131e-09
818 4.150729e-09
819 2.507547e-09
820 1.550764e-09
821 9.749477e-10
822 6.118157e-10
823 3.756201e-10
824 2.220714e-10
825 5.046772e-07
826 3.686172e-07
827 2.731371e-07
828 1.699983e-07
829 1.035651e-07
830 6.135441e-08
831 3.746400e-08
832 2.403541e-08
833 1.622562e-08
834 0.000000e+00
835 0.000000e+00
836 0.000000e+00
837 0.000000e+00
838 0.000000e+00
839 0.000000e+00
840 7.609618e-07
841 5.559506e-07
842 4.123937e-07
843 2.596316e-07
844 1.577803e-07
845 9.335582e-08
846 5.689651e-08
847 3.636637e-08
848 2.448217e-08
849 0.000000e+00
850 0.000000e+00
851 0.000000e+00
852 0.000000e+00
853 0.000000e+00
854 0.000000e+00
855 9.030785e-07
856 6.598526e-07
857 4.896217e-07
858 3.094199e-07
859 1.878727e-07
860 1.111203e-07
861 6.768258e-08
862 4.320761e-08
863 2.906154e-08
864 0.000000e+00
865 0.000000e+00
866 0.000000e+00
867 0.000000e+00
868 0.000000e+00
869 0.000000e+00
870 9.993278e-07
871 7.302182e-07
872 5.419243e-07
873 3.431341e-07
874 2.082519e-07
875 1.231503e-07
876 7.498702e-08
877 4.784112e-08
878 3.216291e-08
879 0.000000e+00
880 0.000000e+00
881 0.000000e+00
882 0.000000e+00
883 0.000000e+00
884 0.000000e+00
885 1.071193e-06
886 7.827614e-07
887 5.809742e-07
888 3.683088e-07
889 2.234694e-07
890 1.321335e-07
891 8.044121e-08
892 5.130076e-08
893 3.447879e-08
894 0.000000e+00
895 0.000000e+00
896 0.000000e+00
897 0.000000e+00
898 0.000000e+00
899 0.000000e+00
900 1.129439e-06
901 8.253442e-07
902 6.126261e-07
903 3.887123e-07
904 2.358020e-07
905 1.394142e-07
906 8.486152e-08
907 5.410480e-08
908 3.635564e-08
909 0.000000e+00
910 0.000000e+00
911 0.000000e+00
912 0.000000e+00
913 0.000000e+00
914 0.000000e+00
915 1.180268e-06
916 8.625041e-07
917 6.402459e-07
918 4.065191e-07
919 2.465652e-07
920 1.457672e-07
921 8.871918e-08
922 5.655163e-08
923 3.799350e-08
924 0.000000e+00
925 0.000000e+00
926 0.000000e+00
927 0.000000e+00
928 0.000000e+00
929 0.000000e+00
930 1.228460e-06
931 8.977376e-07
932 6.664337e-07
933 4.234011e-07
934 2.567693e-07
935 1.517905e-07
936 9.237652e-08
937 5.887147e-08
938 3.954628e-08
939 0.000000e+00
940 0.000000e+00
941 0.000000e+00
942 0.000000e+00
943 0.000000e+00
944 0.000000e+00
945 1.284683e-06
946 9.388454e-07
947 6.969857e-07
948 4.430983e-07
949 2.686743e-07
950 1.588185e-07
951 9.664394e-08
952 6.157795e-08
953 4.135810e-08
954 0.000000e+00
955 0.000000e+00
956 0.000000e+00
957 0.000000e+00
958 0.000000e+00
959 0.000000e+00
960 3.369274e-07
961 2.683232e-07
962 1.946405e-07
963 1.459671e-07
964 9.030060e-08
965 5.527788e-08
966 3.213000e-08
967 1.921224e-08
968 1.204038e-08
969 7.971827e-09
970 0.000000e+00
971 0.000000e+00
972 0.000000e+00
973 0.000000e+00
974 0.000000e+00
975 5.199313e-07
976 4.169186e-07
977 3.027188e-07
978 2.268051e-07
979 1.421437e-07
980 8.666933e-08
981 5.034004e-08
982 3.006057e-08
983 1.877058e-08
984 1.239135e-08
985 0.000000e+00
986 0.000000e+00
987 0.000000e+00
988 0.000000e+00
989 0.000000e+00
990 6.448120e-07
991 5.183992e-07
992 3.765466e-07
993 2.820115e-07
994 1.775998e-07
995 1.081223e-07
996 6.278598e-08
997 3.747520e-08
998 2.336911e-08
999 1.541004e-08
1000 0.000000e+00
1001 0.000000e+00
1002 0.000000e+00
1003 0.000000e+00
1004 0.000000e+00
1005 7.382357e-07
1006 5.943126e-07
1007 4.317715e-07
1008 3.233096e-07
1009 2.041234e-07
1010 1.241698e-07
1011 7.209649e-08
1012 4.302199e-08
1013 2.680897e-08
1014 1.766814e-08
1015 0.000000e+00
1016 0.000000e+00
1017 0.000000e+00
1018 0.000000e+00
1019 0.000000e+00
1020 8.139596e-07
1021 6.558390e-07
1022 4.765327e-07
1023 3.567807e-07
1024 2.256220e-07
1025 1.371778e-07
1026 7.964314e-08
1027 4.751755e-08
1028 2.959718e-08
1029 1.949827e-08
1030 0.000000e+00
1031 0.000000e+00
1032 0.000000e+00
1033 0.000000e+00
1034 0.000000e+00
1035 8.800254e-07
1036 7.095243e-07
1037 5.155916e-07
1038 3.859857e-07
1039 2.443794e-07
1040 1.485270e-07
1041 8.622743e-08
1042 5.144028e-08
1043 3.202995e-08
1044 2.109535e-08
1045 0.000000e+00
1046 0.000000e+00
1047 0.000000e+00
1048 0.000000e+00
1049 0.000000e+00
1050 9.426736e-07
1051 7.604327e-07
1052 5.526249e-07
1053 4.136780e-07
1054 2.621647e-07
1055 1.592896e-07
1056 9.247120e-08
1057 5.515972e-08
1058 3.433673e-08
1059 2.260959e-08
1060 0.000000e+00
1061 0.000000e+00
1062 0.000000e+00
1063 0.000000e+00
1064 0.000000e+00
1065 1.015768e-06
1066 8.198310e-07
1067 5.958365e-07
1068 4.459927e-07
1069 2.829175e-07
1070 1.718473e-07
1071 9.975607e-08
1072 5.949995e-08
1073 3.702828e-08
1074 2.437647e-08
1075 0.000000e+00
1076 0.000000e+00
1077 0.000000e+00
1078 0.000000e+00
1079 0.000000e+00
1080 1.977809e-07
1081 1.798660e-07
1082 1.385667e-07
1083 1.002056e-07
1084 7.508717e-08
1085 4.340114e-08
1086 2.659958e-08
1087 1.533698e-08
1088 9.069699e-09
1089 5.642750e-09
1090 0.000000e+00
1091 0.000000e+00
1092 0.000000e+00
1093 0.000000e+00
1094 0.000000e+00
1095 3.303075e-07
1096 3.017324e-07
1097 2.334163e-07
1098 1.686901e-07
1099 1.265928e-07
1100 7.358663e-08
1101 4.521957e-08
1102 2.601035e-08
1103 1.532615e-08
1104 9.513114e-09
1105 0.000000e+00
1106 0.000000e+00
1107 0.000000e+00
1108 0.000000e+00
1109 0.000000e+00
1110 4.306280e-07
1111 3.940343e-07
1112 3.052904e-07
1113 2.205836e-07
1114 1.656231e-07
1115 9.648067e-08
1116 5.934314e-08
1117 3.410487e-08
1118 2.006900e-08
1119 1.244630e-08
1120 0.000000e+00
1121 0.000000e+00
1122 0.000000e+00
1123 0.000000e+00
1124 0.000000e+00
1125 5.118675e-07
1126 4.687719e-07
1127 3.634880e-07
1128 2.626035e-07
1129 1.972257e-07
1130 1.150174e-07
1131 7.077884e-08
1132 4.065897e-08
1133 2.390921e-08
1134 1.482137e-08
1135 0.000000e+00
1136 0.000000e+00
1137 0.000000e+00
1138 0.000000e+00
1139 0.000000e+00
1140 5.827486e-07
1141 5.339873e-07
1142 4.142683e-07
1143 2.992682e-07
1144 2.248018e-07
1145 1.311919e-07
1146 8.075741e-08
1147 4.637790e-08
1148 2.726008e-08
1149 1.689370e-08
1150 0.000000e+00
1151 0.000000e+00
1152 0.000000e+00
1153 0.000000e+00
1154 0.000000e+00
1155 6.499630e-07
1156 5.958254e-07
1157 4.624212e-07
1158 3.340351e-07
1159 2.509506e-07
1160 1.465295e-07
1161 9.021925e-08
1162 5.180077e-08
1163 3.043750e-08
1164 1.885873e-08
1165 0.000000e+00
1166 0.000000e+00
1167 0.000000e+00
1168 0.000000e+00
1169 0.000000e+00
1170 7.283846e-07
1171 6.679733e-07
1172 5.186008e-07
1173 3.745984e-07
1174 2.814577e-07
1175 1.644239e-07
1176 1.012585e-07
1177 5.812754e-08
1178 3.414473e-08
1179 2.115149e-08
1180 0.000000e+00
1181 0.000000e+00
1182 0.000000e+00
1183 0.000000e+00
1184 0.000000e+00
1185 1.312217e-07
1186 1.295175e-07
1187 1.089043e-07
1188 7.955018e-08
1189 5.909917e-08
1190 4.016141e-08
1191 2.370225e-08
1192 1.350400e-08
1193 7.806394e-09
1194 4.613169e-09
1195 2.889841e-09
1196 0.000000e+00
1197 0.000000e+00
1198 0.000000e+00
1199 0.000000e+00
1200 2.309934e-07
1201 2.286602e-07
1202 1.930098e-07
1203 1.412393e-07
1204 1.047520e-07
1205 7.170190e-08
1206 4.210099e-08
1207 2.402105e-08
1208 1.390546e-08
1209 8.202197e-09
1210 5.127215e-09
1211 0.000000e+00
1212 0.000000e+00
1213 0.000000e+00
1214 0.000000e+00
1215 3.123231e-07
1216 3.095004e-07
1217 2.616147e-07
1218 1.915693e-07
1219 1.419926e-07
1220 9.744468e-08
1221 5.711208e-08
1222 3.260330e-08
1223 1.888242e-08
1224 1.113063e-08
1225 6.952516e-09
1226 0.000000e+00
1227 0.000000e+00
1228 0.000000e+00
1229 0.000000e+00
1230 3.831935e-07
1231 3.799432e-07
1232 3.213903e-07
1233 2.354215e-07
1234 1.744400e-07
1235 1.198757e-07
1236 7.019122e-08
1237 4.008120e-08
1238 2.321897e-08
1239 1.368230e-08
1240 8.542871e-09
1241 0.000000e+00
1242 0.000000e+00
1243 0.000000e+00
1244 0.000000e+00
1245 4.503977e-07
1246 4.467362e-07
1247 3.780737e-07
1248 2.770046e-07
1249 2.052095e-07
1250 1.411454e-07
1251 8.259382e-08
1252 4.717229e-08
1253 2.733118e-08
1254 1.610194e-08
1255 1.005098e-08
1256 0.000000e+00
1257 0.000000e+00
1258 0.000000e+00
1259 0.000000e+00
1260 5.288015e-07
1261 5.246659e-07
1262 4.442070e-07
1263 3.255223e-07
1264 2.411084e-07
1265 1.659601e-07
1266 9.706421e-08
1267 5.544503e-08
1268 3.212871e-08
1269 1.892488e-08
1270 1.181051e-08
1271 0.000000e+00
1272 0.000000e+00
1273 0.000000e+00
1274 0.000000e+00
1275 9.423115e-08
1276 9.811019e-08
1277 8.877585e-08
1278 6.791035e-08
1279 4.908960e-08
1280 3.676930e-08
1281 2.077384e-08
1282 1.254446e-08
1283 7.088557e-09
1284 4.094582e-09
1285 2.451453e-09
1286 0.000000e+00
1287 0.000000e+00
1288 0.000000e+00
1289 0.000000e+00
1290 1.734133e-07
1291 1.809437e-07
1292 1.642565e-07
1293 1.260081e-07
1294 9.102587e-08
1295 6.829069e-08
1296 3.869784e-08
1297 2.344751e-08
1298 1.321871e-08
1299 7.616360e-09
1300 4.550663e-09
1301 0.000000e+00
1302 0.000000e+00
1303 0.000000e+00
1304 0.000000e+00
1305 2.424634e-07
1306 2.531893e-07
1307 2.301013e-07
1308 1.766983e-07
1309 1.276148e-07
1310 9.579446e-08
1311 5.434250e-08
1312 3.296555e-08
1313 1.856968e-08
1314 1.068970e-08
1315 6.382327e-09
1316 0.000000e+00
1317 0.000000e+00
1318 0.000000e+00
1319 0.000000e+00
1320 3.078577e-07
1321 3.216065e-07
1322 2.924568e-07
1323 2.247029e-07
1324 1.622652e-07
1325 1.218404e-07
1326 6.915697e-08
1327 4.197839e-08
1328 2.363663e-08
1329 1.359998e-08
1330 8.116900e-09
1331 0.000000e+00
1332 0.000000e+00
1333 0.000000e+00
1334 0.000000e+00
1335 3.841561e-07
1336 4.014323e-07
1337 3.652105e-07
1338 2.807097e-07
1339 2.026908e-07
1340 1.522281e-07
1341 8.644124e-08
1342 5.249408e-08
1343 2.954836e-08
1344 1.699550e-08
1345 1.014064e-08
1346 0.000000e+00
1347 0.000000e+00
1348 0.000000e+00
1349 0.000000e+00
1350 7.206667e-08
1351 7.800146e-08
1352 7.479234e-08
1353 6.060408e-08
1354 4.372082e-08
1355 3.296083e-08
1356 2.058502e-08
1357 1.262230e-08
1358 7.007477e-09
1359 3.858564e-09
1360 2.230283e-09
1361 1.356435e-09
1362 0.000000e+00
1363 0.000000e+00
1364 0.000000e+00
1365 1.384349e-07
1366 1.500908e-07
1367 1.442905e-07
1368 1.172787e-07
1369 8.466441e-08
1370 6.376392e-08
1371 4.010392e-08
1372 2.451576e-08
1373 1.361325e-08
1374 7.499889e-09
1375 4.324667e-09
1376 2.624238e-09
1377 0.000000e+00
1378 0.000000e+00
1379 0.000000e+00
1380 2.010031e-07
1381 2.180563e-07
1382 2.098198e-07
1383 1.707216e-07
1384 1.232755e-07
1385 9.281020e-08
1386 5.851418e-08
1387 3.573215e-08
1388 1.984300e-08
1389 1.093430e-08
1390 6.299816e-09
1391 3.819753e-09
1392 0.000000e+00
1393 0.000000e+00
1394 0.000000e+00
1395 2.739546e-07
1396 2.973002e-07
1397 2.862206e-07
1398 2.330303e-07
1399 1.682909e-07
1400 1.266749e-07
1401 7.997821e-08
1402 4.880901e-08
1403 2.710609e-08
1404 1.493828e-08
1405 8.602574e-09
1406 5.213599e-09
1407 0.000000e+00
1408 0.000000e+00
1409 0.000000e+00
1410 5.865098e-08
1411 6.545487e-08
1412 6.575088e-08
1413 5.647175e-08
1414 4.162228e-08
1415 3.065780e-08
1416 2.159429e-08
1417 1.232216e-08
1418 6.936589e-09
1419 3.925115e-09
1420 2.183348e-09
1421 1.273445e-09
1422 0.000000e+00
1423 0.000000e+00
1424 0.000000e+00
1425 1.179137e-07
1426 1.317851e-07
1427 1.326761e-07
1428 1.143024e-07
1429 8.439603e-08
1430 6.208205e-08
1431 4.394523e-08
1432 2.499034e-08
1433 1.409964e-08
1434 7.977146e-09
1435 4.434807e-09
1436 2.581291e-09
1437 0.000000e+00
1438 0.000000e+00
1439 0.000000e+00
1440 1.864659e-07
1441 2.085133e-07
1442 2.100928e-07
1443 1.811975e-07
1444 1.338744e-07
1445 9.843172e-08
1446 6.979941e-08
1447 3.964442e-08
1448 2.238585e-08
1449 1.266432e-08
1450 7.039246e-09
1451 4.094128e-09
1452 0.000000e+00
1453 0.000000e+00
1454 0.000000e+00
1455 5.118381e-08
1456 5.865323e-08
1457 6.130485e-08
1458 5.569780e-08
1459 4.271128e-08
1460 3.084892e-08
1461 2.316990e-08
1462 1.298881e-08
1463 7.768574e-09
1464 4.256426e-09
1465 2.346624e-09
1466 1.310333e-09
1467 0.000000e+00
1468 0.000000e+00
1469 0.000000e+00
1470 1.144183e-07
1471 1.312915e-07
1472 1.375003e-07
1473 1.252949e-07
1474 9.633710e-08
1475 6.954070e-08
1476 5.230448e-08
1477 2.941264e-08
1478 1.765428e-08
1479 9.654135e-09
1480 5.309449e-09
1481 2.958530e-09
1482 0.000000e+00
1483 0.000000e+00
1484 0.000000e+00
1485 5.358363e-08
1486 6.296282e-08
1487 6.826824e-08
1488 6.553880e-08
1489 5.313938e-08
1490 3.834301e-08
1491 2.892591e-08
1492 1.798484e-08
1493 1.094536e-08
1494 5.939598e-09
1495 3.128402e-09
1496 1.687884e-09
1497 9.399763e-10
1498 0.000000e+00
1499 0.000000e+00
1500 1.109684e-04
1501 8.086786e-05
1502 6.035546e-05
1503 3.805236e-05
1504 2.321989e-05
1505 1.369104e-05
1506 8.324421e-06
1507 5.304277e-06
1508 3.565556e-06
1509 0.000000e+00
1510 0.000000e+00
1511 0.000000e+00
1512 0.000000e+00
1513 0.000000e+00
1514 0.000000e+00
1515 5.757601e-05
1516 4.644359e-05
1517 3.369791e-05
1518 2.528332e-05
1519 1.597668e-05
1520 9.754545e-06
1521 5.648866e-06
1522 3.364481e-06
1523 2.093966e-06
1524 1.379138e-06
1525 0.000000e+00
1526 0.000000e+00
1527 0.000000e+00
1528 0.000000e+00
1529 0.000000e+00
1530 4.047788e-05
1531 3.713775e-05
1532 2.882267e-05
1533 2.080348e-05
1534 1.566222e-05
1535 9.111532e-06
1536 5.625604e-06
1537 3.225263e-06
1538 1.896511e-06
1539 1.174730e-06
1540 0.000000e+00
1541 0.000000e+00
1542 0.000000e+00
1543 0.000000e+00
1544 0.000000e+00
1545 2.912801e-05
1546 2.891312e-05
1547 2.448503e-05
1548 1.793535e-05
1549 1.328396e-05
1550 9.154542e-06
1551 5.351144e-06
1552 3.053081e-06
1553 1.771954e-06
1554 1.042590e-06
1555 6.506122e-07
1556 0.000000e+00
1557 0.000000e+00
1558 0.000000e+00
1559 0.000000e+00
1560 2.085098e-05
1561 2.179680e-05
1562 1.983793e-05
1563 1.524768e-05
1564 1.100576e-05
1565 8.274949e-06
1566 4.689296e-06
1567 2.850415e-06
1568 1.602925e-06
1569 9.233707e-07
1570 5.506294e-07
1571 0.000000e+00
1572 0.000000e+00
1573 0.000000e+00
1574 0.000000e+00
1575 1.487210e-05
1576 1.614453e-05
1577 1.554949e-05
1578 1.266314e-05
1579 9.143013e-06
1580 6.883420e-06
1581 4.347301e-06
1582 2.655947e-06
1583 1.474901e-06
1584 8.112783e-07
1585 4.673052e-07
1586 2.832009e-07
1587 0.000000e+00
1588 0.000000e+00
1589 0.000000e+00
1590 1.001028e-05
1591 1.119728e-05
1592 1.128693e-05
1593 9.739022e-06
1594 7.195644e-06
1595 5.289411e-06
1596 3.755371e-06
1597 2.130464e-06
1598 1.202339e-06
1599 6.811759e-07
1600 3.783133e-07
1601 2.200058e-07
1602 0.000000e+00
1603 0.000000e+00
1604 0.000000e+00
1605 6.201116e-06
1606 7.118100e-06
1607 7.458527e-06
1608 6.801106e-06
1609 5.231433e-06
1610 3.775220e-06
1611 2.841823e-06
1612 1.597077e-06
1613 9.596537e-07
1614 5.242846e-07
1615 2.885232e-07
1616 1.606418e-07
1617 0.000000e+00
1618 0.000000e+00
1619 0.000000e+00
1620 3.163407e-06
1621 3.720115e-06
1622 4.038202e-06
1623 3.883392e-06
1624 3.154630e-06
1625 2.276770e-06
1626 1.716871e-06
1627 1.071974e-06
1628 6.518364e-07
1629 3.538249e-07
1630 1.861971e-07
1631 1.003484e-07
1632 5.578990e-08
1633 0.000000e+00
1634 0.000000e+00
1635 8.891198e-07
1636 1.072208e-06
1637 1.206146e-06
1638 1.224576e-06
1639 1.066696e-06
1640 7.933436e-07
1641 5.815894e-07
1642 4.169104e-07
1643 2.343421e-07
1644 1.314261e-07
1645 7.164692e-08
1646 3.730540e-08
1647 1.958823e-08
1648 0.000000e+00
1649 0.000000e+00
