0 2.265142e-09
1 1.473377e-09
2 9.270364e-10
3 5.837731e-10
4 3.750600e-10
5 2.466294e-10
6 1.639326e-10
7 1.077036e-10
8 6.830224e-11
9 4.106884e-11
10 2.319205e-11
11 1.227050e-11
12 6.124954e-12
13 2.916988e-12
14 1.341789e-12
15 3.822952e-09
16 2.545004e-09
17 1.618812e-09
18 1.009163e-09
19 6.379100e-10
20 4.128553e-10
21 2.729793e-10
22 1.810120e-10
23 1.174181e-10
24 7.289781e-11
25 4.264820e-11
26 2.336845e-11
27 1.201925e-11
28 5.856181e-12
29 2.736530e-12
30 4.389414e-09
31 2.941860e-09
32 1.882245e-09
33 1.172416e-09
34 7.379456e-10
35 4.750560e-10
36 3.130735e-10
37 2.077015e-10
38 1.353694e-10
39 8.471784e-11
40 5.007837e-11
41 2.773569e-11
42 1.440788e-11
43 7.075897e-12
44 3.325536e-12
45 4.701790e-09
46 3.161832e-09
47 2.028240e-09
48 1.263098e-09
49 7.935805e-10
50 5.095608e-10
51 3.352745e-10
52 2.224860e-10
53 1.453231e-10
54 9.126880e-11
55 5.418803e-11
56 3.015258e-11
57 1.573318e-11
58 7.753922e-12
59 3.653387e-12
60 4.909051e-09
61 3.307150e-09
62 2.124863e-09
63 1.322949e-09
64 8.301686e-10
65 5.323577e-10
66 3.499879e-10
67 2.322450e-10
68 1.518824e-10
69 9.559652e-11
70 5.691818e-11
71 3.176103e-11
72 1.660952e-11
73 8.202528e-12
74 3.870246e-12
75 5.069737e-09
76 3.419967e-09
77 2.199716e-09
78 1.369586e-09
79 8.587859e-10
80 5.501135e-10
81 3.614262e-10
82 2.398572e-10
83 1.570164e-10
84 9.898229e-11
85 5.903193e-11
86 3.300390e-11
87 1.729099e-11
88 8.550859e-12
89 4.038951e-12
90 5.198263e-09
91 3.510344e-09
92 2.259647e-09
93 1.406682e-09
94 8.815042e-10
95 5.643033e-10
96 3.705151e-10
97 2.459405e-10
98 1.611161e-10
99 1.016818e-10
100 6.072810e-11
101 3.400526e-11
102 1.783919e-11
103 8.830915e-12
104 4.174086e-12
105 5.310979e-09
106 3.589190e-09
107 2.312334e-09
108 1.439341e-09
109 9.014841e-10
110 5.766844e-10
111 3.784892e-10
112 2.512010e-10
113 1.646348e-10
114 1.039987e-10
115 6.219932e-11
116 3.487345e-11
117 1.831467e-11
118 9.074296e-12
119 4.291892e-12
120 5.416904e-09
121 3.663805e-09
122 2.361738e-09
123 1.470153e-09
124 9.203323e-10
125 5.883772e-10
126 3.859511e-10
127 2.562481e-10
128 1.680288e-10
129 1.061978e-10
130 6.357568e-11
131 3.569354e-11
132 1.876399e-11
133 9.303988e-12
134 4.402772e-12
135 5.538705e-09
136 3.749034e-09
137 2.419047e-09
138 1.505724e-09
139 9.421198e-10
140 6.018999e-10
141 3.947735e-10
142 2.619936e-10
143 1.719016e-10
144 1.088275e-10
145 6.522117e-11
146 3.664798e-11
147 1.928611e-11
148 9.571583e-12
149 4.531274e-12
150 7.911873e-09
151 5.448835e-09
152 3.579756e-09
153 2.236836e-09
154 1.386968e-09
155 8.744364e-10
156 5.669207e-10
157 3.751053e-10
158 2.479889e-10
159 1.596593e-10
160 9.794504e-11
161 5.646677e-11
162 3.045057e-11
163 1.542088e-11
164 7.412006e-12
165 1.000211e-08
166 6.975548e-09
167 4.648492e-09
168 2.935260e-09
169 1.810970e-09
170 1.132328e-09
171 7.261987e-10
172 4.773651e-10
173 3.160382e-10
174 2.053569e-10
175 1.279457e-10
176 7.518925e-11
177 4.136348e-11
178 2.132829e-11
179 1.039754e-11
180 1.122586e-08
181 7.875636e-09
182 5.280780e-09
183 3.352466e-09
184 2.065507e-09
185 1.287297e-09
186 8.210494e-10
187 5.380530e-10
188 3.562062e-10
189 2.323116e-10
190 1.456914e-10
191 8.632731e-11
192 4.790768e-11
193 2.490201e-11
194 1.221909e-11
195 1.203752e-08
196 8.473246e-09
197 5.700798e-09
198 3.629849e-09
199 2.234826e-09
200 1.390020e-09
201 8.842517e-10
202 5.784071e-10
203 3.829103e-10
204 2.502206e-10
205 1.574673e-10
206 9.372330e-11
207 5.225715e-11
208 2.727814e-11
209 1.343097e-11
210 1.267174e-08
211 8.939997e-09
212 6.028355e-09
213 3.845944e-09
214 2.366915e-09
215 1.470191e-09
216 9.336755e-10
217 6.098181e-10
218 4.036995e-10
219 2.641605e-10
220 1.666478e-10
221 9.949303e-11
222 5.564291e-11
223 2.913173e-11
224 1.437737e-11
225 1.317442e-08
226 9.309406e-09
227 6.288276e-09
228 4.017570e-09
229 2.471531e-09
230 1.533888e-09
231 9.726591e-10
232 6.348013e-10
233 4.202200e-10
234 2.752443e-10
235 1.739358e-10
236 1.040561e-10
237 5.833067e-11
238 3.060036e-11
239 1.512734e-11
240 1.361147e-08
241 9.631114e-09
242 6.514419e-09
243 4.167402e-09
244 2.562883e-09
245 1.589550e-09
246 1.006761e-09
247 6.564772e-10
248 4.346250e-10
249 2.848954e-10
250 1.802856e-10
251 1.080432e-10
252 6.067774e-11
253 3.188162e-11
254 1.577862e-11
255 1.402823e-08
256 9.937895e-09
257 6.730174e-09
258 4.309521e-09
259 2.649663e-09
260 1.642220e-09
261 1.039058e-09
262 6.770773e-10
263 4.483057e-10
264 2.940817e-10
265 1.863313e-10
266 1.118441e-10
267 6.291083e-11
268 3.310344e-11
269 1.640246e-11
270 1.451036e-08
271 1.029327e-08
272 6.979644e-09
273 4.474149e-09
274 2.750060e-09
275 1.703790e-09
276 1.076881e-09
277 7.012231e-10
278 4.641699e-10
279 3.047148e-10
280 1.933447e-10
281 1.162364e-10
282 6.548960e-11
283 3.451402e-11
284 1.712198e-11
285 1.364566e-08
286 9.709315e-09
287 6.594616e-09
288 4.255476e-09
289 2.623024e-09
290 1.624496e-09
291 1.024230e-09
292 6.643540e-10
293 4.382693e-10
294 2.872256e-10
295 1.823695e-10
296 1.100046e-10
297 6.231145e-11
298 3.304710e-11
299 1.649460e-11
300 1.605575e-08
301 1.155577e-08
302 7.920375e-09
303 5.169760e-09
304 3.199061e-09
305 1.971342e-09
306 1.233202e-09
307 7.937095e-10
308 5.216143e-10
309 3.426236e-10
310 2.192573e-10
311 1.338509e-10
312 7.690898e-11
313 4.138663e-11
314 2.092509e-11
315 1.769156e-08
316 1.281708e-08
317 8.828702e-09
318 5.798068e-09
319 3.598085e-09
320 2.210970e-09
321 1.377800e-09
322 8.829407e-10
323 5.789377e-10
324 3.805921e-10
325 2.445178e-10
326 1.502015e-10
327 8.695125e-11
328 4.715003e-11
329 2.400220e-11
330 1.897103e-08
331 1.380358e-08
332 9.538403e-09
333 6.287094e-09
334 3.909313e-09
335 2.398343e-09
336 1.490798e-09
337 9.526890e-10
338 6.237638e-10
339 4.102698e-10
340 2.642443e-10
341 1.629717e-10
342 9.479506e-11
343 5.165356e-11
344 2.640792e-11
345 1.998569e-08
346 1.458474e-08
347 1.010095e-08
348 6.677067e-09
349 4.156184e-09
350 2.547031e-09
351 1.580494e-09
352 1.007983e-09
353 6.592027e-10
354 4.337554e-10
355 2.798959e-10
356 1.731052e-10
357 1.010195e-10
358 5.522578e-11
359 2.831565e-11
360 2.087210e-08
361 1.526893e-08
362 1.059382e-08
363 7.016984e-09
364 4.371961e-09
365 2.677108e-09
366 1.658570e-09
367 1.056167e-09
368 6.901538e-10
369 4.542778e-10
370 2.935406e-10
371 1.819341e-10
372 1.064427e-10
373 5.833876e-11
374 2.997824e-11
375 2.170910e-08
376 1.591418e-08
377 1.105810e-08
378 7.338110e-09
379 4.575577e-09
380 2.799450e-09
381 1.732578e-09
382 1.101844e-09
383 7.194940e-10
384 4.737268e-10
385 3.064866e-10
386 1.903167e-10
387 1.115904e-10
388 6.129313e-11
389 3.155588e-11
390 2.268791e-08
391 1.666969e-08
392 1.160149e-08
393 7.714026e-09
394 4.814182e-09
395 2.943498e-09
396 1.819340e-09
397 1.155431e-09
398 7.537684e-10
399 4.964775e-10
400 3.216231e-10
401 2.001174e-10
402 1.176114e-10
403 6.474443e-11
404 3.339955e-11
405 1.965639e-08
406 1.440565e-08
407 9.997534e-09
408 6.627780e-09
409 4.148614e-09
410 2.540660e-09
411 1.575491e-09
412 1.001716e-09
413 6.529807e-10
414 4.288312e-10
415 2.766603e-10
416 1.714128e-10
417 1.003958e-10
418 5.516033e-11
419 2.843926e-11
420 2.227243e-08
421 1.651090e-08
422 1.154716e-08
423 7.718171e-09
424 4.871958e-09
425 2.975704e-09
426 1.837556e-09
427 1.159749e-09
428 7.517539e-10
429 4.930855e-10
430 3.192772e-10
431 1.993578e-10
432 1.180026e-10
433 6.560608e-11
434 3.421637e-11
435 2.433549e-08
436 1.818103e-08
437 1.277697e-08
438 8.586903e-09
439 5.449112e-09
440 3.324336e-09
441 2.047539e-09
442 1.286095e-09
443 8.306873e-10
444 5.442575e-10
445 3.531785e-10
446 2.215903e-10
447 1.320259e-10
448 7.394381e-11
449 3.884110e-11
450 2.598237e-08
451 1.950803e-08
452 1.375742e-08
453 9.276853e-09
454 5.907610e-09
455 3.601371e-09
456 2.214060e-09
457 1.386401e-09
458 8.931540e-10
459 5.848554e-10
460 3.800756e-10
461 2.392290e-10
462 1.431521e-10
463 8.056174e-11
464 4.251237e-11
465 2.741389e-08
466 2.066478e-08
467 1.461138e-08
468 9.878309e-09
469 6.307508e-09
470 3.843195e-09
471 2.359197e-09
472 1.473864e-09
473 9.478256e-10
474 6.203305e-10
475 4.035673e-10
476 2.546338e-10
477 1.528704e-10
478 8.633822e-11
479 4.571685e-11
480 2.876798e-08
481 2.175560e-08
482 1.541878e-08
483 1.044648e-08
484 6.686458e-09
485 4.072124e-09
486 2.497052e-09
487 1.556591e-09
488 9.994926e-10
489 6.538717e-10
490 4.257857e-10
491 2.692024e-10
492 1.620576e-10
493 9.179955e-11
494 4.874734e-11
495 3.035383e-08
496 2.303714e-08
497 1.636300e-08
498 1.111344e-08
499 7.128739e-09
500 4.339050e-09
501 2.657655e-09
502 1.653436e-09
503 1.059856e-09
504 6.930587e-10
505 4.517578e-10
506 2.862169e-10
507 1.728025e-10
508 9.818808e-11
509 5.228953e-11
510 2.586272e-08
511 1.949287e-08
512 1.378583e-08
513 9.309212e-09
514 5.954093e-09
515 3.636586e-09
516 2.234371e-09
517 1.395916e-09
518 8.968864e-10
519 5.859922e-10
520 3.804793e-10
521 2.396578e-10
522 1.437397e-10
523 8.118497e-11
524 4.303440e-11
525 2.881880e-08
526 2.198049e-08
527 1.567159e-08
528 1.065496e-08
529 6.875267e-09
530 4.206207e-09
531 2.575445e-09
532 1.598295e-09
533 1.020686e-09
534 6.646120e-10
535 4.319984e-10
536 2.735412e-10
537 1.654424e-10
538 9.440651e-11
539 5.058542e-11
540 3.119417e-08
541 2.397288e-08
542 1.718412e-08
543 1.173723e-08
544 7.616006e-09
545 4.666089e-09
546 2.850098e-09
547 1.761401e-09
548 1.120020e-09
549 7.277749e-10
550 4.733424e-10
551 3.007218e-10
552 1.828576e-10
553 1.050263e-10
554 5.665983e-11
555 3.325253e-08
556 2.570871e-08
557 1.850399e-08
558 1.267841e-08
559 8.260418e-09
560 5.065366e-09
561 3.088967e-09
562 1.903539e-09
563 1.206810e-09
564 7.828016e-10
565 5.093570e-10
566 3.243983e-10
567 1.980275e-10
568 1.142761e-10
569 6.194968e-11
570 3.521009e-08
571 2.736045e-08
572 1.975801e-08
573 1.357416e-08
574 8.874430e-09
575 5.446662e-09
576 3.316692e-09
577 2.038695e-09
578 1.289293e-09
579 8.351451e-10
580 5.436231e-10
581 3.469209e-10
582 2.124571e-10
583 1.230764e-10
584 6.698413e-11
585 3.750223e-08
586 2.928361e-08
587 2.122141e-08
588 1.461884e-08
589 9.588493e-09
590 5.889736e-09
591 3.581591e-09
592 2.195966e-09
593 1.385263e-09
594 8.960816e-10
595 5.834839e-10
596 3.731313e-10
597 2.292523e-10
598 1.333171e-10
599 7.284142e-11
600 3.275091e-08
601 2.538725e-08
602 1.831769e-08
603 1.256464e-08
604 8.203077e-09
605 5.050660e-09
606 3.077123e-09
607 1.895032e-09
608 1.199130e-09
609 7.760875e-10
610 5.041649e-10
611 3.209107e-10
612 1.960343e-10
613 1.133464e-10
614 6.163252e-11
615 3.599370e-08
616 2.821915e-08
617 2.054035e-08
618 1.417365e-08
619 9.324798e-09
620 5.771906e-09
621 3.505210e-09
622 2.148977e-09
623 1.351006e-09
624 8.703468e-10
625 5.648439e-10
626 3.606251e-10
627 2.216925e-10
628 1.292871e-10
629 7.098599e-11
630 3.882973e-08
631 3.070183e-08
632 2.248918e-08
633 1.558691e-08
634 1.031009e-08
635 6.406282e-09
636 3.881957e-09
637 2.372512e-09
638 1.484936e-09
639 9.531972e-10
640 6.181293e-10
641 3.954823e-10
642 2.442116e-10
643 1.432826e-10
644 7.920390e-11
645 4.151791e-08
646 3.305720e-08
647 2.433837e-08
648 1.692724e-08
649 1.124598e-08
650 7.009295e-09
651 4.239789e-09
652 2.585016e-09
653 1.611787e-09
654 1.031848e-09
655 6.687153e-10
656 4.285696e-10
657 2.655854e-10
658 1.565667e-10
659 8.700419e-11
660 4.466879e-08
661 3.580770e-08
662 2.650014e-08
663 1.849487e-08
664 1.233683e-08
665 7.712232e-09
666 4.657166e-09
667 2.832568e-09
668 1.759848e-09
669 1.123571e-09
670 7.276953e-10
671 4.671554e-10
672 2.905156e-10
673 1.720605e-10
674 9.610258e-11
675 4.015657e-08
676 3.196573e-08
677 2.355689e-08
678 1.639107e-08
679 1.088557e-08
680 6.804216e-09
681 4.118909e-09
682 2.513751e-09
683 1.566200e-09
684 1.001304e-09
685 6.478389e-10
686 4.145275e-10
687 2.566142e-10
688 1.512343e-10
689 8.410123e-11
690 4.389638e-08
691 3.534744e-08
692 2.630628e-08
693 1.841879e-08
694 1.231586e-08
695 7.755398e-09
696 4.687663e-09
697 2.851855e-09
698 1.765123e-09
699 1.121785e-09
700 7.237576e-10
701 4.636845e-10
702 2.884236e-10
703 1.712560e-10
704 9.609971e-11
705 4.744254e-08
706 3.856747e-08
707 2.891824e-08
708 2.035275e-08
709 1.367914e-08
710 8.663345e-09
711 5.230883e-09
712 3.174467e-09
713 1.954836e-09
714 1.236581e-09
715 7.961134e-10
716 5.104914e-10
717 3.187037e-10
718 1.903154e-10
719 1.075303e-10
720 5.159158e-08
721 4.232768e-08
722 3.196227e-08
723 2.260538e-08
724 1.526662e-08
725 9.720671e-09
726 5.863699e-09
727 3.550692e-09
728 2.175808e-09
729 1.370416e-09
730 8.803763e-10
731 5.650160e-10
732 3.539815e-10
733 2.125189e-10
734 1.208457e-10
735 4.865466e-08
736 3.978045e-08
737 3.000443e-08
738 2.120810e-08
739 1.429907e-08
740 9.105473e-09
741 5.508876e-09
742 3.338942e-09
743 2.048344e-09
744 1.290449e-09
745 8.280826e-10
746 5.303528e-10
747 3.314484e-10
748 1.985320e-10
749 1.127016e-10
750 5.326567e-08
751 4.410419e-08
752 3.364315e-08
753 2.396289e-08
754 1.626119e-08
755 1.044539e-08
756 6.331223e-09
757 3.824856e-09
758 2.330995e-09
759 1.458314e-09
760 9.313664e-10
761 5.960572e-10
762 3.737424e-10
763 2.253409e-10
764 1.290530e-10
765 5.866263e-08
766 4.916239e-08
767 3.788586e-08
768 2.718008e-08
769 1.855490e-08
770 1.201171e-08
771 7.293754e-09
772 4.394006e-09
773 2.661580e-09
774 1.654621e-09
775 1.052094e-09
776 6.728353e-10
777 4.231645e-10
778 2.566650e-10
779 1.481602e-10
780 5.920356e-08
781 4.983099e-08
782 3.861430e-08
783 2.782892e-08
784 1.904712e-08
785 1.237994e-08
786 7.556140e-09
787 4.544038e-09
788 2.748177e-09
789 1.701990e-09
790 1.078000e-09
791 6.875429e-10
792 4.320642e-10
793 2.623730e-10
794 1.519075e-10
795 6.629159e-08
796 5.669211e-08
797 4.460615e-08
798 3.252071e-08
799 2.244126e-08
800 1.474061e-08
801 9.064604e-09
802 5.429655e-09
803 3.263150e-09
804 2.001492e-09
805 1.257224e-09
806 7.987431e-10
807 5.026567e-10
808 3.071097e-10
809 1.795328e-10
810 7.608313e-08
811 6.652985e-08
812 5.357672e-08
813 3.983618e-08
814 2.785545e-08
815 1.856092e-08
816 1.160990e-08
817 6.936813e-09
818 4.144665e-09
819 2.504079e-09
820 1.548736e-09
821 9.737121e-10
822 6.110389e-10
823 3.751274e-10
824 2.217638e-10
825 5.062267e-07
826 3.697566e-07
827 2.739821e-07
828 1.705768e-07
829 1.039078e-07
830 6.155647e-08
831 3.758591e-08
832 2.411148e-08
833 1.627587e-08
834 0.000000e+00
835 0.000000e+00
836 0.000000e+00
837 0.000000e+00
838 0.000000e+00
839 0.000000e+00
840 7.607670e-07
841 5.558082e-07
842 4.122878e-07
843 2.595636e-07
844 1.577391e-07
845 9.333154e-08
846 5.688176e-08
847 3.635701e-08
848 2.447590e-08
849 0.000000e+00
850 0.000000e+00
851 0.000000e+00
852 0.000000e+00
853 0.000000e+00
854 0.000000e+00
855 9.032180e-07
856 6.599544e-07
857 4.896970e-07
858 3.094657e-07
859 1.879007e-07
860 1.111369e-07
861 6.769280e-08
862 4.321421e-08
863 2.906609e-08
864 0.000000e+00
865 0.000000e+00
866 0.000000e+00
867 0.000000e+00
868 0.000000e+00
869 0.000000e+00
870 9.974342e-07
871 7.288335e-07
872 5.408951e-07
873 3.424706e-07
874 2.078508e-07
875 1.229137e-07
876 7.484327e-08
877 4.775000e-08
878 3.210188e-08
879 0.000000e+00
880 0.000000e+00
881 0.000000e+00
882 0.000000e+00
883 0.000000e+00
884 0.000000e+00
885 1.070931e-06
886 7.825694e-07
887 5.808315e-07
888 3.682168e-07
889 2.234138e-07
890 1.321006e-07
891 8.042128e-08
892 5.128811e-08
893 3.447032e-08
894 0.000000e+00
895 0.000000e+00
896 0.000000e+00
897 0.000000e+00
898 0.000000e+00
899 0.000000e+00
900 1.129185e-06
901 8.251586e-07
902 6.124881e-07
903 3.886234e-07
904 2.357482e-07
905 1.393824e-07
906 8.484226e-08
907 5.409258e-08
908 3.634746e-08
909 0.000000e+00
910 0.000000e+00
911 0.000000e+00
912 0.000000e+00
913 0.000000e+00
914 0.000000e+00
915 1.180029e-06
916 8.623294e-07
917 6.401160e-07
918 4.064353e-07
919 2.465146e-07
920 1.457373e-07
921 8.870104e-08
922 5.654013e-08
923 3.798580e-08
924 0.000000e+00
925 0.000000e+00
926 0.000000e+00
927 0.000000e+00
928 0.000000e+00
929 0.000000e+00
930 1.228234e-06
931 8.975727e-07
932 6.663111e-07
933 4.233221e-07
934 2.567216e-07
935 1.517623e-07
936 9.235940e-08
937 5.886062e-08
938 3.953901e-08
939 0.000000e+00
940 0.000000e+00
941 0.000000e+00
942 0.000000e+00
943 0.000000e+00
944 0.000000e+00
945 1.284465e-06
946 9.386857e-07
947 6.968670e-07
948 4.430217e-07
949 2.686280e-07
950 1.587912e-07
951 9.662735e-08
952 6.156743e-08
953 4.135107e-08
954 0.000000e+00
955 0.000000e+00
956 0.000000e+00
957 0.000000e+00
958 0.000000e+00
959 0.000000e+00
960 3.378901e-07
961 2.691441e-07
962 1.952424e-07
963 1.464135e-07
964 9.061275e-08
965 5.546049e-08
966 3.223595e-08
967 1.927517e-08
968 1.207853e-08
969 7.996344e-09
970 0.000000e+00
971 0.000000e+00
972 0.000000e+00
973 0.000000e+00
974 0.000000e+00
975 5.198453e-07
976 4.168480e-07
977 3.026668e-07
978 2.267662e-07
979 1.421178e-07
980 8.665376e-08
981 5.033105e-08
982 3.005525e-08
983 1.876732e-08
984 1.238923e-08
985 0.000000e+00
986 0.000000e+00
987 0.000000e+00
988 0.000000e+00
989 0.000000e+00
990 6.423501e-07
991 5.163979e-07
992 3.750907e-07
993 2.809228e-07
994 1.769006e-07
995 1.076993e-07
996 6.254058e-08
997 3.732898e-08
998 2.327842e-08
999 1.535051e-08
1000 0.000000e+00
1001 0.000000e+00
1002 0.000000e+00
1003 0.000000e+00
1004 0.000000e+00
1005 7.378952e-07
1006 5.940358e-07
1007 4.315701e-07
1008 3.231590e-07
1009 2.040266e-07
1010 1.241112e-07
1011 7.206252e-08
1012 4.300175e-08
1013 2.679642e-08
1014 1.765991e-08
1015 0.000000e+00
1016 0.000000e+00
1017 0.000000e+00
1018 0.000000e+00
1019 0.000000e+00
1020 8.136309e-07
1021 6.555718e-07
1022 4.763383e-07
1023 3.566353e-07
1024 2.255286e-07
1025 1.371213e-07
1026 7.961037e-08
1027 4.749794e-08
1028 2.958507e-08
1029 1.949033e-08
1030 0.000000e+00
1031 0.000000e+00
1032 0.000000e+00
1033 0.000000e+00
1034 0.000000e+00
1035 8.797088e-07
1036 7.092672e-07
1037 5.154045e-07
1038 3.858458e-07
1039 2.442896e-07
1040 1.484727e-07
1041 8.619590e-08
1042 5.142150e-08
1043 3.201830e-08
1044 2.108770e-08
1045 0.000000e+00
1046 0.000000e+00
1047 0.000000e+00
1048 0.000000e+00
1049 0.000000e+00
1050 9.423775e-07
1051 7.601922e-07
1052 5.524499e-07
1053 4.135472e-07
1054 2.620807e-07
1055 1.592387e-07
1056 9.244170e-08
1057 5.514214e-08
1058 3.432583e-08
1059 2.260244e-08
1060 0.000000e+00
1061 0.000000e+00
1062 0.000000e+00
1063 0.000000e+00
1064 0.000000e+00
1065 1.015485e-06
1066 8.196010e-07
1067 5.956692e-07
1068 4.458675e-07
1069 2.828372e-07
1070 1.717986e-07
1071 9.972786e-08
1072 5.948314e-08
1073 3.701786e-08
1074 2.436963e-08
1075 0.000000e+00
1076 0.000000e+00
1077 0.000000e+00
1078 0.000000e+00
1079 0.000000e+00
1080 1.987227e-07
1081 1.807566e-07
1082 1.392764e-07
1083 1.007167e-07
1084 7.547392e-08
1085 4.363643e-08
1086 2.674620e-08
1087 1.542007e-08
1088 9.117408e-09
1089 5.671922e-09
1090 0.000000e+00
1091 0.000000e+00
1092 0.000000e+00
1093 0.000000e+00
1094 0.000000e+00
1095 3.276872e-07
1096 2.993231e-07
1097 2.315408e-07
1098 1.673357e-07
1099 1.255743e-07
1100 7.298967e-08
1101 4.485131e-08
1102 2.579919e-08
1103 1.520241e-08
1104 9.436594e-09
1105 0.000000e+00
1106 0.000000e+00
1107 0.000000e+00
1108 0.000000e+00
1109 0.000000e+00
1110 4.302603e-07
1111 3.936960e-07
1112 3.050269e-07
1113 2.203934e-07
1114 1.654800e-07
1115 9.639675e-08
1116 5.929137e-08
1117 3.407520e-08
1118 2.005162e-08
1119 1.243555e-08
1120 0.000000e+00
1121 0.000000e+00
1122 0.000000e+00
1123 0.000000e+00
1124 0.000000e+00
1125 5.115130e-07
1126 4.684458e-07
1127 3.632340e-07
1128 2.624202e-07
1129 1.970878e-07
1130 1.149365e-07
1131 7.072893e-08
1132 4.063036e-08
1133 2.389245e-08
1134 1.481101e-08
1135 0.000000e+00
1136 0.000000e+00
1137 0.000000e+00
1138 0.000000e+00
1139 0.000000e+00
1140 5.824108e-07
1141 5.336765e-07
1142 4.140263e-07
1143 2.990940e-07
1144 2.246704e-07
1145 1.311148e-07
1146 8.070985e-08
1147 4.635065e-08
1148 2.724411e-08
1149 1.688382e-08
1150 0.000000e+00
1151 0.000000e+00
1152 0.000000e+00
1153 0.000000e+00
1154 0.000000e+00
1155 6.496441e-07
1156 5.955321e-07
1157 4.621927e-07
1158 3.338702e-07
1159 2.508266e-07
1160 1.464567e-07
1161 9.017436e-08
1162 5.177505e-08
1163 3.042242e-08
1164 1.884941e-08
1165 0.000000e+00
1166 0.000000e+00
1167 0.000000e+00
1168 0.000000e+00
1169 0.000000e+00
1170 7.280796e-07
1171 6.676927e-07
1172 5.183823e-07
1173 3.744406e-07
1174 2.813390e-07
1175 1.643543e-07
1176 1.012156e-07
1177 5.810293e-08
1178 3.413032e-08
1179 2.114257e-08
1180 0.000000e+00
1181 0.000000e+00
1182 0.000000e+00
1183 0.000000e+00
1184 0.000000e+00
1185 1.298142e-07
1186 1.281351e-07
1187 1.077501e-07
1188 7.871050e-08
1189 5.847324e-08
1190 3.974180e-08
1191 2.345221e-08
1192 1.336208e-08
1193 7.724474e-09
1194 4.564635e-09
1195 2.859295e-09
1196 0.000000e+00
1197 0.000000e+00
1198 0.000000e+00
1199 0.000000e+00
1200 2.306504e-07
1201 2.283198e-07
1202 1.927217e-07
1203 1.410280e-07
1204 1.045956e-07
1205 7.159425e-08
1206 4.203804e-08
1207 2.398511e-08
1208 1.388462e-08
1209 8.189938e-09
1210 5.119556e-09
1211 0.000000e+00
1212 0.000000e+00
1213 0.000000e+00
1214 0.000000e+00
1215 3.119672e-07
1216 3.091471e-07
1217 2.613145e-07
1218 1.913491e-07
1219 1.418296e-07
1220 9.733204e-08
1221 5.704640e-08
1222 3.256575e-08
1223 1.886064e-08
1224 1.111782e-08
1225 6.944530e-09
1226 0.000000e+00
1227 0.000000e+00
1228 0.000000e+00
1229 0.000000e+00
1230 3.828541e-07
1231 3.796059e-07
1232 3.211041e-07
1233 2.352115e-07
1234 1.742846e-07
1235 1.197683e-07
1236 7.012859e-08
1237 4.004544e-08
1238 2.319820e-08
1239 1.367008e-08
1240 8.535256e-09
1241 0.000000e+00
1242 0.000000e+00
1243 0.000000e+00
1244 0.000000e+00
1245 4.500796e-07
1246 4.464200e-07
1247 3.778053e-07
1248 2.768078e-07
1249 2.050638e-07
1250 1.410447e-07
1251 8.253511e-08
1252 4.713872e-08
1253 2.731172e-08
1254 1.609049e-08
1255 1.004384e-08
1256 0.000000e+00
1257 0.000000e+00
1258 0.000000e+00
1259 0.000000e+00
1260 5.284970e-07
1261 5.243639e-07
1262 4.439501e-07
1263 3.253339e-07
1264 2.409690e-07
1265 1.658637e-07
1266 9.700801e-08
1267 5.541290e-08
1268 3.211008e-08
1269 1.891392e-08
1270 1.180367e-08
1271 0.000000e+00
1272 0.000000e+00
1273 0.000000e+00
1274 0.000000e+00
1275 9.477103e-08
1276 9.868356e-08
1277 8.930969e-08
1278 6.832977e-08
1279 4.939109e-08
1280 3.699800e-08
1281 2.090669e-08
1282 1.262698e-08
1283 7.134332e-09
1284 4.120394e-09
1285 2.466658e-09
1286 0.000000e+00
1287 0.000000e+00
1288 0.000000e+00
1289 0.000000e+00
1290 1.730825e-07
1291 1.805978e-07
1292 1.639418e-07
1293 1.257661e-07
1294 9.085116e-08
1295 6.815942e-08
1296 3.862331e-08
1297 2.340222e-08
1298 1.319323e-08
1299 7.601703e-09
1300 4.541921e-09
1301 0.000000e+00
1302 0.000000e+00
1303 0.000000e+00
1304 0.000000e+00
1305 2.421329e-07
1306 2.528435e-07
1307 2.297861e-07
1308 1.764558e-07
1309 1.274397e-07
1310 9.566280e-08
1311 5.426760e-08
1312 3.291999e-08
1313 1.854407e-08
1314 1.067499e-08
1315 6.373559e-09
1316 0.000000e+00
1317 0.000000e+00
1318 0.000000e+00
1319 0.000000e+00
1320 3.075483e-07
1321 3.212827e-07
1322 2.921617e-07
1323 2.244757e-07
1324 1.621014e-07
1325 1.217172e-07
1326 6.908687e-08
1327 4.193573e-08
1328 2.361265e-08
1329 1.358620e-08
1330 8.108691e-09
1331 0.000000e+00
1332 0.000000e+00
1333 0.000000e+00
1334 0.000000e+00
1335 3.838589e-07
1336 4.011214e-07
1337 3.649272e-07
1338 2.804915e-07
1339 2.025333e-07
1340 1.521097e-07
1341 8.637391e-08
1342 5.245312e-08
1343 2.952533e-08
1344 1.698228e-08
1345 1.013276e-08
1346 0.000000e+00
1347 0.000000e+00
1348 0.000000e+00
1349 0.000000e+00
1350 7.240693e-08
1351 7.837624e-08
1352 7.516081e-08
1353 6.091244e-08
1354 4.394498e-08
1355 3.312792e-08
1356 2.069679e-08
1357 1.268878e-08
1358 7.044445e-09
1359 3.879093e-09
1360 2.241865e-09
1361 1.363319e-09
1362 0.000000e+00
1363 0.000000e+00
1364 0.000000e+00
1365 1.381247e-07
1366 1.497539e-07
1367 1.439659e-07
1368 1.170141e-07
1369 8.447336e-08
1370 6.362009e-08
1371 4.001286e-08
1372 2.446024e-08
1373 1.358242e-08
1374 7.482898e-09
1375 4.314891e-09
1376 2.618318e-09
1377 0.000000e+00
1378 0.000000e+00
1379 0.000000e+00
1380 2.007072e-07
1381 2.177349e-07
1382 2.095099e-07
1383 1.704689e-07
1384 1.230929e-07
1385 9.267284e-08
1386 5.842712e-08
1387 3.567911e-08
1388 1.981354e-08
1389 1.091806e-08
1390 6.290475e-09
1391 3.814100e-09
1392 0.000000e+00
1393 0.000000e+00
1394 0.000000e+00
1395 2.736705e-07
1396 2.969915e-07
1397 2.859230e-07
1398 2.327876e-07
1399 1.681155e-07
1400 1.265430e-07
1401 7.989461e-08
1402 4.875807e-08
1403 2.707780e-08
1404 1.492268e-08
1405 8.593604e-09
1406 5.208167e-09
1407 0.000000e+00
1408 0.000000e+00
1409 0.000000e+00
1410 5.879425e-08
1411 6.561869e-08
1412 6.592119e-08
1413 5.662506e-08
1414 4.173832e-08
1415 3.074166e-08
1416 2.165740e-08
1417 1.235662e-08
1418 6.956636e-09
1419 3.936394e-09
1420 2.189586e-09
1421 1.276979e-09
1422 0.000000e+00
1423 0.000000e+00
1424 0.000000e+00
1425 1.176358e-07
1426 1.314741e-07
1427 1.323622e-07
1428 1.140312e-07
1429 8.419559e-08
1430 6.193470e-08
1431 4.384043e-08
1432 2.493094e-08
1433 1.406605e-08
1434 7.958146e-09
1435 4.424250e-09
1436 2.575158e-09
1437 0.000000e+00
1438 0.000000e+00
1439 0.000000e+00
1440 1.861994e-07
1441 2.082150e-07
1442 2.097919e-07
1443 1.809374e-07
1444 1.336820e-07
1445 9.829042e-08
1446 6.969891e-08
1447 3.958746e-08
1448 2.235364e-08
1449 1.264610e-08
1450 7.029122e-09
1451 4.088247e-09
1452 0.000000e+00
1453 0.000000e+00
1454 0.000000e+00
1455 5.115236e-08
1456 5.861881e-08
1457 6.127155e-08
1458 5.567090e-08
1459 4.269343e-08
1460 3.083566e-08
1461 2.316059e-08
1462 1.298464e-08
1463 7.766675e-09
1464 4.255221e-09
1465 2.345803e-09
1466 1.309815e-09
1467 0.000000e+00
1468 0.000000e+00
1469 0.000000e+00
1470 1.141734e-07
1471 1.310103e-07
1472 1.372053e-07
1473 1.250254e-07
1474 9.612947e-08
1475 6.939088e-08
1476 5.219168e-08
1477 2.934905e-08
1478 1.761601e-08
1479 9.633237e-09
1480 5.297977e-09
1481 2.952149e-09
1482 0.000000e+00
1483 0.000000e+00
1484 0.000000e+00
1485 5.342956e-08
1486 6.278226e-08
1487 6.807277e-08
1488 6.535216e-08
1489 5.298865e-08
1490 3.823431e-08
1491 2.884380e-08
1492 1.793435e-08
1493 1.091443e-08
1494 5.922831e-09
1495 3.119607e-09
1496 1.683120e-09
1497 9.373121e-10
1498 0.000000e+00
1499 0.000000e+00
1500 1.109684e-04
1501 8.086786e-05
1502 6.035546e-05
1503 3.805236e-05
1504 2.321989e-05
1505 1.369104e-05
1506 8.324421e-06
1507 5.304277e-06
1508 3.565556e-06
1509 0.000000e+00
1510 0.000000e+00
1511 0.000000e+00
1512 0.000000e+00
1513 0.000000e+00
1514 0.000000e+00
1515 5.757601e-05
1516 4.644359e-05
1517 3.369791e-05
1518 2.528332e-05
1519 1.597668e-05
1520 9.754545e-06
1521 5.648866e-06
1522 3.364481e-06
1523 2.093966e-06
1524 1.379138e-06
1525 0.000000e+00
1526 0.000000e+00
1527 0.000000e+00
1528 0.000000e+00
1529 0.000000e+00
1530 4.047788e-05
1531 3.713775e-05
1532 2.882267e-05
1533 2.080348e-05
1534 1.566222e-05
1535 9.111532e-06
1536 5.625604e-06
1537 3.225263e-06
1538 1.896511e-06
1539 1.174730e-06
1540 0.000000e+00
1541 0.000000e+00
1542 0.000000e+00
1543 0.000000e+00
1544 0.000000e+00
1545 2.912801e-05
1546 2.891312e-05
1547 2.448503e-05
1548 1.793535e-05
1549 1.328396e-05
1550 9.154542e-06
1551 5.351144e-06
1552 3.053081e-06
1553 1.771954e-06
1554 1.042590e-06
1555 6.506122e-07
1556 0.000000e+00
1557 0.000000e+00
1558 0.000000e+00
1559 0.000000e+00
1560 2.085098e-05
1561 2.179680e-05
1562 1.983793e-05
1563 1.524768e-05
1564 1.100576e-05
1565 8.274949e-06
1566 4.689296e-06
1567 2.850415e-06
1568 1.602925e-06
1569 9.233707e-07
1570 5.506294e-07
1571 0.000000e+00
1572 0.000000e+00
1573 0.000000e+00
1574 0.000000e+00
1575 1.487210e-05
1576 1.614453e-05
1577 1.554949e-05
1578 1.266314e-05
1579 9.143013e-06
1580 6.883420e-06
1581 4.347301e-06
1582 2.655947e-06
1583 1.474901e-06
1584 8.112783e-07
1585 4.673052e-07
1586 2.832009e-07
1587 0.000000e+00
1588 0.000000e+00
1589 0.000000e+00
1590 1.001028e-05
1591 1.119728e-05
1592 1.128693e-05
1593 9.739022e-06
1594 7.195644e-06
1595 5.289411e-06
1596 3.755371e-06
1597 2.130464e-06
1598 1.202339e-06
1599 6.811759e-07
1600 3.783133e-07
1601 2.200058e-07
1602 0.000000e+00
1603 0.000000e+00
1604 0.000000e+00
1605 6.201116e-06
1606 7.118100e-06
1607 7.458527e-06
1608 6.801106e-06
1609 5.231433e-06
1610 3.775220e-06
1611 2.841823e-06
1612 1.597077e-06
1613 9.596537e-07
1614 5.242846e-07
1615 2.885232e-07
1616 1.606418e-07
1617 0.000000e+00
1618 0.000000e+00
1619 0.000000e+00
1620 3.163407e-06
1621 3.720115e-06
1622 4.038202e-06
1623 3.883392e-06
1624 3.154630e-06
1625 2.276770e-06
1626 1.716871e-06
1627 1.071974e-06
1628 6.518364e-07
1629 3.538249e-07
1630 1.861971e-07
1631 1.003484e-07
1632 5.578990e-08
1633 0.000000e+00
1634 0.000000e+00
1635 8.891198e-07
1636 1.072208e-06
1637 1.206146e-06
1638 1.224576e-06
1639 1.066696e-06
1640 7.933436e-07
1641 5.815894e-07
1642 4.169104e-07
1643 2.343421e-07
1644 1.314261e-07
1645 7.164692e-08
1646 3.730540e-08
1647 1.958823e-08
1648 0.000000e+00
1649 0.000000e+00
