0 2.287745e-09
1 1.489132e-09
2 9.374009e-10
3 5.900825e-10
4 3.788941e-10
5 2.490435e-10
6 1.655467e-10
7 1.087809e-10
8 6.902762e-11
9 4.154864e-11
10 2.348241e-11
11 1.243991e-11
12 6.216726e-12
13 2.963444e-12
14 1.364279e-12
15 3.857544e-09
16 2.569543e-09
17 1.635973e-09
18 1.019962e-09
19 6.444201e-10
20 4.168278e-10
21 2.754994e-10
22 1.826580e-10
23 1.185202e-10
24 7.363445e-11
25 4.312919e-11
26 2.366219e-11
27 1.218570e-11
28 5.943949e-12
29 2.779860e-12
30 4.437922e-09
31 2.977416e-09
32 1.907143e-09
33 1.188422e-09
34 7.476507e-10
35 4.809166e-10
36 3.166914e-10
37 2.100811e-10
38 1.369598e-10
39 8.578393e-11
40 5.077510e-11
41 2.817179e-11
42 1.465746e-11
43 7.210080e-12
44 3.392357e-12
45 4.760109e-09
46 3.204082e-09
47 2.058036e-09
48 1.282320e-09
49 8.051815e-10
50 5.166133e-10
51 3.396583e-10
52 2.252869e-10
53 1.471954e-10
54 9.252953e-11
55 5.501864e-11
56 3.067312e-11
57 1.603425e-11
58 7.916739e-12
59 3.735015e-12
60 4.976149e-09
61 3.356300e-09
62 2.159218e-09
63 1.345325e-09
64 8.437669e-10
65 5.406266e-10
66 3.550828e-10
67 2.355387e-10
68 1.540564e-10
69 9.706457e-11
70 5.788391e-11
71 3.236759e-11
72 1.696114e-11
73 8.391732e-12
74 3.966148e-12
75 5.138394e-09
76 3.470223e-09
77 2.235198e-09
78 1.392525e-09
79 8.727263e-10
80 5.586312e-10
81 3.666293e-10
82 2.432049e-10
83 1.592471e-10
84 1.004846e-10
85 6.001900e-11
86 3.362631e-11
87 1.765578e-11
88 8.748437e-12
89 4.138574e-12
90 5.269736e-09
91 3.562815e-09
92 2.296716e-09
93 1.431072e-09
94 8.963014e-10
95 5.732046e-10
96 3.760272e-10
97 2.494464e-10
98 1.634491e-10
99 1.032469e-10
100 6.176798e-11
101 3.465720e-11
102 1.822099e-11
103 9.038438e-12
104 4.279216e-12
105 5.385473e-09
106 3.643809e-09
107 2.351100e-09
108 1.464849e-09
109 9.169192e-10
110 5.860284e-10
111 3.842398e-10
112 2.549096e-10
113 1.670522e-10
114 1.056285e-10
115 6.326253e-11
116 3.555298e-11
117 1.871673e-11
118 9.292825e-12
119 4.399307e-12
120 5.495036e-09
121 3.721284e-09
122 2.402619e-09
123 1.496789e-09
124 9.365069e-10
125 5.981533e-10
126 3.919996e-10
127 2.600925e-10
128 1.705898e-10
129 1.079593e-10
130 6.474103e-11
131 3.641073e-11
132 1.918483e-11
133 9.533245e-12
134 4.519219e-12
135 5.620177e-09
136 3.808919e-09
137 2.461603e-09
138 1.533567e-09
139 9.589921e-10
140 6.121697e-10
141 4.010176e-10
142 2.660019e-10
143 1.746047e-10
144 1.106253e-10
145 6.641053e-11
146 3.739659e-11
147 1.972697e-11
148 9.809560e-12
149 4.653123e-12
150 7.936029e-09
151 5.467062e-09
152 3.593239e-09
153 2.246720e-09
154 1.392977e-09
155 8.779710e-10
156 5.690239e-10
157 3.763781e-10
158 2.488041e-10
159 1.602113e-10
160 9.832122e-11
161 5.672031e-11
162 3.060838e-11
163 1.551141e-11
164 7.460040e-12
165 1.003770e-08
166 7.004061e-09
167 4.669997e-09
168 2.951112e-09
169 1.820966e-09
170 1.138323e-09
171 7.297010e-10
172 4.794627e-10
173 3.173570e-10
174 2.062264e-10
175 1.285363e-10
176 7.559313e-11
177 4.161992e-11
178 2.147909e-11
179 1.047896e-11
180 1.128095e-08
181 7.919683e-09
182 5.313030e-09
183 3.376313e-09
184 2.080733e-09
185 1.296380e-09
186 8.266186e-10
187 5.412811e-10
188 3.582330e-10
189 2.336486e-10
190 1.465884e-10
191 8.692660e-11
192 4.829112e-11
193 2.513098e-11
194 1.234509e-11
195 1.212135e-08
196 8.540122e-09
197 5.749317e-09
198 3.664935e-09
199 2.257500e-09
200 1.403697e-09
201 8.923751e-10
202 5.832871e-10
203 3.859705e-10
204 2.522379e-10
205 1.588254e-10
206 9.462536e-11
207 5.282928e-11
208 2.761808e-11
209 1.361725e-11
210 1.275133e-08
211 9.005114e-09
212 6.076869e-09
213 3.880896e-09
214 2.389976e-09
215 1.484238e-09
216 9.417980e-10
217 6.146959e-10
218 4.067142e-10
219 2.661415e-10
220 1.679709e-10
221 1.003873e-10
222 5.622495e-11
223 2.947624e-11
224 1.456946e-11
225 1.326351e-08
226 9.382211e-09
227 6.341453e-09
228 4.056792e-09
229 2.497271e-09
230 1.549472e-09
231 9.817330e-10
232 6.402174e-10
233 4.235739e-10
234 2.774274e-10
235 1.754067e-10
236 1.050445e-10
237 5.896716e-11
238 3.098334e-11
239 1.534008e-11
240 1.370761e-08
241 9.710083e-09
242 6.572599e-09
243 4.209781e-09
244 2.591256e-09
245 1.606527e-09
246 1.016588e-09
247 6.623526e-10
248 4.382857e-10
249 2.872812e-10
250 1.818928e-10
251 1.091207e-10
252 6.137414e-11
253 3.230229e-11
254 1.600995e-11
255 1.413155e-08
256 1.002273e-08
257 6.792918e-09
258 4.355758e-09
259 2.680205e-09
260 1.660541e-09
261 1.049777e-09
262 6.834770e-10
263 4.522630e-10
264 2.966451e-10
265 1.880580e-10
266 1.130032e-10
267 6.365904e-11
268 3.355087e-11
269 1.665272e-11
270 1.462387e-08
271 1.038583e-08
272 7.048062e-09
273 4.524267e-09
274 2.783219e-09
275 1.723612e-09
276 1.088589e-09
277 7.081706e-10
278 4.684661e-10
279 3.075121e-10
280 1.952271e-10
281 1.175116e-10
282 6.630824e-11
283 3.500518e-11
284 1.739659e-11
285 1.367473e-08
286 9.734069e-09
287 6.613245e-09
288 4.269119e-09
289 2.632538e-09
290 1.630060e-09
291 1.027520e-09
292 6.663131e-10
293 4.394302e-10
294 2.879797e-10
295 1.828731e-10
296 1.103427e-10
297 6.253117e-11
298 3.318147e-11
299 1.657080e-11
300 1.609732e-08
301 1.159153e-08
302 7.947863e-09
303 5.189429e-09
304 3.213007e-09
305 1.979718e-09
306 1.238218e-09
307 7.966435e-10
308 5.233789e-10
309 3.437469e-10
310 2.199980e-10
311 1.343430e-10
312 7.723087e-11
313 4.158694e-11
314 2.104096e-11
315 1.778069e-08
316 1.289239e-08
317 8.885786e-09
318 5.839006e-09
319 3.626375e-09
320 2.228074e-09
321 1.388194e-09
322 8.890696e-10
323 5.826230e-10
324 3.829539e-10
325 2.460747e-10
326 1.512343e-10
327 8.761824e-11
328 4.755829e-11
329 2.423579e-11
330 1.904960e-08
331 1.387319e-08
332 9.591060e-09
333 6.326195e-09
334 3.937626e-09
335 2.415429e-09
336 1.501152e-09
337 9.586986e-10
338 6.273500e-10
339 4.124919e-10
340 2.656973e-10
341 1.639439e-10
342 9.543874e-11
343 5.205836e-11
344 2.664574e-11
345 2.007786e-08
346 1.466810e-08
347 1.016570e-08
348 6.724303e-09
349 4.190284e-09
350 2.567496e-09
351 1.592750e-09
352 1.015166e-09
353 6.634522e-10
354 4.363962e-10
355 2.816203e-10
356 1.742575e-10
357 1.017810e-10
358 5.570885e-11
359 2.860095e-11
360 2.097556e-08
361 1.536250e-08
362 1.066688e-08
363 7.069731e-09
364 4.410440e-09
365 2.700274e-09
366 1.672666e-09
367 1.064401e-09
368 6.950106e-10
369 4.572951e-10
370 2.955030e-10
371 1.832498e-10
372 1.073131e-10
373 5.888945e-11
374 3.030403e-11
375 2.182443e-08
376 1.601863e-08
377 1.113964e-08
378 7.397595e-09
379 4.618698e-09
380 2.825767e-09
381 1.748393e-09
382 1.111018e-09
383 7.249000e-10
384 4.770735e-10
385 3.086664e-10
386 1.917722e-10
387 1.125540e-10
388 6.190388e-11
389 3.191790e-11
390 2.281673e-08
391 1.678658e-08
392 1.169292e-08
393 7.780441e-09
394 4.862814e-09
395 2.973191e-09
396 1.837236e-09
397 1.165779e-09
398 7.598740e-10
399 5.002519e-10
400 3.240773e-10
401 2.017573e-10
402 1.186976e-10
403 6.543258e-11
404 3.380830e-11
405 1.969257e-08
406 1.443717e-08
407 1.002206e-08
408 6.645128e-09
409 4.160940e-09
410 2.548487e-09
411 1.580314e-09
412 1.004516e-09
413 6.546384e-10
414 4.298686e-10
415 2.773312e-10
416 1.718530e-10
417 1.006839e-10
418 5.534186e-11
419 2.854659e-11
420 2.236560e-08
421 1.659095e-08
422 1.160899e-08
423 7.762363e-09
424 4.902745e-09
425 2.995253e-09
426 1.849187e-09
427 1.166592e-09
428 7.558854e-10
429 4.956666e-10
430 3.209556e-10
431 2.004622e-10
432 1.187153e-10
433 6.604539e-11
434 3.447153e-11
435 2.440337e-08
436 1.824448e-08
437 1.282877e-08
438 8.624783e-09
439 5.476548e-09
440 3.342218e-09
441 2.058312e-09
442 1.292239e-09
443 8.343377e-10
444 5.464596e-10
445 3.545758e-10
446 2.225080e-10
447 1.326318e-10
448 7.433226e-11
449 3.907694e-11
450 2.606986e-08
451 1.958920e-08
452 1.382501e-08
453 9.327740e-09
454 5.943843e-09
455 3.625772e-09
456 2.228407e-09
457 1.394776e-09
458 8.979849e-10
459 5.877837e-10
460 3.819212e-10
461 2.404380e-10
462 1.439514e-10
463 8.107318e-11
464 4.282517e-11
465 2.751814e-08
466 2.076458e-08
467 1.469412e-08
468 9.939113e-09
469 6.351788e-09
470 3.873171e-09
471 2.376741e-09
472 1.484070e-09
473 9.537492e-10
474 6.238713e-10
475 4.057921e-10
476 2.560902e-10
477 1.538341e-10
478 8.696079e-11
479 4.609898e-11
480 2.888822e-08
481 2.187136e-08
482 1.551537e-08
483 1.051794e-08
484 6.738044e-09
485 4.106787e-09
486 2.517411e-09
487 1.568473e-09
488 1.006370e-09
489 6.579712e-10
490 4.283822e-10
491 2.708998e-10
492 1.631814e-10
493 9.252216e-11
494 4.919037e-11
495 3.049262e-08
496 2.317013e-08
497 1.647535e-08
498 1.119615e-08
499 7.189277e-09
500 4.380191e-09
501 2.681751e-09
502 1.667444e-09
503 1.067986e-09
504 6.978856e-10
505 4.547821e-10
506 2.881918e-10
507 1.741102e-10
508 9.903614e-11
509 5.281264e-11
510 2.603482e-08
511 1.964036e-08
512 1.389986e-08
513 9.391089e-09
514 6.010682e-09
515 3.672449e-09
516 2.255750e-09
517 1.408564e-09
518 9.045263e-10
519 5.907828e-10
520 3.835887e-10
521 2.416984e-10
522 1.450531e-10
523 8.199319e-11
524 4.350326e-11
525 2.896145e-08
526 2.210394e-08
527 1.577027e-08
528 1.072711e-08
529 6.925836e-09
530 4.239471e-09
531 2.595146e-09
532 1.609923e-09
533 1.027590e-09
534 6.688507e-10
535 4.346998e-10
536 2.753040e-10
537 1.665866e-10
538 9.512458e-11
539 5.101278e-11
540 3.136710e-08
541 2.413457e-08
542 1.731617e-08
543 1.183466e-08
544 7.684340e-09
545 4.712516e-09
546 2.877118e-09
547 1.777608e-09
548 1.129538e-09
549 7.335221e-10
550 4.769627e-10
551 3.030712e-10
552 1.843864e-10
553 1.059950e-10
554 5.724436e-11
555 3.346578e-08
556 2.590768e-08
557 1.866872e-08
558 1.280073e-08
559 8.347349e-09
560 5.125009e-09
561 3.123847e-09
562 1.924308e-09
563 1.218891e-09
564 7.900402e-10
565 5.138812e-10
566 3.273237e-10
567 1.999339e-10
568 1.154911e-10
569 6.268948e-11
570 3.545629e-08
571 2.758994e-08
572 1.995187e-08
573 1.371857e-08
574 8.977468e-09
575 5.517393e-09
576 3.358263e-09
577 2.063487e-09
578 1.303684e-09
579 8.437151e-10
580 5.489556e-10
581 3.503616e-10
582 2.147014e-10
583 1.245118e-10
584 6.786258e-11
585 3.778894e-08
586 2.955613e-08
587 2.145096e-08
588 1.479044e-08
589 9.711106e-09
590 5.974745e-09
591 3.631519e-09
592 2.225714e-09
593 1.402478e-09
594 9.062482e-10
595 5.898124e-10
596 3.772060e-10
597 2.319116e-10
598 1.350234e-10
599 7.389011e-11
600 3.280155e-08
601 2.543282e-08
602 1.835791e-08
603 1.259396e-08
604 8.223664e-09
605 5.064861e-09
606 3.085768e-09
607 1.900254e-09
608 1.202114e-09
609 7.778539e-10
610 5.052525e-10
611 3.216066e-10
612 1.964853e-10
613 1.136343e-10
614 6.180929e-11
615 3.605455e-08
616 2.827872e-08
617 2.059057e-08
618 1.421419e-08
619 9.352901e-09
620 5.792119e-09
621 3.517373e-09
622 2.156375e-09
623 1.355233e-09
624 8.727950e-10
625 5.663249e-10
626 3.615584e-10
627 2.222946e-10
628 1.296734e-10
629 7.122633e-11
630 3.891668e-08
631 3.078925e-08
632 2.256748e-08
633 1.564781e-08
634 1.035409e-08
635 6.438241e-09
636 3.901590e-09
637 2.384344e-09
638 1.491538e-09
639 9.570148e-10
640 6.204010e-10
641 3.968954e-10
642 2.451198e-10
643 1.438687e-10
644 7.957346e-11
645 4.163071e-08
646 3.317060e-08
647 2.444280e-08
648 1.701098e-08
649 1.130485e-08
650 7.052154e-09
651 4.266359e-09
652 2.601133e-09
653 1.620875e-09
654 1.036995e-09
655 6.717544e-10
656 4.304475e-10
657 2.667893e-10
658 1.573458e-10
659 8.749827e-11
660 4.480982e-08
661 3.595336e-08
662 2.663454e-08
663 1.860193e-08
664 1.241405e-08
665 7.768818e-09
666 4.692592e-09
667 2.853839e-09
668 1.771822e-09
669 1.130357e-09
670 7.316714e-10
671 4.695999e-10
672 2.920794e-10
673 1.730744e-10
674 9.674844e-11
675 4.021095e-08
676 3.201884e-08
677 2.360314e-08
678 1.642720e-08
679 1.091131e-08
680 6.822223e-09
681 4.130160e-09
682 2.520486e-09
683 1.570036e-09
684 1.003553e-09
685 6.491909e-10
686 4.153708e-10
687 2.571523e-10
688 1.515778e-10
689 8.431435e-11
690 4.396664e-08
691 3.541757e-08
692 2.636915e-08
693 1.846909e-08
694 1.235209e-08
695 7.781252e-09
696 4.704432e-09
697 2.861768e-09
698 1.770700e-09
699 1.124976e-09
700 7.256558e-10
701 4.648492e-10
702 2.891612e-10
703 1.717264e-10
704 9.639458e-11
705 4.753979e-08
706 3.866767e-08
707 2.901171e-08
708 2.042914e-08
709 1.373466e-08
710 8.703002e-09
711 5.257420e-09
712 3.189950e-09
713 1.963663e-09
714 1.241604e-09
715 7.990297e-10
716 5.122500e-10
717 3.198066e-10
718 1.910197e-10
719 1.079759e-10
720 5.172445e-08
721 4.246719e-08
722 3.209475e-08
723 2.271521e-08
724 1.534699e-08
725 9.778794e-09
726 5.903132e-09
727 3.573480e-09
728 2.188812e-09
729 1.377804e-09
730 8.846022e-10
731 5.675381e-10
732 3.555540e-10
733 2.135234e-10
734 1.214854e-10
735 4.871227e-08
736 3.984191e-08
737 3.005910e-08
738 2.125192e-08
739 1.433057e-08
740 9.127870e-09
741 5.523817e-09
742 3.347469e-09
743 2.053251e-09
744 1.293289e-09
745 8.297631e-10
746 5.313800e-10
747 3.320944e-10
748 1.989404e-10
749 1.129554e-10
750 5.334567e-08
751 4.418607e-08
752 3.371922e-08
753 2.402582e-08
754 1.630752e-08
755 1.047801e-08
756 6.353581e-09
757 3.837773e-09
758 2.338553e-09
759 1.462587e-09
760 9.338481e-10
761 5.975355e-10
762 3.746558e-10
763 2.259157e-10
764 1.294125e-10
765 5.878119e-08
766 4.928767e-08
767 3.800673e-08
768 2.728332e-08
769 1.863229e-08
770 1.206740e-08
771 7.332803e-09
772 4.416468e-09
773 2.674840e-09
774 1.662051e-09
775 1.056280e-09
776 6.752798e-10
777 4.246428e-10
778 2.575898e-10
779 1.487430e-10
780 5.927412e-08
781 4.990240e-08
782 3.867972e-08
783 2.788274e-08
784 1.908697e-08
785 1.240778e-08
786 7.574992e-09
787 4.555202e-09
788 2.754774e-09
789 1.705746e-09
790 1.080157e-09
791 6.888296e-10
792 4.328566e-10
793 2.628680e-10
794 1.522139e-10
795 6.638982e-08
796 5.680096e-08
797 4.470492e-08
798 3.260580e-08
799 2.250629e-08
800 1.478683e-08
801 9.097052e-09
802 5.449142e-09
803 3.274766e-09
804 2.007971e-09
805 1.260843e-09
806 8.008283e-10
807 5.039005e-10
808 3.078730e-10
809 1.800056e-10
810 7.617393e-08
811 6.662390e-08
812 5.366608e-08
813 3.991267e-08
814 2.791430e-08
815 1.860294e-08
816 1.163880e-08
817 6.954845e-09
818 4.155139e-09
819 2.509986e-09
820 1.552087e-09
821 9.756400e-10
822 6.121841e-10
823 3.758242e-10
824 2.221904e-10
825 5.076552e-07
826 3.708057e-07
827 2.747615e-07
828 1.711064e-07
829 1.042227e-07
830 6.174181e-08
831 3.769783e-08
832 2.418148e-08
833 1.632216e-08
834 0.000000e+00
835 0.000000e+00
836 0.000000e+00
837 0.000000e+00
838 0.000000e+00
839 0.000000e+00
840 7.609866e-07
841 5.559690e-07
842 4.124072e-07
843 2.596414e-07
844 1.577859e-07
845 9.335918e-08
846 5.689854e-08
847 3.636762e-08
848 2.448299e-08
849 0.000000e+00
850 0.000000e+00
851 0.000000e+00
852 0.000000e+00
853 0.000000e+00
854 0.000000e+00
855 9.034708e-07
856 6.601393e-07
857 4.898344e-07
858 3.095543e-07
859 1.879543e-07
860 1.111685e-07
861 6.771198e-08
862 4.322638e-08
863 2.907417e-08
864 0.000000e+00
865 0.000000e+00
866 0.000000e+00
867 0.000000e+00
868 0.000000e+00
869 0.000000e+00
870 9.993278e-07
871 7.302182e-07
872 5.419243e-07
873 3.431341e-07
874 2.082519e-07
875 1.231503e-07
876 7.498702e-08
877 4.784112e-08
878 3.216291e-08
879 0.000000e+00
880 0.000000e+00
881 0.000000e+00
882 0.000000e+00
883 0.000000e+00
884 0.000000e+00
885 1.071193e-06
886 7.827614e-07
887 5.809742e-07
888 3.683088e-07
889 2.234694e-07
890 1.321335e-07
891 8.044121e-08
892 5.130076e-08
893 3.447879e-08
894 0.000000e+00
895 0.000000e+00
896 0.000000e+00
897 0.000000e+00
898 0.000000e+00
899 0.000000e+00
900 1.129439e-06
901 8.253442e-07
902 6.126261e-07
903 3.887123e-07
904 2.358020e-07
905 1.394142e-07
906 8.486152e-08
907 5.410480e-08
908 3.635564e-08
909 0.000000e+00
910 0.000000e+00
911 0.000000e+00
912 0.000000e+00
913 0.000000e+00
914 0.000000e+00
915 1.180268e-06
916 8.625041e-07
917 6.402459e-07
918 4.065191e-07
919 2.465652e-07
920 1.457672e-07
921 8.871918e-08
922 5.655163e-08
923 3.799350e-08
924 0.000000e+00
925 0.000000e+00
926 0.000000e+00
927 0.000000e+00
928 0.000000e+00
929 0.000000e+00
930 1.228460e-06
931 8.977376e-07
932 6.664337e-07
933 4.234011e-07
934 2.567693e-07
935 1.517905e-07
936 9.237652e-08
937 5.887147e-08
938 3.954628e-08
939 0.000000e+00
940 0.000000e+00
941 0.000000e+00
942 0.000000e+00
943 0.000000e+00
944 0.000000e+00
945 1.284683e-06
946 9.388454e-07
947 6.969857e-07
948 4.430983e-07
949 2.686743e-07
950 1.588185e-07
951 9.664394e-08
952 6.157795e-08
953 4.135810e-08
954 0.000000e+00
955 0.000000e+00
956 0.000000e+00
957 0.000000e+00
958 0.000000e+00
959 0.000000e+00
960 3.395457e-07
961 2.705295e-07
962 1.962555e-07
963 1.471665e-07
964 9.112225e-08
965 5.576260e-08
966 3.241122e-08
967 1.937929e-08
968 1.214217e-08
969 8.037668e-09
970 0.000000e+00
971 0.000000e+00
972 0.000000e+00
973 0.000000e+00
974 0.000000e+00
975 5.202274e-07
976 4.171603e-07
977 3.028949e-07
978 2.269365e-07
979 1.422290e-07
980 8.672044e-08
981 5.036979e-08
982 3.007831e-08
983 1.878157e-08
984 1.239855e-08
985 0.000000e+00
986 0.000000e+00
987 0.000000e+00
988 0.000000e+00
989 0.000000e+00
990 6.448121e-07
991 5.183993e-07
992 3.765467e-07
993 2.820116e-07
994 1.775998e-07
995 1.081224e-07
996 6.278599e-08
997 3.747521e-08
998 2.336911e-08
999 1.541004e-08
1000 0.000000e+00
1001 0.000000e+00
1002 0.000000e+00
1003 0.000000e+00
1004 0.000000e+00
1005 7.382357e-07
1006 5.943126e-07
1007 4.317715e-07
1008 3.233096e-07
1009 2.041234e-07
1010 1.241698e-07
1011 7.209649e-08
1012 4.302199e-08
1013 2.680897e-08
1014 1.766814e-08
1015 0.000000e+00
1016 0.000000e+00
1017 0.000000e+00
1018 0.000000e+00
1019 0.000000e+00
1020 8.139596e-07
1021 6.558390e-07
1022 4.765327e-07
1023 3.567807e-07
1024 2.256220e-07
1025 1.371778e-07
1026 7.964314e-08
1027 4.751755e-08
1028 2.959718e-08
1029 1.949827e-08
1030 0.000000e+00
1031 0.000000e+00
1032 0.000000e+00
1033 0.000000e+00
1034 0.000000e+00
1035 8.800254e-07
1036 7.095243e-07
1037 5.155916e-07
1038 3.859857e-07
1039 2.443794e-07
1040 1.485270e-07
1041 8.622743e-08
1042 5.144028e-08
1043 3.202995e-08
1044 2.109535e-08
1045 0.000000e+00
1046 0.000000e+00
1047 0.000000e+00
1048 0.000000e+00
1049 0.000000e+00
1050 9.426736e-07
1051 7.604327e-07
1052 5.526249e-07
1053 4.136780e-07
1054 2.621647e-07
1055 1.592896e-07
1056 9.247120e-08
1057 5.515972e-08
1058 3.433673e-08
1059 2.260959e-08
1060 0.000000e+00
1061 0.000000e+00
1062 0.000000e+00
1063 0.000000e+00
1064 0.000000e+00
1065 1.015768e-06
1066 8.198310e-07
1067 5.958365e-07
1068 4.459927e-07
1069 2.829175e-07
1070 1.718473e-07
1071 9.975607e-08
1072 5.949995e-08
1073 3.702828e-08
1074 2.437647e-08
1075 0.000000e+00
1076 0.000000e+00
1077 0.000000e+00
1078 0.000000e+00
1079 0.000000e+00
1080 2.006665e-07
1081 1.825717e-07
1082 1.407103e-07
1083 1.017505e-07
1084 7.625406e-08
1085 4.410402e-08
1086 2.703644e-08
1087 1.558537e-08
1088 9.213007e-09
1089 5.730603e-09
1090 0.000000e+00
1091 0.000000e+00
1092 0.000000e+00
1093 0.000000e+00
1094 0.000000e+00
1095 3.304230e-07
1096 3.018436e-07
1097 2.335052e-07
1098 1.687537e-07
1099 1.266410e-07
1100 7.361650e-08
1101 4.523811e-08
1102 2.602080e-08
1103 1.533213e-08
1104 9.516747e-09
1105 0.000000e+00
1106 0.000000e+00
1107 0.000000e+00
1108 0.000000e+00
1109 0.000000e+00
1110 4.306283e-07
1111 3.940345e-07
1112 3.052906e-07
1113 2.205838e-07
1114 1.656232e-07
1115 9.648074e-08
1116 5.934319e-08
1117 3.410490e-08
1118 2.006902e-08
1119 1.244631e-08
1120 0.000000e+00
1121 0.000000e+00
1122 0.000000e+00
1123 0.000000e+00
1124 0.000000e+00
1125 5.118675e-07
1126 4.687719e-07
1127 3.634880e-07
1128 2.626035e-07
1129 1.972257e-07
1130 1.150174e-07
1131 7.077884e-08
1132 4.065897e-08
1133 2.390921e-08
1134 1.482137e-08
1135 0.000000e+00
1136 0.000000e+00
1137 0.000000e+00
1138 0.000000e+00
1139 0.000000e+00
1140 5.827486e-07
1141 5.339873e-07
1142 4.142683e-07
1143 2.992682e-07
1144 2.248018e-07
1145 1.311919e-07
1146 8.075741e-08
1147 4.637790e-08
1148 2.726008e-08
1149 1.689370e-08
1150 0.000000e+00
1151 0.000000e+00
1152 0.000000e+00
1153 0.000000e+00
1154 0.000000e+00
1155 6.499630e-07
1156 5.958254e-07
1157 4.624212e-07
1158 3.340351e-07
1159 2.509506e-07
1160 1.465295e-07
1161 9.021925e-08
1162 5.180077e-08
1163 3.043750e-08
1164 1.885873e-08
1165 0.000000e+00
1166 0.000000e+00
1167 0.000000e+00
1168 0.000000e+00
1169 0.000000e+00
1170 7.283846e-07
1171 6.679733e-07
1172 5.186008e-07
1173 3.745984e-07
1174 2.814577e-07
1175 1.644239e-07
1176 1.012585e-07
1177 5.812754e-08
1178 3.414473e-08
1179 2.115149e-08
1180 0.000000e+00
1181 0.000000e+00
1182 0.000000e+00
1183 0.000000e+00
1184 0.000000e+00
1185 1.339408e-07
1186 1.322516e-07
1187 1.112599e-07
1188 8.129102e-08
1189 6.037873e-08
1190 4.107000e-08
1191 2.422216e-08
1192 1.380308e-08
1193 7.980596e-09
1194 4.715018e-09
1195 2.952813e-09
1196 0.000000e+00
1197 0.000000e+00
1198 0.000000e+00
1199 0.000000e+00
1200 2.311154e-07
1201 2.287834e-07
1202 1.931176e-07
1203 1.413194e-07
1204 1.048107e-07
1205 7.174433e-08
1206 4.212507e-08
1207 2.403501e-08
1208 1.391356e-08
1209 8.206922e-09
1210 5.130113e-09
1211 0.000000e+00
1212 0.000000e+00
1213 0.000000e+00
1214 0.000000e+00
1215 3.123233e-07
1216 3.095007e-07
1217 2.616149e-07
1218 1.915695e-07
1219 1.419927e-07
1220 9.744477e-08
1221 5.711213e-08
1222 3.260333e-08
1223 1.888243e-08
1224 1.113064e-08
1225 6.952522e-09
1226 0.000000e+00
1227 0.000000e+00
1228 0.000000e+00
1229 0.000000e+00
1230 3.831935e-07
1231 3.799432e-07
1232 3.213903e-07
1233 2.354215e-07
1234 1.744400e-07
1235 1.198757e-07
1236 7.019122e-08
1237 4.008120e-08
1238 2.321897e-08
1239 1.368230e-08
1240 8.542871e-09
1241 0.000000e+00
1242 0.000000e+00
1243 0.000000e+00
1244 0.000000e+00
1245 4.503977e-07
1246 4.467362e-07
1247 3.780737e-07
1248 2.770046e-07
1249 2.052095e-07
1250 1.411454e-07
1251 8.259382e-08
1252 4.717229e-08
1253 2.733118e-08
1254 1.610194e-08
1255 1.005098e-08
1256 0.000000e+00
1257 0.000000e+00
1258 0.000000e+00
1259 0.000000e+00
1260 5.288015e-07
1261 5.246659e-07
1262 4.442070e-07
1263 3.255223e-07
1264 2.411084e-07
1265 1.659601e-07
1266 9.706421e-08
1267 5.544503e-08
1268 3.212871e-08
1269 1.892488e-08
1270 1.181051e-08
1271 0.000000e+00
1272 0.000000e+00
1273 0.000000e+00
1274 0.000000e+00
1275 9.669506e-08
1276 1.007093e-07
1277 9.117227e-08
1278 6.977481e-08
1279 5.043249e-08
1280 3.778409e-08
1281 2.135775e-08
1282 1.290375e-08
1283 7.289065e-09
1284 4.208603e-09
1285 2.518944e-09
1286 0.000000e+00
1287 0.000000e+00
1288 0.000000e+00
1289 0.000000e+00
1290 1.735094e-07
1291 1.810463e-07
1292 1.643520e-07
1293 1.260829e-07
1294 9.107982e-08
1295 6.833155e-08
1296 3.872181e-08
1297 2.346236e-08
1298 1.322699e-08
1299 7.620990e-09
1300 4.553380e-09
1301 0.000000e+00
1302 0.000000e+00
1303 0.000000e+00
1304 0.000000e+00
1305 2.424635e-07
1306 2.531894e-07
1307 2.301014e-07
1308 1.766983e-07
1309 1.276149e-07
1310 9.579450e-08
1311 5.434252e-08
1312 3.296557e-08
1313 1.856968e-08
1314 1.068971e-08
1315 6.382329e-09
1316 0.000000e+00
1317 0.000000e+00
1318 0.000000e+00
1319 0.000000e+00
1320 3.078577e-07
1321 3.216065e-07
1322 2.924568e-07
1323 2.247029e-07
1324 1.622652e-07
1325 1.218404e-07
1326 6.915697e-08
1327 4.197839e-08
1328 2.363663e-08
1329 1.359998e-08
1330 8.116900e-09
1331 0.000000e+00
1332 0.000000e+00
1333 0.000000e+00
1334 0.000000e+00
1335 3.841561e-07
1336 4.014323e-07
1337 3.652105e-07
1338 2.807097e-07
1339 2.026908e-07
1340 1.522281e-07
1341 8.644124e-08
1342 5.249408e-08
1343 2.954836e-08
1344 1.699550e-08
1345 1.014064e-08
1346 0.000000e+00
1347 0.000000e+00
1348 0.000000e+00
1349 0.000000e+00
1350 7.406420e-08
1351 8.018495e-08
1352 7.691766e-08
1353 6.235651e-08
1354 4.499023e-08
1355 3.391217e-08
1356 2.120316e-08
1357 1.299464e-08
1358 7.214444e-09
1359 3.972994e-09
1360 2.295530e-09
1361 1.395609e-09
1362 0.000000e+00
1363 0.000000e+00
1364 0.000000e+00
1365 1.384821e-07
1366 1.501427e-07
1367 1.443417e-07
1368 1.173214e-07
1369 8.469540e-08
1370 6.378691e-08
1371 4.011931e-08
1372 2.452493e-08
1373 1.361831e-08
1374 7.502723e-09
1375 4.326273e-09
1376 2.625192e-09
1377 0.000000e+00
1378 0.000000e+00
1379 0.000000e+00
1380 2.010031e-07
1381 2.180563e-07
1382 2.098198e-07
1383 1.707216e-07
1384 1.232755e-07
1385 9.281020e-08
1386 5.851418e-08
1387 3.573215e-08
1388 1.984300e-08
1389 1.093430e-08
1390 6.299816e-09
1391 3.819753e-09
1392 0.000000e+00
1393 0.000000e+00
1394 0.000000e+00
1395 2.739546e-07
1396 2.973002e-07
1397 2.862206e-07
1398 2.330303e-07
1399 1.682909e-07
1400 1.266749e-07
1401 7.997821e-08
1402 4.880901e-08
1403 2.710609e-08
1404 1.493828e-08
1405 8.602574e-09
1406 5.213599e-09
1407 0.000000e+00
1408 0.000000e+00
1409 0.000000e+00
1410 6.007881e-08
1411 6.706260e-08
1412 6.738723e-08
1413 5.790280e-08
1414 4.268812e-08
1415 3.143693e-08
1416 2.215855e-08
1417 1.263812e-08
1418 7.116836e-09
1419 4.026924e-09
1420 2.239828e-09
1421 1.305997e-09
1422 0.000000e+00
1423 0.000000e+00
1424 0.000000e+00
1425 1.179253e-07
1426 1.317981e-07
1427 1.326895e-07
1428 1.143143e-07
1429 8.440495e-08
1430 6.208855e-08
1431 4.395000e-08
1432 2.499299e-08
1433 1.410117e-08
1434 7.978004e-09
1435 4.435284e-09
1436 2.581563e-09
1437 0.000000e+00
1438 0.000000e+00
1439 0.000000e+00
1440 1.864659e-07
1441 2.085133e-07
1442 2.100928e-07
1443 1.811975e-07
1444 1.338744e-07
1445 9.843172e-08
1446 6.979941e-08
1447 3.964442e-08
1448 2.238585e-08
1449 1.266432e-08
1450 7.039246e-09
1451 4.094128e-09
1452 0.000000e+00
1453 0.000000e+00
1454 0.000000e+00
1455 5.196745e-08
1456 5.955881e-08
1457 6.226312e-08
1458 5.658449e-08
1459 4.340241e-08
1460 3.134649e-08
1461 2.354666e-08
1462 1.320430e-08
1463 7.900190e-09
1464 4.327752e-09
1465 2.385313e-09
1466 1.331670e-09
1467 0.000000e+00
1468 0.000000e+00
1469 0.000000e+00
1470 1.144186e-07
1471 1.312919e-07
1472 1.375007e-07
1473 1.252952e-07
1474 9.633736e-08
1475 6.954089e-08
1476 5.230462e-08
1477 2.941272e-08
1478 1.765433e-08
1479 9.654163e-09
1480 5.309464e-09
1481 2.958539e-09
1482 0.000000e+00
1483 0.000000e+00
1484 0.000000e+00
1485 5.380727e-08
1486 6.322832e-08
1487 6.856051e-08
1488 6.582563e-08
1489 5.337780e-08
1490 3.851602e-08
1491 2.905545e-08
1492 1.807011e-08
1493 1.099588e-08
1494 5.967134e-09
1495 3.143081e-09
1496 1.695658e-09
1497 9.442043e-10
1498 0.000000e+00
1499 0.000000e+00
1500 1.109684e-04
1501 8.086786e-05
1502 6.035546e-05
1503 3.805236e-05
1504 2.321989e-05
1505 1.369104e-05
1506 8.324421e-06
1507 5.304277e-06
1508 3.565556e-06
1509 0.000000e+00
1510 0.000000e+00
1511 0.000000e+00
1512 0.000000e+00
1513 0.000000e+00
1514 0.000000e+00
1515 5.757601e-05
1516 4.644359e-05
1517 3.369791e-05
1518 2.528332e-05
1519 1.597668e-05
1520 9.754545e-06
1521 5.648866e-06
1522 3.364481e-06
1523 2.093966e-06
1524 1.379138e-06
1525 0.000000e+00
1526 0.000000e+00
1527 0.000000e+00
1528 0.000000e+00
1529 0.000000e+00
1530 4.047788e-05
1531 3.713775e-05
1532 2.882267e-05
1533 2.080348e-05
1534 1.566222e-05
1535 9.111532e-06
1536 5.625604e-06
1537 3.225263e-06
1538 1.896511e-06
1539 1.174730e-06
1540 0.000000e+00
1541 0.000000e+00
1542 0.000000e+00
1543 0.000000e+00
1544 0.000000e+00
1545 2.912801e-05
1546 2.891312e-05
1547 2.448503e-05
1548 1.793535e-05
1549 1.328396e-05
1550 9.154542e-06
1551 5.351144e-06
1552 3.053081e-06
1553 1.771954e-06
1554 1.042590e-06
1555 6.506122e-07
1556 0.000000e+00
1557 0.000000e+00
1558 0.000000e+00
1559 0.000000e+00
1560 2.085098e-05
1561 2.179680e-05
1562 1.983793e-05
1563 1.524768e-05
1564 1.100576e-05
1565 8.274949e-06
1566 4.689296e-06
1567 2.850415e-06
1568 1.602925e-06
1569 9.233707e-07
1570 5.506294e-07
1571 0.000000e+00
1572 0.000000e+00
1573 0.000000e+00
1574 0.000000e+00
1575 1.487210e-05
1576 1.614453e-05
1577 1.554949e-05
1578 1.266314e-05
1579 9.143013e-06
1580 6.883420e-06
1581 4.347301e-06
1582 2.655947e-06
1583 1.474901e-06
1584 8.112783e-07
1585 4.673052e-07
1586 2.832009e-07
1587 0.000000e+00
1588 0.000000e+00
1589 0.000000e+00
1590 1.001028e-05
1591 1.119728e-05
1592 1.128693e-05
1593 9.739022e-06
1594 7.195644e-06
1595 5.289411e-06
1596 3.755371e-06
1597 2.130464e-06
1598 1.202339e-06
1599 6.811759e-07
1600 3.783133e-07
1601 2.200058e-07
1602 0.000000e+00
1603 0.000000e+00
1604 0.000000e+00
1605 6.201116e-06
1606 7.118100e-06
1607 7.458527e-06
1608 6.801106e-06
1609 5.231433e-06
1610 3.775220e-06
1611 2.841823e-06
1612 1.597077e-06
1613 9.596537e-07
1614 5.242846e-07
1615 2.885232e-07
1616 1.606418e-07
1617 0.000000e+00
1618 0.000000e+00
1619 0.000000e+00
1620 3.163407e-06
1621 3.720115e-06
1622 4.038202e-06
1623 3.883392e-06
1624 3.154630e-06
1625 2.276770e-06
1626 1.716871e-06
1627 1.071974e-06
1628 6.518364e-07
1629 3.538249e-07
1630 1.861971e-07
1631 1.003484e-07
1632 5.578990e-08
1633 0.000000e+00
1634 0.000000e+00
1635 8.891198e-07
1636 1.072208e-06
1637 1.206146e-06
1638 1.224576e-06
1639 1.066696e-06
1640 7.933436e-07
1641 5.815894e-07
1642 4.169104e-07
1643 2.343421e-07
1644 1.314261e-07
1645 7.164692e-08
1646 3.730540e-08
1647 1.958823e-08
1648 0.000000e+00
1649 0.000000e+00
