0 2.254064e-09
1 1.465748e-09
2 9.220147e-10
3 5.807155e-10
4 3.731586e-10
5 2.454531e-10
6 1.631732e-10
7 1.071949e-10
8 6.795542e-11
9 4.084735e-11
10 2.305238e-11
11 1.219081e-11
12 6.082618e-12
13 2.895825e-12
14 1.331743e-12
15 3.808225e-09
16 2.534245e-09
17 1.611540e-09
18 1.004568e-09
19 6.351167e-10
20 4.111106e-10
21 2.718927e-10
22 1.802911e-10
23 1.169321e-10
24 7.257439e-11
25 4.244201e-11
26 2.324463e-11
27 1.195005e-11
28 5.820089e-12
29 2.718857e-12
30 4.368986e-09
31 2.927448e-09
32 1.872303e-09
33 1.166187e-09
34 7.341333e-10
35 4.727362e-10
36 3.116118e-10
37 2.067614e-10
38 1.347364e-10
39 8.428930e-11
40 4.979621e-11
41 2.756667e-11
42 1.431193e-11
43 7.025129e-12
44 3.300285e-12
45 4.679007e-09
46 3.145474e-09
47 2.016944e-09
48 1.255797e-09
49 7.890932e-10
50 5.068473e-10
51 3.336056e-10
52 2.213659e-10
53 1.445830e-10
54 9.076717e-11
55 5.386410e-11
56 2.995916e-11
57 1.561919e-11
58 7.693640e-12
59 3.623488e-12
60 4.887363e-09
61 3.291108e-09
62 2.113809e-09
63 1.315866e-09
64 8.259231e-10
65 5.297728e-10
66 3.483736e-10
67 2.312135e-10
68 1.511835e-10
69 9.512575e-11
70 5.660983e-11
71 3.156991e-11
72 1.650024e-11
73 8.143459e-12
74 3.840687e-12
75 5.043983e-09
76 3.401131e-09
77 2.186667e-09
78 1.361144e-09
79 8.536172e-10
80 5.470128e-10
81 3.594911e-10
82 2.386040e-10
83 1.561807e-10
84 9.841947e-11
85 5.866542e-11
86 3.277919e-11
87 1.716023e-11
88 8.481544e-12
89 4.004207e-12
90 5.170138e-09
91 3.489730e-09
92 2.245406e-09
93 1.397534e-09
94 8.759967e-10
95 5.609240e-10
96 3.684331e-10
97 2.445791e-10
98 1.602049e-10
99 1.010723e-10
100 6.033089e-11
101 3.375889e-11
102 1.769692e-11
103 8.754996e-12
104 4.136033e-12
105 5.281917e-09
106 3.568143e-09
107 2.297744e-09
108 1.430007e-09
109 8.957863e-10
110 5.732038e-10
111 3.763240e-10
112 2.498287e-10
113 1.637234e-10
114 1.033654e-10
115 6.178593e-11
116 3.461659e-11
117 1.816716e-11
118 8.995603e-12
119 4.248935e-12
120 5.386716e-09
121 3.641963e-09
122 2.346797e-09
123 1.460336e-09
124 9.143795e-10
125 5.847311e-10
126 3.837058e-10
127 2.547905e-10
128 1.670582e-10
129 1.055382e-10
130 6.317347e-11
131 3.542922e-11
132 1.861124e-11
133 9.222345e-12
134 4.362015e-12
135 5.507271e-09
136 3.726238e-09
137 2.403278e-09
138 1.495458e-09
139 9.358859e-10
140 5.981045e-10
141 3.924191e-10
142 2.604721e-10
143 1.709246e-10
144 1.081452e-10
145 6.477444e-11
146 3.637101e-11
147 1.912680e-11
148 9.485754e-12
149 4.488265e-12
150 7.905758e-09
151 5.443955e-09
152 3.576237e-09
153 2.234394e-09
154 1.385503e-09
155 8.734980e-10
156 5.663810e-10
157 3.747711e-10
158 2.477757e-10
159 1.595169e-10
160 9.784879e-11
161 5.640299e-11
162 3.041005e-11
163 1.539783e-11
164 7.399380e-12
165 9.994195e-09
166 6.969267e-09
167 4.643980e-09
168 2.931959e-09
169 1.808907e-09
170 1.131075e-09
171 7.254534e-10
172 4.769134e-10
173 3.157663e-10
174 2.051648e-10
175 1.278153e-10
176 7.510537e-11
177 4.131001e-11
178 2.129610e-11
179 1.038012e-11
180 1.121364e-08
181 7.865689e-09
182 5.273538e-09
183 3.347263e-09
184 2.062027e-09
185 1.285283e-09
186 8.199855e-10
187 5.372604e-10
188 3.557540e-10
189 2.320273e-10
190 1.454926e-10
191 8.619159e-11
192 4.781957e-11
193 2.484936e-11
194 1.219010e-11
195 1.203555e-08
196 8.470576e-09
197 5.698502e-09
198 3.627569e-09
199 2.233230e-09
200 1.389168e-09
201 8.837500e-10
202 5.781720e-10
203 3.827876e-10
204 2.501503e-10
205 1.574139e-10
206 9.367808e-11
207 5.222067e-11
208 2.725355e-11
209 1.341585e-11
210 1.265594e-08
211 8.927273e-09
212 6.019073e-09
213 3.838976e-09
214 2.362250e-09
215 1.467344e-09
216 9.320399e-10
217 6.088796e-10
218 4.031124e-10
219 2.637970e-10
220 1.663859e-10
221 9.931737e-11
222 5.552812e-11
223 2.905784e-11
224 1.433817e-11
225 1.315411e-08
226 9.293091e-09
227 6.275766e-09
228 4.008796e-09
229 2.465617e-09
230 1.530538e-09
231 9.705869e-10
232 6.335781e-10
233 4.194659e-10
234 2.747467e-10
235 1.735988e-10
236 1.038305e-10
237 5.818480e-11
238 3.051190e-11
239 1.507865e-11
240 1.358879e-08
241 9.612780e-09
242 6.500924e-09
243 4.157405e-09
244 2.556500e-09
245 1.585730e-09
246 1.004516e-09
247 6.551207e-10
248 4.337905e-10
249 2.843490e-10
250 1.799155e-10
251 1.077928e-10
252 6.051720e-11
253 3.178598e-11
254 1.572425e-11
255 1.400374e-08
256 9.917919e-09
257 6.715740e-09
258 4.299001e-09
259 2.642651e-09
260 1.637981e-09
261 1.036548e-09
262 6.756466e-10
263 4.474293e-10
264 2.934856e-10
265 1.859267e-10
266 1.115714e-10
267 6.273464e-11
268 3.299679e-11
269 1.634402e-11
270 1.448535e-08
271 1.027276e-08
272 6.964568e-09
273 4.462999e-09
274 2.742761e-09
275 1.699422e-09
276 1.074321e-09
277 6.997020e-10
278 4.632261e-10
279 3.041004e-10
280 1.929285e-10
281 1.159561e-10
282 6.531060e-11
283 3.440246e-11
284 1.706123e-11
285 1.364435e-08
286 9.707909e-09
287 6.593720e-09
288 4.254711e-09
289 2.622396e-09
290 1.624137e-09
291 1.024001e-09
292 6.641997e-10
293 4.381985e-10
294 2.871810e-10
295 1.823404e-10
296 1.099841e-10
297 6.229654e-11
298 3.303676e-11
299 1.648808e-11
300 1.605415e-08
301 1.155386e-08
302 7.918676e-09
303 5.168548e-09
304 3.197967e-09
305 1.970671e-09
306 1.232836e-09
307 7.935119e-10
308 5.215036e-10
309 3.425637e-10
310 2.192195e-10
311 1.338226e-10
312 7.688769e-11
313 4.137197e-11
314 2.091579e-11
315 1.771511e-08
316 1.283426e-08
317 8.840613e-09
318 5.806254e-09
319 3.602625e-09
320 2.213793e-09
321 1.379563e-09
322 8.840693e-10
323 5.797022e-10
324 3.811019e-10
325 2.448603e-10
326 1.504198e-10
327 8.707990e-11
328 4.721945e-11
329 2.403654e-11
330 1.897022e-08
331 1.380122e-08
332 9.534853e-09
333 6.285278e-09
334 3.907547e-09
335 2.397116e-09
336 1.490158e-09
337 9.523543e-10
338 6.235971e-10
339 4.101842e-10
340 2.641908e-10
341 1.629326e-10
342 9.476462e-11
343 5.162999e-11
344 2.639173e-11
345 1.997687e-08
346 1.457643e-08
347 1.009433e-08
348 6.672734e-09
349 4.152364e-09
350 2.544483e-09
351 1.578976e-09
352 1.007166e-09
353 6.587361e-10
354 4.334743e-10
355 2.797149e-10
356 1.729818e-10
357 1.009354e-10
358 5.517054e-11
359 2.828183e-11
360 2.086116e-08
361 1.525847e-08
362 1.058540e-08
363 7.010798e-09
364 4.367065e-09
365 2.674258e-09
366 1.656829e-09
367 1.055177e-09
368 6.895745e-10
369 4.539319e-10
370 2.933122e-10
371 1.817830e-10
372 1.063402e-10
373 5.827162e-11
374 2.993739e-11
375 2.169797e-08
376 1.590313e-08
377 1.104927e-08
378 7.331630e-09
379 4.570496e-09
380 2.796252e-09
381 1.730631e-09
382 1.100789e-09
383 7.188787e-10
384 4.733551e-10
385 3.062410e-10
386 1.901539e-10
387 1.114777e-10
388 6.122108e-11
389 3.151192e-11
390 2.267369e-08
391 1.665593e-08
392 1.159061e-08
393 7.706074e-09
394 4.808167e-09
395 2.939831e-09
396 1.817090e-09
397 1.154160e-09
398 7.530370e-10
399 4.960330e-10
400 3.213354e-10
401 1.999229e-10
402 1.174797e-10
403 6.465769e-11
404 3.334726e-11
405 1.966062e-08
406 1.440815e-08
407 9.999004e-09
408 6.628896e-09
409 4.148745e-09
410 2.540907e-09
411 1.575680e-09
412 1.001850e-09
413 6.530731e-10
414 4.289021e-10
415 2.767104e-10
416 1.714438e-10
417 1.004134e-10
418 5.516959e-11
419 2.844348e-11
420 2.232184e-08
421 1.654992e-08
422 1.157565e-08
423 7.738168e-09
424 4.884668e-09
425 2.983623e-09
426 1.842313e-09
427 1.162611e-09
428 7.535657e-10
429 4.942649e-10
430 3.200635e-10
431 1.998739e-10
432 1.183261e-10
433 6.579627e-11
434 3.432024e-11
435 2.434588e-08
436 1.818839e-08
437 1.278188e-08
438 8.590230e-09
439 5.451016e-09
440 3.325224e-09
441 2.048164e-09
442 1.286377e-09
443 8.309573e-10
444 5.444540e-10
445 3.533177e-10
446 2.216818e-10
447 1.320808e-10
448 7.397324e-11
449 3.885492e-11
450 2.598231e-08
451 1.950667e-08
452 1.375547e-08
453 9.276048e-09
454 5.906251e-09
455 3.600221e-09
456 2.213432e-09
457 1.386079e-09
458 8.930074e-10
459 5.847738e-10
460 3.800325e-10
461 2.392009e-10
462 1.431308e-10
463 8.054238e-11
464 4.249831e-11
465 2.741196e-08
466 2.066149e-08
467 1.460786e-08
468 9.875611e-09
469 6.305235e-09
470 3.841506e-09
471 2.358209e-09
472 1.473318e-09
473 9.475299e-10
474 6.201706e-10
475 4.034758e-10
476 2.545749e-10
477 1.528287e-10
478 8.630774e-11
479 4.569581e-11
480 2.876440e-08
481 2.175068e-08
482 1.541396e-08
483 1.044319e-08
484 6.683519e-09
485 4.069797e-09
486 2.495662e-09
487 1.555835e-09
488 9.990676e-10
489 6.536382e-10
490 4.256586e-10
491 2.691199e-10
492 1.620001e-10
493 9.175886e-11
494 4.871804e-11
495 3.034845e-08
496 2.302915e-08
497 1.635658e-08
498 1.110858e-08
499 7.124914e-09
500 4.336209e-09
501 2.656020e-09
502 1.652486e-09
503 1.059346e-09
504 6.927649e-10
505 4.515896e-10
506 2.861079e-10
507 1.727270e-10
508 9.813556e-11
509 5.225462e-11
510 2.600043e-08
511 1.960766e-08
512 1.387236e-08
513 9.370813e-09
514 5.996096e-09
515 3.662398e-09
516 2.249915e-09
517 1.405126e-09
518 9.025367e-10
519 5.895871e-10
520 3.828425e-10
521 2.412141e-10
522 1.447353e-10
523 8.178936e-11
524 4.337783e-11
525 2.892829e-08
526 2.206980e-08
527 1.573991e-08
528 1.070397e-08
529 6.909082e-09
530 4.227239e-09
531 2.588081e-09
532 1.605764e-09
533 1.025205e-09
534 6.674665e-10
535 4.338625e-10
536 2.747691e-10
537 1.662333e-10
538 9.489236e-11
539 5.086545e-11
540 3.129743e-08
541 2.406491e-08
542 1.725520e-08
543 1.178842e-08
544 7.651155e-09
545 4.688463e-09
546 2.863239e-09
547 1.769266e-09
548 1.124767e-09
549 7.307465e-10
550 4.752757e-10
551 3.019953e-10
552 1.836815e-10
553 1.055360e-10
554 5.695615e-11
555 3.337221e-08
556 2.581320e-08
557 1.858543e-08
558 1.273719e-08
559 8.301545e-09
560 5.091580e-09
561 3.104455e-09
562 1.912653e-09
563 1.212253e-09
564 7.862109e-10
565 5.115673e-10
566 3.258540e-10
567 1.989718e-10
568 1.148628e-10
569 6.229283e-11
570 3.534192e-08
571 2.747370e-08
572 1.984830e-08
573 1.363933e-08
574 8.920241e-09
575 5.475663e-09
576 3.333935e-09
577 2.048848e-09
578 1.295370e-09
579 8.389265e-10
580 5.460711e-10
581 3.485338e-10
582 2.135052e-10
583 1.237296e-10
584 6.736737e-11
585 3.764814e-08
586 2.941231e-08
587 2.132227e-08
588 1.469175e-08
589 9.639858e-09
590 5.922464e-09
591 3.601000e-09
592 2.207352e-09
593 1.392071e-09
594 9.002638e-10
595 5.862173e-10
596 3.749325e-10
597 2.304247e-10
598 1.340499e-10
599 7.327262e-11
600 3.279730e-08
601 2.542752e-08
602 1.834898e-08
603 1.258726e-08
604 8.218734e-09
605 5.060595e-09
606 3.083084e-09
607 1.898561e-09
608 1.201239e-09
609 7.774090e-10
610 5.050210e-10
611 3.214734e-10
612 1.963978e-10
613 1.135716e-10
614 6.176379e-11
615 3.602733e-08
616 2.824883e-08
617 2.056195e-08
618 1.419104e-08
619 9.336491e-09
620 5.779445e-09
621 3.509654e-09
622 2.151625e-09
623 1.352595e-09
624 8.713280e-10
625 5.654773e-10
626 3.610411e-10
627 2.219624e-10
628 1.294552e-10
629 7.108480e-11
630 3.886788e-08
631 3.073579e-08
632 2.251597e-08
633 1.560584e-08
634 1.032375e-08
635 6.415197e-09
636 3.887187e-09
637 2.375601e-09
638 1.486734e-09
639 9.543263e-10
640 6.188548e-10
641 3.959584e-10
642 2.445214e-10
643 1.434765e-10
644 7.931870e-11
645 4.156087e-08
646 3.309396e-08
647 2.436754e-08
648 1.694835e-08
649 1.126077e-08
650 7.018901e-09
651 4.245287e-09
652 2.588351e-09
653 1.613753e-09
654 1.033062e-09
655 6.695012e-10
656 4.290864e-10
657 2.659226e-10
658 1.567785e-10
659 8.712975e-11
660 4.471320e-08
661 3.584738e-08
662 2.653160e-08
663 1.851761e-08
664 1.235288e-08
665 7.722674e-09
666 4.663225e-09
667 2.836145e-09
668 1.761977e-09
669 1.124884e-09
670 7.285420e-10
671 4.677134e-10
672 2.908803e-10
673 1.722901e-10
674 9.623882e-11
675 4.017134e-08
676 3.197916e-08
677 2.356756e-08
678 1.639897e-08
679 1.089121e-08
680 6.807771e-09
681 4.121001e-09
682 2.515021e-09
683 1.566938e-09
684 1.001760e-09
685 6.481317e-10
686 4.147174e-10
687 2.567369e-10
688 1.513115e-10
689 8.414753e-11
690 4.391249e-08
691 3.536203e-08
692 2.631784e-08
693 1.842730e-08
694 1.232182e-08
695 7.759381e-09
696 4.689984e-09
697 2.853240e-09
698 1.765924e-09
699 1.122260e-09
700 7.240705e-10
701 4.638893e-10
702 2.885573e-10
703 1.713400e-10
704 9.614991e-11
705 4.745809e-08
706 3.858131e-08
707 2.892915e-08
708 2.036051e-08
709 1.368454e-08
710 8.666754e-09
711 5.232787e-09
712 3.175658e-09
713 1.955540e-09
714 1.237006e-09
715 7.963965e-10
716 5.106803e-10
717 3.188284e-10
718 1.903940e-10
719 1.075768e-10
720 5.160733e-08
721 4.234154e-08
722 3.197298e-08
723 2.261287e-08
724 1.527179e-08
725 9.724022e-09
726 5.865464e-09
727 3.551789e-09
728 2.176457e-09
729 1.370824e-09
730 8.806462e-10
731 5.651995e-10
732 3.541044e-10
733 2.125964e-10
734 1.208914e-10
735 4.867370e-08
736 3.979822e-08
737 3.001907e-08
738 2.121911e-08
739 1.430688e-08
740 9.110813e-09
741 5.512286e-09
742 3.340849e-09
743 2.049434e-09
744 1.291101e-09
745 8.284888e-10
746 5.306139e-10
747 3.316177e-10
748 1.986391e-10
749 1.127667e-10
750 5.328594e-08
751 4.412329e-08
752 3.365912e-08
753 2.397488e-08
754 1.626966e-08
755 1.045109e-08
756 6.334665e-09
757 3.826933e-09
758 2.332188e-09
759 1.459017e-09
760 9.318082e-10
761 5.963407e-10
762 3.739264e-10
763 2.254581e-10
764 1.291244e-10
765 5.868370e-08
766 4.918205e-08
767 3.790223e-08
768 2.719219e-08
769 1.856344e-08
770 1.201756e-08
771 7.297196e-09
772 4.396149e-09
773 2.662802e-09
774 1.655354e-09
775 1.052535e-09
776 6.731304e-10
777 4.233523e-10
778 2.567857e-10
779 1.482340e-10
780 5.922744e-08
781 4.985422e-08
782 3.863440e-08
783 2.784452e-08
784 1.905832e-08
785 1.238761e-08
786 7.561011e-09
787 4.546923e-09
788 2.749845e-09
789 1.702971e-09
790 1.078589e-09
791 6.879104e-10
792 4.322989e-10
793 2.625221e-10
794 1.519994e-10
795 6.631824e-08
796 5.671805e-08
797 4.462904e-08
798 3.253867e-08
799 2.245423e-08
800 1.474967e-08
801 9.070407e-09
802 5.433034e-09
803 3.265111e-09
804 2.002623e-09
805 1.257905e-09
806 7.991655e-10
807 5.029254e-10
808 3.072807e-10
809 1.796389e-10
810 7.611591e-08
811 6.656279e-08
812 5.360692e-08
813 3.986089e-08
814 2.787379e-08
815 1.857386e-08
816 1.161855e-08
817 6.941946e-09
818 4.147670e-09
819 2.505789e-09
820 1.549726e-09
821 9.743047e-10
822 6.114050e-10
823 3.753568e-10
824 2.219063e-10
825 5.058934e-07
826 3.695116e-07
827 2.737999e-07
828 1.704522e-07
829 1.038340e-07
830 6.151296e-08
831 3.755962e-08
832 2.409514e-08
833 1.626506e-08
834 0.000000e+00
835 0.000000e+00
836 0.000000e+00
837 0.000000e+00
838 0.000000e+00
839 0.000000e+00
840 7.608529e-07
841 5.558710e-07
842 4.123345e-07
843 2.595937e-07
844 1.577573e-07
845 9.334227e-08
846 5.688828e-08
847 3.636114e-08
848 2.447867e-08
849 0.000000e+00
850 0.000000e+00
851 0.000000e+00
852 0.000000e+00
853 0.000000e+00
854 0.000000e+00
855 9.033255e-07
856 6.600330e-07
857 4.897554e-07
858 3.095034e-07
859 1.879235e-07
860 1.111503e-07
861 6.770096e-08
862 4.321938e-08
863 2.906949e-08
864 0.000000e+00
865 0.000000e+00
866 0.000000e+00
867 0.000000e+00
868 0.000000e+00
869 0.000000e+00
870 9.991758e-07
871 7.301071e-07
872 5.418417e-07
873 3.430808e-07
874 2.082197e-07
875 1.231313e-07
876 7.497548e-08
877 4.783380e-08
878 3.215801e-08
879 0.000000e+00
880 0.000000e+00
881 0.000000e+00
882 0.000000e+00
883 0.000000e+00
884 0.000000e+00
885 1.071362e-06
886 7.828849e-07
887 5.810659e-07
888 3.683680e-07
889 2.235052e-07
890 1.321546e-07
891 8.045403e-08
892 5.130889e-08
893 3.448423e-08
894 0.000000e+00
895 0.000000e+00
896 0.000000e+00
897 0.000000e+00
898 0.000000e+00
899 0.000000e+00
900 1.129294e-06
901 8.252383e-07
902 6.125474e-07
903 3.886616e-07
904 2.357713e-07
905 1.393961e-07
906 8.485053e-08
907 5.409783e-08
908 3.635098e-08
909 0.000000e+00
910 0.000000e+00
911 0.000000e+00
912 0.000000e+00
913 0.000000e+00
914 0.000000e+00
915 1.180131e-06
916 8.624037e-07
917 6.401713e-07
918 4.064710e-07
919 2.465361e-07
920 1.457500e-07
921 8.870876e-08
922 5.654502e-08
923 3.798908e-08
924 0.000000e+00
925 0.000000e+00
926 0.000000e+00
927 0.000000e+00
928 0.000000e+00
929 0.000000e+00
930 1.228330e-06
931 8.976428e-07
932 6.663632e-07
933 4.233557e-07
934 2.567419e-07
935 1.517743e-07
936 9.236668e-08
937 5.886523e-08
938 3.954210e-08
939 0.000000e+00
940 0.000000e+00
941 0.000000e+00
942 0.000000e+00
943 0.000000e+00
944 0.000000e+00
945 1.284557e-06
946 9.387533e-07
947 6.969172e-07
948 4.430542e-07
949 2.686476e-07
950 1.588028e-07
951 9.663437e-08
952 6.157188e-08
953 4.135405e-08
954 0.000000e+00
955 0.000000e+00
956 0.000000e+00
957 0.000000e+00
958 0.000000e+00
959 0.000000e+00
960 3.377680e-07
961 2.690372e-07
962 1.951634e-07
963 1.463553e-07
964 9.057011e-08
965 5.543592e-08
966 3.222174e-08
967 1.926671e-08
968 1.207348e-08
969 7.993147e-09
970 0.000000e+00
971 0.000000e+00
972 0.000000e+00
973 0.000000e+00
974 0.000000e+00
975 5.199857e-07
976 4.169614e-07
977 3.027498e-07
978 2.268283e-07
979 1.421577e-07
980 8.667789e-08
981 5.034505e-08
982 3.006358e-08
983 1.877249e-08
984 1.239262e-08
985 0.000000e+00
986 0.000000e+00
987 0.000000e+00
988 0.000000e+00
989 0.000000e+00
990 6.446143e-07
991 5.182386e-07
992 3.764298e-07
993 2.819241e-07
994 1.775437e-07
995 1.080884e-07
996 6.276629e-08
997 3.746347e-08
998 2.336183e-08
999 1.540526e-08
1000 0.000000e+00
1001 0.000000e+00
1002 0.000000e+00
1003 0.000000e+00
1004 0.000000e+00
1005 7.384563e-07
1006 5.944918e-07
1007 4.319019e-07
1008 3.234070e-07
1009 2.041859e-07
1010 1.242076e-07
1011 7.211845e-08
1012 4.303507e-08
1013 2.681703e-08
1014 1.767347e-08
1015 0.000000e+00
1016 0.000000e+00
1017 0.000000e+00
1018 0.000000e+00
1019 0.000000e+00
1020 8.137705e-07
1021 6.556853e-07
1022 4.764209e-07
1023 3.566970e-07
1024 2.255683e-07
1025 1.371453e-07
1026 7.962428e-08
1027 4.750632e-08
1028 2.959021e-08
1029 1.949370e-08
1030 0.000000e+00
1031 0.000000e+00
1032 0.000000e+00
1033 0.000000e+00
1034 0.000000e+00
1035 8.798442e-07
1036 7.093771e-07
1037 5.154845e-07
1038 3.859056e-07
1039 2.443280e-07
1040 1.484959e-07
1041 8.620938e-08
1042 5.142953e-08
1043 3.202328e-08
1044 2.109097e-08
1045 0.000000e+00
1046 0.000000e+00
1047 0.000000e+00
1048 0.000000e+00
1049 0.000000e+00
1050 9.425045e-07
1051 7.602953e-07
1052 5.525249e-07
1053 4.136033e-07
1054 2.621167e-07
1055 1.592605e-07
1056 9.245434e-08
1057 5.514967e-08
1058 3.433050e-08
1059 2.260550e-08
1060 0.000000e+00
1061 0.000000e+00
1062 0.000000e+00
1063 0.000000e+00
1064 0.000000e+00
1065 1.015605e-06
1066 8.196989e-07
1067 5.957404e-07
1068 4.459208e-07
1069 2.828714e-07
1070 1.718193e-07
1071 9.973986e-08
1072 5.949030e-08
1073 3.702230e-08
1074 2.437254e-08
1075 0.000000e+00
1076 0.000000e+00
1077 0.000000e+00
1078 0.000000e+00
1079 0.000000e+00
1080 1.986668e-07
1081 1.807005e-07
1082 1.392294e-07
1083 1.006830e-07
1084 7.544818e-08
1085 4.361954e-08
1086 2.673544e-08
1087 1.541414e-08
1088 9.114111e-09
1089 5.669969e-09
1090 0.000000e+00
1091 0.000000e+00
1092 0.000000e+00
1093 0.000000e+00
1094 0.000000e+00
1095 3.301227e-07
1096 3.015639e-07
1097 2.332854e-07
1098 1.685956e-07
1099 1.265218e-07
1100 7.354539e-08
1101 4.519415e-08
1102 2.599575e-08
1103 1.531755e-08
1104 9.507782e-09
1105 0.000000e+00
1106 0.000000e+00
1107 0.000000e+00
1108 0.000000e+00
1109 0.000000e+00
1110 4.308637e-07
1111 3.942511e-07
1112 3.054592e-07
1113 2.207055e-07
1114 1.657147e-07
1115 9.653444e-08
1116 5.937631e-08
1117 3.412388e-08
1118 2.008014e-08
1119 1.245319e-08
1120 0.000000e+00
1121 0.000000e+00
1122 0.000000e+00
1123 0.000000e+00
1124 0.000000e+00
1125 5.116645e-07
1126 4.685852e-07
1127 3.633426e-07
1128 2.624986e-07
1129 1.971468e-07
1130 1.149710e-07
1131 7.075026e-08
1132 4.064259e-08
1133 2.389961e-08
1134 1.481544e-08
1135 0.000000e+00
1136 0.000000e+00
1137 0.000000e+00
1138 0.000000e+00
1139 0.000000e+00
1140 5.825554e-07
1141 5.338095e-07
1142 4.141299e-07
1143 2.991688e-07
1144 2.247266e-07
1145 1.311478e-07
1146 8.073021e-08
1147 4.636232e-08
1148 2.725095e-08
1149 1.688805e-08
1150 0.000000e+00
1151 0.000000e+00
1152 0.000000e+00
1153 0.000000e+00
1154 0.000000e+00
1155 6.497796e-07
1156 5.956567e-07
1157 4.622898e-07
1158 3.339403e-07
1159 2.508793e-07
1160 1.464876e-07
1161 9.019343e-08
1162 5.178598e-08
1163 3.042883e-08
1164 1.885337e-08
1165 0.000000e+00
1166 0.000000e+00
1167 0.000000e+00
1168 0.000000e+00
1169 0.000000e+00
1170 7.282090e-07
1171 6.678117e-07
1172 5.184750e-07
1173 3.745075e-07
1174 2.813894e-07
1175 1.643839e-07
1176 1.012338e-07
1177 5.811338e-08
1178 3.413644e-08
1179 2.114636e-08
1180 0.000000e+00
1181 0.000000e+00
1182 0.000000e+00
1183 0.000000e+00
1184 0.000000e+00
1185 1.319303e-07
1186 1.302329e-07
1187 1.095245e-07
1188 8.001014e-08
1189 5.943623e-08
1190 4.040331e-08
1191 2.383968e-08
1192 1.358323e-08
1193 7.852636e-09
1194 4.640139e-09
1195 2.906454e-09
1196 0.000000e+00
1197 0.000000e+00
1198 0.000000e+00
1199 0.000000e+00
1200 2.312575e-07
1201 2.289233e-07
1202 1.932338e-07
1203 1.414040e-07
1204 1.048734e-07
1205 7.178647e-08
1206 4.215011e-08
1207 2.404922e-08
1208 1.392178e-08
1209 8.211788e-09
1210 5.133182e-09
1211 0.000000e+00
1212 0.000000e+00
1213 0.000000e+00
1214 0.000000e+00
1215 3.121194e-07
1216 3.092984e-07
1217 2.614429e-07
1218 1.914432e-07
1219 1.418993e-07
1220 9.738022e-08
1221 5.707449e-08
1222 3.258181e-08
1223 1.886995e-08
1224 1.112330e-08
1225 6.947945e-09
1226 0.000000e+00
1227 0.000000e+00
1228 0.000000e+00
1229 0.000000e+00
1230 3.829987e-07
1231 3.797496e-07
1232 3.212260e-07
1233 2.353010e-07
1234 1.743508e-07
1235 1.198140e-07
1236 7.015527e-08
1237 4.006064e-08
1238 2.320705e-08
1239 1.367529e-08
1240 8.538500e-09
1241 0.000000e+00
1242 0.000000e+00
1243 0.000000e+00
1244 0.000000e+00
1245 4.502152e-07
1246 4.465548e-07
1247 3.779197e-07
1248 2.768917e-07
1249 2.051259e-07
1250 1.410877e-07
1251 8.256014e-08
1252 4.715303e-08
1253 2.732001e-08
1254 1.609537e-08
1255 1.004688e-08
1256 0.000000e+00
1257 0.000000e+00
1258 0.000000e+00
1259 0.000000e+00
1260 5.286268e-07
1261 5.244929e-07
1262 4.440595e-07
1263 3.254142e-07
1264 2.410284e-07
1265 1.659048e-07
1266 9.703195e-08
1267 5.542658e-08
1268 3.211802e-08
1269 1.891859e-08
1270 1.180659e-08
1271 0.000000e+00
1272 0.000000e+00
1273 0.000000e+00
1274 0.000000e+00
1275 9.521743e-08
1276 9.914886e-08
1277 8.973132e-08
1278 6.865257e-08
1279 4.962435e-08
1280 3.717295e-08
1281 2.100555e-08
1282 1.268679e-08
1283 7.168082e-09
1284 4.139890e-09
1285 2.478315e-09
1286 0.000000e+00
1287 0.000000e+00
1288 0.000000e+00
1289 0.000000e+00
1290 1.732342e-07
1291 1.807566e-07
1292 1.640865e-07
1293 1.258775e-07
1294 9.093159e-08
1295 6.821989e-08
1296 3.865772e-08
1297 2.342311e-08
1298 1.320503e-08
1299 7.608461e-09
1300 4.545948e-09
1301 0.000000e+00
1302 0.000000e+00
1303 0.000000e+00
1304 0.000000e+00
1305 2.422739e-07
1306 2.529910e-07
1307 2.299206e-07
1308 1.765591e-07
1309 1.275144e-07
1310 9.571896e-08
1311 5.429955e-08
1312 3.293943e-08
1313 1.855500e-08
1314 1.068126e-08
1315 6.377299e-09
1316 0.000000e+00
1317 0.000000e+00
1318 0.000000e+00
1319 0.000000e+00
1320 3.076801e-07
1321 3.214207e-07
1322 2.922874e-07
1323 2.245725e-07
1324 1.621713e-07
1325 1.217697e-07
1326 6.911674e-08
1327 4.195391e-08
1328 2.362287e-08
1329 1.359207e-08
1330 8.112189e-09
1331 0.000000e+00
1332 0.000000e+00
1333 0.000000e+00
1334 0.000000e+00
1335 3.839856e-07
1336 4.012539e-07
1337 3.650479e-07
1338 2.805845e-07
1339 2.026004e-07
1340 1.521601e-07
1341 8.640260e-08
1342 5.247058e-08
1343 2.953514e-08
1344 1.698791e-08
1345 1.013612e-08
1346 0.000000e+00
1347 0.000000e+00
1348 0.000000e+00
1349 0.000000e+00
1350 7.247073e-08
1351 7.844494e-08
1352 7.522571e-08
1353 6.096415e-08
1354 4.398229e-08
1355 3.315618e-08
1356 2.071380e-08
1357 1.269935e-08
1358 7.050335e-09
1359 3.882314e-09
1360 2.243752e-09
1361 1.364481e-09
1362 0.000000e+00
1363 0.000000e+00
1364 0.000000e+00
1365 1.382622e-07
1366 1.499033e-07
1367 1.441100e-07
1368 1.171317e-07
1369 8.455819e-08
1370 6.368398e-08
1371 4.005339e-08
1372 2.448495e-08
1373 1.359612e-08
1374 7.490456e-09
1375 4.319236e-09
1376 2.620948e-09
1377 0.000000e+00
1378 0.000000e+00
1379 0.000000e+00
1380 2.008333e-07
1381 2.178719e-07
1382 2.096420e-07
1383 1.705767e-07
1384 1.231707e-07
1385 9.273140e-08
1386 5.846424e-08
1387 3.570172e-08
1388 1.982610e-08
1389 1.092499e-08
1390 6.294457e-09
1391 3.816510e-09
1392 0.000000e+00
1393 0.000000e+00
1394 0.000000e+00
1395 2.737915e-07
1396 2.971230e-07
1397 2.860498e-07
1398 2.328910e-07
1399 1.681903e-07
1400 1.265992e-07
1401 7.993023e-08
1402 4.877977e-08
1403 2.708986e-08
1404 1.492933e-08
1405 8.597426e-09
1406 5.210483e-09
1407 0.000000e+00
1408 0.000000e+00
1409 0.000000e+00
1410 5.887861e-08
1411 6.571264e-08
1412 6.601529e-08
1413 5.670540e-08
1414 4.179746e-08
1415 3.078533e-08
1416 2.168795e-08
1417 1.237412e-08
1418 6.966441e-09
1419 3.941951e-09
1420 2.192680e-09
1421 1.278789e-09
1422 0.000000e+00
1423 0.000000e+00
1424 0.000000e+00
1425 1.177553e-07
1426 1.316079e-07
1427 1.324972e-07
1428 1.141478e-07
1429 8.428189e-08
1430 6.199810e-08
1431 4.388553e-08
1432 2.495650e-08
1433 1.408051e-08
1434 7.966322e-09
1435 4.428793e-09
1436 2.577797e-09
1437 0.000000e+00
1438 0.000000e+00
1439 0.000000e+00
1440 1.863127e-07
1441 2.083418e-07
1442 2.099199e-07
1443 1.810480e-07
1444 1.337638e-07
1445 9.835051e-08
1446 6.974165e-08
1447 3.961168e-08
1448 2.236733e-08
1449 1.265385e-08
1450 7.033427e-09
1451 4.090748e-09
1452 0.000000e+00
1453 0.000000e+00
1454 0.000000e+00
1455 5.124368e-08
1456 5.872355e-08
1457 6.138105e-08
1458 5.577051e-08
1459 4.276976e-08
1460 3.089078e-08
1461 2.320201e-08
1462 1.300785e-08
1463 7.780588e-09
1464 4.262829e-09
1465 2.349999e-09
1466 1.312156e-09
1467 0.000000e+00
1468 0.000000e+00
1469 0.000000e+00
1470 1.142777e-07
1471 1.311300e-07
1472 1.373309e-07
1473 1.251402e-07
1474 9.621788e-08
1475 6.945467e-08
1476 5.223971e-08
1477 2.937612e-08
1478 1.763230e-08
1479 9.642135e-09
1480 5.302862e-09
1481 2.954866e-09
1482 0.000000e+00
1483 0.000000e+00
1484 0.000000e+00
1485 5.351669e-08
1486 6.288478e-08
1487 6.818412e-08
1488 6.545935e-08
1489 5.307584e-08
1490 3.829726e-08
1491 2.889126e-08
1492 1.796407e-08
1493 1.093247e-08
1494 5.932625e-09
1495 3.124773e-09
1496 1.685897e-09
1497 9.388545e-10
1498 0.000000e+00
1499 0.000000e+00
1500 1.109684e-04
1501 8.086786e-05
1502 6.035546e-05
1503 3.805236e-05
1504 2.321989e-05
1505 1.369104e-05
1506 8.324421e-06
1507 5.304277e-06
1508 3.565556e-06
1509 0.000000e+00
1510 0.000000e+00
1511 0.000000e+00
1512 0.000000e+00
1513 0.000000e+00
1514 0.000000e+00
1515 5.757601e-05
1516 4.644359e-05
1517 3.369791e-05
1518 2.528332e-05
1519 1.597668e-05
1520 9.754545e-06
1521 5.648866e-06
1522 3.364481e-06
1523 2.093966e-06
1524 1.379138e-06
1525 0.000000e+00
1526 0.000000e+00
1527 0.000000e+00
1528 0.000000e+00
1529 0.000000e+00
1530 4.047788e-05
1531 3.713775e-05
1532 2.882267e-05
1533 2.080348e-05
1534 1.566222e-05
1535 9.111532e-06
1536 5.625604e-06
1537 3.225263e-06
1538 1.896511e-06
1539 1.174730e-06
1540 0.000000e+00
1541 0.000000e+00
1542 0.000000e+00
1543 0.000000e+00
1544 0.000000e+00
1545 2.912801e-05
1546 2.891312e-05
1547 2.448503e-05
1548 1.793535e-05
1549 1.328396e-05
1550 9.154542e-06
1551 5.351144e-06
1552 3.053081e-06
1553 1.771954e-06
1554 1.042590e-06
1555 6.506122e-07
1556 0.000000e+00
1557 0.000000e+00
1558 0.000000e+00
1559 0.000000e+00
1560 2.085098e-05
1561 2.179680e-05
1562 1.983793e-05
1563 1.524768e-05
1564 1.100576e-05
1565 8.274949e-06
1566 4.689296e-06
1567 2.850415e-06
1568 1.602925e-06
1569 9.233707e-07
1570 5.506294e-07
1571 0.000000e+00
1572 0.000000e+00
1573 0.000000e+00
1574 0.000000e+00
1575 1.487210e-05
1576 1.614453e-05
1577 1.554949e-05
1578 1.266314e-05
1579 9.143013e-06
1580 6.883420e-06
1581 4.347301e-06
1582 2.655947e-06
1583 1.474901e-06
1584 8.112783e-07
1585 4.673052e-07
1586 2.832009e-07
1587 0.000000e+00
1588 0.000000e+00
1589 0.000000e+00
1590 1.001028e-05
1591 1.119728e-05
1592 1.128693e-05
1593 9.739022e-06
1594 7.195644e-06
1595 5.289411e-06
1596 3.755371e-06
1597 2.130464e-06
1598 1.202339e-06
1599 6.811759e-07
1600 3.783133e-07
1601 2.200058e-07
1602 0.000000e+00
1603 0.000000e+00
1604 0.000000e+00
1605 6.201116e-06
1606 7.118100e-06
1607 7.458527e-06
1608 6.801106e-06
1609 5.231433e-06
1610 3.775220e-06
1611 2.841823e-06
1612 1.597077e-06
1613 9.596537e-07
1614 5.242846e-07
1615 2.885232e-07
1616 1.606418e-07
1617 0.000000e+00
1618 0.000000e+00
1619 0.000000e+00
1620 3.163407e-06
1621 3.720115e-06
1622 4.038202e-06
1623 3.883392e-06
1624 3.154630e-06
1625 2.276770e-06
1626 1.716871e-06
1627 1.071974e-06
1628 6.518364e-07
1629 3.538249e-07
1630 1.861971e-07
1631 1.003484e-07
1632 5.578990e-08
1633 0.000000e+00
1634 0.000000e+00
1635 8.891198e-07
1636 1.072208e-06
1637 1.206146e-06
1638 1.224576e-06
1639 1.066696e-06
1640 7.933436e-07
1641 5.815894e-07
1642 4.169104e-07
1643 2.343421e-07
1644 1.314261e-07
1645 7.164692e-08
1646 3.730540e-08
1647 1.958823e-08
1648 0.000000e+00
1649 0.000000e+00
