0 2.210411e-09
1 1.435334e-09
2 9.022110e-10
3 5.684633e-10
4 3.655945e-10
5 2.407111e-10
6 1.601252e-10
7 1.051459e-10
8 6.658083e-11
9 3.994665e-11
10 2.248877e-11
11 1.186481e-11
12 5.907413e-12
13 2.807662e-12
14 1.289853e-12
15 3.740211e-09
16 2.485368e-09
17 1.578073e-09
18 9.834442e-10
19 6.222241e-10
20 4.032760e-10
21 2.669730e-10
22 1.770720e-10
23 1.147599e-10
24 7.111392e-11
25 4.149895e-11
26 2.266992e-11
27 1.162438e-11
28 5.648872e-12
29 2.634398e-12
30 4.274056e-09
31 2.858637e-09
32 1.824412e-09
33 1.135310e-09
34 7.154663e-10
35 4.613352e-10
36 3.045033e-10
37 2.021817e-10
38 1.316680e-10
39 8.222553e-11
40 4.844978e-11
41 2.673502e-11
42 1.383078e-11
43 6.768566e-12
44 3.171832e-12
45 4.567418e-09
46 3.063832e-09
47 1.959811e-09
48 1.218798e-09
49 7.666678e-10
50 4.932183e-10
51 3.251728e-10
52 2.159425e-10
53 1.409502e-10
54 8.832634e-11
55 5.225958e-11
56 2.895832e-11
57 1.504049e-11
58 7.382631e-12
59 3.466754e-12
60 4.763867e-09
61 3.201425e-09
62 2.050423e-09
63 1.274654e-09
64 8.009202e-10
65 5.146215e-10
66 3.390248e-10
67 2.252077e-10
68 1.471643e-10
69 9.242081e-11
70 5.483050e-11
71 3.046300e-11
72 1.585269e-11
73 7.793800e-12
74 3.667331e-12
75 4.911642e-09
76 3.304517e-09
77 2.118557e-09
78 1.316593e-09
79 8.266839e-10
80 5.306919e-10
81 3.493981e-10
82 2.321361e-10
83 1.518752e-10
84 9.551799e-11
85 5.674878e-11
86 3.158087e-11
87 1.646345e-11
88 8.103369e-12
89 3.812990e-12
90 5.031236e-09
91 3.388324e-09
92 2.173842e-09
93 1.350909e-09
94 8.477028e-10
95 5.437241e-10
96 3.578645e-10
97 2.377901e-10
98 1.556866e-10
99 9.801609e-11
100 5.832097e-11
101 3.249898e-11
102 1.695976e-11
103 8.355449e-12
104 3.934013e-12
105 5.136444e-09
106 3.461459e-09
107 2.222575e-09
108 1.380842e-09
109 8.659719e-10
110 5.551389e-10
111 3.652319e-10
112 2.427243e-10
113 1.589404e-10
114 1.001617e-10
115 5.965656e-11
116 3.329186e-11
117 1.739432e-11
118 8.576004e-12
119 4.036690e-12
120 5.236173e-09
121 3.531704e-09
122 2.268859e-09
123 1.409272e-09
124 8.834425e-10
125 5.659625e-10
126 3.722116e-10
127 2.474192e-10
128 1.621550e-10
129 1.022735e-10
130 6.098883e-11
131 3.405646e-11
132 1.780623e-11
133 8.784795e-12
134 4.140323e-12
135 5.349962e-09
136 3.610757e-09
137 2.321724e-09
138 1.441945e-09
139 9.034220e-10
140 5.784809e-10
141 3.803172e-10
142 2.527538e-10
143 1.657928e-10
144 1.046842e-10
145 6.248840e-11
146 3.493263e-11
147 1.828242e-11
148 9.024452e-12
149 4.255221e-12
150 7.865682e-09
151 5.412965e-09
152 3.553677e-09
153 2.218107e-09
154 1.375647e-09
155 8.674511e-10
156 5.628291e-10
157 3.726178e-10
158 2.463951e-10
159 1.585938e-10
160 9.721886e-11
161 5.598749e-11
162 3.014883e-11
163 1.524527e-11
164 7.318267e-12
165 9.931413e-09
166 6.919502e-09
167 4.608145e-09
168 2.905730e-09
169 1.792276e-09
170 1.121007e-09
171 7.195432e-10
172 4.733812e-10
173 3.135367e-10
174 2.036987e-10
175 1.268199e-10
176 7.444279e-11
177 4.088582e-11
178 2.104387e-11
179 1.024075e-11
180 1.111626e-08
181 7.786739e-09
182 5.215386e-09
183 3.304457e-09
184 2.034364e-09
185 1.268530e-09
186 8.102859e-10
187 5.315273e-10
188 3.521583e-10
189 2.296608e-10
190 1.438895e-10
191 8.511427e-11
192 4.712692e-11
193 2.443355e-11
194 1.196027e-11
195 1.191257e-08
196 8.369815e-09
197 5.624013e-09
198 3.572968e-09
199 2.197504e-09
200 1.367748e-09
201 8.712237e-10
202 5.706862e-10
203 3.781478e-10
204 2.471187e-10
205 1.553665e-10
206 9.230101e-11
207 5.133182e-11
208 2.671771e-11
209 1.311798e-11
210 1.250833e-08
211 8.807071e-09
212 5.930870e-09
213 3.773180e-09
214 2.319541e-09
215 1.441959e-09
216 9.169961e-10
217 5.999474e-10
218 3.975874e-10
219 2.601818e-10
220 1.639340e-10
221 9.767348e-11
222 5.447987e-11
223 2.842363e-11
224 1.398421e-11
225 1.299297e-08
226 9.160470e-09
227 6.177917e-09
228 3.936547e-09
229 2.418092e-09
230 1.502184e-09
231 9.538767e-10
232 6.236650e-10
233 4.133317e-10
234 2.707485e-10
235 1.709012e-10
236 1.020150e-10
237 5.701043e-11
238 2.980189e-11
239 1.468254e-11
240 1.341312e-08
241 9.468072e-09
242 6.394055e-09
243 4.078489e-09
244 2.504572e-09
245 1.554721e-09
246 9.860593e-10
247 6.442376e-10
248 4.270939e-10
249 2.799894e-10
250 1.769762e-10
251 1.058137e-10
252 5.923685e-11
253 3.101052e-11
254 1.528962e-11
255 1.381465e-08
256 9.762101e-09
257 6.600504e-09
258 4.214498e-09
259 2.586638e-09
260 1.604634e-09
261 1.016820e-09
262 6.639271e-10
263 4.401940e-10
264 2.887870e-10
265 1.827612e-10
266 1.094405e-10
267 6.135506e-11
268 3.215704e-11
269 1.587473e-11
270 1.428058e-08
271 1.010286e-08
272 6.839171e-09
273 4.370573e-09
274 2.681394e-09
275 1.662778e-09
276 1.052730e-09
277 6.869161e-10
278 4.553532e-10
279 2.989811e-10
280 1.894762e-10
281 1.136429e-10
282 6.380489e-11
283 3.349031e-11
284 1.655009e-11
285 1.361105e-08
286 9.678622e-09
287 6.571663e-09
288 4.238636e-09
289 2.610793e-09
290 1.617367e-09
291 1.019950e-09
292 6.618822e-10
293 4.367633e-10
294 2.862859e-10
295 1.817448e-10
296 1.095799e-10
297 6.202795e-11
298 3.286777e-11
299 1.638994e-11
300 1.600221e-08
301 1.150632e-08
302 7.882562e-09
303 5.141883e-09
304 3.178226e-09
305 1.959213e-09
306 1.225794e-09
307 7.894535e-10
308 5.191185e-10
309 3.410795e-10
310 2.182424e-10
311 1.331601e-10
312 7.644587e-11
313 4.109115e-11
314 2.074992e-11
315 1.762576e-08
316 1.275164e-08
317 8.776552e-09
318 5.759551e-09
319 3.567898e-09
320 2.193009e-09
321 1.366962e-09
322 8.768289e-10
323 5.753979e-10
324 3.784741e-10
325 2.431467e-10
326 1.492672e-10
327 8.631056e-11
328 4.672812e-11
329 2.374419e-11
330 1.884416e-08
331 1.368536e-08
332 9.444107e-09
333 6.219323e-09
334 3.858971e-09
335 2.367811e-09
336 1.472317e-09
337 9.421186e-10
338 6.175790e-10
339 4.064551e-10
340 2.617624e-10
341 1.613105e-10
342 9.368697e-11
343 5.094010e-11
344 2.598105e-11
345 1.983045e-08
346 1.444117e-08
347 9.987998e-09
348 6.595075e-09
349 4.094845e-09
350 2.509537e-09
351 1.557683e-09
352 9.949860e-10
353 6.515930e-10
354 4.290844e-10
355 2.768648e-10
356 1.710699e-10
357 9.965993e-11
358 5.435620e-11
359 2.779515e-11
360 2.069142e-08
361 1.510126e-08
362 1.046187e-08
363 6.920635e-09
364 4.300248e-09
365 2.633037e-09
366 1.632069e-09
367 1.041050e-09
368 6.812985e-10
369 4.488519e-10
370 2.900185e-10
371 1.795756e-10
372 1.048677e-10
373 5.732855e-11
374 2.937285e-11
375 2.150577e-08
376 1.572528e-08
377 1.090917e-08
378 7.229984e-09
379 4.494774e-09
380 2.750141e-09
381 1.702656e-09
382 1.084714e-09
383 7.094550e-10
384 4.675711e-10
385 3.024990e-10
386 1.876421e-10
387 1.098048e-10
388 6.014902e-11
389 3.087013e-11
390 2.245856e-08
391 1.645633e-08
392 1.143306e-08
393 7.591462e-09
394 4.723007e-09
395 2.887723e-09
396 1.785552e-09
397 1.136059e-09
398 7.424445e-10
399 4.895383e-10
400 3.171285e-10
401 1.971055e-10
402 1.156006e-10
403 6.345353e-11
404 3.262561e-11
405 1.963403e-08
406 1.438137e-08
407 9.976808e-09
408 6.612331e-09
409 4.136363e-09
410 2.532954e-09
411 1.570901e-09
412 9.991566e-10
413 6.515300e-10
414 4.279942e-10
415 2.761305e-10
416 1.710556e-10
417 1.001509e-10
418 5.499613e-11
419 2.833615e-11
420 2.227626e-08
421 1.650399e-08
422 1.153688e-08
423 7.709720e-09
424 4.863557e-09
425 2.969293e-09
426 1.833762e-09
427 1.157766e-09
428 7.507835e-10
429 4.926241e-10
430 3.190371e-10
431 1.991969e-10
432 1.178703e-10
433 6.549499e-11
434 3.413234e-11
435 2.425099e-08
436 1.809464e-08
437 1.270283e-08
438 8.532323e-09
439 5.407980e-09
440 3.295848e-09
441 2.030990e-09
442 1.276518e-09
443 8.252594e-10
444 5.410831e-10
445 3.512107e-10
446 2.203016e-10
447 1.311609e-10
448 7.337172e-11
449 3.848175e-11
450 2.586113e-08
451 1.938303e-08
452 1.365073e-08
453 9.199341e-09
454 5.848865e-09
455 3.560900e-09
456 2.190351e-09
457 1.372742e-09
458 8.853160e-10
459 5.802955e-10
460 3.772547e-10
461 2.373861e-10
462 1.419186e-10
463 7.974433e-11
464 4.199908e-11
465 2.725897e-08
466 2.050794e-08
467 1.447707e-08
468 9.778944e-09
469 6.233431e-09
470 3.791830e-09
471 2.329174e-09
472 1.456500e-09
473 9.379001e-10
474 6.145173e-10
475 3.999731e-10
476 2.522902e-10
477 1.512990e-10
478 8.530619e-11
479 4.506903e-11
480 2.858220e-08
481 2.156785e-08
482 1.525743e-08
483 1.032737e-08
484 6.597318e-09
485 4.009890e-09
486 2.460738e-09
487 1.535648e-09
488 9.874730e-10
489 6.468296e-10
490 4.214602e-10
491 2.663839e-10
492 1.601760e-10
493 9.055580e-11
494 4.796513e-11
495 3.013061e-08
496 2.281062e-08
497 1.616931e-08
498 1.096986e-08
499 7.022259e-09
500 4.264907e-09
501 2.614392e-09
502 1.628403e-09
503 1.045512e-09
504 6.846432e-10
505 4.465638e-10
506 2.828345e-10
507 1.705457e-10
508 9.670334e-11
509 5.135800e-11
510 2.597945e-08
511 1.958423e-08
512 1.385091e-08
513 9.354561e-09
514 5.983948e-09
515 3.653234e-09
516 2.244778e-09
517 1.402146e-09
518 9.008345e-10
519 5.886265e-10
520 3.822679e-10
521 2.408454e-10
522 1.444868e-10
523 8.162063e-11
524 4.326840e-11
525 2.887395e-08
526 2.201389e-08
527 1.569002e-08
528 1.066626e-08
529 6.881597e-09
530 4.206968e-09
531 2.576578e-09
532 1.598849e-09
533 1.021290e-09
534 6.652086e-10
535 4.324993e-10
536 2.739000e-10
537 1.656602e-10
538 9.451439e-11
539 5.062508e-11
540 3.121209e-08
541 2.397376e-08
542 1.717116e-08
543 1.172356e-08
544 7.603741e-09
545 4.652890e-09
546 2.842691e-09
547 1.756930e-09
548 1.117837e-09
549 7.268067e-10
550 4.729373e-10
551 3.005223e-10
552 1.827122e-10
553 1.048925e-10
554 5.654135e-11
555 3.324727e-08
556 2.568026e-08
557 1.846265e-08
558 1.264221e-08
559 8.232430e-09
560 5.039772e-09
561 3.074407e-09
562 1.894512e-09
563 1.202058e-09
564 7.804202e-10
565 5.081321e-10
566 3.236947e-10
567 1.975547e-10
568 1.139248e-10
569 6.168919e-11
570 3.517721e-08
571 2.729897e-08
572 1.968753e-08
573 1.351474e-08
574 8.829755e-09
575 5.407694e-09
576 3.294380e-09
577 2.024979e-09
578 1.281954e-09
579 8.313171e-10
580 5.415588e-10
581 3.457008e-10
582 2.116489e-10
583 1.225025e-10
584 6.657842e-11
585 3.743878e-08
586 2.919053e-08
587 2.111815e-08
588 1.453334e-08
589 9.524849e-09
590 5.836273e-09
591 3.550818e-09
592 2.177016e-09
593 1.375020e-09
594 8.905841e-10
595 5.804788e-10
596 3.713325e-10
597 2.280682e-10
598 1.324936e-10
599 7.227237e-11
600 3.274996e-08
601 2.537817e-08
602 1.830716e-08
603 1.255415e-08
604 8.194969e-09
605 5.043229e-09
606 3.073054e-09
607 1.892449e-09
608 1.197756e-09
609 7.754017e-10
610 5.038063e-10
611 3.207065e-10
612 1.959000e-10
613 1.132488e-10
614 6.156118e-11
615 3.596798e-08
616 2.818590e-08
617 2.050278e-08
618 1.414396e-08
619 9.302209e-09
620 5.753950e-09
621 3.494048e-09
622 2.142129e-09
623 1.347300e-09
624 8.683702e-10
625 5.637502e-10
626 3.599786e-10
627 2.212778e-10
628 1.290062e-10
629 7.079528e-11
630 3.875560e-08
631 3.061543e-08
632 2.240146e-08
633 1.551350e-08
634 1.025691e-08
635 6.365255e-09
636 3.855913e-09
637 2.356698e-09
638 1.476135e-09
639 9.484208e-10
640 6.154397e-10
641 3.938767e-10
642 2.431899e-10
643 1.426061e-10
644 7.875675e-11
645 4.139648e-08
646 3.291723e-08
647 2.419980e-08
648 1.681353e-08
649 1.116183e-08
650 6.944860e-09
651 4.198620e-09
652 2.560258e-09
653 1.598093e-09
654 1.024286e-09
655 6.644383e-10
656 4.260103e-10
657 2.639601e-10
658 1.554970e-10
659 8.630193e-11
660 4.448850e-08
661 3.560524e-08
662 2.629997e-08
663 1.832932e-08
664 1.221644e-08
665 7.620679e-09
666 4.598598e-09
667 2.797210e-09
668 1.740248e-09
669 1.112758e-09
670 7.215507e-10
671 4.634743e-10
672 2.881802e-10
673 1.705283e-10
674 9.510051e-11
675 4.016405e-08
676 3.196742e-08
677 2.355284e-08
678 1.638545e-08
679 1.088097e-08
680 6.799560e-09
681 4.115212e-09
682 2.511594e-09
683 1.565087e-09
684 1.000792e-09
685 6.476258e-10
686 4.144358e-10
687 2.565632e-10
688 1.511947e-10
689 8.406568e-11
690 4.387794e-08
691 3.531927e-08
692 2.627143e-08
693 1.838621e-08
694 1.229127e-08
695 7.736232e-09
696 4.673502e-09
697 2.843835e-09
698 1.760632e-09
699 1.119322e-09
700 7.224857e-10
701 4.629830e-10
702 2.880027e-10
703 1.709797e-10
704 9.591039e-11
705 4.736443e-08
706 3.847236e-08
707 2.881604e-08
708 2.026143e-08
709 1.361085e-08
710 8.611729e-09
711 5.193628e-09
712 3.153315e-09
713 1.942917e-09
714 1.229967e-09
715 7.925242e-10
716 5.084541e-10
717 3.174692e-10
718 1.895212e-10
719 1.070057e-10
720 5.144684e-08
721 4.215741e-08
722 3.178347e-08
723 2.244731e-08
724 1.514876e-08
725 9.632892e-09
726 5.800504e-09
727 3.514730e-09
728 2.155431e-09
729 1.359099e-09
730 8.741581e-10
731 5.614626e-10
732 3.518244e-10
733 2.111375e-10
734 1.199415e-10
735 4.866903e-08
736 3.979308e-08
737 3.000915e-08
738 2.120793e-08
739 1.429761e-08
740 9.103845e-09
741 5.506282e-09
742 3.337667e-09
743 2.047598e-09
744 1.290123e-09
745 8.280037e-10
746 5.303732e-10
747 3.314866e-10
748 1.985559e-10
749 1.127073e-10
750 5.324858e-08
751 4.407536e-08
752 3.360435e-08
753 2.392250e-08
754 1.622883e-08
755 1.042098e-08
756 6.311198e-09
757 3.813937e-09
758 2.324456e-09
759 1.454807e-09
760 9.295603e-10
761 5.951221e-10
762 3.732255e-10
763 2.250246e-10
764 1.288417e-10
765 5.856845e-08
766 4.904415e-08
767 3.775257e-08
768 2.705274e-08
769 1.845535e-08
770 1.193937e-08
771 7.237358e-09
772 4.362268e-09
773 2.642532e-09
774 1.644292e-09
775 1.046551e-09
776 6.698375e-10
777 4.214434e-10
778 2.556104e-10
779 1.474802e-10
780 5.923335e-08
781 4.985504e-08
782 3.862925e-08
783 2.783551e-08
784 1.904972e-08
785 1.238097e-08
786 7.554694e-09
787 4.543311e-09
788 2.747490e-09
789 1.701798e-09
790 1.078046e-09
791 6.876713e-10
792 4.321945e-10
793 2.624688e-10
794 1.519632e-10
795 6.627015e-08
796 5.666079e-08
797 4.455359e-08
798 3.246145e-08
799 2.238997e-08
800 1.470289e-08
801 9.033733e-09
802 5.410223e-09
803 3.251137e-09
804 1.995144e-09
805 1.254036e-09
806 7.971458e-10
807 5.018380e-10
808 3.066564e-10
809 1.792539e-10
810 7.612543e-08
811 6.656579e-08
812 5.360130e-08
813 3.984779e-08
814 2.785882e-08
815 1.856212e-08
816 1.160864e-08
817 6.933866e-09
818 4.143147e-09
819 2.503357e-09
820 1.548490e-09
821 9.737581e-10
822 6.111823e-10
823 3.752691e-10
824 2.218665e-10
825 5.036619e-07
826 3.678708e-07
827 2.725837e-07
828 1.696175e-07
829 1.033399e-07
830 6.122167e-08
831 3.738384e-08
832 2.398548e-08
833 1.619268e-08
834 0.000000e+00
835 0.000000e+00
836 0.000000e+00
837 0.000000e+00
838 0.000000e+00
839 0.000000e+00
840 7.609527e-07
841 5.559438e-07
842 4.123887e-07
843 2.596280e-07
844 1.577782e-07
845 9.335459e-08
846 5.689577e-08
847 3.636591e-08
848 2.448187e-08
849 0.000000e+00
850 0.000000e+00
851 0.000000e+00
852 0.000000e+00
853 0.000000e+00
854 0.000000e+00
855 9.034708e-07
856 6.601393e-07
857 4.898343e-07
858 3.095543e-07
859 1.879543e-07
860 1.111685e-07
861 6.771198e-08
862 4.322638e-08
863 2.907417e-08
864 0.000000e+00
865 0.000000e+00
866 0.000000e+00
867 0.000000e+00
868 0.000000e+00
869 0.000000e+00
870 9.993278e-07
871 7.302182e-07
872 5.419243e-07
873 3.431341e-07
874 2.082519e-07
875 1.231503e-07
876 7.498702e-08
877 4.784112e-08
878 3.216291e-08
879 0.000000e+00
880 0.000000e+00
881 0.000000e+00
882 0.000000e+00
883 0.000000e+00
884 0.000000e+00
885 1.071193e-06
886 7.827614e-07
887 5.809742e-07
888 3.683088e-07
889 2.234694e-07
890 1.321335e-07
891 8.044121e-08
892 5.130076e-08
893 3.447879e-08
894 0.000000e+00
895 0.000000e+00
896 0.000000e+00
897 0.000000e+00
898 0.000000e+00
899 0.000000e+00
900 1.129439e-06
901 8.253442e-07
902 6.126261e-07
903 3.887123e-07
904 2.358020e-07
905 1.394142e-07
906 8.486152e-08
907 5.410480e-08
908 3.635564e-08
909 0.000000e+00
910 0.000000e+00
911 0.000000e+00
912 0.000000e+00
913 0.000000e+00
914 0.000000e+00
915 1.180268e-06
916 8.625041e-07
917 6.402459e-07
918 4.065191e-07
919 2.465652e-07
920 1.457672e-07
921 8.871918e-08
922 5.655163e-08
923 3.799350e-08
924 0.000000e+00
925 0.000000e+00
926 0.000000e+00
927 0.000000e+00
928 0.000000e+00
929 0.000000e+00
930 1.228460e-06
931 8.977376e-07
932 6.664337e-07
933 4.234011e-07
934 2.567693e-07
935 1.517905e-07
936 9.237652e-08
937 5.887147e-08
938 3.954628e-08
939 0.000000e+00
940 0.000000e+00
941 0.000000e+00
942 0.000000e+00
943 0.000000e+00
944 0.000000e+00
945 1.284683e-06
946 9.388454e-07
947 6.969857e-07
948 4.430983e-07
949 2.686743e-07
950 1.588185e-07
951 9.664394e-08
952 6.157795e-08
953 4.135810e-08
954 0.000000e+00
955 0.000000e+00
956 0.000000e+00
957 0.000000e+00
958 0.000000e+00
959 0.000000e+00
960 3.356043e-07
961 2.672087e-07
962 1.938244e-07
963 1.453615e-07
964 8.988418e-08
965 5.503278e-08
966 3.198770e-08
967 1.912756e-08
968 1.198884e-08
969 7.938570e-09
970 0.000000e+00
971 0.000000e+00
972 0.000000e+00
973 0.000000e+00
974 0.000000e+00
975 5.201199e-07
976 4.170676e-07
977 3.028265e-07
978 2.268861e-07
979 1.421930e-07
980 8.669981e-08
981 5.035772e-08
982 3.007113e-08
983 1.877723e-08
984 1.239577e-08
985 0.000000e+00
986 0.000000e+00
987 0.000000e+00
988 0.000000e+00
989 0.000000e+00
990 6.448119e-07
991 5.183991e-07
992 3.765466e-07
993 2.820115e-07
994 1.775997e-07
995 1.081223e-07
996 6.278597e-08
997 3.747519e-08
998 2.336910e-08
999 1.541004e-08
1000 0.000000e+00
1001 0.000000e+00
1002 0.000000e+00
1003 0.000000e+00
1004 0.000000e+00
1005 7.382357e-07
1006 5.943126e-07
1007 4.317715e-07
1008 3.233096e-07
1009 2.041234e-07
1010 1.241698e-07
1011 7.209649e-08
1012 4.302199e-08
1013 2.680897e-08
1014 1.766814e-08
1015 0.000000e+00
1016 0.000000e+00
1017 0.000000e+00
1018 0.000000e+00
1019 0.000000e+00
1020 8.139596e-07
1021 6.558390e-07
1022 4.765327e-07
1023 3.567807e-07
1024 2.256220e-07
1025 1.371778e-07
1026 7.964314e-08
1027 4.751755e-08
1028 2.959718e-08
1029 1.949827e-08
1030 0.000000e+00
1031 0.000000e+00
1032 0.000000e+00
1033 0.000000e+00
1034 0.000000e+00
1035 8.800254e-07
1036 7.095243e-07
1037 5.155916e-07
1038 3.859857e-07
1039 2.443794e-07
1040 1.485270e-07
1041 8.622743e-08
1042 5.144028e-08
1043 3.202995e-08
1044 2.109535e-08
1045 0.000000e+00
1046 0.000000e+00
1047 0.000000e+00
1048 0.000000e+00
1049 0.000000e+00
1050 9.426736e-07
1051 7.604327e-07
1052 5.526249e-07
1053 4.136780e-07
1054 2.621647e-07
1055 1.592896e-07
1056 9.247120e-08
1057 5.515972e-08
1058 3.433673e-08
1059 2.260959e-08
1060 0.000000e+00
1061 0.000000e+00
1062 0.000000e+00
1063 0.000000e+00
1064 0.000000e+00
1065 1.015768e-06
1066 8.198310e-07
1067 5.958365e-07
1068 4.459927e-07
1069 2.829175e-07
1070 1.718473e-07
1071 9.975607e-08
1072 5.949995e-08
1073 3.702828e-08
1074 2.437647e-08
1075 0.000000e+00
1076 0.000000e+00
1077 0.000000e+00
1078 0.000000e+00
1079 0.000000e+00
1080 1.960316e-07
1081 1.782200e-07
1082 1.372570e-07
1083 9.926231e-08
1084 7.437399e-08
1085 4.296982e-08
1086 2.633096e-08
1087 1.518447e-08
1088 8.981955e-09
1089 5.589096e-09
1090 0.000000e+00
1091 0.000000e+00
1092 0.000000e+00
1093 0.000000e+00
1094 0.000000e+00
1095 3.302282e-07
1096 3.016574e-07
1097 2.333563e-07
1098 1.686468e-07
1099 1.265599e-07
1100 7.356622e-08
1101 4.520689e-08
1102 2.600319e-08
1103 1.532205e-08
1104 9.510625e-09
1105 0.000000e+00
1106 0.000000e+00
1107 0.000000e+00
1108 0.000000e+00
1109 0.000000e+00
1110 4.306278e-07
1111 3.940341e-07
1112 3.052902e-07
1113 2.205835e-07
1114 1.656230e-07
1115 9.648062e-08
1116 5.934311e-08
1117 3.410486e-08
1118 2.006899e-08
1119 1.244630e-08
1120 0.000000e+00
1121 0.000000e+00
1122 0.000000e+00
1123 0.000000e+00
1124 0.000000e+00
1125 5.118675e-07
1126 4.687719e-07
1127 3.634880e-07
1128 2.626035e-07
1129 1.972257e-07
1130 1.150174e-07
1131 7.077884e-08
1132 4.065897e-08
1133 2.390921e-08
1134 1.482137e-08
1135 0.000000e+00
1136 0.000000e+00
1137 0.000000e+00
1138 0.000000e+00
1139 0.000000e+00
1140 5.827486e-07
1141 5.339873e-07
1142 4.142683e-07
1143 2.992682e-07
1144 2.248018e-07
1145 1.311919e-07
1146 8.075741e-08
1147 4.637790e-08
1148 2.726008e-08
1149 1.689370e-08
1150 0.000000e+00
1151 0.000000e+00
1152 0.000000e+00
1153 0.000000e+00
1154 0.000000e+00
1155 6.499630e-07
1156 5.958254e-07
1157 4.624212e-07
1158 3.340351e-07
1159 2.509506e-07
1160 1.465295e-07
1161 9.021925e-08
1162 5.180077e-08
1163 3.043750e-08
1164 1.885873e-08
1165 0.000000e+00
1166 0.000000e+00
1167 0.000000e+00
1168 0.000000e+00
1169 0.000000e+00
1170 7.283846e-07
1171 6.679733e-07
1172 5.186008e-07
1173 3.745984e-07
1174 2.814577e-07
1175 1.644239e-07
1176 1.012585e-07
1177 5.812754e-08
1178 3.414473e-08
1179 2.115149e-08
1180 0.000000e+00
1181 0.000000e+00
1182 0.000000e+00
1183 0.000000e+00
1184 0.000000e+00
1185 1.290350e-07
1186 1.273176e-07
1187 1.070080e-07
1188 7.814839e-08
1189 5.806909e-08
1190 3.942888e-08
1191 2.328361e-08
1192 1.326295e-08
1193 7.666054e-09
1194 4.531127e-09
1195 2.839144e-09
1196 0.000000e+00
1197 0.000000e+00
1198 0.000000e+00
1199 0.000000e+00
1200 2.308925e-07
1201 2.285577e-07
1202 1.929203e-07
1203 1.411724e-07
1204 1.047031e-07
1205 7.166657e-08
1206 4.208104e-08
1207 2.400953e-08
1208 1.389872e-08
1209 8.198273e-09
1210 5.124805e-09
1211 0.000000e+00
1212 0.000000e+00
1213 0.000000e+00
1214 0.000000e+00
1215 3.123229e-07
1216 3.095002e-07
1217 2.616145e-07
1218 1.915691e-07
1219 1.419925e-07
1220 9.744461e-08
1221 5.711204e-08
1222 3.260328e-08
1223 1.888240e-08
1224 1.113063e-08
1225 6.952511e-09
1226 0.000000e+00
1227 0.000000e+00
1228 0.000000e+00
1229 0.000000e+00
1230 3.831935e-07
1231 3.799432e-07
1232 3.213903e-07
1233 2.354215e-07
1234 1.744400e-07
1235 1.198757e-07
1236 7.019122e-08
1237 4.008120e-08
1238 2.321897e-08
1239 1.368230e-08
1240 8.542871e-09
1241 0.000000e+00
1242 0.000000e+00
1243 0.000000e+00
1244 0.000000e+00
1245 4.503977e-07
1246 4.467362e-07
1247 3.780737e-07
1248 2.770046e-07
1249 2.052095e-07
1250 1.411454e-07
1251 8.259382e-08
1252 4.717229e-08
1253 2.733118e-08
1254 1.610194e-08
1255 1.005098e-08
1256 0.000000e+00
1257 0.000000e+00
1258 0.000000e+00
1259 0.000000e+00
1260 5.288015e-07
1261 5.246659e-07
1262 4.442070e-07
1263 3.255223e-07
1264 2.411084e-07
1265 1.659601e-07
1266 9.706421e-08
1267 5.544503e-08
1268 3.212871e-08
1269 1.892488e-08
1270 1.181051e-08
1271 0.000000e+00
1272 0.000000e+00
1273 0.000000e+00
1274 0.000000e+00
1275 9.192327e-08
1276 9.567547e-08
1277 8.652882e-08
1278 6.616176e-08
1279 4.783028e-08
1280 3.581768e-08
1281 2.022572e-08
1282 1.220703e-08
1283 6.900347e-09
1284 3.987585e-09
1285 2.388154e-09
1286 0.000000e+00
1287 0.000000e+00
1288 0.000000e+00
1289 0.000000e+00
1290 1.733207e-07
1291 1.808452e-07
1292 1.641645e-07
1293 1.259357e-07
1294 9.097391e-08
1295 6.825136e-08
1296 3.867475e-08
1297 2.343319e-08
1298 1.321077e-08
1299 7.611893e-09
1300 4.548042e-09
1301 0.000000e+00
1302 0.000000e+00
1303 0.000000e+00
1304 0.000000e+00
1305 2.424634e-07
1306 2.531893e-07
1307 2.301013e-07
1308 1.766982e-07
1309 1.276148e-07
1310 9.579443e-08
1311 5.434248e-08
1312 3.296554e-08
1313 1.856967e-08
1314 1.068970e-08
1315 6.382325e-09
1316 0.000000e+00
1317 0.000000e+00
1318 0.000000e+00
1319 0.000000e+00
1320 3.078577e-07
1321 3.216065e-07
1322 2.924568e-07
1323 2.247029e-07
1324 1.622652e-07
1325 1.218404e-07
1326 6.915697e-08
1327 4.197839e-08
1328 2.363663e-08
1329 1.359998e-08
1330 8.116900e-09
1331 0.000000e+00
1332 0.000000e+00
1333 0.000000e+00
1334 0.000000e+00
1335 3.841561e-07
1336 4.014323e-07
1337 3.652105e-07
1338 2.807097e-07
1339 2.026908e-07
1340 1.522281e-07
1341 8.644124e-08
1342 5.249408e-08
1343 2.954836e-08
1344 1.699550e-08
1345 1.014064e-08
1346 0.000000e+00
1347 0.000000e+00
1348 0.000000e+00
1349 0.000000e+00
1350 6.992102e-08
1351 7.565554e-08
1352 7.250773e-08
1353 5.871898e-08
1354 4.235526e-08
1355 3.193750e-08
1356 1.991932e-08
1357 1.222159e-08
1358 6.784729e-09
1359 3.735344e-09
1360 2.160061e-09
1361 1.314294e-09
1362 0.000000e+00
1363 0.000000e+00
1364 0.000000e+00
1365 1.383829e-07
1366 1.500333e-07
1367 1.442343e-07
1368 1.172316e-07
1369 8.463043e-08
1370 6.373833e-08
1371 4.008677e-08
1372 2.450569e-08
1373 1.360765e-08
1374 7.496744e-09
1375 4.322914e-09
1376 2.623185e-09
1377 0.000000e+00
1378 0.000000e+00
1379 0.000000e+00
1380 2.010031e-07
1381 2.180563e-07
1382 2.098198e-07
1383 1.707216e-07
1384 1.232755e-07
1385 9.281020e-08
1386 5.851418e-08
1387 3.573215e-08
1388 1.984300e-08
1389 1.093430e-08
1390 6.299815e-09
1391 3.819753e-09
1392 0.000000e+00
1393 0.000000e+00
1394 0.000000e+00
1395 2.739546e-07
1396 2.973002e-07
1397 2.862206e-07
1398 2.330303e-07
1399 1.682909e-07
1400 1.266749e-07
1401 7.997821e-08
1402 4.880901e-08
1403 2.710609e-08
1404 1.493828e-08
1405 8.602574e-09
1406 5.213599e-09
1407 0.000000e+00
1408 0.000000e+00
1409 0.000000e+00
1410 5.688863e-08
1411 6.347046e-08
1412 6.373050e-08
1413 5.470403e-08
1414 4.030535e-08
1415 2.969525e-08
1416 2.089651e-08
1417 1.193172e-08
1418 6.713657e-09
1419 3.799266e-09
1420 2.113524e-09
1421 1.233223e-09
1422 0.000000e+00
1423 0.000000e+00
1424 0.000000e+00
1425 1.178990e-07
1426 1.317685e-07
1427 1.326590e-07
1428 1.142872e-07
1429 8.438469e-08
1430 6.207381e-08
1431 4.393916e-08
1432 2.498695e-08
1433 1.409770e-08
1434 7.976055e-09
1435 4.434206e-09
1436 2.580945e-09
1437 0.000000e+00
1438 0.000000e+00
1439 0.000000e+00
1440 1.864659e-07
1441 2.085133e-07
1442 2.100928e-07
1443 1.811975e-07
1444 1.338744e-07
1445 9.843172e-08
1446 6.979941e-08
1447 3.964442e-08
1448 2.238585e-08
1449 1.266432e-08
1450 7.039246e-09
1451 4.094128e-09
1452 0.000000e+00
1453 0.000000e+00
1454 0.000000e+00
1455 5.005842e-08
1456 5.735268e-08
1457 5.992829e-08
1458 5.442364e-08
1459 4.171740e-08
1460 3.013348e-08
1461 2.262826e-08
1462 1.267878e-08
1463 7.579199e-09
1464 4.153800e-09
1465 2.290954e-09
1466 1.279631e-09
1467 0.000000e+00
1468 0.000000e+00
1469 0.000000e+00
1470 1.144179e-07
1471 1.312911e-07
1472 1.374998e-07
1473 1.252944e-07
1474 9.633672e-08
1475 6.954042e-08
1476 5.230427e-08
1477 2.941251e-08
1478 1.765420e-08
1479 9.654094e-09
1480 5.309427e-09
1481 2.958518e-09
1482 0.000000e+00
1483 0.000000e+00
1484 0.000000e+00
1485 5.319408e-08
1486 6.250058e-08
1487 6.776010e-08
1488 6.503970e-08
1489 5.272417e-08
1490 3.804153e-08
1491 2.870054e-08
1492 1.783609e-08
1493 1.085721e-08
1494 5.891570e-09
1495 3.102784e-09
1496 1.674341e-09
1497 9.326098e-10
1498 0.000000e+00
1499 0.000000e+00
1500 1.109684e-04
1501 8.086786e-05
1502 6.035546e-05
1503 3.805236e-05
1504 2.321989e-05
1505 1.369104e-05
1506 8.324421e-06
1507 5.304277e-06
1508 3.565556e-06
1509 0.000000e+00
1510 0.000000e+00
1511 0.000000e+00
1512 0.000000e+00
1513 0.000000e+00
1514 0.000000e+00
1515 5.757601e-05
1516 4.644359e-05
1517 3.369791e-05
1518 2.528332e-05
1519 1.597668e-05
1520 9.754545e-06
1521 5.648866e-06
1522 3.364481e-06
1523 2.093966e-06
1524 1.379138e-06
1525 0.000000e+00
1526 0.000000e+00
1527 0.000000e+00
1528 0.000000e+00
1529 0.000000e+00
1530 4.047788e-05
1531 3.713775e-05
1532 2.882267e-05
1533 2.080348e-05
1534 1.566222e-05
1535 9.111532e-06
1536 5.625604e-06
1537 3.225263e-06
1538 1.896511e-06
1539 1.174730e-06
1540 0.000000e+00
1541 0.000000e+00
1542 0.000000e+00
1543 0.000000e+00
1544 0.000000e+00
1545 2.912801e-05
1546 2.891312e-05
1547 2.448503e-05
1548 1.793535e-05
1549 1.328396e-05
1550 9.154542e-06
1551 5.351144e-06
1552 3.053081e-06
1553 1.771954e-06
1554 1.042590e-06
1555 6.506122e-07
1556 0.000000e+00
1557 0.000000e+00
1558 0.000000e+00
1559 0.000000e+00
1560 2.085098e-05
1561 2.179680e-05
1562 1.983793e-05
1563 1.524768e-05
1564 1.100576e-05
1565 8.274949e-06
1566 4.689296e-06
1567 2.850415e-06
1568 1.602925e-06
1569 9.233707e-07
1570 5.506294e-07
1571 0.000000e+00
1572 0.000000e+00
1573 0.000000e+00
1574 0.000000e+00
1575 1.487210e-05
1576 1.614453e-05
1577 1.554949e-05
1578 1.266314e-05
1579 9.143013e-06
1580 6.883420e-06
1581 4.347301e-06
1582 2.655947e-06
1583 1.474901e-06
1584 8.112783e-07
1585 4.673052e-07
1586 2.832009e-07
1587 0.000000e+00
1588 0.000000e+00
1589 0.000000e+00
1590 1.001028e-05
1591 1.119728e-05
1592 1.128693e-05
1593 9.739022e-06
1594 7.195644e-06
1595 5.289411e-06
1596 3.755371e-06
1597 2.130464e-06
1598 1.202339e-06
1599 6.811759e-07
1600 3.783133e-07
1601 2.200058e-07
1602 0.000000e+00
1603 0.000000e+00
1604 0.000000e+00
1605 6.201116e-06
1606 7.118100e-06
1607 7.458527e-06
1608 6.801106e-06
1609 5.231433e-06
1610 3.775220e-06
1611 2.841823e-06
1612 1.597077e-06
1613 9.596537e-07
1614 5.242846e-07
1615 2.885232e-07
1616 1.606418e-07
1617 0.000000e+00
1618 0.000000e+00
1619 0.000000e+00
1620 3.163407e-06
1621 3.720115e-06
1622 4.038202e-06
1623 3.883392e-06
1624 3.154630e-06
1625 2.276770e-06
1626 1.716871e-06
1627 1.071974e-06
1628 6.518364e-07
1629 3.538249e-07
1630 1.861971e-07
1631 1.003484e-07
1632 5.578990e-08
1633 0.000000e+00
1634 0.000000e+00
1635 8.891198e-07
1636 1.072208e-06
1637 1.206146e-06
1638 1.224576e-06
1639 1.066696e-06
1640 7.933436e-07
1641 5.815894e-07
1642 4.169104e-07
1643 2.343421e-07
1644 1.314261e-07
1645 7.164692e-08
1646 3.730540e-08
1647 1.958823e-08
1648 0.000000e+00
1649 0.000000e+00
