0 2.276128e-09
1 1.481073e-09
2 9.321395e-10
3 5.868470e-10
4 3.769014e-10
5 2.477929e-10
6 1.647318e-10
7 1.082343e-10
8 6.866034e-11
9 4.130882e-11
10 2.333406e-11
11 1.235429e-11
12 6.170754e-12
13 2.940323e-12
14 1.353243e-12
15 3.862471e-09
16 2.572824e-09
17 1.637826e-09
18 1.021022e-09
19 6.451196e-10
20 4.173296e-10
21 2.758220e-10
22 1.828842e-10
23 1.186794e-10
24 7.373049e-11
25 4.318449e-11
26 2.369059e-11
27 1.219901e-11
28 5.949526e-12
29 2.782175e-12
30 4.415226e-09
31 2.961031e-09
32 1.895782e-09
33 1.181165e-09
34 7.432455e-10
35 4.782315e-10
36 3.150145e-10
37 2.089902e-10
38 1.362287e-10
39 8.529307e-11
40 5.045568e-11
41 2.797541e-11
42 1.454505e-11
43 7.150340e-12
44 3.362621e-12
45 4.733609e-09
46 3.184866e-09
47 2.044640e-09
48 1.273700e-09
49 7.999510e-10
50 5.134298e-10
51 3.376795e-10
52 2.240061e-10
53 1.463387e-10
54 9.195367e-11
55 5.464232e-11
56 3.044017e-11
57 1.590002e-11
58 7.844924e-12
59 3.699086e-12
60 4.947067e-09
61 3.335154e-09
62 2.144435e-09
63 1.335774e-09
64 8.379730e-10
65 5.371037e-10
66 3.528988e-10
67 2.341285e-10
68 1.531143e-10
69 9.643091e-11
70 5.746878e-11
71 3.210985e-11
72 1.681201e-11
73 8.311640e-12
74 3.925962e-12
75 5.107401e-09
76 3.447648e-09
77 2.219391e-09
78 1.382280e-09
79 8.665125e-10
80 5.548556e-10
81 3.642935e-10
82 2.416991e-10
83 1.582418e-10
84 9.980818e-11
85 5.957541e-11
86 3.335024e-11
87 1.749567e-11
88 8.662282e-12
89 4.095241e-12
90 5.237177e-09
91 3.539090e-09
92 2.280084e-09
93 1.420276e-09
94 8.897521e-10
95 5.692268e-10
96 3.735674e-10
97 2.478628e-10
98 1.623925e-10
99 1.025359e-10
100 6.130112e-11
101 3.436629e-11
102 1.805195e-11
103 8.947314e-12
104 4.233348e-12
105 5.351524e-09
106 3.619051e-09
107 2.333724e-09
108 1.453556e-09
109 9.100697e-10
110 5.818693e-10
111 3.816700e-10
112 2.532566e-10
113 1.659496e-10
114 1.048862e-10
115 6.277482e-11
116 3.524872e-11
117 1.853971e-11
118 9.197296e-12
119 4.351177e-12
120 5.459795e-09
121 3.695561e-09
122 2.384548e-09
123 1.485035e-09
124 9.293764e-10
125 5.938244e-10
126 3.893275e-10
127 2.583745e-10
128 1.694448e-10
129 1.071883e-10
130 6.423402e-11
131 3.609412e-11
132 1.900047e-11
133 9.433624e-12
134 4.468982e-12
135 5.583438e-09
136 3.782077e-09
137 2.442729e-09
138 1.521270e-09
139 9.515343e-10
140 6.076433e-10
141 3.982261e-10
142 2.642086e-10
143 1.734097e-10
144 1.098208e-10
145 6.588103e-11
146 3.706569e-11
147 1.953402e-11
148 9.705200e-12
149 4.600435e-12
150 8.075900e-09
151 5.568822e-09
152 3.663686e-09
153 2.291877e-09
154 1.420360e-09
155 8.946554e-10
156 5.794175e-10
157 3.831164e-10
158 2.533194e-10
159 1.632453e-10
160 1.003023e-10
161 5.794213e-11
162 3.131025e-11
163 1.588639e-11
164 7.647026e-12
165 1.014306e-08
166 7.081297e-09
167 4.724451e-09
168 2.986899e-09
169 1.842626e-09
170 1.151487e-09
171 7.377771e-10
172 4.846296e-10
173 3.208048e-10
174 2.085401e-10
175 1.300637e-10
176 7.655283e-11
177 4.218288e-11
178 2.178510e-11
179 1.063411e-11
180 1.140988e-08
181 8.014817e-09
182 5.380451e-09
183 3.421121e-09
184 2.107910e-09
185 1.312861e-09
186 8.366822e-10
187 5.476769e-10
188 3.624275e-10
189 2.364976e-10
190 1.484771e-10
191 8.812206e-11
192 4.899889e-11
193 2.551940e-11
194 1.254349e-11
195 1.226579e-08
196 8.647050e-09
197 5.825286e-09
198 3.715667e-09
199 2.288183e-09
200 1.422320e-09
201 9.037389e-10
202 5.904856e-10
203 3.907267e-10
204 2.554397e-10
205 1.609523e-10
206 9.597625e-11
207 5.363206e-11
208 2.806053e-11
209 1.384407e-11
210 1.290733e-08
211 9.120580e-09
212 6.158684e-09
213 3.936090e-09
214 2.423336e-09
215 1.504484e-09
216 9.541067e-10
217 6.224946e-10
218 4.118470e-10
219 2.695838e-10
220 1.702892e-10
221 1.018504e-10
222 5.709221e-11
223 2.995724e-11
224 1.481650e-11
225 1.342883e-08
226 9.505013e-09
227 6.428856e-09
228 4.115521e-09
229 2.532923e-09
230 1.571074e-09
231 9.948486e-10
232 6.484965e-10
233 4.290327e-10
234 2.811044e-10
235 1.778599e-10
236 1.066046e-10
237 5.989846e-11
238 3.149874e-11
239 1.560615e-11
240 1.388129e-08
241 9.838931e-09
242 6.664575e-09
243 4.271926e-09
244 2.628807e-09
245 1.629337e-09
246 1.030387e-09
247 6.710626e-10
248 4.440213e-10
249 2.911446e-10
250 1.844666e-10
251 1.107691e-10
252 6.235585e-11
253 3.284621e-11
254 1.629002e-11
255 1.431286e-08
256 1.015760e-08
257 6.889075e-09
258 4.420563e-09
259 2.719540e-09
260 1.684278e-09
261 1.064183e-09
262 6.925830e-10
263 4.582555e-10
264 3.006818e-10
265 1.907490e-10
266 1.147215e-10
267 6.468719e-11
268 3.412149e-11
269 1.694667e-11
270 1.481320e-08
271 1.052747e-08
272 7.149075e-09
273 4.592490e-09
274 2.824667e-09
275 1.748666e-09
276 1.103780e-09
277 7.177347e-10
278 4.747524e-10
279 3.117512e-10
280 1.980563e-10
281 1.193089e-10
282 6.738929e-11
283 3.560664e-11
284 1.770744e-11
285 1.366700e-08
286 9.727330e-09
287 6.608179e-09
288 4.265408e-09
289 2.629887e-09
290 1.628509e-09
291 1.026595e-09
292 6.657716e-10
293 4.391047e-10
294 2.877732e-10
295 1.827358e-10
296 1.102499e-10
297 6.246992e-11
298 3.314325e-11
299 1.654873e-11
300 1.608650e-08
301 1.158184e-08
302 7.940435e-09
303 5.184018e-09
304 3.209055e-09
305 1.977382e-09
306 1.236805e-09
307 7.958254e-10
308 5.228940e-10
309 3.434433e-10
310 2.197982e-10
311 1.342085e-10
312 7.714160e-11
313 4.153057e-11
314 2.100787e-11
315 1.776380e-08
316 1.287709e-08
317 8.873938e-09
318 5.830384e-09
319 3.620044e-09
320 2.224284e-09
321 1.385901e-09
322 8.877464e-10
323 5.818416e-10
324 3.824683e-10
325 2.457569e-10
326 1.510207e-10
327 8.747629e-11
328 4.746816e-11
329 2.418260e-11
330 1.902733e-08
331 1.385289e-08
332 9.575255e-09
333 6.314697e-09
334 3.929157e-09
335 2.410311e-09
336 1.498057e-09
337 9.569175e-10
338 6.262989e-10
339 4.118415e-10
340 2.652738e-10
341 1.636596e-10
342 9.524967e-11
343 5.193813e-11
344 2.657440e-11
345 2.005112e-08
346 1.464365e-08
347 1.014660e-08
348 6.710412e-09
349 4.180041e-09
350 2.561294e-09
351 1.588999e-09
352 1.013006e-09
353 6.621810e-10
354 4.356110e-10
355 2.811089e-10
356 1.739145e-10
357 1.015529e-10
358 5.556356e-11
359 2.851455e-11
360 2.094493e-08
361 1.533441e-08
362 1.064490e-08
363 7.053741e-09
364 4.398639e-09
365 2.693100e-09
366 1.668333e-09
367 1.061912e-09
368 6.935441e-10
369 4.563905e-10
370 2.949146e-10
371 1.828553e-10
372 1.070507e-10
373 5.872215e-11
374 3.020441e-11
375 2.179010e-08
376 1.598714e-08
377 1.111493e-08
378 7.379614e-09
379 4.605430e-09
380 2.817700e-09
381 1.743508e-09
382 1.108208e-09
383 7.232496e-10
384 4.760557e-10
385 3.080053e-10
386 1.913295e-10
387 1.122594e-10
388 6.171584e-11
389 3.180583e-11
390 2.277821e-08
391 1.675117e-08
392 1.166514e-08
393 7.760232e-09
394 4.847883e-09
395 2.964093e-09
396 1.831735e-09
397 1.162614e-09
398 7.580154e-10
399 4.991075e-10
400 3.233339e-10
401 2.012594e-10
402 1.183661e-10
403 6.522106e-11
404 3.368213e-11
405 1.968588e-08
406 1.443078e-08
407 1.001686e-08
408 6.641354e-09
409 4.158117e-09
410 2.546681e-09
411 1.579226e-09
412 1.003896e-09
413 6.542780e-10
414 4.296521e-10
415 2.771931e-10
416 1.717613e-10
417 1.006227e-10
418 5.530216e-11
419 2.852238e-11
420 2.235616e-08
421 1.658174e-08
422 1.160134e-08
423 7.756777e-09
424 4.898590e-09
425 2.992479e-09
426 1.847549e-09
427 1.165648e-09
428 7.553429e-10
429 4.953433e-10
430 3.207519e-10
431 2.003280e-10
432 1.186257e-10
433 6.598702e-11
434 3.443556e-11
435 2.438796e-08
436 1.822934e-08
437 1.281607e-08
438 8.615453e-09
439 5.469632e-09
440 3.337557e-09
441 2.055560e-09
442 1.290654e-09
443 8.334233e-10
444 5.459174e-10
445 3.542364e-10
446 2.222854e-10
447 1.324834e-10
448 7.423536e-11
449 3.901690e-11
450 2.604881e-08
451 1.956842e-08
452 1.380746e-08
453 9.314820e-09
454 5.934283e-09
455 3.619256e-09
456 2.224579e-09
457 1.392554e-09
458 8.967113e-10
459 5.870303e-10
460 3.814516e-10
461 2.401307e-10
462 1.437467e-10
463 8.093943e-11
464 4.274207e-11
465 2.749201e-08
466 2.073873e-08
467 1.467219e-08
468 9.922980e-09
469 6.339832e-09
470 3.865026e-09
471 2.371966e-09
472 1.481294e-09
473 9.521540e-10
474 6.229293e-10
475 4.052058e-10
476 2.557062e-10
477 1.535785e-10
478 8.679363e-11
479 4.599532e-11
480 2.885740e-08
481 2.184084e-08
482 1.548946e-08
483 1.049879e-08
484 6.723904e-09
485 4.097059e-09
486 2.511722e-09
487 1.565174e-09
488 1.004474e-09
489 6.568524e-10
490 4.276867e-10
491 2.704459e-10
492 1.628793e-10
493 9.232458e-11
494 4.906733e-11
495 3.045619e-08
496 2.313398e-08
497 1.644461e-08
498 1.117343e-08
499 7.172503e-09
500 4.368634e-09
501 2.674992e-09
502 1.663527e-09
503 1.065732e-09
504 6.965563e-10
505 4.539567e-10
506 2.876536e-10
507 1.737521e-10
508 9.880184e-11
509 5.266662e-11
510 2.602852e-08
511 1.963395e-08
512 1.389423e-08
513 9.386871e-09
514 6.007601e-09
515 3.670222e-09
516 2.254476e-09
517 1.407814e-09
518 9.040966e-10
519 5.905327e-10
520 3.834362e-10
521 2.416003e-10
522 1.449881e-10
523 8.195039e-11
524 4.347622e-11
525 2.895222e-08
526 2.209441e-08
527 1.576175e-08
528 1.072063e-08
529 6.921127e-09
530 4.236005e-09
531 2.593158e-09
532 1.608735e-09
533 1.026915e-09
534 6.684615e-10
535 4.344653e-10
536 2.751548e-10
537 1.664882e-10
538 9.505981e-11
539 5.097158e-11
540 3.135155e-08
541 2.411843e-08
542 1.730161e-08
543 1.182349e-08
544 7.676240e-09
545 4.706522e-09
546 2.873654e-09
547 1.775527e-09
548 1.128360e-09
549 7.328466e-10
550 4.765580e-10
551 3.028151e-10
552 1.842183e-10
553 1.058842e-10
554 5.717374e-11
555 3.344379e-08
556 2.588479e-08
557 1.864796e-08
558 1.278475e-08
559 8.335765e-09
560 5.116414e-09
561 3.118857e-09
562 1.921301e-09
563 1.217191e-09
564 7.890696e-10
565 5.133014e-10
566 3.269580e-10
567 1.996942e-10
568 1.153333e-10
569 6.258869e-11
570 3.542817e-08
571 2.756061e-08
572 1.992520e-08
573 1.369799e-08
574 8.962554e-09
575 5.506314e-09
576 3.351812e-09
577 2.059592e-09
578 1.301485e-09
579 8.424623e-10
580 5.482086e-10
581 3.498912e-10
582 2.143934e-10
583 1.243091e-10
584 6.773298e-11
585 3.775362e-08
586 2.951923e-08
587 2.141735e-08
588 1.476445e-08
589 9.692279e-09
590 5.960743e-09
591 3.623350e-09
592 2.220782e-09
593 1.399698e-09
594 9.046634e-10
595 5.888686e-10
596 3.766125e-10
597 2.315234e-10
598 1.347679e-10
599 7.372666e-11
600 3.279533e-08
601 2.542620e-08
602 1.835166e-08
603 1.258903e-08
604 8.220122e-09
605 5.062179e-09
606 3.084177e-09
607 1.899279e-09
608 1.201570e-09
609 7.775487e-10
610 5.050735e-10
611 3.214952e-10
612 1.964131e-10
613 1.135868e-10
614 6.177871e-11
615 3.604503e-08
616 2.826848e-08
617 2.058086e-08
618 1.420639e-08
619 9.347268e-09
620 5.787882e-09
621 3.514762e-09
622 2.154785e-09
623 1.354347e-09
624 8.723011e-10
625 5.660383e-10
626 3.613831e-10
627 2.221820e-10
628 1.295996e-10
629 7.117863e-11
630 3.889994e-08
631 3.077118e-08
632 2.255021e-08
633 1.563383e-08
634 1.034397e-08
635 6.430641e-09
636 3.896828e-09
637 2.381462e-09
638 1.489932e-09
639 9.561192e-10
640 6.198842e-10
641 3.965811e-10
642 2.449189e-10
643 1.437373e-10
644 7.948846e-11
645 4.160623e-08
646 3.314427e-08
647 2.441746e-08
648 1.699037e-08
649 1.128993e-08
650 7.040959e-09
651 4.259281e-09
652 2.596864e-09
653 1.618496e-09
654 1.035668e-09
655 6.709908e-10
656 4.299845e-10
657 2.664942e-10
658 1.571530e-10
659 8.737351e-11
660 4.477631e-08
661 3.591704e-08
662 2.659961e-08
663 1.857345e-08
664 1.239340e-08
665 7.753342e-09
666 4.682752e-09
667 2.847918e-09
668 1.768521e-09
669 1.128515e-09
670 7.306137e-10
671 4.689600e-10
672 2.916722e-10
673 1.728085e-10
674 9.657637e-11
675 4.020486e-08
676 3.201213e-08
677 2.359654e-08
678 1.642168e-08
679 1.090728e-08
680 6.819224e-09
681 4.128150e-09
682 2.519302e-09
683 1.569374e-09
684 1.003183e-09
685 6.489821e-10
686 4.152468e-10
687 2.570746e-10
688 1.515275e-10
689 8.428168e-11
690 4.395668e-08
691 3.540651e-08
692 2.635814e-08
693 1.845972e-08
694 1.234520e-08
695 7.776159e-09
696 4.700915e-09
697 2.859735e-09
698 1.769556e-09
699 1.124333e-09
700 7.252958e-10
701 4.646379e-10
702 2.890304e-10
703 1.716422e-10
704 9.633999e-11
705 4.752118e-08
706 3.864694e-08
707 2.899093e-08
708 2.041133e-08
709 1.372152e-08
710 8.693311e-09
711 5.250644e-09
712 3.186059e-09
713 1.961459e-09
714 1.240368e-09
715 7.983388e-10
716 5.118469e-10
717 3.195584e-10
718 1.908606e-10
719 1.078729e-10
720 5.169490e-08
721 4.243425e-08
722 3.206172e-08
723 2.268678e-08
724 1.532595e-08
725 9.763310e-09
726 5.892227e-09
727 3.567244e-09
728 2.185265e-09
729 1.375818e-09
730 8.834938e-10
731 5.668933e-10
732 3.551582e-10
733 2.132702e-10
734 1.213216e-10
735 4.870647e-08
736 3.983534e-08
737 3.005234e-08
738 2.124593e-08
739 1.432605e-08
740 9.124583e-09
741 5.521403e-09
742 3.346116e-09
743 2.052464e-09
744 1.292850e-09
745 8.295201e-10
746 5.312418e-10
747 3.320115e-10
748 1.988882e-10
749 1.129218e-10
750 5.333495e-08
751 4.417384e-08
752 3.370652e-08
753 2.401438e-08
754 1.629880e-08
755 1.047169e-08
756 6.348880e-09
757 3.835124e-09
758 2.336984e-09
759 1.461722e-09
760 9.333719e-10
761 5.972678e-10
762 3.744973e-10
763 2.258171e-10
764 1.293494e-10
765 5.875863e-08
766 4.926185e-08
767 3.797978e-08
768 2.725887e-08
769 1.861354e-08
770 1.205382e-08
771 7.322670e-09
772 4.410724e-09
773 2.671414e-09
774 1.660169e-09
775 1.055249e-09
776 6.747029e-10
777 4.243036e-10
778 2.573799e-10
779 1.486091e-10
780 5.926890e-08
781 4.989631e-08
782 3.867322e-08
783 2.787662e-08
784 1.908212e-08
785 1.240429e-08
786 7.572350e-09
787 4.553635e-09
788 2.753816e-09
789 1.705227e-09
790 1.079880e-09
791 6.886782e-10
792 4.327705e-10
793 2.628163e-10
794 1.521816e-10
795 6.637726e-08
796 5.678626e-08
797 4.468904e-08
798 3.259066e-08
799 2.249408e-08
800 1.477802e-08
801 9.090408e-09
802 5.445057e-09
803 3.272287e-09
804 2.006625e-09
805 1.260128e-09
806 8.004419e-10
807 5.036841e-10
808 3.077454e-10
809 1.799268e-10
810 7.616873e-08
811 6.661767e-08
812 5.365913e-08
813 3.990571e-08
814 2.790833e-08
815 1.859855e-08
816 1.163555e-08
817 6.952584e-09
818 4.153848e-09
819 2.509271e-09
820 1.551699e-09
821 9.754372e-10
822 6.120763e-10
823 3.757645e-10
824 2.221556e-10
825 5.163251e-07
826 3.771379e-07
827 2.794696e-07
828 1.741117e-07
829 1.060454e-07
830 6.281816e-08
831 3.835183e-08
832 2.459732e-08
833 1.660120e-08
834 0.000000e+00
835 0.000000e+00
836 0.000000e+00
837 0.000000e+00
838 0.000000e+00
839 0.000000e+00
840 7.609823e-07
841 5.559658e-07
842 4.124049e-07
843 2.596397e-07
844 1.577850e-07
845 9.335859e-08
846 5.689818e-08
847 3.636740e-08
848 2.448284e-08
849 0.000000e+00
850 0.000000e+00
851 0.000000e+00
852 0.000000e+00
853 0.000000e+00
854 0.000000e+00
855 9.034708e-07
856 6.601393e-07
857 4.898344e-07
858 3.095543e-07
859 1.879543e-07
860 1.111685e-07
861 6.771198e-08
862 4.322638e-08
863 2.907417e-08
864 0.000000e+00
865 0.000000e+00
866 0.000000e+00
867 0.000000e+00
868 0.000000e+00
869 0.000000e+00
870 9.993278e-07
871 7.302182e-07
872 5.419243e-07
873 3.431341e-07
874 2.082519e-07
875 1.231503e-07
876 7.498702e-08
877 4.784112e-08
878 3.216291e-08
879 0.000000e+00
880 0.000000e+00
881 0.000000e+00
882 0.000000e+00
883 0.000000e+00
884 0.000000e+00
885 1.071193e-06
886 7.827614e-07
887 5.809742e-07
888 3.683088e-07
889 2.234694e-07
890 1.321335e-07
891 8.044121e-08
892 5.130076e-08
893 3.447879e-08
894 0.000000e+00
895 0.000000e+00
896 0.000000e+00
897 0.000000e+00
898 0.000000e+00
899 0.000000e+00
900 1.129439e-06
901 8.253442e-07
902 6.126261e-07
903 3.887123e-07
904 2.358020e-07
905 1.394142e-07
906 8.486152e-08
907 5.410480e-08
908 3.635564e-08
909 0.000000e+00
910 0.000000e+00
911 0.000000e+00
912 0.000000e+00
913 0.000000e+00
914 0.000000e+00
915 1.180268e-06
916 8.625041e-07
917 6.402459e-07
918 4.065191e-07
919 2.465652e-07
920 1.457672e-07
921 8.871918e-08
922 5.655163e-08
923 3.799350e-08
924 0.000000e+00
925 0.000000e+00
926 0.000000e+00
927 0.000000e+00
928 0.000000e+00
929 0.000000e+00
930 1.228460e-06
931 8.977376e-07
932 6.664337e-07
933 4.234011e-07
934 2.567693e-07
935 1.517905e-07
936 9.237652e-08
937 5.887147e-08
938 3.954628e-08
939 0.000000e+00
940 0.000000e+00
941 0.000000e+00
942 0.000000e+00
943 0.000000e+00
944 0.000000e+00
945 1.284683e-06
946 9.388454e-07
947 6.969857e-07
948 4.430983e-07
949 2.686743e-07
950 1.588185e-07
951 9.664394e-08
952 6.157795e-08
953 4.135810e-08
954 0.000000e+00
955 0.000000e+00
956 0.000000e+00
957 0.000000e+00
958 0.000000e+00
959 0.000000e+00
960 3.390877e-07
961 2.701436e-07
962 1.959722e-07
963 1.469566e-07
964 9.097860e-08
965 5.567749e-08
966 3.236199e-08
967 1.935002e-08
968 1.212433e-08
969 8.026130e-09
970 0.000000e+00
971 0.000000e+00
972 0.000000e+00
973 0.000000e+00
974 0.000000e+00
975 5.202151e-07
976 4.171497e-07
977 3.028871e-07
978 2.269307e-07
979 1.422248e-07
980 8.671809e-08
981 5.036840e-08
982 3.007749e-08
983 1.878107e-08
984 1.239823e-08
985 0.000000e+00
986 0.000000e+00
987 0.000000e+00
988 0.000000e+00
989 0.000000e+00
990 6.448121e-07
991 5.183993e-07
992 3.765467e-07
993 2.820115e-07
994 1.775998e-07
995 1.081224e-07
996 6.278599e-08
997 3.747520e-08
998 2.336911e-08
999 1.541004e-08
1000 0.000000e+00
1001 0.000000e+00
1002 0.000000e+00
1003 0.000000e+00
1004 0.000000e+00
1005 7.382357e-07
1006 5.943126e-07
1007 4.317715e-07
1008 3.233096e-07
1009 2.041234e-07
1010 1.241698e-07
1011 7.209649e-08
1012 4.302199e-08
1013 2.680897e-08
1014 1.766814e-08
1015 0.000000e+00
1016 0.000000e+00
1017 0.000000e+00
1018 0.000000e+00
1019 0.000000e+00
1020 8.139596e-07
1021 6.558390e-07
1022 4.765327e-07
1023 3.567807e-07
1024 2.256220e-07
1025 1.371778e-07
1026 7.964314e-08
1027 4.751755e-08
1028 2.959718e-08
1029 1.949827e-08
1030 0.000000e+00
1031 0.000000e+00
1032 0.000000e+00
1033 0.000000e+00
1034 0.000000e+00
1035 8.800254e-07
1036 7.095243e-07
1037 5.155916e-07
1038 3.859857e-07
1039 2.443794e-07
1040 1.485270e-07
1041 8.622743e-08
1042 5.144028e-08
1043 3.202995e-08
1044 2.109535e-08
1045 0.000000e+00
1046 0.000000e+00
1047 0.000000e+00
1048 0.000000e+00
1049 0.000000e+00
1050 9.426736e-07
1051 7.604327e-07
1052 5.526249e-07
1053 4.136780e-07
1054 2.621647e-07
1055 1.592896e-07
1056 9.247120e-08
1057 5.515972e-08
1058 3.433673e-08
1059 2.260959e-08
1060 0.000000e+00
1061 0.000000e+00
1062 0.000000e+00
1063 0.000000e+00
1064 0.000000e+00
1065 1.015768e-06
1066 8.198310e-07
1067 5.958365e-07
1068 4.459927e-07
1069 2.829175e-07
1070 1.718473e-07
1071 9.975607e-08
1072 5.949995e-08
1073 3.702828e-08
1074 2.437647e-08
1075 0.000000e+00
1076 0.000000e+00
1077 0.000000e+00
1078 0.000000e+00
1079 0.000000e+00
1080 2.001762e-07
1081 1.821122e-07
1082 1.403460e-07
1083 1.014879e-07
1084 7.605611e-08
1085 4.398413e-08
1086 2.696212e-08
1087 1.554303e-08
1088 9.188678e-09
1089 5.715673e-09
1090 0.000000e+00
1091 0.000000e+00
1092 0.000000e+00
1093 0.000000e+00
1094 0.000000e+00
1095 3.304028e-07
1096 3.018238e-07
1097 2.334897e-07
1098 1.687427e-07
1099 1.266326e-07
1100 7.361127e-08
1101 4.523487e-08
1102 2.601896e-08
1103 1.533108e-08
1104 9.516109e-09
1105 0.000000e+00
1106 0.000000e+00
1107 0.000000e+00
1108 0.000000e+00
1109 0.000000e+00
1110 4.306282e-07
1111 3.940345e-07
1112 3.052905e-07
1113 2.205838e-07
1114 1.656232e-07
1115 9.648073e-08
1116 5.934318e-08
1117 3.410489e-08
1118 2.006901e-08
1119 1.244631e-08
1120 0.000000e+00
1121 0.000000e+00
1122 0.000000e+00
1123 0.000000e+00
1124 0.000000e+00
1125 5.118675e-07
1126 4.687719e-07
1127 3.634880e-07
1128 2.626035e-07
1129 1.972257e-07
1130 1.150174e-07
1131 7.077884e-08
1132 4.065897e-08
1133 2.390921e-08
1134 1.482137e-08
1135 0.000000e+00
1136 0.000000e+00
1137 0.000000e+00
1138 0.000000e+00
1139 0.000000e+00
1140 5.827486e-07
1141 5.339873e-07
1142 4.142683e-07
1143 2.992682e-07
1144 2.248018e-07
1145 1.311919e-07
1146 8.075741e-08
1147 4.637790e-08
1148 2.726008e-08
1149 1.689370e-08
1150 0.000000e+00
1151 0.000000e+00
1152 0.000000e+00
1153 0.000000e+00
1154 0.000000e+00
1155 6.499630e-07
1156 5.958254e-07
1157 4.624212e-07
1158 3.340351e-07
1159 2.509506e-07
1160 1.465295e-07
1161 9.021925e-08
1162 5.180077e-08
1163 3.043750e-08
1164 1.885873e-08
1165 0.000000e+00
1166 0.000000e+00
1167 0.000000e+00
1168 0.000000e+00
1169 0.000000e+00
1170 7.283846e-07
1171 6.679733e-07
1172 5.186008e-07
1173 3.745984e-07
1174 2.814577e-07
1175 1.644239e-07
1176 1.012585e-07
1177 5.812754e-08
1178 3.414473e-08
1179 2.115149e-08
1180 0.000000e+00
1181 0.000000e+00
1182 0.000000e+00
1183 0.000000e+00
1184 0.000000e+00
1185 1.334610e-07
1186 1.317690e-07
1187 1.108434e-07
1188 8.098344e-08
1189 6.015263e-08
1190 4.090948e-08
1191 2.413030e-08
1192 1.375021e-08
1193 7.949797e-09
1194 4.697029e-09
1195 2.941673e-09
1196 0.000000e+00
1197 0.000000e+00
1198 0.000000e+00
1199 0.000000e+00
1200 2.310937e-07
1201 2.287616e-07
1202 1.930984e-07
1203 1.413051e-07
1204 1.048002e-07
1205 7.173675e-08
1206 4.212079e-08
1207 2.403252e-08
1208 1.391212e-08
1209 8.206080e-09
1210 5.129596e-09
1211 0.000000e+00
1212 0.000000e+00
1213 0.000000e+00
1214 0.000000e+00
1215 3.123233e-07
1216 3.095006e-07
1217 2.616148e-07
1218 1.915694e-07
1219 1.419927e-07
1220 9.744475e-08
1221 5.711212e-08
1222 3.260332e-08
1223 1.888243e-08
1224 1.113064e-08
1225 6.952521e-09
1226 0.000000e+00
1227 0.000000e+00
1228 0.000000e+00
1229 0.000000e+00
1230 3.831935e-07
1231 3.799432e-07
1232 3.213903e-07
1233 2.354215e-07
1234 1.744400e-07
1235 1.198757e-07
1236 7.019122e-08
1237 4.008120e-08
1238 2.321897e-08
1239 1.368230e-08
1240 8.542871e-09
1241 0.000000e+00
1242 0.000000e+00
1243 0.000000e+00
1244 0.000000e+00
1245 4.503977e-07
1246 4.467362e-07
1247 3.780737e-07
1248 2.770046e-07
1249 2.052095e-07
1250 1.411454e-07
1251 8.259382e-08
1252 4.717229e-08
1253 2.733118e-08
1254 1.610194e-08
1255 1.005098e-08
1256 0.000000e+00
1257 0.000000e+00
1258 0.000000e+00
1259 0.000000e+00
1260 5.288015e-07
1261 5.246659e-07
1262 4.442070e-07
1263 3.255223e-07
1264 2.411084e-07
1265 1.659601e-07
1266 9.706421e-08
1267 5.544503e-08
1268 3.212871e-08
1269 1.892488e-08
1270 1.181051e-08
1271 0.000000e+00
1272 0.000000e+00
1273 0.000000e+00
1274 0.000000e+00
1275 9.621004e-08
1276 1.001973e-07
1277 9.070021e-08
1278 6.940740e-08
1279 5.016778e-08
1280 3.758396e-08
1281 2.124250e-08
1282 1.283282e-08
1283 7.249489e-09
1284 4.186114e-09
1285 2.505637e-09
1286 0.000000e+00
1287 0.000000e+00
1288 0.000000e+00
1289 0.000000e+00
1290 1.734903e-07
1291 1.810257e-07
1292 1.643328e-07
1293 1.260679e-07
1294 9.106897e-08
1295 6.832340e-08
1296 3.871696e-08
1297 2.345935e-08
1298 1.322534e-08
1299 7.620059e-09
1300 4.552832e-09
1301 0.000000e+00
1302 0.000000e+00
1303 0.000000e+00
1304 0.000000e+00
1305 2.424635e-07
1306 2.531894e-07
1307 2.301014e-07
1308 1.766983e-07
1309 1.276149e-07
1310 9.579449e-08
1311 5.434251e-08
1312 3.296556e-08
1313 1.856968e-08
1314 1.068970e-08
1315 6.382329e-09
1316 0.000000e+00
1317 0.000000e+00
1318 0.000000e+00
1319 0.000000e+00
1320 3.078577e-07
1321 3.216065e-07
1322 2.924568e-07
1323 2.247029e-07
1324 1.622652e-07
1325 1.218404e-07
1326 6.915697e-08
1327 4.197839e-08
1328 2.363663e-08
1329 1.359998e-08
1330 8.116900e-09
1331 0.000000e+00
1332 0.000000e+00
1333 0.000000e+00
1334 0.000000e+00
1335 3.841561e-07
1336 4.014323e-07
1337 3.652105e-07
1338 2.807097e-07
1339 2.026908e-07
1340 1.522281e-07
1341 8.644124e-08
1342 5.249408e-08
1343 2.954836e-08
1344 1.699550e-08
1345 1.014064e-08
1346 0.000000e+00
1347 0.000000e+00
1348 0.000000e+00
1349 0.000000e+00
1350 7.362746e-08
1351 7.970740e-08
1352 7.645235e-08
1353 6.197273e-08
1354 4.471234e-08
1355 3.370388e-08
1356 2.106769e-08
1357 1.291310e-08
1358 7.169104e-09
1359 3.947918e-09
1360 2.281241e-09
1361 1.387034e-09
1362 0.000000e+00
1363 0.000000e+00
1364 0.000000e+00
1365 1.384715e-07
1366 1.501311e-07
1367 1.443303e-07
1368 1.173119e-07
1369 8.468861e-08
1370 6.378183e-08
1371 4.011588e-08
1372 2.452289e-08
1373 1.361718e-08
1374 7.502092e-09
1375 4.325921e-09
1376 2.624980e-09
1377 0.000000e+00
1378 0.000000e+00
1379 0.000000e+00
1380 2.010031e-07
1381 2.180563e-07
1382 2.098198e-07
1383 1.707216e-07
1384 1.232755e-07
1385 9.281020e-08
1386 5.851418e-08
1387 3.573215e-08
1388 1.984300e-08
1389 1.093430e-08
1390 6.299816e-09
1391 3.819753e-09
1392 0.000000e+00
1393 0.000000e+00
1394 0.000000e+00
1395 2.739546e-07
1396 2.973002e-07
1397 2.862206e-07
1398 2.330303e-07
1399 1.682909e-07
1400 1.266749e-07
1401 7.997821e-08
1402 4.880901e-08
1403 2.710609e-08
1404 1.493828e-08
1405 8.602574e-09
1406 5.213599e-09
1407 0.000000e+00
1408 0.000000e+00
1409 0.000000e+00
1410 5.973865e-08
1411 6.667926e-08
1412 6.699734e-08
1413 5.756171e-08
1414 4.243409e-08
1415 3.125130e-08
1416 2.202404e-08
1417 1.256281e-08
1418 7.073854e-09
1419 4.002660e-09
1420 2.226365e-09
1421 1.298239e-09
1422 0.000000e+00
1423 0.000000e+00
1424 0.000000e+00
1425 1.179225e-07
1426 1.317950e-07
1427 1.326863e-07
1428 1.143114e-07
1429 8.440279e-08
1430 6.208697e-08
1431 4.394884e-08
1432 2.499235e-08
1433 1.410080e-08
1434 7.977796e-09
1435 4.435168e-09
1436 2.581497e-09
1437 0.000000e+00
1438 0.000000e+00
1439 0.000000e+00
1440 1.864659e-07
1441 2.085133e-07
1442 2.100928e-07
1443 1.811975e-07
1444 1.338744e-07
1445 9.843172e-08
1446 6.979941e-08
1447 3.964442e-08
1448 2.238585e-08
1449 1.266432e-08
1450 7.039246e-09
1451 4.094128e-09
1452 0.000000e+00
1453 0.000000e+00
1454 0.000000e+00
1455 5.176572e-08
1456 5.932570e-08
1457 6.201635e-08
1458 5.635613e-08
1459 4.322439e-08
1460 3.121832e-08
1461 2.344962e-08
1462 1.314880e-08
1463 7.866265e-09
1464 4.309393e-09
1465 2.375350e-09
1466 1.326174e-09
1467 0.000000e+00
1468 0.000000e+00
1469 0.000000e+00
1470 1.144185e-07
1471 1.312918e-07
1472 1.375006e-07
1473 1.252951e-07
1474 9.633730e-08
1475 6.954084e-08
1476 5.230459e-08
1477 2.941270e-08
1478 1.765432e-08
1479 9.654156e-09
1480 5.309460e-09
1481 2.958536e-09
1482 0.000000e+00
1483 0.000000e+00
1484 0.000000e+00
1485 5.374508e-08
1486 6.315444e-08
1487 6.847905e-08
1488 6.574593e-08
1489 5.331157e-08
1490 3.846782e-08
1491 2.901944e-08
1492 1.804635e-08
1493 1.098182e-08
1494 5.959464e-09
1495 3.138997e-09
1496 1.693497e-09
1497 9.430296e-10
1498 0.000000e+00
1499 0.000000e+00
1500 1.109684e-04
1501 8.086786e-05
1502 6.035546e-05
1503 3.805236e-05
1504 2.321989e-05
1505 1.369104e-05
1506 8.324421e-06
1507 5.304277e-06
1508 3.565556e-06
1509 0.000000e+00
1510 0.000000e+00
1511 0.000000e+00
1512 0.000000e+00
1513 0.000000e+00
1514 0.000000e+00
1515 5.757601e-05
1516 4.644359e-05
1517 3.369791e-05
1518 2.528332e-05
1519 1.597668e-05
1520 9.754545e-06
1521 5.648866e-06
1522 3.364481e-06
1523 2.093966e-06
1524 1.379138e-06
1525 0.000000e+00
1526 0.000000e+00
1527 0.000000e+00
1528 0.000000e+00
1529 0.000000e+00
1530 4.047788e-05
1531 3.713775e-05
1532 2.882267e-05
1533 2.080348e-05
1534 1.566222e-05
1535 9.111532e-06
1536 5.625604e-06
1537 3.225263e-06
1538 1.896511e-06
1539 1.174730e-06
1540 0.000000e+00
1541 0.000000e+00
1542 0.000000e+00
1543 0.000000e+00
1544 0.000000e+00
1545 2.912801e-05
1546 2.891312e-05
1547 2.448503e-05
1548 1.793535e-05
1549 1.328396e-05
1550 9.154542e-06
1551 5.351144e-06
1552 3.053081e-06
1553 1.771954e-06
1554 1.042590e-06
1555 6.506122e-07
1556 0.000000e+00
1557 0.000000e+00
1558 0.000000e+00
1559 0.000000e+00
1560 2.085098e-05
1561 2.179680e-05
1562 1.983793e-05
1563 1.524768e-05
1564 1.100576e-05
1565 8.274949e-06
1566 4.689296e-06
1567 2.850415e-06
1568 1.602925e-06
1569 9.233707e-07
1570 5.506294e-07
1571 0.000000e+00
1572 0.000000e+00
1573 0.000000e+00
1574 0.000000e+00
1575 1.487210e-05
1576 1.614453e-05
1577 1.554949e-05
1578 1.266314e-05
1579 9.143013e-06
1580 6.883420e-06
1581 4.347301e-06
1582 2.655947e-06
1583 1.474901e-06
1584 8.112783e-07
1585 4.673052e-07
1586 2.832009e-07
1587 0.000000e+00
1588 0.000000e+00
1589 0.000000e+00
1590 1.001028e-05
1591 1.119728e-05
1592 1.128693e-05
1593 9.739022e-06
1594 7.195644e-06
1595 5.289411e-06
1596 3.755371e-06
1597 2.130464e-06
1598 1.202339e-06
1599 6.811759e-07
1600 3.783133e-07
1601 2.200058e-07
1602 0.000000e+00
1603 0.000000e+00
1604 0.000000e+00
1605 6.201116e-06
1606 7.118100e-06
1607 7.458527e-06
1608 6.801106e-06
1609 5.231433e-06
1610 3.775220e-06
1611 2.841823e-06
1612 1.597077e-06
1613 9.596537e-07
1614 5.242846e-07
1615 2.885232e-07
1616 1.606418e-07
1617 0.000000e+00
1618 0.000000e+00
1619 0.000000e+00
1620 3.163407e-06
1621 3.720115e-06
1622 4.038202e-06
1623 3.883392e-06
1624 3.154630e-06
1625 2.276770e-06
1626 1.716871e-06
1627 1.071974e-06
1628 6.518364e-07
1629 3.538249e-07
1630 1.861971e-07
1631 1.003484e-07
1632 5.578990e-08
1633 0.000000e+00
1634 0.000000e+00
1635 8.891198e-07
1636 1.072208e-06
1637 1.206146e-06
1638 1.224576e-06
1639 1.066696e-06
1640 7.933436e-07
1641 5.815894e-07
1642 4.169104e-07
1643 2.343421e-07
1644 1.314261e-07
1645 7.164692e-08
1646 3.730540e-08
1647 1.958823e-08
1648 0.000000e+00
1649 0.000000e+00
