0 2.256785e-09
1 1.467619e-09
2 9.233395e-10
3 5.814371e-10
4 3.735727e-10
5 2.457072e-10
6 1.633745e-10
7 1.073248e-10
8 6.804828e-11
9 4.090828e-11
10 2.308576e-11
11 1.221057e-11
12 6.093401e-12
13 2.901356e-12
14 1.334621e-12
15 3.812171e-09
16 2.537039e-09
17 1.613662e-09
18 1.005902e-09
19 6.358695e-10
20 4.116005e-10
21 2.722064e-10
22 1.804977e-10
23 1.170667e-10
24 7.266137e-11
25 4.250112e-11
26 2.328069e-11
27 1.197029e-11
28 5.830818e-12
29 2.724142e-12
30 4.375410e-09
31 2.932204e-09
32 1.875715e-09
33 1.168302e-09
34 7.354436e-10
35 4.734844e-10
36 3.120582e-10
37 2.070716e-10
38 1.349428e-10
39 8.442915e-11
40 4.989196e-11
41 2.762742e-11
42 1.434506e-11
43 7.043623e-12
44 3.309383e-12
45 4.686867e-09
46 3.150874e-09
47 2.020868e-09
48 1.258339e-09
49 7.906337e-10
50 5.077680e-10
51 3.341714e-10
52 2.217418e-10
53 1.448249e-10
54 9.093488e-11
55 5.397432e-11
56 3.002549e-11
57 1.565998e-11
58 7.716155e-12
59 3.634413e-12
60 4.895626e-09
61 3.297653e-09
62 2.118131e-09
63 1.318711e-09
64 8.276186e-10
65 5.308160e-10
66 3.490157e-10
67 2.316265e-10
68 1.514447e-10
69 9.530667e-11
70 5.672990e-11
71 3.164991e-11
72 1.654455e-11
73 8.167555e-12
74 3.853369e-12
75 5.052482e-09
76 3.407539e-09
77 2.191177e-09
78 1.363941e-09
79 8.553880e-10
80 5.481033e-10
81 3.601235e-10
82 2.390216e-10
83 1.564568e-10
84 9.860607e-11
85 5.878432e-11
86 3.285643e-11
87 1.720814e-11
88 8.507005e-12
89 4.016857e-12
90 5.138258e-09
91 3.469069e-09
92 2.232498e-09
93 1.389801e-09
94 8.710330e-10
95 5.576381e-10
96 3.662432e-10
97 2.430972e-10
98 1.592378e-10
99 1.004655e-10
100 5.998733e-11
101 3.357615e-11
102 1.760675e-11
103 8.712980e-12
104 4.117300e-12
105 5.291256e-09
106 3.574937e-09
107 2.302673e-09
108 1.433281e-09
109 8.977765e-10
110 5.744155e-10
111 3.770802e-10
112 2.503104e-10
113 1.639869e-10
114 1.035640e-10
115 6.190370e-11
116 3.470300e-11
117 1.822100e-11
118 9.024688e-12
119 4.263917e-12
120 5.397175e-09
121 3.649697e-09
122 2.352243e-09
123 1.463932e-09
124 9.165731e-10
125 5.860602e-10
126 3.845480e-10
127 2.553111e-10
128 1.674040e-10
129 1.058143e-10
130 6.332723e-11
131 3.552629e-11
132 1.866830e-11
133 9.253448e-12
134 4.377869e-12
135 5.518047e-09
136 3.734185e-09
137 2.408955e-09
138 1.499170e-09
139 9.381315e-10
140 5.995151e-10
141 3.932268e-10
142 2.610074e-10
143 1.712788e-10
144 1.083845e-10
145 6.493381e-11
146 3.647123e-11
147 1.918599e-11
148 9.516309e-12
149 4.504766e-12
150 7.909557e-09
151 5.446672e-09
152 3.578329e-09
153 2.235950e-09
154 1.386431e-09
155 8.740013e-10
156 5.666851e-10
157 3.749593e-10
158 2.478957e-10
159 1.596017e-10
160 9.790580e-11
161 5.644409e-11
162 3.043517e-11
163 1.541094e-11
164 7.406488e-12
165 9.999089e-09
166 6.973345e-09
167 4.647521e-09
168 2.934633e-09
169 1.810545e-09
170 1.132038e-09
171 7.260234e-10
172 4.772441e-10
173 3.159687e-10
174 2.053079e-10
175 1.279127e-10
176 7.517528e-11
177 4.135332e-11
178 2.132096e-11
179 1.039274e-11
180 1.122229e-08
181 7.872354e-09
182 5.278293e-09
183 3.350762e-09
184 2.064281e-09
185 1.286499e-09
186 8.208213e-10
187 5.378170e-10
188 3.560735e-10
189 2.322300e-10
190 1.456275e-10
191 8.628155e-11
192 4.787708e-11
193 2.488333e-11
194 1.220860e-11
195 1.204713e-08
196 8.479654e-09
197 5.704866e-09
198 3.632315e-09
199 2.236275e-09
200 1.390970e-09
201 8.848880e-10
202 5.788248e-10
203 3.831976e-10
204 2.504209e-10
205 1.576000e-10
206 9.380212e-11
207 5.229816e-11
208 2.729925e-11
209 1.344067e-11
210 1.266499e-08
211 8.934707e-09
212 6.025155e-09
213 3.842756e-09
214 2.365093e-09
215 1.469297e-09
216 9.330014e-10
217 6.094813e-10
218 4.034869e-10
219 2.640232e-10
220 1.665406e-10
221 9.942604e-11
222 5.560510e-11
223 2.910406e-11
224 1.436278e-11
225 1.306296e-08
226 9.229748e-09
227 6.233631e-09
228 3.982377e-09
229 2.449696e-09
230 1.520595e-09
231 9.641663e-10
232 6.293259e-10
233 4.166141e-10
234 2.728772e-10
235 1.724300e-10
236 1.031457e-10
237 5.781191e-11
238 3.032301e-11
239 1.498780e-11
240 1.360322e-08
241 9.624448e-09
242 6.509465e-09
243 4.163366e-09
244 2.560681e-09
245 1.588254e-09
246 1.005821e-09
247 6.559589e-10
248 4.343316e-10
249 2.847027e-10
250 1.801536e-10
251 1.079511e-10
252 6.061883e-11
253 3.184630e-11
254 1.575599e-11
255 1.401929e-08
256 9.930581e-09
257 6.724919e-09
258 4.305845e-09
259 2.647225e-09
260 1.640827e-09
261 1.038158e-09
262 6.765808e-10
263 4.480015e-10
264 2.938680e-10
265 1.861853e-10
266 1.117439e-10
267 6.284528e-11
268 3.305911e-11
269 1.637858e-11
270 1.450232e-08
271 1.028582e-08
272 6.974284e-09
273 4.469994e-09
274 2.747346e-09
275 1.702178e-09
276 1.075949e-09
277 7.006789e-10
278 4.638388e-10
279 3.044989e-10
280 1.931951e-10
281 1.161449e-10
282 6.542457e-11
283 3.447074e-11
284 1.709848e-11
285 1.365144e-08
286 9.713745e-09
287 6.597969e-09
288 4.257928e-09
289 2.624540e-09
290 1.625383e-09
291 1.024729e-09
292 6.646800e-10
293 4.384485e-10
294 2.873571e-10
295 1.824590e-10
296 1.100629e-10
297 6.234643e-11
298 3.306618e-11
299 1.650422e-11
300 1.606391e-08
301 1.156158e-08
302 7.924887e-09
303 5.172697e-09
304 3.200771e-09
305 1.972488e-09
306 1.233841e-09
307 7.941102e-10
308 5.218781e-10
309 3.428079e-10
310 2.193803e-10
311 1.339270e-10
312 7.695478e-11
313 4.141252e-11
314 2.093851e-11
315 1.772777e-08
316 1.284437e-08
317 8.848555e-09
318 5.811920e-09
319 3.606457e-09
320 2.216140e-09
321 1.380971e-09
322 8.849031e-10
323 5.801622e-10
324 3.814274e-10
325 2.450764e-10
326 1.505635e-10
327 8.717240e-11
328 4.727514e-11
329 2.406838e-11
330 1.897959e-08
331 1.380927e-08
332 9.541055e-09
333 6.289823e-09
334 3.910896e-09
335 2.399255e-09
336 1.491365e-09
337 9.530692e-10
338 6.240306e-10
339 4.104397e-10
340 2.643622e-10
341 1.630480e-10
342 9.484287e-11
343 5.167910e-11
344 2.641977e-11
345 1.983470e-08
346 1.447496e-08
347 1.002502e-08
348 6.627304e-09
349 4.124835e-09
350 2.527591e-09
351 1.568295e-09
352 1.000307e-09
353 6.541864e-10
354 4.304643e-10
355 2.777789e-10
356 1.717978e-10
357 1.002571e-10
358 5.481035e-11
359 2.810235e-11
360 2.087894e-08
361 1.527377e-08
362 1.059732e-08
363 7.019142e-09
364 4.373073e-09
365 2.677531e-09
366 1.658917e-09
367 1.056494e-09
368 6.903631e-10
369 4.544314e-10
370 2.936418e-10
371 1.820026e-10
372 1.064832e-10
373 5.835996e-11
374 2.998839e-11
375 2.171612e-08
376 1.591905e-08
377 1.106145e-08
378 7.340708e-09
379 4.576660e-09
380 2.800164e-09
381 1.732897e-09
382 1.102111e-09
383 7.196674e-10
384 4.738515e-10
385 3.065743e-10
386 1.903709e-10
387 1.116217e-10
388 6.130863e-11
389 3.156288e-11
390 2.269506e-08
391 1.667454e-08
392 1.160486e-08
393 7.716392e-09
394 4.815456e-09
395 2.944276e-09
396 1.819752e-09
397 1.155722e-09
398 7.539734e-10
399 4.966224e-10
400 3.217218e-10
401 2.001801e-10
402 1.176476e-10
403 6.476199e-11
404 3.340784e-11
405 1.967141e-08
406 1.441695e-08
407 1.000563e-08
408 6.633178e-09
409 4.152018e-09
410 2.542793e-09
411 1.576877e-09
412 1.002557e-09
413 6.535019e-10
414 4.291848e-10
415 2.768950e-10
416 1.715632e-10
417 1.004903e-10
418 5.521638e-11
419 2.846989e-11
420 2.233494e-08
421 1.656106e-08
422 1.158416e-08
423 7.744221e-09
424 4.889249e-09
425 2.986275e-09
426 1.843866e-09
427 1.163540e-09
428 7.541240e-10
429 4.946170e-10
430 3.202945e-10
431 2.000266e-10
432 1.184244e-10
433 6.585590e-11
434 3.435468e-11
435 2.435286e-08
436 1.819484e-08
437 1.278707e-08
438 8.594153e-09
439 5.453846e-09
440 3.326884e-09
441 2.049271e-09
442 1.287038e-09
443 8.313339e-10
444 5.446805e-10
445 3.534617e-10
446 2.217774e-10
447 1.321447e-10
448 7.401421e-11
449 3.887978e-11
450 2.579405e-08
451 1.936578e-08
452 1.365791e-08
453 9.211464e-09
454 5.865428e-09
455 3.575684e-09
456 2.198211e-09
457 1.376458e-09
458 8.866919e-10
459 5.806547e-10
460 3.773540e-10
461 2.375251e-10
462 1.421399e-10
463 7.999265e-11
464 4.221374e-11
465 2.743238e-08
466 2.067970e-08
467 1.462226e-08
468 9.886206e-09
469 6.312601e-09
470 3.846353e-09
471 2.361031e-09
472 1.474959e-09
473 9.485165e-10
474 6.207822e-10
475 4.038654e-10
476 2.548319e-10
477 1.529964e-10
478 8.641293e-11
479 4.575882e-11
480 2.878701e-08
481 2.177104e-08
482 1.543016e-08
483 1.045499e-08
484 6.691555e-09
485 4.074799e-09
486 2.498698e-09
487 1.557633e-09
488 1.000132e-09
489 6.542919e-10
490 4.260956e-10
491 2.694077e-10
492 1.621884e-10
493 9.187253e-11
494 4.878569e-11
495 3.037294e-08
496 2.305133e-08
497 1.637428e-08
498 1.112143e-08
499 7.134119e-09
500 4.342153e-09
501 2.659517e-09
502 1.654559e-09
503 1.060569e-09
504 6.935138e-10
505 4.520681e-10
506 2.864223e-10
507 1.729328e-10
508 9.826568e-11
509 5.233234e-11
510 2.601468e-08
511 1.961988e-08
512 1.388192e-08
513 9.377654e-09
514 6.000863e-09
515 3.665361e-09
516 2.251698e-09
517 1.406184e-09
518 9.031606e-10
519 5.899871e-10
520 3.831028e-10
521 2.413855e-10
522 1.448457e-10
523 8.185669e-11
524 4.341707e-11
525 2.893153e-08
526 2.207310e-08
527 1.574272e-08
528 1.070618e-08
529 6.910624e-09
530 4.228282e-09
531 2.588736e-09
532 1.606095e-09
533 1.025415e-09
534 6.675952e-10
535 4.339425e-10
536 2.748216e-10
537 1.662686e-10
538 9.491514e-11
539 5.087961e-11
540 3.106727e-08
541 2.389034e-08
542 1.713130e-08
543 1.170440e-08
544 7.597009e-09
545 4.655641e-09
546 2.843036e-09
547 1.756744e-09
548 1.116748e-09
549 7.255042e-10
550 4.718603e-10
551 2.998319e-10
552 1.823755e-10
553 1.047934e-10
554 5.656041e-11
555 3.339406e-08
556 2.583304e-08
557 1.860108e-08
558 1.274870e-08
559 8.309630e-09
560 5.097033e-09
561 3.107618e-09
562 1.914535e-09
563 1.213367e-09
564 7.868825e-10
565 5.119941e-10
566 3.261326e-10
567 1.991531e-10
568 1.149770e-10
569 6.236117e-11
570 3.536469e-08
571 2.749443e-08
572 1.986510e-08
573 1.365166e-08
574 8.928979e-09
575 5.481384e-09
576 3.337316e-09
577 2.050845e-09
578 1.296548e-09
579 8.396451e-10
580 5.465275e-10
581 3.488317e-10
582 2.136994e-10
583 1.238523e-10
584 6.744106e-11
585 3.767400e-08
586 2.943612e-08
587 2.134171e-08
588 1.470604e-08
589 9.649960e-09
590 5.929287e-09
591 3.605023e-09
592 2.209725e-09
593 1.393463e-09
594 9.011055e-10
595 5.867482e-10
596 3.752778e-10
597 2.306499e-10
598 1.341929e-10
599 7.335905e-11
600 3.278227e-08
601 2.541233e-08
602 1.833879e-08
603 1.257889e-08
604 8.212808e-09
605 5.056668e-09
606 3.080907e-09
607 1.897275e-09
608 1.200452e-09
609 7.769203e-10
610 5.047042e-10
611 3.212661e-10
612 1.962645e-10
613 1.134890e-10
614 6.171572e-11
615 3.573832e-08
616 2.802213e-08
617 2.039676e-08
618 1.407704e-08
619 9.261106e-09
620 5.732950e-09
621 3.481347e-09
622 2.134318e-09
623 1.341722e-09
624 8.643294e-10
625 5.609358e-10
626 3.581409e-10
627 2.201783e-10
628 1.284136e-10
629 7.051220e-11
630 3.886365e-08
631 3.073202e-08
632 2.251281e-08
633 1.560358e-08
634 1.032209e-08
635 6.414204e-09
636 3.886544e-09
637 2.375238e-09
638 1.486464e-09
639 9.541842e-10
640 6.187670e-10
641 3.959012e-10
642 2.444842e-10
643 1.434529e-10
644 7.930451e-11
645 4.155361e-08
646 3.308720e-08
647 2.436275e-08
648 1.694593e-08
649 1.125773e-08
650 7.016808e-09
651 4.244040e-09
652 2.587665e-09
653 1.613369e-09
654 1.032808e-09
655 6.693441e-10
656 4.289857e-10
657 2.658573e-10
658 1.567368e-10
659 8.710418e-11
660 4.470397e-08
661 3.583868e-08
662 2.652431e-08
663 1.851210e-08
664 1.234894e-08
665 7.720006e-09
666 4.661589e-09
667 2.835178e-09
668 1.761418e-09
669 1.124558e-09
670 7.283364e-10
671 4.675815e-10
672 2.907947e-10
673 1.722355e-10
674 9.620549e-11
675 3.955626e-08
676 3.149211e-08
677 2.321003e-08
678 1.615092e-08
679 1.072676e-08
680 6.705426e-09
681 4.058906e-09
682 2.477119e-09
683 1.543245e-09
684 9.865830e-10
685 6.383013e-10
686 4.084308e-10
687 2.528529e-10
688 1.490301e-10
689 8.288359e-11
690 4.358674e-08
691 3.510231e-08
692 2.612598e-08
693 1.829376e-08
694 1.223294e-08
695 7.703901e-09
696 4.656351e-09
697 2.832836e-09
698 1.753147e-09
699 1.114081e-09
700 7.187934e-10
701 4.605110e-10
702 2.864642e-10
703 1.701048e-10
704 9.546205e-11
705 4.710435e-08
706 3.829622e-08
707 2.871690e-08
708 2.021173e-08
709 1.358487e-08
710 8.603883e-09
711 5.194703e-09
712 3.152576e-09
713 1.941248e-09
714 1.227917e-09
715 7.905440e-10
716 5.069328e-10
717 3.164976e-10
718 1.890097e-10
719 1.067994e-10
720 5.122219e-08
721 4.202800e-08
722 3.173753e-08
723 2.244677e-08
724 1.515998e-08
725 9.653210e-09
726 5.822538e-09
727 3.525805e-09
728 2.160461e-09
729 1.360716e-09
730 8.741447e-10
731 5.610339e-10
732 3.515043e-10
733 2.110436e-10
734 1.200134e-10
735 4.869518e-08
736 3.982255e-08
737 3.003922e-08
738 2.123431e-08
739 1.431731e-08
740 9.118221e-09
741 5.516738e-09
742 3.343504e-09
743 2.050947e-09
744 1.292004e-09
745 8.290511e-10
746 5.309746e-10
747 3.318509e-10
748 1.987870e-10
749 1.128566e-10
750 5.331256e-08
751 4.414830e-08
752 3.368000e-08
753 2.399050e-08
754 1.628059e-08
755 1.045849e-08
756 6.339068e-09
757 3.829599e-09
758 2.333712e-09
759 1.459917e-09
760 9.323783e-10
761 5.967090e-10
762 3.741666e-10
763 2.256112e-10
764 1.292176e-10
765 5.871066e-08
766 4.920694e-08
767 3.792246e-08
768 2.720687e-08
769 1.857362e-08
770 1.202495e-08
771 7.301103e-09
772 4.398495e-09
773 2.664127e-09
774 1.656162e-09
775 1.053054e-09
776 6.734752e-10
777 4.235820e-10
778 2.569335e-10
779 1.483243e-10
780 5.925832e-08
781 4.988401e-08
782 3.866007e-08
783 2.786428e-08
784 1.907234e-08
785 1.239725e-08
786 7.567024e-09
787 4.550487e-09
788 2.751890e-09
789 1.704182e-09
790 1.079323e-09
791 6.883732e-10
792 4.325968e-10
793 2.627120e-10
794 1.521163e-10
795 6.634963e-08
796 5.675388e-08
797 4.465408e-08
798 3.255729e-08
799 2.246717e-08
800 1.475860e-08
801 9.075762e-09
802 5.436042e-09
803 3.266816e-09
804 2.003655e-09
805 1.258552e-09
806 7.995895e-10
807 5.032069e-10
808 3.074641e-10
809 1.797531e-10
810 7.615653e-08
811 6.660304e-08
812 5.364281e-08
813 3.988934e-08
814 2.789431e-08
815 1.858822e-08
816 1.162793e-08
817 6.947261e-09
818 4.150810e-09
819 2.507589e-09
820 1.550786e-09
821 9.749597e-10
822 6.118225e-10
823 3.756242e-10
824 2.220740e-10
825 5.061769e-07
826 3.697197e-07
827 2.739549e-07
828 1.705561e-07
829 1.038960e-07
830 6.154952e-08
831 3.758170e-08
832 2.410896e-08
833 1.627423e-08
834 0.000000e+00
835 0.000000e+00
836 0.000000e+00
837 0.000000e+00
838 0.000000e+00
839 0.000000e+00
840 7.609742e-07
841 5.559598e-07
842 4.124004e-07
843 2.596365e-07
844 1.577831e-07
845 9.335750e-08
846 5.689752e-08
847 3.636700e-08
848 2.448258e-08
849 0.000000e+00
850 0.000000e+00
851 0.000000e+00
852 0.000000e+00
853 0.000000e+00
854 0.000000e+00
855 9.034708e-07
856 6.601393e-07
857 4.898344e-07
858 3.095543e-07
859 1.879543e-07
860 1.111685e-07
861 6.771198e-08
862 4.322638e-08
863 2.907417e-08
864 0.000000e+00
865 0.000000e+00
866 0.000000e+00
867 0.000000e+00
868 0.000000e+00
869 0.000000e+00
870 9.993278e-07
871 7.302182e-07
872 5.419243e-07
873 3.431341e-07
874 2.082519e-07
875 1.231503e-07
876 7.498702e-08
877 4.784112e-08
878 3.216291e-08
879 0.000000e+00
880 0.000000e+00
881 0.000000e+00
882 0.000000e+00
883 0.000000e+00
884 0.000000e+00
885 1.071193e-06
886 7.827614e-07
887 5.809742e-07
888 3.683088e-07
889 2.234694e-07
890 1.321335e-07
891 8.044121e-08
892 5.130076e-08
893 3.447879e-08
894 0.000000e+00
895 0.000000e+00
896 0.000000e+00
897 0.000000e+00
898 0.000000e+00
899 0.000000e+00
900 1.120459e-06
901 8.187824e-07
902 6.077555e-07
903 3.856219e-07
904 2.339273e-07
905 1.383058e-07
906 8.418685e-08
907 5.367465e-08
908 3.606661e-08
909 0.000000e+00
910 0.000000e+00
911 0.000000e+00
912 0.000000e+00
913 0.000000e+00
914 0.000000e+00
915 1.180268e-06
916 8.625041e-07
917 6.402459e-07
918 4.065191e-07
919 2.465652e-07
920 1.457672e-07
921 8.871918e-08
922 5.655163e-08
923 3.799350e-08
924 0.000000e+00
925 0.000000e+00
926 0.000000e+00
927 0.000000e+00
928 0.000000e+00
929 0.000000e+00
930 1.228460e-06
931 8.977376e-07
932 6.664337e-07
933 4.234011e-07
934 2.567693e-07
935 1.517905e-07
936 9.237652e-08
937 5.887147e-08
938 3.954628e-08
939 0.000000e+00
940 0.000000e+00
941 0.000000e+00
942 0.000000e+00
943 0.000000e+00
944 0.000000e+00
945 1.284683e-06
946 9.388454e-07
947 6.969857e-07
948 4.430983e-07
949 2.686743e-07
950 1.588185e-07
951 9.664394e-08
952 6.157795e-08
953 4.135810e-08
954 0.000000e+00
955 0.000000e+00
956 0.000000e+00
957 0.000000e+00
958 0.000000e+00
959 0.000000e+00
960 3.381636e-07
961 2.693635e-07
962 1.954017e-07
963 1.465332e-07
964 9.068808e-08
965 5.550648e-08
966 3.226266e-08
967 1.929100e-08
968 1.208841e-08
969 8.002874e-09
970 0.000000e+00
971 0.000000e+00
972 0.000000e+00
973 0.000000e+00
974 0.000000e+00
975 5.201900e-07
976 4.171280e-07
977 3.028711e-07
978 2.269189e-07
979 1.422164e-07
980 8.671326e-08
981 5.036558e-08
982 3.007581e-08
983 1.878006e-08
984 1.239758e-08
985 0.000000e+00
986 0.000000e+00
987 0.000000e+00
988 0.000000e+00
989 0.000000e+00
990 6.448120e-07
991 5.183992e-07
992 3.765467e-07
993 2.820115e-07
994 1.775998e-07
995 1.081223e-07
996 6.278599e-08
997 3.747520e-08
998 2.336911e-08
999 1.541004e-08
1000 0.000000e+00
1001 0.000000e+00
1002 0.000000e+00
1003 0.000000e+00
1004 0.000000e+00
1005 7.382357e-07
1006 5.943126e-07
1007 4.317715e-07
1008 3.233096e-07
1009 2.041234e-07
1010 1.241698e-07
1011 7.209649e-08
1012 4.302199e-08
1013 2.680897e-08
1014 1.766814e-08
1015 0.000000e+00
1016 0.000000e+00
1017 0.000000e+00
1018 0.000000e+00
1019 0.000000e+00
1020 8.074884e-07
1021 6.506249e-07
1022 4.727441e-07
1023 3.539442e-07
1024 2.238283e-07
1025 1.360872e-07
1026 7.900995e-08
1027 4.713977e-08
1028 2.936188e-08
1029 1.934326e-08
1030 0.000000e+00
1031 0.000000e+00
1032 0.000000e+00
1033 0.000000e+00
1034 0.000000e+00
1035 8.800254e-07
1036 7.095243e-07
1037 5.155916e-07
1038 3.859857e-07
1039 2.443794e-07
1040 1.485270e-07
1041 8.622743e-08
1042 5.144028e-08
1043 3.202995e-08
1044 2.109535e-08
1045 0.000000e+00
1046 0.000000e+00
1047 0.000000e+00
1048 0.000000e+00
1049 0.000000e+00
1050 9.426736e-07
1051 7.604327e-07
1052 5.526249e-07
1053 4.136780e-07
1054 2.621647e-07
1055 1.592896e-07
1056 9.247120e-08
1057 5.515972e-08
1058 3.433673e-08
1059 2.260959e-08
1060 0.000000e+00
1061 0.000000e+00
1062 0.000000e+00
1063 0.000000e+00
1064 0.000000e+00
1065 1.015768e-06
1066 8.198310e-07
1067 5.958365e-07
1068 4.459927e-07
1069 2.829175e-07
1070 1.718473e-07
1071 9.975607e-08
1072 5.949995e-08
1073 3.702828e-08
1074 2.437647e-08
1075 0.000000e+00
1076 0.000000e+00
1077 0.000000e+00
1078 0.000000e+00
1079 0.000000e+00
1080 1.991034e-07
1081 1.811039e-07
1082 1.395463e-07
1083 1.009115e-07
1084 7.562058e-08
1085 4.372134e-08
1086 2.679847e-08
1087 1.545021e-08
1088 9.135117e-09
1089 5.682903e-09
1090 0.000000e+00
1091 0.000000e+00
1092 0.000000e+00
1093 0.000000e+00
1094 0.000000e+00
1095 3.303579e-07
1096 3.017809e-07
1097 2.334549e-07
1098 1.687179e-07
1099 1.266138e-07
1100 7.359965e-08
1101 4.522765e-08
1102 2.601493e-08
1103 1.532875e-08
1104 9.514703e-09
1105 0.000000e+00
1106 0.000000e+00
1107 0.000000e+00
1108 0.000000e+00
1109 0.000000e+00
1110 4.306281e-07
1111 3.940344e-07
1112 3.052904e-07
1113 2.205837e-07
1114 1.656231e-07
1115 9.648070e-08
1116 5.934316e-08
1117 3.410488e-08
1118 2.006901e-08
1119 1.244631e-08
1120 0.000000e+00
1121 0.000000e+00
1122 0.000000e+00
1123 0.000000e+00
1124 0.000000e+00
1125 5.077980e-07
1126 4.650451e-07
1127 3.605982e-07
1128 2.605158e-07
1129 1.956577e-07
1130 1.141029e-07
1131 7.021613e-08
1132 4.033572e-08
1133 2.371912e-08
1134 1.470354e-08
1135 0.000000e+00
1136 0.000000e+00
1137 0.000000e+00
1138 0.000000e+00
1139 0.000000e+00
1140 5.827486e-07
1141 5.339873e-07
1142 4.142683e-07
1143 2.992682e-07
1144 2.248018e-07
1145 1.311919e-07
1146 8.075741e-08
1147 4.637790e-08
1148 2.726008e-08
1149 1.689370e-08
1150 0.000000e+00
1151 0.000000e+00
1152 0.000000e+00
1153 0.000000e+00
1154 0.000000e+00
1155 6.499630e-07
1156 5.958254e-07
1157 4.624212e-07
1158 3.340351e-07
1159 2.509506e-07
1160 1.465295e-07
1161 9.021925e-08
1162 5.180077e-08
1163 3.043750e-08
1164 1.885873e-08
1165 0.000000e+00
1166 0.000000e+00
1167 0.000000e+00
1168 0.000000e+00
1169 0.000000e+00
1170 7.283846e-07
1171 6.679733e-07
1172 5.186008e-07
1173 3.745984e-07
1174 2.814577e-07
1175 1.644239e-07
1176 1.012585e-07
1177 5.812754e-08
1178 3.414473e-08
1179 2.115149e-08
1180 0.000000e+00
1181 0.000000e+00
1182 0.000000e+00
1183 0.000000e+00
1184 0.000000e+00
1185 1.323330e-07
1186 1.306337e-07
1187 1.098656e-07
1188 8.026063e-08
1189 5.962140e-08
1190 4.053210e-08
1191 2.391443e-08
1192 1.362601e-08
1193 7.877486e-09
1194 4.654746e-09
1195 2.915536e-09
1196 0.000000e+00
1197 0.000000e+00
1198 0.000000e+00
1199 0.000000e+00
1200 2.310424e-07
1201 2.287099e-07
1202 1.930531e-07
1203 1.412715e-07
1204 1.047755e-07
1205 7.171888e-08
1206 4.211065e-08
1207 2.402672e-08
1208 1.390872e-08
1209 8.204095e-09
1210 5.128378e-09
1211 0.000000e+00
1212 0.000000e+00
1213 0.000000e+00
1214 0.000000e+00
1215 3.098401e-07
1216 3.070399e-07
1217 2.595348e-07
1218 1.900463e-07
1219 1.408637e-07
1220 9.667000e-08
1221 5.665804e-08
1222 3.234411e-08
1223 1.873230e-08
1224 1.104215e-08
1225 6.897244e-09
1226 0.000000e+00
1227 0.000000e+00
1228 0.000000e+00
1229 0.000000e+00
1230 3.831935e-07
1231 3.799432e-07
1232 3.213903e-07
1233 2.354215e-07
1234 1.744400e-07
1235 1.198757e-07
1236 7.019122e-08
1237 4.008120e-08
1238 2.321897e-08
1239 1.368230e-08
1240 8.542871e-09
1241 0.000000e+00
1242 0.000000e+00
1243 0.000000e+00
1244 0.000000e+00
1245 4.503977e-07
1246 4.467362e-07
1247 3.780737e-07
1248 2.770046e-07
1249 2.052095e-07
1250 1.411454e-07
1251 8.259382e-08
1252 4.717229e-08
1253 2.733118e-08
1254 1.610194e-08
1255 1.005098e-08
1256 0.000000e+00
1257 0.000000e+00
1258 0.000000e+00
1259 0.000000e+00
1260 5.288015e-07
1261 5.246659e-07
1262 4.442070e-07
1263 3.255223e-07
1264 2.411084e-07
1265 1.659601e-07
1266 9.706421e-08
1267 5.544503e-08
1268 3.212871e-08
1269 1.892488e-08
1270 1.181051e-08
1271 0.000000e+00
1272 0.000000e+00
1273 0.000000e+00
1274 0.000000e+00
1275 9.512912e-08
1276 9.905681e-08
1277 8.964799e-08
1278 6.858882e-08
1279 4.957825e-08
1280 3.713840e-08
1281 2.098601e-08
1282 1.267499e-08
1283 7.161405e-09
1284 4.136034e-09
1285 2.476012e-09
1286 0.000000e+00
1287 0.000000e+00
1288 0.000000e+00
1289 0.000000e+00
1290 1.720684e-07
1291 1.795414e-07
1292 1.629843e-07
1293 1.250327e-07
1294 9.032122e-08
1295 6.776224e-08
1296 3.839860e-08
1297 2.326628e-08
1298 1.311654e-08
1299 7.557445e-09
1300 4.515439e-09
1301 0.000000e+00
1302 0.000000e+00
1303 0.000000e+00
1304 0.000000e+00
1305 2.424635e-07
1306 2.531894e-07
1307 2.301014e-07
1308 1.766983e-07
1309 1.276149e-07
1310 9.579448e-08
1311 5.434250e-08
1312 3.296556e-08
1313 1.856968e-08
1314 1.068970e-08
1315 6.382328e-09
1316 0.000000e+00
1317 0.000000e+00
1318 0.000000e+00
1319 0.000000e+00
1320 3.078577e-07
1321 3.216065e-07
1322 2.924568e-07
1323 2.247029e-07
1324 1.622652e-07
1325 1.218404e-07
1326 6.915697e-08
1327 4.197839e-08
1328 2.363663e-08
1329 1.359998e-08
1330 8.116900e-09
1331 0.000000e+00
1332 0.000000e+00
1333 0.000000e+00
1334 0.000000e+00
1335 3.841561e-07
1336 4.014323e-07
1337 3.652105e-07
1338 2.807097e-07
1339 2.026908e-07
1340 1.522281e-07
1341 8.644124e-08
1342 5.249408e-08
1343 2.954836e-08
1344 1.699550e-08
1345 1.014064e-08
1346 0.000000e+00
1347 0.000000e+00
1348 0.000000e+00
1349 0.000000e+00
1350 7.211941e-08
1351 7.806529e-08
1352 7.486248e-08
1353 6.067045e-08
1354 4.377037e-08
1355 3.299636e-08
1356 2.061445e-08
1357 1.263834e-08
1358 7.016445e-09
1359 3.863650e-09
1360 2.232954e-09
1361 1.357904e-09
1362 0.000000e+00
1363 0.000000e+00
1364 0.000000e+00
1365 1.384495e-07
1366 1.501066e-07
1367 1.443062e-07
1368 1.172918e-07
1369 8.467389e-08
1370 6.377100e-08
1371 4.010862e-08
1372 2.451858e-08
1373 1.361480e-08
1374 7.500756e-09
1375 4.325161e-09
1376 2.624530e-09
1377 0.000000e+00
1378 0.000000e+00
1379 0.000000e+00
1380 2.010031e-07
1381 2.180563e-07
1382 2.098198e-07
1383 1.707216e-07
1384 1.232755e-07
1385 9.281020e-08
1386 5.851418e-08
1387 3.573215e-08
1388 1.984300e-08
1389 1.093430e-08
1390 6.299816e-09
1391 3.819753e-09
1392 0.000000e+00
1393 0.000000e+00
1394 0.000000e+00
1395 2.739546e-07
1396 2.973002e-07
1397 2.862206e-07
1398 2.330303e-07
1399 1.682909e-07
1400 1.266749e-07
1401 7.997821e-08
1402 4.880901e-08
1403 2.710609e-08
1404 1.493828e-08
1405 8.602574e-09
1406 5.213599e-09
1407 0.000000e+00
1408 0.000000e+00
1409 0.000000e+00
1410 5.902319e-08
1411 6.587391e-08
1412 6.617688e-08
1413 5.684406e-08
1414 4.189960e-08
1415 3.086052e-08
1416 2.174083e-08
1417 1.240435e-08
1418 6.983406e-09
1419 3.951568e-09
1420 2.198026e-09
1421 1.281913e-09
1422 0.000000e+00
1423 0.000000e+00
1424 0.000000e+00
1425 1.179166e-07
1426 1.317883e-07
1427 1.326794e-07
1428 1.143054e-07
1429 8.439824e-08
1430 6.208367e-08
1431 4.394641e-08
1432 2.499100e-08
1433 1.410002e-08
1434 7.977359e-09
1435 4.434926e-09
1436 2.581358e-09
1437 0.000000e+00
1438 0.000000e+00
1439 0.000000e+00
1440 1.864659e-07
1441 2.085133e-07
1442 2.100928e-07
1443 1.811975e-07
1444 1.338744e-07
1445 9.843172e-08
1446 6.979941e-08
1447 3.964442e-08
1448 2.238585e-08
1449 1.266432e-08
1450 7.039246e-09
1451 4.094128e-09
1452 0.000000e+00
1453 0.000000e+00
1454 0.000000e+00
1455 5.133387e-08
1456 5.882666e-08
1457 6.148815e-08
1458 5.586700e-08
1459 4.284323e-08
1460 3.094384e-08
1461 2.324180e-08
1462 1.302989e-08
1463 7.793647e-09
1464 4.270020e-09
1465 2.353998e-09
1466 1.314402e-09
1467 0.000000e+00
1468 0.000000e+00
1469 0.000000e+00
1470 1.144183e-07
1471 1.312916e-07
1472 1.375004e-07
1473 1.252950e-07
1474 9.633715e-08
1475 6.954073e-08
1476 5.230451e-08
1477 2.941265e-08
1478 1.765429e-08
1479 9.654140e-09
1480 5.309451e-09
1481 2.958532e-09
1482 0.000000e+00
1483 0.000000e+00
1484 0.000000e+00
1485 5.360222e-08
1486 6.298490e-08
1487 6.829249e-08
1488 6.556257e-08
1489 5.315904e-08
1490 3.835727e-08
1491 2.893659e-08
1492 1.799182e-08
1493 1.094952e-08
1494 5.941862e-09
1495 3.129609e-09
1496 1.688521e-09
1497 9.403238e-10
1498 0.000000e+00
1499 0.000000e+00
1500 1.109684e-04
1501 8.086786e-05
1502 6.035546e-05
1503 3.805236e-05
1504 2.321989e-05
1505 1.369104e-05
1506 8.324421e-06
1507 5.304277e-06
1508 3.565556e-06
1509 0.000000e+00
1510 0.000000e+00
1511 0.000000e+00
1512 0.000000e+00
1513 0.000000e+00
1514 0.000000e+00
1515 5.757601e-05
1516 4.644359e-05
1517 3.369791e-05
1518 2.528332e-05
1519 1.597668e-05
1520 9.754545e-06
1521 5.648866e-06
1522 3.364481e-06
1523 2.093966e-06
1524 1.379138e-06
1525 0.000000e+00
1526 0.000000e+00
1527 0.000000e+00
1528 0.000000e+00
1529 0.000000e+00
1530 4.047788e-05
1531 3.713775e-05
1532 2.882267e-05
1533 2.080348e-05
1534 1.566222e-05
1535 9.111532e-06
1536 5.625604e-06
1537 3.225263e-06
1538 1.896511e-06
1539 1.174730e-06
1540 0.000000e+00
1541 0.000000e+00
1542 0.000000e+00
1543 0.000000e+00
1544 0.000000e+00
1545 2.912801e-05
1546 2.891312e-05
1547 2.448503e-05
1548 1.793535e-05
1549 1.328396e-05
1550 9.154542e-06
1551 5.351144e-06
1552 3.053081e-06
1553 1.771954e-06
1554 1.042590e-06
1555 6.506122e-07
1556 0.000000e+00
1557 0.000000e+00
1558 0.000000e+00
1559 0.000000e+00
1560 2.085098e-05
1561 2.179680e-05
1562 1.983793e-05
1563 1.524768e-05
1564 1.100576e-05
1565 8.274949e-06
1566 4.689296e-06
1567 2.850415e-06
1568 1.602925e-06
1569 9.233707e-07
1570 5.506294e-07
1571 0.000000e+00
1572 0.000000e+00
1573 0.000000e+00
1574 0.000000e+00
1575 1.487210e-05
1576 1.614453e-05
1577 1.554949e-05
1578 1.266314e-05
1579 9.143013e-06
1580 6.883420e-06
1581 4.347301e-06
1582 2.655947e-06
1583 1.474901e-06
1584 8.112783e-07
1585 4.673052e-07
1586 2.832009e-07
1587 0.000000e+00
1588 0.000000e+00
1589 0.000000e+00
1590 1.001028e-05
1591 1.119728e-05
1592 1.128693e-05
1593 9.739022e-06
1594 7.195644e-06
1595 5.289411e-06
1596 3.755371e-06
1597 2.130464e-06
1598 1.202339e-06
1599 6.811759e-07
1600 3.783133e-07
1601 2.200058e-07
1602 0.000000e+00
1603 0.000000e+00
1604 0.000000e+00
1605 6.201116e-06
1606 7.118100e-06
1607 7.458527e-06
1608 6.801106e-06
1609 5.231433e-06
1610 3.775220e-06
1611 2.841823e-06
1612 1.597077e-06
1613 9.596537e-07
1614 5.242846e-07
1615 2.885232e-07
1616 1.606418e-07
1617 0.000000e+00
1618 0.000000e+00
1619 0.000000e+00
1620 3.163407e-06
1621 3.720115e-06
1622 4.038202e-06
1623 3.883392e-06
1624 3.154630e-06
1625 2.276770e-06
1626 1.716871e-06
1627 1.071974e-06
1628 6.518364e-07
1629 3.538249e-07
1630 1.861971e-07
1631 1.003484e-07
1632 5.578990e-08
1633 0.000000e+00
1634 0.000000e+00
1635 8.891198e-07
1636 1.072208e-06
1637 1.206146e-06
1638 1.224576e-06
1639 1.066696e-06
1640 7.933436e-07
1641 5.815894e-07
1642 4.169104e-07
1643 2.343421e-07
1644 1.314261e-07
1645 7.164692e-08
1646 3.730540e-08
1647 1.958823e-08
1648 0.000000e+00
1649 0.000000e+00
