0 2.261111e-09
1 1.470404e-09
2 9.250920e-10
3 5.825516e-10
4 3.742959e-10
5 2.461864e-10
6 1.636926e-10
7 1.075310e-10
8 6.817702e-11
9 4.098412e-11
10 2.312757e-11
11 1.223233e-11
12 6.104127e-12
13 2.906419e-12
14 1.336940e-12
15 3.815685e-09
16 2.539360e-09
17 1.615149e-09
18 1.006847e-09
19 6.364708e-10
20 4.119922e-10
21 2.724641e-10
22 1.806670e-10
23 1.171741e-10
24 7.272691e-11
25 4.253902e-11
26 2.330125e-11
27 1.198090e-11
28 5.836120e-12
29 2.726608e-12
30 4.379588e-09
31 2.935003e-09
32 1.877529e-09
33 1.169466e-09
34 7.361780e-10
35 4.739570e-10
36 3.123665e-10
37 2.072727e-10
38 1.350727e-10
39 8.450882e-11
40 4.993868e-11
41 2.765354e-11
42 1.435886e-11
43 7.050633e-12
44 3.312733e-12
45 4.691440e-09
46 3.153961e-09
47 2.022865e-09
48 1.259632e-09
49 7.914506e-10
50 5.082913e-10
51 3.345097e-10
52 2.219615e-10
53 1.449666e-10
54 9.102292e-11
55 5.402689e-11
56 3.005475e-11
57 1.567576e-11
58 7.724073e-12
59 3.638328e-12
60 4.900462e-09
61 3.300920e-09
62 2.120255e-09
63 1.320087e-09
64 8.284935e-10
65 5.313762e-10
66 3.493744e-10
67 2.318610e-10
68 1.515952e-10
69 9.540046e-11
70 5.678619e-11
71 3.168134e-11
72 1.656173e-11
73 8.176285e-12
74 3.857726e-12
75 5.057516e-09
76 3.410953e-09
77 2.193442e-09
78 1.365389e-09
79 8.563036e-10
80 5.486897e-10
81 3.605069e-10
82 2.392669e-10
83 1.566139e-10
84 9.870405e-11
85 5.884360e-11
86 3.288988e-11
87 1.722625e-11
88 8.516312e-12
89 4.021478e-12
90 5.184603e-09
91 3.500414e-09
92 2.252707e-09
93 1.402427e-09
94 8.789608e-10
95 5.627107e-10
96 3.695664e-10
97 2.452966e-10
98 1.606766e-10
99 1.013723e-10
100 6.052908e-11
101 3.388015e-11
102 1.776696e-11
103 8.792643e-12
104 4.155138e-12
105 5.296560e-09
106 3.578594e-09
107 2.305059e-09
108 1.434841e-09
109 8.987570e-10
110 5.750386e-10
111 3.774788e-10
112 2.505706e-10
113 1.641541e-10
114 1.036686e-10
115 6.196665e-11
116 3.473937e-11
117 1.824076e-11
118 9.034908e-12
119 4.268988e-12
120 5.402615e-09
121 3.653441e-09
122 2.354680e-09
123 1.465520e-09
124 9.175757e-10
125 5.866994e-10
126 3.849594e-10
127 2.555767e-10
128 1.675765e-10
129 1.059213e-10
130 6.339249e-11
131 3.556331e-11
132 1.868874e-11
133 9.264072e-12
134 4.383101e-12
135 5.523683e-09
136 3.738028e-09
137 2.411470e-09
138 1.500810e-09
139 9.391647e-10
140 6.001756e-10
141 3.936517e-10
142 2.612811e-10
143 1.714555e-10
144 1.084958e-10
145 6.500058e-11
146 3.651006e-11
147 1.920730e-11
148 9.527348e-12
149 4.510250e-12
150 7.910195e-09
151 5.447186e-09
152 3.578695e-09
153 2.236234e-09
154 1.386610e-09
155 8.741111e-10
156 5.667510e-10
157 3.749967e-10
158 2.479189e-10
159 1.596167e-10
160 9.791604e-11
161 5.645113e-11
162 3.043973e-11
163 1.541373e-11
164 7.407999e-12
165 1.000057e-08
166 6.974578e-09
167 4.648425e-09
168 2.935308e-09
169 1.810993e-09
170 1.132292e-09
171 7.261798e-10
172 4.773452e-10
173 3.160255e-10
174 2.053448e-10
175 1.279376e-10
176 7.519215e-11
177 4.136432e-11
178 2.132804e-11
179 1.039649e-11
180 1.122489e-08
181 7.874582e-09
182 5.279938e-09
183 3.351986e-09
184 2.065111e-09
185 1.286989e-09
186 8.211112e-10
187 5.379880e-10
188 3.561777e-10
189 2.322964e-10
190 1.456726e-10
191 8.631209e-11
192 4.789706e-11
193 2.489560e-11
194 1.221555e-11
195 1.205070e-08
196 8.482824e-09
197 5.707122e-09
198 3.633984e-09
199 2.237400e-09
200 1.391649e-09
201 8.852892e-10
202 5.790605e-10
203 3.833410e-10
204 2.505169e-10
205 1.576617e-10
206 9.384382e-11
207 5.232664e-11
208 2.731610e-11
209 1.345025e-11
210 1.266941e-08
211 8.938383e-09
212 6.027876e-09
213 3.844777e-09
214 2.366480e-09
215 1.470124e-09
216 9.334904e-10
217 6.097667e-10
218 4.036467e-10
219 2.641349e-10
220 1.666153e-10
221 9.947654e-11
222 5.563823e-11
223 2.912440e-11
224 1.437437e-11
225 1.317254e-08
226 9.307898e-09
227 6.286702e-09
228 4.016561e-09
229 2.470920e-09
230 1.533706e-09
231 9.724510e-10
232 6.347035e-10
233 4.201515e-10
234 2.751912e-10
235 1.738969e-10
236 1.040298e-10
237 5.831294e-11
238 3.058933e-11
239 1.512122e-11
240 1.360862e-08
241 9.629154e-09
242 6.512915e-09
243 4.165913e-09
244 2.562464e-09
245 1.589300e-09
246 1.006441e-09
247 6.563224e-10
248 4.345518e-10
249 2.848435e-10
250 1.802474e-10
251 1.080147e-10
252 6.066060e-11
253 3.187213e-11
254 1.577075e-11
255 1.402518e-08
256 9.935624e-09
257 6.728681e-09
258 4.308614e-09
259 2.649152e-09
260 1.641969e-09
261 1.038835e-09
262 6.769777e-10
263 4.482417e-10
264 2.940215e-10
265 1.862880e-10
266 1.118133e-10
267 6.289083e-11
268 3.308733e-11
269 1.639469e-11
270 1.450880e-08
271 1.029143e-08
272 6.978419e-09
273 4.473046e-09
274 2.749464e-09
275 1.703430e-09
276 1.076695e-09
277 7.011103e-10
278 4.641030e-10
279 3.046657e-10
280 1.933079e-10
281 1.162211e-10
282 6.547464e-11
283 3.450173e-11
284 1.711621e-11
285 1.365322e-08
286 9.715329e-09
287 6.599166e-09
288 4.258803e-09
289 2.625175e-09
290 1.625752e-09
291 1.024951e-09
292 6.648096e-10
293 4.385259e-10
294 2.874059e-10
295 1.824914e-10
296 1.100847e-10
297 6.236092e-11
298 3.307525e-11
299 1.650950e-11
300 1.606695e-08
301 1.156434e-08
302 7.927029e-09
303 5.174252e-09
304 3.201923e-09
305 1.973172e-09
306 1.234257e-09
307 7.943502e-10
308 5.220193e-10
309 3.428956e-10
310 2.194377e-10
311 1.339656e-10
312 7.698044e-11
313 4.142883e-11
314 2.094818e-11
315 1.773298e-08
316 1.284918e-08
317 8.852331e-09
318 5.814661e-09
319 3.608493e-09
320 2.217374e-09
321 1.381720e-09
322 8.853335e-10
323 5.804166e-10
324 3.815827e-10
325 2.451773e-10
326 1.506311e-10
327 8.721742e-11
328 4.730392e-11
329 2.408559e-11
330 1.898671e-08
331 1.381589e-08
332 9.546442e-09
333 6.293736e-09
334 3.913718e-09
335 2.400985e-09
336 1.492415e-09
337 9.536712e-10
338 6.243831e-10
339 4.106557e-10
340 2.645017e-10
341 1.631414e-10
342 9.490509e-11
343 5.171897e-11
344 2.644436e-11
345 2.000238e-08
346 1.459908e-08
347 1.011180e-08
348 6.685098e-09
349 4.161374e-09
350 2.549994e-09
351 1.582163e-09
352 1.009069e-09
353 6.598646e-10
354 4.341804e-10
355 2.801770e-10
356 1.732895e-10
357 1.011371e-10
358 5.529876e-11
359 2.835711e-11
360 2.088908e-08
361 1.528323e-08
362 1.060485e-08
363 7.024610e-09
364 4.377139e-09
365 2.680048e-09
366 1.660439e-09
367 1.057367e-09
368 6.908729e-10
369 4.547427e-10
370 2.938425e-10
371 1.821367e-10
372 1.065726e-10
373 5.841735e-11
374 3.002293e-11
375 2.172756e-08
376 1.592975e-08
377 1.106997e-08
378 7.346899e-09
379 4.581281e-09
380 2.803018e-09
381 1.734624e-09
382 1.103095e-09
383 7.202454e-10
384 4.742041e-10
385 3.068016e-10
386 1.905231e-10
387 1.117228e-10
388 6.137357e-11
389 3.160187e-11
390 2.270802e-08
391 1.668667e-08
392 1.161453e-08
393 7.723422e-09
394 4.820686e-09
395 2.947526e-09
396 1.821716e-09
397 1.156849e-09
398 7.546305e-10
399 4.970230e-10
400 3.219798e-10
401 2.003522e-10
402 1.177624e-10
403 6.483576e-11
404 3.345231e-11
405 1.967400e-08
406 1.441944e-08
407 1.000767e-08
408 6.634685e-09
409 4.153124e-09
410 2.543506e-09
411 1.577307e-09
412 1.002802e-09
413 6.536436e-10
414 4.292699e-10
415 2.769491e-10
416 1.715990e-10
417 1.005142e-10
418 5.523194e-11
419 2.847960e-11
420 2.233917e-08
421 1.656520e-08
422 1.158763e-08
423 7.746761e-09
424 4.891135e-09
425 2.987546e-09
426 1.844615e-09
427 1.163969e-09
428 7.543721e-10
429 4.947643e-10
430 3.203869e-10
431 2.000873e-10
432 1.184650e-10
433 6.588236e-11
434 3.437106e-11
435 2.436024e-08
436 1.820214e-08
437 1.279326e-08
438 8.598715e-09
439 5.457218e-09
440 3.329196e-09
441 2.050625e-09
442 1.287816e-09
443 8.317848e-10
444 5.449451e-10
445 3.536274e-10
446 2.218856e-10
447 1.322168e-10
448 7.406140e-11
449 3.890916e-11
450 2.601107e-08
451 1.953124e-08
452 1.377612e-08
453 9.291752e-09
454 5.917205e-09
455 3.607643e-09
456 2.217754e-09
457 1.388609e-09
458 8.944408e-10
459 5.856866e-10
460 3.806129e-10
461 2.395816e-10
462 1.433808e-10
463 8.070037e-11
464 4.259364e-11
465 2.744534e-08
466 2.069262e-08
467 1.463320e-08
468 9.894270e-09
469 6.318576e-09
470 3.850538e-09
471 2.363468e-09
472 1.476376e-09
473 9.493201e-10
474 6.212546e-10
475 4.041623e-10
476 2.550232e-10
477 1.531237e-10
478 8.649632e-11
479 4.581065e-11
480 2.880243e-08
481 2.178643e-08
482 1.544336e-08
483 1.046478e-08
484 6.698764e-09
485 4.079828e-09
486 2.501625e-09
487 1.559335e-09
488 1.001110e-09
489 6.548664e-10
490 4.264508e-10
491 2.696386e-10
492 1.623418e-10
493 9.197309e-11
494 4.884859e-11
495 3.039128e-08
496 2.306967e-08
497 1.639003e-08
498 1.113312e-08
499 7.142726e-09
500 4.348172e-09
501 2.663016e-09
502 1.656595e-09
503 1.061739e-09
504 6.942008e-10
505 4.524923e-10
506 2.866978e-10
507 1.731159e-10
508 9.838569e-11
509 5.240745e-11
510 2.601797e-08
511 1.962323e-08
512 1.388486e-08
513 9.379862e-09
514 6.002474e-09
515 3.666529e-09
516 2.252364e-09
517 1.406576e-09
518 9.033853e-10
519 5.901180e-10
520 3.831826e-10
521 2.414368e-10
522 1.448797e-10
523 8.187908e-11
524 4.343122e-11
525 2.893687e-08
526 2.207863e-08
527 1.574768e-08
528 1.070995e-08
529 6.913362e-09
530 4.230304e-09
531 2.589894e-09
532 1.606789e-09
533 1.025808e-09
534 6.678220e-10
535 4.340790e-10
536 2.749084e-10
537 1.663257e-10
538 9.495279e-11
539 5.090358e-11
540 3.132578e-08
541 2.409173e-08
542 1.727759e-08
543 1.180513e-08
544 7.662911e-09
545 4.696678e-09
546 2.867978e-09
547 1.772122e-09
548 1.126432e-09
549 7.317386e-10
550 4.758928e-10
551 3.023933e-10
552 1.839410e-10
553 1.057016e-10
554 5.705740e-11
555 3.340772e-08
556 2.584731e-08
557 1.861408e-08
558 1.275874e-08
559 8.316901e-09
560 5.102445e-09
561 3.110768e-09
562 1.916437e-09
563 1.214440e-09
564 7.874942e-10
565 5.123585e-10
566 3.263619e-10
567 1.993031e-10
568 1.150758e-10
569 6.242436e-11
570 3.538228e-08
571 2.751285e-08
572 1.988192e-08
573 1.366468e-08
574 8.938408e-09
575 5.488408e-09
576 3.341418e-09
577 2.053327e-09
578 1.297946e-09
579 8.404405e-10
580 5.470005e-10
581 3.491287e-10
582 2.138936e-10
583 1.239801e-10
584 6.752287e-11
585 3.769622e-08
586 2.945940e-08
587 2.136302e-08
588 1.472258e-08
589 9.661929e-09
590 5.938212e-09
591 3.610247e-09
592 2.212885e-09
593 1.395241e-09
594 9.021172e-10
595 5.873491e-10
596 3.756547e-10
597 2.308961e-10
598 1.343549e-10
599 7.346279e-11
600 3.278619e-08
601 2.541649e-08
602 1.834258e-08
603 1.258188e-08
604 8.214964e-09
605 5.058293e-09
606 3.081874e-09
607 1.897868e-09
608 1.200782e-09
609 7.771058e-10
610 5.048131e-10
611 3.213336e-10
612 1.963083e-10
613 1.135178e-10
614 6.173427e-11
615 3.603115e-08
616 2.825360e-08
617 2.056678e-08
618 1.419512e-08
619 9.339128e-09
620 5.781756e-09
621 3.511011e-09
622 2.152498e-09
623 1.353073e-09
624 8.715899e-10
625 5.656247e-10
626 3.611294e-10
627 2.220188e-10
628 1.294926e-10
629 7.110949e-11
630 3.887558e-08
631 3.074492e-08
632 2.252517e-08
633 1.561362e-08
634 1.032935e-08
635 6.419659e-09
636 3.889982e-09
637 2.377315e-09
638 1.487621e-09
639 9.548293e-10
640 6.191385e-10
641 3.961267e-10
642 2.446281e-10
643 1.435470e-10
644 7.936537e-11
645 4.157095e-08
646 3.310625e-08
647 2.438108e-08
648 1.696088e-08
649 1.126857e-08
650 7.024931e-09
651 4.249202e-09
652 2.590776e-09
653 1.615103e-09
654 1.033775e-09
655 6.698993e-10
656 4.293216e-10
657 2.660710e-10
658 1.568763e-10
659 8.719448e-11
660 4.472827e-08
661 3.586506e-08
662 2.654975e-08
663 1.853291e-08
664 1.236403e-08
665 7.731314e-09
666 4.668824e-09
667 2.839521e-09
668 1.763840e-09
669 1.125904e-09
670 7.291109e-10
671 4.680490e-10
672 2.910916e-10
673 1.724292e-10
674 9.633089e-11
675 4.019701e-08
676 3.200351e-08
677 2.358808e-08
678 1.641463e-08
679 1.090214e-08
680 6.815396e-09
681 4.125602e-09
682 2.517795e-09
683 1.568532e-09
684 1.002713e-09
685 6.487164e-10
686 4.150887e-10
687 2.569754e-10
688 1.514630e-10
689 8.423984e-11
690 4.394381e-08
691 3.539224e-08
692 2.634395e-08
693 1.844768e-08
694 1.233636e-08
695 7.769617e-09
696 4.696419e-09
697 2.857128e-09
698 1.768091e-09
699 1.123511e-09
700 7.248343e-10
701 4.643666e-10
702 2.888621e-10
703 1.715337e-10
704 9.626970e-11
705 4.749714e-08
706 3.862019e-08
707 2.896417e-08
708 2.038844e-08
709 1.370463e-08
710 8.680854e-09
711 5.241965e-09
712 3.181066e-09
713 1.958635e-09
714 1.238784e-09
715 7.974527e-10
716 5.113291e-10
717 3.192391e-10
718 1.906557e-10
719 1.077402e-10
720 5.165706e-08
721 4.239206e-08
722 3.201944e-08
723 2.265046e-08
724 1.529911e-08
725 9.743539e-09
726 5.878365e-09
727 3.559295e-09
728 2.180755e-09
729 1.373291e-09
730 8.820813e-10
731 5.660705e-10
732 3.546523e-10
733 2.129463e-10
734 1.211119e-10
735 4.869982e-08
736 3.982781e-08
737 3.004461e-08
738 2.123909e-08
739 1.432090e-08
740 9.120838e-09
741 5.518658e-09
742 3.344578e-09
743 2.051571e-09
744 1.292352e-09
745 8.292440e-10
746 5.310845e-10
747 3.319169e-10
748 1.988286e-10
749 1.128834e-10
750 5.332246e-08
751 4.415960e-08
752 3.369174e-08
753 2.400109e-08
754 1.628867e-08
755 1.046435e-08
756 6.343431e-09
757 3.832057e-09
758 2.335170e-09
759 1.460720e-09
760 9.328203e-10
761 5.969573e-10
762 3.743133e-10
763 2.257025e-10
764 1.292760e-10
765 5.873242e-08
766 4.923187e-08
767 3.794852e-08
768 2.723056e-08
769 1.859184e-08
770 1.203812e-08
771 7.310956e-09
772 4.404090e-09
773 2.667464e-09
774 1.657997e-09
775 1.054058e-09
776 6.740359e-10
777 4.239109e-10
778 2.571366e-10
779 1.484538e-10
780 5.926345e-08
781 4.988998e-08
782 3.866645e-08
783 2.787027e-08
784 1.907709e-08
785 1.240067e-08
786 7.569610e-09
787 4.552017e-09
788 2.752826e-09
789 1.704690e-09
790 1.079593e-09
791 6.885213e-10
792 4.326811e-10
793 2.627626e-10
794 1.521480e-10
795 6.636399e-08
796 5.677072e-08
797 4.467228e-08
798 3.257468e-08
799 2.248122e-08
800 1.476875e-08
801 9.083408e-09
802 5.440765e-09
803 3.269680e-09
804 2.005210e-09
805 1.259377e-09
806 8.000352e-10
807 5.034560e-10
808 3.076107e-10
809 1.798435e-10
810 7.616379e-08
811 6.661175e-08
812 5.365253e-08
813 3.989909e-08
814 2.790268e-08
815 1.859439e-08
816 1.163248e-08
817 6.950445e-09
818 4.152624e-09
819 2.508595e-09
820 1.551332e-09
821 9.752452e-10
822 6.119741e-10
823 3.757079e-10
824 2.221226e-10
825 5.061824e-07
826 3.697239e-07
827 2.739579e-07
828 1.705585e-07
829 1.038974e-07
830 6.155035e-08
831 3.758219e-08
832 2.410925e-08
833 1.627442e-08
834 0.000000e+00
835 0.000000e+00
836 0.000000e+00
837 0.000000e+00
838 0.000000e+00
839 0.000000e+00
840 7.609744e-07
841 5.559599e-07
842 4.124005e-07
843 2.596365e-07
844 1.577832e-07
845 9.335752e-08
846 5.689754e-08
847 3.636700e-08
848 2.448258e-08
849 0.000000e+00
850 0.000000e+00
851 0.000000e+00
852 0.000000e+00
853 0.000000e+00
854 0.000000e+00
855 9.034708e-07
856 6.601393e-07
857 4.898344e-07
858 3.095543e-07
859 1.879543e-07
860 1.111685e-07
861 6.771198e-08
862 4.322638e-08
863 2.907417e-08
864 0.000000e+00
865 0.000000e+00
866 0.000000e+00
867 0.000000e+00
868 0.000000e+00
869 0.000000e+00
870 9.993278e-07
871 7.302182e-07
872 5.419243e-07
873 3.431341e-07
874 2.082519e-07
875 1.231503e-07
876 7.498702e-08
877 4.784112e-08
878 3.216291e-08
879 0.000000e+00
880 0.000000e+00
881 0.000000e+00
882 0.000000e+00
883 0.000000e+00
884 0.000000e+00
885 1.071193e-06
886 7.827614e-07
887 5.809742e-07
888 3.683088e-07
889 2.234694e-07
890 1.321335e-07
891 8.044121e-08
892 5.130076e-08
893 3.447879e-08
894 0.000000e+00
895 0.000000e+00
896 0.000000e+00
897 0.000000e+00
898 0.000000e+00
899 0.000000e+00
900 1.129439e-06
901 8.253442e-07
902 6.126261e-07
903 3.887123e-07
904 2.358020e-07
905 1.394142e-07
906 8.486152e-08
907 5.410480e-08
908 3.635564e-08
909 0.000000e+00
910 0.000000e+00
911 0.000000e+00
912 0.000000e+00
913 0.000000e+00
914 0.000000e+00
915 1.180268e-06
916 8.625041e-07
917 6.402459e-07
918 4.065191e-07
919 2.465652e-07
920 1.457672e-07
921 8.871918e-08
922 5.655163e-08
923 3.799350e-08
924 0.000000e+00
925 0.000000e+00
926 0.000000e+00
927 0.000000e+00
928 0.000000e+00
929 0.000000e+00
930 1.228460e-06
931 8.977376e-07
932 6.664337e-07
933 4.234011e-07
934 2.567693e-07
935 1.517905e-07
936 9.237652e-08
937 5.887147e-08
938 3.954628e-08
939 0.000000e+00
940 0.000000e+00
941 0.000000e+00
942 0.000000e+00
943 0.000000e+00
944 0.000000e+00
945 1.284683e-06
946 9.388454e-07
947 6.969857e-07
948 4.430983e-07
949 2.686743e-07
950 1.588185e-07
951 9.664394e-08
952 6.157795e-08
953 4.135810e-08
954 0.000000e+00
955 0.000000e+00
956 0.000000e+00
957 0.000000e+00
958 0.000000e+00
959 0.000000e+00
960 3.382510e-07
961 2.694382e-07
962 1.954562e-07
963 1.465735e-07
964 9.071607e-08
965 5.552287e-08
966 3.227218e-08
967 1.929667e-08
968 1.209186e-08
969 8.005088e-09
970 0.000000e+00
971 0.000000e+00
972 0.000000e+00
973 0.000000e+00
974 0.000000e+00
975 5.201927e-07
976 4.171304e-07
977 3.028729e-07
978 2.269202e-07
979 1.422173e-07
980 8.671378e-08
981 5.036589e-08
982 3.007599e-08
983 1.878017e-08
984 1.239765e-08
985 0.000000e+00
986 0.000000e+00
987 0.000000e+00
988 0.000000e+00
989 0.000000e+00
990 6.448120e-07
991 5.183992e-07
992 3.765467e-07
993 2.820115e-07
994 1.775998e-07
995 1.081224e-07
996 6.278599e-08
997 3.747520e-08
998 2.336911e-08
999 1.541004e-08
1000 0.000000e+00
1001 0.000000e+00
1002 0.000000e+00
1003 0.000000e+00
1004 0.000000e+00
1005 7.382357e-07
1006 5.943126e-07
1007 4.317715e-07
1008 3.233096e-07
1009 2.041234e-07
1010 1.241698e-07
1011 7.209649e-08
1012 4.302199e-08
1013 2.680897e-08
1014 1.766814e-08
1015 0.000000e+00
1016 0.000000e+00
1017 0.000000e+00
1018 0.000000e+00
1019 0.000000e+00
1020 8.139596e-07
1021 6.558390e-07
1022 4.765327e-07
1023 3.567807e-07
1024 2.256220e-07
1025 1.371778e-07
1026 7.964314e-08
1027 4.751755e-08
1028 2.959718e-08
1029 1.949827e-08
1030 0.000000e+00
1031 0.000000e+00
1032 0.000000e+00
1033 0.000000e+00
1034 0.000000e+00
1035 8.800254e-07
1036 7.095243e-07
1037 5.155916e-07
1038 3.859857e-07
1039 2.443794e-07
1040 1.485270e-07
1041 8.622743e-08
1042 5.144028e-08
1043 3.202995e-08
1044 2.109535e-08
1045 0.000000e+00
1046 0.000000e+00
1047 0.000000e+00
1048 0.000000e+00
1049 0.000000e+00
1050 9.426736e-07
1051 7.604327e-07
1052 5.526249e-07
1053 4.136780e-07
1054 2.621647e-07
1055 1.592896e-07
1056 9.247120e-08
1057 5.515972e-08
1058 3.433673e-08
1059 2.260959e-08
1060 0.000000e+00
1061 0.000000e+00
1062 0.000000e+00
1063 0.000000e+00
1064 0.000000e+00
1065 1.015768e-06
1066 8.198310e-07
1067 5.958365e-07
1068 4.459927e-07
1069 2.829175e-07
1070 1.718473e-07
1071 9.975607e-08
1072 5.949995e-08
1073 3.702828e-08
1074 2.437647e-08
1075 0.000000e+00
1076 0.000000e+00
1077 0.000000e+00
1078 0.000000e+00
1079 0.000000e+00
1080 1.992830e-07
1081 1.812730e-07
1082 1.396808e-07
1083 1.010083e-07
1084 7.569380e-08
1085 4.376571e-08
1086 2.682614e-08
1087 1.546586e-08
1088 9.144124e-09
1089 5.688408e-09
1090 0.000000e+00
1091 0.000000e+00
1092 0.000000e+00
1093 0.000000e+00
1094 0.000000e+00
1095 3.303659e-07
1096 3.017885e-07
1097 2.334611e-07
1098 1.687224e-07
1099 1.266172e-07
1100 7.360173e-08
1101 4.522894e-08
1102 2.601566e-08
1103 1.532917e-08
1104 9.514945e-09
1105 0.000000e+00
1106 0.000000e+00
1107 0.000000e+00
1108 0.000000e+00
1109 0.000000e+00
1110 4.306281e-07
1111 3.940344e-07
1112 3.052905e-07
1113 2.205837e-07
1114 1.656231e-07
1115 9.648071e-08
1116 5.934317e-08
1117 3.410489e-08
1118 2.006901e-08
1119 1.244631e-08
1120 0.000000e+00
1121 0.000000e+00
1122 0.000000e+00
1123 0.000000e+00
1124 0.000000e+00
1125 5.118675e-07
1126 4.687719e-07
1127 3.634880e-07
1128 2.626035e-07
1129 1.972257e-07
1130 1.150174e-07
1131 7.077884e-08
1132 4.065897e-08
1133 2.390921e-08
1134 1.482137e-08
1135 0.000000e+00
1136 0.000000e+00
1137 0.000000e+00
1138 0.000000e+00
1139 0.000000e+00
1140 5.827486e-07
1141 5.339873e-07
1142 4.142683e-07
1143 2.992682e-07
1144 2.248018e-07
1145 1.311919e-07
1146 8.075741e-08
1147 4.637790e-08
1148 2.726008e-08
1149 1.689370e-08
1150 0.000000e+00
1151 0.000000e+00
1152 0.000000e+00
1153 0.000000e+00
1154 0.000000e+00
1155 6.499630e-07
1156 5.958254e-07
1157 4.624212e-07
1158 3.340351e-07
1159 2.509506e-07
1160 1.465295e-07
1161 9.021925e-08
1162 5.180077e-08
1163 3.043750e-08
1164 1.885873e-08
1165 0.000000e+00
1166 0.000000e+00
1167 0.000000e+00
1168 0.000000e+00
1169 0.000000e+00
1170 7.283846e-07
1171 6.679733e-07
1172 5.186008e-07
1173 3.745984e-07
1174 2.814577e-07
1175 1.644239e-07
1176 1.012585e-07
1177 5.812754e-08
1178 3.414473e-08
1179 2.115149e-08
1180 0.000000e+00
1181 0.000000e+00
1182 0.000000e+00
1183 0.000000e+00
1184 0.000000e+00
1185 1.325938e-07
1186 1.308968e-07
1187 1.100923e-07
1188 8.042783e-08
1189 5.974437e-08
1190 4.061962e-08
1191 2.396443e-08
1192 1.365480e-08
1193 7.894234e-09
1194 4.664545e-09
1195 2.921583e-09
1196 0.000000e+00
1197 0.000000e+00
1198 0.000000e+00
1199 0.000000e+00
1200 2.310549e-07
1201 2.287222e-07
1202 1.930640e-07
1203 1.412795e-07
1204 1.047815e-07
1205 7.172321e-08
1206 4.211309e-08
1207 2.402814e-08
1208 1.390954e-08
1209 8.204576e-09
1210 5.128674e-09
1211 0.000000e+00
1212 0.000000e+00
1213 0.000000e+00
1214 0.000000e+00
1215 3.123232e-07
1216 3.095005e-07
1217 2.616148e-07
1218 1.915694e-07
1219 1.419926e-07
1220 9.744473e-08
1221 5.711211e-08
1222 3.260331e-08
1223 1.888242e-08
1224 1.113064e-08
1225 6.952519e-09
1226 0.000000e+00
1227 0.000000e+00
1228 0.000000e+00
1229 0.000000e+00
1230 3.831935e-07
1231 3.799432e-07
1232 3.213903e-07
1233 2.354215e-07
1234 1.744400e-07
1235 1.198757e-07
1236 7.019122e-08
1237 4.008120e-08
1238 2.321897e-08
1239 1.368230e-08
1240 8.542871e-09
1241 0.000000e+00
1242 0.000000e+00
1243 0.000000e+00
1244 0.000000e+00
1245 4.503977e-07
1246 4.467362e-07
1247 3.780737e-07
1248 2.770046e-07
1249 2.052095e-07
1250 1.411454e-07
1251 8.259382e-08
1252 4.717229e-08
1253 2.733118e-08
1254 1.610194e-08
1255 1.005098e-08
1256 0.000000e+00
1257 0.000000e+00
1258 0.000000e+00
1259 0.000000e+00
1260 5.288015e-07
1261 5.246659e-07
1262 4.442070e-07
1263 3.255223e-07
1264 2.411084e-07
1265 1.659601e-07
1266 9.706421e-08
1267 5.544503e-08
1268 3.212871e-08
1269 1.892488e-08
1270 1.181051e-08
1271 0.000000e+00
1272 0.000000e+00
1273 0.000000e+00
1274 0.000000e+00
1275 9.544448e-08
1276 9.938980e-08
1277 8.995523e-08
1278 6.882814e-08
1279 4.975057e-08
1280 3.726868e-08
1281 2.106110e-08
1282 1.272120e-08
1283 7.187199e-09
1284 4.150689e-09
1285 2.484670e-09
1286 0.000000e+00
1287 0.000000e+00
1288 0.000000e+00
1289 0.000000e+00
1290 1.734602e-07
1291 1.809939e-07
1292 1.643033e-07
1293 1.260448e-07
1294 9.105229e-08
1295 6.831076e-08
1296 3.870953e-08
1297 2.345473e-08
1298 1.322278e-08
1299 7.618630e-09
1300 4.551991e-09
1301 0.000000e+00
1302 0.000000e+00
1303 0.000000e+00
1304 0.000000e+00
1305 2.424635e-07
1306 2.531894e-07
1307 2.301014e-07
1308 1.766983e-07
1309 1.276149e-07
1310 9.579448e-08
1311 5.434251e-08
1312 3.296556e-08
1313 1.856968e-08
1314 1.068970e-08
1315 6.382328e-09
1316 0.000000e+00
1317 0.000000e+00
1318 0.000000e+00
1319 0.000000e+00
1320 3.078577e-07
1321 3.216065e-07
1322 2.924568e-07
1323 2.247029e-07
1324 1.622652e-07
1325 1.218404e-07
1326 6.915697e-08
1327 4.197839e-08
1328 2.363663e-08
1329 1.359998e-08
1330 8.116900e-09
1331 0.000000e+00
1332 0.000000e+00
1333 0.000000e+00
1334 0.000000e+00
1335 3.841561e-07
1336 4.014323e-07
1337 3.652105e-07
1338 2.807097e-07
1339 2.026908e-07
1340 1.522281e-07
1341 8.644124e-08
1342 5.249408e-08
1343 2.954836e-08
1344 1.699550e-08
1345 1.014064e-08
1346 0.000000e+00
1347 0.000000e+00
1348 0.000000e+00
1349 0.000000e+00
1350 7.302314e-08
1351 7.904704e-08
1352 7.580924e-08
1353 6.144287e-08
1354 4.432843e-08
1355 3.341624e-08
1356 2.088090e-08
1357 1.280055e-08
1358 7.106556e-09
1359 3.913341e-09
1360 2.261522e-09
1361 1.375187e-09
1362 0.000000e+00
1363 0.000000e+00
1364 0.000000e+00
1365 1.384573e-07
1366 1.501157e-07
1367 1.443149e-07
1368 1.172990e-07
1369 8.467917e-08
1370 6.377495e-08
1371 4.011125e-08
1372 2.452014e-08
1373 1.361567e-08
1374 7.501239e-09
1375 4.325435e-09
1376 2.624693e-09
1377 0.000000e+00
1378 0.000000e+00
1379 0.000000e+00
1380 2.010031e-07
1381 2.180563e-07
1382 2.098198e-07
1383 1.707216e-07
1384 1.232755e-07
1385 9.281020e-08
1386 5.851418e-08
1387 3.573215e-08
1388 1.984300e-08
1389 1.093430e-08
1390 6.299816e-09
1391 3.819753e-09
1392 0.000000e+00
1393 0.000000e+00
1394 0.000000e+00
1395 2.739546e-07
1396 2.973002e-07
1397 2.862206e-07
1398 2.330303e-07
1399 1.682909e-07
1400 1.266749e-07
1401 7.997821e-08
1402 4.880901e-08
1403 2.710609e-08
1404 1.493828e-08
1405 8.602574e-09
1406 5.213599e-09
1407 0.000000e+00
1408 0.000000e+00
1409 0.000000e+00
1410 5.931760e-08
1411 6.620550e-08
1412 6.651466e-08
1413 5.714019e-08
1414 4.212020e-08
1415 3.102175e-08
1416 2.185773e-08
1417 1.246968e-08
1418 7.020727e-09
1419 3.972648e-09
1420 2.209717e-09
1421 1.288651e-09
1422 0.000000e+00
1423 0.000000e+00
1424 0.000000e+00
1425 1.179191e-07
1426 1.317911e-07
1427 1.326823e-07
1428 1.143079e-07
1429 8.440017e-08
1430 6.208507e-08
1431 4.394744e-08
1432 2.499157e-08
1433 1.410035e-08
1434 7.977544e-09
1435 4.435029e-09
1436 2.581417e-09
1437 0.000000e+00
1438 0.000000e+00
1439 0.000000e+00
1440 1.864659e-07
1441 2.085133e-07
1442 2.100928e-07
1443 1.811975e-07
1444 1.338744e-07
1445 9.843172e-08
1446 6.979941e-08
1447 3.964442e-08
1448 2.238585e-08
1449 1.266432e-08
1450 7.039246e-09
1451 4.094128e-09
1452 0.000000e+00
1453 0.000000e+00
1454 0.000000e+00
1455 5.154050e-08
1456 5.906540e-08
1457 6.174078e-08
1458 5.610114e-08
1459 4.302562e-08
1460 3.107535e-08
1461 2.334135e-08
1462 1.308688e-08
1463 7.828450e-09
1464 4.288889e-09
1465 2.364223e-09
1466 1.320036e-09
1467 0.000000e+00
1468 0.000000e+00
1469 0.000000e+00
1470 1.144184e-07
1471 1.312917e-07
1472 1.375005e-07
1473 1.252950e-07
1474 9.633722e-08
1475 6.954078e-08
1476 5.230455e-08
1477 2.941267e-08
1478 1.765430e-08
1479 9.654148e-09
1480 5.309456e-09
1481 2.958534e-09
1482 0.000000e+00
1483 0.000000e+00
1484 0.000000e+00
1485 5.368255e-08
1486 6.308018e-08
1487 6.839739e-08
1488 6.566592e-08
1489 5.324485e-08
1490 3.841952e-08
1491 2.898324e-08
1492 1.802257e-08
1493 1.096769e-08
1494 5.951768e-09
1495 3.134898e-09
1496 1.691324e-09
1497 9.418472e-10
1498 0.000000e+00
1499 0.000000e+00
1500 1.109684e-04
1501 8.086786e-05
1502 6.035546e-05
1503 3.805236e-05
1504 2.321989e-05
1505 1.369104e-05
1506 8.324421e-06
1507 5.304277e-06
1508 3.565556e-06
1509 0.000000e+00
1510 0.000000e+00
1511 0.000000e+00
1512 0.000000e+00
1513 0.000000e+00
1514 0.000000e+00
1515 5.757601e-05
1516 4.644359e-05
1517 3.369791e-05
1518 2.528332e-05
1519 1.597668e-05
1520 9.754545e-06
1521 5.648866e-06
1522 3.364481e-06
1523 2.093966e-06
1524 1.379138e-06
1525 0.000000e+00
1526 0.000000e+00
1527 0.000000e+00
1528 0.000000e+00
1529 0.000000e+00
1530 4.047788e-05
1531 3.713775e-05
1532 2.882267e-05
1533 2.080348e-05
1534 1.566222e-05
1535 9.111532e-06
1536 5.625604e-06
1537 3.225263e-06
1538 1.896511e-06
1539 1.174730e-06
1540 0.000000e+00
1541 0.000000e+00
1542 0.000000e+00
1543 0.000000e+00
1544 0.000000e+00
1545 2.912801e-05
1546 2.891312e-05
1547 2.448503e-05
1548 1.793535e-05
1549 1.328396e-05
1550 9.154542e-06
1551 5.351144e-06
1552 3.053081e-06
1553 1.771954e-06
1554 1.042590e-06
1555 6.506122e-07
1556 0.000000e+00
1557 0.000000e+00
1558 0.000000e+00
1559 0.000000e+00
1560 2.085098e-05
1561 2.179680e-05
1562 1.983793e-05
1563 1.524768e-05
1564 1.100576e-05
1565 8.274949e-06
1566 4.689296e-06
1567 2.850415e-06
1568 1.602925e-06
1569 9.233707e-07
1570 5.506294e-07
1571 0.000000e+00
1572 0.000000e+00
1573 0.000000e+00
1574 0.000000e+00
1575 1.487210e-05
1576 1.614453e-05
1577 1.554949e-05
1578 1.266314e-05
1579 9.143013e-06
1580 6.883420e-06
1581 4.347301e-06
1582 2.655947e-06
1583 1.474901e-06
1584 8.112783e-07
1585 4.673052e-07
1586 2.832009e-07
1587 0.000000e+00
1588 0.000000e+00
1589 0.000000e+00
1590 1.001028e-05
1591 1.119728e-05
1592 1.128693e-05
1593 9.739022e-06
1594 7.195644e-06
1595 5.289411e-06
1596 3.755371e-06
1597 2.130464e-06
1598 1.202339e-06
1599 6.811759e-07
1600 3.783133e-07
1601 2.200058e-07
1602 0.000000e+00
1603 0.000000e+00
1604 0.000000e+00
1605 6.201116e-06
1606 7.118100e-06
1607 7.458527e-06
1608 6.801106e-06
1609 5.231433e-06
1610 3.775220e-06
1611 2.841823e-06
1612 1.597077e-06
1613 9.596537e-07
1614 5.242846e-07
1615 2.885232e-07
1616 1.606418e-07
1617 0.000000e+00
1618 0.000000e+00
1619 0.000000e+00
1620 3.163407e-06
1621 3.720115e-06
1622 4.038202e-06
1623 3.883392e-06
1624 3.154630e-06
1625 2.276770e-06
1626 1.716871e-06
1627 1.071974e-06
1628 6.518364e-07
1629 3.538249e-07
1630 1.861971e-07
1631 1.003484e-07
1632 5.578990e-08
1633 0.000000e+00
1634 0.000000e+00
1635 8.891198e-07
1636 1.072208e-06
1637 1.206146e-06
1638 1.224576e-06
1639 1.066696e-06
1640 7.933436e-07
1641 5.815894e-07
1642 4.169104e-07
1643 2.343421e-07
1644 1.314261e-07
1645 7.164692e-08
1646 3.730540e-08
1647 1.958823e-08
1648 0.000000e+00
1649 0.000000e+00
