0 2.303711e-09
1 1.499842e-09
2 9.444022e-10
3 5.944222e-10
4 3.816220e-10
5 2.507863e-10
6 1.666527e-10
7 1.095314e-10
8 6.951634e-11
9 4.185490e-11
10 2.367430e-11
11 1.254656e-11
12 6.272056e-12
13 2.990564e-12
14 1.376530e-12
15 3.875039e-09
16 2.581776e-09
17 1.643694e-09
18 1.024819e-09
19 6.474545e-10
20 4.187214e-10
21 2.767072e-10
22 1.834672e-10
23 1.190680e-10
24 7.399158e-11
25 4.335830e-11
26 2.379492e-11
27 1.225765e-11
28 5.979040e-12
29 2.797342e-12
30 4.458345e-09
31 2.991673e-09
32 1.916487e-09
33 1.194090e-09
34 7.512017e-10
35 4.831237e-10
36 3.181367e-10
37 2.109954e-10
38 1.375876e-10
39 8.618731e-11
40 5.103106e-11
41 2.831543e-11
42 1.473982e-11
43 7.251531e-12
44 3.412487e-12
45 4.781673e-09
46 3.219386e-09
47 2.068224e-09
48 1.288536e-09
49 8.089671e-10
50 5.190285e-10
51 3.411844e-10
52 2.263436e-10
53 1.479213e-10
54 9.300937e-11
55 5.531331e-11
56 3.084483e-11
57 1.612580e-11
58 7.963236e-12
59 3.757460e-12
60 4.999794e-09
61 3.372775e-09
62 2.170455e-09
63 1.352246e-09
64 8.479551e-10
65 5.431861e-10
66 3.567331e-10
67 2.366265e-10
68 1.548177e-10
69 9.756827e-11
70 5.819371e-11
71 3.254567e-11
72 1.706009e-11
73 8.442405e-12
74 3.989897e-12
75 5.163387e-09
76 3.487686e-09
77 2.247023e-09
78 1.399781e-09
79 8.771109e-10
80 5.613074e-10
81 3.683819e-10
82 2.443216e-10
83 1.600159e-10
84 1.009934e-10
85 6.034617e-11
86 3.381932e-11
87 1.775996e-11
88 8.801062e-12
89 4.163943e-12
90 5.295139e-09
91 3.580151e-09
92 2.308614e-09
93 1.438246e-09
94 9.006985e-10
95 5.759880e-10
96 3.777770e-10
97 2.506415e-10
98 1.642563e-10
99 1.037846e-10
100 6.210478e-11
101 3.485666e-11
102 1.832986e-11
103 9.093818e-12
104 4.304811e-12
105 5.410957e-09
106 3.661442e-09
107 2.362649e-09
108 1.472284e-09
109 9.215548e-10
110 5.887392e-10
111 3.860741e-10
112 2.560901e-10
113 1.679024e-10
114 1.061861e-10
115 6.361910e-11
116 3.574396e-11
117 1.881723e-11
118 9.344206e-12
119 4.427105e-12
120 5.520156e-09
121 3.739028e-09
122 2.414063e-09
123 1.503966e-09
124 9.409154e-10
125 6.009229e-10
126 3.937642e-10
127 2.612794e-10
128 1.713676e-10
129 1.084752e-10
130 6.506579e-11
131 3.660656e-11
132 1.929173e-11
133 9.587328e-12
134 4.544916e-12
135 5.648728e-09
136 3.828345e-09
137 2.474584e-09
138 1.541594e-09
139 9.638689e-10
140 6.151369e-10
141 4.029816e-10
142 2.672941e-10
143 1.755072e-10
144 1.112040e-10
145 6.677618e-11
146 3.761268e-11
147 1.984455e-11
148 9.871515e-12
149 4.682772e-12
150 7.933103e-09
151 5.465384e-09
152 3.591627e-09
153 2.245183e-09
154 1.391978e-09
155 8.775729e-10
156 5.687496e-10
157 3.762468e-10
158 2.487106e-10
159 1.601440e-10
160 9.827344e-11
161 5.668255e-11
162 3.058585e-11
163 1.549953e-11
164 7.453697e-12
165 1.002858e-08
166 6.997009e-09
167 4.664258e-09
168 2.946827e-09
169 1.818158e-09
170 1.136876e-09
171 7.287615e-10
172 4.789264e-10
173 3.170009e-10
174 2.060057e-10
175 1.283870e-10
176 7.549264e-11
177 4.155679e-11
178 2.144238e-11
179 1.045896e-11
180 1.126748e-08
181 7.909290e-09
182 5.305484e-09
183 3.370855e-09
184 2.077528e-09
185 1.294314e-09
186 8.253950e-10
187 5.405233e-10
188 3.577310e-10
189 2.333186e-10
190 1.463668e-10
191 8.678613e-11
192 4.820466e-11
193 2.508054e-11
194 1.231729e-11
195 1.210387e-08
196 8.526808e-09
197 5.739849e-09
198 3.658196e-09
199 2.252993e-09
200 1.401055e-09
201 8.908169e-10
202 5.822417e-10
203 3.853381e-10
204 2.518126e-10
205 1.585392e-10
206 9.443532e-11
207 5.270594e-11
208 2.754559e-11
209 1.357763e-11
210 1.273290e-08
211 8.990396e-09
212 6.065323e-09
213 3.873598e-09
214 2.384655e-09
215 1.480957e-09
216 9.398542e-10
217 6.135603e-10
218 4.060361e-10
219 2.656978e-10
220 1.676728e-10
221 1.001755e-10
222 5.609205e-11
223 2.939782e-11
224 1.452447e-11
225 1.324282e-08
226 9.365113e-09
227 6.329345e-09
228 4.047920e-09
229 2.491497e-09
230 1.545782e-09
231 9.795274e-10
232 6.388608e-10
233 4.227867e-10
234 2.769064e-10
235 1.750680e-10
236 1.048212e-10
237 5.882608e-11
238 3.089916e-11
239 1.529280e-11
240 1.368673e-08
241 9.692352e-09
242 6.559814e-09
243 4.200795e-09
244 2.584632e-09
245 1.602468e-09
246 1.014315e-09
247 6.610433e-10
248 4.374062e-10
249 2.867242e-10
250 1.815150e-10
251 1.088774e-10
252 6.121749e-11
253 3.220771e-11
254 1.596092e-11
255 1.410757e-08
256 1.000283e-08
257 6.778049e-09
258 4.344318e-09
259 2.672498e-09
260 1.655984e-09
261 1.047233e-09
262 6.819685e-10
263 4.513008e-10
264 2.960229e-10
265 1.876448e-10
266 1.127312e-10
267 6.348501e-11
268 3.345038e-11
269 1.659603e-11
270 1.459923e-08
271 1.036620e-08
272 7.033367e-09
273 4.513786e-09
274 2.776038e-09
275 1.719178e-09
276 1.085997e-09
277 7.065952e-10
278 4.675359e-10
279 3.069045e-10
280 1.948097e-10
281 1.172362e-10
282 6.613793e-11
283 3.490289e-11
284 1.733751e-11
285 1.365259e-08
286 9.713755e-09
287 6.598689e-09
288 4.259021e-09
289 2.625691e-09
290 1.625686e-09
291 1.024966e-09
292 6.648191e-10
293 4.384951e-10
294 2.873747e-10
295 1.824682e-10
296 1.100742e-10
297 6.236109e-11
298 3.308110e-11
299 1.651587e-11
300 1.606134e-08
301 1.156239e-08
302 7.926183e-09
303 5.174156e-09
304 3.203059e-09
305 1.973784e-09
306 1.234538e-09
307 7.943902e-10
308 5.219933e-10
309 3.428490e-10
310 2.194003e-10
311 1.339433e-10
312 7.698419e-11
313 4.143853e-11
314 2.095797e-11
315 1.773389e-08
316 1.285418e-08
317 8.856624e-09
318 5.817299e-09
319 3.612478e-09
320 2.219798e-09
321 1.382972e-09
322 8.860741e-10
323 5.807478e-10
324 3.817582e-10
325 2.452837e-10
326 1.507099e-10
327 8.728145e-11
328 4.735432e-11
329 2.412038e-11
330 1.899492e-08
331 1.382563e-08
332 9.556592e-09
333 6.302532e-09
334 3.920308e-09
335 2.405203e-09
336 1.494768e-09
337 9.549494e-10
338 6.250316e-10
339 4.110212e-10
340 2.647479e-10
341 1.633144e-10
342 9.502991e-11
343 5.180631e-11
344 2.650158e-11
345 2.001667e-08
346 1.461529e-08
347 1.012555e-08
348 6.695202e-09
349 4.169766e-09
350 2.555411e-09
351 1.585579e-09
352 1.010839e-09
353 6.608758e-10
354 4.347433e-10
355 2.805339e-10
356 1.735388e-10
357 1.013160e-10
358 5.542032e-11
359 2.843451e-11
360 2.090794e-08
361 1.530388e-08
362 1.062215e-08
363 7.037599e-09
364 4.387791e-09
365 2.686526e-09
366 1.664390e-09
367 1.059554e-09
368 6.920689e-10
369 4.554474e-10
370 2.942884e-10
371 1.824432e-10
372 1.067884e-10
373 5.856570e-11
374 3.011656e-11
375 2.174921e-08
376 1.595332e-08
377 1.108986e-08
378 7.360991e-09
379 4.593497e-09
380 2.810790e-09
381 1.739247e-09
382 1.105565e-09
383 7.216306e-10
384 4.750241e-10
385 3.073228e-10
386 1.908849e-10
387 1.119764e-10
388 6.154758e-11
389 3.171146e-11
390 2.273772e-08
391 1.671750e-08
392 1.163961e-08
393 7.741342e-09
394 4.835448e-09
395 2.956243e-09
396 1.827144e-09
397 1.159873e-09
398 7.563753e-10
399 4.980368e-10
400 3.226323e-10
401 2.007991e-10
402 1.180727e-10
403 6.504406e-11
404 3.358127e-11
405 1.964502e-08
406 1.439781e-08
407 9.993188e-09
408 6.624598e-09
409 4.147307e-09
410 2.540110e-09
411 1.575068e-09
412 1.001396e-09
413 6.527130e-10
414 4.286330e-10
415 2.765172e-10
416 1.713199e-10
417 1.003445e-10
418 5.513570e-11
419 2.842903e-11
420 2.230645e-08
421 1.654061e-08
422 1.157018e-08
423 7.734740e-09
424 4.883656e-09
425 2.982937e-09
426 1.841878e-09
427 1.162352e-09
428 7.533084e-10
429 4.940562e-10
430 3.199053e-10
431 1.997693e-10
432 1.182678e-10
433 6.577037e-11
434 3.431250e-11
435 2.432988e-08
436 1.818026e-08
437 1.277853e-08
438 8.588265e-09
439 5.451085e-09
440 3.326163e-09
441 2.048431e-09
442 1.286583e-09
443 8.309123e-10
444 5.443261e-10
445 3.531971e-10
446 2.216004e-10
447 1.320417e-10
448 7.396383e-11
449 3.886040e-11
450 2.598302e-08
451 1.951311e-08
452 1.376395e-08
453 9.281833e-09
454 5.912270e-09
455 3.605150e-09
456 2.216165e-09
457 1.387432e-09
458 8.937668e-10
459 5.851600e-10
460 3.802395e-10
461 2.393348e-10
462 1.432327e-10
463 8.062221e-11
464 4.255694e-11
465 2.741869e-08
466 2.067402e-08
467 1.462193e-08
468 9.887330e-09
469 6.314274e-09
470 3.848482e-09
471 2.362501e-09
472 1.475566e-09
473 9.487453e-10
474 6.208099e-10
475 4.038353e-10
476 2.548078e-10
477 1.529950e-10
478 8.643040e-11
479 4.578152e-11
480 2.877216e-08
481 2.176578e-08
482 1.543033e-08
483 1.045603e-08
484 6.694198e-09
485 4.078878e-09
486 2.500928e-09
487 1.558664e-09
488 1.000618e-09
489 6.543930e-10
490 4.260878e-10
491 2.693978e-10
492 1.621990e-10
493 9.190526e-11
494 4.882782e-11
495 3.037768e-08
496 2.305971e-08
497 1.638469e-08
498 1.112998e-08
499 7.141708e-09
500 4.348989e-09
501 2.663214e-09
502 1.656561e-09
503 1.061594e-09
504 6.940137e-10
505 4.522940e-10
506 2.865859e-10
507 1.730573e-10
508 9.836578e-11
509 5.240793e-11
510 2.596730e-08
511 1.958194e-08
512 1.385401e-08
513 9.358662e-09
514 5.988152e-09
515 3.657562e-09
516 2.246862e-09
517 1.403455e-09
518 9.014037e-10
519 5.888542e-10
520 3.823303e-10
521 2.408753e-10
522 1.445220e-10
523 8.166641e-11
524 4.331194e-11
525 2.888147e-08
526 2.203216e-08
527 1.571299e-08
528 1.068492e-08
529 6.896572e-09
530 4.220328e-09
531 2.583501e-09
532 1.603089e-09
533 1.023564e-09
534 6.663652e-10
535 4.331150e-10
536 2.742693e-10
537 1.659149e-10
538 9.470296e-11
539 5.076210e-11
540 3.126765e-08
541 2.404335e-08
542 1.724197e-08
543 1.177918e-08
544 7.646009e-09
545 4.686203e-09
546 2.861934e-09
547 1.768352e-09
548 1.124133e-09
549 7.302603e-10
550 4.749140e-10
551 3.017439e-10
552 1.835244e-10
553 1.054492e-10
554 5.691495e-11
555 3.334911e-08
556 2.579827e-08
557 1.857840e-08
558 1.273310e-08
559 8.299364e-09
560 5.091975e-09
561 3.104333e-09
562 1.912513e-09
563 1.212211e-09
564 7.860495e-10
565 5.113924e-10
566 3.257201e-10
567 1.988896e-10
568 1.148257e-10
569 6.228344e-11
570 3.531341e-08
571 2.745802e-08
572 1.983931e-08
573 1.363375e-08
574 8.917619e-09
575 5.476585e-09
576 3.334176e-09
577 2.048980e-09
578 1.295299e-09
579 8.387288e-10
580 5.458574e-10
581 3.483683e-10
582 2.134035e-10
583 1.236827e-10
584 6.735556e-11
585 3.763581e-08
586 2.940933e-08
587 2.132619e-08
588 1.469664e-08
589 9.644103e-09
590 5.927841e-09
591 3.603869e-09
592 2.209208e-09
593 1.392958e-09
594 9.006328e-10
595 5.863525e-10
596 3.749891e-10
597 2.304674e-10
598 1.340953e-10
599 7.331716e-11
600 3.271254e-08
601 2.535453e-08
602 1.829455e-08
603 1.254683e-08
604 8.191035e-09
605 5.043178e-09
606 3.072511e-09
607 1.892342e-09
608 1.197642e-09
609 7.750561e-10
610 5.034836e-10
611 3.204582e-10
612 1.957414e-10
613 1.131662e-10
614 6.152918e-11
615 3.595311e-08
616 2.818447e-08
617 2.051462e-08
618 1.415479e-08
619 9.312300e-09
620 5.764054e-09
621 3.500627e-09
622 2.146241e-09
623 1.349329e-09
624 8.692930e-10
625 5.641451e-10
626 3.601587e-10
627 2.213907e-10
628 1.291017e-10
629 7.087983e-11
630 3.879172e-08
631 3.067031e-08
632 2.246688e-08
633 1.557126e-08
634 1.029931e-08
635 6.400141e-09
636 3.878337e-09
637 2.370453e-09
638 1.483594e-09
639 9.523621e-10
640 6.175492e-10
641 3.950863e-10
642 2.439519e-10
643 1.431245e-10
644 7.911553e-11
645 4.146858e-08
646 3.301653e-08
647 2.431092e-08
648 1.690849e-08
649 1.123218e-08
650 7.001558e-09
651 4.235259e-09
652 2.582324e-09
653 1.610125e-09
654 1.030764e-09
655 6.679669e-10
656 4.280561e-10
657 2.652512e-10
658 1.563629e-10
659 8.689129e-11
660 4.463489e-08
661 3.578139e-08
662 2.648044e-08
663 1.848432e-08
664 1.232972e-08
665 7.708858e-09
666 4.655609e-09
667 2.831732e-09
668 1.759215e-09
669 1.123060e-09
670 7.272930e-10
671 4.668601e-10
672 2.903183e-10
673 1.719431e-10
674 9.604172e-11
675 4.010472e-08
676 3.191940e-08
677 2.352052e-08
678 1.636388e-08
679 1.086712e-08
680 6.791931e-09
681 4.111691e-09
682 2.509389e-09
683 1.563612e-09
684 9.997468e-10
685 6.468393e-10
686 4.138730e-10
687 2.561906e-10
688 1.509687e-10
689 8.394347e-11
690 4.384084e-08
691 3.529765e-08
692 2.626717e-08
693 1.838998e-08
694 1.229559e-08
695 7.742292e-09
696 4.679979e-09
697 2.847175e-09
698 1.762437e-09
699 1.120147e-09
700 7.227003e-10
701 4.629914e-10
702 2.879709e-10
703 1.709710e-10
704 9.592976e-11
705 4.736961e-08
706 3.850198e-08
707 2.886614e-08
708 2.031525e-08
709 1.365288e-08
710 8.646393e-09
711 5.221000e-09
712 3.168449e-09
713 1.951359e-09
714 1.234473e-09
715 7.947342e-10
716 5.095820e-10
717 3.181074e-10
718 1.899390e-10
719 1.073067e-10
720 5.153729e-08
721 4.228001e-08
722 3.192556e-08
723 2.257932e-08
724 1.524883e-08
725 9.709162e-09
726 5.857519e-09
727 3.546943e-09
728 2.173579e-09
729 1.369016e-09
730 8.794460e-10
731 5.643841e-10
732 3.535616e-10
733 2.122532e-10
734 1.206892e-10
735 4.858727e-08
736 3.971785e-08
737 2.995288e-08
738 2.116911e-08
739 1.427133e-08
740 9.086847e-09
741 5.497562e-09
742 3.332118e-09
743 2.044477e-09
744 1.288190e-09
745 8.266435e-10
746 5.294297e-10
747 3.308506e-10
748 1.981529e-10
749 1.124709e-10
750 5.317103e-08
751 4.401540e-08
752 3.356842e-08
753 2.390666e-08
754 1.622132e-08
755 1.041830e-08
756 6.314864e-09
757 3.815052e-09
758 2.325328e-09
759 1.454978e-09
760 9.292806e-10
761 5.947247e-10
762 3.728797e-10
763 2.247921e-10
764 1.287183e-10
765 5.858903e-08
766 4.909361e-08
767 3.782857e-08
768 2.713928e-08
769 1.852486e-08
770 1.199111e-08
771 7.281579e-09
772 4.386818e-09
773 2.657472e-09
774 1.652156e-09
775 1.050540e-09
776 6.718361e-10
777 4.225057e-10
778 2.562431e-10
779 1.479019e-10
780 5.905866e-08
781 4.969075e-08
782 3.849224e-08
783 2.773400e-08
784 1.897881e-08
785 1.233269e-08
786 7.526226e-09
787 4.526402e-09
788 2.737943e-09
789 1.696013e-09
790 1.074406e-09
791 6.853043e-10
792 4.306365e-10
793 2.614662e-10
794 1.513482e-10
795 6.615867e-08
796 5.656166e-08
797 4.449077e-08
798 3.242959e-08
799 2.237520e-08
800 1.469437e-08
801 9.034787e-09
802 5.412259e-09
803 3.253044e-09
804 1.995646e-09
805 1.253746e-09
806 7.965968e-10
807 5.012966e-10
808 3.062458e-10
809 1.789962e-10
810 7.596999e-08
811 6.641604e-08
812 5.347273e-08
813 3.975117e-08
814 2.779244e-08
815 1.851644e-08
816 1.158020e-08
817 6.919201e-09
818 4.134356e-09
819 2.498205e-09
820 1.545333e-09
821 9.716752e-10
822 6.097795e-10
823 3.743380e-10
824 2.212739e-10
825 5.074172e-07
826 3.706300e-07
827 2.746309e-07
828 1.710206e-07
829 1.041710e-07
830 6.171177e-08
831 3.767950e-08
832 2.416981e-08
833 1.631443e-08
834 0.000000e+00
835 0.000000e+00
836 0.000000e+00
837 0.000000e+00
838 0.000000e+00
839 0.000000e+00
840 7.604694e-07
841 5.555907e-07
842 4.121261e-07
843 2.594595e-07
844 1.576762e-07
845 9.329409e-08
846 5.685919e-08
847 3.634269e-08
848 2.446631e-08
849 0.000000e+00
850 0.000000e+00
851 0.000000e+00
852 0.000000e+00
853 0.000000e+00
854 0.000000e+00
855 9.028405e-07
856 6.596784e-07
857 4.894918e-07
858 3.093334e-07
859 1.878207e-07
860 1.110898e-07
861 6.766414e-08
862 4.319603e-08
863 2.905393e-08
864 0.000000e+00
865 0.000000e+00
866 0.000000e+00
867 0.000000e+00
868 0.000000e+00
869 0.000000e+00
870 9.986675e-07
871 7.297355e-07
872 5.415655e-07
873 3.429028e-07
874 2.081121e-07
875 1.230678e-07
876 7.493691e-08
877 4.780933e-08
878 3.214164e-08
879 0.000000e+00
880 0.000000e+00
881 0.000000e+00
882 0.000000e+00
883 0.000000e+00
884 0.000000e+00
885 1.070540e-06
886 7.822841e-07
887 5.806194e-07
888 3.680802e-07
889 2.233312e-07
890 1.320519e-07
891 8.039167e-08
892 5.126933e-08
893 3.445775e-08
894 0.000000e+00
895 0.000000e+00
896 0.000000e+00
897 0.000000e+00
898 0.000000e+00
899 0.000000e+00
900 1.128806e-06
901 8.248814e-07
902 6.122821e-07
903 3.884905e-07
904 2.356679e-07
905 1.393350e-07
906 8.481348e-08
907 5.407433e-08
908 3.633525e-08
909 0.000000e+00
910 0.000000e+00
911 0.000000e+00
912 0.000000e+00
913 0.000000e+00
914 0.000000e+00
915 1.179670e-06
916 8.620664e-07
917 6.399206e-07
918 4.063093e-07
919 2.464384e-07
920 1.456924e-07
921 8.867374e-08
922 5.652281e-08
923 3.797421e-08
924 0.000000e+00
925 0.000000e+00
926 0.000000e+00
927 0.000000e+00
928 0.000000e+00
929 0.000000e+00
930 1.227649e-06
931 8.971446e-07
932 6.659930e-07
933 4.231170e-07
934 2.565976e-07
935 1.516891e-07
936 9.231496e-08
937 5.883243e-08
938 3.952014e-08
939 0.000000e+00
940 0.000000e+00
941 0.000000e+00
942 0.000000e+00
943 0.000000e+00
944 0.000000e+00
945 1.284143e-06
946 9.384505e-07
947 6.966922e-07
948 4.429091e-07
949 2.685599e-07
950 1.587510e-07
951 9.660294e-08
952 6.155195e-08
953 4.134070e-08
954 0.000000e+00
955 0.000000e+00
956 0.000000e+00
957 0.000000e+00
958 0.000000e+00
959 0.000000e+00
960 3.383438e-07
961 2.695395e-07
962 1.955340e-07
963 1.466283e-07
964 9.076903e-08
965 5.555042e-08
966 3.228842e-08
967 1.930626e-08
968 1.209711e-08
969 8.008182e-09
970 0.000000e+00
971 0.000000e+00
972 0.000000e+00
973 0.000000e+00
974 0.000000e+00
975 5.193589e-07
976 4.164517e-07
977 3.023786e-07
978 2.265507e-07
979 1.419796e-07
980 8.657004e-08
981 5.028250e-08
982 3.002632e-08
983 1.874943e-08
984 1.237744e-08
985 0.000000e+00
986 0.000000e+00
987 0.000000e+00
988 0.000000e+00
989 0.000000e+00
990 6.439572e-07
991 5.177045e-07
992 3.760413e-07
993 2.816338e-07
994 1.773570e-07
995 1.079755e-07
996 6.270078e-08
997 3.742444e-08
998 2.333763e-08
999 1.538938e-08
1000 0.000000e+00
1001 0.000000e+00
1002 0.000000e+00
1003 0.000000e+00
1004 0.000000e+00
1005 7.373862e-07
1006 5.936222e-07
1007 4.312693e-07
1008 3.229340e-07
1009 2.038821e-07
1010 1.240238e-07
1011 7.201180e-08
1012 4.297154e-08
1013 2.677768e-08
1014 1.764760e-08
1015 0.000000e+00
1016 0.000000e+00
1017 0.000000e+00
1018 0.000000e+00
1019 0.000000e+00
1020 8.131380e-07
1021 6.551714e-07
1022 4.760470e-07
1023 3.564175e-07
1024 2.253887e-07
1025 1.370366e-07
1026 7.956125e-08
1027 4.746868e-08
1028 2.956693e-08
1029 1.947841e-08
1030 0.000000e+00
1031 0.000000e+00
1032 0.000000e+00
1033 0.000000e+00
1034 0.000000e+00
1035 8.792386e-07
1036 7.088850e-07
1037 5.151265e-07
1038 3.856379e-07
1039 2.441561e-07
1040 1.483919e-07
1041 8.614903e-08
1042 5.139358e-08
1043 3.200098e-08
1044 2.107633e-08
1045 0.000000e+00
1046 0.000000e+00
1047 0.000000e+00
1048 0.000000e+00
1049 0.000000e+00
1050 9.416152e-07
1051 7.595728e-07
1052 5.519993e-07
1053 4.132102e-07
1054 2.618643e-07
1055 1.591078e-07
1056 9.236573e-08
1057 5.509689e-08
1058 3.429776e-08
1059 2.258401e-08
1060 0.000000e+00
1061 0.000000e+00
1062 0.000000e+00
1063 0.000000e+00
1064 0.000000e+00
1065 1.015065e-06
1066 8.192598e-07
1067 5.954210e-07
1068 4.456819e-07
1069 2.827180e-07
1070 1.717265e-07
1071 9.968602e-08
1072 5.945822e-08
1073 3.700240e-08
1074 2.435948e-08
1075 0.000000e+00
1076 0.000000e+00
1077 0.000000e+00
1078 0.000000e+00
1079 0.000000e+00
1080 1.989449e-07
1081 1.809756e-07
1082 1.394586e-07
1083 1.008473e-07
1084 7.557385e-08
1085 4.370092e-08
1086 2.678692e-08
1087 1.544282e-08
1088 9.130010e-09
1089 5.679450e-09
1090 0.000000e+00
1091 0.000000e+00
1092 0.000000e+00
1093 0.000000e+00
1094 0.000000e+00
1095 3.294122e-07
1096 3.009104e-07
1097 2.327767e-07
1098 1.682282e-07
1099 1.262455e-07
1100 7.338349e-08
1101 4.509425e-08
1102 2.593844e-08
1103 1.528400e-08
1104 9.487025e-09
1105 0.000000e+00
1106 0.000000e+00
1107 0.000000e+00
1108 0.000000e+00
1109 0.000000e+00
1110 4.297155e-07
1111 3.931948e-07
1112 3.046366e-07
1113 2.201116e-07
1114 1.652681e-07
1115 9.627244e-08
1116 5.921468e-08
1117 3.403125e-08
1118 2.002586e-08
1119 1.241963e-08
1120 0.000000e+00
1121 0.000000e+00
1122 0.000000e+00
1123 0.000000e+00
1124 0.000000e+00
1125 5.109845e-07
1126 4.679596e-07
1127 3.628554e-07
1128 2.621468e-07
1129 1.968822e-07
1130 1.148160e-07
1131 7.065453e-08
1132 4.058773e-08
1133 2.386747e-08
1134 1.479556e-08
1135 0.000000e+00
1136 0.000000e+00
1137 0.000000e+00
1138 0.000000e+00
1139 0.000000e+00
1140 5.819089e-07
1141 5.332147e-07
1142 4.136668e-07
1143 2.988344e-07
1144 2.244753e-07
1145 1.310003e-07
1146 8.063920e-08
1147 4.631016e-08
1148 2.722039e-08
1149 1.686915e-08
1150 0.000000e+00
1151 0.000000e+00
1152 0.000000e+00
1153 0.000000e+00
1154 0.000000e+00
1155 6.488280e-07
1156 5.947811e-07
1157 4.616080e-07
1158 3.334480e-07
1159 2.505090e-07
1160 1.462704e-07
1161 9.005944e-08
1162 5.170918e-08
1163 3.038383e-08
1164 1.882554e-08
1165 0.000000e+00
1166 0.000000e+00
1167 0.000000e+00
1168 0.000000e+00
1169 0.000000e+00
1170 7.276288e-07
1171 6.672779e-07
1172 5.180593e-07
1173 3.742074e-07
1174 2.811636e-07
1175 1.642515e-07
1176 1.011521e-07
1177 5.806657e-08
1178 3.410901e-08
1179 2.112939e-08
1180 0.000000e+00
1181 0.000000e+00
1182 0.000000e+00
1183 0.000000e+00
1184 0.000000e+00
1185 1.319758e-07
1186 1.302885e-07
1187 1.095837e-07
1188 8.005791e-08
1189 5.946884e-08
1190 4.043395e-08
1191 2.385415e-08
1192 1.359220e-08
1193 7.858066e-09
1194 4.643117e-09
1195 2.908138e-09
1196 0.000000e+00
1197 0.000000e+00
1198 0.000000e+00
1199 0.000000e+00
1200 2.300978e-07
1201 2.277706e-07
1202 1.922556e-07
1203 1.406862e-07
1204 1.043426e-07
1205 7.141940e-08
1206 4.193608e-08
1207 2.392681e-08
1208 1.385081e-08
1209 8.170048e-09
1210 5.107155e-09
1211 0.000000e+00
1212 0.000000e+00
1213 0.000000e+00
1214 0.000000e+00
1215 3.114392e-07
1216 3.086223e-07
1217 2.608691e-07
1218 1.910227e-07
1219 1.415879e-07
1220 9.716493e-08
1221 5.694896e-08
1222 3.251004e-08
1223 1.882833e-08
1224 1.109881e-08
1225 6.932666e-09
1226 0.000000e+00
1227 0.000000e+00
1228 0.000000e+00
1229 0.000000e+00
1230 3.823508e-07
1231 3.791056e-07
1232 3.206796e-07
1233 2.349004e-07
1234 1.740542e-07
1235 1.196090e-07
1236 7.003570e-08
1237 3.999234e-08
1238 2.316740e-08
1239 1.365196e-08
1240 8.523961e-09
1241 0.000000e+00
1242 0.000000e+00
1243 0.000000e+00
1244 0.000000e+00
1245 4.492609e-07
1246 4.456062e-07
1247 3.771148e-07
1248 2.763012e-07
1249 2.046890e-07
1250 1.407858e-07
1251 8.238402e-08
1252 4.705233e-08
1253 2.726162e-08
1254 1.606101e-08
1255 1.002546e-08
1256 0.000000e+00
1257 0.000000e+00
1258 0.000000e+00
1259 0.000000e+00
1260 5.280496e-07
1261 5.239192e-07
1262 4.435727e-07
1263 3.250570e-07
1264 2.407641e-07
1265 1.657221e-07
1266 9.692543e-08
1267 5.536568e-08
1268 3.208270e-08
1269 1.889780e-08
1270 1.179363e-08
1271 0.000000e+00
1272 0.000000e+00
1273 0.000000e+00
1274 0.000000e+00
1275 9.467165e-08
1276 9.858454e-08
1277 8.922590e-08
1278 6.826966e-08
1279 4.934709e-08
1280 3.696617e-08
1281 2.089020e-08
1282 1.261789e-08
1283 7.128860e-09
1284 4.116991e-09
1285 2.464516e-09
1286 0.000000e+00
1287 0.000000e+00
1288 0.000000e+00
1289 0.000000e+00
1290 1.725581e-07
1291 1.800492e-07
1292 1.634415e-07
1293 1.253811e-07
1294 9.057316e-08
1295 6.795040e-08
1296 3.850441e-08
1297 2.332984e-08
1298 1.315257e-08
1299 7.578342e-09
1300 4.528006e-09
1301 0.000000e+00
1302 0.000000e+00
1303 0.000000e+00
1304 0.000000e+00
1305 2.416430e-07
1306 2.523310e-07
1307 2.293191e-07
1308 1.760962e-07
1309 1.271801e-07
1310 9.546770e-08
1311 5.415664e-08
1312 3.285248e-08
1313 1.850612e-08
1314 1.065319e-08
1315 6.360566e-09
1316 0.000000e+00
1317 0.000000e+00
1318 0.000000e+00
1319 0.000000e+00
1320 3.067524e-07
1321 3.204501e-07
1322 2.914028e-07
1323 2.238916e-07
1324 1.616797e-07
1325 1.214002e-07
1326 6.890656e-08
1327 4.182601e-08
1328 2.355098e-08
1329 1.355079e-08
1330 8.087581e-09
1331 0.000000e+00
1332 0.000000e+00
1333 0.000000e+00
1334 0.000000e+00
1335 3.834224e-07
1336 4.006648e-07
1337 3.645110e-07
1338 2.801706e-07
1339 2.023021e-07
1340 1.519358e-07
1341 8.627503e-08
1342 5.239296e-08
1343 2.949151e-08
1344 1.696285e-08
1345 1.012118e-08
1346 0.000000e+00
1347 0.000000e+00
1348 0.000000e+00
1349 0.000000e+00
1350 7.220169e-08
1351 7.815600e-08
1352 7.495282e-08
1353 6.074656e-08
1354 4.382582e-08
1355 3.303764e-08
1356 2.064265e-08
1357 1.265488e-08
1358 7.025660e-09
1359 3.868819e-09
1360 2.235844e-09
1361 1.359607e-09
1362 0.000000e+00
1363 0.000000e+00
1364 0.000000e+00
1365 1.376471e-07
1366 1.492350e-07
1367 1.434655e-07
1368 1.166061e-07
1369 8.417856e-08
1370 6.339823e-08
1371 3.987221e-08
1372 2.437457e-08
1373 1.353482e-08
1374 7.456655e-09
1375 4.299815e-09
1376 2.609185e-09
1377 0.000000e+00
1378 0.000000e+00
1379 0.000000e+00
1380 1.999464e-07
1381 2.169085e-07
1382 2.087131e-07
1383 1.698191e-07
1384 1.226234e-07
1385 9.231968e-08
1386 5.820329e-08
1387 3.554274e-08
1388 1.973779e-08
1389 1.087628e-08
1390 6.266460e-09
1391 3.799564e-09
1392 0.000000e+00
1393 0.000000e+00
1394 0.000000e+00
1395 2.732532e-07
1396 2.965382e-07
1397 2.854860e-07
1398 2.324312e-07
1399 1.678581e-07
1400 1.263493e-07
1401 7.977188e-08
1402 4.868327e-08
1403 2.703626e-08
1404 1.489979e-08
1405 8.580445e-09
1406 5.200194e-09
1407 0.000000e+00
1408 0.000000e+00
1409 0.000000e+00
1410 5.851303e-08
1411 6.530549e-08
1412 6.560766e-08
1413 5.635690e-08
1414 4.154124e-08
1415 3.059626e-08
1416 2.155574e-08
1417 1.229831e-08
1418 6.923953e-09
1419 3.917872e-09
1420 2.179280e-09
1421 1.270950e-09
1422 0.000000e+00
1423 0.000000e+00
1424 0.000000e+00
1425 1.169161e-07
1426 1.306687e-07
1427 1.315495e-07
1428 1.133287e-07
1429 8.367601e-08
1430 6.155300e-08
1431 4.356892e-08
1432 2.477707e-08
1433 1.397904e-08
1434 7.908911e-09
1435 4.396909e-09
1436 2.559273e-09
1437 0.000000e+00
1438 0.000000e+00
1439 0.000000e+00
1440 1.858066e-07
1441 2.077754e-07
1442 2.093484e-07
1443 1.805542e-07
1444 1.333986e-07
1445 9.808216e-08
1446 6.955079e-08
1447 3.950350e-08
1448 2.230616e-08
1449 1.261924e-08
1450 7.014201e-09
1451 4.079579e-09
1452 0.000000e+00
1453 0.000000e+00
1454 0.000000e+00
1455 5.056919e-08
1456 5.794997e-08
1457 6.057106e-08
1458 5.503309e-08
1459 4.220337e-08
1460 3.048187e-08
1461 2.289447e-08
1462 1.283521e-08
1463 7.677033e-09
1464 4.206188e-09
1465 2.318808e-09
1466 1.294771e-09
1467 0.000000e+00
1468 0.000000e+00
1469 0.000000e+00
1470 1.138131e-07
1471 1.305964e-07
1472 1.367712e-07
1473 1.246290e-07
1474 9.582382e-08
1475 6.917041e-08
1476 5.202567e-08
1477 2.925550e-08
1478 1.755968e-08
1479 9.602478e-09
1480 5.281095e-09
1481 2.942761e-09
1482 0.000000e+00
1483 0.000000e+00
1484 0.000000e+00
1485 5.313012e-08
1486 6.242988e-08
1487 6.769004e-08
1488 6.498376e-08
1489 5.268895e-08
1490 3.801806e-08
1491 2.868080e-08
1492 1.783227e-08
1493 1.085246e-08
1494 5.889183e-09
1495 3.101881e-09
1496 1.673576e-09
1497 9.320113e-10
1498 0.000000e+00
1499 0.000000e+00
1500 1.109684e-04
1501 8.086786e-05
1502 6.035546e-05
1503 3.805236e-05
1504 2.321989e-05
1505 1.369104e-05
1506 8.324421e-06
1507 5.304277e-06
1508 3.565556e-06
1509 0.000000e+00
1510 0.000000e+00
1511 0.000000e+00
1512 0.000000e+00
1513 0.000000e+00
1514 0.000000e+00
1515 5.757601e-05
1516 4.644359e-05
1517 3.369791e-05
1518 2.528332e-05
1519 1.597668e-05
1520 9.754545e-06
1521 5.648866e-06
1522 3.364481e-06
1523 2.093966e-06
1524 1.379138e-06
1525 0.000000e+00
1526 0.000000e+00
1527 0.000000e+00
1528 0.000000e+00
1529 0.000000e+00
1530 4.047788e-05
1531 3.713775e-05
1532 2.882267e-05
1533 2.080348e-05
1534 1.566222e-05
1535 9.111532e-06
1536 5.625604e-06
1537 3.225263e-06
1538 1.896511e-06
1539 1.174730e-06
1540 0.000000e+00
1541 0.000000e+00
1542 0.000000e+00
1543 0.000000e+00
1544 0.000000e+00
1545 2.912801e-05
1546 2.891312e-05
1547 2.448503e-05
1548 1.793535e-05
1549 1.328396e-05
1550 9.154542e-06
1551 5.351144e-06
1552 3.053081e-06
1553 1.771954e-06
1554 1.042590e-06
1555 6.506122e-07
1556 0.000000e+00
1557 0.000000e+00
1558 0.000000e+00
1559 0.000000e+00
1560 2.085098e-05
1561 2.179680e-05
1562 1.983793e-05
1563 1.524768e-05
1564 1.100576e-05
1565 8.274949e-06
1566 4.689296e-06
1567 2.850415e-06
1568 1.602925e-06
1569 9.233707e-07
1570 5.506294e-07
1571 0.000000e+00
1572 0.000000e+00
1573 0.000000e+00
1574 0.000000e+00
1575 1.487210e-05
1576 1.614453e-05
1577 1.554949e-05
1578 1.266314e-05
1579 9.143013e-06
1580 6.883420e-06
1581 4.347301e-06
1582 2.655947e-06
1583 1.474901e-06
1584 8.112783e-07
1585 4.673052e-07
1586 2.832009e-07
1587 0.000000e+00
1588 0.000000e+00
1589 0.000000e+00
1590 1.001028e-05
1591 1.119728e-05
1592 1.128693e-05
1593 9.739022e-06
1594 7.195644e-06
1595 5.289411e-06
1596 3.755371e-06
1597 2.130464e-06
1598 1.202339e-06
1599 6.811759e-07
1600 3.783133e-07
1601 2.200058e-07
1602 0.000000e+00
1603 0.000000e+00
1604 0.000000e+00
1605 6.201116e-06
1606 7.118100e-06
1607 7.458527e-06
1608 6.801106e-06
1609 5.231433e-06
1610 3.775220e-06
1611 2.841823e-06
1612 1.597077e-06
1613 9.596537e-07
1614 5.242846e-07
1615 2.885232e-07
1616 1.606418e-07
1617 0.000000e+00
1618 0.000000e+00
1619 0.000000e+00
1620 3.163407e-06
1621 3.720115e-06
1622 4.038202e-06
1623 3.883392e-06
1624 3.154630e-06
1625 2.276770e-06
1626 1.716871e-06
1627 1.071974e-06
1628 6.518364e-07
1629 3.538249e-07
1630 1.861971e-07
1631 1.003484e-07
1632 5.578990e-08
1633 0.000000e+00
1634 0.000000e+00
1635 8.891198e-07
1636 1.072208e-06
1637 1.206146e-06
1638 1.224576e-06
1639 1.066696e-06
1640 7.933436e-07
1641 5.815894e-07
1642 4.169104e-07
1643 2.343421e-07
1644 1.314261e-07
1645 7.164692e-08
1646 3.730540e-08
1647 1.958823e-08
1648 0.000000e+00
1649 0.000000e+00
