0 2.230200e-09
1 1.449254e-09
2 9.113707e-10
3 5.740789e-10
4 3.690304e-10
5 2.428553e-10
6 1.614968e-10
7 1.060695e-10
8 6.720653e-11
9 4.036105e-11
10 2.274773e-11
11 1.201692e-11
12 5.990237e-12
13 2.849781e-12
14 1.309921e-12
15 3.774731e-09
16 2.510179e-09
17 1.595333e-09
18 9.945183e-10
19 6.289789e-10
20 4.073624e-10
21 2.695141e-10
22 1.787110e-10
23 1.158667e-10
24 7.186517e-11
25 4.198894e-11
26 2.297233e-11
27 1.179864e-11
28 5.741527e-12
29 2.680284e-12
30 4.325020e-09
31 2.895947e-09
32 1.850660e-09
33 1.152403e-09
34 7.257831e-10
35 4.675360e-10
36 3.083795e-10
37 2.046445e-10
38 1.333306e-10
39 8.336801e-11
40 4.919155e-11
41 2.719619e-11
42 1.410181e-11
43 6.914526e-12
44 3.245647e-12
45 4.628890e-09
46 3.108925e-09
47 1.991689e-09
48 1.239702e-09
49 7.792892e-10
50 5.008925e-10
51 3.298658e-10
52 2.189489e-10
53 1.429617e-10
54 8.968148e-11
55 5.315905e-11
56 2.952387e-11
57 1.537291e-11
58 7.562694e-12
59 3.558284e-12
60 4.832208e-09
61 3.251824e-09
62 2.086235e-09
63 1.298245e-09
64 8.152002e-10
65 5.232523e-10
66 3.443032e-10
67 2.285198e-10
68 1.493982e-10
69 9.393322e-11
70 5.583423e-11
71 3.109645e-11
72 1.622630e-11
73 7.997502e-12
74 3.768020e-12
75 5.004508e-09
76 3.371855e-09
77 2.165756e-09
78 1.347519e-09
79 8.455307e-10
80 5.421527e-10
81 3.565154e-10
82 2.366970e-10
83 1.548845e-10
84 9.752425e-11
85 5.805552e-11
86 3.239095e-11
87 1.693411e-11
88 8.357650e-12
89 3.941350e-12
90 5.108581e-09
91 3.445546e-09
92 2.214692e-09
93 1.377921e-09
94 8.640170e-10
95 5.535753e-10
96 3.638857e-10
97 2.416114e-10
98 1.582193e-10
99 9.972608e-11
100 5.945965e-11
101 3.322218e-11
102 1.738941e-11
103 8.590011e-12
104 4.054088e-12
105 5.217493e-09
106 3.521386e-09
107 2.265104e-09
108 1.409068e-09
109 8.831090e-10
110 5.654363e-10
111 3.715165e-10
112 2.467334e-10
113 1.615997e-10
114 1.019648e-10
115 6.085614e-11
116 3.405200e-11
117 1.784508e-11
118 8.821966e-12
119 4.163171e-12
120 5.320322e-09
121 3.593942e-09
122 2.313282e-09
123 1.438399e-09
124 9.012161e-10
125 5.767715e-10
126 3.788636e-10
127 2.516159e-10
128 1.649379e-10
129 1.041551e-10
130 6.224033e-11
131 3.485175e-11
132 1.827417e-11
133 9.042053e-12
134 4.271739e-12
135 5.438585e-09
136 3.676423e-09
137 2.368527e-09
138 1.473013e-09
139 9.222737e-10
140 5.898757e-10
141 3.872559e-10
142 2.571531e-10
143 1.687057e-10
144 1.066541e-10
145 6.379906e-11
146 3.576685e-11
147 1.877808e-11
148 9.297046e-12
149 4.394684e-12
150 7.892872e-09
151 5.433817e-09
152 3.568455e-09
153 2.229058e-09
154 1.382174e-09
155 8.714479e-10
156 5.652122e-10
157 3.740685e-10
158 2.473247e-10
159 1.592186e-10
160 9.764431e-11
161 5.627158e-11
162 3.032744e-11
163 1.534836e-11
164 7.373045e-12
165 9.975737e-09
166 6.954875e-09
167 4.634007e-09
168 2.924775e-09
169 1.804326e-09
170 1.128321e-09
171 7.238007e-10
172 4.759344e-10
173 3.151372e-10
174 2.047557e-10
175 1.275374e-10
176 7.492694e-11
177 4.119473e-11
178 2.122697e-11
179 1.034107e-11
180 1.118697e-08
181 7.843750e-09
182 5.257776e-09
183 3.335634e-09
184 2.054531e-09
185 1.280638e-09
186 8.173360e-10
187 5.357508e-10
188 3.547807e-10
189 2.313721e-10
190 1.450441e-10
191 8.589152e-11
192 4.762732e-11
193 2.473512e-11
194 1.212724e-11
195 1.200239e-08
196 8.443629e-09
197 5.678622e-09
198 3.612822e-09
199 2.223621e-09
200 1.383354e-09
201 8.804429e-10
202 5.761717e-10
203 3.815731e-10
204 2.493400e-10
205 1.568659e-10
206 9.330868e-11
207 5.198166e-11
208 2.710959e-11
209 1.333613e-11
210 1.266365e-08
211 8.928129e-09
212 6.018035e-09
213 3.835647e-09
214 2.359704e-09
215 1.466291e-09
216 9.315239e-10
217 6.088286e-10
218 4.031508e-10
219 2.638103e-10
220 1.663542e-10
221 9.924905e-11
222 5.545190e-11
223 2.899965e-11
224 1.429677e-11
225 1.311014e-08
226 9.257236e-09
227 6.249383e-09
228 3.988935e-09
229 2.453201e-09
230 1.522916e-09
231 9.660983e-10
232 6.309223e-10
233 4.178202e-10
234 2.736736e-10
235 1.728744e-10
236 1.033359e-10
237 5.786535e-11
238 3.031898e-11
239 1.497210e-11
240 1.354097e-08
241 9.573931e-09
242 6.472240e-09
243 4.135803e-09
244 2.542868e-09
245 1.577591e-09
246 9.995450e-10
247 6.522583e-10
248 4.320092e-10
249 2.831810e-10
250 1.791247e-10
251 1.072593e-10
252 6.017325e-11
253 3.157846e-11
254 1.561161e-11
255 1.395313e-08
256 9.876725e-09
257 6.685280e-09
258 4.276301e-09
259 2.628250e-09
260 1.629335e-09
261 1.031386e-09
262 6.726695e-10
263 4.455277e-10
264 2.922498e-10
265 1.850917e-10
266 1.110084e-10
267 6.237103e-11
268 3.277044e-11
269 1.621819e-11
270 1.443012e-08
271 1.022693e-08
272 6.930794e-09
273 4.438084e-09
274 2.726515e-09
275 1.689712e-09
276 1.068606e-09
277 6.963154e-10
278 4.611239e-10
279 3.027237e-10
280 1.919998e-10
281 1.153392e-10
282 6.490620e-11
283 3.415894e-11
284 1.692510e-11
285 1.364223e-08
286 9.705536e-09
287 6.591801e-09
288 4.253382e-09
289 2.621203e-09
290 1.623463e-09
291 1.023549e-09
292 6.640056e-10
293 4.380424e-10
294 2.871071e-10
295 1.822927e-10
296 1.099495e-10
297 6.227027e-11
298 3.301769e-11
299 1.647594e-11
300 1.605063e-08
301 1.154924e-08
302 7.915166e-09
303 5.165968e-09
304 3.195660e-09
305 1.969475e-09
306 1.232045e-09
307 7.930765e-10
308 5.212696e-10
309 3.424277e-10
310 2.191276e-10
311 1.337554e-10
312 7.683976e-11
313 4.133885e-11
314 2.089487e-11
315 1.770557e-08
316 1.282435e-08
317 8.831966e-09
318 5.800177e-09
319 3.597717e-09
320 2.210836e-09
321 1.377798e-09
322 8.830913e-10
323 5.790873e-10
324 3.807736e-10
325 2.446494e-10
326 1.502750e-10
327 8.697856e-11
328 4.715103e-11
329 2.399410e-11
330 1.902446e-08
331 1.383595e-08
332 9.557176e-09
333 6.300089e-09
334 3.914468e-09
335 2.401695e-09
336 1.492973e-09
337 9.543680e-10
338 6.250099e-10
339 4.111270e-10
340 2.648273e-10
341 1.633016e-10
342 9.495549e-11
343 5.171519e-11
344 2.642457e-11
345 1.995741e-08
346 1.455783e-08
347 1.007932e-08
348 6.661472e-09
349 4.143724e-09
350 2.539691e-09
351 1.575731e-09
352 1.005351e-09
353 6.576927e-10
354 4.328441e-10
355 2.793067e-10
356 1.727065e-10
357 1.007474e-10
358 5.504619e-11
359 2.820782e-11
360 2.083764e-08
361 1.523570e-08
362 1.056701e-08
363 6.997422e-09
364 4.356833e-09
365 2.667726e-09
366 1.653006e-09
367 1.053109e-09
368 6.883788e-10
369 4.532093e-10
370 2.928466e-10
371 1.814677e-10
372 1.061254e-10
373 5.813098e-11
374 2.985170e-11
375 2.166924e-08
376 1.587749e-08
377 1.102891e-08
378 7.316087e-09
379 4.558976e-09
380 2.789549e-09
381 1.726153e-09
382 1.098239e-09
383 7.173977e-10
384 4.724534e-10
385 3.056651e-10
386 1.897589e-10
387 1.112124e-10
388 6.104668e-11
389 3.140636e-11
390 2.264173e-08
391 1.662520e-08
392 1.156683e-08
393 7.688218e-09
394 4.794478e-09
395 2.931560e-09
396 1.812066e-09
397 1.151314e-09
398 7.513854e-10
399 4.950338e-10
400 3.206886e-10
401 1.994858e-10
402 1.171838e-10
403 6.446495e-11
404 3.323033e-11
405 1.966809e-08
406 1.441290e-08
407 1.000211e-08
408 6.631008e-09
409 4.149977e-09
410 2.541389e-09
411 1.576029e-09
412 1.002088e-09
413 6.532482e-10
414 4.290437e-10
415 2.768050e-10
416 1.715025e-10
417 1.004479e-10
418 5.518698e-11
419 2.845110e-11
420 2.232891e-08
421 1.655428e-08
422 1.157809e-08
423 7.739770e-09
424 4.885694e-09
425 2.983807e-09
426 1.842424e-09
427 1.162736e-09
428 7.536775e-10
429 4.943634e-10
430 3.201393e-10
431 1.999237e-10
432 1.183529e-10
433 6.580713e-11
434 3.432331e-11
435 2.444144e-08
436 1.825339e-08
437 1.282600e-08
438 8.619519e-09
439 5.468815e-09
440 3.335442e-09
441 2.054679e-09
442 1.290617e-09
443 8.337485e-10
444 5.463363e-10
445 3.545536e-10
446 2.224533e-10
447 1.325310e-10
448 7.421533e-11
449 3.897530e-11
450 2.597902e-08
451 1.950150e-08
452 1.374993e-08
453 9.272806e-09
454 5.902977e-09
455 3.597673e-09
456 2.211948e-09
457 1.385315e-09
458 8.925558e-10
459 5.845830e-10
460 3.799300e-10
461 2.391353e-10
462 1.430810e-10
463 8.050213e-11
464 4.246876e-11
465 2.740791e-08
466 2.065454e-08
467 1.460039e-08
468 9.869955e-09
469 6.300395e-09
470 3.837909e-09
471 2.356048e-09
472 1.472131e-09
473 9.468915e-10
474 6.198345e-10
475 4.032840e-10
476 2.544514e-10
477 1.527402e-10
478 8.624315e-11
479 4.565106e-11
480 2.875768e-08
481 2.174428e-08
482 1.540315e-08
483 1.043589e-08
484 6.676989e-09
485 4.064699e-09
486 2.492784e-09
487 1.554250e-09
488 9.981970e-10
489 6.531607e-10
490 4.254062e-10
491 2.689569e-10
492 1.618856e-10
493 9.166927e-11
494 4.865767e-11
495 3.033785e-08
496 2.301549e-08
497 1.634341e-08
498 1.109840e-08
499 7.116876e-09
500 4.330212e-09
501 2.652527e-09
502 1.650541e-09
503 1.058270e-09
504 6.921717e-10
505 4.512382e-10
506 2.858847e-10
507 1.725721e-10
508 9.802724e-11
509 5.218104e-11
510 2.601651e-08
511 1.962041e-08
512 1.388146e-08
513 9.377212e-09
514 6.000612e-09
515 3.664744e-09
516 2.251377e-09
517 1.406023e-09
518 9.030812e-10
519 5.899605e-10
520 3.830957e-10
521 2.413825e-10
522 1.448410e-10
523 8.185083e-11
524 4.341138e-11
525 2.904613e-08
526 2.215904e-08
527 1.580294e-08
528 1.074732e-08
529 6.936484e-09
530 4.243646e-09
531 2.598204e-09
532 1.612014e-09
533 1.029236e-09
534 6.701235e-10
535 4.356023e-10
536 2.758756e-10
537 1.669028e-10
538 9.527193e-11
539 5.106662e-11
540 3.131131e-08
541 2.407517e-08
542 1.726159e-08
543 1.179264e-08
544 7.653606e-09
545 4.689508e-09
546 2.863842e-09
547 1.769650e-09
548 1.125074e-09
549 7.309748e-10
550 4.754473e-10
551 3.021154e-10
552 1.837567e-10
553 1.055771e-10
554 5.697529e-11
555 3.338463e-08
556 2.582164e-08
557 1.858969e-08
558 1.273975e-08
559 8.302919e-09
560 5.091785e-09
561 3.104583e-09
562 1.912626e-09
563 1.212362e-09
564 7.863281e-10
565 5.116747e-10
566 3.259352e-10
567 1.990215e-10
568 1.148874e-10
569 6.230134e-11
570 3.535039e-08
571 2.747784e-08
572 1.984896e-08
573 1.363905e-08
574 8.919680e-09
575 5.474088e-09
576 3.333158e-09
577 2.048354e-09
578 1.295165e-09
579 8.388683e-10
580 5.460766e-10
581 3.485510e-10
582 2.135139e-10
583 1.237268e-10
584 6.735828e-11
585 3.765457e-08
586 2.941283e-08
587 2.132067e-08
588 1.468958e-08
589 9.637885e-09
590 5.919936e-09
591 3.599677e-09
592 2.206493e-09
593 1.391663e-09
594 9.000977e-10
595 5.861595e-10
596 3.749103e-10
597 2.304073e-10
598 1.340299e-10
599 7.325222e-11
600 3.304607e-08
601 2.561873e-08
602 1.848599e-08
603 1.268077e-08
604 8.279361e-09
605 5.097473e-09
606 3.105711e-09
607 1.912553e-09
608 1.210125e-09
609 7.832001e-10
610 5.087931e-10
611 3.238743e-10
612 1.978601e-10
613 1.144115e-10
614 6.221663e-11
615 3.617292e-08
616 2.836246e-08
617 2.064378e-08
618 1.424724e-08
619 9.372927e-09
620 5.801902e-09
621 3.523125e-09
622 2.159994e-09
623 1.357866e-09
624 8.747547e-10
625 5.677178e-10
626 3.624789e-10
627 2.228467e-10
628 1.299687e-10
629 7.136410e-11
630 3.902029e-08
631 3.085457e-08
632 2.260108e-08
633 1.566408e-08
634 1.036183e-08
635 6.438401e-09
636 3.901066e-09
637 2.384113e-09
638 1.492056e-09
639 9.578480e-10
640 6.211719e-10
641 3.974511e-10
642 2.454416e-10
643 1.440113e-10
644 7.960889e-11
645 4.171668e-08
646 3.321436e-08
647 2.445406e-08
648 1.700826e-08
649 1.129857e-08
650 7.041669e-09
651 4.259198e-09
652 2.596637e-09
653 1.619087e-09
654 1.036544e-09
655 6.718140e-10
656 4.305852e-10
657 2.668481e-10
658 1.573139e-10
659 8.741744e-11
660 4.487602e-08
661 3.597290e-08
662 2.662022e-08
663 1.857734e-08
664 1.239189e-08
665 7.745577e-09
666 4.676878e-09
667 2.844448e-09
668 1.767342e-09
669 1.128456e-09
670 7.309268e-10
671 4.692652e-10
672 2.918403e-10
673 1.728454e-10
674 9.653627e-11
675 4.020408e-08
676 3.200871e-08
677 2.359106e-08
678 1.641668e-08
679 1.090298e-08
680 6.815691e-09
681 4.125496e-09
682 2.517764e-09
683 1.568558e-09
684 1.002761e-09
685 6.487719e-10
686 4.151353e-10
687 2.570083e-10
688 1.514821e-10
689 8.424870e-11
690 4.394725e-08
691 3.539344e-08
692 2.634270e-08
693 1.844554e-08
694 1.233449e-08
695 7.767920e-09
696 4.694845e-09
697 2.856284e-09
698 1.767628e-09
699 1.123277e-09
700 7.247418e-10
701 4.643297e-10
702 2.888440e-10
703 1.715207e-10
704 9.625750e-11
705 4.749173e-08
706 3.861128e-08
707 2.895277e-08
708 2.037749e-08
709 1.369625e-08
710 8.674227e-09
711 5.236951e-09
712 3.178255e-09
713 1.957064e-09
714 1.237939e-09
715 7.970146e-10
716 5.110929e-10
717 3.191002e-10
718 1.905653e-10
719 1.076779e-10
720 5.164133e-08
721 4.237137e-08
722 3.199932e-08
723 2.262878e-08
724 1.528280e-08
725 9.731143e-09
726 5.869178e-09
727 3.554096e-09
728 2.177830e-09
729 1.371688e-09
730 8.812213e-10
731 5.655915e-10
732 3.543658e-10
733 2.127621e-10
734 1.209889e-10
735 4.871096e-08
736 3.983740e-08
737 3.005148e-08
738 2.124353e-08
739 1.432377e-08
740 9.122692e-09
741 5.519169e-09
742 3.345104e-09
743 2.051856e-09
744 1.292551e-09
745 8.293928e-10
746 5.311942e-10
747 3.319926e-10
748 1.988770e-10
749 1.129111e-10
750 5.333013e-08
751 4.416495e-08
752 3.369401e-08
753 2.400121e-08
754 1.628817e-08
755 1.046367e-08
756 6.342250e-09
757 3.831525e-09
758 2.334824e-09
759 1.460571e-09
760 9.327781e-10
761 5.969630e-10
762 3.743310e-10
763 2.257154e-10
764 1.292811e-10
765 5.873270e-08
766 4.922548e-08
767 3.793838e-08
768 2.721912e-08
769 1.858229e-08
770 1.203104e-08
771 7.304806e-09
772 4.400708e-09
773 2.665405e-09
774 1.656916e-09
775 1.053512e-09
776 6.737634e-10
777 4.237692e-10
778 2.570522e-10
779 1.483971e-10
780 5.927945e-08
781 4.990467e-08
782 3.867821e-08
783 2.787873e-08
784 1.908279e-08
785 1.240450e-08
786 7.571714e-09
787 4.553271e-09
788 2.753504e-09
789 1.705125e-09
790 1.079879e-09
791 6.887158e-10
792 4.328133e-10
793 2.628487e-10
794 1.522005e-10
795 6.637616e-08
796 5.678054e-08
797 4.467853e-08
798 3.257738e-08
799 2.248215e-08
800 1.476916e-08
801 9.082849e-09
802 5.440272e-09
803 3.269303e-09
804 2.005068e-09
805 1.259367e-09
806 8.000754e-10
807 5.035056e-10
808 3.076504e-10
809 1.798683e-10
810 7.618783e-08
811 6.663521e-08
812 5.367311e-08
813 3.991500e-08
814 2.791391e-08
815 1.860219e-08
816 1.163747e-08
817 6.953166e-09
818 4.154241e-09
819 2.509531e-09
820 1.551892e-09
821 9.756015e-10
822 6.122068e-10
823 3.758593e-10
824 2.222182e-10
825 5.051833e-07
826 3.689885e-07
827 2.734121e-07
828 1.701854e-07
829 1.036763e-07
830 6.141998e-08
831 3.750356e-08
832 2.406020e-08
833 1.624200e-08
834 0.000000e+00
835 0.000000e+00
836 0.000000e+00
837 0.000000e+00
838 0.000000e+00
839 0.000000e+00
840 7.610405e-07
841 5.560082e-07
842 4.124365e-07
843 2.596595e-07
844 1.577971e-07
845 9.336573e-08
846 5.690253e-08
847 3.637018e-08
848 2.448471e-08
849 0.000000e+00
850 0.000000e+00
851 0.000000e+00
852 0.000000e+00
853 0.000000e+00
854 0.000000e+00
855 9.035639e-07
856 6.602073e-07
857 4.898850e-07
858 3.095869e-07
859 1.879740e-07
860 1.111802e-07
861 6.771905e-08
862 4.323086e-08
863 2.907717e-08
864 0.000000e+00
865 0.000000e+00
866 0.000000e+00
867 0.000000e+00
868 0.000000e+00
869 0.000000e+00
870 9.994228e-07
871 7.302876e-07
872 5.419759e-07
873 3.431673e-07
874 2.082720e-07
875 1.231622e-07
876 7.499422e-08
877 4.784569e-08
878 3.216597e-08
879 0.000000e+00
880 0.000000e+00
881 0.000000e+00
882 0.000000e+00
883 0.000000e+00
884 0.000000e+00
885 1.075522e-06
886 7.859247e-07
887 5.833221e-07
888 3.697978e-07
889 2.243728e-07
890 1.326676e-07
891 8.076636e-08
892 5.150809e-08
893 3.461812e-08
894 0.000000e+00
895 0.000000e+00
896 0.000000e+00
897 0.000000e+00
898 0.000000e+00
899 0.000000e+00
900 1.129530e-06
901 8.254108e-07
902 6.126756e-07
903 3.887442e-07
904 2.358212e-07
905 1.394255e-07
906 8.486843e-08
907 5.410918e-08
908 3.635858e-08
909 0.000000e+00
910 0.000000e+00
911 0.000000e+00
912 0.000000e+00
913 0.000000e+00
914 0.000000e+00
915 1.180357e-06
916 8.625690e-07
917 6.402941e-07
918 4.065501e-07
919 2.465840e-07
920 1.457783e-07
921 8.872591e-08
922 5.655590e-08
923 3.799636e-08
924 0.000000e+00
925 0.000000e+00
926 0.000000e+00
927 0.000000e+00
928 0.000000e+00
929 0.000000e+00
930 1.228542e-06
931 8.977974e-07
932 6.664781e-07
933 4.234298e-07
934 2.567866e-07
935 1.518007e-07
936 9.238273e-08
937 5.887541e-08
938 3.954891e-08
939 0.000000e+00
940 0.000000e+00
941 0.000000e+00
942 0.000000e+00
943 0.000000e+00
944 0.000000e+00
945 1.284762e-06
946 9.389029e-07
947 6.970284e-07
948 4.431258e-07
949 2.686909e-07
950 1.588284e-07
951 9.664990e-08
952 6.158173e-08
953 4.136063e-08
954 0.000000e+00
955 0.000000e+00
956 0.000000e+00
957 0.000000e+00
958 0.000000e+00
959 0.000000e+00
960 3.375166e-07
961 2.688151e-07
962 1.949998e-07
963 1.462346e-07
964 9.048111e-08
965 5.538508e-08
966 3.219222e-08
967 1.924918e-08
968 1.206301e-08
969 7.986492e-09
970 0.000000e+00
971 0.000000e+00
972 0.000000e+00
973 0.000000e+00
974 0.000000e+00
975 5.202940e-07
976 4.172112e-07
977 3.029320e-07
978 2.269646e-07
979 1.422453e-07
980 8.673086e-08
981 5.037578e-08
982 3.008189e-08
983 1.878384e-08
984 1.240007e-08
985 0.000000e+00
986 0.000000e+00
987 0.000000e+00
988 0.000000e+00
989 0.000000e+00
990 6.449357e-07
991 5.184997e-07
992 3.766197e-07
993 2.820662e-07
994 1.776349e-07
995 1.081436e-07
996 6.279830e-08
997 3.748254e-08
998 2.337366e-08
999 1.541303e-08
1000 0.000000e+00
1001 0.000000e+00
1002 0.000000e+00
1003 0.000000e+00
1004 0.000000e+00
1005 7.412762e-07
1006 5.967613e-07
1007 4.335506e-07
1008 3.246417e-07
1009 2.049650e-07
1010 1.246816e-07
1011 7.239367e-08
1012 4.319932e-08
1013 2.691945e-08
1014 1.774094e-08
1015 0.000000e+00
1016 0.000000e+00
1017 0.000000e+00
1018 0.000000e+00
1019 0.000000e+00
1020 8.140782e-07
1021 6.559357e-07
1022 4.766028e-07
1023 3.568331e-07
1024 2.256557e-07
1025 1.371981e-07
1026 7.965495e-08
1027 4.752459e-08
1028 2.960155e-08
1029 1.950114e-08
1030 0.000000e+00
1031 0.000000e+00
1032 0.000000e+00
1033 0.000000e+00
1034 0.000000e+00
1035 8.801389e-07
1036 7.096165e-07
1037 5.156587e-07
1038 3.860358e-07
1039 2.444116e-07
1040 1.485465e-07
1041 8.623874e-08
1042 5.144702e-08
1043 3.203413e-08
1044 2.109809e-08
1045 0.000000e+00
1046 0.000000e+00
1047 0.000000e+00
1048 0.000000e+00
1049 0.000000e+00
1050 9.427813e-07
1051 7.605202e-07
1052 5.526886e-07
1053 4.137256e-07
1054 2.621953e-07
1055 1.593081e-07
1056 9.248192e-08
1057 5.516611e-08
1058 3.434069e-08
1059 2.261220e-08
1060 0.000000e+00
1061 0.000000e+00
1062 0.000000e+00
1063 0.000000e+00
1064 0.000000e+00
1065 1.015870e-06
1066 8.199145e-07
1067 5.958972e-07
1068 4.460381e-07
1069 2.829467e-07
1070 1.718649e-07
1071 9.976631e-08
1072 5.950605e-08
1073 3.703206e-08
1074 2.437896e-08
1075 0.000000e+00
1076 0.000000e+00
1077 0.000000e+00
1078 0.000000e+00
1079 0.000000e+00
1080 1.985589e-07
1081 1.805915e-07
1082 1.391364e-07
1083 1.006168e-07
1084 7.539723e-08
1085 4.358608e-08
1086 2.671409e-08
1087 1.540223e-08
1088 9.107632e-09
1089 5.666113e-09
1090 0.000000e+00
1091 0.000000e+00
1092 0.000000e+00
1093 0.000000e+00
1094 0.000000e+00
1095 3.304724e-07
1096 3.018856e-07
1097 2.335360e-07
1098 1.687765e-07
1099 1.266578e-07
1100 7.362519e-08
1101 4.524339e-08
1102 2.602397e-08
1103 1.533407e-08
1104 9.518006e-09
1105 0.000000e+00
1106 0.000000e+00
1107 0.000000e+00
1108 0.000000e+00
1109 0.000000e+00
1110 4.324619e-07
1111 3.957130e-07
1112 3.065915e-07
1113 2.215237e-07
1114 1.663290e-07
1115 9.689211e-08
1116 5.959627e-08
1117 3.425031e-08
1118 2.015456e-08
1119 1.249935e-08
1120 0.000000e+00
1121 0.000000e+00
1122 0.000000e+00
1123 0.000000e+00
1124 0.000000e+00
1125 5.119954e-07
1126 4.688897e-07
1127 3.635797e-07
1128 2.626697e-07
1129 1.972755e-07
1130 1.150466e-07
1131 7.079686e-08
1132 4.066929e-08
1133 2.391526e-08
1134 1.482511e-08
1135 0.000000e+00
1136 0.000000e+00
1137 0.000000e+00
1138 0.000000e+00
1139 0.000000e+00
1140 5.828699e-07
1141 5.340989e-07
1142 4.143552e-07
1143 2.993309e-07
1144 2.248490e-07
1145 1.312196e-07
1146 8.077449e-08
1147 4.638769e-08
1148 2.726582e-08
1149 1.689725e-08
1150 0.000000e+00
1151 0.000000e+00
1152 0.000000e+00
1153 0.000000e+00
1154 0.000000e+00
1155 6.500772e-07
1156 5.959305e-07
1157 4.625030e-07
1158 3.340942e-07
1159 2.509951e-07
1160 1.465555e-07
1161 9.023533e-08
1162 5.180999e-08
1163 3.044290e-08
1164 1.886207e-08
1165 0.000000e+00
1166 0.000000e+00
1167 0.000000e+00
1168 0.000000e+00
1169 0.000000e+00
1170 7.284947e-07
1171 6.680746e-07
1172 5.186797e-07
1173 3.746553e-07
1174 2.815005e-07
1175 1.644491e-07
1176 1.012740e-07
1177 5.813642e-08
1178 3.414994e-08
1179 2.115471e-08
1180 0.000000e+00
1181 0.000000e+00
1182 0.000000e+00
1183 0.000000e+00
1184 0.000000e+00
1185 1.319318e-07
1186 1.302294e-07
1187 1.095152e-07
1188 8.000094e-08
1189 5.943094e-08
1190 4.039550e-08
1191 2.383684e-08
1192 1.358128e-08
1193 7.851389e-09
1194 4.639520e-09
1195 2.906154e-09
1196 0.000000e+00
1197 0.000000e+00
1198 0.000000e+00
1199 0.000000e+00
1200 2.320740e-07
1201 2.297312e-07
1202 1.939156e-07
1203 1.419026e-07
1204 1.052434e-07
1205 7.203930e-08
1206 4.229874e-08
1207 2.413395e-08
1208 1.397085e-08
1209 8.240741e-09
1210 5.151283e-09
1211 0.000000e+00
1212 0.000000e+00
1213 0.000000e+00
1214 0.000000e+00
1215 3.124502e-07
1216 3.096267e-07
1217 2.617219e-07
1218 1.916479e-07
1219 1.420508e-07
1220 9.748491e-08
1221 5.713554e-08
1222 3.261671e-08
1223 1.889019e-08
1224 1.113521e-08
1225 6.955369e-09
1226 0.000000e+00
1227 0.000000e+00
1228 0.000000e+00
1229 0.000000e+00
1230 3.833151e-07
1231 3.800641e-07
1232 3.214929e-07
1233 2.354968e-07
1234 1.744957e-07
1235 1.199142e-07
1236 7.021367e-08
1237 4.009403e-08
1238 2.322641e-08
1239 1.368668e-08
1240 8.545602e-09
1241 0.000000e+00
1242 0.000000e+00
1243 0.000000e+00
1244 0.000000e+00
1245 4.505115e-07
1246 4.468492e-07
1247 3.781696e-07
1248 2.770750e-07
1249 2.052616e-07
1250 1.411814e-07
1251 8.261481e-08
1252 4.718429e-08
1253 2.733814e-08
1254 1.610604e-08
1255 1.005353e-08
1256 0.000000e+00
1257 0.000000e+00
1258 0.000000e+00
1259 0.000000e+00
1260 5.289117e-07
1261 5.247755e-07
1262 4.442999e-07
1263 3.255905e-07
1264 2.411589e-07
1265 1.659949e-07
1266 9.708455e-08
1267 5.545665e-08
1268 3.213545e-08
1269 1.892885e-08
1270 1.181298e-08
1271 0.000000e+00
1272 0.000000e+00
1273 0.000000e+00
1274 0.000000e+00
1275 9.526707e-08
1276 9.919623e-08
1277 8.976840e-08
1278 6.867665e-08
1279 4.964243e-08
1280 3.718530e-08
1281 2.101113e-08
1282 1.268927e-08
1283 7.169822e-09
1284 4.141133e-09
1285 2.479152e-09
1286 0.000000e+00
1287 0.000000e+00
1288 0.000000e+00
1289 0.000000e+00
1290 1.735648e-07
1291 1.811029e-07
1292 1.644023e-07
1293 1.261207e-07
1294 9.110709e-08
1295 6.835189e-08
1296 3.873279e-08
1297 2.346882e-08
1298 1.323071e-08
1299 7.623206e-09
1300 4.554730e-09
1301 0.000000e+00
1302 0.000000e+00
1303 0.000000e+00
1304 0.000000e+00
1305 2.425821e-07
1306 2.533135e-07
1307 2.302145e-07
1308 1.767854e-07
1309 1.276777e-07
1310 9.584173e-08
1311 5.436938e-08
1312 3.298191e-08
1313 1.857887e-08
1314 1.069498e-08
1315 6.385475e-09
1316 0.000000e+00
1317 0.000000e+00
1318 0.000000e+00
1319 0.000000e+00
1320 3.079691e-07
1321 3.217230e-07
1322 2.925630e-07
1323 2.247846e-07
1324 1.623243e-07
1325 1.218848e-07
1326 6.918221e-08
1327 4.199374e-08
1328 2.364526e-08
1329 1.360493e-08
1330 8.119855e-09
1331 0.000000e+00
1332 0.000000e+00
1333 0.000000e+00
1334 0.000000e+00
1335 3.842637e-07
1336 4.015447e-07
1337 3.653129e-07
1338 2.807885e-07
1339 2.027477e-07
1340 1.522708e-07
1341 8.646556e-08
1342 5.250888e-08
1343 2.955668e-08
1344 1.700028e-08
1345 1.014349e-08
1346 0.000000e+00
1347 0.000000e+00
1348 0.000000e+00
1349 0.000000e+00
1350 7.261838e-08
1351 7.860345e-08
1352 7.537627e-08
1353 6.108434e-08
1354 4.406854e-08
1355 3.322156e-08
1356 2.075329e-08
1357 1.272398e-08
1358 7.063971e-09
1359 3.889784e-09
1360 2.248124e-09
1361 1.367171e-09
1362 0.000000e+00
1363 0.000000e+00
1364 0.000000e+00
1365 1.385620e-07
1366 1.502290e-07
1367 1.444240e-07
1368 1.173878e-07
1369 8.474327e-08
1370 6.382321e-08
1371 4.014170e-08
1372 2.453874e-08
1373 1.362600e-08
1374 7.506926e-09
1375 4.328711e-09
1376 2.626679e-09
1377 0.000000e+00
1378 0.000000e+00
1379 0.000000e+00
1380 2.011093e-07
1381 2.181718e-07
1382 2.099310e-07
1383 1.708124e-07
1384 1.233410e-07
1385 9.285952e-08
1386 5.854544e-08
1387 3.575120e-08
1388 1.985358e-08
1389 1.094014e-08
1390 6.303170e-09
1391 3.821783e-09
1392 0.000000e+00
1393 0.000000e+00
1394 0.000000e+00
1395 2.740564e-07
1396 2.974108e-07
1397 2.863272e-07
1398 2.331173e-07
1399 1.683537e-07
1400 1.267222e-07
1401 8.000817e-08
1402 4.882726e-08
1403 2.711623e-08
1404 1.494387e-08
1405 8.605788e-09
1406 5.215544e-09
1407 0.000000e+00
1408 0.000000e+00
1409 0.000000e+00
1410 5.906896e-08
1411 6.592463e-08
1412 6.622772e-08
1413 5.688710e-08
1414 4.193108e-08
1415 3.088389e-08
1416 2.175705e-08
1417 1.241369e-08
1418 6.988622e-09
1419 3.954531e-09
1420 2.199671e-09
1421 1.282878e-09
1422 0.000000e+00
1423 0.000000e+00
1424 0.000000e+00
1425 1.180170e-07
1426 1.319007e-07
1427 1.327929e-07
1428 1.144034e-07
1429 8.447075e-08
1430 6.213693e-08
1431 4.398431e-08
1432 2.501247e-08
1433 1.411216e-08
1434 7.984228e-09
1435 4.438743e-09
1436 2.583575e-09
1437 0.000000e+00
1438 0.000000e+00
1439 0.000000e+00
1440 1.865622e-07
1441 2.086210e-07
1442 2.102016e-07
1443 1.812915e-07
1444 1.339439e-07
1445 9.848278e-08
1446 6.983573e-08
1447 3.966500e-08
1448 2.239749e-08
1449 1.267090e-08
1450 7.042905e-09
1451 4.096253e-09
1452 0.000000e+00
1453 0.000000e+00
1454 0.000000e+00
1455 5.144635e-08
1456 5.895598e-08
1457 6.162402e-08
1458 5.599143e-08
1459 4.293926e-08
1460 3.101314e-08
1461 2.329400e-08
1462 1.305940e-08
1463 7.811463e-09
1464 4.279727e-09
1465 2.359321e-09
1466 1.317357e-09
1467 0.000000e+00
1468 0.000000e+00
1469 0.000000e+00
1470 1.145068e-07
1471 1.313931e-07
1472 1.376069e-07
1473 1.253923e-07
1474 9.641212e-08
1475 6.959483e-08
1476 5.234524e-08
1477 2.943565e-08
1478 1.766811e-08
1479 9.661703e-09
1480 5.313594e-09
1481 2.960836e-09
1482 0.000000e+00
1483 0.000000e+00
1484 0.000000e+00
1485 5.370882e-08
1486 6.311082e-08
1487 6.842979e-08
1488 6.569574e-08
1489 5.326812e-08
1490 3.843610e-08
1491 2.899589e-08
1492 1.802962e-08
1493 1.097226e-08
1494 5.954228e-09
1495 3.136155e-09
1496 1.692026e-09
1497 9.422561e-10
1498 0.000000e+00
1499 0.000000e+00
1500 1.109684e-04
1501 8.086786e-05
1502 6.035546e-05
1503 3.805236e-05
1504 2.321989e-05
1505 1.369104e-05
1506 8.324421e-06
1507 5.304277e-06
1508 3.565556e-06
1509 0.000000e+00
1510 0.000000e+00
1511 0.000000e+00
1512 0.000000e+00
1513 0.000000e+00
1514 0.000000e+00
1515 5.757601e-05
1516 4.644359e-05
1517 3.369791e-05
1518 2.528332e-05
1519 1.597668e-05
1520 9.754545e-06
1521 5.648866e-06
1522 3.364481e-06
1523 2.093966e-06
1524 1.379138e-06
1525 0.000000e+00
1526 0.000000e+00
1527 0.000000e+00
1528 0.000000e+00
1529 0.000000e+00
1530 4.047788e-05
1531 3.713775e-05
1532 2.882267e-05
1533 2.080348e-05
1534 1.566222e-05
1535 9.111532e-06
1536 5.625604e-06
1537 3.225263e-06
1538 1.896511e-06
1539 1.174730e-06
1540 0.000000e+00
1541 0.000000e+00
1542 0.000000e+00
1543 0.000000e+00
1544 0.000000e+00
1545 2.912801e-05
1546 2.891312e-05
1547 2.448503e-05
1548 1.793535e-05
1549 1.328396e-05
1550 9.154542e-06
1551 5.351144e-06
1552 3.053081e-06
1553 1.771954e-06
1554 1.042590e-06
1555 6.506122e-07
1556 0.000000e+00
1557 0.000000e+00
1558 0.000000e+00
1559 0.000000e+00
1560 2.085098e-05
1561 2.179680e-05
1562 1.983793e-05
1563 1.524768e-05
1564 1.100576e-05
1565 8.274949e-06
1566 4.689296e-06
1567 2.850415e-06
1568 1.602925e-06
1569 9.233707e-07
1570 5.506294e-07
1571 0.000000e+00
1572 0.000000e+00
1573 0.000000e+00
1574 0.000000e+00
1575 1.487210e-05
1576 1.614453e-05
1577 1.554949e-05
1578 1.266314e-05
1579 9.143013e-06
1580 6.883420e-06
1581 4.347301e-06
1582 2.655947e-06
1583 1.474901e-06
1584 8.112783e-07
1585 4.673052e-07
1586 2.832009e-07
1587 0.000000e+00
1588 0.000000e+00
1589 0.000000e+00
1590 1.001028e-05
1591 1.119728e-05
1592 1.128693e-05
1593 9.739022e-06
1594 7.195644e-06
1595 5.289411e-06
1596 3.755371e-06
1597 2.130464e-06
1598 1.202339e-06
1599 6.811759e-07
1600 3.783133e-07
1601 2.200058e-07
1602 0.000000e+00
1603 0.000000e+00
1604 0.000000e+00
1605 6.201116e-06
1606 7.118100e-06
1607 7.458527e-06
1608 6.801106e-06
1609 5.231433e-06
1610 3.775220e-06
1611 2.841823e-06
1612 1.597077e-06
1613 9.596537e-07
1614 5.242846e-07
1615 2.885232e-07
1616 1.606418e-07
1617 0.000000e+00
1618 0.000000e+00
1619 0.000000e+00
1620 3.163407e-06
1621 3.720115e-06
1622 4.038202e-06
1623 3.883392e-06
1624 3.154630e-06
1625 2.276770e-06
1626 1.716871e-06
1627 1.071974e-06
1628 6.518364e-07
1629 3.538249e-07
1630 1.861971e-07
1631 1.003484e-07
1632 5.578990e-08
1633 0.000000e+00
1634 0.000000e+00
1635 8.891198e-07
1636 1.072208e-06
1637 1.206146e-06
1638 1.224576e-06
1639 1.066696e-06
1640 7.933436e-07
1641 5.815894e-07
1642 4.169104e-07
1643 2.343421e-07
1644 1.314261e-07
1645 7.164692e-08
1646 3.730540e-08
1647 1.958823e-08
1648 0.000000e+00
1649 0.000000e+00
