0 2.213652e-09
1 1.437744e-09
2 9.039305e-10
3 5.695436e-10
4 3.662684e-10
5 2.410974e-10
6 1.603323e-10
7 1.052810e-10
8 6.667707e-11
9 4.002233e-11
10 2.253701e-11
11 1.190122e-11
12 5.928772e-12
13 2.819249e-12
14 1.295409e-12
15 3.752485e-09
16 2.494642e-09
17 1.584614e-09
18 9.878255e-10
19 6.248885e-10
20 4.048314e-10
21 2.679104e-10
22 1.776535e-10
23 1.151535e-10
24 7.139342e-11
25 4.168681e-11
26 2.279094e-11
27 1.169753e-11
28 5.688977e-12
29 2.654702e-12
30 4.294786e-09
31 2.874595e-09
32 1.836024e-09
33 1.143006e-09
34 7.200471e-10
35 4.640672e-10
36 3.061919e-10
37 2.032249e-10
38 1.323692e-10
39 8.270574e-11
40 4.878182e-11
41 2.694161e-11
42 1.395629e-11
43 6.838896e-12
44 3.208152e-12
45 4.594102e-09
46 3.083790e-09
47 1.974533e-09
48 1.228682e-09
49 7.726143e-10
50 4.968056e-10
51 3.273112e-10
52 2.173018e-10
53 1.418418e-10
54 8.893499e-11
55 5.267893e-11
56 2.922800e-11
57 1.520278e-11
58 7.473016e-12
59 3.513752e-12
60 4.794510e-09
61 3.224377e-09
62 2.067286e-09
63 1.286228e-09
64 8.079321e-10
65 5.187963e-10
66 3.414923e-10
67 2.267289e-10
68 1.481873e-10
69 9.311591e-11
70 5.529378e-11
71 3.076489e-11
72 1.603914e-11
73 7.900571e-12
74 3.719731e-12
75 4.944862e-09
76 3.329691e-09
77 2.137036e-09
78 1.329369e-09
79 8.343510e-10
80 5.352270e-10
81 3.521364e-10
82 2.338347e-10
83 1.529645e-10
84 9.627217e-11
85 5.726713e-11
86 3.191583e-11
87 1.666753e-11
88 8.218341e-12
89 3.872750e-12
90 5.067256e-09
91 3.415545e-09
92 2.193662e-09
93 1.364385e-09
94 8.558217e-10
95 5.486312e-10
96 3.607752e-10
97 2.395835e-10
98 1.568531e-10
99 9.882102e-11
100 5.887316e-11
101 3.285830e-11
102 1.717980e-11
103 8.478826e-12
104 3.998284e-12
105 5.173930e-09
106 3.489928e-09
107 2.243080e-09
108 1.394753e-09
109 8.746258e-10
110 5.602265e-10
111 3.682581e-10
112 2.446334e-10
113 1.602088e-10
114 1.010299e-10
115 6.026234e-11
116 3.367126e-11
117 1.762065e-11
118 8.703558e-12
119 4.107647e-12
120 5.275234e-09
121 3.561335e-09
122 2.290543e-09
123 1.423788e-09
124 8.924195e-10
125 5.713695e-10
126 3.754545e-10
127 2.494278e-10
128 1.634860e-10
129 1.031786e-10
130 6.159957e-11
131 3.445062e-11
132 1.804701e-11
133 8.920568e-12
134 4.211096e-12
135 5.411325e-09
136 3.655734e-09
137 2.353364e-09
138 1.463045e-09
139 9.163785e-10
140 5.863741e-10
141 3.851560e-10
142 2.558187e-10
143 1.678008e-10
144 1.060210e-10
145 6.336362e-11
146 3.548331e-11
147 1.860797e-11
148 9.203272e-12
149 4.346840e-12
150 7.884424e-09
151 5.427495e-09
152 3.563857e-09
153 2.225673e-09
154 1.380120e-09
155 8.702877e-10
156 5.644697e-10
157 3.736127e-10
158 2.470346e-10
159 1.590231e-10
160 9.751041e-11
161 5.618035e-11
162 3.027087e-11
163 1.531667e-11
164 7.356181e-12
165 9.964589e-09
166 6.945380e-09
167 4.627060e-09
168 2.919565e-09
169 1.801057e-09
170 1.126391e-09
171 7.226413e-10
172 4.752455e-10
173 3.147216e-10
174 2.044783e-10
175 1.273496e-10
176 7.479777e-11
177 4.111192e-11
178 2.117505e-11
179 1.031369e-11
180 1.116926e-08
181 7.829077e-09
182 5.246714e-09
183 3.327673e-09
184 2.049470e-09
185 1.277569e-09
186 8.154608e-10
187 5.346759e-10
188 3.540999e-10
189 2.309333e-10
190 1.447443e-10
191 8.569091e-11
192 4.749787e-11
193 2.465675e-11
194 1.208403e-11
195 1.197940e-08
196 8.424252e-09
197 5.664378e-09
198 3.602690e-09
199 2.216919e-09
200 1.379449e-09
201 8.781014e-10
202 5.746905e-10
203 3.806928e-10
204 2.487727e-10
205 1.564799e-10
206 9.304843e-11
207 5.181329e-11
208 2.700818e-11
209 1.327997e-11
210 1.258627e-08
211 8.870787e-09
212 5.977830e-09
213 3.808496e-09
214 2.342606e-09
215 1.455745e-09
216 9.250603e-10
217 6.047794e-10
218 4.005615e-10
219 2.621049e-10
220 1.652417e-10
221 9.855659e-11
222 5.503352e-11
223 2.876535e-11
224 1.417420e-11
225 1.308040e-08
226 9.233017e-09
227 6.232130e-09
228 3.976070e-09
229 2.444479e-09
230 1.517623e-09
231 9.630825e-10
232 6.291293e-10
233 4.167078e-10
234 2.729444e-10
235 1.723769e-10
236 1.030011e-10
237 5.765077e-11
238 3.019158e-11
239 1.490033e-11
240 1.350859e-08
241 9.546887e-09
242 6.452906e-09
243 4.121428e-09
244 2.532990e-09
245 1.571628e-09
246 9.962178e-10
247 6.503060e-10
248 4.308178e-10
249 2.824041e-10
250 1.785862e-10
251 1.069027e-10
252 5.994342e-11
253 3.143996e-11
254 1.552866e-11
255 1.391588e-08
256 9.847153e-09
257 6.663430e-09
258 4.259815e-09
259 2.617894e-09
260 1.622928e-09
261 1.027738e-09
262 6.704495e-10
263 4.441338e-10
264 2.913607e-10
265 1.844831e-10
266 1.106026e-10
267 6.210904e-11
268 3.261561e-11
269 1.613150e-11
270 1.444461e-08
271 1.023329e-08
272 6.933326e-09
273 4.437350e-09
274 2.725397e-09
275 1.689189e-09
276 1.068585e-09
277 6.965224e-10
278 4.613892e-10
279 3.029008e-10
280 1.920696e-10
281 1.153366e-10
282 6.487560e-11
283 3.411868e-11
284 1.689461e-11
285 1.364092e-08
286 9.703988e-09
287 6.590578e-09
288 4.252321e-09
289 2.620289e-09
290 1.623002e-09
291 1.023229e-09
292 6.638388e-10
293 4.379568e-10
294 2.870583e-10
295 1.822622e-10
296 1.099263e-10
297 6.225168e-11
298 3.300456e-11
299 1.646757e-11
300 1.604825e-08
301 1.154633e-08
302 7.912560e-09
303 5.163856e-09
304 3.194173e-09
305 1.968500e-09
306 1.231472e-09
307 7.927939e-10
308 5.210910e-10
309 3.423341e-10
310 2.190658e-10
311 1.337122e-10
312 7.680819e-11
313 4.131703e-11
314 2.088098e-11
315 1.769932e-08
316 1.281706e-08
317 8.825979e-09
318 5.795780e-09
319 3.594242e-09
320 2.208711e-09
321 1.376549e-09
322 8.824155e-10
323 5.787038e-10
324 3.805387e-10
325 2.444977e-10
326 1.501708e-10
327 8.690498e-11
328 4.710227e-11
329 2.396448e-11
330 1.893636e-08
331 1.376961e-08
332 9.512964e-09
333 6.269647e-09
334 3.894334e-09
335 2.389287e-09
336 1.485472e-09
337 9.496426e-10
338 6.219913e-10
339 4.092159e-10
340 2.635832e-10
341 1.625217e-10
342 9.448628e-11
343 5.144808e-11
344 2.628144e-11
345 1.994432e-08
346 1.454492e-08
347 1.006913e-08
348 6.653973e-09
349 4.137781e-09
350 2.536174e-09
351 1.573514e-09
352 1.004125e-09
353 6.569819e-10
354 4.324173e-10
355 2.790304e-10
356 1.725175e-10
357 1.006180e-10
358 5.496183e-11
359 2.815719e-11
360 2.082125e-08
361 1.521993e-08
362 1.055440e-08
363 6.988265e-09
364 4.349716e-09
365 2.663438e-09
366 1.650386e-09
367 1.051649e-09
368 6.875370e-10
369 4.526991e-10
370 2.925171e-10
371 1.812449e-10
372 1.059733e-10
373 5.803149e-11
374 2.979117e-11
375 2.165011e-08
376 1.585790e-08
377 1.101327e-08
378 7.305712e-09
379 4.550303e-09
380 2.784289e-09
381 1.723216e-09
382 1.096607e-09
383 7.164443e-10
384 4.718744e-10
385 3.052912e-10
386 1.895044e-10
387 1.110397e-10
388 6.093420e-11
389 3.133812e-11
390 2.270304e-08
391 1.666534e-08
392 1.159204e-08
393 7.704340e-09
394 4.802823e-09
395 2.936807e-09
396 1.815329e-09
397 1.153619e-09
398 7.530275e-10
399 4.961739e-10
400 3.214269e-10
401 1.999213e-10
402 1.174022e-10
403 6.457116e-11
404 3.327766e-11
405 1.967268e-08
406 1.441647e-08
407 1.000426e-08
408 6.632561e-09
409 4.150954e-09
410 2.541781e-09
411 1.576311e-09
412 1.002272e-09
413 6.533803e-10
414 4.291431e-10
415 2.768724e-10
416 1.715468e-10
417 1.004736e-10
418 5.520054e-11
419 2.845729e-11
420 2.233406e-08
421 1.655754e-08
422 1.157973e-08
423 7.740978e-09
424 4.886180e-09
425 2.983883e-09
426 1.842486e-09
427 1.162844e-09
428 7.537542e-10
429 4.944376e-10
430 3.201950e-10
431 1.999604e-10
432 1.183720e-10
433 6.581586e-11
434 3.432618e-11
435 2.434696e-08
436 1.818136e-08
437 1.277444e-08
438 8.584777e-09
439 5.446247e-09
440 3.321479e-09
441 2.046006e-09
442 1.285277e-09
443 8.303356e-10
444 5.441366e-10
445 3.531374e-10
446 2.215652e-10
447 1.319964e-10
448 7.391021e-11
449 3.881085e-11
450 2.597827e-08
451 1.949899e-08
452 1.374824e-08
453 9.270396e-09
454 5.900777e-09
455 3.595919e-09
456 2.210937e-09
457 1.384762e-09
458 8.923231e-10
459 5.844381e-10
460 3.798507e-10
461 2.390847e-10
462 1.430428e-10
463 8.047332e-11
464 4.244777e-11
465 2.740533e-08
466 2.065004e-08
467 1.459544e-08
468 9.866228e-09
469 6.297240e-09
470 3.835441e-09
471 2.354635e-09
472 1.471356e-09
473 9.464774e-10
474 6.196154e-10
475 4.031596e-10
476 2.543717e-10
477 1.526824e-10
478 8.620070e-11
479 4.562132e-11
480 2.875265e-08
481 2.173723e-08
482 1.539581e-08
483 1.043067e-08
484 6.672567e-09
485 4.061161e-09
486 2.490834e-09
487 1.553182e-09
488 9.976048e-10
489 6.528369e-10
490 4.252261e-10
491 2.688405e-10
492 1.618041e-10
493 9.160850e-11
494 4.861656e-11
495 3.044215e-08
496 2.309001e-08
497 1.639359e-08
498 1.113216e-08
499 7.137350e-09
500 4.342006e-09
501 2.659903e-09
502 1.655273e-09
503 1.061420e-09
504 6.943047e-10
505 4.526531e-10
506 2.867728e-10
507 1.730942e-10
508 9.830950e-11
509 5.232226e-11
510 2.602780e-08
511 1.962941e-08
512 1.388772e-08
513 9.381703e-09
514 6.003548e-09
515 3.666334e-09
516 2.252371e-09
517 1.406654e-09
518 9.034619e-10
519 5.902228e-10
520 3.832723e-10
521 2.415001e-10
522 1.449140e-10
523 8.189417e-11
524 4.343509e-11
525 2.894314e-08
526 2.208086e-08
527 1.574705e-08
528 1.070955e-08
529 6.912108e-09
530 4.228487e-09
531 2.588895e-09
532 1.606270e-09
533 1.025543e-09
534 6.677410e-10
535 4.340627e-10
536 2.749078e-10
537 1.663202e-10
538 9.494032e-11
539 5.088878e-11
540 3.132048e-08
541 2.408185e-08
542 1.726559e-08
543 1.179531e-08
544 7.655028e-09
545 4.690053e-09
546 2.864211e-09
547 1.769869e-09
548 1.125288e-09
549 7.311106e-10
550 4.755532e-10
551 3.021907e-10
552 1.838033e-10
553 1.056021e-10
554 5.698640e-11
555 3.339320e-08
556 2.582758e-08
557 1.859433e-08
558 1.274180e-08
559 8.304059e-09
560 5.092002e-09
561 3.104792e-09
562 1.912651e-09
563 1.212463e-09
564 7.864256e-10
565 5.117616e-10
566 3.259980e-10
567 1.990599e-10
568 1.149071e-10
569 6.230905e-11
570 3.535621e-08
571 2.748070e-08
572 1.984935e-08
573 1.363886e-08
574 8.919305e-09
575 5.473035e-09
576 3.332640e-09
577 2.048019e-09
578 1.295024e-09
579 8.388325e-10
580 5.460808e-10
581 3.485631e-10
582 2.135199e-10
583 1.237249e-10
584 6.735198e-11
585 3.779638e-08
586 2.952129e-08
587 2.139718e-08
588 1.474153e-08
589 9.671631e-09
590 5.939697e-09
591 3.611850e-09
592 2.213919e-09
593 1.396445e-09
594 9.032590e-10
595 5.882542e-10
596 3.762601e-10
597 2.312340e-10
598 1.345036e-10
599 7.350425e-11
600 3.280302e-08
601 2.543427e-08
602 1.835154e-08
603 1.258868e-08
604 8.219591e-09
605 5.061002e-09
606 3.083162e-09
607 1.898689e-09
608 1.201367e-09
609 7.774952e-10
610 5.050894e-10
611 3.215251e-10
612 1.964311e-10
613 1.135895e-10
614 6.177189e-11
615 3.604822e-08
616 2.826616e-08
617 2.057578e-08
618 1.419950e-08
619 9.341536e-09
620 5.782599e-09
621 3.511290e-09
622 2.152682e-09
623 1.353255e-09
624 8.717799e-10
625 5.657923e-10
626 3.612587e-10
627 2.221032e-10
628 1.295394e-10
629 7.113043e-11
630 3.888349e-08
631 3.074730e-08
632 2.252239e-08
633 1.560960e-08
634 1.032589e-08
635 6.415968e-09
636 3.887333e-09
637 2.375704e-09
638 1.486744e-09
639 9.544334e-10
640 6.189949e-10
641 3.960692e-10
642 2.445941e-10
643 1.435171e-10
644 7.933649e-11
645 4.156794e-08
646 3.309608e-08
647 2.436636e-08
648 1.694707e-08
649 1.125797e-08
650 7.015725e-09
651 4.243540e-09
652 2.586842e-09
653 1.613136e-09
654 1.032760e-09
655 6.693856e-10
656 4.290429e-10
657 2.658987e-10
658 1.567553e-10
659 8.710624e-11
660 4.487782e-08
661 3.597472e-08
662 2.662003e-08
663 1.857660e-08
664 1.239143e-08
665 7.744839e-09
666 4.676217e-09
667 2.843980e-09
668 1.767111e-09
669 1.128355e-09
670 7.308917e-10
671 4.692591e-10
672 2.918426e-10
673 1.728470e-10
674 9.653520e-11
675 4.022686e-08
676 3.202934e-08
677 2.360751e-08
678 1.642883e-08
679 1.091116e-08
680 6.821257e-09
681 4.128593e-09
682 2.519691e-09
683 1.569705e-09
684 1.003462e-09
685 6.492188e-10
686 4.154509e-10
687 2.571990e-10
688 1.516112e-10
689 8.431937e-11
690 4.396634e-08
691 3.541672e-08
692 2.635984e-08
693 1.845817e-08
694 1.234293e-08
695 7.773757e-09
696 4.698206e-09
697 2.858354e-09
698 1.768812e-09
699 1.123987e-09
700 7.252079e-10
701 4.646354e-10
702 2.890426e-10
703 1.716459e-10
704 9.633215e-11
705 4.751495e-08
706 3.863192e-08
707 2.896886e-08
708 2.038835e-08
709 1.370429e-08
710 8.679385e-09
711 5.239893e-09
712 3.180061e-09
713 1.958094e-09
714 1.238604e-09
715 7.974342e-10
716 5.113760e-10
717 3.192870e-10
718 1.906828e-10
719 1.077473e-10
720 5.185422e-08
721 4.254744e-08
722 3.213262e-08
723 2.272290e-08
724 1.534658e-08
725 9.771846e-09
726 5.893352e-09
727 3.568837e-09
728 2.186790e-09
729 1.377327e-09
730 8.848576e-10
731 5.679404e-10
732 3.558481e-10
733 2.136581e-10
734 1.215009e-10
735 4.873924e-08
736 3.986566e-08
737 3.007345e-08
738 2.126012e-08
739 1.433541e-08
740 9.130665e-09
741 5.523936e-09
742 3.348007e-09
743 2.053492e-09
744 1.293541e-09
745 8.300061e-10
746 5.315886e-10
747 3.322472e-10
748 1.990386e-10
749 1.130092e-10
750 5.336021e-08
751 4.419317e-08
752 3.371751e-08
753 2.401912e-08
754 1.630078e-08
755 1.047226e-08
756 6.347409e-09
757 3.834645e-09
758 2.336587e-09
759 1.461641e-09
760 9.334384e-10
761 5.973868e-10
762 3.746054e-10
763 2.258897e-10
764 1.293874e-10
765 5.897992e-08
766 4.943543e-08
767 3.810209e-08
768 2.733933e-08
769 1.866372e-08
770 1.208399e-08
771 7.336884e-09
772 4.420003e-09
773 2.676984e-09
774 1.664074e-09
775 1.058048e-09
776 6.766702e-10
777 4.256056e-10
778 2.581757e-10
779 1.490521e-10
780 5.931505e-08
781 4.993905e-08
782 3.870792e-08
783 2.790203e-08
784 1.909945e-08
785 1.241602e-08
786 7.578997e-09
787 4.557614e-09
788 2.755973e-09
789 1.706585e-09
790 1.080758e-09
791 6.892644e-10
792 4.331641e-10
793 2.630711e-10
794 1.523377e-10
795 6.665909e-08
796 5.702732e-08
797 4.487620e-08
798 3.272270e-08
799 2.258368e-08
800 1.483666e-08
801 9.124666e-09
802 5.465172e-09
803 3.284158e-09
804 2.014086e-09
805 1.264983e-09
806 8.036302e-10
807 5.057479e-10
808 3.090309e-10
809 1.806846e-10
810 7.679675e-08
811 6.717439e-08
812 5.411290e-08
813 4.024550e-08
814 2.814664e-08
815 1.875841e-08
816 1.173603e-08
817 7.012006e-09
818 4.189301e-09
819 2.530550e-09
820 1.564786e-09
821 9.836618e-10
822 6.172559e-10
823 3.789663e-10
824 2.240654e-10
825 5.047098e-07
826 3.686404e-07
827 2.731545e-07
828 1.700075e-07
829 1.035712e-07
830 6.135801e-08
831 3.746624e-08
832 2.403691e-08
833 1.622664e-08
834 0.000000e+00
835 0.000000e+00
836 0.000000e+00
837 0.000000e+00
838 0.000000e+00
839 0.000000e+00
840 7.611677e-07
841 5.561011e-07
842 4.125055e-07
843 2.597041e-07
844 1.578240e-07
845 9.338163e-08
846 5.691218e-08
847 3.637630e-08
848 2.448881e-08
849 0.000000e+00
850 0.000000e+00
851 0.000000e+00
852 0.000000e+00
853 0.000000e+00
854 0.000000e+00
855 9.037255e-07
856 6.603255e-07
857 4.899727e-07
858 3.096435e-07
859 1.880082e-07
860 1.112003e-07
861 6.773131e-08
862 4.323864e-08
863 2.908237e-08
864 0.000000e+00
865 0.000000e+00
866 0.000000e+00
867 0.000000e+00
868 0.000000e+00
869 0.000000e+00
870 9.995926e-07
871 7.304118e-07
872 5.420682e-07
873 3.432268e-07
874 2.083079e-07
875 1.231834e-07
876 7.500711e-08
877 4.785387e-08
878 3.217144e-08
879 0.000000e+00
880 0.000000e+00
881 0.000000e+00
882 0.000000e+00
883 0.000000e+00
884 0.000000e+00
885 1.071456e-06
886 7.829536e-07
887 5.811170e-07
888 3.684009e-07
889 2.235251e-07
890 1.321663e-07
891 8.046116e-08
892 5.131341e-08
893 3.448726e-08
894 0.000000e+00
895 0.000000e+00
896 0.000000e+00
897 0.000000e+00
898 0.000000e+00
899 0.000000e+00
900 1.129695e-06
901 8.255313e-07
902 6.127651e-07
903 3.888019e-07
904 2.358561e-07
905 1.394461e-07
906 8.488094e-08
907 5.411712e-08
908 3.636389e-08
909 0.000000e+00
910 0.000000e+00
911 0.000000e+00
912 0.000000e+00
913 0.000000e+00
914 0.000000e+00
915 1.180512e-06
916 8.626820e-07
917 6.403782e-07
918 4.066044e-07
919 2.466168e-07
920 1.457977e-07
921 8.873766e-08
922 5.656335e-08
923 3.800134e-08
924 0.000000e+00
925 0.000000e+00
926 0.000000e+00
927 0.000000e+00
928 0.000000e+00
929 0.000000e+00
930 1.228688e-06
931 8.979043e-07
932 6.665576e-07
933 4.234810e-07
934 2.568176e-07
935 1.518190e-07
936 9.239383e-08
937 5.888245e-08
938 3.955363e-08
939 0.000000e+00
940 0.000000e+00
941 0.000000e+00
942 0.000000e+00
943 0.000000e+00
944 0.000000e+00
945 1.289608e-06
946 9.424444e-07
947 6.996577e-07
948 4.447980e-07
949 2.697048e-07
950 1.594276e-07
951 9.701455e-08
952 6.181404e-08
953 4.151665e-08
954 0.000000e+00
955 0.000000e+00
956 0.000000e+00
957 0.000000e+00
958 0.000000e+00
959 0.000000e+00
960 3.373557e-07
961 2.686726e-07
962 1.948942e-07
963 1.461572e-07
964 9.042348e-08
965 5.535228e-08
966 3.217320e-08
967 1.923784e-08
968 1.205623e-08
969 7.982208e-09
970 0.000000e+00
971 0.000000e+00
972 0.000000e+00
973 0.000000e+00
974 0.000000e+00
975 5.205062e-07
976 4.173836e-07
977 3.030574e-07
978 2.270584e-07
979 1.423055e-07
980 8.676732e-08
981 5.039693e-08
982 3.009449e-08
983 1.879165e-08
984 1.240520e-08
985 0.000000e+00
986 0.000000e+00
987 0.000000e+00
988 0.000000e+00
989 0.000000e+00
990 6.451562e-07
991 5.186788e-07
992 3.767501e-07
993 2.821638e-07
994 1.776975e-07
995 1.081815e-07
996 6.282028e-08
997 3.749563e-08
998 2.338178e-08
999 1.541836e-08
1000 0.000000e+00
1001 0.000000e+00
1002 0.000000e+00
1003 0.000000e+00
1004 0.000000e+00
1005 7.385760e-07
1006 5.945891e-07
1007 4.319727e-07
1008 3.234600e-07
1009 2.042200e-07
1010 1.242282e-07
1011 7.213040e-08
1012 4.304219e-08
1013 2.682144e-08
1014 1.767636e-08
1015 0.000000e+00
1016 0.000000e+00
1017 0.000000e+00
1018 0.000000e+00
1019 0.000000e+00
1020 8.142884e-07
1021 6.561064e-07
1022 4.767271e-07
1023 3.569260e-07
1024 2.257153e-07
1025 1.372342e-07
1026 7.967590e-08
1027 4.753707e-08
1028 2.960929e-08
1029 1.950622e-08
1030 0.000000e+00
1031 0.000000e+00
1032 0.000000e+00
1033 0.000000e+00
1034 0.000000e+00
1035 8.803406e-07
1036 7.097805e-07
1037 5.157779e-07
1038 3.861250e-07
1039 2.444689e-07
1040 1.485812e-07
1041 8.625884e-08
1042 5.145900e-08
1043 3.204156e-08
1044 2.110297e-08
1045 0.000000e+00
1046 0.000000e+00
1047 0.000000e+00
1048 0.000000e+00
1049 0.000000e+00
1050 9.429715e-07
1051 7.606747e-07
1052 5.528010e-07
1053 4.138097e-07
1054 2.622492e-07
1055 1.593407e-07
1056 9.250087e-08
1057 5.517739e-08
1058 3.434770e-08
1059 2.261679e-08
1060 0.000000e+00
1061 0.000000e+00
1062 0.000000e+00
1063 0.000000e+00
1064 0.000000e+00
1065 1.019773e-06
1066 8.230656e-07
1067 5.981876e-07
1068 4.477523e-07
1069 2.840348e-07
1070 1.725257e-07
1071 1.001499e-07
1072 5.973482e-08
1073 3.717441e-08
1074 2.447265e-08
1075 0.000000e+00
1076 0.000000e+00
1077 0.000000e+00
1078 0.000000e+00
1079 0.000000e+00
1080 1.984979e-07
1081 1.805275e-07
1082 1.390818e-07
1083 1.005776e-07
1084 7.536715e-08
1085 4.356574e-08
1086 2.670105e-08
1087 1.539507e-08
1088 9.103744e-09
1089 5.663804e-09
1090 0.000000e+00
1091 0.000000e+00
1092 0.000000e+00
1093 0.000000e+00
1094 0.000000e+00
1095 3.307123e-07
1096 3.021063e-07
1097 2.337079e-07
1098 1.689006e-07
1099 1.267512e-07
1100 7.367996e-08
1101 4.527719e-08
1102 2.604334e-08
1103 1.534542e-08
1104 9.525022e-09
1105 0.000000e+00
1106 0.000000e+00
1107 0.000000e+00
1108 0.000000e+00
1109 0.000000e+00
1110 4.309937e-07
1111 3.943708e-07
1112 3.055524e-07
1113 2.207728e-07
1114 1.657654e-07
1115 9.656415e-08
1116 5.939464e-08
1117 3.413439e-08
1118 2.008629e-08
1119 1.245700e-08
1120 0.000000e+00
1121 0.000000e+00
1122 0.000000e+00
1123 0.000000e+00
1124 0.000000e+00
1125 5.122225e-07
1126 4.690986e-07
1127 3.637423e-07
1128 2.627872e-07
1129 1.973638e-07
1130 1.150984e-07
1131 7.082882e-08
1132 4.068761e-08
1133 2.392599e-08
1134 1.483175e-08
1135 0.000000e+00
1136 0.000000e+00
1137 0.000000e+00
1138 0.000000e+00
1139 0.000000e+00
1140 5.830868e-07
1141 5.342984e-07
1142 4.145106e-07
1143 2.994431e-07
1144 2.249333e-07
1145 1.312691e-07
1146 8.080501e-08
1147 4.640519e-08
1148 2.727607e-08
1149 1.690359e-08
1150 0.000000e+00
1151 0.000000e+00
1152 0.000000e+00
1153 0.000000e+00
1154 0.000000e+00
1155 6.502800e-07
1156 5.961171e-07
1157 4.626484e-07
1158 3.341992e-07
1159 2.510740e-07
1160 1.466018e-07
1161 9.026389e-08
1162 5.182636e-08
1163 3.045249e-08
1164 1.886800e-08
1165 0.000000e+00
1166 0.000000e+00
1167 0.000000e+00
1168 0.000000e+00
1169 0.000000e+00
1170 7.313589e-07
1171 6.707018e-07
1172 5.207198e-07
1173 3.761289e-07
1174 2.826078e-07
1175 1.650961e-07
1176 1.016725e-07
1177 5.836517e-08
1178 3.428428e-08
1179 2.123792e-08
1180 0.000000e+00
1181 0.000000e+00
1182 0.000000e+00
1183 0.000000e+00
1184 0.000000e+00
1185 1.319436e-07
1186 1.302373e-07
1187 1.095178e-07
1188 8.000115e-08
1189 5.943214e-08
1190 4.039353e-08
1191 2.383680e-08
1192 1.358104e-08
1193 7.851167e-09
1194 4.639459e-09
1195 2.906185e-09
1196 0.000000e+00
1197 0.000000e+00
1198 0.000000e+00
1199 0.000000e+00
1200 2.314004e-07
1201 2.290655e-07
1202 1.933546e-07
1203 1.414924e-07
1204 1.049391e-07
1205 7.183181e-08
1206 4.217657e-08
1207 2.406430e-08
1208 1.393056e-08
1209 8.216953e-09
1210 5.136397e-09
1211 0.000000e+00
1212 0.000000e+00
1213 0.000000e+00
1214 0.000000e+00
1215 3.126776e-07
1216 3.098528e-07
1217 2.619137e-07
1218 1.917887e-07
1219 1.421549e-07
1220 9.755689e-08
1221 5.717751e-08
1222 3.264071e-08
1223 1.890411e-08
1224 1.114340e-08
1225 6.960472e-09
1226 0.000000e+00
1227 0.000000e+00
1228 0.000000e+00
1229 0.000000e+00
1230 3.835311e-07
1231 3.802788e-07
1232 3.216751e-07
1233 2.356304e-07
1234 1.745946e-07
1235 1.199825e-07
1236 7.025352e-08
1237 4.011682e-08
1238 2.323962e-08
1239 1.369447e-08
1240 8.550447e-09
1241 0.000000e+00
1242 0.000000e+00
1243 0.000000e+00
1244 0.000000e+00
1245 4.507150e-07
1246 4.470515e-07
1247 3.783413e-07
1248 2.772009e-07
1249 2.053548e-07
1250 1.412458e-07
1251 8.265237e-08
1252 4.720576e-08
1253 2.735059e-08
1254 1.611336e-08
1255 1.005810e-08
1256 0.000000e+00
1257 0.000000e+00
1258 0.000000e+00
1259 0.000000e+00
1260 5.310451e-07
1261 5.268924e-07
1262 4.460926e-07
1263 3.269044e-07
1264 2.421319e-07
1265 1.666650e-07
1266 9.747632e-08
1267 5.568046e-08
1268 3.226515e-08
1269 1.900524e-08
1270 1.186065e-08
1271 0.000000e+00
1272 0.000000e+00
1273 0.000000e+00
1274 0.000000e+00
1275 9.495991e-08
1276 9.887479e-08
1277 8.947490e-08
1278 6.845036e-08
1279 4.947910e-08
1280 3.706254e-08
1281 2.094105e-08
1282 1.264663e-08
1283 7.145843e-09
1284 4.127392e-09
1285 2.470973e-09
1286 0.000000e+00
1287 0.000000e+00
1288 0.000000e+00
1289 0.000000e+00
1290 1.737919e-07
1291 1.813406e-07
1292 1.646189e-07
1293 1.262875e-07
1294 9.122752e-08
1295 6.844243e-08
1296 3.878431e-08
1297 2.350017e-08
1298 1.324835e-08
1299 7.633333e-09
1300 4.560760e-09
1301 0.000000e+00
1302 0.000000e+00
1303 0.000000e+00
1304 0.000000e+00
1305 2.427919e-07
1306 2.535330e-07
1307 2.304146e-07
1308 1.769394e-07
1309 1.277889e-07
1310 9.592529e-08
1311 5.441691e-08
1312 3.301083e-08
1313 1.859513e-08
1314 1.070432e-08
1315 6.391040e-09
1316 0.000000e+00
1317 0.000000e+00
1318 0.000000e+00
1319 0.000000e+00
1320 3.081667e-07
1321 3.219298e-07
1322 2.927514e-07
1323 2.249297e-07
1324 1.624290e-07
1325 1.219635e-07
1326 6.922697e-08
1327 4.202092e-08
1328 2.366057e-08
1329 1.361373e-08
1330 8.125095e-09
1331 0.000000e+00
1332 0.000000e+00
1333 0.000000e+00
1334 0.000000e+00
1335 3.858622e-07
1336 4.032157e-07
1337 3.668331e-07
1338 2.819572e-07
1339 2.035915e-07
1340 1.529046e-07
1341 8.682554e-08
1342 5.272754e-08
1343 2.967974e-08
1344 1.707105e-08
1345 1.018571e-08
1346 0.000000e+00
1347 0.000000e+00
1348 0.000000e+00
1349 0.000000e+00
1350 7.272652e-08
1351 7.871972e-08
1352 7.548669e-08
1353 6.117240e-08
1354 4.413189e-08
1355 3.326959e-08
1356 2.078231e-08
1357 1.274209e-08
1358 7.074015e-09
1359 3.895270e-09
1360 2.251336e-09
1361 1.369145e-09
1362 0.000000e+00
1363 0.000000e+00
1364 0.000000e+00
1365 1.387675e-07
1366 1.504523e-07
1367 1.446394e-07
1368 1.175636e-07
1369 8.487024e-08
1370 6.391871e-08
1371 4.020228e-08
1372 2.457563e-08
1373 1.364649e-08
1374 7.518225e-09
1375 4.335207e-09
1376 2.630610e-09
1377 0.000000e+00
1378 0.000000e+00
1379 0.000000e+00
1380 2.012987e-07
1381 2.183773e-07
1382 2.101292e-07
1383 1.709740e-07
1384 1.234578e-07
1385 9.294737e-08
1386 5.860112e-08
1387 3.578512e-08
1388 1.987242e-08
1389 1.095052e-08
1390 6.309143e-09
1391 3.825399e-09
1392 0.000000e+00
1393 0.000000e+00
1394 0.000000e+00
1395 2.752430e-07
1396 2.986986e-07
1397 2.875674e-07
1398 2.341272e-07
1399 1.690831e-07
1400 1.272712e-07
1401 8.035499e-08
1402 4.903886e-08
1403 2.723375e-08
1404 1.500863e-08
1405 8.643077e-09
1406 5.238139e-09
1407 0.000000e+00
1408 0.000000e+00
1409 0.000000e+00
1410 5.920424e-08
1411 6.607533e-08
1412 6.637868e-08
1413 5.701642e-08
1414 4.202614e-08
1415 3.095394e-08
1416 2.180618e-08
1417 1.244179e-08
1418 7.004390e-09
1419 3.963479e-09
1420 2.204645e-09
1421 1.285786e-09
1422 0.000000e+00
1423 0.000000e+00
1424 0.000000e+00
1425 1.181959e-07
1426 1.321010e-07
1427 1.329951e-07
1428 1.145781e-07
1429 8.459995e-08
1430 6.223185e-08
1431 4.405188e-08
1432 2.505075e-08
1433 1.413381e-08
1434 7.996469e-09
1435 4.445544e-09
1436 2.587523e-09
1437 0.000000e+00
1438 0.000000e+00
1439 0.000000e+00
1440 1.874174e-07
1441 2.095775e-07
1442 2.111656e-07
1443 1.821232e-07
1444 1.345585e-07
1445 9.893461e-08
1446 7.015633e-08
1447 3.984698e-08
1448 2.250029e-08
1449 1.272906e-08
1450 7.075229e-09
1451 4.115053e-09
1452 0.000000e+00
1453 0.000000e+00
1454 0.000000e+00
1455 5.158759e-08
1456 5.911796e-08
1457 6.179330e-08
1458 5.614558e-08
1459 4.305742e-08
1460 3.109847e-08
1461 2.335820e-08
1462 1.309536e-08
1463 7.832998e-09
1464 4.291513e-09
1465 2.365820e-09
1466 1.320984e-09
1467 0.000000e+00
1468 0.000000e+00
1469 0.000000e+00
1470 1.150839e-07
1471 1.320556e-07
1472 1.383010e-07
1473 1.260252e-07
1474 9.689903e-08
1475 6.994630e-08
1476 5.260964e-08
1477 2.958440e-08
1478 1.775751e-08
1479 9.710556e-09
1480 5.340447e-09
1481 2.975793e-09
1482 0.000000e+00
1483 0.000000e+00
1484 0.000000e+00
1485 5.403898e-08
1486 6.349898e-08
1487 6.885099e-08
1488 6.610075e-08
1489 5.359682e-08
1490 3.867334e-08
1491 2.917479e-08
1492 1.814125e-08
1493 1.104009e-08
1494 5.991053e-09
1495 3.155550e-09
1496 1.702480e-09
1497 9.480706e-10
1498 0.000000e+00
1499 0.000000e+00
1500 1.109684e-04
1501 8.086786e-05
1502 6.035546e-05
1503 3.805236e-05
1504 2.321989e-05
1505 1.369104e-05
1506 8.324421e-06
1507 5.304277e-06
1508 3.565556e-06
1509 0.000000e+00
1510 0.000000e+00
1511 0.000000e+00
1512 0.000000e+00
1513 0.000000e+00
1514 0.000000e+00
1515 5.757601e-05
1516 4.644359e-05
1517 3.369791e-05
1518 2.528332e-05
1519 1.597668e-05
1520 9.754545e-06
1521 5.648866e-06
1522 3.364481e-06
1523 2.093966e-06
1524 1.379138e-06
1525 0.000000e+00
1526 0.000000e+00
1527 0.000000e+00
1528 0.000000e+00
1529 0.000000e+00
1530 4.047788e-05
1531 3.713775e-05
1532 2.882267e-05
1533 2.080348e-05
1534 1.566222e-05
1535 9.111532e-06
1536 5.625604e-06
1537 3.225263e-06
1538 1.896511e-06
1539 1.174730e-06
1540 0.000000e+00
1541 0.000000e+00
1542 0.000000e+00
1543 0.000000e+00
1544 0.000000e+00
1545 2.912801e-05
1546 2.891312e-05
1547 2.448503e-05
1548 1.793535e-05
1549 1.328396e-05
1550 9.154542e-06
1551 5.351144e-06
1552 3.053081e-06
1553 1.771954e-06
1554 1.042590e-06
1555 6.506122e-07
1556 0.000000e+00
1557 0.000000e+00
1558 0.000000e+00
1559 0.000000e+00
1560 2.085098e-05
1561 2.179680e-05
1562 1.983793e-05
1563 1.524768e-05
1564 1.100576e-05
1565 8.274949e-06
1566 4.689296e-06
1567 2.850415e-06
1568 1.602925e-06
1569 9.233707e-07
1570 5.506294e-07
1571 0.000000e+00
1572 0.000000e+00
1573 0.000000e+00
1574 0.000000e+00
1575 1.487210e-05
1576 1.614453e-05
1577 1.554949e-05
1578 1.266314e-05
1579 9.143013e-06
1580 6.883420e-06
1581 4.347301e-06
1582 2.655947e-06
1583 1.474901e-06
1584 8.112783e-07
1585 4.673052e-07
1586 2.832009e-07
1587 0.000000e+00
1588 0.000000e+00
1589 0.000000e+00
1590 1.001028e-05
1591 1.119728e-05
1592 1.128693e-05
1593 9.739022e-06
1594 7.195644e-06
1595 5.289411e-06
1596 3.755371e-06
1597 2.130464e-06
1598 1.202339e-06
1599 6.811759e-07
1600 3.783133e-07
1601 2.200058e-07
1602 0.000000e+00
1603 0.000000e+00
1604 0.000000e+00
1605 6.201116e-06
1606 7.118100e-06
1607 7.458527e-06
1608 6.801106e-06
1609 5.231433e-06
1610 3.775220e-06
1611 2.841823e-06
1612 1.597077e-06
1613 9.596537e-07
1614 5.242846e-07
1615 2.885232e-07
1616 1.606418e-07
1617 0.000000e+00
1618 0.000000e+00
1619 0.000000e+00
1620 3.163407e-06
1621 3.720115e-06
1622 4.038202e-06
1623 3.883392e-06
1624 3.154630e-06
1625 2.276770e-06
1626 1.716871e-06
1627 1.071974e-06
1628 6.518364e-07
1629 3.538249e-07
1630 1.861971e-07
1631 1.003484e-07
1632 5.578990e-08
1633 0.000000e+00
1634 0.000000e+00
1635 8.891198e-07
1636 1.072208e-06
1637 1.206146e-06
1638 1.224576e-06
1639 1.066696e-06
1640 7.933436e-07
1641 5.815894e-07
1642 4.169104e-07
1643 2.343421e-07
1644 1.314261e-07
1645 7.164692e-08
1646 3.730540e-08
1647 1.958823e-08
1648 0.000000e+00
1649 0.000000e+00
