0 2.242811e-09
1 1.457977e-09
2 9.170817e-10
3 5.775927e-10
4 3.711999e-10
5 2.442124e-10
6 1.623965e-10
7 1.066673e-10
8 6.760736e-11
9 4.062169e-11
10 2.290948e-11
11 1.210959e-11
12 6.039537e-12
13 2.874408e-12
14 1.321809e-12
15 3.792700e-09
16 2.523176e-09
17 1.604234e-09
18 9.999967e-10
19 6.322704e-10
20 4.093917e-10
21 2.708061e-10
22 1.795756e-10
23 1.164452e-10
24 7.224690e-11
25 4.223559e-11
26 2.312069e-11
27 1.188075e-11
28 5.784278e-12
29 2.701299e-12
30 4.334518e-09
31 2.903526e-09
32 1.856441e-09
33 1.156136e-09
34 7.279630e-10
35 4.688316e-10
36 3.090890e-10
37 2.051214e-10
38 1.336490e-10
39 8.358184e-11
40 4.935911e-11
41 2.731149e-11
42 1.416995e-11
43 6.952951e-12
44 3.265032e-12
45 4.656471e-09
46 3.128931e-09
47 2.005647e-09
48 1.248608e-09
49 7.847257e-10
50 5.041633e-10
51 3.319193e-10
52 2.202775e-10
53 1.438450e-10
54 9.027740e-11
55 5.354688e-11
56 2.976209e-11
57 1.550928e-11
58 7.635877e-12
59 3.594502e-12
60 4.862412e-09
61 3.273598e-09
62 2.101401e-09
63 1.307972e-09
64 8.211076e-10
65 5.268490e-10
66 3.465415e-10
67 2.300236e-10
68 1.503720e-10
69 9.458638e-11
70 5.626040e-11
71 3.135959e-11
72 1.637789e-11
73 8.078501e-12
74 3.808986e-12
75 5.017183e-09
76 3.381934e-09
77 2.173381e-09
78 1.352461e-09
79 8.484250e-10
80 5.438650e-10
81 3.574944e-10
82 2.373157e-10
83 1.553155e-10
84 9.783915e-11
85 5.828417e-11
86 3.254663e-11
87 1.702962e-11
88 8.411494e-12
89 3.969103e-12
90 5.142402e-09
91 3.470027e-09
92 2.231671e-09
93 1.388851e-09
94 8.706878e-10
95 5.576480e-10
96 3.664072e-10
97 2.432531e-10
98 1.593171e-10
99 1.004664e-10
100 5.994215e-11
101 3.351947e-11
102 1.755992e-11
103 8.682062e-12
104 4.099834e-12
105 5.252701e-09
106 3.546983e-09
107 2.283145e-09
108 1.420682e-09
109 8.901318e-10
110 5.697626e-10
111 3.741898e-10
112 2.484447e-10
113 1.627400e-10
114 1.027257e-10
115 6.135518e-11
116 3.436306e-11
117 1.802441e-11
118 8.919222e-12
119 4.211075e-12
120 5.357213e-09
121 3.620683e-09
122 2.331945e-09
123 1.450820e-09
124 9.086204e-10
125 5.812237e-10
126 3.815493e-10
127 2.533736e-10
128 1.661118e-10
129 1.049442e-10
130 6.275817e-11
131 3.517249e-11
132 1.846384e-11
133 9.143639e-12
134 4.322750e-12
135 5.476492e-09
136 3.703943e-09
137 2.387789e-09
138 1.485473e-09
139 9.298253e-10
140 5.944676e-10
141 3.901005e-10
142 2.589888e-10
143 1.699314e-10
144 1.074788e-10
145 6.433970e-11
146 3.610248e-11
147 1.897238e-11
148 9.401419e-12
149 4.447069e-12
150 7.900501e-09
151 5.439739e-09
152 3.573245e-09
153 2.232308e-09
154 1.384232e-09
155 8.726686e-10
156 5.659014e-10
157 3.744800e-10
158 2.475874e-10
159 1.593939e-10
160 9.776421e-11
161 5.635030e-11
162 3.037662e-11
163 1.537721e-11
164 7.388568e-12
165 9.952788e-09
166 6.939895e-09
167 4.624581e-09
168 2.919423e-09
169 1.801113e-09
170 1.126192e-09
171 7.223992e-10
172 4.749346e-10
173 3.144560e-10
174 2.043186e-10
175 1.272794e-10
176 7.478669e-11
177 4.112801e-11
178 2.119891e-11
179 1.033022e-11
180 1.120333e-08
181 7.857234e-09
182 5.267209e-09
183 3.342629e-09
184 2.059101e-09
185 1.283377e-09
186 8.189928e-10
187 5.367212e-10
188 3.553871e-10
189 2.317762e-10
190 1.453204e-10
191 8.607572e-11
192 4.774548e-11
193 2.480506e-11
194 1.216572e-11
195 1.202353e-08
196 8.460784e-09
197 5.690891e-09
198 3.622078e-09
199 2.229669e-09
200 1.387015e-09
201 8.825635e-10
202 5.774347e-10
203 3.823296e-10
204 2.498549e-10
205 1.572141e-10
206 9.354319e-11
207 5.213329e-11
208 2.719994e-11
209 1.338601e-11
210 1.263790e-08
211 8.912714e-09
212 6.009030e-09
213 3.830883e-09
214 2.357442e-09
215 1.464695e-09
216 9.302949e-10
217 6.078707e-10
218 4.024668e-10
219 2.633630e-10
220 1.660939e-10
221 9.912620e-11
222 5.541255e-11
223 2.898907e-11
224 1.429933e-11
225 1.313755e-08
226 9.279313e-09
227 6.265642e-09
228 4.001086e-09
229 2.460783e-09
230 1.527641e-09
231 9.688807e-10
232 6.325826e-10
233 4.188351e-10
234 2.743310e-10
235 1.733162e-10
236 1.036395e-10
237 5.806129e-11
238 3.043777e-11
239 1.503703e-11
240 1.357055e-08
241 9.598025e-09
242 6.489957e-09
243 4.149039e-09
244 2.551388e-09
245 1.582674e-09
246 1.002538e-09
247 6.540029e-10
248 4.331155e-10
249 2.839058e-10
250 1.796144e-10
251 1.075893e-10
252 6.038613e-11
253 3.170667e-11
254 1.567873e-11
255 1.398426e-08
256 9.902118e-09
257 6.703972e-09
258 4.290480e-09
259 2.637207e-09
260 1.634825e-09
261 1.034626e-09
262 6.744777e-10
263 4.466949e-10
264 2.930124e-10
265 1.856071e-10
266 1.113556e-10
267 6.259533e-11
268 3.290903e-11
269 1.629543e-11
270 1.446454e-08
271 1.025512e-08
272 6.951630e-09
273 4.453344e-09
274 2.736480e-09
275 1.695668e-09
276 1.072119e-09
277 6.983945e-10
278 4.624248e-10
279 3.035711e-10
280 1.925697e-10
281 1.157247e-10
282 6.515400e-11
283 3.430808e-11
284 1.700836e-11
285 1.355347e-08
286 9.643089e-09
287 6.549605e-09
288 4.226365e-09
289 2.604813e-09
290 1.613236e-09
291 1.017116e-09
292 6.597867e-10
293 4.352446e-10
294 2.852620e-10
295 1.811236e-10
296 1.092494e-10
297 6.187884e-11
298 3.281373e-11
299 1.637594e-11
300 1.600135e-08
301 1.151513e-08
302 7.892469e-09
303 5.151097e-09
304 3.186956e-09
305 1.964059e-09
306 1.228608e-09
307 7.908105e-10
308 5.197485e-10
309 3.414195e-10
310 2.184871e-10
311 1.333718e-10
312 7.662661e-11
313 4.122962e-11
314 2.084262e-11
315 1.765498e-08
316 1.278935e-08
317 8.809699e-09
318 5.785750e-09
319 3.589487e-09
320 2.205806e-09
321 1.374586e-09
322 8.809203e-10
323 5.776165e-10
324 3.797722e-10
325 2.440077e-10
326 1.498926e-10
327 8.677010e-11
328 4.704716e-11
329 2.394690e-11
330 1.889867e-08
331 1.374740e-08
332 9.497196e-09
333 6.260103e-09
334 3.891377e-09
335 2.387365e-09
336 1.484041e-09
337 9.485333e-10
338 6.211436e-10
339 4.085692e-10
340 2.631529e-10
341 1.622845e-10
342 9.438102e-11
343 5.141474e-11
344 2.627813e-11
345 1.990609e-08
346 1.452348e-08
347 1.005710e-08
348 6.647564e-09
349 4.136283e-09
350 2.534701e-09
351 1.572778e-09
352 1.003335e-09
353 6.562680e-10
354 4.318692e-10
355 2.786805e-10
356 1.723350e-10
357 1.005498e-10
358 5.495540e-11
359 2.816818e-11
360 2.078559e-08
361 1.520140e-08
362 1.054537e-08
363 6.983667e-09
364 4.349641e-09
365 2.663277e-09
366 1.650163e-09
367 1.051110e-09
368 6.869611e-10
369 4.522335e-10
370 2.922168e-10
371 1.810968e-10
372 1.059299e-10
373 5.803974e-11
374 2.981412e-11
375 2.161728e-08
376 1.584204e-08
377 1.100600e-08
378 7.302745e-09
379 4.551522e-09
380 2.784866e-09
381 1.723511e-09
382 1.096346e-09
383 7.160372e-10
384 4.715085e-10
385 3.050541e-10
386 1.894029e-10
387 1.110281e-10
388 6.096378e-11
389 3.137441e-11
390 2.258990e-08
391 1.659219e-08
392 1.154538e-08
393 7.675568e-09
394 4.788312e-09
395 2.927769e-09
396 1.809636e-09
397 1.149532e-09
398 7.500806e-10
399 4.941123e-10
400 3.200919e-10
401 1.991392e-10
402 1.170076e-10
403 6.438876e-11
404 3.320328e-11
405 1.966715e-08
406 1.441290e-08
407 1.000238e-08
408 6.630846e-09
409 4.150249e-09
410 2.541684e-09
411 1.576203e-09
412 1.002173e-09
413 6.532790e-10
414 4.290500e-10
415 2.768086e-10
416 1.715056e-10
417 1.004517e-10
418 5.519150e-11
419 2.845497e-11
420 2.232917e-08
421 1.655549e-08
422 1.157958e-08
423 7.740881e-09
424 4.886758e-09
425 2.984655e-09
426 1.842894e-09
427 1.162985e-09
428 7.538027e-10
429 4.944246e-10
430 3.201726e-10
431 1.999459e-10
432 1.183706e-10
433 6.582090e-11
434 3.433320e-11
435 2.434373e-08
436 1.818594e-08
437 1.277968e-08
438 8.588747e-09
439 5.449826e-09
440 3.324218e-09
441 2.047687e-09
442 1.286126e-09
443 8.308091e-10
444 5.443661e-10
445 3.532647e-10
446 2.216476e-10
447 1.320581e-10
448 7.395780e-11
449 3.884500e-11
450 2.598860e-08
451 1.950909e-08
452 1.375745e-08
453 9.278016e-09
454 5.907036e-09
455 3.600727e-09
456 2.213690e-09
457 1.386260e-09
458 8.930887e-10
459 5.848864e-10
460 3.801134e-10
461 2.392546e-10
462 1.431629e-10
463 8.055802e-11
464 4.250526e-11
465 2.741755e-08
466 2.066517e-08
467 1.460998e-08
468 9.877174e-09
469 6.305919e-09
470 3.841911e-09
471 2.358408e-09
472 1.473448e-09
473 9.476326e-10
474 6.202573e-10
475 4.035409e-10
476 2.546166e-10
477 1.528528e-10
478 8.631926e-11
479 4.570068e-11
480 2.876969e-08
481 2.175404e-08
482 1.541590e-08
483 1.044453e-08
484 6.683794e-09
485 4.069567e-09
486 2.495613e-09
487 1.555857e-09
488 9.991067e-10
489 6.536838e-10
490 4.257148e-10
491 2.691578e-10
492 1.620218e-10
493 9.176378e-11
494 4.871834e-11
495 3.035263e-08
496 2.303137e-08
497 1.635752e-08
498 1.110912e-08
499 7.124995e-09
500 4.335987e-09
501 2.655885e-09
502 1.652468e-09
503 1.059362e-09
504 6.927981e-10
505 4.516203e-10
506 2.861286e-10
507 1.727370e-10
508 9.813787e-11
509 5.225312e-11
510 2.601191e-08
511 1.961709e-08
512 1.387950e-08
513 9.375852e-09
514 5.999540e-09
515 3.664419e-09
516 2.251158e-09
517 1.405869e-09
518 9.029792e-10
519 5.898810e-10
520 3.830376e-10
521 2.413432e-10
522 1.448176e-10
523 8.183823e-11
524 4.340546e-11
525 2.892786e-08
526 2.206936e-08
527 1.573942e-08
528 1.070369e-08
529 6.908811e-09
530 4.226964e-09
531 2.587984e-09
532 1.605650e-09
533 1.025160e-09
534 6.674474e-10
535 4.338526e-10
536 2.747639e-10
537 1.662304e-10
538 9.489002e-11
539 5.086371e-11
540 3.131043e-08
541 2.407584e-08
542 1.726329e-08
543 1.179419e-08
544 7.654974e-09
545 4.690816e-09
546 2.864597e-09
547 1.770095e-09
548 1.125284e-09
549 7.310787e-10
550 4.754967e-10
551 3.021421e-10
552 1.837759e-10
553 1.055929e-10
554 5.698812e-11
555 3.338624e-08
556 2.582499e-08
557 1.859391e-08
558 1.274325e-08
559 8.305668e-09
560 5.094126e-09
561 3.105951e-09
562 1.913541e-09
563 1.212801e-09
564 7.865561e-10
565 5.117970e-10
566 3.260069e-10
567 1.990702e-10
568 1.149225e-10
569 6.232650e-11
570 3.535495e-08
571 2.748440e-08
572 1.985614e-08
573 1.364485e-08
574 8.924029e-09
575 5.477746e-09
576 3.335229e-09
577 2.049597e-09
578 1.295839e-09
579 8.392365e-10
580 5.462810e-10
581 3.486747e-10
582 2.135959e-10
583 1.237841e-10
584 6.739774e-11
585 3.766204e-08
586 2.942378e-08
587 2.133067e-08
588 1.469764e-08
589 9.643856e-09
590 5.924795e-09
591 3.602444e-09
592 2.208183e-09
593 1.392587e-09
594 9.006010e-10
595 5.864442e-10
596 3.750844e-10
597 2.305225e-10
598 1.341090e-10
599 7.330566e-11
600 3.278096e-08
601 2.541095e-08
602 1.833740e-08
603 1.257780e-08
604 8.212027e-09
605 5.056081e-09
606 3.080567e-09
607 1.897067e-09
608 1.200335e-09
609 7.768541e-10
610 5.046650e-10
611 3.212416e-10
612 1.962485e-10
613 1.134785e-10
614 6.170894e-11
615 3.602300e-08
616 2.824487e-08
617 2.055852e-08
618 1.418851e-08
619 9.334358e-09
620 5.778165e-09
621 3.508816e-09
622 2.151159e-09
623 1.352327e-09
624 8.711734e-10
625 5.653824e-10
626 3.609807e-10
627 2.219232e-10
628 1.294298e-10
629 7.106893e-11
630 3.886107e-08
631 3.072928e-08
632 2.251027e-08
633 1.560158e-08
634 1.032065e-08
635 6.413119e-09
636 3.885906e-09
637 2.374845e-09
638 1.486245e-09
639 9.540611e-10
640 6.186945e-10
641 3.958562e-10
642 2.444549e-10
643 1.434336e-10
644 7.929207e-11
645 4.154993e-08
646 3.308361e-08
647 2.435942e-08
648 1.694331e-08
649 1.125585e-08
650 7.015387e-09
651 4.243201e-09
652 2.587150e-09
653 1.613082e-09
654 1.032647e-09
655 6.692494e-10
656 4.289268e-10
657 2.658189e-10
658 1.567115e-10
659 8.708787e-11
660 4.469966e-08
661 3.583411e-08
662 2.652006e-08
663 1.850877e-08
664 1.234654e-08
665 7.718197e-09
666 4.660531e-09
667 2.834521e-09
668 1.761053e-09
669 1.124349e-09
670 7.282160e-10
671 4.675065e-10
672 2.907458e-10
673 1.722033e-10
674 9.618471e-11
675 4.019255e-08
676 3.199861e-08
677 2.358327e-08
678 1.641063e-08
679 1.089924e-08
680 6.813226e-09
681 4.124162e-09
682 2.516942e-09
683 1.568056e-09
684 1.002448e-09
685 6.485661e-10
686 4.149991e-10
687 2.569191e-10
688 1.514265e-10
689 8.421609e-11
690 4.393623e-08
691 3.538385e-08
692 2.633561e-08
693 1.844061e-08
694 1.233117e-08
695 7.765774e-09
696 4.693779e-09
697 2.855597e-09
698 1.767231e-09
699 1.123029e-09
700 7.245634e-10
701 4.642073e-10
702 2.887631e-10
703 1.714700e-10
704 9.622837e-11
705 4.748283e-08
706 3.860426e-08
707 2.894824e-08
708 2.037481e-08
709 1.369458e-08
710 8.673436e-09
711 5.236797e-09
712 3.178093e-09
713 1.956953e-09
714 1.237841e-09
715 7.969249e-10
716 5.110208e-10
717 3.190490e-10
718 1.905337e-10
719 1.076612e-10
720 5.163453e-08
721 4.236693e-08
722 3.199427e-08
723 2.262884e-08
724 1.528313e-08
725 9.731766e-09
726 5.870110e-09
727 3.554561e-09
728 2.178069e-09
729 1.371785e-09
730 8.812402e-10
731 5.655805e-10
732 3.543511e-10
733 2.127534e-10
734 1.209871e-10
735 4.869603e-08
736 3.982353e-08
737 3.004022e-08
738 2.123521e-08
739 1.431799e-08
740 9.118715e-09
741 5.517104e-09
742 3.343708e-09
743 2.051067e-09
744 1.292070e-09
745 8.290878e-10
746 5.309954e-10
747 3.318633e-10
748 1.987947e-10
749 1.128616e-10
750 5.331507e-08
751 4.415117e-08
752 3.368301e-08
753 2.399324e-08
754 1.628270e-08
755 1.046002e-08
756 6.340212e-09
757 3.830245e-09
758 2.334100e-09
759 1.460129e-09
760 9.324946e-10
761 5.967739e-10
762 3.742046e-10
763 2.256347e-10
764 1.292326e-10
765 5.871681e-08
766 4.921402e-08
767 3.792991e-08
768 2.721371e-08
769 1.857892e-08
770 1.202877e-08
771 7.303980e-09
772 4.400140e-09
773 2.665111e-09
774 1.656704e-09
775 1.053349e-09
776 6.736387e-10
777 4.236771e-10
778 2.569918e-10
779 1.483613e-10
780 5.926031e-08
781 4.988633e-08
782 3.866256e-08
783 2.786662e-08
784 1.907421e-08
785 1.239859e-08
786 7.568039e-09
787 4.551090e-09
788 2.752260e-09
789 1.704383e-09
790 1.079429e-09
791 6.884314e-10
792 4.326299e-10
793 2.627318e-10
794 1.521287e-10
795 6.635610e-08
796 5.676148e-08
797 4.466231e-08
798 3.256519e-08
799 2.247358e-08
800 1.476323e-08
801 9.079248e-09
802 5.438215e-09
803 3.268131e-09
804 2.004369e-09
805 1.258931e-09
806 7.997935e-10
807 5.033205e-10
808 3.075307e-10
809 1.797940e-10
810 7.616088e-08
811 6.660826e-08
812 5.364864e-08
813 3.989520e-08
814 2.789935e-08
815 1.859194e-08
816 1.163067e-08
817 6.949188e-09
818 4.151905e-09
819 2.508197e-09
820 1.551116e-09
821 9.751324e-10
822 6.119140e-10
823 3.756746e-10
824 2.221032e-10
825 5.056176e-07
826 3.693075e-07
827 2.736490e-07
828 1.703475e-07
829 1.037723e-07
830 6.147662e-08
831 3.753772e-08
832 2.408152e-08
833 1.625607e-08
834 0.000000e+00
835 0.000000e+00
836 0.000000e+00
837 0.000000e+00
838 0.000000e+00
839 0.000000e+00
840 7.584072e-07
841 5.540843e-07
842 4.110093e-07
843 2.587604e-07
844 1.572508e-07
845 9.304252e-08
846 5.670556e-08
847 3.624431e-08
848 2.439999e-08
849 0.000000e+00
850 0.000000e+00
851 0.000000e+00
852 0.000000e+00
853 0.000000e+00
854 0.000000e+00
855 9.034708e-07
856 6.601393e-07
857 4.898344e-07
858 3.095543e-07
859 1.879543e-07
860 1.111685e-07
861 6.771198e-08
862 4.322638e-08
863 2.907417e-08
864 0.000000e+00
865 0.000000e+00
866 0.000000e+00
867 0.000000e+00
868 0.000000e+00
869 0.000000e+00
870 9.993278e-07
871 7.302182e-07
872 5.419243e-07
873 3.431341e-07
874 2.082519e-07
875 1.231503e-07
876 7.498702e-08
877 4.784112e-08
878 3.216291e-08
879 0.000000e+00
880 0.000000e+00
881 0.000000e+00
882 0.000000e+00
883 0.000000e+00
884 0.000000e+00
885 1.071193e-06
886 7.827614e-07
887 5.809742e-07
888 3.683088e-07
889 2.234694e-07
890 1.321335e-07
891 8.044121e-08
892 5.130076e-08
893 3.447879e-08
894 0.000000e+00
895 0.000000e+00
896 0.000000e+00
897 0.000000e+00
898 0.000000e+00
899 0.000000e+00
900 1.129439e-06
901 8.253442e-07
902 6.126261e-07
903 3.887123e-07
904 2.358020e-07
905 1.394142e-07
906 8.486152e-08
907 5.410480e-08
908 3.635564e-08
909 0.000000e+00
910 0.000000e+00
911 0.000000e+00
912 0.000000e+00
913 0.000000e+00
914 0.000000e+00
915 1.180268e-06
916 8.625041e-07
917 6.402459e-07
918 4.065191e-07
919 2.465652e-07
920 1.457672e-07
921 8.871918e-08
922 5.655163e-08
923 3.799350e-08
924 0.000000e+00
925 0.000000e+00
926 0.000000e+00
927 0.000000e+00
928 0.000000e+00
929 0.000000e+00
930 1.228460e-06
931 8.977376e-07
932 6.664337e-07
933 4.234011e-07
934 2.567693e-07
935 1.517905e-07
936 9.237652e-08
937 5.887147e-08
938 3.954628e-08
939 0.000000e+00
940 0.000000e+00
941 0.000000e+00
942 0.000000e+00
943 0.000000e+00
944 0.000000e+00
945 1.284683e-06
946 9.388454e-07
947 6.969857e-07
948 4.430983e-07
949 2.686743e-07
950 1.588185e-07
951 9.664394e-08
952 6.157795e-08
953 4.135810e-08
954 0.000000e+00
955 0.000000e+00
956 0.000000e+00
957 0.000000e+00
958 0.000000e+00
959 0.000000e+00
960 3.366168e-07
961 2.681131e-07
962 1.944921e-07
963 1.458528e-07
964 9.025473e-08
965 5.524413e-08
966 3.211025e-08
967 1.920006e-08
968 1.203187e-08
969 7.965682e-09
970 0.000000e+00
971 0.000000e+00
972 0.000000e+00
973 0.000000e+00
974 0.000000e+00
975 5.201793e-07
976 4.171189e-07
977 3.028644e-07
978 2.269140e-07
979 1.422129e-07
980 8.671122e-08
981 5.036439e-08
982 3.007510e-08
983 1.877963e-08
984 1.239731e-08
985 0.000000e+00
986 0.000000e+00
987 0.000000e+00
988 0.000000e+00
989 0.000000e+00
990 6.448120e-07
991 5.183992e-07
992 3.765467e-07
993 2.820115e-07
994 1.775998e-07
995 1.081223e-07
996 6.278598e-08
997 3.747520e-08
998 2.336911e-08
999 1.541004e-08
1000 0.000000e+00
1001 0.000000e+00
1002 0.000000e+00
1003 0.000000e+00
1004 0.000000e+00
1005 7.382357e-07
1006 5.943126e-07
1007 4.317715e-07
1008 3.233096e-07
1009 2.041234e-07
1010 1.241698e-07
1011 7.209649e-08
1012 4.302199e-08
1013 2.680897e-08
1014 1.766814e-08
1015 0.000000e+00
1016 0.000000e+00
1017 0.000000e+00
1018 0.000000e+00
1019 0.000000e+00
1020 8.139596e-07
1021 6.558390e-07
1022 4.765327e-07
1023 3.567807e-07
1024 2.256220e-07
1025 1.371778e-07
1026 7.964314e-08
1027 4.751755e-08
1028 2.959718e-08
1029 1.949827e-08
1030 0.000000e+00
1031 0.000000e+00
1032 0.000000e+00
1033 0.000000e+00
1034 0.000000e+00
1035 8.800254e-07
1036 7.095243e-07
1037 5.155916e-07
1038 3.859857e-07
1039 2.443794e-07
1040 1.485270e-07
1041 8.622743e-08
1042 5.144028e-08
1043 3.202995e-08
1044 2.109535e-08
1045 0.000000e+00
1046 0.000000e+00
1047 0.000000e+00
1048 0.000000e+00
1049 0.000000e+00
1050 9.426736e-07
1051 7.604327e-07
1052 5.526249e-07
1053 4.136780e-07
1054 2.621647e-07
1055 1.592896e-07
1056 9.247120e-08
1057 5.515972e-08
1058 3.433673e-08
1059 2.260959e-08
1060 0.000000e+00
1061 0.000000e+00
1062 0.000000e+00
1063 0.000000e+00
1064 0.000000e+00
1065 1.015768e-06
1066 8.198310e-07
1067 5.958365e-07
1068 4.459927e-07
1069 2.829175e-07
1070 1.718473e-07
1071 9.975607e-08
1072 5.949995e-08
1073 3.702828e-08
1074 2.437647e-08
1075 0.000000e+00
1076 0.000000e+00
1077 0.000000e+00
1078 0.000000e+00
1079 0.000000e+00
1080 1.987518e-07
1081 1.807744e-07
1082 1.392845e-07
1083 1.007230e-07
1084 7.547796e-08
1085 4.363573e-08
1086 2.674530e-08
1087 1.541984e-08
1088 9.117646e-09
1089 5.672190e-09
1090 0.000000e+00
1091 0.000000e+00
1092 0.000000e+00
1093 0.000000e+00
1094 0.000000e+00
1095 3.303439e-07
1096 3.017676e-07
1097 2.334442e-07
1098 1.687102e-07
1099 1.266080e-07
1100 7.359605e-08
1101 4.522542e-08
1102 2.601367e-08
1103 1.532804e-08
1104 9.514264e-09
1105 0.000000e+00
1106 0.000000e+00
1107 0.000000e+00
1108 0.000000e+00
1109 0.000000e+00
1110 4.306281e-07
1111 3.940344e-07
1112 3.052904e-07
1113 2.205837e-07
1114 1.656231e-07
1115 9.648070e-08
1116 5.934316e-08
1117 3.410488e-08
1118 2.006901e-08
1119 1.244631e-08
1120 0.000000e+00
1121 0.000000e+00
1122 0.000000e+00
1123 0.000000e+00
1124 0.000000e+00
1125 5.118675e-07
1126 4.687719e-07
1127 3.634880e-07
1128 2.626035e-07
1129 1.972257e-07
1130 1.150174e-07
1131 7.077884e-08
1132 4.065897e-08
1133 2.390921e-08
1134 1.482137e-08
1135 0.000000e+00
1136 0.000000e+00
1137 0.000000e+00
1138 0.000000e+00
1139 0.000000e+00
1140 5.827486e-07
1141 5.339873e-07
1142 4.142683e-07
1143 2.992682e-07
1144 2.248018e-07
1145 1.311919e-07
1146 8.075741e-08
1147 4.637790e-08
1148 2.726008e-08
1149 1.689370e-08
1150 0.000000e+00
1151 0.000000e+00
1152 0.000000e+00
1153 0.000000e+00
1154 0.000000e+00
1155 6.499630e-07
1156 5.958254e-07
1157 4.624212e-07
1158 3.340351e-07
1159 2.509506e-07
1160 1.465295e-07
1161 9.021925e-08
1162 5.180077e-08
1163 3.043750e-08
1164 1.885873e-08
1165 0.000000e+00
1166 0.000000e+00
1167 0.000000e+00
1168 0.000000e+00
1169 0.000000e+00
1170 7.283846e-07
1171 6.679733e-07
1172 5.186008e-07
1173 3.745984e-07
1174 2.814577e-07
1175 1.644239e-07
1176 1.012585e-07
1177 5.812754e-08
1178 3.414473e-08
1179 2.115149e-08
1180 0.000000e+00
1181 0.000000e+00
1182 0.000000e+00
1183 0.000000e+00
1184 0.000000e+00
1185 1.320776e-07
1186 1.303776e-07
1187 1.096452e-07
1188 8.009790e-08
1189 5.950182e-08
1190 4.044741e-08
1191 2.386583e-08
1192 1.359813e-08
1193 7.861235e-09
1194 4.645237e-09
1195 2.909654e-09
1196 0.000000e+00
1197 0.000000e+00
1198 0.000000e+00
1199 0.000000e+00
1200 2.310317e-07
1201 2.286990e-07
1202 1.930439e-07
1203 1.412646e-07
1204 1.047702e-07
1205 7.171515e-08
1206 4.210854e-08
1207 2.402541e-08
1208 1.390801e-08
1209 8.203681e-09
1210 5.128124e-09
1211 0.000000e+00
1212 0.000000e+00
1213 0.000000e+00
1214 0.000000e+00
1215 3.123232e-07
1216 3.095005e-07
1217 2.616147e-07
1218 1.915693e-07
1219 1.419926e-07
1220 9.744471e-08
1221 5.711210e-08
1222 3.260331e-08
1223 1.888242e-08
1224 1.113064e-08
1225 6.952518e-09
1226 0.000000e+00
1227 0.000000e+00
1228 0.000000e+00
1229 0.000000e+00
1230 3.831935e-07
1231 3.799432e-07
1232 3.213903e-07
1233 2.354215e-07
1234 1.744400e-07
1235 1.198757e-07
1236 7.019122e-08
1237 4.008120e-08
1238 2.321897e-08
1239 1.368230e-08
1240 8.542871e-09
1241 0.000000e+00
1242 0.000000e+00
1243 0.000000e+00
1244 0.000000e+00
1245 4.503977e-07
1246 4.467362e-07
1247 3.780737e-07
1248 2.770046e-07
1249 2.052095e-07
1250 1.411454e-07
1251 8.259382e-08
1252 4.717229e-08
1253 2.733118e-08
1254 1.610194e-08
1255 1.005098e-08
1256 0.000000e+00
1257 0.000000e+00
1258 0.000000e+00
1259 0.000000e+00
1260 5.288015e-07
1261 5.246659e-07
1262 4.442070e-07
1263 3.255223e-07
1264 2.411084e-07
1265 1.659601e-07
1266 9.706421e-08
1267 5.544503e-08
1268 3.212871e-08
1269 1.892488e-08
1270 1.181051e-08
1271 0.000000e+00
1272 0.000000e+00
1273 0.000000e+00
1274 0.000000e+00
1275 9.498826e-08
1276 9.890830e-08
1277 8.951167e-08
1278 6.848303e-08
1279 4.950202e-08
1280 3.708086e-08
1281 2.095301e-08
1282 1.265474e-08
1283 7.150084e-09
1284 4.129578e-09
1285 2.472182e-09
1286 0.000000e+00
1287 0.000000e+00
1288 0.000000e+00
1289 0.000000e+00
1290 1.734425e-07
1291 1.809749e-07
1292 1.642857e-07
1293 1.260310e-07
1294 9.104235e-08
1295 6.830321e-08
1296 3.870514e-08
1297 2.345200e-08
1298 1.322125e-08
1299 7.617772e-09
1300 4.551490e-09
1301 0.000000e+00
1302 0.000000e+00
1303 0.000000e+00
1304 0.000000e+00
1305 2.424635e-07
1306 2.531894e-07
1307 2.301014e-07
1308 1.766983e-07
1309 1.276149e-07
1310 9.579447e-08
1311 5.434250e-08
1312 3.296556e-08
1313 1.856968e-08
1314 1.068970e-08
1315 6.382328e-09
1316 0.000000e+00
1317 0.000000e+00
1318 0.000000e+00
1319 0.000000e+00
1320 3.078577e-07
1321 3.216065e-07
1322 2.924568e-07
1323 2.247029e-07
1324 1.622652e-07
1325 1.218404e-07
1326 6.915697e-08
1327 4.197839e-08
1328 2.363663e-08
1329 1.359998e-08
1330 8.116900e-09
1331 0.000000e+00
1332 0.000000e+00
1333 0.000000e+00
1334 0.000000e+00
1335 3.841561e-07
1336 4.014323e-07
1337 3.652105e-07
1338 2.807097e-07
1339 2.026908e-07
1340 1.522281e-07
1341 8.644124e-08
1342 5.249408e-08
1343 2.954836e-08
1344 1.699550e-08
1345 1.014064e-08
1346 0.000000e+00
1347 0.000000e+00
1348 0.000000e+00
1349 0.000000e+00
1350 7.266360e-08
1351 7.865400e-08
1352 7.542691e-08
1353 6.112761e-08
1354 4.410021e-08
1355 3.324501e-08
1356 2.076964e-08
1357 1.273350e-08
1358 7.069283e-09
1359 3.892751e-09
1360 2.249774e-09
1361 1.368137e-09
1362 0.000000e+00
1363 0.000000e+00
1364 0.000000e+00
1365 1.384490e-07
1366 1.501064e-07
1367 1.443057e-07
1368 1.172914e-07
1369 8.467362e-08
1370 6.377080e-08
1371 4.010849e-08
1372 2.451850e-08
1373 1.361476e-08
1374 7.500731e-09
1375 4.325148e-09
1376 2.624522e-09
1377 0.000000e+00
1378 0.000000e+00
1379 0.000000e+00
1380 2.010031e-07
1381 2.180563e-07
1382 2.098198e-07
1383 1.707216e-07
1384 1.232755e-07
1385 9.281020e-08
1386 5.851418e-08
1387 3.573215e-08
1388 1.984300e-08
1389 1.093430e-08
1390 6.299816e-09
1391 3.819753e-09
1392 0.000000e+00
1393 0.000000e+00
1394 0.000000e+00
1395 2.739546e-07
1396 2.973002e-07
1397 2.862206e-07
1398 2.330303e-07
1399 1.682909e-07
1400 1.266749e-07
1401 7.997821e-08
1402 4.880901e-08
1403 2.710609e-08
1404 1.493828e-08
1405 8.602574e-09
1406 5.213599e-09
1407 0.000000e+00
1408 0.000000e+00
1409 0.000000e+00
1410 5.906686e-08
1411 6.592325e-08
1412 6.622751e-08
1413 5.688856e-08
1414 4.193275e-08
1415 3.088476e-08
1416 2.175856e-08
1417 1.241418e-08
1418 6.989056e-09
1419 3.954751e-09
1420 2.199793e-09
1421 1.282926e-09
1422 0.000000e+00
1423 0.000000e+00
1424 0.000000e+00
1425 1.179170e-07
1426 1.317888e-07
1427 1.326800e-07
1428 1.143059e-07
1429 8.439861e-08
1430 6.208393e-08
1431 4.394661e-08
1432 2.499111e-08
1433 1.410008e-08
1434 7.977394e-09
1435 4.434945e-09
1436 2.581370e-09
1437 0.000000e+00
1438 0.000000e+00
1439 0.000000e+00
1440 1.864659e-07
1441 2.085133e-07
1442 2.100928e-07
1443 1.811975e-07
1444 1.338744e-07
1445 9.843172e-08
1446 6.979941e-08
1447 3.964442e-08
1448 2.238585e-08
1449 1.266432e-08
1450 7.039246e-09
1451 4.094128e-09
1452 0.000000e+00
1453 0.000000e+00
1454 0.000000e+00
1455 5.140627e-08
1456 5.891043e-08
1457 6.157693e-08
1458 5.594946e-08
1459 4.290752e-08
1460 3.099017e-08
1461 2.327688e-08
1462 1.305002e-08
1463 7.805955e-09
1464 4.276680e-09
1465 2.357607e-09
1466 1.316389e-09
1467 0.000000e+00
1468 0.000000e+00
1469 0.000000e+00
1470 1.144184e-07
1471 1.312916e-07
1472 1.375004e-07
1473 1.252950e-07
1474 9.633718e-08
1475 6.954075e-08
1476 5.230452e-08
1477 2.941266e-08
1478 1.765430e-08
1479 9.654143e-09
1480 5.309453e-09
1481 2.958533e-09
1482 0.000000e+00
1483 0.000000e+00
1484 0.000000e+00
1485 5.364527e-08
1486 6.303617e-08
1487 6.834874e-08
1488 6.561815e-08
1489 5.320519e-08
1490 3.839071e-08
1491 2.896164e-08
1492 1.800836e-08
1493 1.095930e-08
1494 5.947195e-09
1495 3.132457e-09
1496 1.690029e-09
1497 9.411435e-10
1498 0.000000e+00
1499 0.000000e+00
1500 1.109684e-04
1501 8.086786e-05
1502 6.035546e-05
1503 3.805236e-05
1504 2.321989e-05
1505 1.369104e-05
1506 8.324421e-06
1507 5.304277e-06
1508 3.565556e-06
1509 0.000000e+00
1510 0.000000e+00
1511 0.000000e+00
1512 0.000000e+00
1513 0.000000e+00
1514 0.000000e+00
1515 5.757601e-05
1516 4.644359e-05
1517 3.369791e-05
1518 2.528332e-05
1519 1.597668e-05
1520 9.754545e-06
1521 5.648866e-06
1522 3.364481e-06
1523 2.093966e-06
1524 1.379138e-06
1525 0.000000e+00
1526 0.000000e+00
1527 0.000000e+00
1528 0.000000e+00
1529 0.000000e+00
1530 4.047788e-05
1531 3.713775e-05
1532 2.882267e-05
1533 2.080348e-05
1534 1.566222e-05
1535 9.111532e-06
1536 5.625604e-06
1537 3.225263e-06
1538 1.896511e-06
1539 1.174730e-06
1540 0.000000e+00
1541 0.000000e+00
1542 0.000000e+00
1543 0.000000e+00
1544 0.000000e+00
1545 2.912801e-05
1546 2.891312e-05
1547 2.448503e-05
1548 1.793535e-05
1549 1.328396e-05
1550 9.154542e-06
1551 5.351144e-06
1552 3.053081e-06
1553 1.771954e-06
1554 1.042590e-06
1555 6.506122e-07
1556 0.000000e+00
1557 0.000000e+00
1558 0.000000e+00
1559 0.000000e+00
1560 2.085098e-05
1561 2.179680e-05
1562 1.983793e-05
1563 1.524768e-05
1564 1.100576e-05
1565 8.274949e-06
1566 4.689296e-06
1567 2.850415e-06
1568 1.602925e-06
1569 9.233707e-07
1570 5.506294e-07
1571 0.000000e+00
1572 0.000000e+00
1573 0.000000e+00
1574 0.000000e+00
1575 1.487210e-05
1576 1.614453e-05
1577 1.554949e-05
1578 1.266314e-05
1579 9.143013e-06
1580 6.883420e-06
1581 4.347301e-06
1582 2.655947e-06
1583 1.474901e-06
1584 8.112783e-07
1585 4.673052e-07
1586 2.832009e-07
1587 0.000000e+00
1588 0.000000e+00
1589 0.000000e+00
1590 1.001028e-05
1591 1.119728e-05
1592 1.128693e-05
1593 9.739022e-06
1594 7.195644e-06
1595 5.289411e-06
1596 3.755371e-06
1597 2.130464e-06
1598 1.202339e-06
1599 6.811759e-07
1600 3.783133e-07
1601 2.200058e-07
1602 0.000000e+00
1603 0.000000e+00
1604 0.000000e+00
1605 6.201116e-06
1606 7.118100e-06
1607 7.458527e-06
1608 6.801106e-06
1609 5.231433e-06
1610 3.775220e-06
1611 2.841823e-06
1612 1.597077e-06
1613 9.596537e-07
1614 5.242846e-07
1615 2.885232e-07
1616 1.606418e-07
1617 0.000000e+00
1618 0.000000e+00
1619 0.000000e+00
1620 3.163407e-06
1621 3.720115e-06
1622 4.038202e-06
1623 3.883392e-06
1624 3.154630e-06
1625 2.276770e-06
1626 1.716871e-06
1627 1.071974e-06
1628 6.518364e-07
1629 3.538249e-07
1630 1.861971e-07
1631 1.003484e-07
1632 5.578990e-08
1633 0.000000e+00
1634 0.000000e+00
1635 8.891198e-07
1636 1.072208e-06
1637 1.206146e-06
1638 1.224576e-06
1639 1.066696e-06
1640 7.933436e-07
1641 5.815894e-07
1642 4.169104e-07
1643 2.343421e-07
1644 1.314261e-07
1645 7.164692e-08
1646 3.730540e-08
1647 1.958823e-08
1648 0.000000e+00
1649 0.000000e+00
