0 2.209263e-09
1 1.434696e-09
2 9.019951e-10
3 5.683689e-10
4 3.655475e-10
5 2.406378e-10
6 1.600234e-10
7 1.050749e-10
8 6.654430e-11
9 3.993355e-11
10 2.248536e-11
11 1.186891e-11
12 5.910765e-12
13 2.810793e-12
14 1.291403e-12
15 3.746487e-09
16 2.490339e-09
17 1.581767e-09
18 9.860247e-10
19 6.237844e-10
20 4.041523e-10
21 2.674776e-10
22 1.773655e-10
23 1.149599e-10
24 7.126547e-11
25 4.160503e-11
26 2.274229e-11
27 1.167043e-11
28 5.674976e-12
29 2.648003e-12
30 4.286742e-09
31 2.868862e-09
32 1.832043e-09
33 1.140495e-09
34 7.185508e-10
35 4.631747e-10
36 3.056154e-10
37 2.028427e-10
38 1.321115e-10
39 8.253309e-11
40 4.866946e-11
41 2.687345e-11
42 1.391844e-11
43 6.818551e-12
44 3.198061e-12
45 4.584853e-09
46 3.077305e-09
47 1.969961e-09
48 1.225750e-09
49 7.708264e-10
50 4.957247e-10
51 3.266281e-10
52 2.168555e-10
53 1.415457e-10
54 8.873716e-11
55 5.254908e-11
56 2.914929e-11
57 1.515757e-11
58 7.448958e-12
59 3.501864e-12
60 4.784571e-09
61 3.217152e-09
62 2.062392e-09
63 1.283014e-09
64 8.059600e-10
65 5.176015e-10
66 3.407548e-10
67 2.262596e-10
68 1.478665e-10
69 9.290042e-11
70 5.515729e-11
71 3.067873e-11
72 1.598982e-11
73 7.872787e-12
74 3.706288e-12
75 4.934037e-09
76 3.322015e-09
77 2.131629e-09
78 1.325906e-09
79 8.322454e-10
80 5.339479e-10
81 3.513370e-10
82 2.333142e-10
83 1.526161e-10
84 9.603769e-11
85 5.711423e-11
86 3.182203e-11
87 1.661362e-11
88 8.189354e-12
89 3.858605e-12
90 5.056075e-09
91 3.407652e-09
92 2.188096e-09
93 1.360835e-09
94 8.536589e-10
95 5.473089e-10
96 3.599526e-10
97 2.390942e-10
98 1.564969e-10
99 9.858196e-11
100 5.871717e-11
101 3.276167e-11
102 1.712445e-11
103 8.449393e-12
104 3.983568e-12
105 5.162005e-09
106 3.481303e-09
107 2.237090e-09
108 1.390928e-09
109 8.723254e-10
110 5.588217e-10
111 3.673785e-10
112 2.440594e-10
113 1.598305e-10
114 1.007719e-10
115 6.008064e-11
116 3.355928e-11
117 1.756054e-11
118 8.671541e-12
119 4.090538e-12
120 5.264423e-09
121 3.553489e-09
122 2.285052e-09
123 1.420239e-09
124 8.902729e-10
125 5.700663e-10
126 3.746467e-10
127 2.489076e-10
128 1.631375e-10
129 1.029434e-10
130 6.144558e-11
131 3.435496e-11
132 1.799183e-11
133 8.890872e-12
134 4.196202e-12
135 5.379074e-09
136 3.633352e-09
137 2.338460e-09
138 1.453644e-09
139 9.105715e-10
140 5.827357e-10
141 3.828188e-10
142 2.542822e-10
143 1.667852e-10
144 1.053627e-10
145 6.295485e-11
146 3.524411e-11
147 1.847683e-11
148 9.135836e-12
149 4.314058e-12
150 7.881238e-09
151 5.425073e-09
152 3.562465e-09
153 2.224665e-09
154 1.379510e-09
155 8.699375e-10
156 5.642586e-10
157 3.734821e-10
158 2.469477e-10
159 1.589637e-10
160 9.746976e-11
161 5.615304e-11
162 3.025379e-11
163 1.530694e-11
164 7.351206e-12
165 9.961604e-09
166 6.942938e-09
167 4.625245e-09
168 2.918183e-09
169 1.800173e-09
170 1.125856e-09
171 7.223215e-10
172 4.750588e-10
173 3.146134e-10
174 2.044065e-10
175 1.273011e-10
176 7.476352e-11
177 4.108981e-11
178 2.116218e-11
179 1.030665e-11
180 1.116426e-08
181 7.825507e-09
182 5.243846e-09
183 3.325497e-09
184 2.048050e-09
185 1.276728e-09
186 8.149461e-10
187 5.343536e-10
188 3.539158e-10
189 2.308122e-10
190 1.446626e-10
191 8.563534e-11
192 4.746212e-11
193 2.463535e-11
194 1.207227e-11
195 1.197291e-08
196 8.419134e-09
197 5.660826e-09
198 3.599937e-09
199 2.215014e-09
200 1.378398e-09
201 8.774171e-10
202 5.743353e-10
203 3.804649e-10
204 2.486169e-10
205 1.563754e-10
206 9.297730e-11
207 5.176690e-11
208 2.698046e-11
209 1.326498e-11
210 1.257857e-08
211 8.864495e-09
212 5.973179e-09
213 3.805088e-09
214 2.340584e-09
215 1.454433e-09
216 9.243755e-10
217 6.043686e-10
218 4.003003e-10
219 2.619155e-10
220 1.651210e-10
221 9.846563e-11
222 5.497680e-11
223 2.872982e-11
224 1.415602e-11
225 1.307242e-08
226 9.226576e-09
227 6.227418e-09
228 3.972241e-09
229 2.442319e-09
230 1.516271e-09
231 9.622788e-10
232 6.286559e-10
233 4.163947e-10
234 2.727383e-10
235 1.722369e-10
236 1.029122e-10
237 5.759337e-11
238 3.015805e-11
239 1.488097e-11
240 1.350032e-08
241 9.540005e-09
242 6.447332e-09
243 4.117330e-09
244 2.530407e-09
245 1.570020e-09
246 9.952992e-10
247 6.497603e-10
248 4.304822e-10
249 2.821817e-10
250 1.784478e-10
251 1.068095e-10
252 5.987833e-11
253 3.140020e-11
254 1.550680e-11
255 1.391148e-08
256 9.842816e-09
257 6.660126e-09
258 4.257345e-09
259 2.616099e-09
260 1.621848e-09
261 1.027119e-09
262 6.701025e-10
263 4.439291e-10
264 2.912308e-10
265 1.843993e-10
266 1.105385e-10
267 6.206482e-11
268 3.258749e-11
269 1.611517e-11
270 1.438116e-08
271 1.018721e-08
272 6.901342e-09
273 4.416440e-09
274 2.712362e-09
275 1.680615e-09
276 1.063638e-09
277 6.933210e-10
278 4.592977e-10
279 3.015365e-10
280 1.911933e-10
281 1.147974e-10
282 6.456236e-11
283 3.394763e-11
284 1.680708e-11
285 1.364077e-08
286 9.703714e-09
287 6.590325e-09
288 4.252061e-09
289 2.620066e-09
290 1.622891e-09
291 1.023146e-09
292 6.637773e-10
293 4.379388e-10
294 2.870487e-10
295 1.822564e-10
296 1.099210e-10
297 6.224758e-11
298 3.300155e-11
299 1.646566e-11
300 1.604781e-08
301 1.154570e-08
302 7.912216e-09
303 5.163424e-09
304 3.193860e-09
305 1.968122e-09
306 1.231299e-09
307 7.927009e-10
308 5.210528e-10
309 3.423138e-10
310 2.190527e-10
311 1.337027e-10
312 7.680121e-11
313 4.131208e-11
314 2.087686e-11
315 1.769723e-08
316 1.281493e-08
317 8.824272e-09
318 5.794767e-09
319 3.593246e-09
320 2.208221e-09
321 1.376193e-09
322 8.822173e-10
323 5.785966e-10
324 3.804690e-10
325 2.444524e-10
326 1.501390e-10
327 8.688318e-11
328 4.708797e-11
329 2.395574e-11
330 1.893381e-08
331 1.376711e-08
332 9.510669e-09
333 6.267929e-09
334 3.893160e-09
335 2.388636e-09
336 1.485033e-09
337 9.494044e-10
338 6.218444e-10
339 4.091232e-10
340 2.635231e-10
341 1.624809e-10
342 9.445802e-11
343 5.142941e-11
344 2.627003e-11
345 1.994088e-08
346 1.454156e-08
347 1.006636e-08
348 6.651954e-09
349 4.136208e-09
350 2.535011e-09
351 1.572962e-09
352 1.003796e-09
353 6.567978e-10
354 4.323035e-10
355 2.789586e-10
356 1.724686e-10
357 1.005845e-10
358 5.493992e-11
359 2.814402e-11
360 2.081688e-08
361 1.521575e-08
362 1.055093e-08
363 6.985740e-09
364 4.347744e-09
365 2.662400e-09
366 1.649691e-09
367 1.051255e-09
368 6.873072e-10
369 4.525590e-10
370 2.924267e-10
371 1.811838e-10
372 1.059316e-10
373 5.800419e-11
374 2.977455e-11
375 2.165547e-08
376 1.586057e-08
377 1.101488e-08
378 7.306676e-09
379 4.550525e-09
380 2.784422e-09
381 1.723282e-09
382 1.096677e-09
383 7.165287e-10
384 4.719457e-10
385 3.053418e-10
386 1.895341e-10
387 1.110534e-10
388 6.093831e-11
389 3.133801e-11
390 2.261397e-08
391 1.659854e-08
392 1.154496e-08
393 7.672743e-09
394 4.782626e-09
395 2.924726e-09
396 1.807721e-09
397 1.148852e-09
398 7.499665e-10
399 4.941682e-10
400 3.201278e-10
401 1.991066e-10
402 1.169161e-10
403 6.429797e-11
404 3.313343e-11
405 1.967410e-08
406 1.441743e-08
407 1.000483e-08
408 6.632970e-09
409 4.151792e-09
410 2.541914e-09
411 1.576393e-09
412 1.002377e-09
413 6.534149e-10
414 4.291701e-10
415 2.768911e-10
416 1.715587e-10
417 1.004807e-10
418 5.520422e-11
419 2.845898e-11
420 2.233525e-08
421 1.655817e-08
422 1.158007e-08
423 7.741134e-09
424 4.886250e-09
425 2.983868e-09
426 1.842474e-09
427 1.162850e-09
428 7.537577e-10
429 4.944476e-10
430 3.202035e-10
431 1.999650e-10
432 1.183743e-10
433 6.581640e-11
434 3.432588e-11
435 2.434731e-08
436 1.818130e-08
437 1.277414e-08
438 8.584547e-09
439 5.445988e-09
440 3.321237e-09
441 2.045849e-09
442 1.285218e-09
443 8.303008e-10
444 5.441235e-10
445 3.531318e-10
446 2.215619e-10
447 1.319927e-10
448 7.390665e-11
449 3.880789e-11
450 2.597809e-08
451 1.949835e-08
452 1.374730e-08
453 9.268839e-09
454 5.900182e-09
455 3.595558e-09
456 2.210648e-09
457 1.384604e-09
458 8.922740e-10
459 5.843982e-10
460 3.798289e-10
461 2.390692e-10
462 1.430313e-10
463 8.046552e-11
464 4.244211e-11
465 2.740455e-08
466 2.064876e-08
467 1.459405e-08
468 9.865275e-09
469 6.296364e-09
470 3.834804e-09
471 2.354249e-09
472 1.471143e-09
473 9.463651e-10
474 6.195550e-10
475 4.031251e-10
476 2.543495e-10
477 1.526664e-10
478 8.618895e-11
479 4.561332e-11
480 2.876739e-08
481 2.174502e-08
482 1.540349e-08
483 1.043598e-08
484 6.675897e-09
485 4.062987e-09
486 2.491959e-09
487 1.553880e-09
488 9.980630e-10
489 6.531506e-10
490 4.254409e-10
491 2.689817e-10
492 1.618909e-10
493 9.165745e-11
494 4.864175e-11
495 3.032848e-08
496 2.300260e-08
497 1.633078e-08
498 1.108929e-08
499 7.109549e-09
500 4.324861e-09
501 2.649448e-09
502 1.648808e-09
503 1.057312e-09
504 6.916395e-10
505 4.509229e-10
506 2.856755e-10
507 1.724276e-10
508 9.792657e-11
509 5.211534e-11
510 2.603083e-08
511 1.963175e-08
512 1.388943e-08
513 9.382900e-09
514 6.004351e-09
515 3.666731e-09
516 2.252636e-09
517 1.406818e-09
518 9.035623e-10
519 5.902924e-10
520 3.833192e-10
521 2.415303e-10
522 1.449333e-10
523 8.190572e-11
524 4.344140e-11
525 2.894620e-08
526 2.208330e-08
527 1.574872e-08
528 1.071076e-08
529 6.912923e-09
530 4.228863e-09
531 2.589140e-09
532 1.606426e-09
533 1.025639e-09
534 6.678025e-10
535 4.341094e-10
536 2.749395e-10
537 1.663400e-10
538 9.495189e-11
539 5.089500e-11
540 3.132306e-08
541 2.408383e-08
542 1.726684e-08
543 1.179620e-08
544 7.655519e-09
545 4.689785e-09
546 2.864371e-09
547 1.769937e-09
548 1.125353e-09
549 7.311555e-10
550 4.755868e-10
551 3.022139e-10
552 1.838177e-10
553 1.056101e-10
554 5.699029e-11
555 3.339539e-08
556 2.582904e-08
557 1.859499e-08
558 1.274216e-08
559 8.304255e-09
560 5.091981e-09
561 3.104808e-09
562 1.912617e-09
563 1.212495e-09
564 7.864480e-10
565 5.117788e-10
566 3.260113e-10
567 1.990678e-10
568 1.149108e-10
569 6.231012e-11
570 3.538103e-08
571 2.750104e-08
572 1.986433e-08
573 1.364940e-08
574 8.926465e-09
575 5.477262e-09
576 3.335197e-09
577 2.049526e-09
578 1.295963e-09
579 8.394429e-10
580 5.464880e-10
581 3.488332e-10
582 2.136925e-10
583 1.238287e-10
584 6.740994e-11
585 3.765930e-08
586 2.941354e-08
587 2.131845e-08
588 1.468706e-08
589 9.635789e-09
590 5.917403e-09
591 3.598335e-09
592 2.205624e-09
593 1.391243e-09
594 8.999149e-10
595 5.860867e-10
596 3.748767e-10
597 2.303829e-10
598 1.340064e-10
599 7.323051e-11
600 3.280759e-08
601 2.543818e-08
602 1.835455e-08
603 1.259089e-08
604 8.221131e-09
605 5.061969e-09
606 3.083705e-09
607 1.899024e-09
608 1.201566e-09
609 7.776220e-10
610 5.051720e-10
611 3.215801e-10
612 1.964663e-10
613 1.136111e-10
614 6.178445e-11
615 3.605277e-08
616 2.827016e-08
617 2.057876e-08
618 1.420169e-08
619 9.342958e-09
620 5.783514e-09
621 3.511823e-09
622 2.152977e-09
623 1.353445e-09
624 8.718992e-10
625 5.658718e-10
626 3.613119e-10
627 2.221376e-10
628 1.295605e-10
629 7.114257e-11
630 3.888797e-08
631 3.075106e-08
632 2.252510e-08
633 1.561147e-08
634 1.032719e-08
635 6.416735e-09
636 3.887775e-09
637 2.375964e-09
638 1.486900e-09
639 9.545359e-10
640 6.190667e-10
641 3.961181e-10
642 2.446260e-10
643 1.435365e-10
644 7.934745e-11
645 4.160373e-08
646 3.312707e-08
647 2.439034e-08
648 1.696427e-08
649 1.126995e-08
650 7.023317e-09
651 4.248005e-09
652 2.589482e-09
653 1.614729e-09
654 1.033759e-09
655 6.700350e-10
656 4.294710e-10
657 2.661759e-10
658 1.569271e-10
659 8.720625e-11
660 4.471795e-08
661 3.584647e-08
662 2.652483e-08
663 1.851000e-08
664 1.234701e-08
665 7.716946e-09
666 4.659315e-09
667 2.833650e-09
668 1.760702e-09
669 1.124293e-09
670 7.282698e-10
671 4.675802e-10
672 2.908001e-10
673 1.722296e-10
674 9.618979e-11
675 4.023276e-08
676 3.203194e-08
677 2.361179e-08
678 1.643203e-08
679 1.091322e-08
680 6.822709e-09
681 4.129443e-09
682 2.520176e-09
683 1.570003e-09
684 1.003642e-09
685 6.493345e-10
686 4.155268e-10
687 2.572485e-10
688 1.516422e-10
689 8.433774e-11
690 4.397257e-08
691 3.542236e-08
692 2.636427e-08
693 1.846139e-08
694 1.234519e-08
695 7.775242e-09
696 4.699067e-09
697 2.858880e-09
698 1.769116e-09
699 1.124174e-09
700 7.253279e-10
701 4.647145e-10
702 2.890941e-10
703 1.716783e-10
704 9.635146e-11
705 4.756316e-08
706 3.867545e-08
707 2.900402e-08
708 2.041420e-08
709 1.372250e-08
710 8.691470e-09
711 5.247037e-09
712 3.184330e-09
713 1.960619e-09
714 1.240129e-09
715 7.984037e-10
716 5.120034e-10
717 3.196939e-10
718 1.909389e-10
719 1.079007e-10
720 5.167132e-08
721 4.239773e-08
722 3.201963e-08
723 2.264293e-08
724 1.529291e-08
725 9.737511e-09
726 5.872534e-09
727 3.556244e-09
728 2.179065e-09
729 1.372461e-09
730 8.817355e-10
731 5.659408e-10
732 3.545982e-10
733 2.129092e-10
734 1.210756e-10
735 4.874692e-08
736 3.987285e-08
737 3.007938e-08
738 2.126459e-08
739 1.433858e-08
740 9.132822e-09
741 5.525248e-09
742 3.348885e-09
743 2.053943e-09
744 1.293819e-09
745 8.301729e-10
746 5.316959e-10
747 3.323163e-10
748 1.990824e-10
749 1.130359e-10
750 5.342317e-08
751 4.425214e-08
752 3.376705e-08
753 2.405662e-08
754 1.632749e-08
755 1.049050e-08
756 6.358587e-09
757 3.841258e-09
758 2.340428e-09
759 1.463923e-09
760 9.348438e-10
761 5.982818e-10
762 3.751820e-10
763 2.262554e-10
764 1.296105e-10
765 5.877352e-08
766 4.926335e-08
767 3.797341e-08
768 2.724469e-08
769 1.859923e-08
770 1.204238e-08
771 7.311589e-09
772 4.404773e-09
773 2.667729e-09
774 1.658309e-09
775 1.054374e-09
776 6.743216e-10
777 4.241312e-10
778 2.572847e-10
779 1.485395e-10
780 5.946852e-08
781 5.008748e-08
782 3.883755e-08
783 2.800337e-08
784 1.917270e-08
785 1.246695e-08
786 7.611474e-09
787 4.576667e-09
788 2.767048e-09
789 1.713036e-09
790 1.084622e-09
791 6.916647e-10
792 4.346895e-10
793 2.640385e-10
794 1.529351e-10
795 6.652217e-08
796 5.692503e-08
797 4.480764e-08
798 3.268070e-08
799 2.255728e-08
800 1.482191e-08
801 9.117263e-09
802 5.460391e-09
803 3.281022e-09
804 2.011812e-09
805 1.263343e-09
806 8.025080e-10
807 5.050371e-10
808 3.086205e-10
809 1.804714e-10
810 7.625068e-08
811 6.669851e-08
812 5.373097e-08
813 3.996234e-08
814 2.794902e-08
815 1.862699e-08
816 1.165403e-08
817 6.962995e-09
818 4.159996e-09
819 2.512807e-09
820 1.553788e-09
821 9.767356e-10
822 6.129075e-10
823 3.762985e-10
824 2.224907e-10
825 5.045861e-07
826 3.685494e-07
827 2.730870e-07
828 1.699609e-07
829 1.035437e-07
830 6.134176e-08
831 3.745645e-08
832 2.403080e-08
833 1.622263e-08
834 0.000000e+00
835 0.000000e+00
836 0.000000e+00
837 0.000000e+00
838 0.000000e+00
839 0.000000e+00
840 7.612013e-07
841 5.561258e-07
842 4.125238e-07
843 2.597159e-07
844 1.578312e-07
845 9.338585e-08
846 5.691474e-08
847 3.637792e-08
848 2.448989e-08
849 0.000000e+00
850 0.000000e+00
851 0.000000e+00
852 0.000000e+00
853 0.000000e+00
854 0.000000e+00
855 9.037682e-07
856 6.603567e-07
857 4.899960e-07
858 3.096585e-07
859 1.880172e-07
860 1.112057e-07
861 6.773456e-08
862 4.324070e-08
863 2.908375e-08
864 0.000000e+00
865 0.000000e+00
866 0.000000e+00
867 0.000000e+00
868 0.000000e+00
869 0.000000e+00
870 9.996383e-07
871 7.304452e-07
872 5.420930e-07
873 3.432428e-07
874 2.083176e-07
875 1.231891e-07
876 7.501058e-08
877 4.785606e-08
878 3.217292e-08
879 0.000000e+00
880 0.000000e+00
881 0.000000e+00
882 0.000000e+00
883 0.000000e+00
884 0.000000e+00
885 1.071501e-06
886 7.829861e-07
887 5.811412e-07
888 3.684165e-07
889 2.235345e-07
890 1.321719e-07
891 8.046454e-08
892 5.131555e-08
893 3.448869e-08
894 0.000000e+00
895 0.000000e+00
896 0.000000e+00
897 0.000000e+00
898 0.000000e+00
899 0.000000e+00
900 1.129738e-06
901 8.255628e-07
902 6.127886e-07
903 3.888170e-07
904 2.358653e-07
905 1.394515e-07
906 8.488422e-08
907 5.411919e-08
908 3.636528e-08
909 0.000000e+00
910 0.000000e+00
911 0.000000e+00
912 0.000000e+00
913 0.000000e+00
914 0.000000e+00
915 1.180553e-06
916 8.627122e-07
917 6.404006e-07
918 4.066188e-07
919 2.466255e-07
920 1.458028e-07
921 8.874079e-08
922 5.656533e-08
923 3.800267e-08
924 0.000000e+00
925 0.000000e+00
926 0.000000e+00
927 0.000000e+00
928 0.000000e+00
929 0.000000e+00
930 1.229299e-06
931 8.983511e-07
932 6.668897e-07
933 4.236950e-07
934 2.569470e-07
935 1.518954e-07
936 9.244020e-08
937 5.891187e-08
938 3.957332e-08
939 0.000000e+00
940 0.000000e+00
941 0.000000e+00
942 0.000000e+00
943 0.000000e+00
944 0.000000e+00
945 1.284941e-06
946 9.390340e-07
947 6.971259e-07
948 4.431886e-07
949 2.687289e-07
950 1.588508e-07
951 9.666351e-08
952 6.159036e-08
953 4.136641e-08
954 0.000000e+00
955 0.000000e+00
956 0.000000e+00
957 0.000000e+00
958 0.000000e+00
959 0.000000e+00
960 3.373152e-07
961 2.686364e-07
962 1.948674e-07
963 1.461375e-07
964 9.040863e-08
965 5.534393e-08
966 3.216832e-08
967 1.923496e-08
968 1.205452e-08
969 7.981128e-09
970 0.000000e+00
971 0.000000e+00
972 0.000000e+00
973 0.000000e+00
974 0.000000e+00
975 5.205627e-07
976 4.174295e-07
977 3.030909e-07
978 2.270834e-07
979 1.423216e-07
980 8.677704e-08
981 5.040257e-08
982 3.009785e-08
983 1.879373e-08
984 1.240657e-08
985 0.000000e+00
986 0.000000e+00
987 0.000000e+00
988 0.000000e+00
989 0.000000e+00
990 6.452143e-07
991 5.187261e-07
992 3.767845e-07
993 2.821895e-07
994 1.777140e-07
995 1.081914e-07
996 6.282607e-08
997 3.749908e-08
998 2.338392e-08
999 1.541976e-08
1000 0.000000e+00
1001 0.000000e+00
1002 0.000000e+00
1003 0.000000e+00
1004 0.000000e+00
1005 7.386340e-07
1006 5.946362e-07
1007 4.320070e-07
1008 3.234856e-07
1009 2.042364e-07
1010 1.242382e-07
1011 7.213618e-08
1012 4.304563e-08
1013 2.682357e-08
1014 1.767777e-08
1015 0.000000e+00
1016 0.000000e+00
1017 0.000000e+00
1018 0.000000e+00
1019 0.000000e+00
1020 8.143443e-07
1021 6.561519e-07
1022 4.767601e-07
1023 3.569507e-07
1024 2.257312e-07
1025 1.372439e-07
1026 7.968147e-08
1027 4.754039e-08
1028 2.961135e-08
1029 1.950757e-08
1030 0.000000e+00
1031 0.000000e+00
1032 0.000000e+00
1033 0.000000e+00
1034 0.000000e+00
1035 8.803951e-07
1036 7.098247e-07
1037 5.158101e-07
1038 3.861491e-07
1039 2.444843e-07
1040 1.485905e-07
1041 8.626427e-08
1042 5.146223e-08
1043 3.204356e-08
1044 2.110428e-08
1045 0.000000e+00
1046 0.000000e+00
1047 0.000000e+00
1048 0.000000e+00
1049 0.000000e+00
1050 9.437645e-07
1051 7.613192e-07
1052 5.532698e-07
1053 4.141603e-07
1054 2.624744e-07
1055 1.594770e-07
1056 9.257992e-08
1057 5.522448e-08
1058 3.437690e-08
1059 2.263596e-08
1060 0.000000e+00
1061 0.000000e+00
1062 0.000000e+00
1063 0.000000e+00
1064 0.000000e+00
1065 1.016102e-06
1066 8.201023e-07
1067 5.960339e-07
1068 4.461403e-07
1069 2.830123e-07
1070 1.719046e-07
1071 9.978934e-08
1072 5.951977e-08
1073 3.704058e-08
1074 2.438455e-08
1075 0.000000e+00
1076 0.000000e+00
1077 0.000000e+00
1078 0.000000e+00
1079 0.000000e+00
1080 1.984833e-07
1081 1.805122e-07
1082 1.390685e-07
1083 1.005681e-07
1084 7.535984e-08
1085 4.356052e-08
1086 2.669775e-08
1087 1.539331e-08
1088 9.102796e-09
1089 5.663248e-09
1090 0.000000e+00
1091 0.000000e+00
1092 0.000000e+00
1093 0.000000e+00
1094 0.000000e+00
1095 3.307765e-07
1096 3.021655e-07
1097 2.337539e-07
1098 1.689338e-07
1099 1.267762e-07
1100 7.369464e-08
1101 4.528624e-08
1102 2.604853e-08
1103 1.534846e-08
1104 9.526901e-09
1105 0.000000e+00
1106 0.000000e+00
1107 0.000000e+00
1108 0.000000e+00
1109 0.000000e+00
1110 4.310557e-07
1111 3.944278e-07
1112 3.055968e-07
1113 2.208049e-07
1114 1.657895e-07
1115 9.657829e-08
1116 5.940337e-08
1117 3.413939e-08
1118 2.008922e-08
1119 1.245881e-08
1120 0.000000e+00
1121 0.000000e+00
1122 0.000000e+00
1123 0.000000e+00
1124 0.000000e+00
1125 5.122830e-07
1126 4.691542e-07
1127 3.637856e-07
1128 2.628185e-07
1129 1.973874e-07
1130 1.151122e-07
1131 7.083733e-08
1132 4.069249e-08
1133 2.392885e-08
1134 1.483352e-08
1135 0.000000e+00
1136 0.000000e+00
1137 0.000000e+00
1138 0.000000e+00
1139 0.000000e+00
1140 5.831449e-07
1141 5.343519e-07
1142 4.145522e-07
1143 2.994732e-07
1144 2.249560e-07
1145 1.312823e-07
1146 8.081320e-08
1147 4.640988e-08
1148 2.727882e-08
1149 1.690529e-08
1150 0.000000e+00
1151 0.000000e+00
1152 0.000000e+00
1153 0.000000e+00
1154 0.000000e+00
1155 6.511315e-07
1156 5.969000e-07
1157 4.632575e-07
1158 3.346393e-07
1159 2.514050e-07
1160 1.467960e-07
1161 9.038367e-08
1162 5.189501e-08
1163 3.049271e-08
1164 1.889288e-08
1165 0.000000e+00
1166 0.000000e+00
1167 0.000000e+00
1168 0.000000e+00
1169 0.000000e+00
1170 7.287435e-07
1171 6.683035e-07
1172 5.188579e-07
1173 3.747840e-07
1174 2.815973e-07
1175 1.645059e-07
1176 1.013091e-07
1177 5.815650e-08
1178 3.416170e-08
1179 2.116198e-08
1180 0.000000e+00
1181 0.000000e+00
1182 0.000000e+00
1183 0.000000e+00
1184 0.000000e+00
1185 1.319485e-07
1186 1.302411e-07
1187 1.095199e-07
1188 8.000227e-08
1189 5.943328e-08
1190 4.039352e-08
1191 2.383711e-08
1192 1.358115e-08
1193 7.851216e-09
1194 4.639500e-09
1195 2.906225e-09
1196 0.000000e+00
1197 0.000000e+00
1198 0.000000e+00
1199 0.000000e+00
1200 2.314645e-07
1201 2.291292e-07
1202 1.934086e-07
1203 1.415321e-07
1204 1.049685e-07
1205 7.185212e-08
1206 4.218840e-08
1207 2.407116e-08
1208 1.393449e-08
1209 8.219262e-09
1210 5.137835e-09
1211 0.000000e+00
1212 0.000000e+00
1213 0.000000e+00
1214 0.000000e+00
1215 3.127381e-07
1216 3.099130e-07
1217 2.619648e-07
1218 1.918261e-07
1219 1.421826e-07
1220 9.757605e-08
1221 5.718868e-08
1222 3.264709e-08
1223 1.890781e-08
1224 1.114558e-08
1225 6.961834e-09
1226 0.000000e+00
1227 0.000000e+00
1228 0.000000e+00
1229 0.000000e+00
1230 3.835886e-07
1231 3.803359e-07
1232 3.217236e-07
1233 2.356660e-07
1234 1.746209e-07
1235 1.200007e-07
1236 7.026414e-08
1237 4.012289e-08
1238 2.324315e-08
1239 1.369654e-08
1240 8.551739e-09
1241 0.000000e+00
1242 0.000000e+00
1243 0.000000e+00
1244 0.000000e+00
1245 4.515662e-07
1246 4.478976e-07
1247 3.790592e-07
1248 2.777276e-07
1249 2.057445e-07
1250 1.415152e-07
1251 8.280946e-08
1252 4.729557e-08
1253 2.740268e-08
1254 1.614401e-08
1255 1.007720e-08
1256 0.000000e+00
1257 0.000000e+00
1258 0.000000e+00
1259 0.000000e+00
1260 5.291605e-07
1261 5.250227e-07
1262 4.445097e-07
1263 3.257444e-07
1264 2.412728e-07
1265 1.660736e-07
1266 9.713044e-08
1267 5.548289e-08
1268 3.215067e-08
1269 1.893780e-08
1270 1.181856e-08
1271 0.000000e+00
1272 0.000000e+00
1273 0.000000e+00
1274 0.000000e+00
1275 9.497938e-08
1276 9.889467e-08
1277 8.949213e-08
1278 6.846308e-08
1279 4.948833e-08
1280 3.706936e-08
1281 2.094473e-08
1282 1.264875e-08
1283 7.147078e-09
1284 4.128130e-09
1285 2.471429e-09
1286 0.000000e+00
1287 0.000000e+00
1288 0.000000e+00
1289 0.000000e+00
1290 1.738523e-07
1291 1.814040e-07
1292 1.646766e-07
1293 1.263320e-07
1294 9.125959e-08
1295 6.846655e-08
1296 3.879803e-08
1297 2.350853e-08
1298 1.325304e-08
1299 7.636028e-09
1300 4.562365e-09
1301 0.000000e+00
1302 0.000000e+00
1303 0.000000e+00
1304 0.000000e+00
1305 2.428479e-07
1306 2.535913e-07
1307 2.304677e-07
1308 1.769803e-07
1309 1.278184e-07
1310 9.594750e-08
1311 5.442954e-08
1312 3.301848e-08
1313 1.859945e-08
1314 1.070680e-08
1315 6.392519e-09
1316 0.000000e+00
1317 0.000000e+00
1318 0.000000e+00
1319 0.000000e+00
1320 3.089940e-07
1321 3.227957e-07
1322 2.935409e-07
1323 2.255373e-07
1324 1.628677e-07
1325 1.222932e-07
1326 6.941448e-08
1327 4.213499e-08
1328 2.372470e-08
1329 1.365056e-08
1330 8.147050e-09
1331 0.000000e+00
1332 0.000000e+00
1333 0.000000e+00
1334 0.000000e+00
1335 3.845053e-07
1336 4.017978e-07
1337 3.655433e-07
1338 2.809658e-07
1339 2.028757e-07
1340 1.523670e-07
1341 8.652030e-08
1342 5.254218e-08
1343 2.957540e-08
1344 1.701103e-08
1345 1.014990e-08
1346 0.000000e+00
1347 0.000000e+00
1348 0.000000e+00
1349 0.000000e+00
1350 7.275640e-08
1351 7.875185e-08
1352 7.551718e-08
1353 6.119680e-08
1354 4.414943e-08
1355 3.328288e-08
1356 2.079036e-08
1357 1.274707e-08
1358 7.076792e-09
1359 3.896792e-09
1360 2.252226e-09
1361 1.369689e-09
1362 0.000000e+00
1363 0.000000e+00
1364 0.000000e+00
1365 1.388221e-07
1366 1.505119e-07
1367 1.446968e-07
1368 1.176104e-07
1369 8.490411e-08
1370 6.394419e-08
1371 4.021844e-08
1372 2.458547e-08
1373 1.365196e-08
1374 7.521239e-09
1375 4.336940e-09
1376 2.631658e-09
1377 0.000000e+00
1378 0.000000e+00
1379 0.000000e+00
1380 2.020904e-07
1381 2.192373e-07
1382 2.109576e-07
1383 1.716502e-07
1384 1.239463e-07
1385 9.331474e-08
1386 5.883405e-08
1387 3.592705e-08
1388 1.995123e-08
1389 1.099397e-08
1390 6.334134e-09
1391 3.840526e-09
1392 0.000000e+00
1393 0.000000e+00
1394 0.000000e+00
1395 2.742873e-07
1396 2.976615e-07
1397 2.865690e-07
1398 2.333145e-07
1399 1.684962e-07
1400 1.268293e-07
1401 8.007609e-08
1402 4.886864e-08
1403 2.713922e-08
1404 1.495654e-08
1405 8.613075e-09
1406 5.219955e-09
1407 0.000000e+00
1408 0.000000e+00
1409 0.000000e+00
1410 5.924095e-08
1411 6.611625e-08
1412 6.641958e-08
1413 5.705153e-08
1414 4.205196e-08
1415 3.097298e-08
1416 2.181954e-08
1417 1.244943e-08
1418 7.008676e-09
1419 3.965910e-09
1420 2.205997e-09
1421 1.286576e-09
1422 0.000000e+00
1423 0.000000e+00
1424 0.000000e+00
1425 1.189408e-07
1426 1.329349e-07
1427 1.338364e-07
1428 1.153053e-07
1429 8.513767e-08
1430 6.262688e-08
1431 4.433286e-08
1432 2.521001e-08
1433 1.422386e-08
1434 8.047400e-09
1435 4.473849e-09
1436 2.603962e-09
1437 0.000000e+00
1438 0.000000e+00
1439 0.000000e+00
1440 1.867793e-07
1441 2.088641e-07
1442 2.104468e-07
1443 1.815034e-07
1444 1.341006e-07
1445 9.859792e-08
1446 6.991763e-08
1447 3.971138e-08
1448 2.242374e-08
1449 1.268575e-08
1450 7.051155e-09
1451 4.101049e-09
1452 0.000000e+00
1453 0.000000e+00
1454 0.000000e+00
1455 5.226361e-08
1456 5.989412e-08
1457 6.260731e-08
1458 5.688856e-08
1459 4.362955e-08
1460 3.151141e-08
1461 2.366904e-08
1462 1.327044e-08
1463 7.938313e-09
1464 4.349039e-09
1465 2.397412e-09
1466 1.338565e-09
1467 0.000000e+00
1468 0.000000e+00
1469 0.000000e+00
1470 1.147061e-07
1471 1.316221e-07
1472 1.378472e-07
1473 1.256117e-07
1474 9.658118e-08
1475 6.971685e-08
1476 5.243709e-08
1477 2.948743e-08
1478 1.769930e-08
1479 9.678720e-09
1480 5.322934e-09
1481 2.966032e-09
1482 0.000000e+00
1483 0.000000e+00
1484 0.000000e+00
1485 5.387743e-08
1486 6.330921e-08
1487 6.864531e-08
1488 6.590341e-08
1489 5.343694e-08
1490 3.855799e-08
1491 2.908775e-08
1492 1.808722e-08
1493 1.100720e-08
1494 5.973202e-09
1495 3.146144e-09
1496 1.697405e-09
1497 9.452425e-10
1498 0.000000e+00
1499 0.000000e+00
1500 1.109684e-04
1501 8.086786e-05
1502 6.035546e-05
1503 3.805236e-05
1504 2.321989e-05
1505 1.369104e-05
1506 8.324421e-06
1507 5.304277e-06
1508 3.565556e-06
1509 0.000000e+00
1510 0.000000e+00
1511 0.000000e+00
1512 0.000000e+00
1513 0.000000e+00
1514 0.000000e+00
1515 5.757601e-05
1516 4.644359e-05
1517 3.369791e-05
1518 2.528332e-05
1519 1.597668e-05
1520 9.754545e-06
1521 5.648866e-06
1522 3.364481e-06
1523 2.093966e-06
1524 1.379138e-06
1525 0.000000e+00
1526 0.000000e+00
1527 0.000000e+00
1528 0.000000e+00
1529 0.000000e+00
1530 4.047788e-05
1531 3.713775e-05
1532 2.882267e-05
1533 2.080348e-05
1534 1.566222e-05
1535 9.111532e-06
1536 5.625604e-06
1537 3.225263e-06
1538 1.896511e-06
1539 1.174730e-06
1540 0.000000e+00
1541 0.000000e+00
1542 0.000000e+00
1543 0.000000e+00
1544 0.000000e+00
1545 2.912801e-05
1546 2.891312e-05
1547 2.448503e-05
1548 1.793535e-05
1549 1.328396e-05
1550 9.154542e-06
1551 5.351144e-06
1552 3.053081e-06
1553 1.771954e-06
1554 1.042590e-06
1555 6.506122e-07
1556 0.000000e+00
1557 0.000000e+00
1558 0.000000e+00
1559 0.000000e+00
1560 2.085098e-05
1561 2.179680e-05
1562 1.983793e-05
1563 1.524768e-05
1564 1.100576e-05
1565 8.274949e-06
1566 4.689296e-06
1567 2.850415e-06
1568 1.602925e-06
1569 9.233707e-07
1570 5.506294e-07
1571 0.000000e+00
1572 0.000000e+00
1573 0.000000e+00
1574 0.000000e+00
1575 1.487210e-05
1576 1.614453e-05
1577 1.554949e-05
1578 1.266314e-05
1579 9.143013e-06
1580 6.883420e-06
1581 4.347301e-06
1582 2.655947e-06
1583 1.474901e-06
1584 8.112783e-07
1585 4.673052e-07
1586 2.832009e-07
1587 0.000000e+00
1588 0.000000e+00
1589 0.000000e+00
1590 1.001028e-05
1591 1.119728e-05
1592 1.128693e-05
1593 9.739022e-06
1594 7.195644e-06
1595 5.289411e-06
1596 3.755371e-06
1597 2.130464e-06
1598 1.202339e-06
1599 6.811759e-07
1600 3.783133e-07
1601 2.200058e-07
1602 0.000000e+00
1603 0.000000e+00
1604 0.000000e+00
1605 6.201116e-06
1606 7.118100e-06
1607 7.458527e-06
1608 6.801106e-06
1609 5.231433e-06
1610 3.775220e-06
1611 2.841823e-06
1612 1.597077e-06
1613 9.596537e-07
1614 5.242846e-07
1615 2.885232e-07
1616 1.606418e-07
1617 0.000000e+00
1618 0.000000e+00
1619 0.000000e+00
1620 3.163407e-06
1621 3.720115e-06
1622 4.038202e-06
1623 3.883392e-06
1624 3.154630e-06
1625 2.276770e-06
1626 1.716871e-06
1627 1.071974e-06
1628 6.518364e-07
1629 3.538249e-07
1630 1.861971e-07
1631 1.003484e-07
1632 5.578990e-08
1633 0.000000e+00
1634 0.000000e+00
1635 8.891198e-07
1636 1.072208e-06
1637 1.206146e-06
1638 1.224576e-06
1639 1.066696e-06
1640 7.933436e-07
1641 5.815894e-07
1642 4.169104e-07
1643 2.343421e-07
1644 1.314261e-07
1645 7.164692e-08
1646 3.730540e-08
1647 1.958823e-08
1648 0.000000e+00
1649 0.000000e+00
