0 2.246430e-09
1 1.460324e-09
2 9.185011e-10
3 5.784636e-10
4 3.717526e-10
5 2.445775e-10
6 1.626468e-10
7 1.068385e-10
8 6.771932e-11
9 4.069036e-11
10 2.294859e-11
11 1.212990e-11
12 6.049483e-12
13 2.878998e-12
14 1.323856e-12
15 3.794453e-09
16 2.524196e-09
17 1.604714e-09
18 1.000210e-09
19 6.324210e-10
20 4.095083e-10
21 2.709016e-10
22 1.796502e-10
23 1.164966e-10
24 7.227661e-11
25 4.224950e-11
26 2.312534e-11
27 1.188127e-11
28 5.783552e-12
29 2.700666e-12
30 4.349664e-09
31 2.913354e-09
32 1.862442e-09
33 1.159676e-09
34 7.302361e-10
35 4.703272e-10
36 3.101093e-10
37 2.058211e-10
38 1.341076e-10
39 8.386425e-11
40 4.951877e-11
41 2.739421e-11
42 1.420911e-11
43 6.970241e-12
44 3.272389e-12
45 4.656026e-09
46 3.128227e-09
47 2.004852e-09
48 1.247840e-09
49 7.842800e-10
50 5.039271e-10
51 3.318150e-10
52 2.202334e-10
53 1.438190e-10
54 9.025613e-11
55 5.352404e-11
56 2.974273e-11
57 1.549421e-11
58 7.625816e-12
59 3.588693e-12
60 4.861322e-09
61 3.272418e-09
62 2.100196e-09
63 1.306911e-09
64 8.204848e-10
65 5.265017e-10
66 3.463712e-10
67 2.299431e-10
68 1.503252e-10
69 9.454930e-11
70 5.622798e-11
71 3.133272e-11
72 1.635759e-11
73 8.065653e-12
74 3.803123e-12
75 5.015639e-09
76 3.380385e-09
77 2.171860e-09
78 1.351221e-09
79 8.476846e-10
80 5.434434e-10
81 3.572739e-10
82 2.372033e-10
83 1.552516e-10
84 9.779249e-11
85 5.824328e-11
86 3.251404e-11
87 1.700604e-11
88 8.396156e-12
89 3.960646e-12
90 5.140562e-09
91 3.468182e-09
92 2.229954e-09
93 1.387429e-09
94 8.698487e-10
95 5.571657e-10
96 3.661598e-10
97 2.431232e-10
98 1.592401e-10
99 1.004102e-10
100 5.989559e-11
101 3.348283e-11
102 1.753328e-11
103 8.665381e-12
104 4.090391e-12
105 5.250510e-09
106 3.544853e-09
107 2.281240e-09
108 1.419110e-09
109 8.891758e-10
110 5.692142e-10
111 3.739081e-10
112 2.482941e-10
113 1.626516e-10
114 1.026616e-10
115 6.130286e-11
116 3.432226e-11
117 1.799551e-11
118 8.901148e-12
119 4.200834e-12
120 5.336441e-09
121 3.606012e-09
122 2.321947e-09
123 1.444160e-09
124 9.044798e-10
125 5.786418e-10
126 3.799392e-10
127 2.523465e-10
128 1.654472e-10
129 1.045148e-10
130 6.248735e-11
131 3.500871e-11
132 1.836946e-11
133 9.093050e-12
134 4.296961e-12
135 5.473604e-09
136 3.701290e-09
137 2.385509e-09
138 1.483622e-09
139 9.287033e-10
140 5.938146e-10
141 3.897547e-10
142 2.588033e-10
143 1.698199e-10
144 1.073983e-10
145 6.427734e-11
146 3.605411e-11
147 1.893829e-11
148 9.380177e-12
149 4.435222e-12
150 7.895790e-09
151 5.436023e-09
152 3.570548e-09
153 2.230277e-09
154 1.382990e-09
155 8.719098e-10
156 5.654579e-10
157 3.742152e-10
158 2.474206e-10
159 1.592835e-10
160 9.768896e-11
161 5.629958e-11
162 3.034396e-11
163 1.535815e-11
164 7.378238e-12
165 9.977240e-09
166 6.955863e-09
167 4.634727e-09
168 2.925224e-09
169 1.804554e-09
170 1.128426e-09
171 7.238904e-10
172 4.759765e-10
173 3.151766e-10
174 2.047851e-10
175 1.275580e-10
176 7.493725e-11
177 4.120092e-11
178 2.123031e-11
179 1.034259e-11
180 1.118771e-08
181 7.844323e-09
182 5.257666e-09
183 3.335557e-09
184 2.054389e-09
185 1.280568e-09
186 8.173420e-10
187 5.357436e-10
188 3.547867e-10
189 2.313877e-10
190 1.450585e-10
191 8.589909e-11
192 4.763068e-11
193 2.473498e-11
194 1.212641e-11
195 1.200291e-08
196 8.443352e-09
197 5.678114e-09
198 3.612663e-09
199 2.223342e-09
200 1.383236e-09
201 8.803488e-10
202 5.761171e-10
203 3.815226e-10
204 2.493284e-10
205 1.568601e-10
206 9.330439e-11
207 5.197775e-11
208 2.710576e-11
209 1.333291e-11
210 1.261331e-08
211 8.892523e-09
212 5.993807e-09
213 3.819599e-09
214 2.349824e-09
215 1.460142e-09
216 9.276680e-10
217 6.062937e-10
218 4.015206e-10
219 2.627523e-10
220 1.656747e-10
221 9.884946e-11
222 5.523208e-11
223 2.887661e-11
224 1.423576e-11
225 1.310973e-08
226 9.256003e-09
227 6.248340e-09
228 3.988315e-09
229 2.452099e-09
230 1.522506e-09
231 9.658278e-10
232 6.307789e-10
233 4.177385e-10
234 2.736247e-10
235 1.728422e-10
236 1.033198e-10
237 5.785256e-11
238 3.030978e-11
239 1.496490e-11
240 1.354016e-08
241 9.572257e-09
242 6.470888e-09
243 4.134977e-09
244 2.541774e-09
245 1.576964e-09
246 9.991640e-10
247 6.520135e-10
248 4.319058e-10
249 2.831273e-10
250 1.790929e-10
251 1.072371e-10
252 6.015608e-11
253 3.156547e-11
254 1.559870e-11
255 1.390370e-08
256 9.840584e-09
257 6.660470e-09
258 4.260666e-09
259 2.617818e-09
260 1.623073e-09
261 1.027444e-09
262 6.700270e-10
263 4.438614e-10
264 2.911705e-10
265 1.844093e-10
266 1.105947e-10
267 6.213285e-11
268 3.264381e-11
269 1.615310e-11
270 1.442846e-08
271 1.022454e-08
272 6.928956e-09
273 4.436623e-09
274 2.725058e-09
275 1.688869e-09
276 1.068106e-09
277 6.960353e-10
278 4.609843e-10
279 3.026479e-10
280 1.919492e-10
281 1.153061e-10
282 6.488032e-11
283 3.414041e-11
284 1.691288e-11
285 1.363663e-08
286 9.700811e-09
287 6.588251e-09
288 4.250810e-09
289 2.619442e-09
290 1.622407e-09
291 1.022949e-09
292 6.636407e-10
293 4.378240e-10
294 2.869612e-10
295 1.821956e-10
296 1.098849e-10
297 6.222887e-11
298 3.299278e-11
299 1.646180e-11
300 1.604109e-08
301 1.154106e-08
302 7.909115e-09
303 5.161222e-09
304 3.192352e-09
305 1.967516e-09
306 1.230823e-09
307 7.923663e-10
308 5.208468e-10
309 3.421634e-10
310 2.189568e-10
311 1.336417e-10
312 7.676534e-11
313 4.129267e-11
314 2.086800e-11
315 1.769003e-08
316 1.280995e-08
317 8.821753e-09
318 5.792435e-09
319 3.592082e-09
320 2.207494e-09
321 1.375731e-09
322 8.818862e-10
323 5.783843e-10
324 3.803273e-10
325 2.443587e-10
326 1.500816e-10
327 8.685187e-11
328 4.707159e-11
329 2.394742e-11
330 1.892915e-08
331 1.376295e-08
332 9.504719e-09
333 6.263408e-09
334 3.891404e-09
335 2.387422e-09
336 1.484191e-09
337 9.489475e-10
338 6.216069e-10
339 4.089451e-10
340 2.633858e-10
341 1.623935e-10
342 9.440722e-11
343 5.140125e-11
344 2.625493e-11
345 1.993264e-08
346 1.453476e-08
347 1.006119e-08
348 6.648310e-09
349 4.134135e-09
350 2.533362e-09
351 1.572097e-09
352 1.003284e-09
353 6.564719e-10
354 4.320949e-10
355 2.788242e-10
356 1.723837e-10
357 1.005340e-10
358 5.491327e-11
359 2.812672e-11
360 2.080865e-08
361 1.520888e-08
362 1.054622e-08
363 6.981983e-09
364 4.345560e-09
365 2.660632e-09
366 1.648737e-09
367 1.050642e-09
368 6.869329e-10
369 4.523242e-10
370 2.922756e-10
371 1.810882e-10
372 1.058743e-10
373 5.797065e-11
374 2.975557e-11
375 2.156339e-08
376 1.579203e-08
377 1.096640e-08
378 7.274014e-09
379 4.530199e-09
380 2.771684e-09
381 1.715551e-09
382 1.091774e-09
383 7.133562e-10
384 4.698721e-10
385 3.039953e-10
386 1.886956e-10
387 1.105573e-10
388 6.066286e-11
389 3.119374e-11
390 2.260613e-08
391 1.659220e-08
392 1.153983e-08
393 7.669111e-09
394 4.780419e-09
395 2.922762e-09
396 1.806743e-09
397 1.148248e-09
398 7.495963e-10
399 4.939381e-10
400 3.199842e-10
401 1.990179e-10
402 1.168736e-10
403 6.426654e-11
404 3.311104e-11
405 1.965612e-08
406 1.440234e-08
407 9.993725e-09
408 6.624572e-09
409 4.145549e-09
410 2.538701e-09
411 1.574400e-09
412 1.001147e-09
413 6.526845e-10
414 4.286925e-10
415 2.765791e-10
416 1.713531e-10
417 1.003498e-10
418 5.512540e-11
419 2.841462e-11
420 2.231104e-08
421 1.653775e-08
422 1.156479e-08
423 7.730066e-09
424 4.878719e-09
425 2.979275e-09
426 1.839712e-09
427 1.161163e-09
428 7.527494e-10
429 4.937982e-10
430 3.197789e-10
431 1.996868e-10
432 1.181976e-10
433 6.570805e-11
434 3.426345e-11
435 2.431166e-08
436 1.815424e-08
437 1.275286e-08
438 8.569039e-09
439 5.435216e-09
440 3.314231e-09
441 2.041830e-09
442 1.282753e-09
443 8.288600e-10
444 5.432170e-10
445 3.525486e-10
446 2.211783e-10
447 1.317454e-10
448 7.375332e-11
449 3.871810e-11
450 2.594398e-08
451 1.946477e-08
452 1.371973e-08
453 9.250147e-09
454 5.886462e-09
455 3.586526e-09
456 2.205396e-09
457 1.381445e-09
458 8.903230e-10
459 5.832567e-10
460 3.791015e-10
461 2.385946e-10
462 1.427237e-10
463 8.027050e-11
464 4.232590e-11
465 2.736163e-08
466 2.060949e-08
467 1.456286e-08
468 9.842211e-09
469 6.280202e-09
470 3.823885e-09
471 2.347944e-09
472 1.467368e-09
473 9.441525e-10
474 6.182098e-10
475 4.022720e-10
476 2.537923e-10
477 1.523046e-10
478 8.596022e-11
479 4.547592e-11
480 2.860541e-08
481 2.161386e-08
482 1.530686e-08
483 1.036706e-08
484 6.630160e-09
485 4.034234e-09
486 2.474603e-09
487 1.543292e-09
488 9.915240e-10
489 6.490005e-10
490 4.227443e-10
491 2.672520e-10
492 1.608123e-10
493 9.102050e-11
494 4.828323e-11
495 3.027370e-08
496 2.295256e-08
497 1.628997e-08
498 1.105902e-08
499 7.088092e-09
500 4.310251e-09
501 2.640907e-09
502 1.643760e-09
503 1.054355e-09
504 6.898570e-10
505 4.498023e-10
506 2.849469e-10
507 1.719515e-10
508 9.762316e-11
509 5.193121e-11
510 2.599895e-08
511 1.960392e-08
512 1.386798e-08
513 9.367237e-09
514 5.993243e-09
515 3.659873e-09
516 2.248567e-09
517 1.404350e-09
518 9.021063e-10
519 5.893717e-10
520 3.827262e-10
521 2.411424e-10
522 1.446844e-10
523 8.175055e-11
524 4.335012e-11
525 2.890626e-08
526 2.204707e-08
527 1.571949e-08
528 1.068854e-08
529 6.897806e-09
530 4.218851e-09
531 2.583348e-09
532 1.602878e-09
533 1.023586e-09
534 6.665385e-10
535 4.333046e-10
536 2.744150e-10
537 1.660003e-10
538 9.473846e-11
539 5.076730e-11
540 3.127106e-08
541 2.403488e-08
542 1.722620e-08
543 1.176569e-08
544 7.634315e-09
545 4.675488e-09
546 2.855730e-09
547 1.764755e-09
548 1.122267e-09
549 7.293510e-10
550 4.744636e-10
551 3.014895e-10
552 1.833478e-10
553 1.053110e-10
554 5.680812e-11
555 3.333007e-08
556 2.576637e-08
557 1.854057e-08
558 1.270208e-08
559 8.275847e-09
560 5.071949e-09
561 3.093053e-09
562 1.905740e-09
563 1.208404e-09
564 7.840502e-10
565 5.103032e-10
566 3.250663e-10
567 1.984544e-10
568 1.145171e-10
569 6.206728e-11
570 3.516245e-08
571 2.731545e-08
572 1.971980e-08
573 1.354522e-08
574 8.855143e-09
575 5.430437e-09
576 3.307100e-09
577 2.032504e-09
578 1.285729e-09
579 8.331344e-10
580 5.424900e-10
581 3.462738e-10
582 2.120750e-10
583 1.228404e-10
584 6.683411e-11
585 3.757098e-08
586 2.932842e-08
587 2.124351e-08
588 1.463008e-08
589 9.594943e-09
590 5.888345e-09
591 3.581131e-09
592 2.195295e-09
593 1.385332e-09
594 8.964713e-10
595 5.839897e-10
596 3.735437e-10
597 2.295159e-10
598 1.334465e-10
599 7.288151e-11
600 3.276670e-08
601 2.539583e-08
602 1.832345e-08
603 1.256683e-08
604 8.204120e-09
605 5.050118e-09
606 3.077052e-09
607 1.894908e-09
608 1.199131e-09
609 7.761769e-10
610 5.042662e-10
611 3.209937e-10
612 1.960876e-10
613 1.133725e-10
614 6.164071e-11
615 3.599821e-08
616 2.821825e-08
617 2.053329e-08
618 1.416829e-08
619 9.319756e-09
620 5.767172e-09
621 3.502070e-09
622 2.147041e-09
623 1.350035e-09
624 8.698959e-10
625 5.646401e-10
626 3.605260e-10
627 2.216309e-10
628 1.292380e-10
629 7.094501e-11
630 3.881385e-08
631 3.067825e-08
632 2.246140e-08
633 1.556194e-08
634 1.029195e-08
635 6.391577e-09
636 3.872351e-09
637 2.366653e-09
638 1.481681e-09
639 9.515160e-10
640 6.172278e-10
641 3.949655e-10
642 2.438865e-10
643 1.430619e-10
644 7.905155e-11
645 4.133946e-08
646 3.289593e-08
647 2.420439e-08
648 1.682689e-08
649 1.117496e-08
650 6.959594e-09
651 4.208502e-09
652 2.566140e-09
653 1.600788e-09
654 1.025337e-09
655 6.647903e-10
656 4.261466e-10
657 2.640738e-10
658 1.556294e-10
659 8.643639e-11
660 4.460398e-08
661 3.573027e-08
662 2.642001e-08
663 1.842701e-08
664 1.228724e-08
665 7.673766e-09
666 4.632206e-09
667 2.817473e-09
668 1.751545e-09
669 1.119056e-09
670 7.251748e-10
671 4.656696e-10
672 2.895786e-10
673 1.714417e-10
674 9.569163e-11
675 4.017790e-08
676 3.198254e-08
677 2.356753e-08
678 1.639753e-08
679 1.088971e-08
680 6.806117e-09
681 4.119459e-09
682 2.514149e-09
683 1.566503e-09
684 1.001580e-09
685 6.480745e-10
686 4.147057e-10
687 2.567344e-10
688 1.513064e-10
689 8.413825e-11
690 4.390737e-08
691 3.535184e-08
692 2.630374e-08
693 1.841353e-08
694 1.231128e-08
695 7.751063e-09
696 4.683638e-09
697 2.849729e-09
698 1.763934e-09
699 1.121176e-09
700 7.235266e-10
701 4.635972e-10
702 2.883849e-10
703 1.712264e-10
704 9.607042e-11
705 4.726292e-08
706 3.840796e-08
707 2.878464e-08
708 2.024958e-08
709 1.360668e-08
710 8.613514e-09
711 5.197654e-09
712 3.155057e-09
713 1.943362e-09
714 1.229739e-09
715 7.920399e-10
716 5.080155e-10
717 3.171847e-10
718 1.893869e-10
719 1.069723e-10
720 5.154177e-08
721 4.226330e-08
722 3.188979e-08
723 2.253872e-08
724 1.521636e-08
725 9.682666e-09
726 5.835454e-09
727 3.534758e-09
728 2.166801e-09
729 1.365471e-09
730 8.777174e-10
731 5.635346e-10
732 3.530973e-10
733 2.119523e-10
734 1.204688e-10
735 4.868075e-08
736 3.980625e-08
737 3.002254e-08
738 2.121961e-08
739 1.430630e-08
740 9.110197e-09
741 5.510880e-09
742 3.340230e-09
743 2.049059e-09
744 1.290947e-09
745 8.284633e-10
746 5.306383e-10
747 3.316479e-10
748 1.986586e-10
749 1.127738e-10
750 5.309779e-08
751 4.396014e-08
752 3.352610e-08
753 2.387354e-08
754 1.619829e-08
755 1.040342e-08
756 6.303021e-09
757 3.808424e-09
758 2.320951e-09
759 1.452289e-09
760 9.277389e-10
761 5.938529e-10
762 3.724041e-10
763 2.245389e-10
764 1.285829e-10
765 5.863747e-08
766 4.912313e-08
767 3.783495e-08
768 2.712741e-08
769 1.851261e-08
770 1.198081e-08
771 7.268164e-09
772 4.379790e-09
773 2.652968e-09
774 1.650031e-09
775 1.049701e-09
776 6.715982e-10
777 4.224793e-10
778 2.562517e-10
779 1.478895e-10
780 5.884067e-08
781 4.952787e-08
782 3.837925e-08
783 2.765809e-08
784 1.892949e-08
785 1.230349e-08
786 7.508418e-09
787 4.515355e-09
788 2.730611e-09
789 1.691202e-09
790 1.071238e-09
791 6.832824e-10
792 4.294206e-10
793 2.607842e-10
794 1.509932e-10
795 6.608033e-08
796 5.650990e-08
797 4.444732e-08
798 3.239426e-08
799 2.234863e-08
800 1.467801e-08
801 9.021987e-09
802 5.403458e-09
803 3.247150e-09
804 1.992193e-09
805 1.251805e-09
806 7.955348e-10
807 5.007476e-10
808 3.059774e-10
809 1.788695e-10
810 7.613823e-08
811 6.658111e-08
812 5.361836e-08
813 3.986484e-08
814 2.787336e-08
815 1.857280e-08
816 1.161654e-08
817 6.939336e-09
818 4.146282e-09
819 2.505086e-09
820 1.549427e-09
821 9.742489e-10
822 6.114441e-10
823 3.754147e-10
824 2.219517e-10
825 5.054580e-07
826 3.691900e-07
827 2.735622e-07
828 1.702862e-07
829 1.037366e-07
830 6.145550e-08
831 3.752496e-08
832 2.407362e-08
833 1.625089e-08
834 0.000000e+00
835 0.000000e+00
836 0.000000e+00
837 0.000000e+00
838 0.000000e+00
839 0.000000e+00
840 7.609678e-07
841 5.559550e-07
842 4.123970e-07
843 2.596340e-07
844 1.577817e-07
845 9.335664e-08
846 5.689700e-08
847 3.636668e-08
848 2.448237e-08
849 0.000000e+00
850 0.000000e+00
851 0.000000e+00
852 0.000000e+00
853 0.000000e+00
854 0.000000e+00
855 9.034708e-07
856 6.601393e-07
857 4.898344e-07
858 3.095543e-07
859 1.879543e-07
860 1.111685e-07
861 6.771198e-08
862 4.322638e-08
863 2.907417e-08
864 0.000000e+00
865 0.000000e+00
866 0.000000e+00
867 0.000000e+00
868 0.000000e+00
869 0.000000e+00
870 9.993278e-07
871 7.302182e-07
872 5.419243e-07
873 3.431341e-07
874 2.082519e-07
875 1.231503e-07
876 7.498702e-08
877 4.784112e-08
878 3.216291e-08
879 0.000000e+00
880 0.000000e+00
881 0.000000e+00
882 0.000000e+00
883 0.000000e+00
884 0.000000e+00
885 1.071193e-06
886 7.827614e-07
887 5.809742e-07
888 3.683088e-07
889 2.234694e-07
890 1.321335e-07
891 8.044121e-08
892 5.130076e-08
893 3.447879e-08
894 0.000000e+00
895 0.000000e+00
896 0.000000e+00
897 0.000000e+00
898 0.000000e+00
899 0.000000e+00
900 1.129439e-06
901 8.253442e-07
902 6.126261e-07
903 3.887123e-07
904 2.358020e-07
905 1.394142e-07
906 8.486152e-08
907 5.410480e-08
908 3.635564e-08
909 0.000000e+00
910 0.000000e+00
911 0.000000e+00
912 0.000000e+00
913 0.000000e+00
914 0.000000e+00
915 1.180268e-06
916 8.625041e-07
917 6.402459e-07
918 4.065191e-07
919 2.465652e-07
920 1.457672e-07
921 8.871918e-08
922 5.655163e-08
923 3.799350e-08
924 0.000000e+00
925 0.000000e+00
926 0.000000e+00
927 0.000000e+00
928 0.000000e+00
929 0.000000e+00
930 1.224271e-06
931 8.946766e-07
932 6.641614e-07
933 4.219575e-07
934 2.558938e-07
935 1.512730e-07
936 9.206155e-08
937 5.867074e-08
938 3.941144e-08
939 0.000000e+00
940 0.000000e+00
941 0.000000e+00
942 0.000000e+00
943 0.000000e+00
944 0.000000e+00
945 1.284683e-06
946 9.388454e-07
947 6.969857e-07
948 4.430983e-07
949 2.686743e-07
950 1.588185e-07
951 9.664394e-08
952 6.157795e-08
953 4.135810e-08
954 0.000000e+00
955 0.000000e+00
956 0.000000e+00
957 0.000000e+00
958 0.000000e+00
959 0.000000e+00
960 3.372901e-07
961 2.686254e-07
962 1.948619e-07
963 1.461319e-07
964 9.041176e-08
965 5.534405e-08
966 3.216837e-08
967 1.923499e-08
968 1.205431e-08
969 7.980849e-09
970 0.000000e+00
971 0.000000e+00
972 0.000000e+00
973 0.000000e+00
974 0.000000e+00
975 5.201655e-07
976 4.171068e-07
977 3.028555e-07
978 2.269075e-07
979 1.422082e-07
980 8.670855e-08
981 5.036283e-08
982 3.007417e-08
983 1.877907e-08
984 1.239695e-08
985 0.000000e+00
986 0.000000e+00
987 0.000000e+00
988 0.000000e+00
989 0.000000e+00
990 6.448120e-07
991 5.183992e-07
992 3.765467e-07
993 2.820115e-07
994 1.775998e-07
995 1.081223e-07
996 6.278598e-08
997 3.747520e-08
998 2.336911e-08
999 1.541004e-08
1000 0.000000e+00
1001 0.000000e+00
1002 0.000000e+00
1003 0.000000e+00
1004 0.000000e+00
1005 7.382357e-07
1006 5.943126e-07
1007 4.317715e-07
1008 3.233096e-07
1009 2.041234e-07
1010 1.241698e-07
1011 7.209649e-08
1012 4.302199e-08
1013 2.680897e-08
1014 1.766814e-08
1015 0.000000e+00
1016 0.000000e+00
1017 0.000000e+00
1018 0.000000e+00
1019 0.000000e+00
1020 8.139596e-07
1021 6.558390e-07
1022 4.765327e-07
1023 3.567807e-07
1024 2.256220e-07
1025 1.371778e-07
1026 7.964314e-08
1027 4.751755e-08
1028 2.959718e-08
1029 1.949827e-08
1030 0.000000e+00
1031 0.000000e+00
1032 0.000000e+00
1033 0.000000e+00
1034 0.000000e+00
1035 8.800254e-07
1036 7.095243e-07
1037 5.155916e-07
1038 3.859857e-07
1039 2.443794e-07
1040 1.485270e-07
1041 8.622743e-08
1042 5.144028e-08
1043 3.202995e-08
1044 2.109535e-08
1045 0.000000e+00
1046 0.000000e+00
1047 0.000000e+00
1048 0.000000e+00
1049 0.000000e+00
1050 9.394594e-07
1051 7.578399e-07
1052 5.507407e-07
1053 4.122675e-07
1054 2.612708e-07
1055 1.587465e-07
1056 9.215590e-08
1057 5.497164e-08
1058 3.421965e-08
1059 2.253250e-08
1060 0.000000e+00
1061 0.000000e+00
1062 0.000000e+00
1063 0.000000e+00
1064 0.000000e+00
1065 1.015768e-06
1066 8.198310e-07
1067 5.958365e-07
1068 4.459927e-07
1069 2.829175e-07
1070 1.718473e-07
1071 9.975607e-08
1072 5.949995e-08
1073 3.702828e-08
1074 2.437647e-08
1075 0.000000e+00
1076 0.000000e+00
1077 0.000000e+00
1078 0.000000e+00
1079 0.000000e+00
1080 1.979284e-07
1081 1.800002e-07
1082 1.386694e-07
1083 1.002798e-07
1084 7.514311e-08
1085 4.343326e-08
1086 2.661930e-08
1087 1.534831e-08
1088 9.076431e-09
1089 5.646957e-09
1090 0.000000e+00
1091 0.000000e+00
1092 0.000000e+00
1093 0.000000e+00
1094 0.000000e+00
1095 3.303077e-07
1096 3.017328e-07
1097 2.334164e-07
1098 1.686903e-07
1099 1.265929e-07
1100 7.358664e-08
1101 4.521958e-08
1102 2.601036e-08
1103 1.532615e-08
1104 9.513117e-09
1105 0.000000e+00
1106 0.000000e+00
1107 0.000000e+00
1108 0.000000e+00
1109 0.000000e+00
1110 4.306280e-07
1111 3.940343e-07
1112 3.052903e-07
1113 2.205836e-07
1114 1.656231e-07
1115 9.648067e-08
1116 5.934314e-08
1117 3.410487e-08
1118 2.006900e-08
1119 1.244630e-08
1120 0.000000e+00
1121 0.000000e+00
1122 0.000000e+00
1123 0.000000e+00
1124 0.000000e+00
1125 5.118675e-07
1126 4.687719e-07
1127 3.634880e-07
1128 2.626035e-07
1129 1.972257e-07
1130 1.150174e-07
1131 7.077884e-08
1132 4.065897e-08
1133 2.390921e-08
1134 1.482137e-08
1135 0.000000e+00
1136 0.000000e+00
1137 0.000000e+00
1138 0.000000e+00
1139 0.000000e+00
1140 5.827486e-07
1141 5.339873e-07
1142 4.142683e-07
1143 2.992682e-07
1144 2.248018e-07
1145 1.311919e-07
1146 8.075741e-08
1147 4.637790e-08
1148 2.726008e-08
1149 1.689370e-08
1150 0.000000e+00
1151 0.000000e+00
1152 0.000000e+00
1153 0.000000e+00
1154 0.000000e+00
1155 6.477469e-07
1156 5.937939e-07
1157 4.608445e-07
1158 3.328962e-07
1159 2.500950e-07
1160 1.460299e-07
1161 8.991163e-08
1162 5.162415e-08
1163 3.033371e-08
1164 1.879443e-08
1165 0.000000e+00
1166 0.000000e+00
1167 0.000000e+00
1168 0.000000e+00
1169 0.000000e+00
1170 7.283846e-07
1171 6.679733e-07
1172 5.186008e-07
1173 3.745984e-07
1174 2.814577e-07
1175 1.644239e-07
1176 1.012585e-07
1177 5.812754e-08
1178 3.414473e-08
1179 2.115149e-08
1180 0.000000e+00
1181 0.000000e+00
1182 0.000000e+00
1183 0.000000e+00
1184 0.000000e+00
1185 1.309648e-07
1186 1.292576e-07
1187 1.086793e-07
1188 7.938313e-08
1189 5.897673e-08
1190 4.007355e-08
1191 2.365235e-08
1192 1.347515e-08
1193 7.789606e-09
1194 4.603378e-09
1195 2.883805e-09
1196 0.000000e+00
1197 0.000000e+00
1198 0.000000e+00
1199 0.000000e+00
1200 2.309794e-07
1201 2.286459e-07
1202 1.929973e-07
1203 1.412298e-07
1204 1.047452e-07
1205 7.169695e-08
1206 4.209821e-08
1207 2.401943e-08
1208 1.390450e-08
1209 8.201661e-09
1210 5.126876e-09
1211 0.000000e+00
1212 0.000000e+00
1213 0.000000e+00
1214 0.000000e+00
1215 3.123230e-07
1216 3.095004e-07
1217 2.616146e-07
1218 1.915693e-07
1219 1.419926e-07
1220 9.744467e-08
1221 5.711208e-08
1222 3.260330e-08
1223 1.888241e-08
1224 1.113063e-08
1225 6.952516e-09
1226 0.000000e+00
1227 0.000000e+00
1228 0.000000e+00
1229 0.000000e+00
1230 3.831935e-07
1231 3.799432e-07
1232 3.213903e-07
1233 2.354215e-07
1234 1.744400e-07
1235 1.198757e-07
1236 7.019122e-08
1237 4.008120e-08
1238 2.321897e-08
1239 1.368230e-08
1240 8.542871e-09
1241 0.000000e+00
1242 0.000000e+00
1243 0.000000e+00
1244 0.000000e+00
1245 4.488620e-07
1246 4.452130e-07
1247 3.767846e-07
1248 2.760601e-07
1249 2.045098e-07
1250 1.406642e-07
1251 8.231221e-08
1252 4.701145e-08
1253 2.723799e-08
1254 1.604704e-08
1255 1.001671e-08
1256 0.000000e+00
1257 0.000000e+00
1258 0.000000e+00
1259 0.000000e+00
1260 5.288015e-07
1261 5.246659e-07
1262 4.442070e-07
1263 3.255223e-07
1264 2.411084e-07
1265 1.659601e-07
1266 9.706421e-08
1267 5.544503e-08
1268 3.212871e-08
1269 1.892488e-08
1270 1.181051e-08
1271 0.000000e+00
1272 0.000000e+00
1273 0.000000e+00
1274 0.000000e+00
1275 9.370579e-08
1276 9.755539e-08
1277 8.826280e-08
1278 6.751048e-08
1279 4.880163e-08
1280 3.655166e-08
1281 2.064807e-08
1282 1.246693e-08
1283 7.045366e-09
1284 4.070073e-09
1285 2.436975e-09
1286 0.000000e+00
1287 0.000000e+00
1288 0.000000e+00
1289 0.000000e+00
1290 1.733907e-07
1291 1.809196e-07
1292 1.642339e-07
1293 1.259903e-07
1294 9.101326e-08
1295 6.828107e-08
1296 3.869214e-08
1297 2.344396e-08
1298 1.321676e-08
1299 7.615267e-09
1300 4.550013e-09
1301 0.000000e+00
1302 0.000000e+00
1303 0.000000e+00
1304 0.000000e+00
1305 2.424634e-07
1306 2.531893e-07
1307 2.301013e-07
1308 1.766983e-07
1309 1.276148e-07
1310 9.579446e-08
1311 5.434249e-08
1312 3.296555e-08
1313 1.856967e-08
1314 1.068970e-08
1315 6.382326e-09
1316 0.000000e+00
1317 0.000000e+00
1318 0.000000e+00
1319 0.000000e+00
1320 3.068081e-07
1321 3.205099e-07
1322 2.914596e-07
1323 2.239367e-07
1324 1.617120e-07
1325 1.214250e-07
1326 6.892117e-08
1327 4.183526e-08
1328 2.355604e-08
1329 1.355360e-08
1330 8.089224e-09
1331 0.000000e+00
1332 0.000000e+00
1333 0.000000e+00
1334 0.000000e+00
1335 3.841561e-07
1336 4.014323e-07
1337 3.652105e-07
1338 2.807097e-07
1339 2.026908e-07
1340 1.522281e-07
1341 8.644124e-08
1342 5.249408e-08
1343 2.954836e-08
1344 1.699550e-08
1345 1.014064e-08
1346 0.000000e+00
1347 0.000000e+00
1348 0.000000e+00
1349 0.000000e+00
1350 7.139071e-08
1351 7.726185e-08
1352 7.407119e-08
1353 6.000868e-08
1354 4.328944e-08
1355 3.263771e-08
1356 2.037429e-08
1357 1.249560e-08
1358 6.937036e-09
1359 3.819579e-09
1360 2.208081e-09
1361 1.343124e-09
1362 0.000000e+00
1363 0.000000e+00
1364 0.000000e+00
1365 1.384177e-07
1366 1.500718e-07
1367 1.442719e-07
1368 1.172634e-07
1369 8.465337e-08
1370 6.375550e-08
1371 4.009835e-08
1372 2.451245e-08
1373 1.361140e-08
1374 7.498855e-09
1375 4.324097e-09
1376 2.623888e-09
1377 0.000000e+00
1378 0.000000e+00
1379 0.000000e+00
1380 2.003177e-07
1381 2.173129e-07
1382 2.091043e-07
1383 1.701395e-07
1384 1.228551e-07
1385 9.249375e-08
1386 5.831467e-08
1387 3.561032e-08
1388 1.977534e-08
1389 1.089702e-08
1390 6.278335e-09
1391 3.806729e-09
1392 0.000000e+00
1393 0.000000e+00
1394 0.000000e+00
1395 2.739546e-07
1396 2.973002e-07
1397 2.862206e-07
1398 2.330303e-07
1399 1.682909e-07
1400 1.266749e-07
1401 7.997821e-08
1402 4.880901e-08
1403 2.710609e-08
1404 1.493828e-08
1405 8.602574e-09
1406 5.213599e-09
1407 0.000000e+00
1408 0.000000e+00
1409 0.000000e+00
1410 5.796207e-08
1411 6.467895e-08
1412 6.496061e-08
1413 5.577976e-08
1414 4.110663e-08
1415 3.028101e-08
1416 2.132080e-08
1417 1.216926e-08
1418 6.849236e-09
1419 3.875820e-09
1420 2.155989e-09
1421 1.257695e-09
1422 0.000000e+00
1423 0.000000e+00
1424 0.000000e+00
1425 1.175058e-07
1426 1.313291e-07
1427 1.322168e-07
1428 1.139065e-07
1429 8.410369e-08
1430 6.186704e-08
1431 4.379294e-08
1432 2.490377e-08
1433 1.405078e-08
1434 7.949506e-09
1435 4.419442e-09
1436 2.572350e-09
1437 0.000000e+00
1438 0.000000e+00
1439 0.000000e+00
1440 1.864659e-07
1441 2.085133e-07
1442 2.100928e-07
1443 1.811975e-07
1444 1.338744e-07
1445 9.843172e-08
1446 6.979941e-08
1447 3.964442e-08
1448 2.238585e-08
1449 1.266432e-08
1450 7.039246e-09
1451 4.094128e-09
1452 0.000000e+00
1453 0.000000e+00
1454 0.000000e+00
1455 5.049159e-08
1456 5.785469e-08
1457 6.046165e-08
1458 5.492054e-08
1459 4.210747e-08
1460 3.041397e-08
1461 2.284122e-08
1462 1.280155e-08
1463 7.654736e-09
1464 4.194587e-09
1465 2.312953e-09
1466 1.291708e-09
1467 0.000000e+00
1468 0.000000e+00
1469 0.000000e+00
1470 1.144181e-07
1471 1.312913e-07
1472 1.375001e-07
1473 1.252947e-07
1474 9.633692e-08
1475 6.954056e-08
1476 5.230438e-08
1477 2.941258e-08
1478 1.765424e-08
1479 9.654115e-09
1480 5.309438e-09
1481 2.958525e-09
1482 0.000000e+00
1483 0.000000e+00
1484 0.000000e+00
1485 5.337387e-08
1486 6.271412e-08
1487 6.799472e-08
1488 6.527004e-08
1489 5.291590e-08
1490 3.818070e-08
1491 2.880466e-08
1492 1.790467e-08
1493 1.089787e-08
1494 5.913717e-09
1495 3.114595e-09
1496 1.680591e-09
1497 9.360114e-10
1498 0.000000e+00
1499 0.000000e+00
1500 1.109684e-04
1501 8.086786e-05
1502 6.035546e-05
1503 3.805236e-05
1504 2.321989e-05
1505 1.369104e-05
1506 8.324421e-06
1507 5.304277e-06
1508 3.565556e-06
1509 0.000000e+00
1510 0.000000e+00
1511 0.000000e+00
1512 0.000000e+00
1513 0.000000e+00
1514 0.000000e+00
1515 5.757601e-05
1516 4.644359e-05
1517 3.369791e-05
1518 2.528332e-05
1519 1.597668e-05
1520 9.754545e-06
1521 5.648866e-06
1522 3.364481e-06
1523 2.093966e-06
1524 1.379138e-06
1525 0.000000e+00
1526 0.000000e+00
1527 0.000000e+00
1528 0.000000e+00
1529 0.000000e+00
1530 4.047788e-05
1531 3.713775e-05
1532 2.882267e-05
1533 2.080348e-05
1534 1.566222e-05
1535 9.111532e-06
1536 5.625604e-06
1537 3.225263e-06
1538 1.896511e-06
1539 1.174730e-06
1540 0.000000e+00
1541 0.000000e+00
1542 0.000000e+00
1543 0.000000e+00
1544 0.000000e+00
1545 2.912801e-05
1546 2.891312e-05
1547 2.448503e-05
1548 1.793535e-05
1549 1.328396e-05
1550 9.154542e-06
1551 5.351144e-06
1552 3.053081e-06
1553 1.771954e-06
1554 1.042590e-06
1555 6.506122e-07
1556 0.000000e+00
1557 0.000000e+00
1558 0.000000e+00
1559 0.000000e+00
1560 2.085098e-05
1561 2.179680e-05
1562 1.983793e-05
1563 1.524768e-05
1564 1.100576e-05
1565 8.274949e-06
1566 4.689296e-06
1567 2.850415e-06
1568 1.602925e-06
1569 9.233707e-07
1570 5.506294e-07
1571 0.000000e+00
1572 0.000000e+00
1573 0.000000e+00
1574 0.000000e+00
1575 1.487210e-05
1576 1.614453e-05
1577 1.554949e-05
1578 1.266314e-05
1579 9.143013e-06
1580 6.883420e-06
1581 4.347301e-06
1582 2.655947e-06
1583 1.474901e-06
1584 8.112783e-07
1585 4.673052e-07
1586 2.832009e-07
1587 0.000000e+00
1588 0.000000e+00
1589 0.000000e+00
1590 1.001028e-05
1591 1.119728e-05
1592 1.128693e-05
1593 9.739022e-06
1594 7.195644e-06
1595 5.289411e-06
1596 3.755371e-06
1597 2.130464e-06
1598 1.202339e-06
1599 6.811759e-07
1600 3.783133e-07
1601 2.200058e-07
1602 0.000000e+00
1603 0.000000e+00
1604 0.000000e+00
1605 6.201116e-06
1606 7.118100e-06
1607 7.458527e-06
1608 6.801106e-06
1609 5.231433e-06
1610 3.775220e-06
1611 2.841823e-06
1612 1.597077e-06
1613 9.596537e-07
1614 5.242846e-07
1615 2.885232e-07
1616 1.606418e-07
1617 0.000000e+00
1618 0.000000e+00
1619 0.000000e+00
1620 3.163407e-06
1621 3.720115e-06
1622 4.038202e-06
1623 3.883392e-06
1624 3.154630e-06
1625 2.276770e-06
1626 1.716871e-06
1627 1.071974e-06
1628 6.518364e-07
1629 3.538249e-07
1630 1.861971e-07
1631 1.003484e-07
1632 5.578990e-08
1633 0.000000e+00
1634 0.000000e+00
1635 8.891198e-07
1636 1.072208e-06
1637 1.206146e-06
1638 1.224576e-06
1639 1.066696e-06
1640 7.933436e-07
1641 5.815894e-07
1642 4.169104e-07
1643 2.343421e-07
1644 1.314261e-07
1645 7.164692e-08
1646 3.730540e-08
1647 1.958823e-08
1648 0.000000e+00
1649 0.000000e+00
