0 2.213039e-09
1 1.437320e-09
2 9.036550e-10
3 5.693773e-10
4 3.661657e-10
5 2.410324e-10
6 1.602901e-10
7 1.052521e-10
8 6.665855e-11
9 4.001006e-11
10 2.252947e-11
11 1.189689e-11
12 5.926524e-12
13 2.818040e-12
14 1.294869e-12
15 3.751620e-09
16 2.493944e-09
17 1.584186e-09
18 9.875601e-10
19 6.247288e-10
20 4.047341e-10
21 2.678489e-10
22 1.776130e-10
23 1.151261e-10
24 7.137470e-11
25 4.167479e-11
26 2.278391e-11
27 1.169361e-11
28 5.686951e-12
29 2.653705e-12
30 4.293598e-09
31 2.873723e-09
32 1.835459e-09
33 1.142666e-09
34 7.198297e-10
35 4.639346e-10
36 3.061204e-10
37 2.031743e-10
38 1.323317e-10
39 8.268015e-11
40 4.876584e-11
41 2.693208e-11
42 1.395091e-11
43 6.836062e-12
44 3.206732e-12
45 4.592781e-09
46 3.082841e-09
47 1.973891e-09
48 1.228269e-09
49 7.723511e-10
50 4.966506e-10
51 3.272130e-10
52 2.172380e-10
53 1.418003e-10
54 8.890713e-11
55 5.266068e-11
56 2.921673e-11
57 1.519627e-11
58 7.469646e-12
59 3.512084e-12
60 4.809266e-09
61 3.234224e-09
62 2.073548e-09
63 1.290126e-09
64 8.103882e-10
65 5.203898e-10
66 3.425448e-10
67 2.274266e-10
68 1.486414e-10
69 9.339977e-11
70 5.546028e-11
71 3.085644e-11
72 1.608644e-11
73 7.921997e-12
74 3.730363e-12
75 4.943362e-09
76 3.328596e-09
77 2.136284e-09
78 1.328886e-09
79 8.340487e-10
80 5.350480e-10
81 3.520248e-10
82 2.337620e-10
83 1.529157e-10
84 9.623917e-11
85 5.724552e-11
86 3.190277e-11
87 1.666010e-11
88 8.214369e-12
89 3.870775e-12
90 5.065686e-09
91 3.414403e-09
92 2.192867e-09
93 1.363861e-09
94 8.554960e-10
95 5.484328e-10
96 3.606530e-10
97 2.395035e-10
98 1.568020e-10
99 9.878669e-11
100 5.885090e-11
101 3.284442e-11
102 1.717192e-11
103 8.474638e-12
104 3.996161e-12
105 5.172173e-09
106 3.488704e-09
107 2.242207e-09
108 1.394203e-09
109 8.742937e-10
110 5.600221e-10
111 3.681315e-10
112 2.445515e-10
113 1.601561e-10
114 1.009940e-10
115 6.023842e-11
116 3.365659e-11
117 1.761216e-11
118 8.698637e-12
119 4.103951e-12
120 5.272968e-09
121 3.560112e-09
122 2.289693e-09
123 1.423241e-09
124 8.920880e-10
125 5.711681e-10
126 3.753294e-10
127 2.493481e-10
128 1.634304e-10
129 1.031417e-10
130 6.157569e-11
131 3.443587e-11
132 1.803879e-11
133 8.916107e-12
134 4.208857e-12
135 5.389784e-09
136 3.641094e-09
137 2.343869e-09
138 1.457122e-09
139 9.126807e-10
140 5.840191e-10
141 3.836167e-10
142 2.547986e-10
143 1.671306e-10
144 1.055951e-10
145 6.310695e-11
146 3.533806e-11
147 1.853098e-11
148 9.164827e-12
149 4.328548e-12
150 7.883808e-09
151 5.427030e-09
152 3.563512e-09
153 2.225424e-09
154 1.379990e-09
155 8.702272e-10
156 5.644256e-10
157 3.735930e-10
158 2.470134e-10
159 1.590087e-10
160 9.750052e-11
161 5.617378e-11
162 3.026648e-11
163 1.531418e-11
164 7.354868e-12
165 9.964134e-09
166 6.944990e-09
167 4.626769e-09
168 2.919349e-09
169 1.800944e-09
170 1.126327e-09
171 7.225917e-10
172 4.752169e-10
173 3.147043e-10
174 2.044668e-10
175 1.273414e-10
176 7.479231e-11
177 4.110840e-11
178 2.117301e-11
179 1.031273e-11
180 1.116861e-08
181 7.828362e-09
182 5.246397e-09
183 3.327312e-09
184 2.049315e-09
185 1.277438e-09
186 8.153805e-10
187 5.346302e-10
188 3.540674e-10
189 2.309169e-10
190 1.447336e-10
191 8.568120e-11
192 4.749242e-11
193 2.465350e-11
194 1.208242e-11
195 1.201886e-08
196 8.451837e-09
197 5.682961e-09
198 3.614453e-09
199 2.224173e-09
200 1.383933e-09
201 8.809908e-10
202 5.765946e-10
203 3.819430e-10
204 2.495883e-10
205 1.569934e-10
206 9.335215e-11
207 5.198116e-11
208 2.709567e-11
209 1.332277e-11
210 1.258532e-08
211 8.870112e-09
212 5.977239e-09
213 3.807996e-09
214 2.342310e-09
215 1.455566e-09
216 9.249561e-10
217 6.047363e-10
218 4.005187e-10
219 2.620772e-10
220 1.652254e-10
221 9.853961e-11
222 5.502532e-11
223 2.876100e-11
224 1.417170e-11
225 1.307945e-08
226 9.232114e-09
227 6.231464e-09
228 3.975689e-09
229 2.444260e-09
230 1.517492e-09
231 9.629897e-10
232 6.290780e-10
233 4.166667e-10
234 2.729171e-10
235 1.723584e-10
236 1.029887e-10
237 5.764294e-11
238 3.018776e-11
239 1.489836e-11
240 1.350745e-08
241 9.546057e-09
242 6.451888e-09
243 4.120801e-09
244 2.532553e-09
245 1.571352e-09
246 9.960726e-10
247 6.502193e-10
248 4.307563e-10
249 2.823613e-10
250 1.785694e-10
251 1.068895e-10
252 5.993009e-11
253 3.143380e-11
254 1.552506e-11
255 1.391462e-08
256 9.845775e-09
257 6.662417e-09
258 4.259289e-09
259 2.617400e-09
260 1.622619e-09
261 1.027618e-09
262 6.703724e-10
263 4.440690e-10
264 2.913196e-10
265 1.844614e-10
266 1.105837e-10
267 6.209668e-11
268 3.260829e-11
269 1.612717e-11
270 1.439039e-08
271 1.019471e-08
272 6.906954e-09
273 4.420326e-09
274 2.715013e-09
275 1.682805e-09
276 1.064571e-09
277 6.938729e-10
278 4.596388e-10
279 3.017518e-10
280 1.913391e-10
281 1.148957e-10
282 6.462665e-11
283 3.398680e-11
284 1.682887e-11
285 1.364094e-08
286 9.703986e-09
287 6.590572e-09
288 4.252306e-09
289 2.620273e-09
290 1.622998e-09
291 1.023218e-09
292 6.638373e-10
293 4.379561e-10
294 2.870582e-10
295 1.822623e-10
296 1.099262e-10
297 6.225148e-11
298 3.300437e-11
299 1.646743e-11
300 1.604824e-08
301 1.154628e-08
302 7.912502e-09
303 5.163816e-09
304 3.194142e-09
305 1.968478e-09
306 1.231452e-09
307 7.927839e-10
308 5.210869e-10
309 3.423323e-10
310 2.190647e-10
311 1.337114e-10
312 7.680753e-11
313 4.131653e-11
314 2.088063e-11
315 1.775901e-08
316 1.286016e-08
317 8.855625e-09
318 5.815231e-09
319 3.606277e-09
320 2.216107e-09
321 1.381159e-09
322 8.853671e-10
323 5.806468e-10
324 3.818175e-10
325 2.453193e-10
326 1.506750e-10
327 8.719638e-11
328 4.725989e-11
329 2.404448e-11
330 1.893599e-08
331 1.376926e-08
332 9.512361e-09
333 6.269206e-09
334 3.894164e-09
335 2.389187e-09
336 1.485408e-09
337 9.496120e-10
338 6.219715e-10
339 4.091915e-10
340 2.635672e-10
341 1.625108e-10
342 9.447894e-11
343 5.144334e-11
344 2.627860e-11
345 1.994371e-08
346 1.454435e-08
347 1.006858e-08
348 6.653574e-09
349 4.137495e-09
350 2.536021e-09
351 1.573434e-09
352 1.004063e-09
353 6.569503e-10
354 4.323958e-10
355 2.790181e-10
356 1.725091e-10
357 1.006122e-10
358 5.495809e-11
359 2.815497e-11
360 2.082051e-08
361 1.521930e-08
362 1.055378e-08
363 6.987896e-09
364 4.349377e-09
365 2.663266e-09
366 1.650285e-09
367 1.051572e-09
368 6.874956e-10
369 4.526787e-10
370 2.925038e-10
371 1.812342e-10
372 1.059660e-10
373 5.802672e-11
374 2.978818e-11
375 2.164929e-08
376 1.585699e-08
377 1.101271e-08
378 7.305305e-09
379 4.549986e-09
380 2.784090e-09
381 1.723096e-09
382 1.096539e-09
383 7.164058e-10
384 4.718515e-10
385 3.052767e-10
386 1.894916e-10
387 1.110310e-10
388 6.092978e-11
389 3.133538e-11
390 2.261895e-08
391 1.660333e-08
392 1.154878e-08
393 7.675525e-09
394 4.784763e-09
395 2.925763e-09
396 1.808506e-09
397 1.149296e-09
398 7.502226e-10
399 4.943240e-10
400 3.202287e-10
401 1.991748e-10
402 1.169622e-10
403 6.432802e-11
404 3.315165e-11
405 1.967286e-08
406 1.441661e-08
407 1.000434e-08
408 6.632624e-09
409 4.150999e-09
410 2.541802e-09
411 1.576323e-09
412 1.002280e-09
413 6.533856e-10
414 4.291472e-10
415 2.768752e-10
416 1.715486e-10
417 1.004747e-10
418 5.520111e-11
419 2.845756e-11
420 2.240972e-08
421 1.661359e-08
422 1.161891e-08
423 7.767114e-09
424 4.902703e-09
425 2.993991e-09
426 1.848710e-09
427 1.166774e-09
428 7.562997e-10
429 4.961072e-10
430 3.212766e-10
431 2.006357e-10
432 1.187716e-10
433 6.603785e-11
434 3.444184e-11
435 2.434716e-08
436 1.818148e-08
437 1.277451e-08
438 8.584825e-09
439 5.446271e-09
440 3.321482e-09
441 2.046002e-09
442 1.285280e-09
443 8.303383e-10
444 5.441394e-10
445 3.531396e-10
446 2.215667e-10
447 1.319972e-10
448 7.391054e-11
449 3.881094e-11
450 2.597841e-08
451 1.949889e-08
452 1.374809e-08
453 9.270279e-09
454 5.900675e-09
455 3.595935e-09
456 2.210873e-09
457 1.384742e-09
458 8.923034e-10
459 5.844324e-10
460 3.798467e-10
461 2.390823e-10
462 1.430411e-10
463 8.047198e-11
464 4.244677e-11
465 2.740518e-08
466 2.064981e-08
467 1.459518e-08
468 9.866026e-09
469 6.297080e-09
470 3.835324e-09
471 2.354563e-09
472 1.471314e-09
473 9.464551e-10
474 6.196034e-10
475 4.031530e-10
476 2.543675e-10
477 1.526795e-10
478 8.619857e-11
479 4.561999e-11
480 2.875252e-08
481 2.173370e-08
482 1.539555e-08
483 1.043048e-08
484 6.672415e-09
485 4.061030e-09
486 2.490763e-09
487 1.553142e-09
488 9.975830e-10
489 6.528253e-10
490 4.252197e-10
491 2.688365e-10
492 1.618013e-10
493 9.160640e-11
494 4.861509e-11
495 3.033023e-08
496 2.300484e-08
497 1.633295e-08
498 1.109092e-08
499 7.110837e-09
500 4.325829e-09
501 2.650002e-09
502 1.649121e-09
503 1.057485e-09
504 6.917354e-10
505 4.509795e-10
506 2.857121e-10
507 1.724529e-10
508 9.794427e-11
509 5.212715e-11
510 2.620440e-08
511 1.976258e-08
512 1.398201e-08
513 9.445406e-09
514 6.044320e-09
515 3.691218e-09
516 2.267662e-09
517 1.416204e-09
518 9.095939e-10
519 5.942294e-10
520 3.858744e-10
521 2.431384e-10
522 1.458972e-10
523 8.244981e-11
524 4.373015e-11
525 2.904144e-08
526 2.215587e-08
527 1.580054e-08
528 1.074594e-08
529 6.935601e-09
530 4.242851e-09
531 2.597687e-09
532 1.611725e-09
533 1.029025e-09
534 6.700088e-10
535 4.355371e-10
536 2.758419e-10
537 1.668855e-10
538 9.526307e-11
539 5.106180e-11
540 3.142676e-08
541 2.416358e-08
542 1.732417e-08
543 1.183533e-08
544 7.680992e-09
545 4.705952e-09
546 2.873921e-09
547 1.775864e-09
548 1.129112e-09
549 7.335896e-10
550 4.771663e-10
551 3.032161e-10
552 1.844271e-10
553 1.059604e-10
554 5.717975e-11
555 3.350630e-08
556 2.591509e-08
557 1.865728e-08
558 1.278493e-08
559 8.332158e-09
560 5.109212e-09
561 3.115286e-09
562 1.919094e-09
563 1.216571e-09
564 7.890879e-10
565 5.134940e-10
566 3.271019e-10
567 1.997339e-10
568 1.152960e-10
569 6.251984e-11
570 3.547607e-08
571 2.757384e-08
572 1.991659e-08
573 1.368505e-08
574 8.949513e-09
575 5.491544e-09
576 3.343914e-09
577 2.054946e-09
578 1.299406e-09
579 8.416723e-10
580 5.479304e-10
581 3.497441e-10
582 2.142434e-10
583 1.241440e-10
584 6.758004e-11
585 3.778579e-08
586 2.951289e-08
587 2.139096e-08
588 1.473720e-08
589 9.668763e-09
590 5.937882e-09
591 3.610752e-09
592 2.213244e-09
593 1.396025e-09
594 9.029919e-10
595 5.880823e-10
596 3.761508e-10
597 2.311666e-10
598 1.344640e-10
599 7.348221e-11
600 3.280355e-08
601 2.543470e-08
602 1.835185e-08
603 1.258891e-08
604 8.219744e-09
605 5.061090e-09
606 3.083215e-09
607 1.898722e-09
608 1.201385e-09
609 7.775077e-10
610 5.050979e-10
611 3.215309e-10
612 1.964348e-10
613 1.135917e-10
614 6.177312e-11
615 3.604894e-08
616 2.826681e-08
617 2.057628e-08
618 1.419987e-08
619 9.341776e-09
620 5.782757e-09
621 3.511381e-09
622 2.152734e-09
623 1.353287e-09
624 8.718002e-10
625 5.658056e-10
626 3.612675e-10
627 2.221089e-10
628 1.295429e-10
629 7.113249e-11
630 3.888421e-08
631 3.074791e-08
632 2.252284e-08
633 1.560992e-08
634 1.032611e-08
635 6.416102e-09
636 3.887410e-09
637 2.375750e-09
638 1.486771e-09
639 9.544507e-10
640 6.190068e-10
641 3.960772e-10
642 2.445994e-10
643 1.435203e-10
644 7.933836e-11
645 4.156875e-08
646 3.309680e-08
647 2.436692e-08
648 1.694747e-08
649 1.125827e-08
650 7.015904e-09
651 4.243648e-09
652 2.586907e-09
653 1.613174e-09
654 1.032785e-09
655 6.694012e-10
656 4.290532e-10
657 2.659054e-10
658 1.567595e-10
659 8.710869e-11
660 4.471449e-08
661 3.584373e-08
662 2.652301e-08
663 1.850885e-08
664 1.234623e-08
665 7.716556e-09
666 4.659129e-09
667 2.833598e-09
668 1.760656e-09
669 1.124237e-09
670 7.282265e-10
671 4.675488e-10
672 2.907791e-10
673 1.722170e-10
674 9.618312e-11
675 4.022772e-08
676 3.203013e-08
677 2.360813e-08
678 1.642929e-08
679 1.091138e-08
680 6.821467e-09
681 4.128715e-09
682 2.519760e-09
683 1.569748e-09
684 1.003488e-09
685 6.492356e-10
686 4.154620e-10
687 2.572062e-10
688 1.516157e-10
689 8.432202e-11
690 4.396716e-08
691 3.541745e-08
692 2.636038e-08
693 1.845854e-08
694 1.234319e-08
695 7.773921e-09
696 4.698318e-09
697 2.858409e-09
698 1.768844e-09
699 1.124007e-09
700 7.252241e-10
701 4.646447e-10
702 2.890487e-10
703 1.716497e-10
704 9.633441e-11
705 4.751593e-08
706 3.863281e-08
707 2.896959e-08
708 2.038889e-08
709 1.370454e-08
710 8.679531e-09
711 5.239963e-09
712 3.180109e-09
713 1.958144e-09
714 1.238624e-09
715 7.974535e-10
716 5.113849e-10
717 3.192955e-10
718 1.906881e-10
719 1.077505e-10
720 5.166618e-08
721 4.239326e-08
722 3.201610e-08
723 2.264049e-08
724 1.529094e-08
725 9.736421e-09
726 5.871968e-09
727 3.555892e-09
728 2.178855e-09
729 1.372331e-09
730 8.816471e-10
731 5.658803e-10
732 3.545579e-10
733 2.128837e-10
734 1.210606e-10
735 4.874038e-08
736 3.986673e-08
737 3.007434e-08
738 2.126079e-08
739 1.433588e-08
740 9.130984e-09
741 5.524132e-09
742 3.348125e-09
743 2.053559e-09
744 1.293582e-09
745 8.300308e-10
746 5.316045e-10
747 3.322574e-10
748 1.990451e-10
749 1.130132e-10
750 5.336141e-08
751 4.419431e-08
752 3.371846e-08
753 2.401985e-08
754 1.630129e-08
755 1.047261e-08
756 6.347624e-09
757 3.834776e-09
758 2.336660e-09
759 1.461686e-09
760 9.334657e-10
761 5.974042e-10
762 3.746166e-10
763 2.258968e-10
764 1.293918e-10
765 5.876600e-08
766 4.925624e-08
767 3.796404e-08
768 2.724029e-08
769 1.859611e-08
770 1.204024e-08
771 7.310371e-09
772 4.403993e-09
773 2.667283e-09
774 1.658043e-09
775 1.054213e-09
776 6.742177e-10
777 4.240654e-10
778 2.572409e-10
779 1.485126e-10
780 5.931641e-08
781 4.994035e-08
782 3.870906e-08
783 2.790293e-08
784 1.910010e-08
785 1.241647e-08
786 7.579280e-09
787 4.557783e-09
788 2.756068e-09
789 1.706642e-09
790 1.080792e-09
791 6.892857e-10
792 4.331777e-10
793 2.630798e-10
794 1.523430e-10
795 6.641758e-08
796 5.682093e-08
797 4.471396e-08
798 3.260450e-08
799 2.250216e-08
800 1.478314e-08
801 9.091774e-09
802 5.445472e-09
803 3.272312e-09
804 2.006818e-09
805 1.260414e-09
806 8.007263e-10
807 5.039205e-10
808 3.079146e-10
809 1.800324e-10
810 7.623939e-08
811 6.668712e-08
812 5.372058e-08
813 3.995384e-08
814 2.794272e-08
815 1.862254e-08
816 1.165106e-08
817 6.961236e-09
818 4.158965e-09
819 2.512220e-09
820 1.553448e-09
821 9.765324e-10
822 6.127818e-10
823 3.762197e-10
824 2.224418e-10
825 5.046919e-07
826 3.686273e-07
827 2.731448e-07
828 1.700007e-07
829 1.035672e-07
830 6.135563e-08
831 3.746483e-08
832 2.403603e-08
833 1.622606e-08
834 0.000000e+00
835 0.000000e+00
836 0.000000e+00
837 0.000000e+00
838 0.000000e+00
839 0.000000e+00
840 7.611725e-07
841 5.561047e-07
842 4.125082e-07
843 2.597058e-07
844 1.578250e-07
845 9.338224e-08
846 5.691255e-08
847 3.637653e-08
848 2.448896e-08
849 0.000000e+00
850 0.000000e+00
851 0.000000e+00
852 0.000000e+00
853 0.000000e+00
854 0.000000e+00
855 9.037318e-07
856 6.603301e-07
857 4.899762e-07
858 3.096457e-07
859 1.880095e-07
860 1.112011e-07
861 6.773179e-08
862 4.323894e-08
863 2.908258e-08
864 0.000000e+00
865 0.000000e+00
866 0.000000e+00
867 0.000000e+00
868 0.000000e+00
869 0.000000e+00
870 1.002977e-06
871 7.328851e-07
872 5.439037e-07
873 3.443891e-07
874 2.090133e-07
875 1.236005e-07
876 7.526110e-08
877 4.801591e-08
878 3.228038e-08
879 0.000000e+00
880 0.000000e+00
881 0.000000e+00
882 0.000000e+00
883 0.000000e+00
884 0.000000e+00
885 1.071462e-06
886 7.829582e-07
887 5.811204e-07
888 3.684031e-07
889 2.235264e-07
890 1.321671e-07
891 8.046163e-08
892 5.131371e-08
893 3.448746e-08
894 0.000000e+00
895 0.000000e+00
896 0.000000e+00
897 0.000000e+00
898 0.000000e+00
899 0.000000e+00
900 1.129701e-06
901 8.255360e-07
902 6.127686e-07
903 3.888042e-07
904 2.358575e-07
905 1.394469e-07
906 8.488143e-08
907 5.411743e-08
908 3.636410e-08
909 0.000000e+00
910 0.000000e+00
911 0.000000e+00
912 0.000000e+00
913 0.000000e+00
914 0.000000e+00
915 1.180518e-06
916 8.626865e-07
917 6.403815e-07
918 4.066065e-07
919 2.466181e-07
920 1.457984e-07
921 8.873813e-08
922 5.656365e-08
923 3.800154e-08
924 0.000000e+00
925 0.000000e+00
926 0.000000e+00
927 0.000000e+00
928 0.000000e+00
929 0.000000e+00
930 1.228693e-06
931 8.979082e-07
932 6.665605e-07
933 4.234828e-07
934 2.568187e-07
935 1.518197e-07
936 9.239423e-08
937 5.888271e-08
938 3.955380e-08
939 0.000000e+00
940 0.000000e+00
941 0.000000e+00
942 0.000000e+00
943 0.000000e+00
944 0.000000e+00
945 1.284909e-06
946 9.390104e-07
947 6.971084e-07
948 4.431773e-07
949 2.687221e-07
950 1.588467e-07
951 9.666106e-08
952 6.158881e-08
953 4.136538e-08
954 0.000000e+00
955 0.000000e+00
956 0.000000e+00
957 0.000000e+00
958 0.000000e+00
959 0.000000e+00
960 3.373499e-07
961 2.686674e-07
962 1.948903e-07
963 1.461543e-07
964 9.042136e-08
965 5.535108e-08
966 3.217250e-08
967 1.923743e-08
968 1.205599e-08
969 7.982052e-09
970 0.000000e+00
971 0.000000e+00
972 0.000000e+00
973 0.000000e+00
974 0.000000e+00
975 5.205143e-07
976 4.173902e-07
977 3.030622e-07
978 2.270619e-07
979 1.423078e-07
980 8.676871e-08
981 5.039773e-08
982 3.009497e-08
983 1.879195e-08
984 1.240540e-08
985 0.000000e+00
986 0.000000e+00
987 0.000000e+00
988 0.000000e+00
989 0.000000e+00
990 6.473448e-07
991 5.204385e-07
992 3.780283e-07
993 2.831210e-07
994 1.783004e-07
995 1.085485e-07
996 6.303341e-08
997 3.762284e-08
998 2.346110e-08
999 1.547067e-08
1000 0.000000e+00
1001 0.000000e+00
1002 0.000000e+00
1003 0.000000e+00
1004 0.000000e+00
1005 7.385843e-07
1006 5.945959e-07
1007 4.319776e-07
1008 3.234636e-07
1009 2.042223e-07
1010 1.242296e-07
1011 7.213122e-08
1012 4.304268e-08
1013 2.682174e-08
1014 1.767656e-08
1015 0.000000e+00
1016 0.000000e+00
1017 0.000000e+00
1018 0.000000e+00
1019 0.000000e+00
1020 8.142967e-07
1021 6.561132e-07
1022 4.767320e-07
1023 3.569297e-07
1024 2.257177e-07
1025 1.372357e-07
1026 7.967673e-08
1027 4.753756e-08
1028 2.960959e-08
1029 1.950642e-08
1030 0.000000e+00
1031 0.000000e+00
1032 0.000000e+00
1033 0.000000e+00
1034 0.000000e+00
1035 8.803486e-07
1036 7.097869e-07
1037 5.157826e-07
1038 3.861285e-07
1039 2.444711e-07
1040 1.485825e-07
1041 8.625964e-08
1042 5.145947e-08
1043 3.204185e-08
1044 2.110316e-08
1045 0.000000e+00
1046 0.000000e+00
1047 0.000000e+00
1048 0.000000e+00
1049 0.000000e+00
1050 9.429787e-07
1051 7.606806e-07
1052 5.528052e-07
1053 4.138129e-07
1054 2.622513e-07
1055 1.593420e-07
1056 9.250159e-08
1057 5.517782e-08
1058 3.434796e-08
1059 2.261697e-08
1060 0.000000e+00
1061 0.000000e+00
1062 0.000000e+00
1063 0.000000e+00
1064 0.000000e+00
1065 1.016060e-06
1066 8.200688e-07
1067 5.960095e-07
1068 4.461220e-07
1069 2.830006e-07
1070 1.718975e-07
1071 9.978523e-08
1072 5.951732e-08
1073 3.703906e-08
1074 2.438355e-08
1075 0.000000e+00
1076 0.000000e+00
1077 0.000000e+00
1078 0.000000e+00
1079 0.000000e+00
1080 1.984957e-07
1081 1.805252e-07
1082 1.390798e-07
1083 1.005761e-07
1084 7.536604e-08
1085 4.356499e-08
1086 2.670057e-08
1087 1.539481e-08
1088 9.103601e-09
1089 5.663720e-09
1090 0.000000e+00
1091 0.000000e+00
1092 0.000000e+00
1093 0.000000e+00
1094 0.000000e+00
1095 3.318393e-07
1096 3.031359e-07
1097 2.345044e-07
1098 1.694762e-07
1099 1.271832e-07
1100 7.393111e-08
1101 4.543152e-08
1102 2.613211e-08
1103 1.539772e-08
1104 9.557486e-09
1105 0.000000e+00
1106 0.000000e+00
1107 0.000000e+00
1108 0.000000e+00
1109 0.000000e+00
1110 4.310027e-07
1111 3.943790e-07
1112 3.055588e-07
1113 2.207775e-07
1114 1.657689e-07
1115 9.656619e-08
1116 5.939590e-08
1117 3.413511e-08
1118 2.008672e-08
1119 1.245726e-08
1120 0.000000e+00
1121 0.000000e+00
1122 0.000000e+00
1123 0.000000e+00
1124 0.000000e+00
1125 5.122312e-07
1126 4.691066e-07
1127 3.637486e-07
1128 2.627917e-07
1129 1.973672e-07
1130 1.151004e-07
1131 7.083005e-08
1132 4.068832e-08
1133 2.392641e-08
1134 1.483201e-08
1135 0.000000e+00
1136 0.000000e+00
1137 0.000000e+00
1138 0.000000e+00
1139 0.000000e+00
1140 5.830951e-07
1141 5.343060e-07
1142 4.145165e-07
1143 2.994474e-07
1144 2.249366e-07
1145 1.312710e-07
1146 8.080618e-08
1147 4.640586e-08
1148 2.727646e-08
1149 1.690383e-08
1150 0.000000e+00
1151 0.000000e+00
1152 0.000000e+00
1153 0.000000e+00
1154 0.000000e+00
1155 6.502878e-07
1156 5.961243e-07
1157 4.626539e-07
1158 3.342032e-07
1159 2.510770e-07
1160 1.466036e-07
1161 9.026499e-08
1162 5.182699e-08
1163 3.045285e-08
1164 1.886823e-08
1165 0.000000e+00
1166 0.000000e+00
1167 0.000000e+00
1168 0.000000e+00
1169 0.000000e+00
1170 7.286984e-07
1171 6.682619e-07
1172 5.188256e-07
1173 3.747607e-07
1174 2.815797e-07
1175 1.644955e-07
1176 1.013027e-07
1177 5.815286e-08
1178 3.415957e-08
1179 2.116066e-08
1180 0.000000e+00
1181 0.000000e+00
1182 0.000000e+00
1183 0.000000e+00
1184 0.000000e+00
1185 1.323901e-07
1186 1.306779e-07
1187 1.098881e-07
1188 8.027162e-08
1189 5.963317e-08
1190 4.053001e-08
1191 2.391739e-08
1192 1.362694e-08
1193 7.877701e-09
1194 4.655141e-09
1195 2.916011e-09
1196 0.000000e+00
1197 0.000000e+00
1198 0.000000e+00
1199 0.000000e+00
1200 2.314097e-07
1201 2.290747e-07
1202 1.933624e-07
1203 1.414981e-07
1204 1.049434e-07
1205 7.183475e-08
1206 4.217829e-08
1207 2.406528e-08
1208 1.393113e-08
1209 8.217287e-09
1210 5.136605e-09
1211 0.000000e+00
1212 0.000000e+00
1213 0.000000e+00
1214 0.000000e+00
1215 3.126863e-07
1216 3.098615e-07
1217 2.619211e-07
1218 1.917941e-07
1219 1.421589e-07
1220 9.755965e-08
1221 5.717912e-08
1222 3.264163e-08
1223 1.890464e-08
1224 1.114371e-08
1225 6.960668e-09
1226 0.000000e+00
1227 0.000000e+00
1228 0.000000e+00
1229 0.000000e+00
1230 3.835393e-07
1231 3.802870e-07
1232 3.216820e-07
1233 2.356355e-07
1234 1.745983e-07
1235 1.199851e-07
1236 7.025505e-08
1237 4.011769e-08
1238 2.324013e-08
1239 1.369477e-08
1240 8.550633e-09
1241 0.000000e+00
1242 0.000000e+00
1243 0.000000e+00
1244 0.000000e+00
1245 4.507229e-07
1246 4.470594e-07
1247 3.783479e-07
1248 2.772058e-07
1249 2.053584e-07
1250 1.412483e-07
1251 8.265383e-08
1252 4.720659e-08
1253 2.735108e-08
1254 1.611365e-08
1255 1.005827e-08
1256 0.000000e+00
1257 0.000000e+00
1258 0.000000e+00
1259 0.000000e+00
1260 5.291155e-07
1261 5.249779e-07
1262 4.444717e-07
1263 3.257166e-07
1264 2.412522e-07
1265 1.660594e-07
1266 9.712214e-08
1267 5.547814e-08
1268 3.214792e-08
1269 1.893618e-08
1270 1.181755e-08
1271 0.000000e+00
1272 0.000000e+00
1273 0.000000e+00
1274 0.000000e+00
1275 9.496270e-08
1276 9.887763e-08
1277 8.947738e-08
1278 6.845219e-08
1279 4.948043e-08
1280 3.706352e-08
1281 2.094158e-08
1282 1.264693e-08
1283 7.146020e-09
1284 4.127493e-09
1285 2.471039e-09
1286 0.000000e+00
1287 0.000000e+00
1288 0.000000e+00
1289 0.000000e+00
1290 1.738006e-07
1291 1.813498e-07
1292 1.646272e-07
1293 1.262939e-07
1294 9.123213e-08
1295 6.844590e-08
1296 3.878628e-08
1297 2.350137e-08
1298 1.324902e-08
1299 7.633721e-09
1300 4.560990e-09
1301 0.000000e+00
1302 0.000000e+00
1303 0.000000e+00
1304 0.000000e+00
1305 2.428000e-07
1306 2.535414e-07
1307 2.304223e-07
1308 1.769453e-07
1309 1.277932e-07
1310 9.592851e-08
1311 5.441874e-08
1312 3.301194e-08
1313 1.859575e-08
1314 1.070468e-08
1315 6.391254e-09
1316 0.000000e+00
1317 0.000000e+00
1318 0.000000e+00
1319 0.000000e+00
1320 3.081744e-07
1321 3.219378e-07
1322 2.927588e-07
1323 2.249354e-07
1324 1.624331e-07
1325 1.219666e-07
1326 6.922872e-08
1327 4.202198e-08
1328 2.366117e-08
1329 1.361407e-08
1330 8.125301e-09
1331 0.000000e+00
1332 0.000000e+00
1333 0.000000e+00
1334 0.000000e+00
1335 3.844619e-07
1336 4.017525e-07
1337 3.655020e-07
1338 2.809340e-07
1339 2.028527e-07
1340 1.523498e-07
1341 8.651048e-08
1342 5.253620e-08
1343 2.957204e-08
1344 1.700911e-08
1345 1.014875e-08
1346 0.000000e+00
1347 0.000000e+00
1348 0.000000e+00
1349 0.000000e+00
1350 7.273077e-08
1351 7.872429e-08
1352 7.549102e-08
1353 6.117587e-08
1354 4.413439e-08
1355 3.327148e-08
1356 2.078346e-08
1357 1.274280e-08
1358 7.074410e-09
1359 3.895486e-09
1360 2.251463e-09
1361 1.369223e-09
1362 0.000000e+00
1363 0.000000e+00
1364 0.000000e+00
1365 1.387754e-07
1366 1.504609e-07
1367 1.446476e-07
1368 1.175703e-07
1369 8.487512e-08
1370 6.392238e-08
1371 4.020461e-08
1372 2.457705e-08
1373 1.364728e-08
1374 7.518659e-09
1375 4.335456e-09
1376 2.630761e-09
1377 0.000000e+00
1378 0.000000e+00
1379 0.000000e+00
1380 2.013059e-07
1381 2.183852e-07
1382 2.101368e-07
1383 1.709802e-07
1384 1.234623e-07
1385 9.295074e-08
1386 5.860325e-08
1387 3.578642e-08
1388 1.987314e-08
1389 1.095092e-08
1390 6.309372e-09
1391 3.825538e-09
1392 0.000000e+00
1393 0.000000e+00
1394 0.000000e+00
1395 2.742458e-07
1396 2.976165e-07
1397 2.865256e-07
1398 2.332791e-07
1399 1.684706e-07
1400 1.268101e-07
1401 8.006390e-08
1402 4.886121e-08
1403 2.713509e-08
1404 1.495427e-08
1405 8.611767e-09
1406 5.219163e-09
1407 0.000000e+00
1408 0.000000e+00
1409 0.000000e+00
1410 5.920952e-08
1411 6.608122e-08
1412 6.638458e-08
1413 5.702147e-08
1414 4.202986e-08
1415 3.095668e-08
1416 2.180810e-08
1417 1.244289e-08
1418 7.005007e-09
1419 3.963829e-09
1420 2.204840e-09
1421 1.285900e-09
1422 0.000000e+00
1423 0.000000e+00
1424 0.000000e+00
1425 1.182028e-07
1426 1.321087e-07
1427 1.330029e-07
1428 1.145848e-07
1429 8.460494e-08
1430 6.223551e-08
1431 4.405448e-08
1432 2.505223e-08
1433 1.413464e-08
1434 7.996941e-09
1435 4.445807e-09
1436 2.587676e-09
1437 0.000000e+00
1438 0.000000e+00
1439 0.000000e+00
1440 1.867402e-07
1441 2.088203e-07
1442 2.104026e-07
1443 1.814652e-07
1444 1.340724e-07
1445 9.857719e-08
1446 6.990288e-08
1447 3.970302e-08
1448 2.241901e-08
1449 1.268308e-08
1450 7.049669e-09
1451 4.100186e-09
1452 0.000000e+00
1453 0.000000e+00
1454 0.000000e+00
1455 5.159304e-08
1456 5.912422e-08
1457 6.179984e-08
1458 5.615153e-08
1459 4.306198e-08
1460 3.110180e-08
1461 2.336067e-08
1462 1.309674e-08
1463 7.833829e-09
1464 4.291969e-09
1465 2.366071e-09
1466 1.321124e-09
1467 0.000000e+00
1468 0.000000e+00
1469 0.000000e+00
1470 1.146701e-07
1471 1.315807e-07
1472 1.378038e-07
1473 1.255721e-07
1474 9.655066e-08
1475 6.969483e-08
1476 5.242050e-08
1477 2.947804e-08
1478 1.769367e-08
1479 9.675647e-09
1480 5.321248e-09
1481 2.965094e-09
1482 0.000000e+00
1483 0.000000e+00
1484 0.000000e+00
1485 5.384697e-08
1486 6.327337e-08
1487 6.860638e-08
1488 6.586593e-08
1489 5.340644e-08
1490 3.853597e-08
1491 2.907116e-08
1492 1.807682e-08
1493 1.100088e-08
1494 5.969775e-09
1495 3.144338e-09
1496 1.696433e-09
1497 9.447029e-10
1498 0.000000e+00
1499 0.000000e+00
1500 1.109684e-04
1501 8.086786e-05
1502 6.035546e-05
1503 3.805236e-05
1504 2.321989e-05
1505 1.369104e-05
1506 8.324421e-06
1507 5.304277e-06
1508 3.565556e-06
1509 0.000000e+00
1510 0.000000e+00
1511 0.000000e+00
1512 0.000000e+00
1513 0.000000e+00
1514 0.000000e+00
1515 5.757601e-05
1516 4.644359e-05
1517 3.369791e-05
1518 2.528332e-05
1519 1.597668e-05
1520 9.754545e-06
1521 5.648866e-06
1522 3.364481e-06
1523 2.093966e-06
1524 1.379138e-06
1525 0.000000e+00
1526 0.000000e+00
1527 0.000000e+00
1528 0.000000e+00
1529 0.000000e+00
1530 4.047788e-05
1531 3.713775e-05
1532 2.882267e-05
1533 2.080348e-05
1534 1.566222e-05
1535 9.111532e-06
1536 5.625604e-06
1537 3.225263e-06
1538 1.896511e-06
1539 1.174730e-06
1540 0.000000e+00
1541 0.000000e+00
1542 0.000000e+00
1543 0.000000e+00
1544 0.000000e+00
1545 2.912801e-05
1546 2.891312e-05
1547 2.448503e-05
1548 1.793535e-05
1549 1.328396e-05
1550 9.154542e-06
1551 5.351144e-06
1552 3.053081e-06
1553 1.771954e-06
1554 1.042590e-06
1555 6.506122e-07
1556 0.000000e+00
1557 0.000000e+00
1558 0.000000e+00
1559 0.000000e+00
1560 2.085098e-05
1561 2.179680e-05
1562 1.983793e-05
1563 1.524768e-05
1564 1.100576e-05
1565 8.274949e-06
1566 4.689296e-06
1567 2.850415e-06
1568 1.602925e-06
1569 9.233707e-07
1570 5.506294e-07
1571 0.000000e+00
1572 0.000000e+00
1573 0.000000e+00
1574 0.000000e+00
1575 1.487210e-05
1576 1.614453e-05
1577 1.554949e-05
1578 1.266314e-05
1579 9.143013e-06
1580 6.883420e-06
1581 4.347301e-06
1582 2.655947e-06
1583 1.474901e-06
1584 8.112783e-07
1585 4.673052e-07
1586 2.832009e-07
1587 0.000000e+00
1588 0.000000e+00
1589 0.000000e+00
1590 1.001028e-05
1591 1.119728e-05
1592 1.128693e-05
1593 9.739022e-06
1594 7.195644e-06
1595 5.289411e-06
1596 3.755371e-06
1597 2.130464e-06
1598 1.202339e-06
1599 6.811759e-07
1600 3.783133e-07
1601 2.200058e-07
1602 0.000000e+00
1603 0.000000e+00
1604 0.000000e+00
1605 6.201116e-06
1606 7.118100e-06
1607 7.458527e-06
1608 6.801106e-06
1609 5.231433e-06
1610 3.775220e-06
1611 2.841823e-06
1612 1.597077e-06
1613 9.596537e-07
1614 5.242846e-07
1615 2.885232e-07
1616 1.606418e-07
1617 0.000000e+00
1618 0.000000e+00
1619 0.000000e+00
1620 3.163407e-06
1621 3.720115e-06
1622 4.038202e-06
1623 3.883392e-06
1624 3.154630e-06
1625 2.276770e-06
1626 1.716871e-06
1627 1.071974e-06
1628 6.518364e-07
1629 3.538249e-07
1630 1.861971e-07
1631 1.003484e-07
1632 5.578990e-08
1633 0.000000e+00
1634 0.000000e+00
1635 8.891198e-07
1636 1.072208e-06
1637 1.206146e-06
1638 1.224576e-06
1639 1.066696e-06
1640 7.933436e-07
1641 5.815894e-07
1642 4.169104e-07
1643 2.343421e-07
1644 1.314261e-07
1645 7.164692e-08
1646 3.730540e-08
1647 1.958823e-08
1648 0.000000e+00
1649 0.000000e+00
