0 2.219187e-09
1 1.441617e-09
2 9.064335e-10
3 5.710535e-10
4 3.671695e-10
5 2.416790e-10
6 1.607424e-10
7 1.055565e-10
8 6.686101e-11
9 4.013505e-11
10 2.260920e-11
11 1.193684e-11
12 5.947077e-12
13 2.828039e-12
14 1.299724e-12
15 3.758027e-09
16 2.498394e-09
17 1.587278e-09
18 9.893423e-10
19 6.257860e-10
20 4.054227e-10
21 2.682997e-10
22 1.779286e-10
23 1.153360e-10
24 7.150527e-11
25 4.175818e-11
26 2.283159e-11
27 1.171808e-11
28 5.699182e-12
29 2.659463e-12
30 4.301397e-09
31 2.878853e-09
32 1.838804e-09
33 1.144770e-09
34 7.211514e-10
35 4.647646e-10
36 3.066041e-10
37 2.035184e-10
38 1.325618e-10
39 8.283116e-11
40 4.885362e-11
41 2.699046e-11
42 1.398123e-11
43 6.850713e-12
44 3.213481e-12
45 4.600699e-09
46 3.088489e-09
47 1.977455e-09
48 1.230466e-09
49 7.737176e-10
50 4.974635e-10
51 3.277547e-10
52 2.175818e-10
53 1.420420e-10
54 8.906544e-11
55 5.275487e-11
56 2.927183e-11
57 1.522677e-11
58 7.484734e-12
59 3.518886e-12
60 4.801205e-09
61 3.229093e-09
62 2.070288e-09
63 1.287871e-09
64 8.089137e-10
65 5.194347e-10
66 3.419451e-10
67 2.270557e-10
68 1.483892e-10
69 9.325277e-11
70 5.538672e-11
71 3.081715e-11
72 1.606401e-11
73 7.909940e-12
74 3.724411e-12
75 4.955183e-09
76 3.336725e-09
77 2.141496e-09
78 1.331983e-09
79 8.359156e-10
80 5.362791e-10
81 3.527993e-10
82 2.342986e-10
83 1.533046e-10
84 9.648465e-11
85 5.739408e-11
86 3.199279e-11
87 1.670601e-11
88 8.236815e-12
89 3.881391e-12
90 5.073878e-09
91 3.420095e-09
92 2.196668e-09
93 1.366130e-09
94 8.569041e-10
95 5.492764e-10
96 3.612303e-10
97 2.399202e-10
98 1.570936e-10
99 9.897008e-11
100 5.895960e-11
101 3.290721e-11
102 1.720418e-11
103 8.490282e-12
104 4.003301e-12
105 5.181251e-09
106 3.494877e-09
107 2.246577e-09
108 1.396914e-09
109 8.757164e-10
110 5.610093e-10
111 3.687815e-10
112 2.449656e-10
113 1.604195e-10
114 1.011636e-10
115 6.032876e-11
116 3.372272e-11
117 1.765184e-11
118 8.718172e-12
119 4.109780e-12
120 5.283044e-09
121 3.566545e-09
122 2.293913e-09
123 1.426082e-09
124 8.936135e-10
125 5.721132e-10
126 3.759256e-10
127 2.497578e-10
128 1.637020e-10
129 1.033216e-10
130 6.169111e-11
131 3.450614e-11
132 1.807584e-11
133 8.933977e-12
134 4.217022e-12
135 5.399170e-09
136 3.647451e-09
137 2.348067e-09
138 1.459591e-09
139 9.141295e-10
140 5.849414e-10
141 3.842255e-10
142 2.552147e-10
143 1.674166e-10
144 1.057855e-10
145 6.322530e-11
146 3.540607e-11
147 1.856631e-11
148 9.181783e-12
149 4.336183e-12
150 7.882105e-09
151 5.425627e-09
152 3.562919e-09
153 2.224874e-09
154 1.379736e-09
155 8.699410e-10
156 5.642948e-10
157 3.735023e-10
158 2.469598e-10
159 1.589718e-10
160 9.747643e-11
161 5.615926e-11
162 3.025713e-11
163 1.530815e-11
164 7.351855e-12
165 9.959176e-09
166 6.941745e-09
167 4.624411e-09
168 2.917714e-09
169 1.799914e-09
170 1.125589e-09
171 7.222675e-10
172 4.749914e-10
173 3.145443e-10
174 2.043634e-10
175 1.272709e-10
176 7.474569e-11
177 4.107989e-11
178 2.116010e-11
179 1.030489e-11
180 1.116156e-08
181 7.823628e-09
182 5.242551e-09
183 3.324502e-09
184 2.047460e-09
185 1.276380e-09
186 8.148890e-10
187 5.342673e-10
188 3.538556e-10
189 2.307687e-10
190 1.446381e-10
191 8.561783e-11
192 4.745186e-11
193 2.462966e-11
194 1.206918e-11
195 1.197089e-08
196 8.418089e-09
197 5.659449e-09
198 3.599015e-09
199 2.214691e-09
200 1.378038e-09
201 8.772835e-10
202 5.742853e-10
203 3.803703e-10
204 2.485726e-10
205 1.563470e-10
206 9.296084e-11
207 5.175876e-11
208 2.697493e-11
209 1.326156e-11
210 1.259076e-08
211 8.873293e-09
212 5.978821e-09
213 3.808593e-09
214 2.342440e-09
215 1.455910e-09
216 9.251349e-10
217 6.048331e-10
218 4.006399e-10
219 2.621701e-10
220 1.652823e-10
221 9.857070e-11
222 5.504441e-11
223 2.876360e-11
224 1.417079e-11
225 1.306976e-08
226 9.223939e-09
227 6.224845e-09
228 3.971109e-09
229 2.441148e-09
230 1.515893e-09
231 9.619643e-10
232 6.284740e-10
233 4.162849e-10
234 2.726648e-10
235 1.721911e-10
236 1.028834e-10
237 5.757381e-11
238 3.014418e-11
239 1.487395e-11
240 1.349680e-08
241 9.537722e-09
242 6.445484e-09
243 4.116352e-09
244 2.529934e-09
245 1.569838e-09
246 9.949773e-10
247 6.495096e-10
248 4.303333e-10
249 2.820894e-10
250 1.783884e-10
251 1.067652e-10
252 5.985445e-11
253 3.138614e-11
254 1.550049e-11
255 1.390500e-08
256 9.837210e-09
257 6.656107e-09
258 4.255352e-09
259 2.614069e-09
260 1.620987e-09
261 1.026473e-09
262 6.696348e-10
263 4.436986e-10
264 2.910575e-10
265 1.842882e-10
266 1.104689e-10
267 6.202291e-11
268 3.256363e-11
269 1.610316e-11
270 1.437879e-08
271 1.018478e-08
272 6.899737e-09
273 4.415177e-09
274 2.711329e-09
275 1.680631e-09
276 1.063256e-09
277 6.931336e-10
278 4.591737e-10
279 3.014507e-10
280 1.911396e-10
281 1.147632e-10
282 6.453285e-11
283 3.393295e-11
284 1.679943e-11
285 1.363010e-08
286 9.695244e-09
287 6.584107e-09
288 4.247766e-09
289 2.617316e-09
290 1.621160e-09
291 1.022218e-09
292 6.632076e-10
293 4.375608e-10
294 2.867923e-10
295 1.820828e-10
296 1.098085e-10
297 6.217875e-11
298 3.296174e-11
299 1.644412e-11
300 1.603331e-08
301 1.153428e-08
302 7.904028e-09
303 5.157496e-09
304 3.189691e-09
305 1.965964e-09
306 1.229895e-09
307 7.918238e-10
308 5.205204e-10
309 3.419561e-10
310 2.188188e-10
311 1.335485e-10
312 7.670381e-11
313 4.125429e-11
314 2.084586e-11
315 1.767908e-08
316 1.280036e-08
317 8.814539e-09
318 5.787161e-09
319 3.588290e-09
320 2.205287e-09
321 1.374406e-09
322 8.811131e-10
323 5.779243e-10
324 3.800337e-10
325 2.441635e-10
326 1.499497e-10
327 8.676466e-11
328 4.701666e-11
329 2.391590e-11
330 1.894300e-08
331 1.377225e-08
332 9.511153e-09
333 6.268685e-09
334 3.893312e-09
335 2.388717e-09
336 1.484982e-09
337 9.494716e-10
338 6.219797e-10
339 4.092254e-10
340 2.635731e-10
341 1.625076e-10
342 9.446844e-11
343 5.143064e-11
344 2.626746e-11
345 1.991712e-08
346 1.452114e-08
347 1.005093e-08
348 6.640823e-09
349 4.128725e-09
350 2.530230e-09
351 1.570206e-09
352 1.002184e-09
353 6.558133e-10
354 4.316780e-10
355 2.785471e-10
356 1.721962e-10
357 1.004099e-10
358 5.483562e-11
359 2.808174e-11
360 2.079140e-08
361 1.519372e-08
362 1.053480e-08
363 6.973659e-09
364 4.339536e-09
365 2.657218e-09
366 1.646632e-09
367 1.049419e-09
368 6.862007e-10
369 4.518606e-10
370 2.919674e-10
371 1.808797e-10
372 1.057363e-10
373 5.788423e-11
374 2.970550e-11
375 2.161816e-08
376 1.582937e-08
377 1.099132e-08
378 7.289680e-09
379 4.539043e-09
380 2.777338e-09
381 1.719086e-09
382 1.094152e-09
383 7.149910e-10
384 4.709657e-10
385 3.046962e-10
386 1.891125e-10
387 1.107842e-10
388 6.077493e-11
389 3.124514e-11
390 2.258525e-08
391 1.657384e-08
392 1.152600e-08
393 7.659038e-09
394 4.773116e-09
395 2.918550e-09
396 1.804192e-09
397 1.146766e-09
398 7.487102e-10
399 4.933772e-10
400 3.196113e-10
401 1.987655e-10
402 1.167064e-10
403 6.416183e-11
404 3.305035e-11
405 1.965432e-08
406 1.440069e-08
407 9.992505e-09
408 6.623692e-09
409 4.144888e-09
410 2.538298e-09
411 1.574150e-09
412 1.001003e-09
413 6.526005e-10
414 4.286404e-10
415 2.765466e-10
416 1.713312e-10
417 1.003352e-10
418 5.511608e-11
419 2.840910e-11
420 2.231008e-08
421 1.653693e-08
422 1.156422e-08
423 7.729674e-09
424 4.878412e-09
425 2.979149e-09
426 1.839615e-09
427 1.161110e-09
428 7.527182e-10
429 4.937773e-10
430 3.197640e-10
431 1.996763e-10
432 1.181905e-10
433 6.570367e-11
434 3.426101e-11
435 2.435672e-08
436 1.819086e-08
437 1.278011e-08
438 8.588253e-09
439 5.448003e-09
440 3.322032e-09
441 2.046528e-09
442 1.285573e-09
443 8.306114e-10
444 5.443522e-10
445 3.532966e-10
446 2.216681e-10
447 1.320541e-10
448 7.393734e-11
449 3.882044e-11
450 2.594508e-08
451 1.946620e-08
452 1.372129e-08
453 9.251406e-09
454 5.887335e-09
455 3.587330e-09
456 2.205817e-09
457 1.381709e-09
458 8.904696e-10
459 5.833364e-10
460 3.791459e-10
461 2.386211e-10
462 1.427409e-10
463 8.028225e-11
464 4.233404e-11
465 2.736371e-08
466 2.061198e-08
467 1.456499e-08
468 9.844055e-09
469 6.281399e-09
470 3.825199e-09
471 2.348605e-09
472 1.467776e-09
473 9.443635e-10
474 6.183254e-10
475 4.023372e-10
476 2.538288e-10
477 1.523282e-10
478 8.597629e-11
479 4.548766e-11
480 2.870627e-08
481 2.169128e-08
482 1.536272e-08
483 1.040529e-08
484 6.654794e-09
485 4.049690e-09
486 2.483966e-09
487 1.549122e-09
488 9.952262e-10
489 6.513929e-10
490 4.242891e-10
491 2.682265e-10
492 1.614017e-10
493 9.135832e-11
494 4.846602e-11
495 3.027775e-08
496 2.295719e-08
497 1.629455e-08
498 1.106262e-08
499 7.090647e-09
500 4.312383e-09
501 2.642070e-09
502 1.644472e-09
503 1.054757e-09
504 6.900809e-10
505 4.499311e-10
506 2.850261e-10
507 1.720031e-10
508 9.765782e-11
509 5.195416e-11
510 2.600065e-08
511 1.960568e-08
512 1.386955e-08
513 9.368433e-09
514 5.994109e-09
515 3.660520e-09
516 2.248929e-09
517 1.404566e-09
518 9.022295e-10
519 5.894431e-10
520 3.827693e-10
521 2.411699e-10
522 1.447025e-10
523 8.176254e-11
524 4.335777e-11
525 2.897666e-08
526 2.210727e-08
527 1.576590e-08
528 1.072191e-08
529 6.920796e-09
530 4.233407e-09
531 2.592005e-09
532 1.608024e-09
533 1.026697e-09
534 6.684939e-10
535 4.345733e-10
536 2.752459e-10
537 1.665338e-10
538 9.506633e-11
539 5.095702e-11
540 3.128070e-08
541 2.404505e-08
542 1.723559e-08
543 1.177301e-08
544 7.639598e-09
545 4.679461e-09
546 2.858049e-09
547 1.766168e-09
548 1.123059e-09
549 7.298005e-10
550 4.747294e-10
551 3.016556e-10
552 1.834561e-10
553 1.053823e-10
554 5.685392e-11
555 3.334463e-08
556 2.578176e-08
557 1.855483e-08
558 1.271325e-08
559 8.283908e-09
560 5.078012e-09
561 3.096620e-09
562 1.907930e-09
563 1.209627e-09
564 7.847388e-10
565 5.107093e-10
566 3.253193e-10
567 1.986190e-10
568 1.146254e-10
569 6.213694e-11
570 3.530202e-08
571 2.742931e-08
572 1.980621e-08
573 1.360643e-08
574 8.896174e-09
575 5.457091e-09
576 3.323238e-09
577 2.042371e-09
578 1.291758e-09
579 8.369043e-10
580 5.448874e-10
581 3.477952e-10
582 2.130194e-10
583 1.234046e-10
584 6.715536e-11
585 3.759583e-08
586 2.935477e-08
587 2.126801e-08
588 1.464933e-08
589 9.608846e-09
590 5.898804e-09
591 3.587328e-09
592 2.199073e-09
593 1.387446e-09
594 8.976639e-10
595 5.846912e-10
596 3.739795e-10
597 2.297988e-10
598 1.336326e-10
599 7.300127e-11
600 3.294785e-08
601 2.555712e-08
602 1.844887e-08
603 1.265902e-08
604 8.268475e-09
605 5.091879e-09
606 3.101717e-09
607 1.909551e-09
608 1.207877e-09
609 7.815835e-10
610 5.077382e-10
611 3.232631e-10
612 1.975540e-10
613 1.142852e-10
614 6.217772e-11
615 3.612021e-08
616 2.832917e-08
617 2.062359e-08
618 1.423505e-08
619 9.366851e-09
620 5.798662e-09
621 3.520830e-09
622 2.158223e-09
623 1.356595e-09
624 8.738584e-10
625 5.671350e-10
626 3.621402e-10
627 2.226762e-10
628 1.298972e-10
629 7.134114e-11
630 3.896694e-08
631 3.082083e-08
632 2.258025e-08
633 1.565108e-08
634 1.035524e-08
635 6.434748e-09
636 3.898311e-09
637 2.382132e-09
638 1.490670e-09
639 9.568696e-10
640 6.205491e-10
641 3.970953e-10
642 2.452648e-10
643 1.439372e-10
644 7.958445e-11
645 4.166368e-08
646 3.318136e-08
647 2.443339e-08
648 1.699498e-08
649 1.129198e-08
650 7.037783e-09
651 4.255742e-09
652 2.594520e-09
653 1.617579e-09
654 1.035534e-09
655 6.711769e-10
656 4.302287e-10
657 2.666747e-10
658 1.572443e-10
659 8.739609e-11
660 4.482140e-08
661 3.593846e-08
662 2.659816e-08
663 1.856272e-08
664 1.238426e-08
665 7.741263e-09
666 4.673160e-09
667 2.841922e-09
668 1.765611e-09
669 1.127303e-09
670 7.302193e-10
671 4.688727e-10
672 2.916493e-10
673 1.727662e-10
674 9.650887e-11
675 4.018435e-08
676 3.198961e-08
677 2.357446e-08
678 1.640332e-08
679 1.089392e-08
680 6.809258e-09
681 4.121539e-09
682 2.515384e-09
683 1.567186e-09
684 1.001963e-09
685 6.482916e-10
686 4.148353e-10
687 2.568160e-10
688 1.513595e-10
689 8.417253e-11
690 4.392175e-08
691 3.536781e-08
692 2.631967e-08
693 1.842710e-08
694 1.232126e-08
695 7.758439e-09
696 4.688748e-09
697 2.852676e-09
698 1.765591e-09
699 1.122108e-09
700 7.240468e-10
701 4.639032e-10
702 2.885743e-10
703 1.713483e-10
704 9.614943e-11
705 4.745509e-08
706 3.857341e-08
707 2.891737e-08
708 2.034840e-08
709 1.367510e-08
710 8.659067e-09
711 5.226785e-09
712 3.172333e-09
713 1.953695e-09
714 1.236013e-09
715 7.959027e-10
716 5.104235e-10
717 3.186807e-10
718 1.902974e-10
719 1.075082e-10
720 5.159088e-08
721 4.231827e-08
722 3.194550e-08
723 2.258695e-08
724 1.525217e-08
725 9.708959e-09
726 5.854119e-09
727 3.545391e-09
728 2.172866e-09
729 1.368869e-09
730 8.796109e-10
731 5.646314e-10
732 3.537676e-10
733 2.123798e-10
734 1.207452e-10
735 4.868908e-08
736 3.981566e-08
737 3.003217e-08
738 2.122810e-08
739 1.431266e-08
740 9.114831e-09
741 5.514266e-09
742 3.342119e-09
743 2.050148e-09
744 1.291556e-09
745 8.288027e-10
746 5.308324e-10
747 3.317651e-10
748 1.987327e-10
749 1.128216e-10
750 5.330088e-08
751 4.413499e-08
752 3.366623e-08
753 2.397816e-08
754 1.627122e-08
755 1.045170e-08
756 6.334033e-09
757 3.826770e-09
758 2.332046e-09
759 1.458995e-09
760 9.318695e-10
761 5.964219e-10
762 3.739959e-10
763 2.255046e-10
764 1.291492e-10
765 5.868657e-08
766 4.917943e-08
767 3.789385e-08
768 2.718105e-08
769 1.855389e-08
770 1.201066e-08
771 7.290467e-09
772 4.392488e-09
773 2.660554e-09
774 1.654198e-09
775 1.051975e-09
776 6.728693e-10
777 4.232241e-10
778 2.567112e-10
779 1.481822e-10
780 5.925449e-08
781 4.987956e-08
782 3.865533e-08
783 2.785985e-08
784 1.906886e-08
785 1.239474e-08
786 7.565124e-09
787 4.549377e-09
788 2.751211e-09
789 1.703814e-09
790 1.079125e-09
791 6.882649e-10
792 4.325348e-10
793 2.626746e-10
794 1.520928e-10
795 6.634085e-08
796 5.674362e-08
797 4.464305e-08
798 3.254683e-08
799 2.245881e-08
800 1.475257e-08
801 9.071206e-09
802 5.433286e-09
803 3.265137e-09
804 2.002744e-09
805 1.258068e-09
806 7.993263e-10
807 5.030586e-10
808 3.073759e-10
809 1.796983e-10
810 7.615533e-08
811 6.660161e-08
812 5.364122e-08
813 3.988777e-08
814 2.789300e-08
815 1.858727e-08
816 1.162722e-08
817 6.946789e-09
818 4.150533e-09
819 2.507439e-09
820 1.550705e-09
821 9.749171e-10
822 6.117994e-10
823 3.756111e-10
824 2.220661e-10
825 5.045196e-07
826 3.685015e-07
827 2.730511e-07
828 1.699400e-07
829 1.035303e-07
830 6.133387e-08
831 3.745161e-08
832 2.402771e-08
833 1.622051e-08
834 0.000000e+00
835 0.000000e+00
836 0.000000e+00
837 0.000000e+00
838 0.000000e+00
839 0.000000e+00
840 7.609605e-07
841 5.559496e-07
842 4.123929e-07
843 2.596311e-07
844 1.577800e-07
845 9.335564e-08
846 5.689641e-08
847 3.636631e-08
848 2.448213e-08
849 0.000000e+00
850 0.000000e+00
851 0.000000e+00
852 0.000000e+00
853 0.000000e+00
854 0.000000e+00
855 9.034708e-07
856 6.601393e-07
857 4.898343e-07
858 3.095543e-07
859 1.879543e-07
860 1.111685e-07
861 6.771198e-08
862 4.322638e-08
863 2.907417e-08
864 0.000000e+00
865 0.000000e+00
866 0.000000e+00
867 0.000000e+00
868 0.000000e+00
869 0.000000e+00
870 9.993278e-07
871 7.302182e-07
872 5.419243e-07
873 3.431341e-07
874 2.082519e-07
875 1.231503e-07
876 7.498702e-08
877 4.784112e-08
878 3.216291e-08
879 0.000000e+00
880 0.000000e+00
881 0.000000e+00
882 0.000000e+00
883 0.000000e+00
884 0.000000e+00
885 1.072811e-06
886 7.839440e-07
887 5.818531e-07
888 3.688754e-07
889 2.238119e-07
890 1.323356e-07
891 8.056397e-08
892 5.137862e-08
893 3.453091e-08
894 0.000000e+00
895 0.000000e+00
896 0.000000e+00
897 0.000000e+00
898 0.000000e+00
899 0.000000e+00
900 1.129439e-06
901 8.253442e-07
902 6.126261e-07
903 3.887123e-07
904 2.358020e-07
905 1.394142e-07
906 8.486152e-08
907 5.410480e-08
908 3.635564e-08
909 0.000000e+00
910 0.000000e+00
911 0.000000e+00
912 0.000000e+00
913 0.000000e+00
914 0.000000e+00
915 1.180268e-06
916 8.625041e-07
917 6.402459e-07
918 4.065191e-07
919 2.465652e-07
920 1.457672e-07
921 8.871918e-08
922 5.655163e-08
923 3.799350e-08
924 0.000000e+00
925 0.000000e+00
926 0.000000e+00
927 0.000000e+00
928 0.000000e+00
929 0.000000e+00
930 1.228460e-06
931 8.977376e-07
932 6.664337e-07
933 4.234011e-07
934 2.567693e-07
935 1.517905e-07
936 9.237652e-08
937 5.887147e-08
938 3.954628e-08
939 0.000000e+00
940 0.000000e+00
941 0.000000e+00
942 0.000000e+00
943 0.000000e+00
944 0.000000e+00
945 1.284683e-06
946 9.388454e-07
947 6.969857e-07
948 4.430983e-07
949 2.686743e-07
950 1.588185e-07
951 9.664394e-08
952 6.157795e-08
953 4.135810e-08
954 0.000000e+00
955 0.000000e+00
956 0.000000e+00
957 0.000000e+00
958 0.000000e+00
959 0.000000e+00
960 3.367876e-07
961 2.682064e-07
962 1.945549e-07
963 1.459037e-07
964 9.025717e-08
965 5.525236e-08
966 3.211520e-08
967 1.920340e-08
968 1.203499e-08
969 7.968347e-09
970 0.000000e+00
971 0.000000e+00
972 0.000000e+00
973 0.000000e+00
974 0.000000e+00
975 5.201535e-07
976 4.170965e-07
977 3.028479e-07
978 2.269019e-07
979 1.422042e-07
980 8.670626e-08
981 5.036149e-08
982 3.007338e-08
983 1.877859e-08
984 1.239664e-08
985 0.000000e+00
986 0.000000e+00
987 0.000000e+00
988 0.000000e+00
989 0.000000e+00
990 6.448120e-07
991 5.183992e-07
992 3.765466e-07
993 2.820115e-07
994 1.775998e-07
995 1.081223e-07
996 6.278598e-08
997 3.747520e-08
998 2.336910e-08
999 1.541004e-08
1000 0.000000e+00
1001 0.000000e+00
1002 0.000000e+00
1003 0.000000e+00
1004 0.000000e+00
1005 7.403381e-07
1006 5.960209e-07
1007 4.330136e-07
1008 3.242384e-07
1009 2.047202e-07
1010 1.245309e-07
1011 7.230610e-08
1012 4.314680e-08
1013 2.688636e-08
1014 1.771895e-08
1015 0.000000e+00
1016 0.000000e+00
1017 0.000000e+00
1018 0.000000e+00
1019 0.000000e+00
1020 8.139596e-07
1021 6.558390e-07
1022 4.765327e-07
1023 3.567807e-07
1024 2.256220e-07
1025 1.371778e-07
1026 7.964314e-08
1027 4.751755e-08
1028 2.959718e-08
1029 1.949827e-08
1030 0.000000e+00
1031 0.000000e+00
1032 0.000000e+00
1033 0.000000e+00
1034 0.000000e+00
1035 8.800254e-07
1036 7.095243e-07
1037 5.155916e-07
1038 3.859857e-07
1039 2.443794e-07
1040 1.485270e-07
1041 8.622743e-08
1042 5.144028e-08
1043 3.202995e-08
1044 2.109535e-08
1045 0.000000e+00
1046 0.000000e+00
1047 0.000000e+00
1048 0.000000e+00
1049 0.000000e+00
1050 9.426736e-07
1051 7.604327e-07
1052 5.526249e-07
1053 4.136780e-07
1054 2.621647e-07
1055 1.592896e-07
1056 9.247120e-08
1057 5.515972e-08
1058 3.433673e-08
1059 2.260959e-08
1060 0.000000e+00
1061 0.000000e+00
1062 0.000000e+00
1063 0.000000e+00
1064 0.000000e+00
1065 1.015768e-06
1066 8.198310e-07
1067 5.958365e-07
1068 4.459927e-07
1069 2.829175e-07
1070 1.718473e-07
1071 9.975607e-08
1072 5.949995e-08
1073 3.702828e-08
1074 2.437647e-08
1075 0.000000e+00
1076 0.000000e+00
1077 0.000000e+00
1078 0.000000e+00
1079 0.000000e+00
1080 1.977187e-07
1081 1.798052e-07
1082 1.385167e-07
1083 1.001698e-07
1084 7.505991e-08
1085 4.338392e-08
1086 2.658869e-08
1087 1.533088e-08
1088 9.066260e-09
1089 5.640681e-09
1090 0.000000e+00
1091 0.000000e+00
1092 0.000000e+00
1093 0.000000e+00
1094 0.000000e+00
1095 3.303014e-07
1096 3.017266e-07
1097 2.334116e-07
1098 1.686868e-07
1099 1.265902e-07
1100 7.358505e-08
1101 4.521858e-08
1102 2.600979e-08
1103 1.532583e-08
1104 9.512921e-09
1105 0.000000e+00
1106 0.000000e+00
1107 0.000000e+00
1108 0.000000e+00
1109 0.000000e+00
1110 4.328824e-07
1111 3.961076e-07
1112 3.069046e-07
1113 2.217496e-07
1114 1.664999e-07
1115 9.699505e-08
1116 5.966055e-08
1117 3.428674e-08
1118 2.017556e-08
1119 1.251221e-08
1120 0.000000e+00
1121 0.000000e+00
1122 0.000000e+00
1123 0.000000e+00
1124 0.000000e+00
1125 5.118675e-07
1126 4.687719e-07
1127 3.634880e-07
1128 2.626035e-07
1129 1.972257e-07
1130 1.150174e-07
1131 7.077884e-08
1132 4.065897e-08
1133 2.390921e-08
1134 1.482137e-08
1135 0.000000e+00
1136 0.000000e+00
1137 0.000000e+00
1138 0.000000e+00
1139 0.000000e+00
1140 5.827486e-07
1141 5.339873e-07
1142 4.142683e-07
1143 2.992682e-07
1144 2.248018e-07
1145 1.311919e-07
1146 8.075741e-08
1147 4.637790e-08
1148 2.726008e-08
1149 1.689370e-08
1150 0.000000e+00
1151 0.000000e+00
1152 0.000000e+00
1153 0.000000e+00
1154 0.000000e+00
1155 6.499630e-07
1156 5.958254e-07
1157 4.624212e-07
1158 3.340351e-07
1159 2.509506e-07
1160 1.465295e-07
1161 9.021925e-08
1162 5.180077e-08
1163 3.043750e-08
1164 1.885873e-08
1165 0.000000e+00
1166 0.000000e+00
1167 0.000000e+00
1168 0.000000e+00
1169 0.000000e+00
1170 7.283846e-07
1171 6.679733e-07
1172 5.186008e-07
1173 3.745984e-07
1174 2.814577e-07
1175 1.644239e-07
1176 1.012585e-07
1177 5.812754e-08
1178 3.414473e-08
1179 2.115149e-08
1180 0.000000e+00
1181 0.000000e+00
1182 0.000000e+00
1183 0.000000e+00
1184 0.000000e+00
1185 1.310782e-07
1186 1.293729e-07
1187 1.087798e-07
1188 7.945815e-08
1189 5.903155e-08
1190 4.011342e-08
1191 2.367476e-08
1192 1.348818e-08
1193 7.797183e-09
1194 4.607781e-09
1195 2.886513e-09
1196 0.000000e+00
1197 0.000000e+00
1198 0.000000e+00
1199 0.000000e+00
1200 2.332510e-07
1201 2.309041e-07
1202 1.949141e-07
1203 1.426364e-07
1204 1.057855e-07
1205 7.241649e-08
1206 4.251772e-08
1207 2.425929e-08
1208 1.404362e-08
1209 8.283472e-09
1210 5.177885e-09
1211 0.000000e+00
1212 0.000000e+00
1213 0.000000e+00
1214 0.000000e+00
1215 3.123231e-07
1216 3.095004e-07
1217 2.616147e-07
1218 1.915693e-07
1219 1.419926e-07
1220 9.744468e-08
1221 5.711208e-08
1222 3.260330e-08
1223 1.888242e-08
1224 1.113063e-08
1225 6.952516e-09
1226 0.000000e+00
1227 0.000000e+00
1228 0.000000e+00
1229 0.000000e+00
1230 3.831935e-07
1231 3.799432e-07
1232 3.213903e-07
1233 2.354215e-07
1234 1.744400e-07
1235 1.198757e-07
1236 7.019122e-08
1237 4.008120e-08
1238 2.321897e-08
1239 1.368230e-08
1240 8.542871e-09
1241 0.000000e+00
1242 0.000000e+00
1243 0.000000e+00
1244 0.000000e+00
1245 4.503977e-07
1246 4.467362e-07
1247 3.780737e-07
1248 2.770046e-07
1249 2.052095e-07
1250 1.411454e-07
1251 8.259382e-08
1252 4.717229e-08
1253 2.733118e-08
1254 1.610194e-08
1255 1.005098e-08
1256 0.000000e+00
1257 0.000000e+00
1258 0.000000e+00
1259 0.000000e+00
1260 5.288015e-07
1261 5.246659e-07
1262 4.442070e-07
1263 3.255223e-07
1264 2.411084e-07
1265 1.659601e-07
1266 9.706421e-08
1267 5.544503e-08
1268 3.212871e-08
1269 1.892488e-08
1270 1.181051e-08
1271 0.000000e+00
1272 0.000000e+00
1273 0.000000e+00
1274 0.000000e+00
1275 9.623621e-08
1276 1.002051e-07
1277 9.068104e-08
1278 6.937475e-08
1279 5.014695e-08
1280 3.756355e-08
1281 2.122448e-08
1282 1.281820e-08
1283 7.242625e-09
1284 4.183226e-09
1285 2.504355e-09
1286 0.000000e+00
1287 0.000000e+00
1288 0.000000e+00
1289 0.000000e+00
1290 1.734084e-07
1291 1.809384e-07
1292 1.642517e-07
1293 1.260042e-07
1294 9.102320e-08
1295 6.828860e-08
1296 3.869655e-08
1297 2.344675e-08
1298 1.321828e-08
1299 7.616123e-09
1300 4.550524e-09
1301 0.000000e+00
1302 0.000000e+00
1303 0.000000e+00
1304 0.000000e+00
1305 2.424634e-07
1306 2.531893e-07
1307 2.301013e-07
1308 1.766983e-07
1309 1.276148e-07
1310 9.579446e-08
1311 5.434250e-08
1312 3.296555e-08
1313 1.856968e-08
1314 1.068970e-08
1315 6.382327e-09
1316 0.000000e+00
1317 0.000000e+00
1318 0.000000e+00
1319 0.000000e+00
1320 3.078577e-07
1321 3.216065e-07
1322 2.924568e-07
1323 2.247029e-07
1324 1.622652e-07
1325 1.218404e-07
1326 6.915697e-08
1327 4.197839e-08
1328 2.363663e-08
1329 1.359998e-08
1330 8.116900e-09
1331 0.000000e+00
1332 0.000000e+00
1333 0.000000e+00
1334 0.000000e+00
1335 3.841561e-07
1336 4.014323e-07
1337 3.652105e-07
1338 2.807097e-07
1339 2.026908e-07
1340 1.522281e-07
1341 8.644124e-08
1342 5.249408e-08
1343 2.954836e-08
1344 1.699550e-08
1345 1.014064e-08
1346 0.000000e+00
1347 0.000000e+00
1348 0.000000e+00
1349 0.000000e+00
1350 7.196671e-08
1351 7.789230e-08
1352 7.468582e-08
1353 6.051621e-08
1354 4.365722e-08
1355 3.291311e-08
1356 2.055402e-08
1357 1.260364e-08
1358 6.997107e-09
1359 3.852828e-09
1360 2.227009e-09
1361 1.354469e-09
1362 0.000000e+00
1363 0.000000e+00
1364 0.000000e+00
1365 1.384326e-07
1366 1.500882e-07
1367 1.442880e-07
1368 1.172766e-07
1369 8.466287e-08
1370 6.376277e-08
1371 4.010315e-08
1372 2.451530e-08
1373 1.361299e-08
1374 7.499747e-09
1375 4.324583e-09
1376 2.624188e-09
1377 0.000000e+00
1378 0.000000e+00
1379 0.000000e+00
1380 2.010031e-07
1381 2.180563e-07
1382 2.098198e-07
1383 1.707216e-07
1384 1.232755e-07
1385 9.281020e-08
1386 5.851418e-08
1387 3.573215e-08
1388 1.984300e-08
1389 1.093430e-08
1390 6.299816e-09
1391 3.819753e-09
1392 0.000000e+00
1393 0.000000e+00
1394 0.000000e+00
1395 2.739546e-07
1396 2.973002e-07
1397 2.862206e-07
1398 2.330303e-07
1399 1.682909e-07
1400 1.266749e-07
1401 7.997821e-08
1402 4.880901e-08
1403 2.710609e-08
1404 1.493828e-08
1405 8.602574e-09
1406 5.213599e-09
1407 0.000000e+00
1408 0.000000e+00
1409 0.000000e+00
1410 5.858116e-08
1411 6.537629e-08
1412 6.567089e-08
1413 5.640196e-08
1414 4.157021e-08
1415 3.061980e-08
1416 2.156672e-08
1417 1.230673e-08
1418 6.927777e-09
1419 3.920149e-09
1420 2.180595e-09
1421 1.271852e-09
1422 0.000000e+00
1423 0.000000e+00
1424 0.000000e+00
1425 1.179131e-07
1426 1.317845e-07
1427 1.326754e-07
1428 1.143018e-07
1429 8.439559e-08
1430 6.208174e-08
1431 4.394500e-08
1432 2.499021e-08
1433 1.409957e-08
1434 7.977104e-09
1435 4.434784e-09
1436 2.581278e-09
1437 0.000000e+00
1438 0.000000e+00
1439 0.000000e+00
1440 1.864659e-07
1441 2.085133e-07
1442 2.100928e-07
1443 1.811975e-07
1444 1.338744e-07
1445 9.843172e-08
1446 6.979941e-08
1447 3.964442e-08
1448 2.238585e-08
1449 1.266432e-08
1450 7.039246e-09
1451 4.094128e-09
1452 0.000000e+00
1453 0.000000e+00
1454 0.000000e+00
1455 5.114638e-08
1456 5.861026e-08
1457 6.125935e-08
1458 5.565550e-08
1459 4.267834e-08
1460 3.082524e-08
1461 2.315194e-08
1462 1.297853e-08
1463 7.762293e-09
1464 4.253030e-09
1465 2.344777e-09
1466 1.309316e-09
1467 0.000000e+00
1468 0.000000e+00
1469 0.000000e+00
1470 1.144183e-07
1471 1.312915e-07
1472 1.375003e-07
1473 1.252949e-07
1474 9.633709e-08
1475 6.954069e-08
1476 5.230448e-08
1477 2.941263e-08
1478 1.765428e-08
1479 9.654134e-09
1480 5.309448e-09
1481 2.958530e-09
1482 0.000000e+00
1483 0.000000e+00
1484 0.000000e+00
1485 5.357322e-08
1486 6.295052e-08
1487 6.825469e-08
1488 6.552553e-08
1489 5.312835e-08
1490 3.833500e-08
1491 2.891992e-08
1492 1.798092e-08
1493 1.094302e-08
1494 5.938322e-09
1495 3.127722e-09
1496 1.687525e-09
1497 9.397798e-10
1498 0.000000e+00
1499 0.000000e+00
1500 1.109684e-04
1501 8.086786e-05
1502 6.035546e-05
1503 3.805236e-05
1504 2.321989e-05
1505 1.369104e-05
1506 8.324421e-06
1507 5.304277e-06
1508 3.565556e-06
1509 0.000000e+00
1510 0.000000e+00
1511 0.000000e+00
1512 0.000000e+00
1513 0.000000e+00
1514 0.000000e+00
1515 5.757601e-05
1516 4.644359e-05
1517 3.369791e-05
1518 2.528332e-05
1519 1.597668e-05
1520 9.754545e-06
1521 5.648866e-06
1522 3.364481e-06
1523 2.093966e-06
1524 1.379138e-06
1525 0.000000e+00
1526 0.000000e+00
1527 0.000000e+00
1528 0.000000e+00
1529 0.000000e+00
1530 4.047788e-05
1531 3.713775e-05
1532 2.882267e-05
1533 2.080348e-05
1534 1.566222e-05
1535 9.111532e-06
1536 5.625604e-06
1537 3.225263e-06
1538 1.896511e-06
1539 1.174730e-06
1540 0.000000e+00
1541 0.000000e+00
1542 0.000000e+00
1543 0.000000e+00
1544 0.000000e+00
1545 2.912801e-05
1546 2.891312e-05
1547 2.448503e-05
1548 1.793535e-05
1549 1.328396e-05
1550 9.154542e-06
1551 5.351144e-06
1552 3.053081e-06
1553 1.771954e-06
1554 1.042590e-06
1555 6.506122e-07
1556 0.000000e+00
1557 0.000000e+00
1558 0.000000e+00
1559 0.000000e+00
1560 2.085098e-05
1561 2.179680e-05
1562 1.983793e-05
1563 1.524768e-05
1564 1.100576e-05
1565 8.274949e-06
1566 4.689296e-06
1567 2.850415e-06
1568 1.602925e-06
1569 9.233707e-07
1570 5.506294e-07
1571 0.000000e+00
1572 0.000000e+00
1573 0.000000e+00
1574 0.000000e+00
1575 1.487210e-05
1576 1.614453e-05
1577 1.554949e-05
1578 1.266314e-05
1579 9.143013e-06
1580 6.883420e-06
1581 4.347301e-06
1582 2.655947e-06
1583 1.474901e-06
1584 8.112783e-07
1585 4.673052e-07
1586 2.832009e-07
1587 0.000000e+00
1588 0.000000e+00
1589 0.000000e+00
1590 1.001028e-05
1591 1.119728e-05
1592 1.128693e-05
1593 9.739022e-06
1594 7.195644e-06
1595 5.289411e-06
1596 3.755371e-06
1597 2.130464e-06
1598 1.202339e-06
1599 6.811759e-07
1600 3.783133e-07
1601 2.200058e-07
1602 0.000000e+00
1603 0.000000e+00
1604 0.000000e+00
1605 6.201116e-06
1606 7.118100e-06
1607 7.458527e-06
1608 6.801106e-06
1609 5.231433e-06
1610 3.775220e-06
1611 2.841823e-06
1612 1.597077e-06
1613 9.596537e-07
1614 5.242846e-07
1615 2.885232e-07
1616 1.606418e-07
1617 0.000000e+00
1618 0.000000e+00
1619 0.000000e+00
1620 3.163407e-06
1621 3.720115e-06
1622 4.038202e-06
1623 3.883392e-06
1624 3.154630e-06
1625 2.276770e-06
1626 1.716871e-06
1627 1.071974e-06
1628 6.518364e-07
1629 3.538249e-07
1630 1.861971e-07
1631 1.003484e-07
1632 5.578990e-08
1633 0.000000e+00
1634 0.000000e+00
1635 8.891198e-07
1636 1.072208e-06
1637 1.206146e-06
1638 1.224576e-06
1639 1.066696e-06
1640 7.933436e-07
1641 5.815894e-07
1642 4.169104e-07
1643 2.343421e-07
1644 1.314261e-07
1645 7.164692e-08
1646 3.730540e-08
1647 1.958823e-08
1648 0.000000e+00
1649 0.000000e+00
