0 2.269802e-09
1 1.476537e-09
2 9.290465e-10
3 5.850593e-10
4 3.758617e-10
5 2.471293e-10
6 1.642637e-10
7 1.079205e-10
8 6.844660e-11
9 4.116116e-11
10 2.325031e-11
11 1.230389e-11
12 6.142821e-12
13 2.925946e-12
14 1.345797e-12
15 3.829267e-09
16 2.549535e-09
17 1.621844e-09
18 1.011020e-09
19 6.390705e-10
20 4.135739e-10
21 2.734337e-10
22 1.813113e-10
23 1.176201e-10
24 7.303350e-11
25 4.273423e-11
26 2.342048e-11
27 1.204826e-11
28 5.870866e-12
29 2.743823e-12
30 4.397974e-09
31 2.948015e-09
32 1.886542e-09
33 1.175120e-09
34 7.395925e-10
35 4.760477e-10
36 3.136960e-10
37 2.081224e-10
38 1.356526e-10
39 8.489954e-11
40 5.020091e-11
41 2.781001e-11
42 1.444908e-11
43 7.097891e-12
44 3.336270e-12
45 4.711364e-09
46 3.168732e-09
47 2.033112e-09
48 1.266168e-09
49 7.954025e-10
50 5.107083e-10
51 3.359977e-10
52 2.229734e-10
53 1.456393e-10
54 9.149307e-11
55 5.433133e-11
56 3.024179e-11
57 1.577956e-11
58 7.778589e-12
59 3.665892e-12
60 4.918078e-09
61 3.314063e-09
62 2.129603e-09
63 1.326050e-09
64 8.320409e-10
65 5.334689e-10
66 3.506925e-10
67 2.327121e-10
68 1.521827e-10
69 9.579923e-11
70 5.705124e-11
71 3.184298e-11
72 1.665761e-11
73 8.227878e-12
74 3.883148e-12
75 5.080938e-09
76 3.428058e-09
77 2.205355e-09
78 1.373233e-09
79 8.609594e-10
80 5.514731e-10
81 3.622614e-10
82 2.403996e-10
83 1.573804e-10
84 9.922579e-11
85 5.919137e-11
86 3.310105e-11
87 1.734709e-11
88 8.581627e-12
89 4.054351e-12
90 5.210062e-09
91 3.518785e-09
92 2.265545e-09
93 1.410551e-09
94 8.838486e-10
95 5.657285e-10
96 3.714016e-10
97 2.465139e-10
98 1.614945e-10
99 1.019371e-10
100 6.089419e-11
101 3.410925e-11
102 1.789809e-11
103 8.862983e-12
104 4.190134e-12
105 5.323382e-09
106 3.598110e-09
107 2.318672e-09
108 1.443332e-09
109 9.039128e-10
110 5.781648e-10
111 3.794187e-10
112 2.517927e-10
113 1.650337e-10
114 1.042615e-10
115 6.235800e-11
116 3.497948e-11
117 1.837683e-11
118 9.107607e-12
119 4.308540e-12
120 5.429629e-09
121 3.672979e-09
122 2.367928e-09
123 1.474288e-09
124 9.228287e-10
125 5.899014e-10
126 3.868959e-10
127 2.568605e-10
128 1.684309e-10
129 1.064759e-10
130 6.375769e-11
131 3.580475e-11
132 1.882790e-11
133 9.338419e-12
134 4.420097e-12
135 5.551974e-09
136 3.758661e-09
137 2.425787e-09
138 1.510082e-09
139 9.447615e-10
140 6.035077e-10
141 3.957710e-10
142 2.626380e-10
143 1.723320e-10
144 1.091165e-10
145 6.541036e-11
146 3.676530e-11
147 1.935394e-11
148 9.607973e-12
149 4.549525e-12
150 7.914329e-09
151 5.450809e-09
152 3.581174e-09
153 2.237767e-09
154 1.387531e-09
155 8.747968e-10
156 5.671268e-10
157 3.752364e-10
158 2.480830e-10
159 1.597164e-10
160 9.798376e-11
161 5.649187e-11
162 3.046613e-11
163 1.542990e-11
164 7.416457e-12
165 1.000511e-08
166 6.978182e-09
167 4.650385e-09
168 2.936636e-09
169 1.811838e-09
170 1.132880e-09
171 7.265120e-10
172 4.775544e-10
173 3.161564e-10
174 2.054363e-10
175 1.279990e-10
176 7.522634e-11
177 4.138695e-11
178 2.134254e-11
179 1.040535e-11
180 1.123086e-08
181 7.879725e-09
182 5.283739e-09
183 3.354818e-09
184 2.066949e-09
185 1.288181e-09
186 8.215615e-10
187 5.383490e-10
188 3.563746e-10
189 2.324330e-10
190 1.457722e-10
191 8.638291e-11
192 4.794398e-11
193 2.492379e-11
194 1.223099e-11
195 1.203869e-08
196 8.474739e-09
197 5.702029e-09
198 3.630978e-09
199 2.235570e-09
200 1.390479e-09
201 8.844998e-10
202 5.785291e-10
203 3.829754e-10
204 2.502647e-10
205 1.574948e-10
206 9.374576e-11
207 5.227444e-11
208 2.729031e-11
209 1.343874e-11
210 1.267966e-08
211 8.946001e-09
212 6.032979e-09
213 3.849405e-09
214 2.369110e-09
215 1.471455e-09
216 9.343948e-10
217 6.102457e-10
218 4.039704e-10
219 2.643372e-10
220 1.667670e-10
221 9.956310e-11
222 5.569615e-11
223 2.916124e-11
224 1.439476e-11
225 1.318270e-08
226 9.316286e-09
227 6.293247e-09
228 4.021169e-09
229 2.473843e-09
230 1.535269e-09
231 9.734721e-10
232 6.352893e-10
233 4.205229e-10
234 2.754429e-10
235 1.740704e-10
236 1.041484e-10
237 5.839030e-11
238 3.063542e-11
239 1.514667e-11
240 1.362017e-08
241 9.638336e-09
242 6.519801e-09
243 4.171337e-09
244 2.565458e-09
245 1.591097e-09
246 1.007657e-09
247 6.569696e-10
248 4.349576e-10
249 2.851120e-10
250 1.804320e-10
251 1.081414e-10
252 6.074201e-11
253 3.191940e-11
254 1.580127e-11
255 1.403796e-08
256 9.945855e-09
257 6.736078e-09
258 4.313811e-09
259 2.652459e-09
260 1.643901e-09
261 1.040068e-09
262 6.776994e-10
263 4.486921e-10
264 2.943215e-10
265 1.864920e-10
266 1.119525e-10
267 6.298109e-11
268 3.314636e-11
269 1.642581e-11
270 1.452107e-08
271 1.030185e-08
272 6.985968e-09
273 4.478809e-09
274 2.753268e-09
275 1.705613e-09
276 1.077978e-09
277 7.018848e-10
278 4.645636e-10
279 3.049726e-10
280 1.935034e-10
281 1.163535e-10
282 6.556900e-11
283 3.456253e-11
284 1.714868e-11
285 1.364595e-08
286 9.708762e-09
287 6.594904e-09
288 4.255727e-09
289 2.623196e-09
290 1.624635e-09
291 1.024318e-09
292 6.644093e-10
293 4.382966e-10
294 2.872428e-10
295 1.823785e-10
296 1.100111e-10
297 6.231626e-11
298 3.305111e-11
299 1.649714e-11
300 1.605652e-08
301 1.155659e-08
302 7.921092e-09
303 5.170262e-09
304 3.199527e-09
305 1.971618e-09
306 1.233358e-09
307 7.937945e-10
308 5.216593e-10
309 3.426482e-10
310 2.192729e-10
311 1.338626e-10
312 7.691790e-11
313 4.139276e-11
314 2.092897e-11
315 1.768184e-08
316 1.281048e-08
317 8.824245e-09
318 5.795065e-09
319 3.596383e-09
320 2.209978e-09
321 1.377188e-09
322 8.825468e-10
323 5.786764e-10
324 3.804030e-10
325 2.443910e-10
326 1.501208e-10
327 8.690377e-11
328 4.712460e-11
329 2.398976e-11
330 1.897398e-08
331 1.380652e-08
332 9.539584e-09
333 6.288857e-09
334 3.910692e-09
335 2.399273e-09
336 1.491304e-09
337 9.529547e-10
338 6.239175e-10
339 4.103617e-10
340 2.643058e-10
341 1.630136e-10
342 9.482374e-11
343 5.167263e-11
344 2.641936e-11
345 1.998978e-08
346 1.458858e-08
347 1.010402e-08
348 6.679357e-09
349 4.157955e-09
350 2.548041e-09
351 1.581134e-09
352 1.008359e-09
353 6.594510e-10
354 4.338845e-10
355 2.799787e-10
356 1.731615e-10
357 1.010579e-10
358 5.525098e-11
359 2.833110e-11
360 2.087639e-08
361 1.527317e-08
362 1.059744e-08
363 7.019656e-09
364 4.373894e-09
365 2.678314e-09
366 1.659300e-09
367 1.056635e-09
368 6.903934e-10
369 4.544274e-10
370 2.936316e-10
371 1.819993e-10
372 1.064843e-10
373 5.836605e-11
374 2.999587e-11
375 2.171439e-08
376 1.591931e-08
377 1.106216e-08
378 7.340713e-09
379 4.577838e-09
380 2.800838e-09
381 1.733418e-09
382 1.102287e-09
383 7.197692e-10
384 4.738934e-10
385 3.065939e-10
386 1.903897e-10
387 1.116392e-10
388 6.132534e-11
389 3.157544e-11
390 2.269457e-08
391 1.667598e-08
392 1.160657e-08
393 7.717737e-09
394 4.816969e-09
395 2.945212e-09
396 1.820381e-09
397 1.156023e-09
398 7.541106e-10
399 4.966852e-10
400 3.217575e-10
401 2.002081e-10
402 1.176727e-10
403 6.478450e-11
404 3.342382e-11
405 1.965511e-08
406 1.440484e-08
407 9.997118e-09
408 6.627456e-09
409 4.148475e-09
410 2.540620e-09
411 1.575452e-09
412 1.001680e-09
413 6.529557e-10
414 4.288095e-10
415 2.766445e-10
416 1.714029e-10
417 1.003908e-10
418 5.515792e-11
419 2.843832e-11
420 2.225349e-08
421 1.649591e-08
422 1.153622e-08
423 7.710514e-09
424 4.867029e-09
425 2.972702e-09
426 1.835851e-09
427 1.158647e-09
428 7.510786e-10
429 4.926330e-10
430 3.189756e-10
431 1.991598e-10
432 1.178782e-10
433 6.553299e-11
434 3.417650e-11
435 2.433469e-08
436 1.818084e-08
437 1.277707e-08
438 8.587144e-09
439 5.449318e-09
440 3.324459e-09
441 2.047631e-09
442 1.286157e-09
443 8.307084e-10
444 5.442691e-10
445 3.531790e-10
446 2.215901e-10
447 1.320269e-10
448 7.394564e-11
449 3.884385e-11
450 2.598251e-08
451 1.950872e-08
452 1.375808e-08
453 9.277351e-09
454 5.908194e-09
455 3.601794e-09
456 2.214372e-09
457 1.386564e-09
458 8.932170e-10
459 5.848935e-10
460 3.800962e-10
461 2.392424e-10
462 1.431622e-10
463 8.056798e-11
464 4.251712e-11
465 2.741463e-08
466 2.066592e-08
467 1.461268e-08
468 9.879368e-09
469 6.308354e-09
470 3.843819e-09
471 2.359622e-09
472 1.474066e-09
473 9.479439e-10
474 6.203937e-10
475 4.036025e-10
476 2.546551e-10
477 1.528857e-10
478 8.634960e-11
479 4.572530e-11
480 2.876970e-08
481 2.175788e-08
482 1.542101e-08
483 1.044817e-08
484 6.687797e-09
485 4.073227e-09
486 2.497684e-09
487 1.556937e-09
488 9.996853e-10
489 6.539783e-10
490 4.258442e-10
491 2.692403e-10
492 1.620838e-10
493 9.181802e-11
494 4.876055e-11
495 3.035580e-08
496 2.303971e-08
497 1.636550e-08
498 1.111533e-08
499 7.130239e-09
500 4.340181e-09
501 2.658303e-09
502 1.653773e-09
503 1.060058e-09
504 6.931613e-10
505 4.518232e-10
506 2.862594e-10
507 1.728317e-10
508 9.820859e-11
509 5.230327e-11
510 2.581092e-08
511 1.944970e-08
512 1.375330e-08
513 9.286601e-09
514 5.938414e-09
515 3.626889e-09
516 2.228544e-09
517 1.392452e-09
518 8.947640e-10
519 5.846408e-10
520 3.795907e-10
521 2.390727e-10
522 1.433654e-10
523 8.095781e-11
524 4.290546e-11
525 2.878899e-08
526 2.195091e-08
527 1.564897e-08
528 1.063873e-08
529 6.864068e-09
530 4.199249e-09
531 2.571256e-09
532 1.595817e-09
533 1.019187e-09
534 6.636675e-10
535 4.313811e-10
536 2.731344e-10
537 1.651802e-10
538 9.424542e-11
539 5.049257e-11
540 3.115401e-08
541 2.393810e-08
542 1.715730e-08
543 1.171790e-08
544 7.602613e-09
545 4.657666e-09
546 2.845087e-09
547 1.758441e-09
548 1.118236e-09
549 7.266538e-10
550 4.726126e-10
551 3.002409e-10
552 1.825466e-10
553 1.048341e-10
554 5.654817e-11
555 3.320702e-08
556 2.566899e-08
557 1.847316e-08
558 1.265617e-08
559 8.244858e-09
560 5.055531e-09
561 3.083110e-09
562 1.900137e-09
563 1.204775e-09
564 7.815122e-10
565 5.085198e-10
566 3.238470e-10
567 1.976699e-10
568 1.140540e-10
569 6.181987e-11
570 3.516076e-08
571 2.731735e-08
572 1.972447e-08
573 1.354902e-08
574 8.857445e-09
575 5.435971e-09
576 3.310333e-09
577 2.034950e-09
578 1.287049e-09
579 8.337450e-10
580 5.427146e-10
581 3.463218e-10
582 2.120677e-10
583 1.228340e-10
584 6.684231e-11
585 3.744744e-08
586 2.923410e-08
587 2.118369e-08
588 1.459159e-08
589 9.569303e-09
590 5.877544e-09
591 3.574347e-09
592 2.191721e-09
593 1.382719e-09
594 8.945021e-10
595 5.824611e-10
596 3.724571e-10
597 2.288136e-10
598 1.330432e-10
599 7.268044e-11
600 3.274625e-08
601 2.538324e-08
602 1.831625e-08
603 1.256244e-08
604 8.201602e-09
605 5.049744e-09
606 3.076554e-09
607 1.894692e-09
608 1.198931e-09
609 7.759610e-10
610 5.040812e-10
611 3.208552e-10
612 1.959981e-10
613 1.133243e-10
614 6.161978e-11
615 3.598874e-08
616 2.821484e-08
617 2.053709e-08
618 1.417127e-08
619 9.323231e-09
620 5.770918e-09
621 3.504640e-09
622 2.148636e-09
623 1.350798e-09
624 8.702129e-10
625 5.647554e-10
626 3.605663e-10
627 2.216543e-10
628 1.292637e-10
629 7.097250e-11
630 3.882511e-08
631 3.069799e-08
632 2.248646e-08
633 1.558447e-08
634 1.030880e-08
635 6.405547e-09
636 3.881359e-09
637 2.372270e-09
638 1.484791e-09
639 9.530969e-10
640 6.180591e-10
641 3.954344e-10
642 2.441802e-10
643 1.432636e-10
644 7.919324e-11
645 4.151377e-08
646 3.305393e-08
647 2.433617e-08
648 1.692583e-08
649 1.124494e-08
650 7.008839e-09
651 4.239521e-09
652 2.584836e-09
653 1.611673e-09
654 1.031770e-09
655 6.686627e-10
656 4.285318e-10
657 2.655603e-10
658 1.565517e-10
659 8.699629e-11
660 4.466459e-08
661 3.580407e-08
662 2.649768e-08
663 1.849327e-08
664 1.233573e-08
665 7.711649e-09
666 4.656862e-09
667 2.832400e-09
668 1.759734e-09
669 1.123487e-09
670 7.276344e-10
671 4.671122e-10
672 2.904871e-10
673 1.720433e-10
674 9.609329e-11
675 4.015030e-08
676 3.196008e-08
677 2.355241e-08
678 1.638773e-08
679 1.088332e-08
680 6.802719e-09
681 4.118037e-09
682 2.513224e-09
683 1.565895e-09
684 1.001113e-09
685 6.477160e-10
686 4.144481e-10
687 2.565629e-10
688 1.512021e-10
689 8.408181e-11
690 4.388973e-08
691 3.534150e-08
692 2.630164e-08
693 1.841540e-08
694 1.231349e-08
695 7.753853e-09
696 4.686761e-09
697 2.851316e-09
698 1.764809e-09
699 1.121597e-09
700 7.236328e-10
701 4.636024e-10
702 2.883699e-10
703 1.712223e-10
704 9.607966e-11
705 4.743606e-08
706 3.856172e-08
707 2.891376e-08
708 2.034958e-08
709 1.367694e-08
710 8.661973e-09
711 5.230126e-09
712 3.173995e-09
713 1.954563e-09
714 1.236409e-09
715 7.959986e-10
716 5.104144e-10
717 3.186527e-10
718 1.902832e-10
719 1.075113e-10
720 5.158510e-08
721 4.232202e-08
722 3.195791e-08
723 2.260237e-08
724 1.526449e-08
725 9.719298e-09
726 5.862977e-09
727 3.550248e-09
728 2.175553e-09
729 1.370255e-09
730 8.802649e-10
731 5.649403e-10
732 3.539318e-10
733 2.124874e-10
734 1.208272e-10
735 4.864656e-08
736 3.977292e-08
737 2.999824e-08
738 2.120343e-08
739 1.429576e-08
740 9.103240e-09
741 5.507513e-09
742 3.338135e-09
743 2.047881e-09
744 1.290195e-09
745 8.279098e-10
746 5.302418e-10
747 3.313765e-10
748 1.984865e-10
749 1.126739e-10
750 5.325707e-08
751 4.409608e-08
752 3.363637e-08
753 2.395780e-08
754 1.625758e-08
755 1.044296e-08
756 6.329757e-09
757 3.823973e-09
758 2.330486e-09
759 1.458013e-09
760 9.311781e-10
761 5.959366e-10
762 3.736641e-10
763 2.252911e-10
764 1.290226e-10
765 5.865377e-08
766 4.915410e-08
767 3.787900e-08
768 2.717499e-08
769 1.855133e-08
770 1.200926e-08
771 7.292327e-09
772 4.393161e-09
773 2.661098e-09
774 1.654331e-09
775 1.051911e-09
776 6.727165e-10
777 4.230857e-10
778 2.566144e-10
779 1.481293e-10
780 5.919356e-08
781 4.982127e-08
782 3.860594e-08
783 2.782244e-08
784 1.904248e-08
785 1.237677e-08
786 7.554136e-09
787 4.542853e-09
788 2.747490e-09
789 1.701586e-09
790 1.077757e-09
791 6.873909e-10
792 4.319668e-10
793 2.623110e-10
794 1.518694e-10
795 6.628045e-08
796 5.668126e-08
797 4.459665e-08
798 3.251328e-08
799 2.243591e-08
800 1.473687e-08
801 9.062223e-09
802 5.428271e-09
803 3.262348e-09
804 2.001026e-09
805 1.256944e-09
806 7.985687e-10
807 5.025454e-10
808 3.070388e-10
809 1.794887e-10
810 7.606931e-08
811 6.651591e-08
812 5.356401e-08
813 3.982578e-08
814 2.784775e-08
815 1.855548e-08
816 1.160626e-08
817 6.934658e-09
818 4.143404e-09
819 2.503360e-09
820 1.548319e-09
821 9.734627e-10
822 6.108847e-10
823 3.750307e-10
824 2.217039e-10
825 5.063696e-07
826 3.698611e-07
827 2.740596e-07
828 1.706299e-07
829 1.039394e-07
830 6.157502e-08
831 3.759711e-08
832 2.411846e-08
833 1.628048e-08
834 0.000000e+00
835 0.000000e+00
836 0.000000e+00
837 0.000000e+00
838 0.000000e+00
839 0.000000e+00
840 7.607309e-07
841 5.557819e-07
842 4.122682e-07
843 2.595510e-07
844 1.577315e-07
845 9.332703e-08
846 5.687903e-08
847 3.635527e-08
848 2.447474e-08
849 0.000000e+00
850 0.000000e+00
851 0.000000e+00
852 0.000000e+00
853 0.000000e+00
854 0.000000e+00
855 9.031720e-07
856 6.599208e-07
857 4.896720e-07
858 3.094496e-07
859 1.878910e-07
860 1.111312e-07
861 6.768931e-08
862 4.321199e-08
863 2.906461e-08
864 0.000000e+00
865 0.000000e+00
866 0.000000e+00
867 0.000000e+00
868 0.000000e+00
869 0.000000e+00
870 9.967734e-07
871 7.283505e-07
872 5.405360e-07
873 3.422391e-07
874 2.077109e-07
875 1.228311e-07
876 7.479309e-08
877 4.771819e-08
878 3.208059e-08
879 0.000000e+00
880 0.000000e+00
881 0.000000e+00
882 0.000000e+00
883 0.000000e+00
884 0.000000e+00
885 1.070884e-06
886 7.825351e-07
887 5.808060e-07
888 3.682004e-07
889 2.234039e-07
890 1.320948e-07
891 8.041773e-08
892 5.128586e-08
893 3.446881e-08
894 0.000000e+00
895 0.000000e+00
896 0.000000e+00
897 0.000000e+00
898 0.000000e+00
899 0.000000e+00
900 1.129139e-06
901 8.251249e-07
902 6.124631e-07
903 3.886072e-07
904 2.357385e-07
905 1.393767e-07
906 8.483877e-08
907 5.409036e-08
908 3.634598e-08
909 0.000000e+00
910 0.000000e+00
911 0.000000e+00
912 0.000000e+00
913 0.000000e+00
914 0.000000e+00
915 1.179986e-06
916 8.622978e-07
917 6.400926e-07
918 4.064201e-07
919 2.465054e-07
920 1.457319e-07
921 8.869775e-08
922 5.653804e-08
923 3.798441e-08
924 0.000000e+00
925 0.000000e+00
926 0.000000e+00
927 0.000000e+00
928 0.000000e+00
929 0.000000e+00
930 1.228193e-06
931 8.975428e-07
932 6.662889e-07
933 4.233078e-07
934 2.567129e-07
935 1.517572e-07
936 9.235630e-08
937 5.885865e-08
938 3.953769e-08
939 0.000000e+00
940 0.000000e+00
941 0.000000e+00
942 0.000000e+00
943 0.000000e+00
944 0.000000e+00
945 1.284426e-06
946 9.386569e-07
947 6.968456e-07
948 4.430080e-07
949 2.686197e-07
950 1.587863e-07
951 9.662437e-08
952 6.156554e-08
953 4.134980e-08
954 0.000000e+00
955 0.000000e+00
956 0.000000e+00
957 0.000000e+00
958 0.000000e+00
959 0.000000e+00
960 3.379425e-07
961 2.691905e-07
962 1.952767e-07
963 1.464387e-07
964 9.063119e-08
965 5.547108e-08
966 3.224210e-08
967 1.927882e-08
968 1.208072e-08
969 7.997725e-09
970 0.000000e+00
971 0.000000e+00
972 0.000000e+00
973 0.000000e+00
974 0.000000e+00
975 5.197855e-07
976 4.167994e-07
977 3.026314e-07
978 2.267398e-07
979 1.421009e-07
980 8.664350e-08
981 5.032510e-08
982 3.005170e-08
983 1.876512e-08
984 1.238778e-08
985 0.000000e+00
986 0.000000e+00
987 0.000000e+00
988 0.000000e+00
989 0.000000e+00
990 6.414918e-07
991 5.157005e-07
992 3.745833e-07
993 2.805434e-07
994 1.766569e-07
995 1.075518e-07
996 6.245505e-08
997 3.727802e-08
998 2.324682e-08
999 1.532976e-08
1000 0.000000e+00
1001 0.000000e+00
1002 0.000000e+00
1003 0.000000e+00
1004 0.000000e+00
1005 7.378333e-07
1006 5.939855e-07
1007 4.315335e-07
1008 3.231316e-07
1009 2.040090e-07
1010 1.241006e-07
1011 7.205634e-08
1012 4.299808e-08
1013 2.679414e-08
1014 1.765841e-08
1015 0.000000e+00
1016 0.000000e+00
1017 0.000000e+00
1018 0.000000e+00
1019 0.000000e+00
1020 8.135703e-07
1021 6.555226e-07
1022 4.763026e-07
1023 3.566086e-07
1024 2.255115e-07
1025 1.371109e-07
1026 7.960434e-08
1027 4.749435e-08
1028 2.958285e-08
1029 1.948886e-08
1030 0.000000e+00
1031 0.000000e+00
1032 0.000000e+00
1033 0.000000e+00
1034 0.000000e+00
1035 8.796514e-07
1036 7.092205e-07
1037 5.153706e-07
1038 3.858204e-07
1039 2.442733e-07
1040 1.484628e-07
1041 8.619018e-08
1042 5.141809e-08
1043 3.201619e-08
1044 2.108631e-08
1045 0.000000e+00
1046 0.000000e+00
1047 0.000000e+00
1048 0.000000e+00
1049 0.000000e+00
1050 9.423235e-07
1051 7.601483e-07
1052 5.524180e-07
1053 4.135233e-07
1054 2.620654e-07
1055 1.592295e-07
1056 9.243631e-08
1057 5.513893e-08
1058 3.432384e-08
1059 2.260113e-08
1060 0.000000e+00
1061 0.000000e+00
1062 0.000000e+00
1063 0.000000e+00
1064 0.000000e+00
1065 1.015433e-06
1066 8.195589e-07
1067 5.956386e-07
1068 4.458446e-07
1069 2.828225e-07
1070 1.717897e-07
1071 9.972269e-08
1072 5.948007e-08
1073 3.701595e-08
1074 2.436838e-08
1075 0.000000e+00
1076 0.000000e+00
1077 0.000000e+00
1078 0.000000e+00
1079 0.000000e+00
1080 1.987474e-07
1081 1.807811e-07
1082 1.392970e-07
1083 1.007314e-07
1084 7.548516e-08
1085 4.364373e-08
1086 2.675083e-08
1087 1.542265e-08
1088 9.118835e-09
1089 5.672773e-09
1090 0.000000e+00
1091 0.000000e+00
1092 0.000000e+00
1093 0.000000e+00
1094 0.000000e+00
1095 3.267645e-07
1096 2.984743e-07
1097 2.308800e-07
1098 1.668584e-07
1099 1.252155e-07
1100 7.277902e-08
1101 4.472142e-08
1102 2.572476e-08
1103 1.515880e-08
1104 9.409619e-09
1105 0.000000e+00
1106 0.000000e+00
1107 0.000000e+00
1108 0.000000e+00
1109 0.000000e+00
1110 4.301935e-07
1111 3.936345e-07
1112 3.049791e-07
1113 2.203589e-07
1114 1.654540e-07
1115 9.638152e-08
1116 5.928198e-08
1117 3.406982e-08
1118 2.004846e-08
1119 1.243360e-08
1120 0.000000e+00
1121 0.000000e+00
1122 0.000000e+00
1123 0.000000e+00
1124 0.000000e+00
1125 5.114484e-07
1126 4.683863e-07
1127 3.631877e-07
1128 2.623867e-07
1129 1.970627e-07
1130 1.149217e-07
1131 7.071983e-08
1132 4.062515e-08
1133 2.388939e-08
1134 1.480912e-08
1135 0.000000e+00
1136 0.000000e+00
1137 0.000000e+00
1138 0.000000e+00
1139 0.000000e+00
1140 5.823499e-07
1141 5.336205e-07
1142 4.139827e-07
1143 2.990625e-07
1144 2.246467e-07
1145 1.311009e-07
1146 8.070128e-08
1147 4.634573e-08
1148 2.724123e-08
1149 1.688204e-08
1150 0.000000e+00
1151 0.000000e+00
1152 0.000000e+00
1153 0.000000e+00
1154 0.000000e+00
1155 6.495869e-07
1156 5.954794e-07
1157 4.621518e-07
1158 3.338406e-07
1159 2.508043e-07
1160 1.464436e-07
1161 9.016630e-08
1162 5.177043e-08
1163 3.041972e-08
1164 1.884773e-08
1165 0.000000e+00
1166 0.000000e+00
1167 0.000000e+00
1168 0.000000e+00
1169 0.000000e+00
1170 7.280246e-07
1171 6.676421e-07
1172 5.183429e-07
1173 3.744122e-07
1174 2.813176e-07
1175 1.643418e-07
1176 1.012078e-07
1177 5.809850e-08
1178 3.412772e-08
1179 2.114097e-08
1180 0.000000e+00
1181 0.000000e+00
1182 0.000000e+00
1183 0.000000e+00
1184 0.000000e+00
1185 1.290277e-07
1186 1.273555e-07
1187 1.070910e-07
1188 7.822790e-08
1189 5.811556e-08
1190 3.949622e-08
1191 2.330832e-08
1192 1.327997e-08
1193 7.676887e-09
1194 4.536594e-09
1195 2.841786e-09
1196 0.000000e+00
1197 0.000000e+00
1198 0.000000e+00
1199 0.000000e+00
1200 2.305828e-07
1201 2.282526e-07
1202 1.926647e-07
1203 1.409862e-07
1204 1.045646e-07
1205 7.157287e-08
1206 4.202557e-08
1207 2.397798e-08
1208 1.388049e-08
1209 8.187505e-09
1210 5.118040e-09
1211 0.000000e+00
1212 0.000000e+00
1213 0.000000e+00
1214 0.000000e+00
1215 3.119030e-07
1216 3.090833e-07
1217 2.612604e-07
1218 1.913094e-07
1219 1.418003e-07
1220 9.731173e-08
1221 5.703456e-08
1222 3.255898e-08
1223 1.885671e-08
1224 1.111551e-08
1225 6.943090e-09
1226 0.000000e+00
1227 0.000000e+00
1228 0.000000e+00
1229 0.000000e+00
1230 3.827926e-07
1231 3.795448e-07
1232 3.210522e-07
1233 2.351735e-07
1234 1.742565e-07
1235 1.197488e-07
1236 7.011725e-08
1237 4.003896e-08
1238 2.319444e-08
1239 1.366787e-08
1240 8.533877e-09
1241 0.000000e+00
1242 0.000000e+00
1243 0.000000e+00
1244 0.000000e+00
1245 4.500218e-07
1246 4.463625e-07
1247 3.777566e-07
1248 2.767720e-07
1249 2.050374e-07
1250 1.410265e-07
1251 8.252445e-08
1252 4.713262e-08
1253 2.730818e-08
1254 1.608841e-08
1255 1.004254e-08
1256 0.000000e+00
1257 0.000000e+00
1258 0.000000e+00
1259 0.000000e+00
1260 5.284423e-07
1261 5.243095e-07
1262 4.439039e-07
1263 3.253000e-07
1264 2.409439e-07
1265 1.658464e-07
1266 9.699790e-08
1267 5.540712e-08
1268 3.210673e-08
1269 1.891194e-08
1270 1.180244e-08
1271 0.000000e+00
1272 0.000000e+00
1273 0.000000e+00
1274 0.000000e+00
1275 9.475727e-08
1276 9.866977e-08
1277 8.929793e-08
1278 6.832127e-08
1279 4.938488e-08
1280 3.699350e-08
1281 2.090432e-08
1282 1.262565e-08
1283 7.133544e-09
1284 4.119913e-09
1285 2.466354e-09
1286 0.000000e+00
1287 0.000000e+00
1288 0.000000e+00
1289 0.000000e+00
1290 1.730186e-07
1291 1.805310e-07
1292 1.638808e-07
1293 1.257191e-07
1294 9.081728e-08
1295 6.813395e-08
1296 3.860883e-08
1297 2.339340e-08
1298 1.318827e-08
1299 7.598857e-09
1300 4.540226e-09
1301 0.000000e+00
1302 0.000000e+00
1303 0.000000e+00
1304 0.000000e+00
1305 2.420731e-07
1306 2.527809e-07
1307 2.297291e-07
1308 1.764119e-07
1309 1.274080e-07
1310 9.563898e-08
1311 5.425406e-08
1312 3.291175e-08
1313 1.853944e-08
1314 1.067233e-08
1315 6.371972e-09
1316 0.000000e+00
1317 0.000000e+00
1318 0.000000e+00
1319 0.000000e+00
1320 3.074926e-07
1321 3.212245e-07
1322 2.921086e-07
1323 2.244348e-07
1324 1.620719e-07
1325 1.216950e-07
1326 6.907424e-08
1327 4.192805e-08
1328 2.360833e-08
1329 1.358372e-08
1330 8.107214e-09
1331 0.000000e+00
1332 0.000000e+00
1333 0.000000e+00
1334 0.000000e+00
1335 3.838058e-07
1336 4.010658e-07
1337 3.648765e-07
1338 2.804525e-07
1339 2.025052e-07
1340 1.520885e-07
1341 8.636188e-08
1342 5.244580e-08
1343 2.952122e-08
1344 1.697991e-08
1345 1.013135e-08
1346 0.000000e+00
1347 0.000000e+00
1348 0.000000e+00
1349 0.000000e+00
1350 7.238035e-08
1351 7.834781e-08
1352 7.513385e-08
1353 6.089098e-08
1354 4.392952e-08
1355 3.311623e-08
1356 2.068976e-08
1357 1.268437e-08
1358 7.042011e-09
1359 3.877761e-09
1360 2.241084e-09
1361 1.362840e-09
1362 0.000000e+00
1363 0.000000e+00
1364 0.000000e+00
1365 1.380666e-07
1366 1.496907e-07
1367 1.439050e-07
1368 1.169644e-07
1369 8.443747e-08
1370 6.359309e-08
1371 3.999574e-08
1372 2.444981e-08
1373 1.357662e-08
1374 7.479703e-09
1375 4.313054e-09
1376 2.617207e-09
1377 0.000000e+00
1378 0.000000e+00
1379 0.000000e+00
1380 2.006538e-07
1381 2.176769e-07
1382 2.094539e-07
1383 1.704233e-07
1384 1.230599e-07
1385 9.264805e-08
1386 5.841141e-08
1387 3.566954e-08
1388 1.980823e-08
1389 1.091513e-08
1390 6.288790e-09
1391 3.813079e-09
1392 0.000000e+00
1393 0.000000e+00
1394 0.000000e+00
1395 2.736196e-07
1396 2.969363e-07
1397 2.858697e-07
1398 2.327442e-07
1399 1.680842e-07
1400 1.265194e-07
1401 7.987964e-08
1402 4.874895e-08
1403 2.707274e-08
1404 1.491989e-08
1405 8.591999e-09
1406 5.207195e-09
1407 0.000000e+00
1408 0.000000e+00
1409 0.000000e+00
1410 5.875902e-08
1411 6.557945e-08
1412 6.588189e-08
1413 5.659146e-08
1414 4.171363e-08
1415 3.072343e-08
1416 2.164468e-08
1417 1.234931e-08
1418 6.952540e-09
1419 3.934076e-09
1420 2.188293e-09
1421 1.276223e-09
1422 0.000000e+00
1423 0.000000e+00
1424 0.000000e+00
1425 1.175852e-07
1426 1.314175e-07
1427 1.323051e-07
1428 1.139818e-07
1429 8.415908e-08
1430 6.190787e-08
1431 4.382137e-08
1432 2.492012e-08
1433 1.405994e-08
1434 7.954686e-09
1435 4.422328e-09
1436 2.574042e-09
1437 0.000000e+00
1438 0.000000e+00
1439 0.000000e+00
1440 1.861514e-07
1441 2.081613e-07
1442 2.097377e-07
1443 1.808906e-07
1444 1.336474e-07
1445 9.826498e-08
1446 6.968082e-08
1447 3.957720e-08
1448 2.234784e-08
1449 1.264282e-08
1450 7.027299e-09
1451 4.087188e-09
1452 0.000000e+00
1453 0.000000e+00
1454 0.000000e+00
1455 5.111390e-08
1456 5.857475e-08
1457 6.122549e-08
1458 5.562903e-08
1459 4.266131e-08
1460 3.081247e-08
1461 2.314316e-08
1462 1.297487e-08
1463 7.760829e-09
1464 4.252020e-09
1465 2.344037e-09
1466 1.308830e-09
1467 0.000000e+00
1468 0.000000e+00
1469 0.000000e+00
1470 1.141293e-07
1471 1.309596e-07
1472 1.371522e-07
1473 1.249769e-07
1474 9.609210e-08
1475 6.936392e-08
1476 5.217137e-08
1477 2.933760e-08
1478 1.760912e-08
1479 9.629475e-09
1480 5.295913e-09
1481 2.951000e-09
1482 0.000000e+00
1483 0.000000e+00
1484 0.000000e+00
1485 5.339280e-08
1486 6.273902e-08
1487 6.802580e-08
1488 6.530695e-08
1489 5.295188e-08
1490 3.820777e-08
1491 2.882379e-08
1492 1.792182e-08
1493 1.090682e-08
1494 5.918701e-09
1495 3.117432e-09
1496 1.681948e-09
1497 9.366617e-10
1498 0.000000e+00
1499 0.000000e+00
1500 1.109684e-04
1501 8.086786e-05
1502 6.035546e-05
1503 3.805236e-05
1504 2.321989e-05
1505 1.369104e-05
1506 8.324421e-06
1507 5.304277e-06
1508 3.565556e-06
1509 0.000000e+00
1510 0.000000e+00
1511 0.000000e+00
1512 0.000000e+00
1513 0.000000e+00
1514 0.000000e+00
1515 5.757601e-05
1516 4.644359e-05
1517 3.369791e-05
1518 2.528332e-05
1519 1.597668e-05
1520 9.754545e-06
1521 5.648866e-06
1522 3.364481e-06
1523 2.093966e-06
1524 1.379138e-06
1525 0.000000e+00
1526 0.000000e+00
1527 0.000000e+00
1528 0.000000e+00
1529 0.000000e+00
1530 4.047788e-05
1531 3.713775e-05
1532 2.882267e-05
1533 2.080348e-05
1534 1.566222e-05
1535 9.111532e-06
1536 5.625604e-06
1537 3.225263e-06
1538 1.896511e-06
1539 1.174730e-06
1540 0.000000e+00
1541 0.000000e+00
1542 0.000000e+00
1543 0.000000e+00
1544 0.000000e+00
1545 2.912801e-05
1546 2.891312e-05
1547 2.448503e-05
1548 1.793535e-05
1549 1.328396e-05
1550 9.154542e-06
1551 5.351144e-06
1552 3.053081e-06
1553 1.771954e-06
1554 1.042590e-06
1555 6.506122e-07
1556 0.000000e+00
1557 0.000000e+00
1558 0.000000e+00
1559 0.000000e+00
1560 2.085098e-05
1561 2.179680e-05
1562 1.983793e-05
1563 1.524768e-05
1564 1.100576e-05
1565 8.274949e-06
1566 4.689296e-06
1567 2.850415e-06
1568 1.602925e-06
1569 9.233707e-07
1570 5.506294e-07
1571 0.000000e+00
1572 0.000000e+00
1573 0.000000e+00
1574 0.000000e+00
1575 1.487210e-05
1576 1.614453e-05
1577 1.554949e-05
1578 1.266314e-05
1579 9.143013e-06
1580 6.883420e-06
1581 4.347301e-06
1582 2.655947e-06
1583 1.474901e-06
1584 8.112783e-07
1585 4.673052e-07
1586 2.832009e-07
1587 0.000000e+00
1588 0.000000e+00
1589 0.000000e+00
1590 1.001028e-05
1591 1.119728e-05
1592 1.128693e-05
1593 9.739022e-06
1594 7.195644e-06
1595 5.289411e-06
1596 3.755371e-06
1597 2.130464e-06
1598 1.202339e-06
1599 6.811759e-07
1600 3.783133e-07
1601 2.200058e-07
1602 0.000000e+00
1603 0.000000e+00
1604 0.000000e+00
1605 6.201116e-06
1606 7.118100e-06
1607 7.458527e-06
1608 6.801106e-06
1609 5.231433e-06
1610 3.775220e-06
1611 2.841823e-06
1612 1.597077e-06
1613 9.596537e-07
1614 5.242846e-07
1615 2.885232e-07
1616 1.606418e-07
1617 0.000000e+00
1618 0.000000e+00
1619 0.000000e+00
1620 3.163407e-06
1621 3.720115e-06
1622 4.038202e-06
1623 3.883392e-06
1624 3.154630e-06
1625 2.276770e-06
1626 1.716871e-06
1627 1.071974e-06
1628 6.518364e-07
1629 3.538249e-07
1630 1.861971e-07
1631 1.003484e-07
1632 5.578990e-08
1633 0.000000e+00
1634 0.000000e+00
1635 8.891198e-07
1636 1.072208e-06
1637 1.206146e-06
1638 1.224576e-06
1639 1.066696e-06
1640 7.933436e-07
1641 5.815894e-07
1642 4.169104e-07
1643 2.343421e-07
1644 1.314261e-07
1645 7.164692e-08
1646 3.730540e-08
1647 1.958823e-08
1648 0.000000e+00
1649 0.000000e+00
