0 2.245048e-09
1 1.459514e-09
2 9.180730e-10
3 5.782017e-10
4 3.715770e-10
5 2.444502e-10
6 1.625530e-10
7 1.067725e-10
8 6.767778e-11
9 4.066731e-11
10 2.293743e-11
11 1.212547e-11
12 6.047951e-12
13 2.878598e-12
14 1.323798e-12
15 3.795667e-09
16 2.525283e-09
17 1.605651e-09
18 1.000880e-09
19 6.328097e-10
20 4.097239e-10
21 2.710178e-10
22 1.797156e-10
23 1.165399e-10
24 7.230969e-11
25 4.227551e-11
26 2.314461e-11
27 1.189406e-11
28 5.791129e-12
29 2.704643e-12
30 4.353070e-09
31 2.916131e-09
32 1.864628e-09
33 1.161248e-09
34 7.311537e-10
35 4.708654e-10
36 3.104177e-10
37 2.060008e-10
38 1.342249e-10
39 8.394792e-11
40 4.957970e-11
41 2.743638e-11
42 1.423627e-11
43 6.986043e-12
44 3.280817e-12
45 4.666793e-09
46 3.136274e-09
47 2.010550e-09
48 1.251696e-09
49 7.866033e-10
50 5.053183e-10
51 3.326447e-10
52 2.207663e-10
53 1.441747e-10
54 9.049652e-11
55 5.368547e-11
56 2.984674e-11
57 1.555478e-11
58 7.659515e-12
59 3.606374e-12
60 4.867276e-09
61 3.277105e-09
62 2.103817e-09
63 1.309524e-09
64 8.220400e-10
65 5.274198e-10
66 3.468997e-10
67 2.302569e-10
68 1.505284e-10
69 9.469121e-11
70 5.632797e-11
71 3.140137e-11
72 1.640157e-11
73 8.091069e-12
74 3.815203e-12
75 5.022342e-09
76 3.385652e-09
77 2.175940e-09
78 1.354098e-09
79 8.494198e-10
80 5.444721e-10
81 3.578667e-10
82 2.375631e-10
83 1.554813e-10
84 9.795044e-11
85 5.835599e-11
86 3.259080e-11
87 1.705487e-11
88 8.424991e-12
89 3.975759e-12
90 5.147827e-09
91 3.473911e-09
92 2.234359e-09
93 1.390577e-09
94 8.717292e-10
95 5.582859e-10
96 3.668050e-10
97 2.435121e-10
98 1.594905e-10
99 1.005827e-10
100 6.001799e-11
101 3.356595e-11
102 1.758637e-11
103 8.696158e-12
104 4.106839e-12
105 5.258289e-09
106 3.551008e-09
107 2.285942e-09
108 1.422464e-09
109 8.912182e-10
110 5.704237e-10
111 3.746053e-10
112 2.487133e-10
113 1.629201e-10
114 1.028466e-10
115 6.143382e-11
116 3.441142e-11
117 1.805209e-11
118 8.933941e-12
119 4.218365e-12
120 5.363017e-09
121 3.624873e-09
122 2.334845e-09
123 1.452675e-09
124 9.097471e-10
125 5.819120e-10
126 3.819779e-10
127 2.536521e-10
128 1.662983e-10
129 1.050693e-10
130 6.283925e-11
131 3.522271e-11
132 1.849257e-11
133 9.158964e-12
134 4.330390e-12
135 5.482500e-09
136 3.708297e-09
137 2.390813e-09
138 1.487407e-09
139 9.309974e-10
140 5.951830e-10
141 3.905457e-10
142 2.592797e-10
143 1.701254e-10
144 1.076090e-10
145 6.442415e-11
146 3.615457e-11
147 1.900228e-11
148 9.417387e-12
149 4.454999e-12
150 7.901601e-09
151 5.440577e-09
152 3.573861e-09
153 2.232745e-09
154 1.384495e-09
155 8.728278e-10
156 5.659929e-10
157 3.745376e-10
158 2.476246e-10
159 1.594188e-10
160 9.778118e-11
161 5.636162e-11
162 3.038365e-11
163 1.538122e-11
164 7.390697e-12
165 9.987842e-09
166 6.964456e-09
167 4.641020e-09
168 2.929879e-09
169 1.807564e-09
170 1.130236e-09
171 7.249696e-10
172 4.766178e-10
173 3.155683e-10
174 2.050422e-10
175 1.277321e-10
176 7.505448e-11
177 4.127651e-11
178 2.127611e-11
179 1.036813e-11
180 1.122849e-08
181 7.875843e-09
182 5.280276e-09
183 3.351417e-09
184 2.064443e-09
185 1.286680e-09
186 8.209650e-10
187 5.379795e-10
188 3.562026e-10
189 2.323336e-10
190 1.456890e-10
191 8.630781e-11
192 4.788274e-11
193 2.488060e-11
194 1.220446e-11
195 1.202602e-08
196 8.462763e-09
197 5.692342e-09
198 3.623138e-09
199 2.230336e-09
200 1.387418e-09
201 8.827997e-10
202 5.775768e-10
203 3.824191e-10
204 2.499141e-10
205 1.572543e-10
206 9.357009e-11
207 5.215042e-11
208 2.721009e-11
209 1.339153e-11
210 1.264074e-08
211 8.914973e-09
212 6.010419e-09
213 3.832095e-09
214 2.358206e-09
215 1.465156e-09
216 9.305656e-10
217 6.080329e-10
218 4.025689e-10
219 2.634306e-10
220 1.661398e-10
221 9.915691e-11
222 5.543213e-11
223 2.900065e-11
224 1.430565e-11
225 1.314066e-08
226 9.281798e-09
227 6.267462e-09
228 4.002455e-09
229 2.461629e-09
230 1.528150e-09
231 9.691793e-10
232 6.327615e-10
233 4.189475e-10
234 2.744054e-10
235 1.733666e-10
236 1.036733e-10
237 5.808287e-11
238 3.045057e-11
239 1.504402e-11
240 1.357392e-08
241 9.600611e-09
242 6.491923e-09
243 4.150481e-09
244 2.552303e-09
245 1.583224e-09
246 1.002861e-09
247 6.541965e-10
248 4.332371e-10
249 2.839862e-10
250 1.796695e-10
251 1.076258e-10
252 6.040946e-11
253 3.172051e-11
254 1.568630e-11
255 1.398785e-08
256 9.904984e-09
257 6.706072e-09
258 4.292018e-09
259 2.638186e-09
260 1.635414e-09
261 1.034972e-09
262 6.746847e-10
263 4.468248e-10
264 2.930982e-10
265 1.856653e-10
266 1.113946e-10
267 6.262026e-11
268 3.292384e-11
269 1.630354e-11
270 1.446839e-08
271 1.025820e-08
272 6.953888e-09
273 4.455000e-09
274 2.737537e-09
275 1.696307e-09
276 1.072492e-09
277 6.986175e-10
278 4.625645e-10
279 3.036634e-10
280 1.926323e-10
281 1.157667e-10
282 6.518083e-11
283 3.432403e-11
284 1.701709e-11
285 1.364570e-08
286 9.708784e-09
287 6.594251e-09
288 4.255203e-09
289 2.622605e-09
290 1.624250e-09
291 1.024056e-09
292 6.642853e-10
293 4.382105e-10
294 2.872056e-10
295 1.823581e-10
296 1.099947e-10
297 6.230148e-11
298 3.303818e-11
299 1.648811e-11
300 1.610249e-08
301 1.159041e-08
302 7.945291e-09
303 5.186581e-09
304 3.209188e-09
305 1.977489e-09
306 1.236923e-09
307 7.960510e-10
308 5.231504e-10
309 3.436629e-10
310 2.199516e-10
311 1.342933e-10
312 7.717470e-11
313 4.153500e-11
314 2.100173e-11
315 1.771539e-08
316 1.283322e-08
317 8.839959e-09
318 5.805661e-09
319 3.601874e-09
320 2.213409e-09
321 1.379320e-09
322 8.839490e-10
323 5.795972e-10
324 3.810754e-10
325 2.448455e-10
326 1.504082e-10
327 8.706927e-11
328 4.720985e-11
329 2.402996e-11
330 1.896345e-08
331 1.379465e-08
332 9.529881e-09
333 6.281556e-09
334 3.904838e-09
335 2.395612e-09
336 1.489163e-09
337 9.518012e-10
338 6.232804e-10
339 4.099740e-10
340 2.640582e-10
341 1.628438e-10
342 9.470714e-11
343 5.159297e-11
344 2.636951e-11
345 1.997440e-08
346 1.457346e-08
347 1.009176e-08
348 6.670520e-09
349 4.150614e-09
350 2.543468e-09
351 1.578215e-09
352 1.006796e-09
353 6.585284e-10
354 4.333559e-10
355 2.796405e-10
356 1.729297e-10
357 1.008978e-10
358 5.514621e-11
359 2.826630e-11
360 2.085698e-08
361 1.525376e-08
362 1.058175e-08
363 7.007808e-09
364 4.364729e-09
365 2.672498e-09
366 1.655873e-09
367 1.054740e-09
368 6.893295e-10
369 4.537917e-10
370 2.932243e-10
371 1.817224e-10
372 1.062969e-10
373 5.824149e-11
374 2.991810e-11
375 2.169158e-08
376 1.589667e-08
377 1.104401e-08
378 7.328014e-09
379 4.567329e-09
380 2.794518e-09
381 1.729481e-09
382 1.100144e-09
383 7.185081e-10
384 4.731346e-10
385 3.061069e-10
386 1.900578e-10
387 1.114132e-10
388 6.117594e-11
389 3.148428e-11
390 2.266761e-08
391 1.664945e-08
392 1.158528e-08
393 7.702152e-09
394 4.804958e-09
395 2.937926e-09
396 1.815910e-09
397 1.153510e-09
398 7.526712e-10
399 4.958177e-10
400 3.211975e-10
401 1.998284e-10
402 1.174137e-10
403 6.461306e-11
404 3.331933e-11
405 1.981421e-08
406 1.453088e-08
407 1.008897e-08
408 6.692233e-09
409 4.190494e-09
410 2.565899e-09
411 1.590768e-09
412 1.010965e-09
413 6.587914e-10
414 4.326381e-10
415 2.791927e-10
416 1.730694e-10
417 1.014356e-10
418 5.577386e-11
419 2.877604e-11
420 2.242736e-08
421 1.663630e-08
422 1.163981e-08
423 7.783621e-09
424 4.915659e-09
425 3.002128e-09
426 1.853416e-09
427 1.169262e-09
428 7.576776e-10
429 4.969194e-10
430 3.218219e-10
431 2.010325e-10
432 1.190627e-10
433 6.623762e-11
434 3.456742e-11
435 2.446202e-08
436 1.828475e-08
437 1.285398e-08
438 8.641720e-09
439 5.486029e-09
440 3.346242e-09
441 2.060932e-09
442 1.294010e-09
443 8.356245e-10
444 5.474447e-10
445 3.552936e-10
446 2.229868e-10
447 1.329164e-10
448 7.447892e-11
449 3.914083e-11
450 2.612372e-08
451 1.962298e-08
452 1.384304e-08
453 9.339529e-09
454 5.949383e-09
455 3.626588e-09
456 2.229235e-09
457 1.395418e-09
458 8.986943e-10
459 5.884547e-10
460 3.824601e-10
461 2.408052e-10
462 1.441602e-10
463 8.116696e-11
464 4.285300e-11
465 2.756680e-08
466 2.079171e-08
467 1.470599e-08
468 9.945875e-09
469 6.353411e-09
470 3.870901e-09
471 2.376049e-09
472 1.483746e-09
473 9.538974e-10
474 6.242346e-10
475 4.061538e-10
476 2.563441e-10
477 1.539666e-10
478 8.700168e-11
479 4.609121e-11
480 2.893245e-08
481 2.189265e-08
482 1.552066e-08
483 1.052006e-08
484 6.736210e-09
485 4.101673e-09
486 2.514905e-09
487 1.567215e-09
488 1.006003e-09
489 6.580548e-10
490 4.285817e-10
491 2.710546e-10
492 1.632468e-10
493 9.251661e-11
494 4.915128e-11
495 3.053212e-08
496 2.318504e-08
497 1.647480e-08
498 1.119325e-08
499 7.183568e-09
500 4.371970e-09
501 2.677484e-09
502 1.665168e-09
503 1.067051e-09
504 6.976570e-10
505 4.548061e-10
506 2.882377e-10
507 1.741016e-10
508 9.897848e-11
509 5.273780e-11
510 2.601168e-08
511 1.961684e-08
512 1.387928e-08
513 9.375686e-09
514 5.999420e-09
515 3.664330e-09
516 2.251107e-09
517 1.405839e-09
518 9.029622e-10
519 5.898711e-10
520 3.830316e-10
521 2.413394e-10
522 1.448151e-10
523 8.183657e-11
524 4.340441e-11
525 2.892736e-08
526 2.206883e-08
527 1.573894e-08
528 1.070333e-08
529 6.908545e-09
530 4.226765e-09
531 2.587870e-09
532 1.605581e-09
533 1.025121e-09
534 6.674251e-10
535 4.338393e-10
536 2.747555e-10
537 1.662249e-10
538 9.488639e-11
539 5.086139e-11
540 3.130943e-08
541 2.407478e-08
542 1.726232e-08
543 1.179344e-08
544 7.654427e-09
545 4.690406e-09
546 2.864358e-09
547 1.769950e-09
548 1.125202e-09
549 7.310324e-10
550 4.754693e-10
551 3.021249e-10
552 1.837647e-10
553 1.055855e-10
554 5.698338e-11
555 3.338474e-08
556 2.582341e-08
557 1.859244e-08
558 1.274211e-08
559 8.304843e-09
560 5.093507e-09
561 3.105587e-09
562 1.913320e-09
563 1.212677e-09
564 7.864858e-10
565 5.117555e-10
566 3.259810e-10
567 1.990533e-10
568 1.149113e-10
569 6.231936e-11
570 3.535298e-08
571 2.748231e-08
572 1.985421e-08
573 1.364334e-08
574 8.922935e-09
575 5.476925e-09
576 3.334745e-09
577 2.049302e-09
578 1.295674e-09
579 8.391432e-10
580 5.462260e-10
581 3.486404e-10
582 2.135736e-10
583 1.237694e-10
584 6.738830e-11
585 3.765950e-08
586 2.942109e-08
587 2.132818e-08
588 1.469569e-08
589 9.642445e-09
590 5.923735e-09
591 3.601818e-09
592 2.207802e-09
593 1.392374e-09
594 9.004804e-10
595 5.863730e-10
596 3.750401e-10
597 2.304937e-10
598 1.340901e-10
599 7.329349e-11
600 3.278047e-08
601 2.541029e-08
602 1.833690e-08
603 1.257741e-08
604 8.211743e-09
605 5.055867e-09
606 3.080438e-09
607 1.896988e-09
608 1.200291e-09
609 7.768295e-10
610 5.046506e-10
611 3.212327e-10
612 1.962427e-10
613 1.134747e-10
614 6.170649e-11
615 3.602206e-08
616 2.824386e-08
617 2.055755e-08
618 1.418773e-08
619 9.333795e-09
620 5.777742e-09
621 3.508553e-09
622 2.150999e-09
623 1.352238e-09
624 8.711238e-10
625 5.653537e-10
626 3.609633e-10
627 2.219120e-10
628 1.294224e-10
629 7.106419e-11
630 3.885923e-08
631 3.072729e-08
632 2.250835e-08
633 1.560001e-08
634 1.031951e-08
635 6.412268e-09
636 3.885364e-09
637 2.374518e-09
638 1.486063e-09
639 9.539598e-10
640 6.186363e-10
641 3.958210e-10
642 2.444326e-10
643 1.434190e-10
644 7.928261e-11
645 4.154717e-08
646 3.308062e-08
647 2.435652e-08
648 1.694094e-08
649 1.125413e-08
650 7.014096e-09
651 4.242371e-09
652 2.586652e-09
653 1.612805e-09
654 1.032493e-09
655 6.691609e-10
656 4.288734e-10
657 2.657851e-10
658 1.566894e-10
659 8.707359e-11
660 4.469581e-08
661 3.582991e-08
662 2.651599e-08
663 1.850543e-08
664 1.234412e-08
665 7.716380e-09
666 4.659356e-09
667 2.833819e-09
668 1.760661e-09
669 1.124130e-09
670 7.280912e-10
671 4.674314e-10
672 2.906983e-10
673 1.721723e-10
674 9.616465e-11
675 4.019184e-08
676 3.199783e-08
677 2.358252e-08
678 1.640999e-08
679 1.089877e-08
680 6.812877e-09
681 4.123928e-09
682 2.516804e-09
683 1.567981e-09
684 1.002405e-09
685 6.485418e-10
686 4.149846e-10
687 2.569100e-10
688 1.514206e-10
689 8.421236e-11
690 4.393483e-08
691 3.538229e-08
692 2.633404e-08
693 1.843927e-08
694 1.233019e-08
695 7.765050e-09
696 4.693277e-09
697 2.855307e-09
698 1.767068e-09
699 1.122937e-09
700 7.245123e-10
701 4.641772e-10
702 2.887446e-10
703 1.714580e-10
704 9.622063e-11
705 4.747997e-08
706 3.860108e-08
707 2.894503e-08
708 2.037204e-08
709 1.369253e-08
710 8.671932e-09
711 5.235736e-09
712 3.177487e-09
713 1.956609e-09
714 1.237647e-09
715 7.968171e-10
716 5.109581e-10
717 3.190106e-10
718 1.905092e-10
719 1.076453e-10
720 5.162991e-08
721 4.236177e-08
722 3.198906e-08
723 2.262433e-08
724 1.527978e-08
725 9.729309e-09
726 5.868367e-09
727 3.553568e-09
728 2.177503e-09
729 1.371468e-09
730 8.810634e-10
731 5.654781e-10
732 3.542885e-10
733 2.127135e-10
734 1.209612e-10
735 4.869512e-08
736 3.982249e-08
737 3.003916e-08
738 2.123427e-08
739 1.431728e-08
740 9.118200e-09
741 5.516727e-09
742 3.343497e-09
743 2.050944e-09
744 1.292002e-09
745 8.290499e-10
746 5.309737e-10
747 3.318503e-10
748 1.987866e-10
749 1.128563e-10
750 5.331304e-08
751 4.414885e-08
752 3.368059e-08
753 2.399105e-08
754 1.628103e-08
755 1.045881e-08
756 6.339311e-09
757 3.829738e-09
758 2.333798e-09
759 1.459963e-09
760 9.324033e-10
761 5.967227e-10
762 3.741743e-10
763 2.256159e-10
764 1.292205e-10
765 5.871226e-08
766 4.920881e-08
767 3.792446e-08
768 2.720874e-08
769 1.857510e-08
770 1.202601e-08
771 7.301914e-09
772 4.398966e-09
773 2.664408e-09
774 1.656318e-09
775 1.053138e-09
776 6.735212e-10
777 4.236082e-10
778 2.569493e-10
779 1.483342e-10
780 5.925920e-08
781 4.988504e-08
782 3.866117e-08
783 2.786532e-08
784 1.907317e-08
785 1.239785e-08
786 7.567476e-09
787 4.550758e-09
788 2.752056e-09
789 1.704272e-09
790 1.079370e-09
791 6.883992e-10
792 4.326115e-10
793 2.627208e-10
794 1.521218e-10
795 6.635290e-08
796 5.675773e-08
797 4.465825e-08
798 3.256130e-08
799 2.247044e-08
800 1.476097e-08
801 9.077541e-09
802 5.437159e-09
803 3.267491e-09
804 2.004021e-09
805 1.258747e-09
806 7.996939e-10
807 5.032649e-10
808 3.074980e-10
809 1.797738e-10
810 7.615921e-08
811 6.660625e-08
812 5.364640e-08
813 3.989295e-08
814 2.789742e-08
815 1.859052e-08
816 1.162962e-08
817 6.948452e-09
818 4.151486e-09
819 2.507965e-09
820 1.550990e-09
821 9.750664e-10
822 6.118790e-10
823 3.756553e-10
824 2.220919e-10
825 5.056928e-07
826 3.693627e-07
827 2.736900e-07
828 1.703754e-07
829 1.037889e-07
830 6.148647e-08
831 3.754364e-08
832 2.408520e-08
833 1.625851e-08
834 0.000000e+00
835 0.000000e+00
836 0.000000e+00
837 0.000000e+00
838 0.000000e+00
839 0.000000e+00
840 7.609702e-07
841 5.559568e-07
842 4.123983e-07
843 2.596349e-07
844 1.577822e-07
845 9.335696e-08
846 5.689720e-08
847 3.636680e-08
848 2.448245e-08
849 0.000000e+00
850 0.000000e+00
851 0.000000e+00
852 0.000000e+00
853 0.000000e+00
854 0.000000e+00
855 9.061567e-07
856 6.621025e-07
857 4.912939e-07
858 3.104952e-07
859 1.885230e-07
860 1.115040e-07
861 6.791583e-08
862 4.335565e-08
863 2.916071e-08
864 0.000000e+00
865 0.000000e+00
866 0.000000e+00
867 0.000000e+00
868 0.000000e+00
869 0.000000e+00
870 9.993278e-07
871 7.302182e-07
872 5.419243e-07
873 3.431341e-07
874 2.082519e-07
875 1.231503e-07
876 7.498702e-08
877 4.784112e-08
878 3.216291e-08
879 0.000000e+00
880 0.000000e+00
881 0.000000e+00
882 0.000000e+00
883 0.000000e+00
884 0.000000e+00
885 1.071193e-06
886 7.827614e-07
887 5.809742e-07
888 3.683088e-07
889 2.234694e-07
890 1.321335e-07
891 8.044121e-08
892 5.130076e-08
893 3.447879e-08
894 0.000000e+00
895 0.000000e+00
896 0.000000e+00
897 0.000000e+00
898 0.000000e+00
899 0.000000e+00
900 1.129439e-06
901 8.253442e-07
902 6.126261e-07
903 3.887123e-07
904 2.358020e-07
905 1.394142e-07
906 8.486152e-08
907 5.410480e-08
908 3.635564e-08
909 0.000000e+00
910 0.000000e+00
911 0.000000e+00
912 0.000000e+00
913 0.000000e+00
914 0.000000e+00
915 1.180268e-06
916 8.625041e-07
917 6.402459e-07
918 4.065191e-07
919 2.465652e-07
920 1.457672e-07
921 8.871918e-08
922 5.655163e-08
923 3.799350e-08
924 0.000000e+00
925 0.000000e+00
926 0.000000e+00
927 0.000000e+00
928 0.000000e+00
929 0.000000e+00
930 1.228460e-06
931 8.977376e-07
932 6.664337e-07
933 4.234011e-07
934 2.567693e-07
935 1.517905e-07
936 9.237652e-08
937 5.887147e-08
938 3.954628e-08
939 0.000000e+00
940 0.000000e+00
941 0.000000e+00
942 0.000000e+00
943 0.000000e+00
944 0.000000e+00
945 1.284683e-06
946 9.388454e-07
947 6.969857e-07
948 4.430983e-07
949 2.686743e-07
950 1.588185e-07
951 9.664394e-08
952 6.157795e-08
953 4.135810e-08
954 0.000000e+00
955 0.000000e+00
956 0.000000e+00
957 0.000000e+00
958 0.000000e+00
959 0.000000e+00
960 3.377919e-07
961 2.690510e-07
962 1.951729e-07
963 1.463630e-07
964 9.057150e-08
965 5.543776e-08
966 3.222280e-08
967 1.926733e-08
968 1.207398e-08
969 7.993553e-09
970 0.000000e+00
971 0.000000e+00
972 0.000000e+00
973 0.000000e+00
974 0.000000e+00
975 5.236763e-07
976 4.199592e-07
977 3.049307e-07
978 2.284593e-07
979 1.432055e-07
980 8.731174e-08
981 5.071290e-08
982 3.028270e-08
983 1.890835e-08
984 1.248178e-08
985 0.000000e+00
986 0.000000e+00
987 0.000000e+00
988 0.000000e+00
989 0.000000e+00
990 6.448120e-07
991 5.183992e-07
992 3.765467e-07
993 2.820115e-07
994 1.775998e-07
995 1.081223e-07
996 6.278598e-08
997 3.747520e-08
998 2.336911e-08
999 1.541004e-08
1000 0.000000e+00
1001 0.000000e+00
1002 0.000000e+00
1003 0.000000e+00
1004 0.000000e+00
1005 7.382357e-07
1006 5.943126e-07
1007 4.317715e-07
1008 3.233096e-07
1009 2.041234e-07
1010 1.241698e-07
1011 7.209649e-08
1012 4.302199e-08
1013 2.680897e-08
1014 1.766814e-08
1015 0.000000e+00
1016 0.000000e+00
1017 0.000000e+00
1018 0.000000e+00
1019 0.000000e+00
1020 8.139596e-07
1021 6.558390e-07
1022 4.765327e-07
1023 3.567807e-07
1024 2.256220e-07
1025 1.371778e-07
1026 7.964314e-08
1027 4.751755e-08
1028 2.959718e-08
1029 1.949827e-08
1030 0.000000e+00
1031 0.000000e+00
1032 0.000000e+00
1033 0.000000e+00
1034 0.000000e+00
1035 8.800254e-07
1036 7.095243e-07
1037 5.155916e-07
1038 3.859857e-07
1039 2.443794e-07
1040 1.485270e-07
1041 8.622743e-08
1042 5.144028e-08
1043 3.202995e-08
1044 2.109535e-08
1045 0.000000e+00
1046 0.000000e+00
1047 0.000000e+00
1048 0.000000e+00
1049 0.000000e+00
1050 9.426736e-07
1051 7.604327e-07
1052 5.526249e-07
1053 4.136780e-07
1054 2.621647e-07
1055 1.592896e-07
1056 9.247120e-08
1057 5.515972e-08
1058 3.433673e-08
1059 2.260959e-08
1060 0.000000e+00
1061 0.000000e+00
1062 0.000000e+00
1063 0.000000e+00
1064 0.000000e+00
1065 1.015768e-06
1066 8.198310e-07
1067 5.958365e-07
1068 4.459927e-07
1069 2.829175e-07
1070 1.718473e-07
1071 9.975607e-08
1072 5.949995e-08
1073 3.702828e-08
1074 2.437647e-08
1075 0.000000e+00
1076 0.000000e+00
1077 0.000000e+00
1078 0.000000e+00
1079 0.000000e+00
1080 2.022932e-07
1081 1.840248e-07
1082 1.418118e-07
1083 1.025479e-07
1084 7.685028e-08
1085 4.443802e-08
1086 2.723995e-08
1087 1.570361e-08
1088 9.284156e-09
1089 5.775267e-09
1090 0.000000e+00
1091 0.000000e+00
1092 0.000000e+00
1093 0.000000e+00
1094 0.000000e+00
1095 3.303443e-07
1096 3.017679e-07
1097 2.334445e-07
1098 1.687104e-07
1099 1.266081e-07
1100 7.359613e-08
1101 4.522547e-08
1102 2.601369e-08
1103 1.532805e-08
1104 9.514274e-09
1105 0.000000e+00
1106 0.000000e+00
1107 0.000000e+00
1108 0.000000e+00
1109 0.000000e+00
1110 4.306281e-07
1111 3.940344e-07
1112 3.052904e-07
1113 2.205837e-07
1114 1.656231e-07
1115 9.648070e-08
1116 5.934316e-08
1117 3.410488e-08
1118 2.006901e-08
1119 1.244631e-08
1120 0.000000e+00
1121 0.000000e+00
1122 0.000000e+00
1123 0.000000e+00
1124 0.000000e+00
1125 5.118675e-07
1126 4.687719e-07
1127 3.634880e-07
1128 2.626035e-07
1129 1.972257e-07
1130 1.150174e-07
1131 7.077884e-08
1132 4.065897e-08
1133 2.390921e-08
1134 1.482137e-08
1135 0.000000e+00
1136 0.000000e+00
1137 0.000000e+00
1138 0.000000e+00
1139 0.000000e+00
1140 5.827486e-07
1141 5.339873e-07
1142 4.142683e-07
1143 2.992682e-07
1144 2.248018e-07
1145 1.311919e-07
1146 8.075741e-08
1147 4.637790e-08
1148 2.726008e-08
1149 1.689370e-08
1150 0.000000e+00
1151 0.000000e+00
1152 0.000000e+00
1153 0.000000e+00
1154 0.000000e+00
1155 6.499630e-07
1156 5.958254e-07
1157 4.624212e-07
1158 3.340351e-07
1159 2.509506e-07
1160 1.465295e-07
1161 9.021925e-08
1162 5.180077e-08
1163 3.043750e-08
1164 1.885873e-08
1165 0.000000e+00
1166 0.000000e+00
1167 0.000000e+00
1168 0.000000e+00
1169 0.000000e+00
1170 7.283846e-07
1171 6.679733e-07
1172 5.186008e-07
1173 3.745984e-07
1174 2.814577e-07
1175 1.644239e-07
1176 1.012585e-07
1177 5.812754e-08
1178 3.414473e-08
1179 2.115149e-08
1180 0.000000e+00
1181 0.000000e+00
1182 0.000000e+00
1183 0.000000e+00
1184 0.000000e+00
1185 1.320624e-07
1186 1.303624e-07
1187 1.096319e-07
1188 8.008792e-08
1189 5.949451e-08
1190 4.044213e-08
1191 2.386282e-08
1192 1.359641e-08
1193 7.860230e-09
1194 4.644651e-09
1195 2.909293e-09
1196 0.000000e+00
1197 0.000000e+00
1198 0.000000e+00
1199 0.000000e+00
1200 2.310308e-07
1201 2.286981e-07
1202 1.930431e-07
1203 1.412640e-07
1204 1.047698e-07
1205 7.171483e-08
1206 4.210836e-08
1207 2.402531e-08
1208 1.390795e-08
1209 8.203646e-09
1210 5.128102e-09
1211 0.000000e+00
1212 0.000000e+00
1213 0.000000e+00
1214 0.000000e+00
1215 3.123231e-07
1216 3.095005e-07
1217 2.616147e-07
1218 1.915693e-07
1219 1.419926e-07
1220 9.744471e-08
1221 5.711210e-08
1222 3.260331e-08
1223 1.888242e-08
1224 1.113064e-08
1225 6.952518e-09
1226 0.000000e+00
1227 0.000000e+00
1228 0.000000e+00
1229 0.000000e+00
1230 3.831935e-07
1231 3.799432e-07
1232 3.213903e-07
1233 2.354215e-07
1234 1.744400e-07
1235 1.198757e-07
1236 7.019122e-08
1237 4.008120e-08
1238 2.321897e-08
1239 1.368230e-08
1240 8.542871e-09
1241 0.000000e+00
1242 0.000000e+00
1243 0.000000e+00
1244 0.000000e+00
1245 4.503977e-07
1246 4.467362e-07
1247 3.780737e-07
1248 2.770046e-07
1249 2.052095e-07
1250 1.411454e-07
1251 8.259382e-08
1252 4.717229e-08
1253 2.733118e-08
1254 1.610194e-08
1255 1.005098e-08
1256 0.000000e+00
1257 0.000000e+00
1258 0.000000e+00
1259 0.000000e+00
1260 5.288015e-07
1261 5.246659e-07
1262 4.442070e-07
1263 3.255223e-07
1264 2.411084e-07
1265 1.659601e-07
1266 9.706421e-08
1267 5.544503e-08
1268 3.212871e-08
1269 1.892488e-08
1270 1.181051e-08
1271 0.000000e+00
1272 0.000000e+00
1273 0.000000e+00
1274 0.000000e+00
1275 9.494850e-08
1276 9.886628e-08
1277 8.947267e-08
1278 6.845261e-08
1279 4.948020e-08
1280 3.706432e-08
1281 2.094345e-08
1282 1.264883e-08
1283 7.146805e-09
1284 4.127725e-09
1285 2.471083e-09
1286 0.000000e+00
1287 0.000000e+00
1288 0.000000e+00
1289 0.000000e+00
1290 1.734410e-07
1291 1.809731e-07
1292 1.642840e-07
1293 1.260296e-07
1294 9.104137e-08
1295 6.830246e-08
1296 3.870470e-08
1297 2.345173e-08
1298 1.322110e-08
1299 7.617688e-09
1300 4.551445e-09
1301 0.000000e+00
1302 0.000000e+00
1303 0.000000e+00
1304 0.000000e+00
1305 2.424635e-07
1306 2.531894e-07
1307 2.301014e-07
1308 1.766983e-07
1309 1.276148e-07
1310 9.579447e-08
1311 5.434250e-08
1312 3.296556e-08
1313 1.856968e-08
1314 1.068970e-08
1315 6.382328e-09
1316 0.000000e+00
1317 0.000000e+00
1318 0.000000e+00
1319 0.000000e+00
1320 3.078577e-07
1321 3.216065e-07
1322 2.924568e-07
1323 2.247029e-07
1324 1.622652e-07
1325 1.218404e-07
1326 6.915697e-08
1327 4.197839e-08
1328 2.363663e-08
1329 1.359998e-08
1330 8.116900e-09
1331 0.000000e+00
1332 0.000000e+00
1333 0.000000e+00
1334 0.000000e+00
1335 3.841561e-07
1336 4.014323e-07
1337 3.652105e-07
1338 2.807097e-07
1339 2.026908e-07
1340 1.522281e-07
1341 8.644124e-08
1342 5.249408e-08
1343 2.954836e-08
1344 1.699550e-08
1345 1.014064e-08
1346 0.000000e+00
1347 0.000000e+00
1348 0.000000e+00
1349 0.000000e+00
1350 7.260907e-08
1351 7.859423e-08
1352 7.536865e-08
1353 6.107933e-08
1354 4.406528e-08
1355 3.321880e-08
1356 2.075258e-08
1357 1.272325e-08
1358 7.063584e-09
1359 3.889600e-09
1360 2.247977e-09
1361 1.367059e-09
1362 0.000000e+00
1363 0.000000e+00
1364 0.000000e+00
1365 1.384476e-07
1366 1.501048e-07
1367 1.443042e-07
1368 1.172901e-07
1369 8.467270e-08
1370 6.377012e-08
1371 4.010803e-08
1372 2.451823e-08
1373 1.361461e-08
1374 7.500647e-09
1375 4.325100e-09
1376 2.624493e-09
1377 0.000000e+00
1378 0.000000e+00
1379 0.000000e+00
1380 2.010031e-07
1381 2.180563e-07
1382 2.098198e-07
1383 1.707216e-07
1384 1.232755e-07
1385 9.281020e-08
1386 5.851418e-08
1387 3.573215e-08
1388 1.984300e-08
1389 1.093430e-08
1390 6.299816e-09
1391 3.819753e-09
1392 0.000000e+00
1393 0.000000e+00
1394 0.000000e+00
1395 2.739546e-07
1396 2.973002e-07
1397 2.862206e-07
1398 2.330303e-07
1399 1.682909e-07
1400 1.266749e-07
1401 7.997821e-08
1402 4.880901e-08
1403 2.710609e-08
1404 1.493828e-08
1405 8.602574e-09
1406 5.213599e-09
1407 0.000000e+00
1408 0.000000e+00
1409 0.000000e+00
1410 5.900914e-08
1411 6.585819e-08
1412 6.616131e-08
1413 5.683046e-08
1414 4.188953e-08
1415 3.085316e-08
1416 2.173563e-08
1417 1.240137e-08
1418 6.981729e-09
1419 3.950623e-09
1420 2.197497e-09
1421 1.281605e-09
1422 0.000000e+00
1423 0.000000e+00
1424 0.000000e+00
1425 1.179165e-07
1426 1.317883e-07
1427 1.326794e-07
1428 1.143053e-07
1429 8.439823e-08
1430 6.208365e-08
1431 4.394640e-08
1432 2.499099e-08
1433 1.410002e-08
1434 7.977357e-09
1435 4.434925e-09
1436 2.581358e-09
1437 0.000000e+00
1438 0.000000e+00
1439 0.000000e+00
1440 1.864659e-07
1441 2.085133e-07
1442 2.100928e-07
1443 1.811975e-07
1444 1.338744e-07
1445 9.843172e-08
1446 6.979941e-08
1447 3.964442e-08
1448 2.238585e-08
1449 1.266432e-08
1450 7.039246e-09
1451 4.094128e-09
1452 0.000000e+00
1453 0.000000e+00
1454 0.000000e+00
1455 5.136184e-08
1456 5.885902e-08
1457 6.152252e-08
1458 5.589895e-08
1459 4.286818e-08
1460 3.096183e-08
1461 2.325541e-08
1462 1.303773e-08
1463 7.798453e-09
1464 4.272613e-09
1465 2.355405e-09
1466 1.315175e-09
1467 0.000000e+00
1468 0.000000e+00
1469 0.000000e+00
1470 1.144184e-07
1471 1.312916e-07
1472 1.375004e-07
1473 1.252950e-07
1474 9.633716e-08
1475 6.954074e-08
1476 5.230451e-08
1477 2.941266e-08
1478 1.765429e-08
1479 9.654141e-09
1480 5.309452e-09
1481 2.958532e-09
1482 0.000000e+00
1483 0.000000e+00
1484 0.000000e+00
1485 5.362690e-08
1486 6.301435e-08
1487 6.832487e-08
1488 6.559453e-08
1489 5.318560e-08
1490 3.837647e-08
1491 2.895099e-08
1492 1.800133e-08
1493 1.095514e-08
1494 5.944927e-09
1495 3.131247e-09
1496 1.689387e-09
1497 9.407956e-10
1498 0.000000e+00
1499 0.000000e+00
1500 1.109684e-04
1501 8.086786e-05
1502 6.035546e-05
1503 3.805236e-05
1504 2.321989e-05
1505 1.369104e-05
1506 8.324421e-06
1507 5.304277e-06
1508 3.565556e-06
1509 0.000000e+00
1510 0.000000e+00
1511 0.000000e+00
1512 0.000000e+00
1513 0.000000e+00
1514 0.000000e+00
1515 5.757601e-05
1516 4.644359e-05
1517 3.369791e-05
1518 2.528332e-05
1519 1.597668e-05
1520 9.754545e-06
1521 5.648866e-06
1522 3.364481e-06
1523 2.093966e-06
1524 1.379138e-06
1525 0.000000e+00
1526 0.000000e+00
1527 0.000000e+00
1528 0.000000e+00
1529 0.000000e+00
1530 4.047788e-05
1531 3.713775e-05
1532 2.882267e-05
1533 2.080348e-05
1534 1.566222e-05
1535 9.111532e-06
1536 5.625604e-06
1537 3.225263e-06
1538 1.896511e-06
1539 1.174730e-06
1540 0.000000e+00
1541 0.000000e+00
1542 0.000000e+00
1543 0.000000e+00
1544 0.000000e+00
1545 2.912801e-05
1546 2.891312e-05
1547 2.448503e-05
1548 1.793535e-05
1549 1.328396e-05
1550 9.154542e-06
1551 5.351144e-06
1552 3.053081e-06
1553 1.771954e-06
1554 1.042590e-06
1555 6.506122e-07
1556 0.000000e+00
1557 0.000000e+00
1558 0.000000e+00
1559 0.000000e+00
1560 2.085098e-05
1561 2.179680e-05
1562 1.983793e-05
1563 1.524768e-05
1564 1.100576e-05
1565 8.274949e-06
1566 4.689296e-06
1567 2.850415e-06
1568 1.602925e-06
1569 9.233707e-07
1570 5.506294e-07
1571 0.000000e+00
1572 0.000000e+00
1573 0.000000e+00
1574 0.000000e+00
1575 1.487210e-05
1576 1.614453e-05
1577 1.554949e-05
1578 1.266314e-05
1579 9.143013e-06
1580 6.883420e-06
1581 4.347301e-06
1582 2.655947e-06
1583 1.474901e-06
1584 8.112783e-07
1585 4.673052e-07
1586 2.832009e-07
1587 0.000000e+00
1588 0.000000e+00
1589 0.000000e+00
1590 1.001028e-05
1591 1.119728e-05
1592 1.128693e-05
1593 9.739022e-06
1594 7.195644e-06
1595 5.289411e-06
1596 3.755371e-06
1597 2.130464e-06
1598 1.202339e-06
1599 6.811759e-07
1600 3.783133e-07
1601 2.200058e-07
1602 0.000000e+00
1603 0.000000e+00
1604 0.000000e+00
1605 6.201116e-06
1606 7.118100e-06
1607 7.458527e-06
1608 6.801106e-06
1609 5.231433e-06
1610 3.775220e-06
1611 2.841823e-06
1612 1.597077e-06
1613 9.596537e-07
1614 5.242846e-07
1615 2.885232e-07
1616 1.606418e-07
1617 0.000000e+00
1618 0.000000e+00
1619 0.000000e+00
1620 3.163407e-06
1621 3.720115e-06
1622 4.038202e-06
1623 3.883392e-06
1624 3.154630e-06
1625 2.276770e-06
1626 1.716871e-06
1627 1.071974e-06
1628 6.518364e-07
1629 3.538249e-07
1630 1.861971e-07
1631 1.003484e-07
1632 5.578990e-08
1633 0.000000e+00
1634 0.000000e+00
1635 8.891198e-07
1636 1.072208e-06
1637 1.206146e-06
1638 1.224576e-06
1639 1.066696e-06
1640 7.933436e-07
1641 5.815894e-07
1642 4.169104e-07
1643 2.343421e-07
1644 1.314261e-07
1645 7.164692e-08
1646 3.730540e-08
1647 1.958823e-08
1648 0.000000e+00
1649 0.000000e+00
