0 2.159453e-09
1 1.401343e-09
2 8.805739e-10
3 5.551978e-10
4 3.572867e-10
5 2.353281e-10
6 1.564991e-10
7 1.027257e-10
8 6.499541e-11
9 3.895414e-11
10 2.189632e-11
11 1.153885e-11
12 5.739378e-12
13 2.725784e-12
14 1.251414e-12
15 3.685379e-09
16 2.447566e-09
17 1.552973e-09
18 9.679455e-10
19 6.127536e-10
20 3.972965e-10
21 2.630971e-10
22 1.744767e-10
23 1.130296e-10
24 7.000020e-11
25 4.081144e-11
26 2.227442e-11
27 1.141211e-11
28 5.542047e-12
29 2.583316e-12
30 4.207621e-09
31 2.812587e-09
32 1.793655e-09
33 1.116257e-09
34 7.037753e-10
35 4.540621e-10
36 2.998342e-10
37 1.990453e-10
38 1.295751e-10
39 8.084883e-11
40 4.758920e-11
41 2.623263e-11
42 1.355992e-11
43 6.630431e-12
44 3.105755e-12
45 4.493793e-09
46 3.012685e-09
47 1.925727e-09
48 1.197665e-09
49 7.537143e-10
50 4.852242e-10
51 3.199858e-10
52 2.124979e-10
53 1.386522e-10
54 8.681915e-11
55 5.131923e-11
56 2.840748e-11
57 1.473790e-11
58 7.227703e-12
59 3.392974e-12
60 4.686909e-09
61 3.147384e-09
62 2.014648e-09
63 1.252507e-09
64 7.874077e-10
65 5.061943e-10
66 3.335757e-10
67 2.215971e-10
68 1.447458e-10
69 9.082465e-11
70 5.382308e-11
71 2.986726e-11
72 1.553207e-11
73 7.630521e-12
74 3.586462e-12
75 4.831111e-09
76 3.248409e-09
77 2.081107e-09
78 1.293519e-09
79 8.125380e-10
80 5.218548e-10
81 3.437375e-10
82 2.283690e-10
83 1.493239e-10
84 9.382582e-11
85 5.569939e-11
86 3.096414e-11
87 1.612704e-11
88 7.932812e-12
89 3.731013e-12
90 4.947197e-09
91 3.330403e-09
92 2.135088e-09
93 1.326874e-09
94 8.329759e-10
95 5.346105e-10
96 3.520102e-10
97 2.338445e-10
98 1.530154e-10
99 9.625988e-11
100 5.721743e-11
101 3.184747e-11
102 1.660971e-11
103 8.178048e-12
104 3.848683e-12
105 5.050163e-09
106 3.401579e-09
107 2.181960e-09
108 1.355743e-09
109 8.508389e-10
110 5.456836e-10
111 3.591575e-10
112 2.386875e-10
113 1.562792e-10
114 9.840365e-11
115 5.855341e-11
116 3.262749e-11
117 1.703398e-11
118 8.392312e-12
119 3.951743e-12
120 5.147082e-09
121 3.469729e-09
122 2.227385e-09
123 1.383325e-09
124 8.677817e-10
125 5.562930e-10
126 3.659908e-10
127 2.432215e-10
128 1.593204e-10
129 1.004046e-10
130 5.982227e-11
131 3.336914e-11
132 1.742928e-11
133 8.593354e-12
134 4.048404e-12
135 5.259078e-09
136 3.547431e-09
137 2.279051e-09
138 1.415623e-09
139 8.874499e-10
140 5.685832e-10
141 3.739023e-10
142 2.485396e-10
143 1.629374e-10
144 1.027970e-10
145 6.129621e-11
146 3.423114e-11
147 1.789806e-11
148 8.829035e-12
149 4.161628e-12
150 7.863691e-09
151 5.411182e-09
152 3.552082e-09
153 2.216851e-09
154 1.374946e-09
155 8.672135e-10
156 5.626830e-10
157 3.724799e-10
158 2.463161e-10
159 1.585329e-10
160 9.717967e-11
161 5.595915e-11
162 3.013192e-11
163 1.523808e-11
164 7.314300e-12
165 9.935172e-09
166 6.922599e-09
167 4.610059e-09
168 2.906272e-09
169 1.792812e-09
170 1.121508e-09
171 7.198015e-10
172 4.735812e-10
173 3.136745e-10
174 2.037835e-10
175 1.268728e-10
176 7.446908e-11
177 4.090106e-11
178 2.105258e-11
179 1.024673e-11
180 1.112299e-08
181 7.791733e-09
182 5.219490e-09
183 3.307137e-09
184 2.036583e-09
185 1.269737e-09
186 8.111140e-10
187 5.320168e-10
188 3.524298e-10
189 2.298429e-10
190 1.440036e-10
191 8.519147e-11
192 4.717651e-11
193 2.446426e-11
194 1.197739e-11
195 1.192111e-08
196 8.377261e-09
197 5.630232e-09
198 3.576824e-09
199 2.200350e-09
200 1.369498e-09
201 8.722649e-10
202 5.713075e-10
203 3.785245e-10
204 2.473428e-10
205 1.554958e-10
206 9.239155e-11
207 5.138966e-11
208 2.675449e-11
209 1.314040e-11
210 1.251841e-08
211 8.815628e-09
212 5.937290e-09
213 3.778698e-09
214 2.323171e-09
215 1.444023e-09
216 9.182345e-10
217 6.007096e-10
218 3.980429e-10
219 2.604616e-10
220 1.641371e-10
221 9.778937e-11
222 5.454808e-11
223 2.847233e-11
224 1.401216e-11
225 1.300480e-08
226 9.172257e-09
227 6.187044e-09
228 3.942929e-09
229 2.422884e-09
230 1.504817e-09
231 9.557101e-10
232 6.246774e-10
233 4.139137e-10
234 2.711104e-10
235 1.711338e-10
236 1.021685e-10
237 5.711115e-11
238 2.986555e-11
239 1.472024e-11
240 1.342760e-08
241 9.481245e-09
242 6.404566e-09
243 4.084983e-09
244 2.509649e-09
245 1.557524e-09
246 9.880258e-10
247 6.454012e-10
248 4.277552e-10
249 2.804065e-10
250 1.772451e-10
251 1.059983e-10
252 5.935081e-11
253 3.107848e-11
254 1.533479e-11
255 1.382767e-08
256 9.774910e-09
257 6.610314e-09
258 4.221981e-09
259 2.592677e-09
260 1.607603e-09
261 1.019072e-09
262 6.651268e-10
263 4.408322e-10
264 2.891665e-10
265 1.829965e-10
266 1.096018e-10
267 6.146322e-11
268 3.223056e-11
269 1.591932e-11
270 1.429609e-08
271 1.011783e-08
272 6.850524e-09
273 4.378717e-09
274 2.687839e-09
275 1.665956e-09
276 1.055041e-09
277 6.882382e-10
278 4.561493e-10
279 2.994708e-10
280 1.897786e-10
281 1.138397e-10
282 6.394257e-11
283 3.357836e-11
284 1.660212e-11
285 1.363943e-08
286 9.701225e-09
287 6.587861e-09
288 4.249666e-09
289 2.617765e-09
290 1.621727e-09
291 1.022485e-09
292 6.634571e-10
293 4.377683e-10
294 2.869520e-10
295 1.821903e-10
296 1.098712e-10
297 6.220937e-11
298 3.297486e-11
299 1.644867e-11
300 1.604162e-08
301 1.153756e-08
302 7.906851e-09
303 5.159396e-09
304 3.190589e-09
305 1.966520e-09
306 1.230147e-09
307 7.920949e-10
308 5.206799e-10
309 3.420968e-10
310 2.189131e-10
311 1.336046e-10
312 7.673052e-11
313 4.126296e-11
314 2.084644e-11
315 1.768179e-08
316 1.279956e-08
317 8.812288e-09
318 5.785545e-09
319 3.586085e-09
320 2.203881e-09
321 1.373546e-09
322 8.807248e-10
323 5.777456e-10
324 3.799733e-10
325 2.441283e-10
326 1.499144e-10
327 8.672819e-11
328 4.698499e-11
329 2.389219e-11
330 1.891288e-08
331 1.374398e-08
332 9.492192e-09
333 6.252888e-09
334 3.882459e-09
335 2.382357e-09
336 1.480891e-09
337 9.471882e-10
338 6.206052e-10
339 4.083730e-10
340 2.630387e-10
341 1.621485e-10
342 9.422817e-11
343 5.127777e-11
344 2.617741e-11
345 1.990969e-08
346 1.451128e-08
347 1.004193e-08
348 6.633725e-09
349 4.122455e-09
350 2.526867e-09
351 1.567933e-09
352 1.000993e-09
353 6.551576e-10
354 4.313342e-10
355 2.783363e-10
356 1.720446e-10
357 1.002943e-10
358 5.474960e-11
359 2.802629e-11
360 2.078036e-08
361 1.518084e-08
362 1.052289e-08
363 6.965301e-09
364 4.331782e-09
365 2.652962e-09
366 1.643991e-09
367 1.048013e-09
368 6.854334e-10
369 4.514218e-10
370 2.916926e-10
371 1.806846e-10
372 1.055916e-10
373 5.778196e-11
374 2.964001e-11
375 2.160306e-08
376 1.581208e-08
377 1.097713e-08
378 7.278590e-09
379 4.530089e-09
380 2.772421e-09
381 1.715799e-09
382 1.092442e-09
383 7.140519e-10
384 4.704204e-10
385 3.043516e-10
386 1.888664e-10
387 1.106065e-10
388 6.065203e-11
389 3.116670e-11
390 2.256592e-08
391 1.655237e-08
392 1.150833e-08
393 7.645323e-09
394 4.762083e-09
395 2.912488e-09
396 1.800198e-09
397 1.144567e-09
398 7.475112e-10
399 4.926387e-10
400 3.191597e-10
401 1.984342e-10
402 1.164719e-10
403 6.400942e-11
404 3.295410e-11
405 1.968570e-08
406 1.442556e-08
407 1.001050e-08
408 6.636743e-09
409 4.153857e-09
410 2.543316e-09
411 1.577102e-09
412 1.002791e-09
413 6.537285e-10
414 4.293473e-10
415 2.770198e-10
416 1.716449e-10
417 1.005326e-10
418 5.523506e-11
419 2.847311e-11
420 2.234626e-08
421 1.656534e-08
422 1.158473e-08
423 7.744028e-09
424 4.887733e-09
425 2.984226e-09
426 1.842745e-09
427 1.163071e-09
428 7.539492e-10
429 4.946142e-10
430 3.203238e-10
431 2.000421e-10
432 1.184183e-10
433 6.583694e-11
434 3.433293e-11
435 2.435184e-08
436 1.818204e-08
437 1.277269e-08
438 8.582885e-09
439 5.444392e-09
440 3.319569e-09
441 2.044714e-09
442 1.284649e-09
443 8.300425e-10
444 5.440502e-10
445 3.531096e-10
446 2.215459e-10
447 1.319723e-10
448 7.388374e-11
449 3.878764e-11
450 2.597701e-08
451 1.949282e-08
452 1.373951e-08
453 9.263414e-09
454 5.895324e-09
455 3.591749e-09
456 2.208356e-09
457 1.383196e-09
458 8.916235e-10
459 5.840697e-10
460 3.796580e-10
461 2.389594e-10
462 1.429482e-10
463 8.039826e-11
464 4.239210e-11
465 2.739696e-08
466 2.063698e-08
467 1.458147e-08
468 9.855657e-09
469 6.288421e-09
470 3.828780e-09
471 2.350863e-09
472 1.469248e-09
473 9.453528e-10
474 6.190077e-10
475 4.028117e-10
476 2.541448e-10
477 1.525204e-10
478 8.608331e-11
479 4.554065e-11
480 2.873974e-08
481 2.171718e-08
482 1.537829e-08
483 1.041637e-08
484 6.661991e-09
485 4.052907e-09
486 2.486097e-09
487 1.550609e-09
488 9.961786e-10
489 6.520604e-10
490 4.247687e-10
491 2.685445e-10
492 1.615960e-10
493 9.146255e-11
494 4.851736e-11
495 3.031165e-08
496 2.298261e-08
497 1.631013e-08
498 1.107363e-08
499 7.097236e-09
500 4.315660e-09
501 2.644161e-09
502 1.645805e-09
503 1.055704e-09
504 6.907290e-10
505 4.503840e-10
506 2.853255e-10
507 1.721851e-10
508 9.775727e-11
509 5.200247e-11
510 2.605547e-08
511 1.964973e-08
512 1.390435e-08
513 9.393165e-09
514 6.011303e-09
515 3.670506e-09
516 2.255004e-09
517 1.408217e-09
518 9.044442e-10
519 5.908813e-10
520 3.837105e-10
521 2.417880e-10
522 1.450978e-10
523 8.200379e-11
524 4.349528e-11
525 2.897173e-08
526 2.210335e-08
527 1.576143e-08
528 1.072017e-08
529 6.919665e-09
530 4.232534e-09
531 2.591155e-09
532 1.607635e-09
533 1.026426e-09
534 6.683641e-10
535 4.344935e-10
536 2.751951e-10
537 1.665013e-10
538 9.504639e-11
539 5.094605e-11
540 3.134450e-08
541 2.409975e-08
542 1.727635e-08
543 1.180263e-08
544 7.659602e-09
545 4.691636e-09
546 2.865421e-09
547 1.770534e-09
548 1.125857e-09
549 7.315028e-10
550 4.758518e-10
551 3.023969e-10
552 1.839316e-10
553 1.056729e-10
554 5.701985e-11
555 3.341345e-08
556 2.584120e-08
557 1.860113e-08
558 1.274563e-08
559 8.306065e-09
560 5.092117e-09
561 3.105081e-09
562 1.912551e-09
563 1.212635e-09
564 7.866228e-10
565 5.119429e-10
566 3.261320e-10
567 1.991420e-10
568 1.149472e-10
569 6.232238e-11
570 3.536942e-08
571 2.748670e-08
572 1.984942e-08
573 1.363627e-08
574 8.917904e-09
575 5.469978e-09
576 3.331070e-09
577 2.047111e-09
578 1.294625e-09
579 8.387003e-10
580 5.460689e-10
581 3.485783e-10
582 2.135241e-10
583 1.237136e-10
584 6.733201e-11
585 3.766930e-08
586 2.941647e-08
587 2.131332e-08
588 1.468386e-08
589 9.632992e-09
590 5.913526e-09
591 3.596365e-09
592 2.204325e-09
593 1.390630e-09
594 8.996681e-10
595 5.860025e-10
596 3.748455e-10
597 2.303583e-10
598 1.339772e-10
599 7.320010e-11
600 3.284534e-08
601 2.546993e-08
602 1.837779e-08
603 1.260809e-08
604 8.233622e-09
605 5.069679e-09
606 3.087992e-09
607 1.901570e-09
608 1.203170e-09
609 7.786377e-10
610 5.058386e-10
611 3.220189e-10
612 1.967489e-10
613 1.137851e-10
614 6.188534e-11
615 3.609223e-08
616 2.830413e-08
617 2.060383e-08
618 1.421984e-08
619 9.355503e-09
620 5.791551e-09
621 3.516267e-09
622 2.155521e-09
623 1.355097e-09
624 8.729309e-10
625 5.665576e-10
626 3.617671e-10
627 2.224323e-10
628 1.297422e-10
629 7.124695e-11
630 3.892480e-08
631 3.078197e-08
632 2.254866e-08
633 1.562670e-08
634 1.033715e-08
635 6.423112e-09
636 3.891306e-09
637 2.377982e-09
638 1.488161e-09
639 9.554005e-10
640 6.196518e-10
641 3.965149e-10
642 2.448854e-10
643 1.436949e-10
644 7.943623e-11
645 4.160619e-08
646 3.312694e-08
647 2.438706e-08
648 1.695929e-08
649 1.126773e-08
650 7.020765e-09
651 4.245959e-09
652 2.588569e-09
653 1.614144e-09
654 1.033497e-09
655 6.699226e-10
656 4.294215e-10
657 2.661480e-10
658 1.569058e-10
659 8.718792e-11
660 4.475043e-08
661 3.587779e-08
662 2.654120e-08
663 1.852005e-08
664 1.235379e-08
665 7.720148e-09
666 4.660767e-09
667 2.834458e-09
668 1.761318e-09
669 1.124778e-09
670 7.286530e-10
671 4.678636e-10
672 2.909895e-10
673 1.723423e-10
674 9.624809e-11
675 4.028310e-08
676 3.208001e-08
677 2.364723e-08
678 1.645828e-08
679 1.093159e-08
680 6.835078e-09
681 4.136439e-09
682 2.524376e-09
683 1.572548e-09
684 1.005174e-09
685 6.503142e-10
686 4.161657e-10
687 2.576771e-10
688 1.519018e-10
689 8.449198e-11
690 4.402459e-08
691 3.546976e-08
692 2.640152e-08
693 1.848862e-08
694 1.236404e-08
695 7.788208e-09
696 4.706405e-09
697 2.863262e-09
698 1.771753e-09
699 1.125806e-09
700 7.263472e-10
701 4.653819e-10
702 2.895295e-10
703 1.719524e-10
704 9.651460e-11
705 4.757183e-08
706 3.868246e-08
707 2.900835e-08
708 2.041567e-08
709 1.372400e-08
710 8.691930e-09
711 5.247158e-09
712 3.184609e-09
713 1.960642e-09
714 1.240275e-09
715 7.984706e-10
716 5.120676e-10
717 3.197426e-10
718 1.909699e-10
719 1.079174e-10
720 5.172390e-08
721 4.243796e-08
722 3.205608e-08
723 2.266776e-08
724 1.531022e-08
725 9.748598e-09
726 5.878405e-09
727 3.559891e-09
728 2.181230e-09
729 1.373818e-09
730 8.826370e-10
731 5.665531e-10
732 3.550059e-10
733 2.131672e-10
734 1.212277e-10
735 4.880977e-08
736 3.993220e-08
737 3.012839e-08
738 2.130082e-08
739 1.436441e-08
740 9.150871e-09
741 5.536025e-09
742 3.355252e-09
743 2.057706e-09
744 1.296105e-09
745 8.315529e-10
746 5.325799e-10
747 3.328881e-10
748 1.994448e-10
749 1.132559e-10
750 5.343499e-08
751 4.426329e-08
752 3.377606e-08
753 2.406335e-08
754 1.633253e-08
755 1.049351e-08
756 6.360147e-09
757 3.842510e-09
758 2.340989e-09
759 1.464349e-09
760 9.350757e-10
761 5.984384e-10
762 3.752873e-10
763 2.263234e-10
764 1.296522e-10
765 5.884411e-08
766 4.932936e-08
767 3.802560e-08
768 2.728551e-08
769 1.862801e-08
770 1.206212e-08
771 7.323125e-09
772 4.411706e-09
773 2.671684e-09
774 1.660686e-09
775 1.055861e-09
776 6.752866e-10
777 4.247629e-10
778 2.576887e-10
779 1.487867e-10
780 5.940378e-08
781 5.002525e-08
782 3.878235e-08
783 2.796025e-08
784 1.914143e-08
785 1.244494e-08
786 7.597249e-09
787 4.568540e-09
788 2.762199e-09
789 1.710218e-09
790 1.082965e-09
791 6.906400e-10
792 4.340418e-10
793 2.636281e-10
794 1.526815e-10
795 6.651557e-08
796 5.691649e-08
797 4.479782e-08
798 3.267016e-08
799 2.254952e-08
800 1.481646e-08
801 9.112901e-09
802 5.457750e-09
803 3.279292e-09
804 2.010955e-09
805 1.262895e-09
806 8.022688e-10
807 5.049034e-10
808 3.085407e-10
809 1.804210e-10
810 7.636150e-08
811 6.681028e-08
812 5.383309e-08
813 4.004591e-08
814 2.801096e-08
815 1.867077e-08
816 1.168329e-08
817 6.980355e-09
818 4.170162e-09
819 2.518594e-09
820 1.557136e-09
821 9.787392e-10
822 6.141455e-10
823 3.770742e-10
824 2.229723e-10
825 5.035926e-07
826 3.678189e-07
827 2.725461e-07
828 1.695857e-07
829 1.033225e-07
830 6.121143e-08
831 3.737772e-08
832 2.398186e-08
833 1.619040e-08
834 0.000000e+00
835 0.000000e+00
836 0.000000e+00
837 0.000000e+00
838 0.000000e+00
839 0.000000e+00
840 7.614818e-07
841 5.563309e-07
842 4.126763e-07
843 2.598142e-07
844 1.578906e-07
845 9.342092e-08
846 5.693604e-08
847 3.639143e-08
848 2.449893e-08
849 0.000000e+00
850 0.000000e+00
851 0.000000e+00
852 0.000000e+00
853 0.000000e+00
854 0.000000e+00
855 9.041235e-07
856 6.606164e-07
857 4.901891e-07
858 3.097830e-07
859 1.880925e-07
860 1.112500e-07
861 6.776152e-08
862 4.325777e-08
863 2.909520e-08
864 0.000000e+00
865 0.000000e+00
866 0.000000e+00
867 0.000000e+00
868 0.000000e+00
869 0.000000e+00
870 1.000010e-06
871 7.307172e-07
872 5.422952e-07
873 3.433731e-07
874 2.083964e-07
875 1.232356e-07
876 7.503881e-08
877 4.787397e-08
878 3.218490e-08
879 0.000000e+00
880 0.000000e+00
881 0.000000e+00
882 0.000000e+00
883 0.000000e+00
884 0.000000e+00
885 1.071872e-06
886 7.832573e-07
887 5.813428e-07
888 3.685464e-07
889 2.236131e-07
890 1.322182e-07
891 8.049269e-08
892 5.133341e-08
893 3.450064e-08
894 0.000000e+00
895 0.000000e+00
896 0.000000e+00
897 0.000000e+00
898 0.000000e+00
899 0.000000e+00
900 1.130100e-06
901 8.258278e-07
902 6.129855e-07
903 3.889440e-07
904 2.359420e-07
905 1.394968e-07
906 8.491173e-08
907 5.413664e-08
908 3.637696e-08
909 0.000000e+00
910 0.000000e+00
911 0.000000e+00
912 0.000000e+00
913 0.000000e+00
914 0.000000e+00
915 1.180896e-06
916 8.629632e-07
917 6.405871e-07
918 4.067391e-07
919 2.466982e-07
920 1.458457e-07
921 8.876684e-08
922 5.658186e-08
923 3.801374e-08
924 0.000000e+00
925 0.000000e+00
926 0.000000e+00
927 0.000000e+00
928 0.000000e+00
929 0.000000e+00
930 1.229049e-06
931 8.981685e-07
932 6.667539e-07
933 4.236075e-07
934 2.568941e-07
935 1.518642e-07
936 9.242125e-08
937 5.889985e-08
938 3.956527e-08
939 0.000000e+00
940 0.000000e+00
941 0.000000e+00
942 0.000000e+00
943 0.000000e+00
944 0.000000e+00
945 1.285253e-06
946 9.392626e-07
947 6.972958e-07
948 4.432982e-07
949 2.687956e-07
950 1.588899e-07
951 9.668725e-08
952 6.160542e-08
953 4.137649e-08
954 0.000000e+00
955 0.000000e+00
956 0.000000e+00
957 0.000000e+00
958 0.000000e+00
959 0.000000e+00
960 3.370078e-07
961 2.683602e-07
962 1.946623e-07
963 1.459879e-07
964 9.029445e-08
965 5.527981e-08
966 3.213107e-08
967 1.921277e-08
968 1.204136e-08
969 7.972811e-09
970 0.000000e+00
971 0.000000e+00
972 0.000000e+00
973 0.000000e+00
974 0.000000e+00
975 5.210303e-07
976 4.178097e-07
977 3.033675e-07
978 2.272902e-07
979 1.424546e-07
980 8.685746e-08
981 5.044926e-08
982 3.012566e-08
983 1.881097e-08
984 1.241788e-08
985 0.000000e+00
986 0.000000e+00
987 0.000000e+00
988 0.000000e+00
989 0.000000e+00
990 6.457008e-07
991 5.191210e-07
992 3.770718e-07
993 2.824043e-07
994 1.778520e-07
995 1.082749e-07
996 6.287451e-08
997 3.752794e-08
998 2.340182e-08
999 1.543151e-08
1000 0.000000e+00
1001 0.000000e+00
1002 0.000000e+00
1003 0.000000e+00
1004 0.000000e+00
1005 7.391171e-07
1006 5.950288e-07
1007 4.322919e-07
1008 3.236992e-07
1009 2.043736e-07
1010 1.243212e-07
1011 7.218444e-08
1012 4.307431e-08
1013 2.684140e-08
1014 1.768944e-08
1015 0.000000e+00
1016 0.000000e+00
1017 0.000000e+00
1018 0.000000e+00
1019 0.000000e+00
1020 8.148131e-07
1021 6.565328e-07
1022 4.770372e-07
1023 3.571579e-07
1024 2.258643e-07
1025 1.373244e-07
1026 7.972819e-08
1027 4.756822e-08
1028 2.962861e-08
1029 1.951890e-08
1030 0.000000e+00
1031 0.000000e+00
1032 0.000000e+00
1033 0.000000e+00
1034 0.000000e+00
1035 8.808441e-07
1036 7.101896e-07
1037 5.160755e-07
1038 3.863476e-07
1039 2.446118e-07
1040 1.486676e-07
1041 8.630901e-08
1042 5.148888e-08
1043 3.206009e-08
1044 2.111513e-08
1045 0.000000e+00
1046 0.000000e+00
1047 0.000000e+00
1048 0.000000e+00
1049 0.000000e+00
1050 9.434424e-07
1051 7.610575e-07
1052 5.530794e-07
1053 4.140179e-07
1054 2.623830e-07
1055 1.594217e-07
1056 9.254782e-08
1057 5.520536e-08
1058 3.436504e-08
1059 2.262818e-08
1060 0.000000e+00
1061 0.000000e+00
1062 0.000000e+00
1063 0.000000e+00
1064 0.000000e+00
1065 1.016509e-06
1066 8.204332e-07
1067 5.962746e-07
1068 4.463203e-07
1069 2.831280e-07
1070 1.719746e-07
1071 9.982993e-08
1072 5.954395e-08
1073 3.705557e-08
1074 2.439439e-08
1075 0.000000e+00
1076 0.000000e+00
1077 0.000000e+00
1078 0.000000e+00
1079 0.000000e+00
1080 1.983924e-07
1081 1.804127e-07
1082 1.389792e-07
1083 1.005043e-07
1084 7.531053e-08
1085 4.352558e-08
1086 2.667550e-08
1087 1.538106e-08
1088 9.096286e-09
1089 5.659482e-09
1090 0.000000e+00
1091 0.000000e+00
1092 0.000000e+00
1093 0.000000e+00
1094 0.000000e+00
1095 3.313084e-07
1096 3.026554e-07
1097 2.341357e-07
1098 1.692093e-07
1099 1.269834e-07
1100 7.381626e-08
1101 4.536129e-08
1102 2.609153e-08
1103 1.537364e-08
1104 9.542460e-09
1105 0.000000e+00
1106 0.000000e+00
1107 0.000000e+00
1108 0.000000e+00
1109 0.000000e+00
1110 4.315720e-07
1111 3.949022e-07
1112 3.059663e-07
1113 2.210719e-07
1114 1.659903e-07
1115 9.669607e-08
1116 5.947610e-08
1117 3.418103e-08
1118 2.011362e-08
1119 1.247390e-08
1120 0.000000e+00
1121 0.000000e+00
1122 0.000000e+00
1123 0.000000e+00
1124 0.000000e+00
1125 5.127845e-07
1126 4.696156e-07
1127 3.641449e-07
1128 2.630778e-07
1129 1.975824e-07
1130 1.152266e-07
1131 7.090791e-08
1132 4.073294e-08
1133 2.395255e-08
1134 1.484818e-08
1135 0.000000e+00
1136 0.000000e+00
1137 0.000000e+00
1138 0.000000e+00
1139 0.000000e+00
1140 5.836246e-07
1141 5.347936e-07
1142 4.148959e-07
1143 2.997215e-07
1144 2.251426e-07
1145 1.313918e-07
1146 8.088073e-08
1147 4.644859e-08
1148 2.730149e-08
1149 1.691931e-08
1150 0.000000e+00
1151 0.000000e+00
1152 0.000000e+00
1153 0.000000e+00
1154 0.000000e+00
1155 6.507846e-07
1156 5.965813e-07
1157 4.630093e-07
1158 3.344601e-07
1159 2.512702e-07
1160 1.467169e-07
1161 9.033489e-08
1162 5.186705e-08
1163 3.047633e-08
1164 1.888275e-08
1165 0.000000e+00
1166 0.000000e+00
1167 0.000000e+00
1168 0.000000e+00
1169 0.000000e+00
1170 7.291801e-07
1171 6.687063e-07
1172 5.191707e-07
1173 3.750099e-07
1174 2.817672e-07
1175 1.646055e-07
1176 1.013705e-07
1177 5.819173e-08
1178 3.418235e-08
1179 2.117475e-08
1180 0.000000e+00
1181 0.000000e+00
1182 0.000000e+00
1183 0.000000e+00
1184 0.000000e+00
1185 1.320154e-07
1186 1.302992e-07
1187 1.095602e-07
1188 8.002802e-08
1189 5.945472e-08
1190 4.040178e-08
1191 2.384467e-08
1192 1.358486e-08
1193 7.853210e-09
1194 4.640852e-09
1195 2.907214e-09
1196 0.000000e+00
1197 0.000000e+00
1198 0.000000e+00
1199 0.000000e+00
1200 2.319967e-07
1201 2.296581e-07
1202 1.938579e-07
1203 1.418618e-07
1204 1.052124e-07
1205 7.202091e-08
1206 4.228681e-08
1207 2.412735e-08
1208 1.396711e-08
1209 8.238438e-09
1210 5.149791e-09
1211 0.000000e+00
1212 0.000000e+00
1213 0.000000e+00
1214 0.000000e+00
1215 3.132396e-07
1216 3.104114e-07
1217 2.623878e-07
1218 1.921365e-07
1219 1.424122e-07
1220 9.773479e-08
1221 5.728125e-08
1222 3.270002e-08
1223 1.893850e-08
1224 1.116364e-08
1225 6.973090e-09
1226 0.000000e+00
1227 0.000000e+00
1228 0.000000e+00
1229 0.000000e+00
1230 3.840670e-07
1231 3.808114e-07
1232 3.221268e-07
1233 2.359620e-07
1234 1.748399e-07
1235 1.201522e-07
1236 7.035243e-08
1237 4.017337e-08
1238 2.327242e-08
1239 1.371377e-08
1240 8.562474e-09
1241 0.000000e+00
1242 0.000000e+00
1243 0.000000e+00
1244 0.000000e+00
1245 4.512210e-07
1246 4.475544e-07
1247 3.787680e-07
1248 2.775140e-07
1249 2.055864e-07
1250 1.414060e-07
1251 8.274575e-08
1252 4.725915e-08
1253 2.738155e-08
1254 1.613158e-08
1255 1.006945e-08
1256 0.000000e+00
1257 0.000000e+00
1258 0.000000e+00
1259 0.000000e+00
1260 5.295979e-07
1261 5.254575e-07
1262 4.448787e-07
1263 3.260155e-07
1264 2.414731e-07
1265 1.662121e-07
1266 9.721119e-08
1267 5.552905e-08
1268 3.217744e-08
1269 1.895355e-08
1270 1.182838e-08
1271 0.000000e+00
1272 0.000000e+00
1273 0.000000e+00
1274 0.000000e+00
1275 9.516327e-08
1276 9.908209e-08
1277 8.965689e-08
1278 6.858529e-08
1279 4.957716e-08
1280 3.713498e-08
1281 2.098040e-08
1282 1.266946e-08
1283 7.159094e-09
1284 4.135315e-09
1285 2.475814e-09
1286 0.000000e+00
1287 0.000000e+00
1288 0.000000e+00
1289 0.000000e+00
1290 1.743549e-07
1291 1.819300e-07
1292 1.651560e-07
1293 1.267010e-07
1294 9.152607e-08
1295 6.866690e-08
1296 3.891209e-08
1297 2.357798e-08
1298 1.329205e-08
1299 7.658422e-09
1300 4.575707e-09
1301 0.000000e+00
1302 0.000000e+00
1303 0.000000e+00
1304 0.000000e+00
1305 2.433137e-07
1306 2.540783e-07
1307 2.309118e-07
1308 1.773222e-07
1309 1.280652e-07
1310 9.613302e-08
1311 5.453507e-08
1312 3.308268e-08
1313 1.863554e-08
1314 1.072753e-08
1315 6.404874e-09
1316 0.000000e+00
1317 0.000000e+00
1318 0.000000e+00
1319 0.000000e+00
1320 3.086572e-07
1321 3.224434e-07
1322 2.932197e-07
1323 2.252900e-07
1324 1.626892e-07
1325 1.221590e-07
1326 6.933817e-08
1327 4.208856e-08
1328 2.369860e-08
1329 1.363557e-08
1330 8.138116e-09
1331 0.000000e+00
1332 0.000000e+00
1333 0.000000e+00
1334 0.000000e+00
1335 3.849322e-07
1336 4.022445e-07
1337 3.659504e-07
1338 2.812792e-07
1339 2.031019e-07
1340 1.525371e-07
1341 8.661701e-08
1342 5.260102e-08
1343 2.960848e-08
1344 1.703003e-08
1345 1.016122e-08
1346 0.000000e+00
1347 0.000000e+00
1348 0.000000e+00
1349 0.000000e+00
1350 7.302277e-08
1351 7.903829e-08
1352 7.578926e-08
1353 6.141489e-08
1354 4.430624e-08
1355 3.340164e-08
1356 2.086257e-08
1357 1.279200e-08
1358 7.101711e-09
1359 3.910429e-09
1360 2.260186e-09
1361 1.374572e-09
1362 0.000000e+00
1363 0.000000e+00
1364 0.000000e+00
1365 1.392767e-07
1366 1.510056e-07
1367 1.451729e-07
1368 1.179988e-07
1369 8.518478e-08
1370 6.415520e-08
1371 4.035227e-08
1372 2.466703e-08
1373 1.369723e-08
1374 7.546215e-09
1375 4.351300e-09
1376 2.640348e-09
1377 0.000000e+00
1378 0.000000e+00
1379 0.000000e+00
1380 2.017677e-07
1381 2.188868e-07
1382 2.106197e-07
1383 1.713747e-07
1384 1.237472e-07
1385 9.316510e-08
1386 5.873913e-08
1387 3.586922e-08
1388 1.991912e-08
1389 1.097627e-08
1390 6.323949e-09
1391 3.834361e-09
1392 0.000000e+00
1393 0.000000e+00
1394 0.000000e+00
1395 2.746943e-07
1396 2.981036e-07
1397 2.869952e-07
1398 2.336621e-07
1399 1.687473e-07
1400 1.270183e-07
1401 8.019583e-08
1402 4.894159e-08
1403 2.717973e-08
1404 1.497888e-08
1405 8.625922e-09
1406 5.227731e-09
1407 0.000000e+00
1408 0.000000e+00
1409 0.000000e+00
1410 5.955756e-08
1411 6.646904e-08
1412 6.677350e-08
1413 5.735460e-08
1414 4.227480e-08
1415 3.113739e-08
1416 2.193493e-08
1417 1.251536e-08
1418 7.045710e-09
1419 3.986905e-09
1420 2.217671e-09
1421 1.293396e-09
1422 0.000000e+00
1423 0.000000e+00
1424 0.000000e+00
1425 1.186397e-07
1426 1.325980e-07
1427 1.334965e-07
1428 1.150113e-07
1429 8.492046e-08
1430 6.246729e-08
1431 4.421938e-08
1432 2.514568e-08
1433 1.418749e-08
1434 8.026825e-09
1435 4.462416e-09
1436 2.597323e-09
1437 0.000000e+00
1438 0.000000e+00
1439 0.000000e+00
1440 1.871620e-07
1441 2.092924e-07
1442 2.108790e-07
1443 1.818768e-07
1444 1.343771e-07
1445 9.880084e-08
1446 7.006195e-08
1447 3.979319e-08
1448 2.246998e-08
1449 1.271191e-08
1450 7.065693e-09
1451 4.109494e-09
1452 0.000000e+00
1453 0.000000e+00
1454 0.000000e+00
1455 5.194714e-08
1456 5.953010e-08
1457 6.222463e-08
1458 5.653791e-08
1459 4.335856e-08
1460 3.131593e-08
1461 2.352166e-08
1462 1.318701e-08
1463 7.887895e-09
1464 4.321566e-09
1465 2.382389e-09
1466 1.330223e-09
1467 0.000000e+00
1468 0.000000e+00
1469 0.000000e+00
1470 1.150574e-07
1471 1.320256e-07
1472 1.382705e-07
1473 1.259983e-07
1474 9.687907e-08
1475 6.993177e-08
1476 5.259893e-08
1477 2.957866e-08
1478 1.775421e-08
1479 9.708713e-09
1480 5.339392e-09
1481 2.975188e-09
1482 0.000000e+00
1483 0.000000e+00
1484 0.000000e+00
1485 5.417686e-08
1486 6.366135e-08
1487 6.902815e-08
1488 6.627169e-08
1489 5.373688e-08
1490 3.877462e-08
1491 2.925099e-08
1492 1.818954e-08
1493 1.106928e-08
1494 6.006914e-09
1495 3.163906e-09
1496 1.706964e-09
1497 9.505484e-10
1498 0.000000e+00
1499 0.000000e+00
1500 1.109684e-04
1501 8.086786e-05
1502 6.035546e-05
1503 3.805236e-05
1504 2.321989e-05
1505 1.369104e-05
1506 8.324421e-06
1507 5.304277e-06
1508 3.565556e-06
1509 0.000000e+00
1510 0.000000e+00
1511 0.000000e+00
1512 0.000000e+00
1513 0.000000e+00
1514 0.000000e+00
1515 5.757601e-05
1516 4.644359e-05
1517 3.369791e-05
1518 2.528332e-05
1519 1.597668e-05
1520 9.754545e-06
1521 5.648866e-06
1522 3.364481e-06
1523 2.093966e-06
1524 1.379138e-06
1525 0.000000e+00
1526 0.000000e+00
1527 0.000000e+00
1528 0.000000e+00
1529 0.000000e+00
1530 4.047788e-05
1531 3.713775e-05
1532 2.882267e-05
1533 2.080348e-05
1534 1.566222e-05
1535 9.111532e-06
1536 5.625604e-06
1537 3.225263e-06
1538 1.896511e-06
1539 1.174730e-06
1540 0.000000e+00
1541 0.000000e+00
1542 0.000000e+00
1543 0.000000e+00
1544 0.000000e+00
1545 2.912801e-05
1546 2.891312e-05
1547 2.448503e-05
1548 1.793535e-05
1549 1.328396e-05
1550 9.154542e-06
1551 5.351144e-06
1552 3.053081e-06
1553 1.771954e-06
1554 1.042590e-06
1555 6.506122e-07
1556 0.000000e+00
1557 0.000000e+00
1558 0.000000e+00
1559 0.000000e+00
1560 2.085098e-05
1561 2.179680e-05
1562 1.983793e-05
1563 1.524768e-05
1564 1.100576e-05
1565 8.274949e-06
1566 4.689296e-06
1567 2.850415e-06
1568 1.602925e-06
1569 9.233707e-07
1570 5.506294e-07
1571 0.000000e+00
1572 0.000000e+00
1573 0.000000e+00
1574 0.000000e+00
1575 1.487210e-05
1576 1.614453e-05
1577 1.554949e-05
1578 1.266314e-05
1579 9.143013e-06
1580 6.883420e-06
1581 4.347301e-06
1582 2.655947e-06
1583 1.474901e-06
1584 8.112783e-07
1585 4.673052e-07
1586 2.832009e-07
1587 0.000000e+00
1588 0.000000e+00
1589 0.000000e+00
1590 1.001028e-05
1591 1.119728e-05
1592 1.128693e-05
1593 9.739022e-06
1594 7.195644e-06
1595 5.289411e-06
1596 3.755371e-06
1597 2.130464e-06
1598 1.202339e-06
1599 6.811759e-07
1600 3.783133e-07
1601 2.200058e-07
1602 0.000000e+00
1603 0.000000e+00
1604 0.000000e+00
1605 6.201116e-06
1606 7.118100e-06
1607 7.458527e-06
1608 6.801106e-06
1609 5.231433e-06
1610 3.775220e-06
1611 2.841823e-06
1612 1.597077e-06
1613 9.596537e-07
1614 5.242846e-07
1615 2.885232e-07
1616 1.606418e-07
1617 0.000000e+00
1618 0.000000e+00
1619 0.000000e+00
1620 3.163407e-06
1621 3.720115e-06
1622 4.038202e-06
1623 3.883392e-06
1624 3.154630e-06
1625 2.276770e-06
1626 1.716871e-06
1627 1.071974e-06
1628 6.518364e-07
1629 3.538249e-07
1630 1.861971e-07
1631 1.003484e-07
1632 5.578990e-08
1633 0.000000e+00
1634 0.000000e+00
1635 8.891198e-07
1636 1.072208e-06
1637 1.206146e-06
1638 1.224576e-06
1639 1.066696e-06
1640 7.933436e-07
1641 5.815894e-07
1642 4.169104e-07
1643 2.343421e-07
1644 1.314261e-07
1645 7.164692e-08
1646 3.730540e-08
1647 1.958823e-08
1648 0.000000e+00
1649 0.000000e+00
