0 2.206607e-09
1 1.432969e-09
2 9.007415e-10
3 5.676604e-10
4 3.650753e-10
5 2.403321e-10
6 1.598369e-10
7 1.049530e-10
8 6.646005e-11
9 3.987497e-11
10 2.245058e-11
11 1.184700e-11
12 5.900831e-12
13 2.805864e-12
14 1.289066e-12
15 3.742830e-09
16 2.487723e-09
17 1.580017e-09
18 9.848962e-10
19 6.230795e-10
20 4.037386e-10
21 2.672122e-10
22 1.771933e-10
23 1.148439e-10
24 7.118860e-11
25 4.155587e-11
26 2.271388e-11
27 1.165400e-11
28 5.666295e-12
29 2.643839e-12
30 4.281862e-09
31 2.865400e-09
32 1.829653e-09
33 1.138976e-09
34 7.176106e-10
35 4.625549e-10
36 3.052507e-10
37 2.026134e-10
38 1.319550e-10
39 8.242930e-11
40 4.858998e-11
41 2.683225e-11
42 1.389631e-11
43 6.806052e-12
44 3.192038e-12
45 4.579275e-09
46 3.073262e-09
47 1.967193e-09
48 1.224011e-09
49 7.697457e-10
50 4.950660e-10
51 3.262173e-10
52 2.165759e-10
53 1.413671e-10
54 8.861839e-11
55 5.246892e-11
56 2.910266e-11
57 1.512977e-11
58 7.434399e-12
59 3.494624e-12
60 4.778885e-09
61 3.213206e-09
62 2.059629e-09
63 1.281297e-09
64 8.049123e-10
65 5.169703e-10
66 3.403599e-10
67 2.259922e-10
68 1.476895e-10
69 9.278157e-11
70 5.507907e-11
71 3.062956e-11
72 1.596215e-11
73 7.858612e-12
74 3.698886e-12
75 4.927677e-09
76 3.317384e-09
77 2.128467e-09
78 1.323805e-09
79 8.309697e-10
80 5.331854e-10
81 3.508560e-10
82 2.330054e-10
83 1.524036e-10
84 9.589687e-11
85 5.702393e-11
86 3.176606e-11
87 1.658185e-11
88 8.172549e-12
89 3.849964e-12
90 5.049291e-09
91 3.402694e-09
92 2.184664e-09
93 1.358615e-09
94 8.523206e-10
95 5.464859e-10
96 3.594367e-10
97 2.387660e-10
98 1.562760e-10
99 9.843247e-11
100 5.862059e-11
101 3.270282e-11
102 1.709064e-11
103 8.431235e-12
104 3.974541e-12
105 5.155021e-09
106 3.476278e-09
107 2.233602e-09
108 1.388649e-09
109 8.709487e-10
110 5.579737e-10
111 3.668660e-10
112 2.437250e-10
113 1.596093e-10
114 1.006232e-10
115 5.998799e-11
116 3.349963e-11
117 1.752678e-11
118 8.653162e-12
119 4.081095e-12
120 5.255433e-09
121 3.547245e-09
122 2.280836e-09
123 1.417546e-09
124 8.886278e-10
125 5.690632e-10
126 3.740025e-10
127 2.485218e-10
128 1.628670e-10
129 1.027633e-10
130 6.132093e-11
131 3.427936e-11
132 1.795041e-11
133 8.869098e-12
134 4.184813e-12
135 5.371453e-09
136 3.627805e-09
137 2.334612e-09
138 1.451168e-09
139 9.090717e-10
140 5.818231e-10
141 3.822516e-10
142 2.539149e-10
143 1.665398e-10
144 1.051975e-10
145 6.284688e-11
146 3.517739e-11
147 1.843833e-11
148 9.115254e-12
149 4.303772e-12
150 7.879845e-09
151 5.424104e-09
152 3.561763e-09
153 2.224103e-09
154 1.379165e-09
155 8.697471e-10
156 5.641484e-10
157 3.734111e-10
158 2.469016e-10
159 1.589316e-10
160 9.744811e-11
161 5.613957e-11
162 3.024519e-11
163 1.530191e-11
164 7.348513e-12
165 9.959491e-09
166 6.941341e-09
167 4.624044e-09
168 2.917262e-09
169 1.799609e-09
170 1.125538e-09
171 7.221374e-10
172 4.749475e-10
173 3.145421e-10
174 2.043591e-10
175 1.272669e-10
176 7.474047e-11
177 4.107506e-11
178 2.115411e-11
179 1.030210e-11
180 1.116158e-08
181 7.823182e-09
182 5.242018e-09
183 3.324201e-09
184 2.047342e-09
185 1.276257e-09
186 8.146916e-10
187 5.341844e-10
188 3.538132e-10
189 2.307444e-10
190 1.446165e-10
191 8.560419e-11
192 4.744209e-11
193 2.462322e-11
194 1.206555e-11
195 1.197127e-08
196 8.418008e-09
197 5.659754e-09
198 3.599154e-09
199 2.214461e-09
200 1.378077e-09
201 8.772337e-10
202 5.742049e-10
203 3.804009e-10
204 2.485806e-10
205 1.563500e-10
206 9.295831e-11
207 5.175324e-11
208 2.697157e-11
209 1.325847e-11
210 1.257531e-08
211 8.861510e-09
212 5.970987e-09
213 3.803708e-09
214 2.339412e-09
215 1.453835e-09
216 9.239705e-10
217 6.041211e-10
218 4.001450e-10
219 2.618261e-10
220 1.650603e-10
221 9.842429e-11
222 5.495033e-11
223 2.871430e-11
224 1.414759e-11
225 1.306743e-08
226 9.222477e-09
227 6.224407e-09
228 3.970026e-09
229 2.440933e-09
230 1.515403e-09
231 9.617927e-10
232 6.283508e-10
233 4.162036e-10
234 2.726145e-10
235 1.721531e-10
236 1.028558e-10
237 5.755689e-11
238 3.013608e-11
239 1.486926e-11
240 1.349543e-08
241 9.535919e-09
242 6.444323e-09
243 4.114893e-09
244 2.528900e-09
245 1.569050e-09
246 9.947989e-10
247 6.494219e-10
248 4.302906e-10
249 2.820564e-10
250 1.783656e-10
251 1.067521e-10
252 5.983888e-11
253 3.137806e-11
254 1.549449e-11
255 1.390164e-08
256 9.835231e-09
257 6.654601e-09
258 4.253411e-09
259 2.613741e-09
260 1.620393e-09
261 1.026237e-09
262 6.695722e-10
263 4.435902e-10
264 2.910037e-10
265 1.842471e-10
266 1.104392e-10
267 6.199349e-11
268 3.255135e-11
269 1.609588e-11
270 1.437533e-08
271 1.018229e-08
272 6.898018e-09
273 4.413978e-09
274 2.710669e-09
275 1.679729e-09
276 1.063045e-09
277 6.930070e-10
278 4.591032e-10
279 3.014013e-10
280 1.910865e-10
281 1.147356e-10
282 6.452078e-11
283 3.392289e-11
284 1.679302e-11
285 1.364051e-08
286 9.703422e-09
287 6.590059e-09
288 4.251819e-09
289 2.619875e-09
290 1.622794e-09
291 1.023082e-09
292 6.637416e-10
293 4.379211e-10
294 2.870387e-10
295 1.822496e-10
296 1.099158e-10
297 6.224380e-11
298 3.299894e-11
299 1.646405e-11
300 1.604694e-08
301 1.154480e-08
302 7.911501e-09
303 5.162896e-09
304 3.193466e-09
305 1.967885e-09
306 1.231219e-09
307 7.926137e-10
308 5.210063e-10
309 3.422856e-10
310 2.190342e-10
311 1.336899e-10
312 7.679226e-11
313 4.130614e-11
314 2.087412e-11
315 1.770188e-08
316 1.281827e-08
317 8.826602e-09
318 5.796079e-09
319 3.594159e-09
320 2.208667e-09
321 1.376495e-09
322 8.824033e-10
323 5.787289e-10
324 3.805675e-10
325 2.445186e-10
326 1.501808e-10
327 8.690791e-11
328 4.710141e-11
329 2.396244e-11
330 1.893196e-08
331 1.376528e-08
332 9.509176e-09
333 6.266865e-09
334 3.892321e-09
335 2.388186e-09
336 1.484709e-09
337 9.492306e-10
338 6.217535e-10
339 4.090633e-10
340 2.634842e-10
341 1.624545e-10
342 9.443953e-11
343 5.141725e-11
344 2.626260e-11
345 1.993846e-08
346 1.453934e-08
347 1.006448e-08
348 6.650872e-09
349 4.135139e-09
350 2.534281e-09
351 1.572633e-09
352 1.003581e-09
353 6.567056e-10
354 4.322299e-10
355 2.789104e-10
356 1.724359e-10
357 1.005622e-10
358 5.492529e-11
359 2.813514e-11
360 2.081455e-08
361 1.521352e-08
362 1.054956e-08
363 6.984442e-09
364 4.346786e-09
365 2.661745e-09
366 1.649307e-09
367 1.051020e-09
368 6.871837e-10
369 4.524807e-10
370 2.923802e-10
371 1.811523e-10
372 1.059099e-10
373 5.799032e-11
374 2.976516e-11
375 2.164234e-08
376 1.584965e-08
377 1.100703e-08
378 7.301152e-09
379 4.546816e-09
380 2.782142e-09
381 1.721938e-09
382 1.095880e-09
383 7.160235e-10
384 4.716226e-10
385 3.051290e-10
386 1.893945e-10
387 1.109650e-10
388 6.088544e-11
389 3.130842e-11
390 2.261104e-08
391 1.659569e-08
392 1.154270e-08
393 7.671301e-09
394 4.781676e-09
395 2.923969e-09
396 1.807253e-09
397 1.148579e-09
398 7.498093e-10
399 4.940759e-10
400 3.200680e-10
401 1.990660e-10
402 1.168885e-10
403 6.427994e-11
404 3.312245e-11
405 1.967482e-08
406 1.441788e-08
407 1.000511e-08
408 6.633165e-09
409 4.151374e-09
410 2.541968e-09
411 1.576429e-09
412 1.002400e-09
413 6.534309e-10
414 4.291823e-10
415 2.768997e-10
416 1.715642e-10
417 1.004838e-10
418 5.520572e-11
419 2.845956e-11
420 2.234427e-08
421 1.656530e-08
422 1.158525e-08
423 7.744778e-09
424 4.888636e-09
425 2.985269e-09
426 1.843324e-09
427 1.163368e-09
428 7.540843e-10
429 4.946624e-10
430 3.203468e-10
431 2.000586e-10
432 1.184329e-10
433 6.585090e-11
434 3.434471e-11
435 2.434792e-08
436 1.818162e-08
437 1.277424e-08
438 8.584589e-09
439 5.445977e-09
440 3.321176e-09
441 2.045806e-09
442 1.285190e-09
443 8.302934e-10
444 5.441259e-10
445 3.531352e-10
446 2.215645e-10
447 1.319936e-10
448 7.390650e-11
449 3.880729e-11
450 2.597800e-08
451 1.949799e-08
452 1.374691e-08
453 9.268486e-09
454 5.899811e-09
455 3.595288e-09
456 2.210487e-09
457 1.384495e-09
458 8.922273e-10
459 5.843760e-10
460 3.798177e-10
461 2.390635e-10
462 1.430269e-10
463 8.046094e-11
464 4.243875e-11
465 2.740370e-08
466 2.064771e-08
467 1.459286e-08
468 9.864367e-09
469 6.295700e-09
470 3.834226e-09
471 2.353938e-09
472 1.470983e-09
473 9.462785e-10
474 6.195075e-10
475 4.030975e-10
476 2.543316e-10
477 1.526538e-10
478 8.617997e-11
479 4.560671e-11
480 2.875050e-08
481 2.173093e-08
482 1.539278e-08
483 1.042841e-08
484 6.670754e-09
485 4.059637e-09
486 2.490025e-09
487 1.552712e-09
488 9.973605e-10
489 6.527034e-10
490 4.251480e-10
491 2.687900e-10
492 1.617693e-10
493 9.158331e-11
494 4.859948e-11
495 3.032759e-08
496 2.300140e-08
497 1.632961e-08
498 1.108840e-08
499 7.108832e-09
500 4.324327e-09
501 2.649139e-09
502 1.648637e-09
503 1.057218e-09
504 6.915878e-10
505 4.508924e-10
506 2.856557e-10
507 1.724136e-10
508 9.791671e-11
509 5.210871e-11
510 2.605593e-08
511 1.965271e-08
512 1.390521e-08
513 9.394143e-09
514 6.012030e-09
515 3.671424e-09
516 2.255456e-09
517 1.408496e-09
518 9.045899e-10
519 5.909481e-10
520 3.837502e-10
521 2.418137e-10
522 1.451147e-10
523 8.201597e-11
524 4.350411e-11
525 2.896298e-08
526 2.209762e-08
527 1.575964e-08
528 1.071859e-08
529 6.918352e-09
530 4.232301e-09
531 2.591143e-09
532 1.607614e-09
533 1.026359e-09
534 6.682649e-10
535 4.344073e-10
536 2.751360e-10
537 1.664664e-10
538 9.502949e-11
539 5.093971e-11
540 3.134265e-08
541 2.410079e-08
542 1.727987e-08
543 1.180561e-08
544 7.662032e-09
545 4.693898e-09
546 2.866819e-09
547 1.771369e-09
548 1.126227e-09
549 7.316999e-10
550 4.759416e-10
551 3.024478e-10
552 1.839691e-10
553 1.057036e-10
554 5.704464e-11
555 3.341727e-08
556 2.584818e-08
557 1.860984e-08
558 1.275285e-08
559 8.311713e-09
560 5.096697e-09
561 3.107607e-09
562 1.914252e-09
563 1.213471e-09
564 7.870677e-10
565 5.121806e-10
566 3.262771e-10
567 1.992402e-10
568 1.150179e-10
569 6.237266e-11
570 3.538149e-08
571 2.750221e-08
572 1.986556e-08
573 1.365042e-08
574 8.927378e-09
575 5.477871e-09
576 3.335550e-09
577 2.049723e-09
578 1.296063e-09
579 8.394954e-10
580 5.465188e-10
581 3.488548e-10
582 2.137088e-10
583 1.238410e-10
584 6.741845e-11
585 3.768650e-08
586 2.943758e-08
587 2.133729e-08
588 1.470068e-08
589 9.645394e-09
590 5.923529e-09
591 3.601969e-09
592 2.207753e-09
593 1.392517e-09
594 9.007046e-10
595 5.865967e-10
596 3.752127e-10
597 2.306017e-10
598 1.341433e-10
599 7.331111e-11
600 3.281029e-08
601 2.544047e-08
602 1.835630e-08
603 1.259214e-08
604 8.222013e-09
605 5.062523e-09
606 3.084011e-09
607 1.899184e-09
608 1.201683e-09
609 7.776950e-10
610 5.052199e-10
611 3.216118e-10
612 1.964865e-10
613 1.136235e-10
614 6.179159e-11
615 3.605571e-08
616 2.827273e-08
617 2.058067e-08
618 1.420312e-08
619 9.343896e-09
620 5.784126e-09
621 3.512181e-09
622 2.153178e-09
623 1.353571e-09
624 8.719786e-10
625 5.659242e-10
626 3.613466e-10
627 2.221601e-10
628 1.295743e-10
629 7.115056e-11
630 3.889040e-08
631 3.075301e-08
632 2.252643e-08
633 1.561235e-08
634 1.032778e-08
635 6.417057e-09
636 3.887956e-09
637 2.376068e-09
638 1.486965e-09
639 9.545972e-10
640 6.191007e-10
641 3.961419e-10
642 2.446415e-10
643 1.435458e-10
644 7.935247e-11
645 4.157454e-08
646 3.310142e-08
647 2.437001e-08
648 1.694942e-08
649 1.125969e-08
650 7.016567e-09
651 4.244010e-09
652 2.587126e-09
653 1.613321e-09
654 1.032891e-09
655 6.694798e-10
656 4.291092e-10
657 2.659423e-10
658 1.567817e-10
659 8.712058e-11
660 4.472032e-08
661 3.584831e-08
662 2.652599e-08
663 1.851070e-08
664 1.234748e-08
665 7.717156e-09
666 4.659405e-09
667 2.833734e-09
668 1.760761e-09
669 1.124326e-09
670 7.282960e-10
671 4.675999e-10
672 2.908133e-10
673 1.722374e-10
674 9.619391e-11
675 4.023650e-08
676 3.203535e-08
677 2.361447e-08
678 1.643406e-08
679 1.091459e-08
680 6.823643e-09
681 4.129992e-09
682 2.520494e-09
683 1.570196e-09
684 1.003759e-09
685 6.494088e-10
686 4.155753e-10
687 2.572946e-10
688 1.516619e-10
689 8.434949e-11
690 4.397644e-08
691 3.542588e-08
692 2.636704e-08
693 1.846342e-08
694 1.234661e-08
695 7.776187e-09
696 4.699620e-09
697 2.859217e-09
698 1.769311e-09
699 1.124293e-09
700 7.254036e-10
701 4.647641e-10
702 2.891264e-10
703 1.716987e-10
704 9.636361e-11
705 4.752483e-08
706 3.864071e-08
707 2.897575e-08
708 2.039333e-08
709 1.370776e-08
710 8.681585e-09
711 5.241198e-09
712 3.180837e-09
713 1.958549e-09
714 1.238899e-09
715 7.976198e-10
716 5.114975e-10
717 3.193670e-10
718 1.907332e-10
719 1.077772e-10
720 5.167491e-08
721 4.240084e-08
722 3.202195e-08
723 2.264451e-08
724 1.529401e-08
725 9.738195e-09
726 5.872874e-09
727 3.556457e-09
728 2.179193e-09
729 1.372544e-09
730 8.817922e-10
731 5.659802e-10
732 3.546247e-10
733 2.129259e-10
734 1.210854e-10
735 4.875150e-08
736 3.987714e-08
737 3.008291e-08
738 2.126723e-08
739 1.434045e-08
740 9.134098e-09
741 5.526021e-09
742 3.349350e-09
743 2.054207e-09
744 1.293982e-09
745 8.302716e-10
746 5.317592e-10
747 3.323573e-10
748 1.991084e-10
749 1.130517e-10
750 5.337308e-08
751 4.420525e-08
752 3.372760e-08
753 2.402679e-08
754 1.630620e-08
755 1.047593e-08
756 6.349612e-09
757 3.835994e-09
758 2.337341e-09
759 1.462107e-09
760 9.337219e-10
761 5.975689e-10
762 3.747235e-10
763 2.259648e-10
764 1.294332e-10
765 5.877841e-08
766 4.926789e-08
767 3.797710e-08
768 2.724746e-08
769 1.860116e-08
770 1.204370e-08
771 7.312344e-09
772 4.405211e-09
773 2.667976e-09
774 1.658467e-09
775 1.054473e-09
776 6.743870e-10
777 4.241745e-10
778 2.573118e-10
779 1.485560e-10
780 5.933025e-08
781 4.995380e-08
782 3.872067e-08
783 2.791204e-08
784 1.910665e-08
785 1.242098e-08
786 7.582122e-09
787 4.559491e-09
788 2.757029e-09
789 1.707211e-09
790 1.081136e-09
791 6.895002e-10
792 4.333147e-10
793 2.631667e-10
794 1.523967e-10
795 6.643330e-08
796 5.683627e-08
797 4.472746e-08
798 3.261510e-08
799 2.250981e-08
800 1.478849e-08
801 9.095202e-09
802 5.447460e-09
803 3.273469e-09
804 2.007488e-09
805 1.260816e-09
806 8.009756e-10
807 5.040790e-10
808 3.080155e-10
809 1.800950e-10
810 7.625880e-08
811 6.670669e-08
812 5.373844e-08
813 3.996845e-08
814 2.795355e-08
815 1.863018e-08
816 1.165617e-08
817 6.964261e-09
818 4.160738e-09
819 2.513229e-09
820 1.554031e-09
821 9.768819e-10
822 6.129980e-10
823 3.763552e-10
824 2.225259e-10
825 5.045115e-07
826 3.684946e-07
827 2.730464e-07
828 1.699328e-07
829 1.035271e-07
830 6.133193e-08
831 3.745055e-08
832 2.402713e-08
833 1.622021e-08
834 0.000000e+00
835 0.000000e+00
836 0.000000e+00
837 0.000000e+00
838 0.000000e+00
839 0.000000e+00
840 7.612221e-07
841 5.561409e-07
842 4.125351e-07
843 2.597232e-07
844 1.578356e-07
845 9.338844e-08
846 5.691632e-08
847 3.637892e-08
848 2.449056e-08
849 0.000000e+00
850 0.000000e+00
851 0.000000e+00
852 0.000000e+00
853 0.000000e+00
854 0.000000e+00
855 9.037942e-07
856 6.603757e-07
857 4.900101e-07
858 3.096676e-07
859 1.880227e-07
860 1.112089e-07
861 6.773653e-08
862 4.324195e-08
863 2.908459e-08
864 0.000000e+00
865 0.000000e+00
866 0.000000e+00
867 0.000000e+00
868 0.000000e+00
869 0.000000e+00
870 9.999553e-07
871 7.306769e-07
872 5.422652e-07
873 3.433538e-07
874 2.083847e-07
875 1.232287e-07
876 7.503463e-08
877 4.787132e-08
878 3.218313e-08
879 0.000000e+00
880 0.000000e+00
881 0.000000e+00
882 0.000000e+00
883 0.000000e+00
884 0.000000e+00
885 1.071529e-06
886 7.830068e-07
887 5.811566e-07
888 3.684264e-07
889 2.235405e-07
890 1.321754e-07
891 8.046668e-08
892 5.131691e-08
893 3.448960e-08
894 0.000000e+00
895 0.000000e+00
896 0.000000e+00
897 0.000000e+00
898 0.000000e+00
899 0.000000e+00
900 1.129764e-06
901 8.255819e-07
902 6.128028e-07
903 3.888262e-07
904 2.358708e-07
905 1.394548e-07
906 8.488620e-08
907 5.412045e-08
908 3.636612e-08
909 0.000000e+00
910 0.000000e+00
911 0.000000e+00
912 0.000000e+00
913 0.000000e+00
914 0.000000e+00
915 1.180578e-06
916 8.627302e-07
917 6.404140e-07
918 4.066275e-07
919 2.466308e-07
920 1.458059e-07
921 8.874267e-08
922 5.656652e-08
923 3.800347e-08
924 0.000000e+00
925 0.000000e+00
926 0.000000e+00
927 0.000000e+00
928 0.000000e+00
929 0.000000e+00
930 1.228750e-06
931 8.979496e-07
932 6.665913e-07
933 4.235027e-07
934 2.568307e-07
935 1.518268e-07
936 9.239853e-08
937 5.888544e-08
938 3.955562e-08
939 0.000000e+00
940 0.000000e+00
941 0.000000e+00
942 0.000000e+00
943 0.000000e+00
944 0.000000e+00
945 1.284965e-06
946 9.390509e-07
947 6.971385e-07
948 4.431967e-07
949 2.687338e-07
950 1.588537e-07
951 9.666527e-08
952 6.159148e-08
953 4.136716e-08
954 0.000000e+00
955 0.000000e+00
956 0.000000e+00
957 0.000000e+00
958 0.000000e+00
959 0.000000e+00
960 3.372909e-07
961 2.686144e-07
962 1.948513e-07
963 1.461258e-07
964 9.039978e-08
965 5.533891e-08
966 3.216540e-08
967 1.923322e-08
968 1.205349e-08
969 7.980465e-09
970 0.000000e+00
971 0.000000e+00
972 0.000000e+00
973 0.000000e+00
974 0.000000e+00
975 5.205964e-07
976 4.174569e-07
977 3.031108e-07
978 2.270983e-07
979 1.423312e-07
980 8.678283e-08
981 5.040593e-08
982 3.009985e-08
983 1.879498e-08
984 1.240739e-08
985 0.000000e+00
986 0.000000e+00
987 0.000000e+00
988 0.000000e+00
989 0.000000e+00
990 6.456263e-07
991 5.190605e-07
992 3.770277e-07
993 2.823714e-07
994 1.778308e-07
995 1.082621e-07
996 6.286708e-08
997 3.752351e-08
998 2.339907e-08
999 1.542971e-08
1000 0.000000e+00
1001 0.000000e+00
1002 0.000000e+00
1003 0.000000e+00
1004 0.000000e+00
1005 7.386695e-07
1006 5.946651e-07
1007 4.320280e-07
1008 3.235013e-07
1009 2.042465e-07
1010 1.242443e-07
1011 7.213972e-08
1012 4.304774e-08
1013 2.682488e-08
1014 1.767862e-08
1015 0.000000e+00
1016 0.000000e+00
1017 0.000000e+00
1018 0.000000e+00
1019 0.000000e+00
1020 8.143788e-07
1021 6.561799e-07
1022 4.767805e-07
1023 3.569660e-07
1024 2.257410e-07
1025 1.372498e-07
1026 7.968491e-08
1027 4.754244e-08
1028 2.961262e-08
1029 1.950841e-08
1030 0.000000e+00
1031 0.000000e+00
1032 0.000000e+00
1033 0.000000e+00
1034 0.000000e+00
1035 8.804274e-07
1036 7.098509e-07
1037 5.158292e-07
1038 3.861633e-07
1039 2.444935e-07
1040 1.485961e-07
1041 8.626748e-08
1042 5.146414e-08
1043 3.204475e-08
1044 2.110506e-08
1045 0.000000e+00
1046 0.000000e+00
1047 0.000000e+00
1048 0.000000e+00
1049 0.000000e+00
1050 9.430523e-07
1051 7.607404e-07
1052 5.528487e-07
1053 4.138454e-07
1054 2.622722e-07
1055 1.593546e-07
1056 9.250893e-08
1057 5.518219e-08
1058 3.435067e-08
1059 2.261874e-08
1060 0.000000e+00
1061 0.000000e+00
1062 0.000000e+00
1063 0.000000e+00
1064 0.000000e+00
1065 1.016131e-06
1066 8.201263e-07
1067 5.960514e-07
1068 4.461533e-07
1069 2.830207e-07
1070 1.719097e-07
1071 9.979229e-08
1072 5.952153e-08
1073 3.704166e-08
1074 2.438526e-08
1075 0.000000e+00
1076 0.000000e+00
1077 0.000000e+00
1078 0.000000e+00
1079 0.000000e+00
1080 1.984748e-07
1081 1.805032e-07
1082 1.390607e-07
1083 1.005624e-07
1084 7.535552e-08
1085 4.355755e-08
1086 2.669585e-08
1087 1.539221e-08
1088 9.102234e-09
1089 5.662919e-09
1090 0.000000e+00
1091 0.000000e+00
1092 0.000000e+00
1093 0.000000e+00
1094 0.000000e+00
1095 3.312195e-07
1096 3.025730e-07
1097 2.340716e-07
1098 1.691630e-07
1099 1.269485e-07
1100 7.379575e-08
1101 4.534862e-08
1102 2.608428e-08
1103 1.536940e-08
1104 9.539842e-09
1105 0.000000e+00
1106 0.000000e+00
1107 0.000000e+00
1108 0.000000e+00
1109 0.000000e+00
1110 4.310936e-07
1111 3.944626e-07
1112 3.056239e-07
1113 2.208245e-07
1114 1.658042e-07
1115 9.658693e-08
1116 5.940870e-08
1117 3.414244e-08
1118 2.009101e-08
1119 1.245992e-08
1120 0.000000e+00
1121 0.000000e+00
1122 0.000000e+00
1123 0.000000e+00
1124 0.000000e+00
1125 5.123194e-07
1126 4.691877e-07
1127 3.638117e-07
1128 2.628373e-07
1129 1.974015e-07
1130 1.151205e-07
1131 7.084245e-08
1132 4.069543e-08
1133 2.393057e-08
1134 1.483458e-08
1135 0.000000e+00
1136 0.000000e+00
1137 0.000000e+00
1138 0.000000e+00
1139 0.000000e+00
1140 5.831801e-07
1141 5.343843e-07
1142 4.145774e-07
1143 2.994914e-07
1144 2.249696e-07
1145 1.312904e-07
1146 8.081815e-08
1147 4.641272e-08
1148 2.728048e-08
1149 1.690631e-08
1150 0.000000e+00
1151 0.000000e+00
1152 0.000000e+00
1153 0.000000e+00
1154 0.000000e+00
1155 6.503663e-07
1156 5.961965e-07
1157 4.627101e-07
1158 3.342438e-07
1159 2.511075e-07
1160 1.466215e-07
1161 9.027603e-08
1162 5.183332e-08
1163 3.045656e-08
1164 1.887052e-08
1165 0.000000e+00
1166 0.000000e+00
1167 0.000000e+00
1168 0.000000e+00
1169 0.000000e+00
1170 7.287757e-07
1171 6.683331e-07
1172 5.188810e-07
1173 3.748007e-07
1174 2.816098e-07
1175 1.645132e-07
1176 1.013136e-07
1177 5.815910e-08
1178 3.416323e-08
1179 2.116293e-08
1180 0.000000e+00
1181 0.000000e+00
1182 0.000000e+00
1183 0.000000e+00
1184 0.000000e+00
1185 1.323371e-07
1186 1.306260e-07
1187 1.098455e-07
1188 8.024073e-08
1189 5.961005e-08
1190 4.051491e-08
1191 2.390823e-08
1192 1.362174e-08
1193 7.874735e-09
1194 4.653358e-09
1195 2.914880e-09
1196 0.000000e+00
1197 0.000000e+00
1198 0.000000e+00
1199 0.000000e+00
1200 2.315035e-07
1201 2.291680e-07
1202 1.934415e-07
1203 1.415562e-07
1204 1.049864e-07
1205 7.186449e-08
1206 4.219561e-08
1207 2.407528e-08
1208 1.393688e-08
1209 8.220668e-09
1210 5.138711e-09
1211 0.000000e+00
1212 0.000000e+00
1213 0.000000e+00
1214 0.000000e+00
1215 3.127752e-07
1216 3.099498e-07
1217 2.619960e-07
1218 1.918491e-07
1219 1.421996e-07
1220 9.758779e-08
1221 5.719553e-08
1222 3.265101e-08
1223 1.891008e-08
1224 1.114691e-08
1225 6.962667e-09
1226 0.000000e+00
1227 0.000000e+00
1228 0.000000e+00
1229 0.000000e+00
1230 3.836238e-07
1231 3.803709e-07
1232 3.217533e-07
1233 2.356878e-07
1234 1.746370e-07
1235 1.200119e-07
1236 7.027063e-08
1237 4.012660e-08
1238 2.324530e-08
1239 1.369781e-08
1240 8.552527e-09
1241 0.000000e+00
1242 0.000000e+00
1243 0.000000e+00
1244 0.000000e+00
1245 4.508025e-07
1246 4.471385e-07
1247 3.784150e-07
1248 2.772550e-07
1249 2.053948e-07
1250 1.412735e-07
1251 8.266851e-08
1252 4.721499e-08
1253 2.735594e-08
1254 1.611651e-08
1255 1.006006e-08
1256 0.000000e+00
1257 0.000000e+00
1258 0.000000e+00
1259 0.000000e+00
1260 5.291928e-07
1261 5.250548e-07
1262 4.445370e-07
1263 3.257644e-07
1264 2.412876e-07
1265 1.660839e-07
1266 9.713642e-08
1267 5.548631e-08
1268 3.215265e-08
1269 1.893897e-08
1270 1.181929e-08
1271 0.000000e+00
1272 0.000000e+00
1273 0.000000e+00
1274 0.000000e+00
1275 9.499135e-08
1276 9.890684e-08
1277 8.950274e-08
1278 6.847092e-08
1279 4.949404e-08
1280 3.707357e-08
1281 2.094699e-08
1282 1.265007e-08
1283 7.147840e-09
1284 4.128583e-09
1285 2.471710e-09
1286 0.000000e+00
1287 0.000000e+00
1288 0.000000e+00
1289 0.000000e+00
1290 1.738893e-07
1291 1.814426e-07
1292 1.647119e-07
1293 1.263591e-07
1294 9.127917e-08
1295 6.848127e-08
1296 3.880641e-08
1297 2.351362e-08
1298 1.325591e-08
1299 7.637675e-09
1300 4.563346e-09
1301 0.000000e+00
1302 0.000000e+00
1303 0.000000e+00
1304 0.000000e+00
1305 2.428822e-07
1306 2.536272e-07
1307 2.305004e-07
1308 1.770055e-07
1309 1.278366e-07
1310 9.596114e-08
1311 5.443730e-08
1312 3.302320e-08
1313 1.860210e-08
1314 1.070833e-08
1315 6.393427e-09
1316 0.000000e+00
1317 0.000000e+00
1318 0.000000e+00
1319 0.000000e+00
1320 3.082516e-07
1321 3.220186e-07
1322 2.928323e-07
1323 2.249920e-07
1324 1.624739e-07
1325 1.219973e-07
1326 6.924620e-08
1327 4.203261e-08
1328 2.366715e-08
1329 1.361750e-08
1330 8.127347e-09
1331 0.000000e+00
1332 0.000000e+00
1333 0.000000e+00
1334 0.000000e+00
1335 3.845365e-07
1336 4.018305e-07
1337 3.655730e-07
1338 2.809887e-07
1339 2.028922e-07
1340 1.523795e-07
1341 8.652736e-08
1342 5.254647e-08
1343 2.957781e-08
1344 1.701242e-08
1345 1.015073e-08
1346 0.000000e+00
1347 0.000000e+00
1348 0.000000e+00
1349 0.000000e+00
1350 7.277487e-08
1351 7.877172e-08
1352 7.553604e-08
1353 6.121190e-08
1354 4.416029e-08
1355 3.329103e-08
1356 2.079535e-08
1357 1.275018e-08
1358 7.078514e-09
1359 3.897735e-09
1360 2.252776e-09
1361 1.370027e-09
1362 0.000000e+00
1363 0.000000e+00
1364 0.000000e+00
1365 1.388554e-07
1366 1.505480e-07
1367 1.447317e-07
1368 1.176389e-07
1369 8.492468e-08
1370 6.395955e-08
1371 4.022826e-08
1372 2.459145e-08
1373 1.365525e-08
1374 7.523069e-09
1375 4.337992e-09
1376 2.632295e-09
1377 0.000000e+00
1378 0.000000e+00
1379 0.000000e+00
1380 2.013797e-07
1381 2.184653e-07
1382 2.102134e-07
1383 1.710432e-07
1384 1.235078e-07
1385 9.298499e-08
1386 5.862496e-08
1387 3.579965e-08
1388 1.988049e-08
1389 1.095497e-08
1390 6.311701e-09
1391 3.826947e-09
1392 0.000000e+00
1393 0.000000e+00
1394 0.000000e+00
1395 2.743172e-07
1396 2.976941e-07
1397 2.866003e-07
1398 2.333400e-07
1399 1.685146e-07
1400 1.268432e-07
1401 8.008490e-08
1402 4.887401e-08
1403 2.714220e-08
1404 1.495818e-08
1405 8.614020e-09
1406 5.220527e-09
1407 0.000000e+00
1408 0.000000e+00
1409 0.000000e+00
1410 5.926333e-08
1411 6.614130e-08
1412 6.644476e-08
1413 5.707303e-08
1414 4.206778e-08
1415 3.098464e-08
1416 2.182771e-08
1417 1.245411e-08
1418 7.011301e-09
1419 3.967396e-09
1420 2.206824e-09
1421 1.287060e-09
1422 0.000000e+00
1423 0.000000e+00
1424 0.000000e+00
1425 1.182726e-07
1426 1.321870e-07
1427 1.330818e-07
1428 1.146529e-07
1429 8.465536e-08
1430 6.227255e-08
1431 4.408083e-08
1432 2.506716e-08
1433 1.414308e-08
1434 8.001718e-09
1435 4.448461e-09
1436 2.589217e-09
1437 0.000000e+00
1438 0.000000e+00
1439 0.000000e+00
1440 1.868072e-07
1441 2.088953e-07
1442 2.104783e-07
1443 1.815306e-07
1444 1.341207e-07
1445 9.861272e-08
1446 6.992815e-08
1447 3.971735e-08
1448 2.242711e-08
1449 1.268766e-08
1450 7.052214e-09
1451 4.101665e-09
1452 0.000000e+00
1453 0.000000e+00
1454 0.000000e+00
1455 5.164876e-08
1456 5.918796e-08
1457 6.186660e-08
1458 5.621224e-08
1459 4.310858e-08
1460 3.113544e-08
1461 2.338596e-08
1462 1.311092e-08
1463 7.842323e-09
1464 4.296624e-09
1465 2.368634e-09
1466 1.322553e-09
1467 0.000000e+00
1468 0.000000e+00
1469 0.000000e+00
1470 1.147316e-07
1471 1.316514e-07
1472 1.378779e-07
1473 1.256398e-07
1474 9.660283e-08
1475 6.973247e-08
1476 5.244885e-08
1477 2.949406e-08
1478 1.770329e-08
1479 9.680898e-09
1480 5.324130e-09
1481 2.966697e-09
1482 0.000000e+00
1483 0.000000e+00
1484 0.000000e+00
1485 5.389916e-08
1486 6.333478e-08
1487 6.867309e-08
1488 6.592982e-08
1489 5.345870e-08
1490 3.857371e-08
1491 2.909960e-08
1492 1.809464e-08
1493 1.101170e-08
1494 5.975648e-09
1495 3.147433e-09
1496 1.698099e-09
1497 9.456274e-10
1498 0.000000e+00
1499 0.000000e+00
1500 1.109684e-04
1501 8.086786e-05
1502 6.035546e-05
1503 3.805236e-05
1504 2.321989e-05
1505 1.369104e-05
1506 8.324421e-06
1507 5.304277e-06
1508 3.565556e-06
1509 0.000000e+00
1510 0.000000e+00
1511 0.000000e+00
1512 0.000000e+00
1513 0.000000e+00
1514 0.000000e+00
1515 5.757601e-05
1516 4.644359e-05
1517 3.369791e-05
1518 2.528332e-05
1519 1.597668e-05
1520 9.754545e-06
1521 5.648866e-06
1522 3.364481e-06
1523 2.093966e-06
1524 1.379138e-06
1525 0.000000e+00
1526 0.000000e+00
1527 0.000000e+00
1528 0.000000e+00
1529 0.000000e+00
1530 4.047788e-05
1531 3.713775e-05
1532 2.882267e-05
1533 2.080348e-05
1534 1.566222e-05
1535 9.111532e-06
1536 5.625604e-06
1537 3.225263e-06
1538 1.896511e-06
1539 1.174730e-06
1540 0.000000e+00
1541 0.000000e+00
1542 0.000000e+00
1543 0.000000e+00
1544 0.000000e+00
1545 2.912801e-05
1546 2.891312e-05
1547 2.448503e-05
1548 1.793535e-05
1549 1.328396e-05
1550 9.154542e-06
1551 5.351144e-06
1552 3.053081e-06
1553 1.771954e-06
1554 1.042590e-06
1555 6.506122e-07
1556 0.000000e+00
1557 0.000000e+00
1558 0.000000e+00
1559 0.000000e+00
1560 2.085098e-05
1561 2.179680e-05
1562 1.983793e-05
1563 1.524768e-05
1564 1.100576e-05
1565 8.274949e-06
1566 4.689296e-06
1567 2.850415e-06
1568 1.602925e-06
1569 9.233707e-07
1570 5.506294e-07
1571 0.000000e+00
1572 0.000000e+00
1573 0.000000e+00
1574 0.000000e+00
1575 1.487210e-05
1576 1.614453e-05
1577 1.554949e-05
1578 1.266314e-05
1579 9.143013e-06
1580 6.883420e-06
1581 4.347301e-06
1582 2.655947e-06
1583 1.474901e-06
1584 8.112783e-07
1585 4.673052e-07
1586 2.832009e-07
1587 0.000000e+00
1588 0.000000e+00
1589 0.000000e+00
1590 1.001028e-05
1591 1.119728e-05
1592 1.128693e-05
1593 9.739022e-06
1594 7.195644e-06
1595 5.289411e-06
1596 3.755371e-06
1597 2.130464e-06
1598 1.202339e-06
1599 6.811759e-07
1600 3.783133e-07
1601 2.200058e-07
1602 0.000000e+00
1603 0.000000e+00
1604 0.000000e+00
1605 6.201116e-06
1606 7.118100e-06
1607 7.458527e-06
1608 6.801106e-06
1609 5.231433e-06
1610 3.775220e-06
1611 2.841823e-06
1612 1.597077e-06
1613 9.596537e-07
1614 5.242846e-07
1615 2.885232e-07
1616 1.606418e-07
1617 0.000000e+00
1618 0.000000e+00
1619 0.000000e+00
1620 3.163407e-06
1621 3.720115e-06
1622 4.038202e-06
1623 3.883392e-06
1624 3.154630e-06
1625 2.276770e-06
1626 1.716871e-06
1627 1.071974e-06
1628 6.518364e-07
1629 3.538249e-07
1630 1.861971e-07
1631 1.003484e-07
1632 5.578990e-08
1633 0.000000e+00
1634 0.000000e+00
1635 8.891198e-07
1636 1.072208e-06
1637 1.206146e-06
1638 1.224576e-06
1639 1.066696e-06
1640 7.933436e-07
1641 5.815894e-07
1642 4.169104e-07
1643 2.343421e-07
1644 1.314261e-07
1645 7.164692e-08
1646 3.730540e-08
1647 1.958823e-08
1648 0.000000e+00
1649 0.000000e+00
