0 2.243371e-09
1 1.458273e-09
2 9.172106e-10
3 5.776712e-10
4 3.712579e-10
5 2.442591e-10
6 1.624341e-10
7 1.066943e-10
8 6.762361e-11
9 4.062971e-11
10 2.291258e-11
11 1.211004e-11
12 6.039270e-12
13 2.874037e-12
14 1.321560e-12
15 3.791490e-09
16 2.522190e-09
17 1.603426e-09
18 9.994400e-10
19 6.319418e-10
20 4.092045e-10
21 2.707018e-10
22 1.795135e-10
23 1.164040e-10
24 7.221643e-11
25 4.221299e-11
26 2.310495e-11
27 1.187068e-11
28 5.778393e-12
29 2.698259e-12
30 4.346416e-09
31 2.911149e-09
32 1.861031e-09
33 1.158853e-09
34 7.297262e-10
35 4.700080e-10
36 3.098947e-10
37 2.056730e-10
38 1.340062e-10
39 8.379886e-11
40 4.947923e-11
41 2.737204e-11
42 1.419783e-11
43 6.964908e-12
44 3.270011e-12
45 4.652693e-09
46 3.125958e-09
47 2.003389e-09
48 1.247031e-09
49 7.837767e-10
50 5.036042e-10
51 3.315975e-10
52 2.200810e-10
53 1.437165e-10
54 9.018872e-11
55 5.348352e-11
56 2.971990e-11
57 1.548243e-11
58 7.620677e-12
59 3.586407e-12
60 4.857939e-09
61 3.270109e-09
62 2.098755e-09
63 1.306110e-09
64 8.199751e-10
65 5.261821e-10
66 3.461578e-10
67 2.297899e-10
68 1.502201e-10
69 9.448093e-11
70 5.618653e-11
71 3.131012e-11
72 1.634658e-11
73 8.060616e-12
74 3.800985e-12
75 5.012183e-09
76 3.378058e-09
77 2.170398e-09
78 1.350395e-09
79 8.471740e-10
80 5.431209e-10
81 3.570542e-10
82 2.370539e-10
83 1.551462e-10
84 9.772256e-11
85 5.820204e-11
86 3.249140e-11
87 1.699494e-11
88 8.391510e-12
89 3.958498e-12
90 5.137026e-09
91 3.465807e-09
92 2.228482e-09
93 1.386610e-09
94 8.693493e-10
95 5.568460e-10
96 3.659442e-10
97 2.429707e-10
98 1.591326e-10
99 1.003393e-10
100 5.985352e-11
101 3.345977e-11
102 1.752222e-11
103 8.660468e-12
104 4.088400e-12
105 5.246978e-09
106 3.542465e-09
107 2.279764e-09
108 1.418268e-09
109 8.886744e-10
110 5.688970e-10
111 3.736910e-10
112 2.481391e-10
113 1.625427e-10
114 1.025895e-10
115 6.126072e-11
116 3.429928e-11
117 1.798442e-11
118 8.896239e-12
119 4.198896e-12
120 5.353641e-09
121 3.617677e-09
122 2.329513e-09
123 1.448976e-09
124 9.074899e-10
125 5.805723e-10
126 3.811901e-10
127 2.531656e-10
128 1.659798e-10
129 1.048533e-10
130 6.269022e-11
131 3.512409e-11
132 1.843182e-11
133 9.124460e-12
134 4.312292e-12
135 5.469963e-09
136 3.698853e-09
137 2.383988e-09
138 1.482799e-09
139 9.281964e-10
140 5.934956e-10
141 3.895335e-10
142 2.586460e-10
143 1.697089e-10
144 1.073252e-10
145 6.423383e-11
146 3.603074e-11
147 1.892729e-11
148 9.375471e-12
149 4.433360e-12
150 7.896667e-09
151 5.436745e-09
152 3.571070e-09
153 2.230702e-09
154 1.383247e-09
155 8.720663e-10
156 5.655476e-10
157 3.742685e-10
158 2.474539e-10
159 1.593049e-10
160 9.770353e-11
161 5.630969e-11
162 3.035082e-11
163 1.536203e-11
164 7.380419e-12
165 9.979583e-09
166 6.957813e-09
167 4.636159e-09
168 2.926294e-09
169 1.805278e-09
170 1.128854e-09
171 7.241620e-10
172 4.761346e-10
173 3.152666e-10
174 2.048436e-10
175 1.275974e-10
176 7.496396e-11
177 4.121842e-11
178 2.124096e-11
179 1.034906e-11
180 1.119204e-08
181 7.847990e-09
182 5.260378e-09
183 3.337576e-09
184 2.055766e-09
185 1.281388e-09
186 8.178225e-10
187 5.360265e-10
188 3.549587e-10
189 2.314983e-10
190 1.451321e-10
191 8.594888e-11
192 4.766332e-11
193 2.475529e-11
194 1.213793e-11
195 1.200881e-08
196 8.448394e-09
197 5.681858e-09
198 3.615434e-09
199 2.225252e-09
200 1.384363e-09
201 8.810035e-10
202 5.765099e-10
203 3.817610e-10
204 2.494812e-10
205 1.569624e-10
206 9.337363e-11
207 5.202321e-11
208 2.713383e-11
209 1.334890e-11
210 1.262035e-08
211 8.898609e-09
212 5.998337e-09
213 3.822966e-09
214 2.352145e-09
215 1.461525e-09
216 9.284818e-10
217 6.067708e-10
218 4.018088e-10
219 2.629246e-10
220 1.657991e-10
221 9.892751e-11
222 5.528703e-11
223 2.891059e-11
224 1.425517e-11
225 1.311786e-08
226 9.262976e-09
227 6.253539e-09
228 3.992208e-09
229 2.454768e-09
230 1.524085e-09
231 9.667677e-10
232 6.313270e-10
233 4.180706e-10
234 2.738369e-10
235 1.729841e-10
236 1.034157e-10
237 5.791559e-11
238 3.034881e-11
239 1.498720e-11
240 1.354914e-08
241 9.579982e-09
242 6.476654e-09
243 4.139235e-09
244 2.544739e-09
245 1.578721e-09
246 1.000205e-09
247 6.526282e-10
248 4.322744e-10
249 2.833627e-10
250 1.792502e-10
251 1.073434e-10
252 6.022596e-11
253 3.160877e-11
254 1.562349e-11
255 1.397136e-08
256 9.890270e-09
257 6.694850e-09
258 4.283171e-09
259 2.632083e-09
260 1.631747e-09
261 1.032867e-09
262 6.735065e-10
263 4.461197e-10
264 2.926499e-10
265 1.853606e-10
266 1.111849e-10
267 6.247649e-11
268 3.283325e-11
269 1.625340e-11
270 1.443926e-08
271 1.023381e-08
272 6.935884e-09
273 4.441737e-09
274 2.728614e-09
275 1.690979e-09
276 1.069360e-09
277 6.967694e-10
278 4.614277e-10
279 3.029307e-10
280 1.921380e-10
281 1.154337e-10
282 6.496427e-11
283 3.419195e-11
284 1.694273e-11
285 1.363954e-08
286 9.703374e-09
287 6.590184e-09
288 4.252223e-09
289 2.620466e-09
290 1.623004e-09
291 1.023311e-09
292 6.638498e-10
293 4.379491e-10
294 2.870399e-10
295 1.822478e-10
296 1.099201e-10
297 6.225223e-11
298 3.300743e-11
299 1.647034e-11
300 1.604623e-08
301 1.154573e-08
302 7.912732e-09
303 5.163847e-09
304 3.194296e-09
305 1.968668e-09
306 1.231526e-09
307 7.927709e-10
308 5.210847e-10
309 3.423113e-10
310 2.190536e-10
311 1.337069e-10
312 7.680868e-11
313 4.132022e-11
314 2.088431e-11
315 1.769911e-08
316 1.281833e-08
317 8.828345e-09
318 5.797220e-09
319 3.595637e-09
320 2.209652e-09
321 1.377041e-09
322 8.826383e-10
323 5.788255e-10
324 3.805985e-10
325 2.445347e-10
326 1.501996e-10
327 8.693046e-11
328 4.712144e-11
329 2.397742e-11
330 1.894159e-08
331 1.377451e-08
332 9.513878e-09
333 6.270059e-09
334 3.896343e-09
335 2.390442e-09
336 1.486030e-09
337 9.500018e-10
338 6.222230e-10
339 4.093229e-10
340 2.636360e-10
341 1.625609e-10
342 9.451880e-11
343 5.147270e-11
344 2.629684e-11
345 1.994789e-08
346 1.454898e-08
347 1.007248e-08
348 6.656510e-09
349 4.140235e-09
350 2.537126e-09
351 1.574376e-09
352 1.004590e-09
353 6.572353e-10
354 4.325614e-10
355 2.791253e-10
356 1.725849e-10
357 1.006681e-10
358 5.499936e-11
359 2.817849e-11
360 2.082638e-08
361 1.522545e-08
362 1.055940e-08
363 6.991563e-09
364 4.352688e-09
365 2.665053e-09
366 1.651407e-09
367 1.052174e-09
368 6.878268e-10
369 4.528697e-10
370 2.926273e-10
371 1.813230e-10
372 1.060308e-10
373 5.807122e-11
374 2.981613e-11
375 2.167791e-08
376 1.588072e-08
377 1.103018e-08
378 7.317382e-09
379 4.558710e-09
380 2.789167e-09
381 1.726264e-09
382 1.098350e-09
383 7.175316e-10
384 4.725738e-10
385 3.057525e-10
386 1.898148e-10
387 1.112396e-10
388 6.105626e-11
389 3.140733e-11
390 2.262881e-08
391 1.661345e-08
392 1.155679e-08
393 7.681438e-09
394 4.789594e-09
395 2.928469e-09
396 1.810192e-09
397 1.150225e-09
398 7.507496e-10
399 4.946408e-10
400 3.204365e-10
401 1.993196e-10
402 1.170748e-10
403 6.439591e-11
404 3.318907e-11
405 1.966037e-08
406 1.440641e-08
407 9.997047e-09
408 6.626981e-09
409 4.147383e-09
410 2.539854e-09
411 1.575097e-09
412 1.001543e-09
413 6.529140e-10
414 4.288304e-10
415 2.766686e-10
416 1.714126e-10
417 1.003896e-10
418 5.515119e-11
419 2.843012e-11
420 2.231829e-08
421 1.654485e-08
422 1.157072e-08
423 7.734403e-09
424 4.881942e-09
425 2.981435e-09
426 1.840989e-09
427 1.161894e-09
428 7.531722e-10
429 4.940495e-10
430 3.199367e-10
431 1.997907e-10
432 1.182669e-10
433 6.575329e-11
434 3.429143e-11
435 2.432478e-08
436 1.816723e-08
437 1.276388e-08
438 8.577114e-09
439 5.441217e-09
440 3.318348e-09
441 2.044241e-09
442 1.284144e-09
443 8.296627e-10
444 5.436905e-10
445 3.528420e-10
446 2.213710e-10
447 1.318738e-10
448 7.383729e-11
449 3.877010e-11
450 2.596233e-08
451 1.948303e-08
452 1.373531e-08
453 9.261669e-09
454 5.894962e-09
455 3.592413e-09
456 2.208830e-09
457 1.383440e-09
458 8.914686e-10
459 5.839311e-10
460 3.795197e-10
461 2.388671e-10
462 1.429050e-10
463 8.038923e-11
464 4.240009e-11
465 2.738470e-08
466 2.063251e-08
467 1.458229e-08
468 9.856761e-09
469 6.290807e-09
470 3.831368e-09
471 2.352290e-09
472 1.469896e-09
473 9.456041e-10
474 6.190630e-10
475 4.028000e-10
476 2.541321e-10
477 1.525305e-10
478 8.610788e-11
479 4.556946e-11
480 2.876422e-08
481 2.174219e-08
482 1.540256e-08
483 1.043389e-08
484 6.675297e-09
485 4.062729e-09
486 2.491740e-09
487 1.553667e-09
488 9.979519e-10
489 6.530840e-10
490 4.253702e-10
491 2.689361e-10
492 1.618617e-10
493 9.165004e-11
494 4.863635e-11
495 3.030638e-08
496 2.298526e-08
497 1.631806e-08
498 1.107987e-08
499 7.103443e-09
500 4.320992e-09
501 2.647150e-09
502 1.647394e-09
503 1.056444e-09
504 6.910826e-10
505 4.505588e-10
506 2.854382e-10
507 1.722780e-10
508 9.783716e-11
509 5.206517e-11
510 2.600428e-08
511 1.960933e-08
512 1.387271e-08
513 9.370777e-09
514 5.995830e-09
515 3.661741e-09
516 2.249630e-09
517 1.404973e-09
518 9.024646e-10
519 5.895808e-10
520 3.828541e-10
521 2.412249e-10
522 1.447391e-10
523 8.178659e-11
524 4.337287e-11
525 2.891546e-08
526 2.205656e-08
527 1.572798e-08
528 1.069500e-08
529 6.902496e-09
530 4.222311e-09
531 2.585324e-09
532 1.604060e-09
533 1.024257e-09
534 6.669260e-10
535 4.335382e-10
536 2.745637e-10
537 1.660984e-10
538 9.480306e-11
539 5.080840e-11
540 3.128820e-08
541 2.405273e-08
542 1.724239e-08
543 1.177814e-08
544 7.643336e-09
545 4.682188e-09
546 2.859609e-09
547 1.767093e-09
548 1.123587e-09
549 7.301064e-10
550 4.749150e-10
551 3.017744e-10
552 1.835346e-10
553 1.054340e-10
554 5.688669e-11
555 3.335463e-08
556 2.579202e-08
557 1.856394e-08
558 1.272014e-08
559 8.288925e-09
560 5.081683e-09
561 3.098720e-09
562 1.909178e-09
563 1.210339e-09
564 7.851506e-10
565 5.109586e-10
566 3.254786e-10
567 1.987242e-10
568 1.146947e-10
569 6.218090e-11
570 3.536331e-08
571 2.748316e-08
572 1.984872e-08
573 1.363724e-08
574 8.917643e-09
575 5.471377e-09
576 3.331512e-09
577 2.047304e-09
578 1.294707e-09
579 8.387188e-10
580 5.460507e-10
581 3.485542e-10
582 2.135095e-10
583 1.237098e-10
584 6.733522e-11
585 3.761095e-08
586 2.937032e-08
587 2.128185e-08
588 1.465983e-08
589 9.616481e-09
590 5.904406e-09
591 3.590533e-09
592 2.200984e-09
593 1.388533e-09
594 8.982921e-10
595 5.850709e-10
596 3.742219e-10
597 2.299587e-10
598 1.337380e-10
599 7.306816e-11
600 3.277277e-08
601 2.540225e-08
602 1.832942e-08
603 1.257153e-08
604 8.207506e-09
605 5.052673e-09
606 3.078551e-09
607 1.895830e-09
608 1.199645e-09
609 7.764665e-10
610 5.044369e-10
611 3.210999e-10
612 1.961565e-10
613 1.134179e-10
614 6.166993e-11
615 3.600928e-08
616 2.823014e-08
617 2.054455e-08
618 1.417732e-08
619 9.326275e-09
620 5.772081e-09
621 3.505081e-09
622 2.148880e-09
623 1.351059e-09
624 8.704661e-10
625 5.649715e-10
626 3.607290e-10
627 2.217614e-10
628 1.293236e-10
629 7.100035e-11
630 3.883541e-08
631 3.070157e-08
632 2.248374e-08
633 1.558008e-08
634 1.030509e-08
635 6.401435e-09
636 3.878566e-09
637 2.370407e-09
638 1.483772e-09
639 9.526821e-10
640 6.178994e-10
641 3.953731e-10
642 2.441465e-10
643 1.432319e-10
644 7.916154e-11
645 4.157883e-08
646 3.310061e-08
647 2.436523e-08
648 1.694327e-08
649 1.125549e-08
650 7.012657e-09
651 4.241009e-09
652 2.585691e-09
653 1.612484e-09
654 1.032522e-09
655 6.692986e-10
656 4.290178e-10
657 2.658843e-10
658 1.567373e-10
659 8.708476e-11
660 4.464790e-08
661 3.577796e-08
662 2.646600e-08
663 1.846463e-08
664 1.231453e-08
665 7.694211e-09
666 4.645235e-09
667 2.825327e-09
668 1.755926e-09
669 1.121497e-09
670 7.265751e-10
671 4.665148e-10
672 2.901154e-10
673 1.717918e-10
674 9.591834e-11
675 4.018438e-08
676 3.198964e-08
677 2.357448e-08
678 1.640330e-08
679 1.089390e-08
680 6.809245e-09
681 4.121521e-09
682 2.515377e-09
683 1.567185e-09
684 1.001961e-09
685 6.482904e-10
686 4.148347e-10
687 2.568157e-10
688 1.513594e-10
689 8.417261e-11
690 4.392082e-08
691 3.536675e-08
692 2.631858e-08
693 1.842614e-08
694 1.232054e-08
695 7.757915e-09
696 4.688362e-09
697 2.852462e-09
698 1.765469e-09
699 1.122039e-09
700 7.240098e-10
701 4.638813e-10
702 2.885611e-10
703 1.713399e-10
704 9.614401e-11
705 4.754093e-08
706 3.865047e-08
707 2.897936e-08
708 2.039370e-08
709 1.370697e-08
710 8.680211e-09
711 5.239221e-09
712 3.179737e-09
713 1.958058e-09
714 1.238679e-09
715 7.975944e-10
716 5.115267e-10
717 3.193974e-10
718 1.907485e-10
719 1.077777e-10
720 5.158612e-08
721 4.231287e-08
722 3.193971e-08
723 2.258181e-08
724 1.524830e-08
725 9.706147e-09
726 5.852047e-09
727 3.544233e-09
728 2.172195e-09
729 1.368494e-09
730 8.794034e-10
731 5.645133e-10
732 3.536967e-10
733 2.123351e-10
734 1.207164e-10
735 4.868771e-08
736 3.981411e-08
737 3.003058e-08
738 2.122669e-08
739 1.431160e-08
740 9.114057e-09
741 5.513696e-09
742 3.341802e-09
743 2.049964e-09
744 1.291454e-09
745 8.287455e-10
746 5.307999e-10
747 3.317456e-10
748 1.987205e-10
749 1.128137e-10
750 5.341215e-08
751 4.423821e-08
752 3.375198e-08
753 2.404233e-08
754 1.631675e-08
755 1.048267e-08
756 6.352719e-09
757 3.837838e-09
758 2.338469e-09
759 1.462848e-09
760 9.342582e-10
761 5.979564e-10
762 3.749896e-10
763 2.261355e-10
764 1.295331e-10
765 5.867678e-08
766 4.916817e-08
767 3.788202e-08
768 2.717022e-08
769 1.854552e-08
770 1.200461e-08
771 7.285925e-09
772 4.389896e-09
773 2.659006e-09
774 1.653346e-09
775 1.051510e-09
776 6.726111e-10
777 4.230735e-10
778 2.566187e-10
779 1.481234e-10
780 5.955487e-08
781 5.016972e-08
782 3.890795e-08
783 2.805682e-08
784 1.921105e-08
785 1.249360e-08
786 7.627975e-09
787 4.586204e-09
788 2.772604e-09
789 1.716292e-09
790 1.086617e-09
791 6.929286e-10
792 4.355032e-10
793 2.645584e-10
794 1.532562e-10
795 6.653306e-08
796 5.693371e-08
797 4.481274e-08
798 3.268179e-08
799 2.255695e-08
800 1.482149e-08
801 9.116042e-09
802 5.459376e-09
803 3.280311e-09
804 2.011489e-09
805 1.263238e-09
806 8.024998e-10
807 5.050635e-10
808 3.086495e-10
809 1.804914e-10
810 7.615014e-08
811 6.659538e-08
812 5.363427e-08
813 3.988079e-08
814 2.788701e-08
815 1.858286e-08
816 1.162396e-08
817 6.944510e-09
818 4.149235e-09
819 2.506719e-09
820 1.550314e-09
821 9.747128e-10
822 6.116909e-10
823 3.755512e-10
824 2.220313e-10
825 5.054568e-07
826 3.691893e-07
827 2.735614e-07
828 1.702866e-07
829 1.037366e-07
830 6.145552e-08
831 3.752497e-08
832 2.407359e-08
833 1.625085e-08
834 0.000000e+00
835 0.000000e+00
836 0.000000e+00
837 0.000000e+00
838 0.000000e+00
839 0.000000e+00
840 7.609680e-07
841 5.559552e-07
842 4.123971e-07
843 2.596341e-07
844 1.577817e-07
845 9.335666e-08
846 5.689702e-08
847 3.636669e-08
848 2.448238e-08
849 0.000000e+00
850 0.000000e+00
851 0.000000e+00
852 0.000000e+00
853 0.000000e+00
854 0.000000e+00
855 9.034708e-07
856 6.601393e-07
857 4.898344e-07
858 3.095543e-07
859 1.879543e-07
860 1.111685e-07
861 6.771198e-08
862 4.322638e-08
863 2.907417e-08
864 0.000000e+00
865 0.000000e+00
866 0.000000e+00
867 0.000000e+00
868 0.000000e+00
869 0.000000e+00
870 9.993278e-07
871 7.302182e-07
872 5.419243e-07
873 3.431341e-07
874 2.082519e-07
875 1.231503e-07
876 7.498702e-08
877 4.784112e-08
878 3.216291e-08
879 0.000000e+00
880 0.000000e+00
881 0.000000e+00
882 0.000000e+00
883 0.000000e+00
884 0.000000e+00
885 1.071193e-06
886 7.827614e-07
887 5.809742e-07
888 3.683088e-07
889 2.234694e-07
890 1.321335e-07
891 8.044121e-08
892 5.130076e-08
893 3.447879e-08
894 0.000000e+00
895 0.000000e+00
896 0.000000e+00
897 0.000000e+00
898 0.000000e+00
899 0.000000e+00
900 1.129439e-06
901 8.253442e-07
902 6.126261e-07
903 3.887123e-07
904 2.358020e-07
905 1.394142e-07
906 8.486152e-08
907 5.410480e-08
908 3.635564e-08
909 0.000000e+00
910 0.000000e+00
911 0.000000e+00
912 0.000000e+00
913 0.000000e+00
914 0.000000e+00
915 1.180268e-06
916 8.625041e-07
917 6.402459e-07
918 4.065191e-07
919 2.465652e-07
920 1.457672e-07
921 8.871918e-08
922 5.655163e-08
923 3.799350e-08
924 0.000000e+00
925 0.000000e+00
926 0.000000e+00
927 0.000000e+00
928 0.000000e+00
929 0.000000e+00
930 1.229663e-06
931 8.986175e-07
932 6.670877e-07
933 4.238227e-07
934 2.570241e-07
935 1.519409e-07
936 9.246785e-08
937 5.892941e-08
938 3.958506e-08
939 0.000000e+00
940 0.000000e+00
941 0.000000e+00
942 0.000000e+00
943 0.000000e+00
944 0.000000e+00
945 1.284683e-06
946 9.388454e-07
947 6.969857e-07
948 4.430983e-07
949 2.686743e-07
950 1.588185e-07
951 9.664394e-08
952 6.157795e-08
953 4.135810e-08
954 0.000000e+00
955 0.000000e+00
956 0.000000e+00
957 0.000000e+00
958 0.000000e+00
959 0.000000e+00
960 3.374381e-07
961 2.687517e-07
962 1.949537e-07
963 1.462000e-07
964 9.045910e-08
965 5.537175e-08
966 3.218444e-08
967 1.924455e-08
968 1.206014e-08
969 7.984600e-09
970 0.000000e+00
971 0.000000e+00
972 0.000000e+00
973 0.000000e+00
974 0.000000e+00
975 5.201701e-07
976 4.171116e-07
977 3.028585e-07
978 2.269096e-07
979 1.422098e-07
980 8.670945e-08
981 5.036335e-08
982 3.007448e-08
983 1.877926e-08
984 1.239707e-08
985 0.000000e+00
986 0.000000e+00
987 0.000000e+00
988 0.000000e+00
989 0.000000e+00
990 6.448120e-07
991 5.183992e-07
992 3.765467e-07
993 2.820115e-07
994 1.775998e-07
995 1.081223e-07
996 6.278598e-08
997 3.747520e-08
998 2.336911e-08
999 1.541004e-08
1000 0.000000e+00
1001 0.000000e+00
1002 0.000000e+00
1003 0.000000e+00
1004 0.000000e+00
1005 7.382357e-07
1006 5.943126e-07
1007 4.317715e-07
1008 3.233096e-07
1009 2.041234e-07
1010 1.241698e-07
1011 7.209649e-08
1012 4.302199e-08
1013 2.680897e-08
1014 1.766814e-08
1015 0.000000e+00
1016 0.000000e+00
1017 0.000000e+00
1018 0.000000e+00
1019 0.000000e+00
1020 8.139596e-07
1021 6.558390e-07
1022 4.765327e-07
1023 3.567807e-07
1024 2.256220e-07
1025 1.371778e-07
1026 7.964314e-08
1027 4.751755e-08
1028 2.959718e-08
1029 1.949827e-08
1030 0.000000e+00
1031 0.000000e+00
1032 0.000000e+00
1033 0.000000e+00
1034 0.000000e+00
1035 8.800254e-07
1036 7.095243e-07
1037 5.155916e-07
1038 3.859857e-07
1039 2.443794e-07
1040 1.485270e-07
1041 8.622743e-08
1042 5.144028e-08
1043 3.202995e-08
1044 2.109535e-08
1045 0.000000e+00
1046 0.000000e+00
1047 0.000000e+00
1048 0.000000e+00
1049 0.000000e+00
1050 9.442396e-07
1051 7.617052e-07
1052 5.535507e-07
1053 4.143703e-07
1054 2.626093e-07
1055 1.595586e-07
1056 9.262726e-08
1057 5.525269e-08
1058 3.439439e-08
1059 2.264744e-08
1060 0.000000e+00
1061 0.000000e+00
1062 0.000000e+00
1063 0.000000e+00
1064 0.000000e+00
1065 1.015768e-06
1066 8.198310e-07
1067 5.958365e-07
1068 4.459927e-07
1069 2.829175e-07
1070 1.718473e-07
1071 9.975607e-08
1072 5.949995e-08
1073 3.702828e-08
1074 2.437647e-08
1075 0.000000e+00
1076 0.000000e+00
1077 0.000000e+00
1078 0.000000e+00
1079 0.000000e+00
1080 1.982443e-07
1081 1.802986e-07
1082 1.389054e-07
1083 1.004501e-07
1084 7.527138e-08
1085 4.351108e-08
1086 2.666755e-08
1087 1.537573e-08
1088 9.092259e-09
1089 5.656643e-09
1090 0.000000e+00
1091 0.000000e+00
1092 0.000000e+00
1093 0.000000e+00
1094 0.000000e+00
1095 3.303219e-07
1096 3.017463e-07
1097 2.334273e-07
1098 1.686980e-07
1099 1.265988e-07
1100 7.359033e-08
1101 4.522186e-08
1102 2.601165e-08
1103 1.532689e-08
1104 9.513566e-09
1105 0.000000e+00
1106 0.000000e+00
1107 0.000000e+00
1108 0.000000e+00
1109 0.000000e+00
1110 4.306280e-07
1111 3.940343e-07
1112 3.052904e-07
1113 2.205837e-07
1114 1.656231e-07
1115 9.648068e-08
1116 5.934315e-08
1117 3.410488e-08
1118 2.006900e-08
1119 1.244631e-08
1120 0.000000e+00
1121 0.000000e+00
1122 0.000000e+00
1123 0.000000e+00
1124 0.000000e+00
1125 5.118675e-07
1126 4.687719e-07
1127 3.634880e-07
1128 2.626035e-07
1129 1.972257e-07
1130 1.150174e-07
1131 7.077884e-08
1132 4.065897e-08
1133 2.390921e-08
1134 1.482137e-08
1135 0.000000e+00
1136 0.000000e+00
1137 0.000000e+00
1138 0.000000e+00
1139 0.000000e+00
1140 5.827486e-07
1141 5.339873e-07
1142 4.142683e-07
1143 2.992682e-07
1144 2.248018e-07
1145 1.311919e-07
1146 8.075741e-08
1147 4.637790e-08
1148 2.726008e-08
1149 1.689370e-08
1150 0.000000e+00
1151 0.000000e+00
1152 0.000000e+00
1153 0.000000e+00
1154 0.000000e+00
1155 6.516397e-07
1156 5.973675e-07
1157 4.636216e-07
1158 3.349021e-07
1159 2.516027e-07
1160 1.469119e-07
1161 9.045519e-08
1162 5.193600e-08
1163 3.051673e-08
1164 1.890773e-08
1165 0.000000e+00
1166 0.000000e+00
1167 0.000000e+00
1168 0.000000e+00
1169 0.000000e+00
1170 7.283846e-07
1171 6.679733e-07
1172 5.186008e-07
1173 3.745984e-07
1174 2.814577e-07
1175 1.644239e-07
1176 1.012585e-07
1177 5.812754e-08
1178 3.414473e-08
1179 2.115149e-08
1180 0.000000e+00
1181 0.000000e+00
1182 0.000000e+00
1183 0.000000e+00
1184 0.000000e+00
1185 1.314303e-07
1186 1.297267e-07
1187 1.090837e-07
1188 7.968271e-08
1189 5.919659e-08
1190 4.023021e-08
1191 2.374180e-08
1192 1.352669e-08
1193 7.819631e-09
1194 4.620904e-09
1195 2.894634e-09
1196 0.000000e+00
1197 0.000000e+00
1198 0.000000e+00
1199 0.000000e+00
1200 2.310015e-07
1201 2.286684e-07
1202 1.930170e-07
1203 1.412446e-07
1204 1.047558e-07
1205 7.170471e-08
1206 4.210258e-08
1207 2.402197e-08
1208 1.390600e-08
1209 8.202509e-09
1210 5.127407e-09
1211 0.000000e+00
1212 0.000000e+00
1213 0.000000e+00
1214 0.000000e+00
1215 3.123231e-07
1216 3.095004e-07
1217 2.616147e-07
1218 1.915693e-07
1219 1.419926e-07
1220 9.744469e-08
1221 5.711209e-08
1222 3.260330e-08
1223 1.888242e-08
1224 1.113063e-08
1225 6.952517e-09
1226 0.000000e+00
1227 0.000000e+00
1228 0.000000e+00
1229 0.000000e+00
1230 3.831935e-07
1231 3.799432e-07
1232 3.213903e-07
1233 2.354215e-07
1234 1.744400e-07
1235 1.198757e-07
1236 7.019122e-08
1237 4.008120e-08
1238 2.321897e-08
1239 1.368230e-08
1240 8.542871e-09
1241 0.000000e+00
1242 0.000000e+00
1243 0.000000e+00
1244 0.000000e+00
1245 4.520744e-07
1246 4.484027e-07
1247 3.794879e-07
1248 2.780421e-07
1249 2.059772e-07
1250 1.416761e-07
1251 8.290326e-08
1252 4.734920e-08
1253 2.743378e-08
1254 1.616231e-08
1255 1.008860e-08
1256 0.000000e+00
1257 0.000000e+00
1258 0.000000e+00
1259 0.000000e+00
1260 5.288015e-07
1261 5.246659e-07
1262 4.442070e-07
1263 3.255223e-07
1264 2.411084e-07
1265 1.659601e-07
1266 9.706421e-08
1267 5.544503e-08
1268 3.212871e-08
1269 1.892488e-08
1270 1.181051e-08
1271 0.000000e+00
1272 0.000000e+00
1273 0.000000e+00
1274 0.000000e+00
1275 9.427360e-08
1276 9.815471e-08
1277 8.881614e-08
1278 6.794125e-08
1279 4.911193e-08
1280 3.678611e-08
1281 2.078330e-08
1282 1.255020e-08
1283 7.091784e-09
1284 4.096450e-09
1285 2.452568e-09
1286 0.000000e+00
1287 0.000000e+00
1288 0.000000e+00
1289 0.000000e+00
1290 1.734140e-07
1291 1.809443e-07
1292 1.642572e-07
1293 1.260085e-07
1294 9.102621e-08
1295 6.829095e-08
1296 3.869799e-08
1297 2.344759e-08
1298 1.321876e-08
1299 7.616388e-09
1300 4.550680e-09
1301 0.000000e+00
1302 0.000000e+00
1303 0.000000e+00
1304 0.000000e+00
1305 2.424634e-07
1306 2.531893e-07
1307 2.301013e-07
1308 1.766983e-07
1309 1.276148e-07
1310 9.579446e-08
1311 5.434250e-08
1312 3.296555e-08
1313 1.856968e-08
1314 1.068970e-08
1315 6.382327e-09
1316 0.000000e+00
1317 0.000000e+00
1318 0.000000e+00
1319 0.000000e+00
1320 3.094893e-07
1321 3.233140e-07
1322 2.940132e-07
1323 2.259008e-07
1324 1.631301e-07
1325 1.224904e-07
1326 6.952668e-08
1327 4.220325e-08
1328 2.376308e-08
1329 1.367260e-08
1330 8.160187e-09
1331 0.000000e+00
1332 0.000000e+00
1333 0.000000e+00
1334 0.000000e+00
1335 3.841561e-07
1336 4.014323e-07
1337 3.652105e-07
1338 2.807097e-07
1339 2.026908e-07
1340 1.522281e-07
1341 8.644124e-08
1342 5.249408e-08
1343 2.954836e-08
1344 1.699550e-08
1345 1.014064e-08
1346 0.000000e+00
1347 0.000000e+00
1348 0.000000e+00
1349 0.000000e+00
1350 7.198047e-08
1351 7.790697e-08
1352 7.469983e-08
1353 6.052736e-08
1354 4.366515e-08
1355 3.291916e-08
1356 2.055755e-08
1357 1.260589e-08
1358 6.998350e-09
1359 3.853504e-09
1360 2.227411e-09
1361 1.354718e-09
1362 0.000000e+00
1363 0.000000e+00
1364 0.000000e+00
1365 1.384323e-07
1366 1.500879e-07
1367 1.442877e-07
1368 1.172764e-07
1369 8.466270e-08
1370 6.376265e-08
1371 4.010306e-08
1372 2.451525e-08
1373 1.361297e-08
1374 7.499731e-09
1375 4.324574e-09
1376 2.624183e-09
1377 0.000000e+00
1378 0.000000e+00
1379 0.000000e+00
1380 2.025638e-07
1381 2.197515e-07
1382 2.114535e-07
1383 1.720546e-07
1384 1.242384e-07
1385 9.353453e-08
1386 5.897336e-08
1387 3.601188e-08
1388 1.999837e-08
1389 1.101996e-08
1390 6.349079e-09
1391 3.849572e-09
1392 0.000000e+00
1393 0.000000e+00
1394 0.000000e+00
1395 2.739546e-07
1396 2.973002e-07
1397 2.862206e-07
1398 2.330303e-07
1399 1.682909e-07
1400 1.266749e-07
1401 7.997821e-08
1402 4.880901e-08
1403 2.710609e-08
1404 1.493828e-08
1405 8.602574e-09
1406 5.213599e-09
1407 0.000000e+00
1408 0.000000e+00
1409 0.000000e+00
1410 5.849489e-08
1411 6.527902e-08
1412 6.557164e-08
1413 5.631475e-08
1414 4.150515e-08
1415 3.057228e-08
1416 2.153213e-08
1417 1.228741e-08
1418 6.916717e-09
1419 3.913904e-09
1420 2.177128e-09
1421 1.269865e-09
1422 0.000000e+00
1423 0.000000e+00
1424 0.000000e+00
1425 1.193806e-07
1426 1.334271e-07
1427 1.343331e-07
1428 1.157343e-07
1429 8.545490e-08
1430 6.285993e-08
1431 4.449855e-08
1432 2.530394e-08
1433 1.427696e-08
1434 8.077442e-09
1435 4.490541e-09
1436 2.613659e-09
1437 0.000000e+00
1438 0.000000e+00
1439 0.000000e+00
1440 1.864659e-07
1441 2.085133e-07
1442 2.100928e-07
1443 1.811975e-07
1444 1.338744e-07
1445 9.843172e-08
1446 6.979941e-08
1447 3.964442e-08
1448 2.238585e-08
1449 1.266432e-08
1450 7.039246e-09
1451 4.094128e-09
1452 0.000000e+00
1453 0.000000e+00
1454 0.000000e+00
1455 5.240125e-08
1456 6.005049e-08
1457 6.276848e-08
1458 5.703179e-08
1459 4.373709e-08
1460 3.158937e-08
1461 2.372699e-08
1462 1.330203e-08
1463 7.956688e-09
1464 4.359256e-09
1465 2.403177e-09
1466 1.341835e-09
1467 0.000000e+00
1468 0.000000e+00
1469 0.000000e+00
1470 1.144182e-07
1471 1.312915e-07
1472 1.375003e-07
1473 1.252948e-07
1474 9.633705e-08
1475 6.954066e-08
1476 5.230445e-08
1477 2.941262e-08
1478 1.765427e-08
1479 9.654129e-09
1480 5.309446e-09
1481 2.958529e-09
1482 0.000000e+00
1483 0.000000e+00
1484 0.000000e+00
1485 5.351702e-08
1486 6.288383e-08
1487 6.818121e-08
1488 6.545349e-08
1489 5.306828e-08
1490 3.829147e-08
1491 2.888737e-08
1492 1.795942e-08
1493 1.093023e-08
1494 5.931376e-09
1495 3.124012e-09
1496 1.685567e-09
1497 9.387147e-10
1498 0.000000e+00
1499 0.000000e+00
1500 1.109684e-04
1501 8.086786e-05
1502 6.035546e-05
1503 3.805236e-05
1504 2.321989e-05
1505 1.369104e-05
1506 8.324421e-06
1507 5.304277e-06
1508 3.565556e-06
1509 0.000000e+00
1510 0.000000e+00
1511 0.000000e+00
1512 0.000000e+00
1513 0.000000e+00
1514 0.000000e+00
1515 5.757601e-05
1516 4.644359e-05
1517 3.369791e-05
1518 2.528332e-05
1519 1.597668e-05
1520 9.754545e-06
1521 5.648866e-06
1522 3.364481e-06
1523 2.093966e-06
1524 1.379138e-06
1525 0.000000e+00
1526 0.000000e+00
1527 0.000000e+00
1528 0.000000e+00
1529 0.000000e+00
1530 4.047788e-05
1531 3.713775e-05
1532 2.882267e-05
1533 2.080348e-05
1534 1.566222e-05
1535 9.111532e-06
1536 5.625604e-06
1537 3.225263e-06
1538 1.896511e-06
1539 1.174730e-06
1540 0.000000e+00
1541 0.000000e+00
1542 0.000000e+00
1543 0.000000e+00
1544 0.000000e+00
1545 2.912801e-05
1546 2.891312e-05
1547 2.448503e-05
1548 1.793535e-05
1549 1.328396e-05
1550 9.154542e-06
1551 5.351144e-06
1552 3.053081e-06
1553 1.771954e-06
1554 1.042590e-06
1555 6.506122e-07
1556 0.000000e+00
1557 0.000000e+00
1558 0.000000e+00
1559 0.000000e+00
1560 2.085098e-05
1561 2.179680e-05
1562 1.983793e-05
1563 1.524768e-05
1564 1.100576e-05
1565 8.274949e-06
1566 4.689296e-06
1567 2.850415e-06
1568 1.602925e-06
1569 9.233707e-07
1570 5.506294e-07
1571 0.000000e+00
1572 0.000000e+00
1573 0.000000e+00
1574 0.000000e+00
1575 1.487210e-05
1576 1.614453e-05
1577 1.554949e-05
1578 1.266314e-05
1579 9.143013e-06
1580 6.883420e-06
1581 4.347301e-06
1582 2.655947e-06
1583 1.474901e-06
1584 8.112783e-07
1585 4.673052e-07
1586 2.832009e-07
1587 0.000000e+00
1588 0.000000e+00
1589 0.000000e+00
1590 1.001028e-05
1591 1.119728e-05
1592 1.128693e-05
1593 9.739022e-06
1594 7.195644e-06
1595 5.289411e-06
1596 3.755371e-06
1597 2.130464e-06
1598 1.202339e-06
1599 6.811759e-07
1600 3.783133e-07
1601 2.200058e-07
1602 0.000000e+00
1603 0.000000e+00
1604 0.000000e+00
1605 6.201116e-06
1606 7.118100e-06
1607 7.458527e-06
1608 6.801106e-06
1609 5.231433e-06
1610 3.775220e-06
1611 2.841823e-06
1612 1.597077e-06
1613 9.596537e-07
1614 5.242846e-07
1615 2.885232e-07
1616 1.606418e-07
1617 0.000000e+00
1618 0.000000e+00
1619 0.000000e+00
1620 3.163407e-06
1621 3.720115e-06
1622 4.038202e-06
1623 3.883392e-06
1624 3.154630e-06
1625 2.276770e-06
1626 1.716871e-06
1627 1.071974e-06
1628 6.518364e-07
1629 3.538249e-07
1630 1.861971e-07
1631 1.003484e-07
1632 5.578990e-08
1633 0.000000e+00
1634 0.000000e+00
1635 8.891198e-07
1636 1.072208e-06
1637 1.206146e-06
1638 1.224576e-06
1639 1.066696e-06
1640 7.933436e-07
1641 5.815894e-07
1642 4.169104e-07
1643 2.343421e-07
1644 1.314261e-07
1645 7.164692e-08
1646 3.730540e-08
1647 1.958823e-08
1648 0.000000e+00
1649 0.000000e+00
