0 2.234301e-09
1 1.452230e-09
2 9.133888e-10
3 5.753022e-10
4 3.697648e-10
5 2.432937e-10
6 1.617922e-10
7 1.062652e-10
8 6.734350e-11
9 4.045497e-11
10 2.280990e-11
11 1.205393e-11
12 6.010420e-12
13 2.860039e-12
14 1.315037e-12
15 3.782394e-09
16 2.515955e-09
17 1.599387e-09
18 9.969565e-10
19 6.304019e-10
20 4.082307e-10
21 2.700635e-10
22 1.790865e-10
23 1.161192e-10
24 7.203331e-11
25 4.210138e-11
26 2.304131e-11
27 1.183695e-11
28 5.761692e-12
29 2.690304e-12
30 4.335660e-09
31 2.903763e-09
32 1.856198e-09
33 1.155903e-09
34 7.278896e-10
35 4.688522e-10
36 3.091443e-10
37 2.051679e-10
38 1.336702e-10
39 8.358008e-11
40 4.934487e-11
41 2.729483e-11
42 1.415660e-11
43 6.944357e-12
44 3.260245e-12
45 4.641031e-09
46 3.117926e-09
47 1.998112e-09
48 1.243791e-09
49 7.817820e-10
50 5.023512e-10
51 3.307786e-10
52 2.195349e-10
53 1.433510e-10
54 8.995031e-11
55 5.333734e-11
56 2.963500e-11
57 1.543731e-11
58 7.597886e-12
59 3.575669e-12
60 4.845659e-09
61 3.261619e-09
62 2.093171e-09
63 1.302694e-09
64 8.178841e-10
65 5.248676e-10
66 3.452978e-10
67 2.292157e-10
68 1.498348e-10
69 9.423013e-11
70 5.603142e-11
71 3.122019e-11
72 1.629859e-11
73 8.036470e-12
74 3.788086e-12
75 4.999457e-09
76 3.369232e-09
77 2.164638e-09
78 1.346838e-09
79 8.449927e-10
80 5.417576e-10
81 3.561745e-10
82 2.364595e-10
83 1.547462e-10
84 9.746128e-11
85 5.804091e-11
86 3.239812e-11
87 1.694492e-11
88 8.366496e-12
89 3.946673e-12
90 5.123879e-09
91 3.456744e-09
92 2.222515e-09
93 1.382954e-09
94 8.670884e-10
95 5.554397e-10
96 3.650249e-10
97 2.423574e-10
98 1.587219e-10
99 1.000711e-10
100 5.968722e-11
101 3.336357e-11
102 1.747082e-11
103 8.634635e-12
104 4.076170e-12
105 5.233471e-09
106 3.533179e-09
107 2.273617e-09
108 1.414537e-09
109 8.863833e-10
110 5.674638e-10
111 3.727523e-10
112 2.475140e-10
113 1.621215e-10
114 1.023146e-10
115 6.108984e-11
116 3.420055e-11
117 1.793137e-11
118 8.869644e-12
119 4.186315e-12
120 5.337325e-09
121 3.606391e-09
122 2.322068e-09
123 1.444447e-09
124 9.047320e-10
125 5.788402e-10
126 3.800604e-10
127 2.524101e-10
128 1.654718e-10
129 1.045186e-10
130 6.248312e-11
131 3.500383e-11
132 1.836719e-11
133 9.092059e-12
134 4.296962e-12
135 5.455843e-09
136 3.689086e-09
137 2.377510e-09
138 1.478830e-09
139 9.257743e-10
140 5.919856e-10
141 3.885516e-10
142 2.579873e-10
143 1.692662e-10
144 1.070362e-10
145 6.405337e-11
146 3.592672e-11
147 1.887151e-11
148 9.347522e-12
149 4.420089e-12
150 7.896550e-09
151 5.436706e-09
152 3.571026e-09
153 2.230710e-09
154 1.383264e-09
155 8.720817e-10
156 5.655557e-10
157 3.742697e-10
158 2.474525e-10
159 1.593032e-10
160 9.770237e-11
161 5.630924e-11
162 3.035092e-11
163 1.536235e-11
164 7.380666e-12
165 9.980607e-09
166 6.958736e-09
167 4.636836e-09
168 2.926818e-09
169 1.805643e-09
170 1.129056e-09
171 7.242908e-10
172 4.762089e-10
173 3.153106e-10
174 2.048712e-10
175 1.276159e-10
176 7.497672e-11
177 4.122705e-11
178 2.124697e-11
179 1.035226e-11
180 1.119446e-08
181 7.850094e-09
182 5.261970e-09
183 3.338777e-09
184 2.056628e-09
185 1.281891e-09
186 8.181209e-10
187 5.361998e-10
188 3.550617e-10
189 2.315622e-10
190 1.451754e-10
191 8.597843e-11
192 4.768310e-11
193 2.476779e-11
194 1.214521e-11
195 1.201234e-08
196 8.451713e-09
197 5.684211e-09
198 3.617178e-09
199 2.226486e-09
200 1.385108e-09
201 8.814417e-10
202 5.767656e-10
203 3.819133e-10
204 2.495825e-10
205 1.570299e-10
206 9.341946e-11
207 5.205372e-11
208 2.715214e-11
209 1.335957e-11
210 1.262493e-08
211 8.902150e-09
212 6.001274e-09
213 3.825165e-09
214 2.353722e-09
215 1.462460e-09
216 9.289796e-10
217 6.070903e-10
218 4.019811e-10
219 2.630453e-10
220 1.658793e-10
221 9.898200e-11
222 5.531966e-11
223 2.893336e-11
224 1.426844e-11
225 1.312314e-08
226 9.267547e-09
227 6.256973e-09
228 3.994717e-09
229 2.456611e-09
230 1.525145e-09
231 9.674112e-10
232 6.317096e-10
233 4.182932e-10
234 2.739770e-10
235 1.730771e-10
236 1.034789e-10
237 5.795772e-11
238 3.037539e-11
239 1.500238e-11
240 1.355488e-08
241 9.585212e-09
242 6.480508e-09
243 4.142094e-09
244 2.546830e-09
245 1.579946e-09
246 1.000932e-09
247 6.530482e-10
248 4.325244e-10
249 2.835199e-10
250 1.793539e-10
251 1.074142e-10
252 6.027316e-11
253 3.163856e-11
254 1.564086e-11
255 1.396742e-08
256 9.888327e-09
257 6.693802e-09
258 4.283017e-09
259 2.632291e-09
260 1.631885e-09
261 1.032894e-09
262 6.734487e-10
263 4.460583e-10
264 2.925970e-10
265 1.853269e-10
266 1.111672e-10
267 6.247371e-11
268 3.283564e-11
269 1.625458e-11
270 1.444632e-08
271 1.024018e-08
272 6.940605e-09
273 4.445234e-09
274 2.731136e-09
275 1.692473e-09
276 1.070236e-09
277 6.972767e-10
278 4.617340e-10
279 3.031206e-10
280 1.922658e-10
281 1.155204e-10
282 6.502202e-11
283 3.422838e-11
284 1.696397e-11
285 1.364195e-08
286 9.705532e-09
287 6.591816e-09
288 4.253417e-09
289 2.621337e-09
290 1.623509e-09
291 1.023615e-09
292 6.640268e-10
293 4.380546e-10
294 2.871064e-10
295 1.822920e-10
296 1.099500e-10
297 6.227202e-11
298 3.301984e-11
299 1.647757e-11
300 1.605069e-08
301 1.154981e-08
302 7.915904e-09
303 5.166148e-09
304 3.196005e-09
305 1.969683e-09
306 1.232146e-09
307 7.931275e-10
308 5.212940e-10
309 3.424411e-10
310 2.191384e-10
311 1.337639e-10
312 7.684666e-11
313 4.134441e-11
314 2.089867e-11
315 1.770708e-08
316 1.282572e-08
317 8.834168e-09
318 5.801445e-09
319 3.598783e-09
320 2.211565e-09
321 1.378205e-09
322 8.833052e-10
323 5.792188e-10
324 3.808383e-10
325 2.446900e-10
326 1.503036e-10
327 8.699982e-11
328 4.716586e-11
329 2.400403e-11
330 1.895257e-08
331 1.378478e-08
332 9.522222e-09
333 6.276117e-09
334 3.900741e-09
335 2.393146e-09
336 1.487672e-09
337 9.509424e-10
338 6.227727e-10
339 4.096590e-10
340 2.638528e-10
341 1.627058e-10
342 9.461544e-11
343 5.153474e-11
344 2.633504e-11
345 1.996140e-08
346 1.456162e-08
347 1.008255e-08
348 6.663820e-09
349 4.145683e-09
350 2.540495e-09
351 1.576417e-09
352 1.005760e-09
353 6.579176e-10
354 4.329777e-10
355 2.793937e-10
356 1.727641e-10
357 1.007877e-10
358 5.507618e-11
359 2.822477e-11
360 2.084213e-08
361 1.524022e-08
362 1.057118e-08
363 7.000123e-09
364 4.359067e-09
365 2.669076e-09
366 1.653804e-09
367 1.053547e-09
368 6.886274e-10
369 4.533576e-10
370 2.929414e-10
371 1.815326e-10
372 1.061706e-10
373 5.816113e-11
374 2.987037e-11
375 2.167498e-08
376 1.588150e-08
377 1.103217e-08
378 7.319400e-09
379 4.560981e-09
380 2.790676e-09
381 1.727156e-09
382 1.098797e-09
383 7.177201e-10
384 4.726478e-10
385 3.057898e-10
386 1.898452e-10
387 1.112717e-10
388 6.108587e-11
389 3.143043e-11
390 2.264902e-08
391 1.663244e-08
392 1.157198e-08
393 7.692479e-09
394 4.797824e-09
395 2.933601e-09
396 1.813294e-09
397 1.152003e-09
398 7.517852e-10
399 4.952708e-10
400 3.208415e-10
401 1.995896e-10
402 1.172549e-10
403 6.451187e-11
404 3.325913e-11
405 1.966437e-08
406 1.441026e-08
407 1.000024e-08
408 6.629295e-09
409 4.149087e-09
410 2.540948e-09
411 1.575758e-09
412 1.001919e-09
413 6.531317e-10
414 4.289611e-10
415 2.767518e-10
416 1.714678e-10
417 1.004265e-10
418 5.517516e-11
419 2.844503e-11
420 2.232508e-08
421 1.655151e-08
422 1.157629e-08
423 7.738480e-09
424 4.884970e-09
425 2.983474e-09
426 1.842191e-09
427 1.162583e-09
428 7.535702e-10
429 4.942858e-10
430 3.200851e-10
431 1.998882e-10
432 1.183320e-10
433 6.579579e-11
434 3.431773e-11
435 2.433693e-08
436 1.817927e-08
437 1.277409e-08
438 8.584645e-09
439 5.446783e-09
440 3.322168e-09
441 2.046478e-09
442 1.285430e-09
443 8.304075e-10
444 5.441278e-10
445 3.531154e-10
446 2.215496e-10
447 1.319928e-10
448 7.391516e-11
449 3.881859e-11
450 2.597936e-08
451 1.949998e-08
452 1.374976e-08
453 9.272362e-09
454 5.902850e-09
455 3.597880e-09
456 2.212017e-09
457 1.385293e-09
458 8.925322e-10
459 5.845571e-10
460 3.799079e-10
461 2.391200e-10
462 1.430733e-10
463 8.049943e-11
464 4.246888e-11
465 2.740611e-08
466 2.065386e-08
467 1.460042e-08
468 9.870137e-09
469 6.300709e-09
470 3.838360e-09
471 2.356325e-09
472 1.472243e-09
473 9.469380e-10
474 6.198468e-10
475 4.032852e-10
476 2.544492e-10
477 1.527414e-10
478 8.624639e-11
479 4.565542e-11
480 2.875621e-08
481 2.174070e-08
482 1.540460e-08
483 1.043619e-08
484 6.677632e-09
485 4.065344e-09
486 2.493138e-09
487 1.554426e-09
488 9.982822e-10
489 6.531971e-10
490 4.254119e-10
491 2.689599e-10
492 1.618900e-10
493 9.167764e-11
494 4.866473e-11
495 3.033672e-08
496 2.301561e-08
497 1.634414e-08
498 1.109924e-08
499 7.117697e-09
500 4.330972e-09
501 2.652949e-09
502 1.650769e-09
503 1.058383e-09
504 6.922208e-10
505 4.512614e-10
506 2.858944e-10
507 1.725811e-10
508 9.803587e-11
509 5.218960e-11
510 2.600947e-08
511 1.961461e-08
512 1.387733e-08
513 9.374237e-09
514 5.998358e-09
515 3.663570e-09
516 2.250672e-09
517 1.405585e-09
518 9.028158e-10
519 5.897856e-10
520 3.829792e-10
521 2.413055e-10
522 1.447926e-10
523 8.182177e-11
524 4.339509e-11
525 2.892418e-08
526 2.206557e-08
527 1.573605e-08
528 1.070114e-08
529 6.906953e-09
530 4.225601e-09
531 2.587204e-09
532 1.605186e-09
533 1.024896e-09
534 6.672946e-10
535 4.337603e-10
536 2.747050e-10
537 1.661915e-10
538 9.486439e-11
539 5.084743e-11
540 3.130412e-08
541 2.406930e-08
542 1.725741e-08
543 1.178969e-08
544 7.651707e-09
545 4.688403e-09
546 2.863206e-09
547 1.769261e-09
548 1.124811e-09
549 7.308071e-10
550 4.753337e-10
551 3.020388e-10
552 1.837079e-10
553 1.055482e-10
554 5.695961e-11
555 3.337740e-08
556 2.581581e-08
557 1.858560e-08
558 1.273688e-08
559 8.301045e-09
560 5.090702e-09
561 3.103969e-09
562 1.912349e-09
563 1.212127e-09
564 7.861700e-10
565 5.115659e-10
566 3.258608e-10
567 1.989743e-10
568 1.148593e-10
569 6.228622e-11
570 3.534371e-08
571 2.747270e-08
572 1.984553e-08
573 1.363669e-08
574 8.918111e-09
575 5.473357e-09
576 3.332681e-09
577 2.048062e-09
578 1.294972e-09
579 8.387410e-10
580 5.459849e-10
581 3.484878e-10
582 2.134734e-10
583 1.237035e-10
584 6.734624e-11
585 3.764797e-08
586 2.940912e-08
587 2.131736e-08
588 1.468738e-08
589 9.636417e-09
590 5.919272e-09
591 3.599232e-09
592 2.206247e-09
593 1.391495e-09
594 8.999770e-10
595 5.860717e-10
596 3.748496e-10
597 2.303687e-10
598 1.340078e-10
599 7.324098e-11
600 3.277886e-08
601 2.540872e-08
602 1.833532e-08
603 1.257617e-08
604 8.210848e-09
605 5.055193e-09
606 3.080043e-09
607 1.896746e-09
608 1.200156e-09
609 7.767531e-10
610 5.046055e-10
611 3.212046e-10
612 1.962245e-10
613 1.134626e-10
614 6.169875e-11
615 3.601967e-08
616 2.824130e-08
617 2.055514e-08
618 1.418581e-08
619 9.332411e-09
620 5.776700e-09
621 3.507921e-09
622 2.150613e-09
623 1.352023e-09
624 8.710035e-10
625 5.652835e-10
626 3.609201e-10
627 2.218841e-10
628 1.294041e-10
629 7.105238e-11
630 3.885510e-08
631 3.072285e-08
632 2.250413e-08
633 1.559663e-08
634 1.031707e-08
635 6.410427e-09
636 3.884228e-09
637 2.373828e-09
638 1.485678e-09
639 9.537450e-10
640 6.185117e-10
641 3.957448e-10
642 2.443837e-10
643 1.433870e-10
644 7.926190e-11
645 4.154128e-08
646 3.307430e-08
647 2.435050e-08
648 1.693609e-08
649 1.125062e-08
650 7.011459e-09
651 4.240730e-09
652 2.585658e-09
653 1.612250e-09
654 1.032183e-09
655 6.689819e-10
656 4.287643e-10
657 2.657152e-10
658 1.566436e-10
659 8.704400e-11
660 4.468789e-08
661 3.582137e-08
662 2.650784e-08
663 1.849884e-08
664 1.233934e-08
665 7.712798e-09
666 4.657117e-09
667 2.832463e-09
668 1.759905e-09
669 1.123709e-09
670 7.278477e-10
671 4.672832e-10
672 2.906035e-10
673 1.721103e-10
674 9.612454e-11
675 4.019076e-08
676 3.199665e-08
677 2.358135e-08
678 1.640903e-08
679 1.089807e-08
680 6.812357e-09
681 4.123586e-09
682 2.516601e-09
683 1.567865e-09
684 1.002341e-09
685 6.485059e-10
686 4.149632e-10
687 2.568965e-10
688 1.514118e-10
689 8.420656e-11
690 4.393313e-08
691 3.538042e-08
692 2.633220e-08
693 1.843772e-08
694 1.232905e-08
695 7.764203e-09
696 4.692701e-09
697 2.854971e-09
698 1.766880e-09
699 1.122831e-09
700 7.244528e-10
701 4.641421e-10
702 2.887227e-10
703 1.714439e-10
704 9.621147e-11
705 4.747693e-08
706 3.859771e-08
707 2.894168e-08
708 2.036919e-08
709 1.369044e-08
710 8.670383e-09
711 5.234670e-09
712 3.176869e-09
713 1.956261e-09
714 1.237452e-09
715 7.967077e-10
716 5.108939e-10
717 3.189708e-10
718 1.904835e-10
719 1.076287e-10
720 5.162525e-08
721 4.235659e-08
722 3.198391e-08
723 2.261994e-08
724 1.527655e-08
725 9.726920e-09
726 5.866712e-09
727 3.552613e-09
728 2.176963e-09
729 1.371166e-09
730 8.808940e-10
731 5.653789e-10
732 3.542272e-10
733 2.126741e-10
734 1.209357e-10
735 4.869451e-08
736 3.982181e-08
737 3.003846e-08
738 2.123365e-08
739 1.431682e-08
740 9.117864e-09
741 5.516482e-09
742 3.343360e-09
743 2.050865e-09
744 1.291957e-09
745 8.290253e-10
746 5.309597e-10
747 3.318418e-10
748 1.987812e-10
749 1.128529e-10
750 5.331204e-08
751 4.414772e-08
752 3.367943e-08
753 2.399002e-08
754 1.628025e-08
755 1.045824e-08
756 6.338893e-09
757 3.829503e-09
758 2.333661e-09
759 1.459887e-09
760 9.323612e-10
761 5.966988e-10
762 3.741601e-10
763 2.256070e-10
764 1.292148e-10
765 5.871038e-08
766 4.920667e-08
767 3.792225e-08
768 2.720677e-08
769 1.857360e-08
770 1.202492e-08
771 7.301109e-09
772 4.398514e-09
773 2.664143e-09
774 1.656172e-09
775 1.053057e-09
776 6.734753e-10
777 4.235809e-10
778 2.569322e-10
779 1.483232e-10
780 5.925905e-08
781 4.988486e-08
782 3.866099e-08
783 2.786515e-08
784 1.907304e-08
785 1.239776e-08
786 7.567405e-09
787 4.550717e-09
788 2.752031e-09
789 1.704259e-09
790 1.079363e-09
791 6.883952e-10
792 4.326092e-10
793 2.627194e-10
794 1.521209e-10
795 6.635286e-08
796 5.675768e-08
797 4.465821e-08
798 3.256128e-08
799 2.247044e-08
800 1.476096e-08
801 9.077537e-09
802 5.437166e-09
803 3.267494e-09
804 2.004023e-09
805 1.258747e-09
806 7.996941e-10
807 5.032648e-10
808 3.074978e-10
809 1.797736e-10
810 7.615969e-08
811 6.660684e-08
812 5.364706e-08
813 3.989361e-08
814 2.789799e-08
815 1.859094e-08
816 1.162993e-08
817 6.948674e-09
818 4.151612e-09
819 2.508035e-09
820 1.551028e-09
821 9.750863e-10
822 6.118895e-10
823 3.756610e-10
824 2.220952e-10
825 5.053843e-07
826 3.691361e-07
827 2.735217e-07
828 1.702611e-07
829 1.037210e-07
830 6.144632e-08
831 3.751941e-08
832 2.407008e-08
833 1.624852e-08
834 0.000000e+00
835 0.000000e+00
836 0.000000e+00
837 0.000000e+00
838 0.000000e+00
839 0.000000e+00
840 7.609677e-07
841 5.559549e-07
842 4.123969e-07
843 2.596339e-07
844 1.577816e-07
845 9.335662e-08
846 5.689699e-08
847 3.636667e-08
848 2.448236e-08
849 0.000000e+00
850 0.000000e+00
851 0.000000e+00
852 0.000000e+00
853 0.000000e+00
854 0.000000e+00
855 9.034708e-07
856 6.601393e-07
857 4.898344e-07
858 3.095543e-07
859 1.879543e-07
860 1.111685e-07
861 6.771198e-08
862 4.322638e-08
863 2.907417e-08
864 0.000000e+00
865 0.000000e+00
866 0.000000e+00
867 0.000000e+00
868 0.000000e+00
869 0.000000e+00
870 9.993278e-07
871 7.302182e-07
872 5.419243e-07
873 3.431341e-07
874 2.082519e-07
875 1.231503e-07
876 7.498702e-08
877 4.784112e-08
878 3.216291e-08
879 0.000000e+00
880 0.000000e+00
881 0.000000e+00
882 0.000000e+00
883 0.000000e+00
884 0.000000e+00
885 1.071193e-06
886 7.827614e-07
887 5.809742e-07
888 3.683088e-07
889 2.234694e-07
890 1.321335e-07
891 8.044121e-08
892 5.130076e-08
893 3.447879e-08
894 0.000000e+00
895 0.000000e+00
896 0.000000e+00
897 0.000000e+00
898 0.000000e+00
899 0.000000e+00
900 1.129439e-06
901 8.253442e-07
902 6.126261e-07
903 3.887123e-07
904 2.358020e-07
905 1.394142e-07
906 8.486152e-08
907 5.410480e-08
908 3.635564e-08
909 0.000000e+00
910 0.000000e+00
911 0.000000e+00
912 0.000000e+00
913 0.000000e+00
914 0.000000e+00
915 1.180268e-06
916 8.625041e-07
917 6.402459e-07
918 4.065191e-07
919 2.465652e-07
920 1.457672e-07
921 8.871918e-08
922 5.655163e-08
923 3.799350e-08
924 0.000000e+00
925 0.000000e+00
926 0.000000e+00
927 0.000000e+00
928 0.000000e+00
929 0.000000e+00
930 1.228460e-06
931 8.977376e-07
932 6.664337e-07
933 4.234011e-07
934 2.567693e-07
935 1.517905e-07
936 9.237652e-08
937 5.887147e-08
938 3.954628e-08
939 0.000000e+00
940 0.000000e+00
941 0.000000e+00
942 0.000000e+00
943 0.000000e+00
944 0.000000e+00
945 1.284683e-06
946 9.388454e-07
947 6.969857e-07
948 4.430983e-07
949 2.686743e-07
950 1.588185e-07
951 9.664394e-08
952 6.157795e-08
953 4.135810e-08
954 0.000000e+00
955 0.000000e+00
956 0.000000e+00
957 0.000000e+00
958 0.000000e+00
959 0.000000e+00
960 3.375487e-07
961 2.688465e-07
962 1.950235e-07
963 1.462517e-07
964 9.049517e-08
965 5.539277e-08
966 3.219668e-08
967 1.925183e-08
968 1.206455e-08
969 7.987440e-09
970 0.000000e+00
971 0.000000e+00
972 0.000000e+00
973 0.000000e+00
974 0.000000e+00
975 5.201738e-07
976 4.171142e-07
977 3.028609e-07
978 2.269114e-07
979 1.422110e-07
980 8.671017e-08
981 5.036377e-08
982 3.007473e-08
983 1.877941e-08
984 1.239717e-08
985 0.000000e+00
986 0.000000e+00
987 0.000000e+00
988 0.000000e+00
989 0.000000e+00
990 6.448120e-07
991 5.183992e-07
992 3.765467e-07
993 2.820115e-07
994 1.775998e-07
995 1.081223e-07
996 6.278598e-08
997 3.747520e-08
998 2.336911e-08
999 1.541004e-08
1000 0.000000e+00
1001 0.000000e+00
1002 0.000000e+00
1003 0.000000e+00
1004 0.000000e+00
1005 7.382357e-07
1006 5.943126e-07
1007 4.317715e-07
1008 3.233096e-07
1009 2.041234e-07
1010 1.241698e-07
1011 7.209649e-08
1012 4.302199e-08
1013 2.680897e-08
1014 1.766814e-08
1015 0.000000e+00
1016 0.000000e+00
1017 0.000000e+00
1018 0.000000e+00
1019 0.000000e+00
1020 8.139596e-07
1021 6.558390e-07
1022 4.765327e-07
1023 3.567807e-07
1024 2.256220e-07
1025 1.371778e-07
1026 7.964314e-08
1027 4.751755e-08
1028 2.959718e-08
1029 1.949827e-08
1030 0.000000e+00
1031 0.000000e+00
1032 0.000000e+00
1033 0.000000e+00
1034 0.000000e+00
1035 8.800254e-07
1036 7.095243e-07
1037 5.155916e-07
1038 3.859857e-07
1039 2.443794e-07
1040 1.485270e-07
1041 8.622743e-08
1042 5.144028e-08
1043 3.202995e-08
1044 2.109535e-08
1045 0.000000e+00
1046 0.000000e+00
1047 0.000000e+00
1048 0.000000e+00
1049 0.000000e+00
1050 9.426736e-07
1051 7.604327e-07
1052 5.526249e-07
1053 4.136780e-07
1054 2.621647e-07
1055 1.592896e-07
1056 9.247120e-08
1057 5.515972e-08
1058 3.433673e-08
1059 2.260959e-08
1060 0.000000e+00
1061 0.000000e+00
1062 0.000000e+00
1063 0.000000e+00
1064 0.000000e+00
1065 1.015768e-06
1066 8.198310e-07
1067 5.958365e-07
1068 4.459927e-07
1069 2.829175e-07
1070 1.718473e-07
1071 9.975607e-08
1072 5.949995e-08
1073 3.702828e-08
1074 2.437647e-08
1075 0.000000e+00
1076 0.000000e+00
1077 0.000000e+00
1078 0.000000e+00
1079 0.000000e+00
1080 1.985321e-07
1081 1.805692e-07
1082 1.391211e-07
1083 1.006055e-07
1084 7.538896e-08
1085 4.358222e-08
1086 2.671192e-08
1087 1.540088e-08
1088 9.106710e-09
1089 5.665495e-09
1090 0.000000e+00
1091 0.000000e+00
1092 0.000000e+00
1093 0.000000e+00
1094 0.000000e+00
1095 3.303349e-07
1096 3.017590e-07
1097 2.334373e-07
1098 1.687052e-07
1099 1.266042e-07
1100 7.359372e-08
1101 4.522397e-08
1102 2.601284e-08
1103 1.532757e-08
1104 9.513978e-09
1105 0.000000e+00
1106 0.000000e+00
1107 0.000000e+00
1108 0.000000e+00
1109 0.000000e+00
1110 4.306281e-07
1111 3.940343e-07
1112 3.052904e-07
1113 2.205837e-07
1114 1.656231e-07
1115 9.648069e-08
1116 5.934316e-08
1117 3.410488e-08
1118 2.006900e-08
1119 1.244631e-08
1120 0.000000e+00
1121 0.000000e+00
1122 0.000000e+00
1123 0.000000e+00
1124 0.000000e+00
1125 5.118675e-07
1126 4.687719e-07
1127 3.634880e-07
1128 2.626035e-07
1129 1.972257e-07
1130 1.150174e-07
1131 7.077884e-08
1132 4.065897e-08
1133 2.390921e-08
1134 1.482137e-08
1135 0.000000e+00
1136 0.000000e+00
1137 0.000000e+00
1138 0.000000e+00
1139 0.000000e+00
1140 5.827486e-07
1141 5.339873e-07
1142 4.142683e-07
1143 2.992682e-07
1144 2.248018e-07
1145 1.311919e-07
1146 8.075741e-08
1147 4.637790e-08
1148 2.726008e-08
1149 1.689370e-08
1150 0.000000e+00
1151 0.000000e+00
1152 0.000000e+00
1153 0.000000e+00
1154 0.000000e+00
1155 6.499630e-07
1156 5.958254e-07
1157 4.624212e-07
1158 3.340351e-07
1159 2.509506e-07
1160 1.465295e-07
1161 9.021925e-08
1162 5.180077e-08
1163 3.043750e-08
1164 1.885873e-08
1165 0.000000e+00
1166 0.000000e+00
1167 0.000000e+00
1168 0.000000e+00
1169 0.000000e+00
1170 7.283846e-07
1171 6.679733e-07
1172 5.186008e-07
1173 3.745984e-07
1174 2.814577e-07
1175 1.644239e-07
1176 1.012585e-07
1177 5.812754e-08
1178 3.414473e-08
1179 2.115149e-08
1180 0.000000e+00
1181 0.000000e+00
1182 0.000000e+00
1183 0.000000e+00
1184 0.000000e+00
1185 1.318654e-07
1186 1.301644e-07
1187 1.094616e-07
1188 7.996210e-08
1189 5.940193e-08
1190 4.037653e-08
1191 2.382531e-08
1192 1.357476e-08
1193 7.847638e-09
1194 4.637282e-09
1195 2.904740e-09
1196 0.000000e+00
1197 0.000000e+00
1198 0.000000e+00
1199 0.000000e+00
1200 2.310222e-07
1201 2.286894e-07
1202 1.930355e-07
1203 1.412583e-07
1204 1.047657e-07
1205 7.171183e-08
1206 4.210667e-08
1207 2.402433e-08
1208 1.390738e-08
1209 8.203313e-09
1210 5.127898e-09
1211 0.000000e+00
1212 0.000000e+00
1213 0.000000e+00
1214 0.000000e+00
1215 3.123231e-07
1216 3.095005e-07
1217 2.616147e-07
1218 1.915693e-07
1219 1.419926e-07
1220 9.744470e-08
1221 5.711210e-08
1222 3.260331e-08
1223 1.888242e-08
1224 1.113064e-08
1225 6.952518e-09
1226 0.000000e+00
1227 0.000000e+00
1228 0.000000e+00
1229 0.000000e+00
1230 3.831935e-07
1231 3.799432e-07
1232 3.213903e-07
1233 2.354215e-07
1234 1.744400e-07
1235 1.198757e-07
1236 7.019122e-08
1237 4.008120e-08
1238 2.321897e-08
1239 1.368230e-08
1240 8.542871e-09
1241 0.000000e+00
1242 0.000000e+00
1243 0.000000e+00
1244 0.000000e+00
1245 4.503977e-07
1246 4.467362e-07
1247 3.780737e-07
1248 2.770046e-07
1249 2.052095e-07
1250 1.411454e-07
1251 8.259382e-08
1252 4.717229e-08
1253 2.733118e-08
1254 1.610194e-08
1255 1.005098e-08
1256 0.000000e+00
1257 0.000000e+00
1258 0.000000e+00
1259 0.000000e+00
1260 5.288015e-07
1261 5.246659e-07
1262 4.442070e-07
1263 3.255223e-07
1264 2.411084e-07
1265 1.659601e-07
1266 9.706421e-08
1267 5.544503e-08
1268 3.212871e-08
1269 1.892488e-08
1270 1.181051e-08
1271 0.000000e+00
1272 0.000000e+00
1273 0.000000e+00
1274 0.000000e+00
1275 9.480030e-08
1276 9.871046e-08
1277 8.932906e-08
1278 6.834080e-08
1279 4.939968e-08
1280 3.700342e-08
1281 2.090854e-08
1282 1.262738e-08
1283 7.134824e-09
1284 4.120905e-09
1285 2.467036e-09
1286 0.000000e+00
1287 0.000000e+00
1288 0.000000e+00
1289 0.000000e+00
1290 1.734355e-07
1291 1.809672e-07
1292 1.642785e-07
1293 1.260253e-07
1294 9.103826e-08
1295 6.830011e-08
1296 3.870333e-08
1297 2.345089e-08
1298 1.322063e-08
1299 7.617421e-09
1300 4.551288e-09
1301 0.000000e+00
1302 0.000000e+00
1303 0.000000e+00
1304 0.000000e+00
1305 2.424635e-07
1306 2.531894e-07
1307 2.301014e-07
1308 1.766983e-07
1309 1.276148e-07
1310 9.579447e-08
1311 5.434250e-08
1312 3.296556e-08
1313 1.856968e-08
1314 1.068970e-08
1315 6.382327e-09
1316 0.000000e+00
1317 0.000000e+00
1318 0.000000e+00
1319 0.000000e+00
1320 3.078577e-07
1321 3.216065e-07
1322 2.924568e-07
1323 2.247029e-07
1324 1.622652e-07
1325 1.218404e-07
1326 6.915697e-08
1327 4.197839e-08
1328 2.363663e-08
1329 1.359998e-08
1330 8.116900e-09
1331 0.000000e+00
1332 0.000000e+00
1333 0.000000e+00
1334 0.000000e+00
1335 3.841561e-07
1336 4.014323e-07
1337 3.652105e-07
1338 2.807097e-07
1339 2.026908e-07
1340 1.522281e-07
1341 8.644124e-08
1342 5.249408e-08
1343 2.954836e-08
1344 1.699550e-08
1345 1.014064e-08
1346 0.000000e+00
1347 0.000000e+00
1348 0.000000e+00
1349 0.000000e+00
1350 7.251535e-08
1351 7.849212e-08
1352 7.526924e-08
1353 6.099766e-08
1354 4.400601e-08
1355 3.317447e-08
1356 2.072384e-08
1357 1.270592e-08
1358 7.053943e-09
1359 3.884270e-09
1360 2.244938e-09
1361 1.365232e-09
1362 0.000000e+00
1363 0.000000e+00
1364 0.000000e+00
1365 1.384456e-07
1366 1.501025e-07
1367 1.443020e-07
1368 1.172883e-07
1369 8.467133e-08
1370 6.376910e-08
1371 4.010736e-08
1372 2.451783e-08
1373 1.361438e-08
1374 7.500522e-09
1375 4.325029e-09
1376 2.624451e-09
1377 0.000000e+00
1378 0.000000e+00
1379 0.000000e+00
1380 2.010031e-07
1381 2.180563e-07
1382 2.098198e-07
1383 1.707216e-07
1384 1.232755e-07
1385 9.281020e-08
1386 5.851418e-08
1387 3.573215e-08
1388 1.984300e-08
1389 1.093430e-08
1390 6.299816e-09
1391 3.819753e-09
1392 0.000000e+00
1393 0.000000e+00
1394 0.000000e+00
1395 2.739546e-07
1396 2.973002e-07
1397 2.862206e-07
1398 2.330303e-07
1399 1.682909e-07
1400 1.266749e-07
1401 7.997821e-08
1402 4.880901e-08
1403 2.710609e-08
1404 1.493828e-08
1405 8.602574e-09
1406 5.213599e-09
1407 0.000000e+00
1408 0.000000e+00
1409 0.000000e+00
1410 5.896357e-08
1411 6.580681e-08
1412 6.610908e-08
1413 5.678509e-08
1414 4.185583e-08
1415 3.082847e-08
1416 2.171777e-08
1417 1.239136e-08
1418 6.976026e-09
1419 3.947408e-09
1420 2.195711e-09
1421 1.280575e-09
1422 0.000000e+00
1423 0.000000e+00
1424 0.000000e+00
1425 1.179162e-07
1426 1.317879e-07
1427 1.326790e-07
1428 1.143050e-07
1429 8.439797e-08
1430 6.208347e-08
1431 4.394627e-08
1432 2.499092e-08
1433 1.409997e-08
1434 7.977332e-09
1435 4.434911e-09
1436 2.581350e-09
1437 0.000000e+00
1438 0.000000e+00
1439 0.000000e+00
1440 1.864659e-07
1441 2.085133e-07
1442 2.100928e-07
1443 1.811975e-07
1444 1.338744e-07
1445 9.843172e-08
1446 6.979941e-08
1447 3.964442e-08
1448 2.238585e-08
1449 1.266432e-08
1450 7.039246e-09
1451 4.094128e-09
1452 0.000000e+00
1453 0.000000e+00
1454 0.000000e+00
1455 5.135118e-08
1456 5.884666e-08
1457 6.150954e-08
1458 5.588695e-08
1459 4.285892e-08
1460 3.095513e-08
1461 2.325037e-08
1462 1.303485e-08
1463 7.796700e-09
1464 4.271663e-09
1465 2.354884e-09
1466 1.314888e-09
1467 0.000000e+00
1468 0.000000e+00
1469 0.000000e+00
1470 1.144183e-07
1471 1.312916e-07
1472 1.375004e-07
1473 1.252950e-07
1474 9.633716e-08
1475 6.954074e-08
1476 5.230451e-08
1477 2.941265e-08
1478 1.765429e-08
1479 9.654141e-09
1480 5.309452e-09
1481 2.958532e-09
1482 0.000000e+00
1483 0.000000e+00
1484 0.000000e+00
1485 5.362995e-08
1486 6.301798e-08
1487 6.832886e-08
1488 6.559846e-08
1489 5.318889e-08
1490 3.837887e-08
1491 2.895278e-08
1492 1.800252e-08
1493 1.095584e-08
1494 5.945309e-09
1495 3.131452e-09
1496 1.689495e-09
1497 9.408540e-10
1498 0.000000e+00
1499 0.000000e+00
1500 1.109684e-04
1501 8.086786e-05
1502 6.035546e-05
1503 3.805236e-05
1504 2.321989e-05
1505 1.369104e-05
1506 8.324421e-06
1507 5.304277e-06
1508 3.565556e-06
1509 0.000000e+00
1510 0.000000e+00
1511 0.000000e+00
1512 0.000000e+00
1513 0.000000e+00
1514 0.000000e+00
1515 5.757601e-05
1516 4.644359e-05
1517 3.369791e-05
1518 2.528332e-05
1519 1.597668e-05
1520 9.754545e-06
1521 5.648866e-06
1522 3.364481e-06
1523 2.093966e-06
1524 1.379138e-06
1525 0.000000e+00
1526 0.000000e+00
1527 0.000000e+00
1528 0.000000e+00
1529 0.000000e+00
1530 4.047788e-05
1531 3.713775e-05
1532 2.882267e-05
1533 2.080348e-05
1534 1.566222e-05
1535 9.111532e-06
1536 5.625604e-06
1537 3.225263e-06
1538 1.896511e-06
1539 1.174730e-06
1540 0.000000e+00
1541 0.000000e+00
1542 0.000000e+00
1543 0.000000e+00
1544 0.000000e+00
1545 2.912801e-05
1546 2.891312e-05
1547 2.448503e-05
1548 1.793535e-05
1549 1.328396e-05
1550 9.154542e-06
1551 5.351144e-06
1552 3.053081e-06
1553 1.771954e-06
1554 1.042590e-06
1555 6.506122e-07
1556 0.000000e+00
1557 0.000000e+00
1558 0.000000e+00
1559 0.000000e+00
1560 2.085098e-05
1561 2.179680e-05
1562 1.983793e-05
1563 1.524768e-05
1564 1.100576e-05
1565 8.274949e-06
1566 4.689296e-06
1567 2.850415e-06
1568 1.602925e-06
1569 9.233707e-07
1570 5.506294e-07
1571 0.000000e+00
1572 0.000000e+00
1573 0.000000e+00
1574 0.000000e+00
1575 1.487210e-05
1576 1.614453e-05
1577 1.554949e-05
1578 1.266314e-05
1579 9.143013e-06
1580 6.883420e-06
1581 4.347301e-06
1582 2.655947e-06
1583 1.474901e-06
1584 8.112783e-07
1585 4.673052e-07
1586 2.832009e-07
1587 0.000000e+00
1588 0.000000e+00
1589 0.000000e+00
1590 1.001028e-05
1591 1.119728e-05
1592 1.128693e-05
1593 9.739022e-06
1594 7.195644e-06
1595 5.289411e-06
1596 3.755371e-06
1597 2.130464e-06
1598 1.202339e-06
1599 6.811759e-07
1600 3.783133e-07
1601 2.200058e-07
1602 0.000000e+00
1603 0.000000e+00
1604 0.000000e+00
1605 6.201116e-06
1606 7.118100e-06
1607 7.458527e-06
1608 6.801106e-06
1609 5.231433e-06
1610 3.775220e-06
1611 2.841823e-06
1612 1.597077e-06
1613 9.596537e-07
1614 5.242846e-07
1615 2.885232e-07
1616 1.606418e-07
1617 0.000000e+00
1618 0.000000e+00
1619 0.000000e+00
1620 3.163407e-06
1621 3.720115e-06
1622 4.038202e-06
1623 3.883392e-06
1624 3.154630e-06
1625 2.276770e-06
1626 1.716871e-06
1627 1.071974e-06
1628 6.518364e-07
1629 3.538249e-07
1630 1.861971e-07
1631 1.003484e-07
1632 5.578990e-08
1633 0.000000e+00
1634 0.000000e+00
1635 8.891198e-07
1636 1.072208e-06
1637 1.206146e-06
1638 1.224576e-06
1639 1.066696e-06
1640 7.933436e-07
1641 5.815894e-07
1642 4.169104e-07
1643 2.343421e-07
1644 1.314261e-07
1645 7.164692e-08
1646 3.730540e-08
1647 1.958823e-08
1648 0.000000e+00
1649 0.000000e+00
