0 2.171336e-09
1 1.409016e-09
2 8.853763e-10
3 5.582271e-10
4 3.592156e-10
5 2.366276e-10
6 1.573706e-10
7 1.032916e-10
8 6.535009e-11
9 3.916536e-11
10 2.201305e-11
11 1.159974e-11
12 5.769381e-12
13 2.739892e-12
14 1.258116e-12
15 3.694820e-09
16 2.453732e-09
17 1.556853e-09
18 9.703378e-10
19 6.142882e-10
20 3.983039e-10
21 2.637692e-10
22 1.749228e-10
23 1.133173e-10
24 7.017516e-11
25 4.091105e-11
26 2.232737e-11
27 1.143869e-11
28 5.554763e-12
29 2.589089e-12
30 4.218061e-09
31 2.819390e-09
32 1.797933e-09
33 1.118913e-09
34 7.054651e-10
35 4.551656e-10
36 3.005716e-10
37 1.995346e-10
38 1.298909e-10
39 8.104281e-11
40 4.770016e-11
41 2.629294e-11
42 1.358875e-11
43 6.644567e-12
44 3.112168e-12
45 4.514084e-09
46 3.026396e-09
47 1.934467e-09
48 1.203035e-09
49 7.570689e-10
50 4.873521e-10
51 3.214026e-10
52 2.134498e-10
53 1.392799e-10
54 8.721609e-11
55 5.155596e-11
56 2.854043e-11
57 1.480781e-11
58 7.262022e-12
59 3.408779e-12
60 4.698079e-09
61 3.154758e-09
62 2.019256e-09
63 1.255361e-09
64 7.892037e-10
65 5.073728e-10
66 3.343688e-10
67 2.221278e-10
68 1.450895e-10
69 9.103590e-11
70 5.394476e-11
71 2.993135e-11
72 1.556296e-11
73 7.646061e-12
74 3.593439e-12
75 4.842521e-09
76 3.255991e-09
77 2.085843e-09
78 1.296436e-09
79 8.143963e-10
80 5.230688e-10
81 3.445485e-10
82 2.289104e-10
83 1.496756e-10
84 9.404283e-11
85 5.582370e-11
86 3.103045e-11
87 1.616024e-11
88 7.948609e-12
89 3.738259e-12
90 4.958946e-09
91 3.337537e-09
92 2.139934e-09
93 1.329896e-09
94 8.348643e-10
95 5.358531e-10
96 3.528388e-10
97 2.343996e-10
98 1.533752e-10
99 9.648149e-11
100 5.734531e-11
101 3.191594e-11
102 1.664416e-11
103 8.194465e-12
104 3.856152e-12
105 5.062284e-09
106 3.409435e-09
107 2.186804e-09
108 1.358773e-09
109 8.526398e-10
110 5.469256e-10
111 3.599869e-10
112 2.392402e-10
113 1.566434e-10
114 9.862776e-11
115 5.868247e-11
116 3.269696e-11
117 1.706187e-11
118 8.406655e-12
119 3.958196e-12
120 5.159091e-09
121 3.477663e-09
122 2.232377e-09
123 1.386347e-09
124 8.697050e-10
125 5.575425e-10
126 3.668310e-10
127 2.437862e-10
128 1.596883e-10
129 1.006304e-10
130 5.995293e-11
131 3.343877e-11
132 1.746381e-11
133 8.609457e-12
134 4.055808e-12
135 5.271369e-09
136 3.555544e-09
137 2.284113e-09
138 1.418728e-09
139 8.894224e-10
140 5.698708e-10
141 3.747649e-10
142 2.491175e-10
143 1.633104e-10
144 1.030294e-10
145 6.143015e-11
146 3.430260e-11
147 1.793296e-11
148 8.845913e-12
149 4.169337e-12
150 7.863120e-09
151 5.410739e-09
152 3.551749e-09
153 2.216634e-09
154 1.374777e-09
155 8.670990e-10
156 5.626217e-10
157 3.724402e-10
158 2.462959e-10
159 1.585196e-10
160 9.717077e-11
161 5.595310e-11
162 3.012801e-11
163 1.523542e-11
164 7.312880e-12
165 9.934373e-09
166 6.921843e-09
167 4.609500e-09
168 2.905918e-09
169 1.792546e-09
170 1.121339e-09
171 7.197125e-10
172 4.735251e-10
173 3.136408e-10
174 2.037608e-10
175 1.268572e-10
176 7.445858e-11
177 4.089411e-11
178 2.104863e-11
179 1.024464e-11
180 1.116003e-08
181 7.818516e-09
182 5.238739e-09
183 3.319382e-09
184 2.043953e-09
185 1.274256e-09
186 8.137418e-10
187 5.338225e-10
188 3.536215e-10
189 2.306447e-10
190 1.445304e-10
191 8.551964e-11
192 4.736705e-11
193 2.456718e-11
194 1.202986e-11
195 1.191921e-08
196 8.375744e-09
197 5.629074e-09
198 3.576039e-09
199 2.199769e-09
200 1.369202e-09
201 8.720474e-10
202 5.711915e-10
203 3.784776e-10
204 2.472973e-10
205 1.554648e-10
206 9.237066e-11
207 5.137649e-11
208 2.674671e-11
209 1.313507e-11
210 1.251603e-08
211 8.813788e-09
212 5.936101e-09
213 3.777666e-09
214 2.322436e-09
215 1.443687e-09
216 9.180514e-10
217 6.005850e-10
218 3.979713e-10
219 2.604069e-10
220 1.640989e-10
221 9.776338e-11
222 5.453049e-11
223 2.846382e-11
224 1.400743e-11
225 1.300284e-08
226 9.170522e-09
227 6.185746e-09
228 3.941825e-09
229 2.422228e-09
230 1.504448e-09
231 9.554445e-10
232 6.245143e-10
233 4.138329e-10
234 2.710574e-10
235 1.710985e-10
236 1.021447e-10
237 5.709543e-11
238 2.985655e-11
239 1.471483e-11
240 1.342590e-08
241 9.479099e-09
242 6.402505e-09
243 4.084205e-09
244 2.509007e-09
245 1.557214e-09
246 9.878179e-10
247 6.452946e-10
248 4.276896e-10
249 2.803514e-10
250 1.772077e-10
251 1.059682e-10
252 5.933450e-11
253 3.106873e-11
254 1.532937e-11
255 1.382554e-08
256 9.775683e-09
257 6.608912e-09
258 4.221072e-09
259 2.592006e-09
260 1.607240e-09
261 1.018874e-09
262 6.650090e-10
263 4.407452e-10
264 2.891092e-10
265 1.829597e-10
266 1.095783e-10
267 6.144810e-11
268 3.222244e-11
269 1.591396e-11
270 1.429353e-08
271 1.011551e-08
272 6.849130e-09
273 4.377454e-09
274 2.687079e-09
275 1.665514e-09
276 1.054778e-09
277 6.880736e-10
278 4.560509e-10
279 2.994011e-10
280 1.897312e-10
281 1.138079e-10
282 6.392222e-11
283 3.356694e-11
284 1.659579e-11
285 1.363936e-08
286 9.701110e-09
287 6.587846e-09
288 4.249582e-09
289 2.617736e-09
290 1.621703e-09
291 1.022475e-09
292 6.634363e-10
293 4.377661e-10
294 2.869514e-10
295 1.821875e-10
296 1.098692e-10
297 6.220903e-11
298 3.297454e-11
299 1.644840e-11
300 1.611990e-08
301 1.159759e-08
302 7.949821e-09
303 5.189262e-09
304 3.209326e-09
305 1.977750e-09
306 1.236936e-09
307 7.962925e-10
308 5.233899e-10
309 3.438965e-10
310 2.201124e-10
311 1.343797e-10
312 7.720499e-11
313 4.153416e-11
314 2.099023e-11
315 1.768105e-08
316 1.279875e-08
317 8.811730e-09
318 5.785148e-09
319 3.585775e-09
320 2.203655e-09
321 1.373393e-09
322 8.806492e-10
323 5.776993e-10
324 3.799502e-10
325 2.441133e-10
326 1.499042e-10
327 8.672123e-11
328 4.698040e-11
329 2.388937e-11
330 1.891129e-08
331 1.374299e-08
332 9.491414e-09
333 6.252308e-09
334 3.882000e-09
335 2.382112e-09
336 1.480730e-09
337 9.470936e-10
338 6.205340e-10
339 4.083413e-10
340 2.630180e-10
341 1.621344e-10
342 9.421846e-11
343 5.127143e-11
344 2.617355e-11
345 1.990818e-08
346 1.451012e-08
347 1.004084e-08
348 6.632955e-09
349 4.121825e-09
350 2.526535e-09
351 1.567725e-09
352 1.000875e-09
353 6.550880e-10
354 4.312921e-10
355 2.783087e-10
356 1.720249e-10
357 1.002809e-10
358 5.474097e-11
359 2.802117e-11
360 2.077943e-08
361 1.518006e-08
362 1.052224e-08
363 6.964828e-09
364 4.331396e-09
365 2.652869e-09
366 1.643879e-09
367 1.047951e-09
368 6.853993e-10
369 4.513962e-10
370 2.916762e-10
371 1.806733e-10
372 1.055838e-10
373 5.777673e-11
374 2.963715e-11
375 2.160164e-08
376 1.581067e-08
377 1.097600e-08
378 7.277638e-09
379 4.529446e-09
380 2.772127e-09
381 1.715588e-09
382 1.092343e-09
383 7.140114e-10
384 4.703888e-10
385 3.043221e-10
386 1.888462e-10
387 1.105928e-10
388 6.064300e-11
389 3.116213e-11
390 2.256373e-08
391 1.655025e-08
392 1.150661e-08
393 7.644076e-09
394 4.761128e-09
395 2.911905e-09
396 1.799847e-09
397 1.144395e-09
398 7.473945e-10
399 4.925683e-10
400 3.191145e-10
401 1.984037e-10
402 1.164513e-10
403 6.399600e-11
404 3.294591e-11
405 1.993937e-08
406 1.462904e-08
407 1.015981e-08
408 6.741825e-09
409 4.223481e-09
410 2.584974e-09
411 1.602239e-09
412 1.017961e-09
413 6.632135e-10
414 4.355425e-10
415 2.811342e-10
416 1.743429e-10
417 1.022303e-10
418 5.623995e-11
419 2.902721e-11
420 2.251620e-08
421 1.670532e-08
422 1.168909e-08
423 7.818097e-09
424 4.937849e-09
425 3.014534e-09
426 1.861106e-09
427 1.173950e-09
428 7.606625e-10
429 4.989359e-10
430 3.231807e-10
431 2.019244e-10
432 1.196176e-10
433 6.655942e-11
434 3.473933e-11
435 2.455707e-08
436 1.835361e-08
437 1.290175e-08
438 8.674834e-09
439 5.507352e-09
440 3.358009e-09
441 2.067744e-09
442 1.298300e-09
443 8.383979e-10
444 5.493881e-10
445 3.566309e-10
446 2.238705e-10
447 1.334626e-10
448 7.478964e-11
449 3.930221e-11
450 2.621050e-08
451 1.968967e-08
452 1.388834e-08
453 9.369567e-09
454 5.968453e-09
455 3.636418e-09
456 2.235197e-09
457 1.399047e-09
458 9.013042e-10
459 5.902322e-10
460 3.837073e-10
461 2.416355e-10
462 1.446722e-10
463 8.145151e-11
464 4.299342e-11
465 2.765499e-08
466 2.085575e-08
467 1.474737e-08
468 9.974349e-09
469 6.370508e-09
470 3.878956e-09
471 2.380879e-09
472 1.487037e-09
473 9.561709e-10
474 6.258767e-10
475 4.073264e-10
476 2.571302e-10
477 1.544454e-10
478 8.726291e-11
479 4.621688e-11
480 2.902138e-08
481 2.195699e-08
482 1.556064e-08
483 1.054696e-08
484 6.752638e-09
485 4.108399e-09
486 2.519445e-09
487 1.570241e-09
488 1.008014e-09
489 6.596090e-10
490 4.296943e-10
491 2.718046e-10
492 1.637017e-10
493 9.276439e-11
494 4.926562e-11
495 3.061831e-08
496 2.324702e-08
497 1.651180e-08
498 1.121832e-08
499 7.197948e-09
500 4.377419e-09
501 2.681272e-09
502 1.667616e-09
503 1.068876e-09
504 6.990777e-10
505 4.558605e-10
506 2.889518e-10
507 1.745317e-10
508 9.920257e-11
509 5.283544e-11
510 2.605607e-08
511 1.965018e-08
512 1.390464e-08
513 9.393376e-09
514 6.011426e-09
515 3.670554e-09
516 2.255037e-09
517 1.408237e-09
518 9.044666e-10
519 5.908921e-10
520 3.837182e-10
521 2.417934e-10
522 1.451012e-10
523 8.200560e-11
524 4.349614e-11
525 2.897179e-08
526 2.210402e-08
527 1.576190e-08
528 1.072048e-08
529 6.919887e-09
530 4.232651e-09
531 2.591217e-09
532 1.607727e-09
533 1.026451e-09
534 6.683820e-10
535 4.345058e-10
536 2.752034e-10
537 1.665065e-10
538 9.504947e-11
539 5.094768e-11
540 3.134552e-08
541 2.410056e-08
542 1.727691e-08
543 1.180282e-08
544 7.659876e-09
545 4.691678e-09
546 2.865452e-09
547 1.770533e-09
548 1.125876e-09
549 7.315150e-10
550 4.758671e-10
551 3.024072e-10
552 1.839382e-10
553 1.056768e-10
554 5.702196e-11
555 3.341371e-08
556 2.584124e-08
557 1.860106e-08
558 1.274554e-08
559 8.305974e-09
560 5.092012e-09
561 3.104972e-09
562 1.912510e-09
563 1.212619e-09
564 7.866099e-10
565 5.119410e-10
566 3.261316e-10
567 1.991415e-10
568 1.149464e-10
569 6.232149e-11
570 3.536998e-08
571 2.748701e-08
572 1.984950e-08
573 1.363626e-08
574 8.917890e-09
575 5.469897e-09
576 3.331028e-09
577 2.047083e-09
578 1.294614e-09
579 8.386976e-10
580 5.460700e-10
581 3.485800e-10
582 2.135252e-10
583 1.237138e-10
584 6.733170e-11
585 3.766959e-08
586 2.941653e-08
587 2.131325e-08
588 1.468379e-08
589 9.632915e-09
590 5.913419e-09
591 3.596320e-09
592 2.204299e-09
593 1.390618e-09
594 8.996631e-10
595 5.860013e-10
596 3.748450e-10
597 2.303577e-10
598 1.339763e-10
599 7.319918e-11
600 3.284670e-08
601 2.547109e-08
602 1.837870e-08
603 1.260875e-08
604 8.234104e-09
605 5.069977e-09
606 3.088154e-09
607 1.901662e-09
608 1.203230e-09
609 7.786757e-10
610 5.058637e-10
611 3.220353e-10
612 1.967594e-10
613 1.137916e-10
614 6.188915e-11
615 3.609376e-08
616 2.830548e-08
617 2.060487e-08
618 1.422058e-08
619 9.356040e-09
620 5.791895e-09
621 3.516456e-09
622 2.155634e-09
623 1.355167e-09
624 8.729748e-10
625 5.665861e-10
626 3.617859e-10
627 2.224445e-10
628 1.297497e-10
629 7.125136e-11
630 3.892591e-08
631 3.078285e-08
632 2.254924e-08
633 1.562708e-08
634 1.033740e-08
635 6.423257e-09
636 3.891418e-09
637 2.378020e-09
638 1.488187e-09
639 9.554212e-10
640 6.196670e-10
641 3.965256e-10
642 2.448923e-10
643 1.436991e-10
644 7.943843e-11
645 4.160753e-08
646 3.312806e-08
647 2.438782e-08
648 1.695980e-08
649 1.126812e-08
650 7.020963e-09
651 4.246096e-09
652 2.588639e-09
653 1.614188e-09
654 1.033533e-09
655 6.699436e-10
656 4.294359e-10
657 2.661574e-10
658 1.569115e-10
659 8.719114e-11
660 4.475142e-08
661 3.587854e-08
662 2.654156e-08
663 1.852023e-08
664 1.235390e-08
665 7.720167e-09
666 4.660759e-09
667 2.834450e-09
668 1.761319e-09
669 1.124783e-09
670 7.286600e-10
671 4.678697e-10
672 2.909938e-10
673 1.723451e-10
674 9.624913e-11
675 4.028494e-08
676 3.207875e-08
677 2.364854e-08
678 1.645938e-08
679 1.093238e-08
680 6.835614e-09
681 4.136749e-09
682 2.524562e-09
683 1.572658e-09
684 1.005241e-09
685 6.503559e-10
686 4.161924e-10
687 2.576943e-10
688 1.519127e-10
689 8.449853e-11
690 4.402651e-08
691 3.547152e-08
692 2.640291e-08
693 1.848965e-08
694 1.236476e-08
695 7.788704e-09
696 4.706693e-09
697 2.863430e-09
698 1.771853e-09
699 1.125868e-09
700 7.263861e-10
701 4.654071e-10
702 2.895459e-10
703 1.719627e-10
704 9.652077e-11
705 4.757367e-08
706 3.868410e-08
707 2.900955e-08
708 2.041655e-08
709 1.372464e-08
710 8.692352e-09
711 5.247371e-09
712 3.184759e-09
713 1.960726e-09
714 1.240324e-09
715 7.985040e-10
716 5.120900e-10
717 3.197574e-10
718 1.909792e-10
719 1.079226e-10
720 5.172550e-08
721 4.243932e-08
722 3.205706e-08
723 2.266840e-08
724 1.531066e-08
725 9.748864e-09
726 5.878524e-09
727 3.559968e-09
728 2.181277e-09
729 1.373849e-09
730 8.826599e-10
731 5.665696e-10
732 3.550171e-10
733 2.131743e-10
734 1.212317e-10
735 4.881209e-08
736 3.993435e-08
737 3.013017e-08
738 2.130217e-08
739 1.436535e-08
740 9.151536e-09
741 5.536423e-09
742 3.355484e-09
743 2.057843e-09
744 1.296187e-09
745 8.316036e-10
746 5.326122e-10
747 3.329090e-10
748 1.994580e-10
749 1.132640e-10
750 5.343739e-08
751 4.426552e-08
752 3.377792e-08
753 2.406474e-08
754 1.633351e-08
755 1.049418e-08
756 6.360548e-09
757 3.842749e-09
758 2.341127e-09
759 1.464433e-09
760 9.351273e-10
761 5.984716e-10
762 3.753089e-10
763 2.263371e-10
764 1.296606e-10
765 5.884671e-08
766 4.933188e-08
767 3.802768e-08
768 2.728706e-08
769 1.862910e-08
770 1.206287e-08
771 7.323573e-09
772 4.411974e-09
773 2.671829e-09
774 1.660774e-09
775 1.055917e-09
776 6.753232e-10
777 4.247868e-10
778 2.577040e-10
779 1.487961e-10
780 5.940667e-08
781 5.002806e-08
782 3.878478e-08
783 2.796214e-08
784 1.914280e-08
785 1.244588e-08
786 7.597849e-09
787 4.568892e-09
788 2.762403e-09
789 1.710335e-09
790 1.083037e-09
791 6.906850e-10
792 4.340705e-10
793 2.636462e-10
794 1.526927e-10
795 6.651869e-08
796 5.691952e-08
797 4.480045e-08
798 3.267220e-08
799 2.255098e-08
800 1.481747e-08
801 9.113541e-09
802 5.458122e-09
803 3.279507e-09
804 2.011080e-09
805 1.262971e-09
806 8.023165e-10
807 5.049340e-10
808 3.085603e-10
809 1.804331e-10
810 7.636553e-08
811 6.681436e-08
812 5.383681e-08
813 4.004895e-08
814 2.801322e-08
815 1.867237e-08
816 1.168436e-08
817 6.980990e-09
818 4.170535e-09
819 2.518806e-09
820 1.557259e-09
821 9.788126e-10
822 6.141908e-10
823 3.771026e-10
824 2.229899e-10
825 5.035580e-07
826 3.677934e-07
827 2.725272e-07
828 1.695726e-07
829 1.033149e-07
830 6.120687e-08
831 3.737497e-08
832 2.398015e-08
833 1.618928e-08
834 0.000000e+00
835 0.000000e+00
836 0.000000e+00
837 0.000000e+00
838 0.000000e+00
839 0.000000e+00
840 7.614918e-07
841 5.563381e-07
842 4.126817e-07
843 2.598177e-07
844 1.578927e-07
845 9.342217e-08
846 5.693679e-08
847 3.639191e-08
848 2.449925e-08
849 0.000000e+00
850 0.000000e+00
851 0.000000e+00
852 0.000000e+00
853 0.000000e+00
854 0.000000e+00
855 9.087350e-07
856 6.639883e-07
857 4.926949e-07
858 3.113976e-07
859 1.890687e-07
860 1.118263e-07
861 6.811149e-08
862 4.347976e-08
863 2.924379e-08
864 0.000000e+00
865 0.000000e+00
866 0.000000e+00
867 0.000000e+00
868 0.000000e+00
869 0.000000e+00
870 1.000024e-06
871 7.307269e-07
872 5.423024e-07
873 3.433777e-07
874 2.083992e-07
875 1.232373e-07
876 7.503982e-08
877 4.787461e-08
878 3.218533e-08
879 0.000000e+00
880 0.000000e+00
881 0.000000e+00
882 0.000000e+00
883 0.000000e+00
884 0.000000e+00
885 1.071885e-06
886 7.832673e-07
887 5.813502e-07
888 3.685511e-07
889 2.236159e-07
890 1.322199e-07
891 8.049372e-08
892 5.133406e-08
893 3.450108e-08
894 0.000000e+00
895 0.000000e+00
896 0.000000e+00
897 0.000000e+00
898 0.000000e+00
899 0.000000e+00
900 1.130113e-06
901 8.258372e-07
902 6.129925e-07
903 3.889485e-07
904 2.359447e-07
905 1.394984e-07
906 8.491270e-08
907 5.413726e-08
908 3.637737e-08
909 0.000000e+00
910 0.000000e+00
911 0.000000e+00
912 0.000000e+00
913 0.000000e+00
914 0.000000e+00
915 1.180909e-06
916 8.629728e-07
917 6.405943e-07
918 4.067437e-07
919 2.467010e-07
920 1.458474e-07
921 8.876785e-08
922 5.658250e-08
923 3.801416e-08
924 0.000000e+00
925 0.000000e+00
926 0.000000e+00
927 0.000000e+00
928 0.000000e+00
929 0.000000e+00
930 1.229061e-06
931 8.981769e-07
932 6.667602e-07
933 4.236116e-07
934 2.568965e-07
935 1.518656e-07
936 9.242212e-08
937 5.890040e-08
938 3.956564e-08
939 0.000000e+00
940 0.000000e+00
941 0.000000e+00
942 0.000000e+00
943 0.000000e+00
944 0.000000e+00
945 1.285264e-06
946 9.392711e-07
947 6.973021e-07
948 4.433023e-07
949 2.687980e-07
950 1.588913e-07
951 9.668813e-08
952 6.160598e-08
953 4.137686e-08
954 0.000000e+00
955 0.000000e+00
956 0.000000e+00
957 0.000000e+00
958 0.000000e+00
959 0.000000e+00
960 3.369979e-07
961 2.683512e-07
962 1.946556e-07
963 1.459830e-07
964 9.029067e-08
965 5.527770e-08
966 3.212984e-08
967 1.921204e-08
968 1.204093e-08
969 7.972539e-09
970 0.000000e+00
971 0.000000e+00
972 0.000000e+00
973 0.000000e+00
974 0.000000e+00
975 5.270323e-07
976 4.226861e-07
977 3.069149e-07
978 2.299428e-07
979 1.441586e-07
980 8.788843e-08
981 5.104744e-08
982 3.048192e-08
983 1.903193e-08
984 1.256290e-08
985 0.000000e+00
986 0.000000e+00
987 0.000000e+00
988 0.000000e+00
989 0.000000e+00
990 6.457184e-07
991 5.191353e-07
992 3.770822e-07
993 2.824121e-07
994 1.778570e-07
995 1.082780e-07
996 6.287627e-08
997 3.752899e-08
998 2.340246e-08
999 1.543194e-08
1000 0.000000e+00
1001 0.000000e+00
1002 0.000000e+00
1003 0.000000e+00
1004 0.000000e+00
1005 7.391342e-07
1006 5.950427e-07
1007 4.323020e-07
1008 3.237067e-07
1009 2.043785e-07
1010 1.243241e-07
1011 7.218615e-08
1012 4.307533e-08
1013 2.684203e-08
1014 1.768986e-08
1015 0.000000e+00
1016 0.000000e+00
1017 0.000000e+00
1018 0.000000e+00
1019 0.000000e+00
1020 8.148297e-07
1021 6.565463e-07
1022 4.770470e-07
1023 3.571653e-07
1024 2.258690e-07
1025 1.373272e-07
1026 7.972984e-08
1027 4.756921e-08
1028 2.962922e-08
1029 1.951930e-08
1030 0.000000e+00
1031 0.000000e+00
1032 0.000000e+00
1033 0.000000e+00
1034 0.000000e+00
1035 8.808600e-07
1036 7.102025e-07
1037 5.160849e-07
1038 3.863546e-07
1039 2.446163e-07
1040 1.486704e-07
1041 8.631059e-08
1042 5.148983e-08
1043 3.206068e-08
1044 2.111552e-08
1045 0.000000e+00
1046 0.000000e+00
1047 0.000000e+00
1048 0.000000e+00
1049 0.000000e+00
1050 9.434581e-07
1051 7.610702e-07
1052 5.530887e-07
1053 4.140248e-07
1054 2.623874e-07
1055 1.594243e-07
1056 9.254938e-08
1057 5.520629e-08
1058 3.436562e-08
1059 2.262855e-08
1060 0.000000e+00
1061 0.000000e+00
1062 0.000000e+00
1063 0.000000e+00
1064 0.000000e+00
1065 1.016524e-06
1066 8.204451e-07
1067 5.962833e-07
1068 4.463268e-07
1069 2.831321e-07
1070 1.719771e-07
1071 9.983140e-08
1072 5.954482e-08
1073 3.705611e-08
1074 2.439474e-08
1075 0.000000e+00
1076 0.000000e+00
1077 0.000000e+00
1078 0.000000e+00
1079 0.000000e+00
1080 2.045853e-07
1081 1.861010e-07
1082 1.434023e-07
1083 1.036975e-07
1084 7.771253e-08
1085 4.493063e-08
1086 2.754193e-08
1087 1.587789e-08
1088 9.387806e-09
1089 5.839925e-09
1090 0.000000e+00
1091 0.000000e+00
1092 0.000000e+00
1093 0.000000e+00
1094 0.000000e+00
1095 3.313277e-07
1096 3.026731e-07
1097 2.341495e-07
1098 1.692192e-07
1099 1.269908e-07
1100 7.382065e-08
1101 4.536400e-08
1102 2.609308e-08
1103 1.537455e-08
1104 9.543022e-09
1105 0.000000e+00
1106 0.000000e+00
1107 0.000000e+00
1108 0.000000e+00
1109 0.000000e+00
1110 4.315909e-07
1111 3.949196e-07
1112 3.059799e-07
1113 2.210817e-07
1114 1.659976e-07
1115 9.670037e-08
1116 5.947876e-08
1117 3.418255e-08
1118 2.011452e-08
1119 1.247445e-08
1120 0.000000e+00
1121 0.000000e+00
1122 0.000000e+00
1123 0.000000e+00
1124 0.000000e+00
1125 5.128027e-07
1126 4.696324e-07
1127 3.641580e-07
1128 2.630873e-07
1129 1.975896e-07
1130 1.152308e-07
1131 7.091048e-08
1132 4.073442e-08
1133 2.395342e-08
1134 1.484871e-08
1135 0.000000e+00
1136 0.000000e+00
1137 0.000000e+00
1138 0.000000e+00
1139 0.000000e+00
1140 5.836417e-07
1141 5.348093e-07
1142 4.149081e-07
1143 2.997303e-07
1144 2.251492e-07
1145 1.313957e-07
1146 8.088312e-08
1147 4.644996e-08
1148 2.730230e-08
1149 1.691981e-08
1150 0.000000e+00
1151 0.000000e+00
1152 0.000000e+00
1153 0.000000e+00
1154 0.000000e+00
1155 6.508010e-07
1156 5.965964e-07
1157 4.630211e-07
1158 3.344686e-07
1159 2.512766e-07
1160 1.467207e-07
1161 9.033720e-08
1162 5.186838e-08
1163 3.047711e-08
1164 1.888323e-08
1165 0.000000e+00
1166 0.000000e+00
1167 0.000000e+00
1168 0.000000e+00
1169 0.000000e+00
1170 7.291959e-07
1171 6.687209e-07
1172 5.191821e-07
1173 3.750180e-07
1174 2.817733e-07
1175 1.646091e-07
1176 1.013728e-07
1177 5.819301e-08
1178 3.418309e-08
1179 2.117521e-08
1180 0.000000e+00
1181 0.000000e+00
1182 0.000000e+00
1183 0.000000e+00
1184 0.000000e+00
1185 1.320187e-07
1186 1.303021e-07
1187 1.095624e-07
1188 8.002950e-08
1189 5.945589e-08
1190 4.040236e-08
1191 2.384510e-08
1192 1.358508e-08
1193 7.853336e-09
1194 4.640931e-09
1195 2.907269e-09
1196 0.000000e+00
1197 0.000000e+00
1198 0.000000e+00
1199 0.000000e+00
1200 2.320160e-07
1201 2.296772e-07
1202 1.938742e-07
1203 1.418737e-07
1204 1.052212e-07
1205 7.202702e-08
1206 4.229037e-08
1207 2.412939e-08
1208 1.396829e-08
1209 8.239133e-09
1210 5.150224e-09
1211 0.000000e+00
1212 0.000000e+00
1213 0.000000e+00
1214 0.000000e+00
1215 3.132577e-07
1216 3.104294e-07
1217 2.624031e-07
1218 1.921477e-07
1219 1.424205e-07
1220 9.774052e-08
1221 5.728459e-08
1222 3.270193e-08
1223 1.893961e-08
1224 1.116429e-08
1225 6.973496e-09
1226 0.000000e+00
1227 0.000000e+00
1228 0.000000e+00
1229 0.000000e+00
1230 3.840843e-07
1231 3.808287e-07
1232 3.221414e-07
1233 2.359728e-07
1234 1.748479e-07
1235 1.201576e-07
1236 7.035563e-08
1237 4.017520e-08
1238 2.327348e-08
1239 1.371439e-08
1240 8.562864e-09
1241 0.000000e+00
1242 0.000000e+00
1243 0.000000e+00
1244 0.000000e+00
1245 4.512374e-07
1246 4.475707e-07
1247 3.787819e-07
1248 2.775242e-07
1249 2.055939e-07
1250 1.414112e-07
1251 8.274878e-08
1252 4.726088e-08
1253 2.738256e-08
1254 1.613217e-08
1255 1.006982e-08
1256 0.000000e+00
1257 0.000000e+00
1258 0.000000e+00
1259 0.000000e+00
1260 5.296139e-07
1261 5.254734e-07
1262 4.448921e-07
1263 3.260254e-07
1264 2.414804e-07
1265 1.662172e-07
1266 9.721413e-08
1267 5.553074e-08
1268 3.217842e-08
1269 1.895413e-08
1270 1.182874e-08
1271 0.000000e+00
1272 0.000000e+00
1273 0.000000e+00
1274 0.000000e+00
1275 9.517075e-08
1276 9.908974e-08
1277 8.966363e-08
1278 6.859031e-08
1279 4.958080e-08
1280 3.713777e-08
1281 2.098193e-08
1282 1.267032e-08
1283 7.159591e-09
1284 4.135611e-09
1285 2.475994e-09
1286 0.000000e+00
1287 0.000000e+00
1288 0.000000e+00
1289 0.000000e+00
1290 1.743730e-07
1291 1.819489e-07
1292 1.651732e-07
1293 1.267143e-07
1294 9.153565e-08
1295 6.867410e-08
1296 3.891619e-08
1297 2.358047e-08
1298 1.329345e-08
1299 7.659228e-09
1300 4.576188e-09
1301 0.000000e+00
1302 0.000000e+00
1303 0.000000e+00
1304 0.000000e+00
1305 2.433306e-07
1306 2.540960e-07
1307 2.309278e-07
1308 1.773346e-07
1309 1.280742e-07
1310 9.613973e-08
1311 5.453889e-08
1312 3.308500e-08
1313 1.863685e-08
1314 1.072828e-08
1315 6.405321e-09
1316 0.000000e+00
1317 0.000000e+00
1318 0.000000e+00
1319 0.000000e+00
1320 3.086731e-07
1321 3.224599e-07
1322 2.932349e-07
1323 2.253017e-07
1324 1.626976e-07
1325 1.221653e-07
1326 6.934176e-08
1327 4.209075e-08
1328 2.369983e-08
1329 1.363628e-08
1330 8.138536e-09
1331 0.000000e+00
1332 0.000000e+00
1333 0.000000e+00
1334 0.000000e+00
1335 3.849478e-07
1336 4.022609e-07
1337 3.659653e-07
1338 2.812907e-07
1339 2.031102e-07
1340 1.525433e-07
1341 8.662056e-08
1342 5.260318e-08
1343 2.960969e-08
1344 1.703073e-08
1345 1.016164e-08
1346 0.000000e+00
1347 0.000000e+00
1348 0.000000e+00
1349 0.000000e+00
1350 7.303294e-08
1351 7.904922e-08
1352 7.579974e-08
1353 6.142325e-08
1354 4.431226e-08
1355 3.340619e-08
1356 2.086535e-08
1357 1.279372e-08
1358 7.102667e-09
1359 3.910956e-09
1360 2.260491e-09
1361 1.374759e-09
1362 0.000000e+00
1363 0.000000e+00
1364 0.000000e+00
1365 1.392932e-07
1366 1.510235e-07
1367 1.451902e-07
1368 1.180128e-07
1369 8.519495e-08
1370 6.416285e-08
1371 4.035712e-08
1372 2.466999e-08
1373 1.369888e-08
1374 7.547121e-09
1375 4.351825e-09
1376 2.640663e-09
1377 0.000000e+00
1378 0.000000e+00
1379 0.000000e+00
1380 2.017828e-07
1381 2.189032e-07
1382 2.106355e-07
1383 1.713875e-07
1384 1.237565e-07
1385 9.317210e-08
1386 5.874357e-08
1387 3.587193e-08
1388 1.992062e-08
1389 1.097709e-08
1390 6.324425e-09
1391 3.834649e-09
1392 0.000000e+00
1393 0.000000e+00
1394 0.000000e+00
1395 2.747090e-07
1396 2.981197e-07
1397 2.870107e-07
1398 2.336747e-07
1399 1.687564e-07
1400 1.270251e-07
1401 8.020017e-08
1402 4.894424e-08
1403 2.718120e-08
1404 1.497969e-08
1405 8.626388e-09
1406 5.228013e-09
1407 0.000000e+00
1408 0.000000e+00
1409 0.000000e+00
1410 5.956941e-08
1411 6.648221e-08
1412 6.678660e-08
1413 5.736592e-08
1414 4.228313e-08
1415 3.114353e-08
1416 2.193924e-08
1417 1.251783e-08
1418 7.047094e-09
1419 3.987689e-09
1420 2.218107e-09
1421 1.293651e-09
1422 0.000000e+00
1423 0.000000e+00
1424 0.000000e+00
1425 1.186539e-07
1426 1.326139e-07
1427 1.335125e-07
1428 1.150251e-07
1429 8.493071e-08
1430 6.247482e-08
1431 4.422473e-08
1432 2.514871e-08
1433 1.418920e-08
1434 8.027796e-09
1435 4.462956e-09
1436 2.597636e-09
1437 0.000000e+00
1438 0.000000e+00
1439 0.000000e+00
1440 1.871758e-07
1441 2.093078e-07
1442 2.108945e-07
1443 1.818902e-07
1444 1.343870e-07
1445 9.880814e-08
1446 7.006714e-08
1447 3.979613e-08
1448 2.247164e-08
1449 1.271286e-08
1450 7.066216e-09
1451 4.109798e-09
1452 0.000000e+00
1453 0.000000e+00
1454 0.000000e+00
1455 5.195895e-08
1456 5.954364e-08
1457 6.223880e-08
1458 5.655080e-08
1459 4.336846e-08
1460 3.132307e-08
1461 2.352703e-08
1462 1.319003e-08
1463 7.889701e-09
1464 4.322554e-09
1465 2.382934e-09
1466 1.330526e-09
1467 0.000000e+00
1468 0.000000e+00
1469 0.000000e+00
1470 1.150701e-07
1471 1.320402e-07
1472 1.382858e-07
1473 1.260123e-07
1474 9.688987e-08
1475 6.993956e-08
1476 5.260479e-08
1477 2.958197e-08
1478 1.775620e-08
1479 9.709800e-09
1480 5.339988e-09
1481 2.975520e-09
1482 0.000000e+00
1483 0.000000e+00
1484 0.000000e+00
1485 5.418776e-08
1486 6.367418e-08
1487 6.904209e-08
1488 6.628512e-08
1489 5.374780e-08
1490 3.878251e-08
1491 2.925694e-08
1492 1.819327e-08
1493 1.107154e-08
1494 6.008142e-09
1495 3.164557e-09
1496 1.707312e-09
1497 9.507417e-10
1498 0.000000e+00
1499 0.000000e+00
1500 1.109684e-04
1501 8.086786e-05
1502 6.035546e-05
1503 3.805236e-05
1504 2.321989e-05
1505 1.369104e-05
1506 8.324421e-06
1507 5.304277e-06
1508 3.565556e-06
1509 0.000000e+00
1510 0.000000e+00
1511 0.000000e+00
1512 0.000000e+00
1513 0.000000e+00
1514 0.000000e+00
1515 5.757601e-05
1516 4.644359e-05
1517 3.369791e-05
1518 2.528332e-05
1519 1.597668e-05
1520 9.754545e-06
1521 5.648866e-06
1522 3.364481e-06
1523 2.093966e-06
1524 1.379138e-06
1525 0.000000e+00
1526 0.000000e+00
1527 0.000000e+00
1528 0.000000e+00
1529 0.000000e+00
1530 4.047788e-05
1531 3.713775e-05
1532 2.882267e-05
1533 2.080348e-05
1534 1.566222e-05
1535 9.111532e-06
1536 5.625604e-06
1537 3.225263e-06
1538 1.896511e-06
1539 1.174730e-06
1540 0.000000e+00
1541 0.000000e+00
1542 0.000000e+00
1543 0.000000e+00
1544 0.000000e+00
1545 2.912801e-05
1546 2.891312e-05
1547 2.448503e-05
1548 1.793535e-05
1549 1.328396e-05
1550 9.154542e-06
1551 5.351144e-06
1552 3.053081e-06
1553 1.771954e-06
1554 1.042590e-06
1555 6.506122e-07
1556 0.000000e+00
1557 0.000000e+00
1558 0.000000e+00
1559 0.000000e+00
1560 2.085098e-05
1561 2.179680e-05
1562 1.983793e-05
1563 1.524768e-05
1564 1.100576e-05
1565 8.274949e-06
1566 4.689296e-06
1567 2.850415e-06
1568 1.602925e-06
1569 9.233707e-07
1570 5.506294e-07
1571 0.000000e+00
1572 0.000000e+00
1573 0.000000e+00
1574 0.000000e+00
1575 1.487210e-05
1576 1.614453e-05
1577 1.554949e-05
1578 1.266314e-05
1579 9.143013e-06
1580 6.883420e-06
1581 4.347301e-06
1582 2.655947e-06
1583 1.474901e-06
1584 8.112783e-07
1585 4.673052e-07
1586 2.832009e-07
1587 0.000000e+00
1588 0.000000e+00
1589 0.000000e+00
1590 1.001028e-05
1591 1.119728e-05
1592 1.128693e-05
1593 9.739022e-06
1594 7.195644e-06
1595 5.289411e-06
1596 3.755371e-06
1597 2.130464e-06
1598 1.202339e-06
1599 6.811759e-07
1600 3.783133e-07
1601 2.200058e-07
1602 0.000000e+00
1603 0.000000e+00
1604 0.000000e+00
1605 6.201116e-06
1606 7.118100e-06
1607 7.458527e-06
1608 6.801106e-06
1609 5.231433e-06
1610 3.775220e-06
1611 2.841823e-06
1612 1.597077e-06
1613 9.596537e-07
1614 5.242846e-07
1615 2.885232e-07
1616 1.606418e-07
1617 0.000000e+00
1618 0.000000e+00
1619 0.000000e+00
1620 3.163407e-06
1621 3.720115e-06
1622 4.038202e-06
1623 3.883392e-06
1624 3.154630e-06
1625 2.276770e-06
1626 1.716871e-06
1627 1.071974e-06
1628 6.518364e-07
1629 3.538249e-07
1630 1.861971e-07
1631 1.003484e-07
1632 5.578990e-08
1633 0.000000e+00
1634 0.000000e+00
1635 8.891198e-07
1636 1.072208e-06
1637 1.206146e-06
1638 1.224576e-06
1639 1.066696e-06
1640 7.933436e-07
1641 5.815894e-07
1642 4.169104e-07
1643 2.343421e-07
1644 1.314261e-07
1645 7.164692e-08
1646 3.730540e-08
1647 1.958823e-08
1648 0.000000e+00
1649 0.000000e+00
