0 2.223556e-09
1 1.444687e-09
2 9.084537e-10
3 5.722929e-10
4 3.679301e-10
5 2.421522e-10
6 1.610484e-10
7 1.057615e-10
8 6.699957e-11
9 4.022664e-11
10 2.266655e-11
11 1.197025e-11
12 5.965215e-12
13 2.837260e-12
14 1.304124e-12
15 3.765380e-09
16 2.503695e-09
17 1.590955e-09
18 9.916769e-10
19 6.272063e-10
20 4.062847e-10
21 2.688368e-10
22 1.782788e-10
23 1.155716e-10
24 7.166406e-11
25 4.186174e-11
26 2.289521e-11
27 1.175440e-11
28 5.718385e-12
29 2.668995e-12
30 4.312056e-09
31 2.886617e-09
32 1.844268e-09
33 1.148290e-09
34 7.232822e-10
35 4.660489e-10
36 3.074018e-10
37 2.040320e-10
38 1.329055e-10
39 8.306369e-11
40 4.900651e-11
41 2.708563e-11
42 1.403665e-11
43 6.880504e-12
44 3.228417e-12
45 4.613333e-09
46 3.097750e-09
47 1.983993e-09
48 1.234731e-09
49 7.763016e-10
50 4.990273e-10
51 3.287191e-10
52 2.181994e-10
53 1.424531e-10
54 8.934309e-11
55 5.293823e-11
56 2.938713e-11
57 1.529406e-11
58 7.521255e-12
59 3.537314e-12
60 4.821914e-09
61 3.243832e-09
62 2.080715e-09
63 1.294573e-09
64 8.129941e-10
65 5.219171e-10
66 3.434846e-10
67 2.280538e-10
68 1.490671e-10
69 9.370210e-11
70 5.567731e-11
71 3.099243e-11
72 1.616938e-11
73 7.966776e-12
74 3.751837e-12
75 4.966944e-09
76 3.345512e-09
77 2.147958e-09
78 1.336058e-09
79 8.384779e-10
80 5.378091e-10
81 3.537259e-10
82 2.348851e-10
83 1.536904e-10
84 9.674730e-11
85 5.757077e-11
86 3.210455e-11
87 1.677422e-11
88 8.274669e-12
89 3.900512e-12
90 5.089767e-09
91 3.431777e-09
92 2.204933e-09
93 1.371591e-09
94 8.602148e-10
95 5.512778e-10
96 3.624562e-10
97 2.406998e-10
98 1.576108e-10
99 9.932041e-11
100 5.919196e-11
101 3.305400e-11
102 1.729071e-11
103 8.537539e-12
104 4.027327e-12
105 5.197876e-09
106 3.507083e-09
107 2.255260e-09
108 1.402656e-09
109 8.791893e-10
110 5.631133e-10
111 3.700664e-10
112 2.457844e-10
113 1.609631e-10
114 1.015308e-10
115 6.057222e-11
116 3.387681e-11
117 1.774292e-11
118 8.767760e-12
119 4.135042e-12
120 5.300348e-09
121 3.579299e-09
122 2.302990e-09
123 1.432069e-09
124 8.972472e-10
125 5.743054e-10
126 3.772659e-10
127 2.506119e-10
128 1.642679e-10
129 1.037044e-10
130 6.194497e-11
131 3.466680e-11
132 1.817083e-11
133 8.985970e-12
134 4.243482e-12
135 5.417244e-09
136 3.660793e-09
137 2.357572e-09
138 1.465890e-09
139 9.179388e-10
140 5.872426e-10
141 3.856319e-10
142 2.561083e-10
143 1.680111e-10
144 1.061855e-10
145 6.349110e-11
146 3.557417e-11
147 1.866602e-11
148 9.236360e-12
149 4.364040e-12
150 7.887341e-09
151 5.429651e-09
152 3.565869e-09
153 2.227012e-09
154 1.381032e-09
155 8.707284e-10
156 5.647577e-10
157 3.737832e-10
158 2.471395e-10
159 1.590923e-10
160 9.755859e-11
161 5.621397e-11
162 3.029147e-11
163 1.532823e-11
164 7.362475e-12
165 9.967527e-09
166 6.948411e-09
167 4.629286e-09
168 2.921299e-09
169 1.802189e-09
170 1.126963e-09
171 7.230693e-10
172 4.754725e-10
173 3.148459e-10
174 2.045626e-10
175 1.274062e-10
176 7.483642e-11
177 4.113790e-11
178 2.119378e-11
179 1.032375e-11
180 1.117477e-08
181 7.834363e-09
182 5.250408e-09
183 3.330314e-09
184 2.051234e-09
185 1.278644e-09
186 8.162205e-10
187 5.350511e-10
188 3.543473e-10
189 2.310909e-10
190 1.448560e-10
191 8.576428e-11
192 4.754614e-11
193 2.468630e-11
194 1.210053e-11
195 1.201333e-08
196 8.450498e-09
197 5.683133e-09
198 3.615109e-09
199 2.224689e-09
200 1.384180e-09
201 8.810163e-10
202 5.765893e-10
203 3.818562e-10
204 2.495513e-10
205 1.569973e-10
206 9.338074e-11
207 5.201578e-11
208 2.712194e-11
209 1.334077e-11
210 1.259661e-08
211 8.879228e-09
212 5.984464e-09
213 3.812787e-09
214 2.345737e-09
215 1.457658e-09
216 9.261551e-10
217 6.054100e-10
218 4.009322e-10
219 2.623704e-10
220 1.654137e-10
221 9.866945e-11
222 5.511888e-11
223 2.881341e-11
224 1.420221e-11
225 1.309169e-08
226 9.242103e-09
227 6.238257e-09
228 3.980976e-09
229 2.447690e-09
230 1.519823e-09
231 9.642493e-10
232 6.298371e-10
233 4.171270e-10
234 2.732125e-10
235 1.725602e-10
236 1.031318e-10
237 5.773457e-11
238 3.024155e-11
239 1.492837e-11
240 1.352083e-08
241 9.557564e-09
242 6.460155e-09
243 4.127215e-09
244 2.537106e-09
245 1.574119e-09
246 9.975028e-10
247 6.510058e-10
248 4.312552e-10
249 2.826886e-10
250 1.787945e-10
251 1.070385e-10
252 6.003035e-11
253 3.149279e-11
254 1.556016e-11
255 1.393126e-08
256 9.858632e-09
257 6.671943e-09
258 4.266983e-09
259 2.621825e-09
260 1.625616e-09
261 1.029204e-09
262 6.712521e-10
263 4.446943e-10
264 2.917042e-10
265 1.847236e-10
266 1.107619e-10
267 6.221283e-11
268 3.267887e-11
269 1.616771e-11
270 1.440690e-08
271 1.020810e-08
272 6.916958e-09
273 4.427854e-09
274 2.719782e-09
275 1.685674e-09
276 1.066234e-09
277 6.948959e-10
278 4.602574e-10
279 3.021543e-10
280 1.916131e-10
281 1.150834e-10
282 6.473954e-11
283 3.405848e-11
284 1.686945e-11
285 1.363551e-08
286 9.699962e-09
287 6.587651e-09
288 4.250360e-09
289 2.619172e-09
290 1.622242e-09
291 1.022863e-09
292 6.635856e-10
293 4.377883e-10
294 2.869370e-10
295 1.821788e-10
296 1.098734e-10
297 6.222160e-11
298 3.298856e-11
299 1.645956e-11
300 1.604173e-08
301 1.154184e-08
302 7.909828e-09
303 5.161716e-09
304 3.192784e-09
305 1.967789e-09
306 1.231002e-09
307 7.924639e-10
308 5.208960e-10
309 3.421931e-10
310 2.189746e-10
311 1.336534e-10
312 7.677349e-11
313 4.129835e-11
314 2.087176e-11
315 1.774646e-08
316 1.285416e-08
317 8.854011e-09
318 5.814798e-09
319 3.606532e-09
320 2.216348e-09
321 1.381018e-09
322 8.851314e-10
323 5.804476e-10
324 3.816772e-10
325 2.452516e-10
326 1.506601e-10
327 8.720898e-11
328 4.727906e-11
329 2.406031e-11
330 1.893430e-08
331 1.376824e-08
332 9.509414e-09
333 6.266794e-09
334 3.893898e-09
335 2.389036e-09
336 1.485187e-09
337 9.495109e-10
338 6.219254e-10
339 4.091327e-10
340 2.635091e-10
341 1.624752e-10
342 9.446226e-11
343 5.143741e-11
344 2.627752e-11
345 1.994008e-08
346 1.454185e-08
347 1.006720e-08
348 6.652646e-09
349 4.137469e-09
350 2.535557e-09
351 1.573430e-09
352 1.004037e-09
353 6.569013e-10
354 4.323476e-10
355 2.789819e-10
356 1.724876e-10
357 1.006039e-10
358 5.495947e-11
359 2.815564e-11
360 2.081731e-08
361 1.521762e-08
362 1.055361e-08
363 6.987332e-09
364 4.349656e-09
365 2.663403e-09
366 1.650373e-09
367 1.051570e-09
368 6.874619e-10
369 4.526358e-10
370 2.924702e-10
371 1.812163e-10
372 1.059604e-10
373 5.802747e-11
374 2.979111e-11
375 2.164727e-08
376 1.585624e-08
377 1.101249e-08
378 7.305110e-09
379 4.550441e-09
380 2.784316e-09
381 1.723308e-09
382 1.096579e-09
383 7.164134e-10
384 4.718393e-10
385 3.052635e-10
386 1.894913e-10
387 1.110364e-10
388 6.093621e-11
389 3.134161e-11
390 2.261800e-08
391 1.660414e-08
392 1.154991e-08
393 7.676421e-09
394 4.785992e-09
395 2.926449e-09
396 1.808969e-09
397 1.149511e-09
398 7.503180e-10
399 4.943637e-10
400 3.202502e-10
401 1.991929e-10
402 1.169911e-10
403 6.434396e-11
404 3.315940e-11
405 1.965980e-08
406 1.440592e-08
407 9.996740e-09
408 6.626761e-09
409 4.147188e-09
410 2.539757e-09
411 1.575034e-09
412 1.001507e-09
413 6.528960e-10
414 4.288163e-10
415 2.766589e-10
416 1.714059e-10
417 1.003851e-10
418 5.514844e-11
419 2.842881e-11
420 2.240568e-08
421 1.661544e-08
422 1.162288e-08
423 7.771186e-09
424 4.906001e-09
425 2.996226e-09
426 1.849897e-09
427 1.167251e-09
428 7.565144e-10
429 4.962172e-10
430 3.213714e-10
431 2.007309e-10
432 1.188599e-10
433 6.610636e-11
434 3.448738e-11
435 2.432662e-08
436 1.816921e-08
437 1.276571e-08
438 8.578512e-09
439 5.442226e-09
440 3.319133e-09
441 2.044678e-09
442 1.284397e-09
443 8.298108e-10
444 5.437726e-10
445 3.528921e-10
446 2.214026e-10
447 1.318947e-10
448 7.385124e-11
449 3.877913e-11
450 2.596556e-08
451 1.948646e-08
452 1.373845e-08
453 9.264060e-09
454 5.896690e-09
455 3.593740e-09
456 2.209572e-09
457 1.383885e-09
458 8.917203e-10
459 5.840749e-10
460 3.796057e-10
461 2.389215e-10
462 1.429409e-10
463 8.041309e-11
464 4.241545e-11
465 2.738920e-08
466 2.063726e-08
467 1.458648e-08
468 9.859911e-09
469 6.293121e-09
470 3.833193e-09
471 2.353312e-09
472 1.470505e-09
473 9.459357e-10
474 6.192524e-10
475 4.029091e-10
476 2.542049e-10
477 1.525785e-10
478 8.614010e-11
479 4.558963e-11
480 2.873643e-08
481 2.172124e-08
482 1.538824e-08
483 1.042415e-08
484 6.668716e-09
485 4.059306e-09
486 2.489583e-09
487 1.552378e-09
488 9.971005e-10
489 6.524969e-10
490 4.249742e-10
491 2.686731e-10
492 1.616988e-10
493 9.155279e-11
494 4.858730e-11
495 3.031347e-08
496 2.299272e-08
497 1.632486e-08
498 1.108505e-08
499 7.107193e-09
500 4.323840e-09
501 2.648756e-09
502 1.648351e-09
503 1.056989e-09
504 6.913949e-10
505 4.507456e-10
506 2.855565e-10
507 1.723560e-10
508 9.788883e-11
509 5.209834e-11
510 2.625750e-08
511 1.982222e-08
512 1.403417e-08
513 9.485975e-09
514 6.074718e-09
515 3.710600e-09
516 2.278841e-09
517 1.422301e-09
518 9.130660e-10
519 5.963070e-10
520 3.872619e-10
521 2.441245e-10
522 1.465969e-10
523 8.291922e-11
524 4.401983e-11
525 2.908136e-08
526 2.220022e-08
527 1.583951e-08
528 1.077597e-08
529 6.958374e-09
530 4.257796e-09
531 2.606406e-09
532 1.616528e-09
533 1.031763e-09
534 6.716160e-10
535 4.365767e-10
536 2.765590e-10
537 1.673870e-10
538 9.560053e-11
539 5.127320e-11
540 3.148945e-08
541 2.423031e-08
542 1.738234e-08
543 1.187967e-08
544 7.714510e-09
545 4.728123e-09
546 2.886822e-09
547 1.783175e-09
548 1.133182e-09
549 7.360420e-10
550 4.787298e-10
551 3.042740e-10
552 1.851550e-10
553 1.064454e-10
554 5.748300e-11
555 3.358751e-08
556 2.600003e-08
557 1.872946e-08
558 1.284075e-08
559 8.373877e-09
560 5.137067e-09
561 3.131429e-09
562 1.928506e-09
563 1.221817e-09
564 7.922076e-10
565 5.154716e-10
566 3.284311e-10
567 2.006425e-10
568 1.158983e-10
569 6.289556e-11
570 3.557721e-08
571 2.767867e-08
572 2.000711e-08
573 1.375356e-08
574 9.000329e-09
575 5.525913e-09
576 3.363827e-09
577 2.066393e-09
578 1.305929e-09
579 8.455305e-10
580 5.503689e-10
581 3.513728e-10
582 2.153493e-10
583 1.248754e-10
584 6.803616e-11
585 3.790869e-08
586 2.964049e-08
587 2.149962e-08
588 1.481942e-08
589 9.729673e-09
590 5.979086e-09
591 3.634277e-09
592 2.227036e-09
593 1.403892e-09
594 9.076449e-10
595 5.910132e-10
596 3.781015e-10
597 2.324868e-10
598 1.353349e-10
599 7.402033e-11
600 3.277681e-08
601 2.540656e-08
602 1.833331e-08
603 1.257460e-08
604 8.209717e-09
605 5.054342e-09
606 3.079545e-09
607 1.896442e-09
608 1.199985e-09
609 7.766568e-10
610 5.045486e-10
611 3.211691e-10
612 1.962013e-10
613 1.134474e-10
614 6.168896e-11
615 3.601680e-08
616 2.823824e-08
617 2.055227e-08
618 1.418353e-08
619 9.330765e-09
620 5.775460e-09
621 3.507175e-09
622 2.150157e-09
623 1.351769e-09
624 8.708611e-10
625 5.652002e-10
626 3.608686e-10
627 2.218508e-10
628 1.293823e-10
629 7.103829e-11
630 3.885032e-08
631 3.071773e-08
632 2.249930e-08
633 1.559276e-08
634 1.031428e-08
635 6.408328e-09
636 3.882947e-09
637 2.373047e-09
638 1.485244e-09
639 9.535017e-10
640 6.183701e-10
641 3.956578e-10
642 2.443277e-10
643 1.433502e-10
644 7.923817e-11
645 4.153461e-08
646 3.306715e-08
647 2.434374e-08
648 1.693067e-08
649 1.124670e-08
650 7.008513e-09
651 4.238922e-09
652 2.584557e-09
653 1.611637e-09
654 1.031840e-09
655 6.687828e-10
656 4.286423e-10
657 2.656368e-10
658 1.565922e-10
659 8.701078e-11
660 4.467902e-08
661 3.581184e-08
662 2.649880e-08
663 1.849158e-08
664 1.233410e-08
665 7.708854e-09
666 4.654685e-09
667 2.830984e-09
668 1.759082e-09
669 1.123249e-09
670 7.275808e-10
671 4.671199e-10
672 2.904987e-10
673 1.720416e-10
674 9.608013e-11
675 4.018972e-08
676 3.199551e-08
677 2.358024e-08
678 1.640810e-08
679 1.089741e-08
680 6.811861e-09
681 4.123263e-09
682 2.516407e-09
683 1.567758e-09
684 1.002282e-09
685 6.484711e-10
686 4.149427e-10
687 2.568833e-10
688 1.514032e-10
689 8.420108e-11
690 4.393175e-08
691 3.537889e-08
692 2.633070e-08
693 1.843646e-08
694 1.232814e-08
695 7.763524e-09
696 4.692249e-09
697 2.854704e-09
698 1.766727e-09
699 1.122748e-09
700 7.244056e-10
701 4.641141e-10
702 2.887051e-10
703 1.714325e-10
704 9.620406e-11
705 4.747471e-08
706 3.859526e-08
707 2.893927e-08
708 2.036718e-08
709 1.368897e-08
710 8.669292e-09
711 5.233940e-09
712 3.176439e-09
713 1.956021e-09
714 1.237318e-09
715 7.966319e-10
716 5.108488e-10
717 3.189425e-10
718 1.904652e-10
719 1.076168e-10
720 5.162205e-08
721 4.235307e-08
722 3.198025e-08
723 2.261704e-08
724 1.527444e-08
725 9.725348e-09
726 5.865659e-09
727 3.551993e-09
728 2.176619e-09
729 1.370972e-09
730 8.807849e-10
731 5.653139e-10
732 3.541864e-10
733 2.126462e-10
734 1.209176e-10
735 4.869434e-08
736 3.982162e-08
737 3.003827e-08
738 2.123349e-08
739 1.431671e-08
740 9.117778e-09
741 5.516423e-09
742 3.343325e-09
743 2.050847e-09
744 1.291947e-09
745 8.290193e-10
746 5.309561e-10
747 3.318395e-10
748 1.987798e-10
749 1.128519e-10
750 5.331221e-08
751 4.414792e-08
752 3.367965e-08
753 2.399024e-08
754 1.628043e-08
755 1.045837e-08
756 6.338995e-09
757 3.829563e-09
758 2.333700e-09
759 1.459907e-09
760 9.323719e-10
761 5.967045e-10
762 3.741631e-10
763 2.256087e-10
764 1.292159e-10
765 5.871122e-08
766 4.920766e-08
767 3.792332e-08
768 2.720780e-08
769 1.857443e-08
770 1.202551e-08
771 7.301564e-09
772 4.398781e-09
773 2.664310e-09
774 1.656261e-09
775 1.053104e-09
776 6.735010e-10
777 4.235953e-10
778 2.569407e-10
779 1.483286e-10
780 5.925969e-08
781 4.988562e-08
782 3.866180e-08
783 2.786592e-08
784 1.907365e-08
785 1.239819e-08
786 7.567737e-09
787 4.550916e-09
788 2.752153e-09
789 1.704325e-09
790 1.079398e-09
791 6.884143e-10
792 4.326200e-10
793 2.627258e-10
794 1.521249e-10
795 6.635522e-08
796 5.676046e-08
797 4.466123e-08
798 3.256418e-08
799 2.247280e-08
800 1.476267e-08
801 9.078822e-09
802 5.437973e-09
803 3.267982e-09
804 2.004288e-09
805 1.258888e-09
806 7.997695e-10
807 5.033066e-10
808 3.075222e-10
809 1.797886e-10
810 7.616155e-08
811 6.660907e-08
812 5.364955e-08
813 3.989612e-08
814 2.790015e-08
815 1.859254e-08
816 1.163111e-08
817 6.949501e-09
818 4.152081e-09
819 2.508296e-09
820 1.551170e-09
821 9.751603e-10
822 6.119287e-10
823 3.756826e-10
824 2.221078e-10
825 5.048063e-07
826 3.687116e-07
827 2.732074e-07
828 1.700467e-07
829 1.035937e-07
830 6.137124e-08
831 3.747418e-08
832 2.404173e-08
833 1.622980e-08
834 0.000000e+00
835 0.000000e+00
836 0.000000e+00
837 0.000000e+00
838 0.000000e+00
839 0.000000e+00
840 7.609630e-07
841 5.559514e-07
842 4.123943e-07
843 2.596321e-07
844 1.577806e-07
845 9.335598e-08
846 5.689661e-08
847 3.636643e-08
848 2.448221e-08
849 0.000000e+00
850 0.000000e+00
851 0.000000e+00
852 0.000000e+00
853 0.000000e+00
854 0.000000e+00
855 9.034708e-07
856 6.601393e-07
857 4.898343e-07
858 3.095543e-07
859 1.879543e-07
860 1.111685e-07
861 6.771198e-08
862 4.322638e-08
863 2.907417e-08
864 0.000000e+00
865 0.000000e+00
866 0.000000e+00
867 0.000000e+00
868 0.000000e+00
869 0.000000e+00
870 1.002441e-06
871 7.324944e-07
872 5.436161e-07
873 3.442247e-07
874 2.089111e-07
875 1.235395e-07
876 7.522319e-08
877 4.799103e-08
878 3.226321e-08
879 0.000000e+00
880 0.000000e+00
881 0.000000e+00
882 0.000000e+00
883 0.000000e+00
884 0.000000e+00
885 1.071193e-06
886 7.827614e-07
887 5.809742e-07
888 3.683088e-07
889 2.234694e-07
890 1.321335e-07
891 8.044121e-08
892 5.130076e-08
893 3.447879e-08
894 0.000000e+00
895 0.000000e+00
896 0.000000e+00
897 0.000000e+00
898 0.000000e+00
899 0.000000e+00
900 1.129439e-06
901 8.253442e-07
902 6.126261e-07
903 3.887123e-07
904 2.358020e-07
905 1.394142e-07
906 8.486152e-08
907 5.410480e-08
908 3.635564e-08
909 0.000000e+00
910 0.000000e+00
911 0.000000e+00
912 0.000000e+00
913 0.000000e+00
914 0.000000e+00
915 1.180268e-06
916 8.625041e-07
917 6.402459e-07
918 4.065191e-07
919 2.465652e-07
920 1.457672e-07
921 8.871918e-08
922 5.655163e-08
923 3.799350e-08
924 0.000000e+00
925 0.000000e+00
926 0.000000e+00
927 0.000000e+00
928 0.000000e+00
929 0.000000e+00
930 1.228460e-06
931 8.977376e-07
932 6.664337e-07
933 4.234011e-07
934 2.567693e-07
935 1.517905e-07
936 9.237652e-08
937 5.887147e-08
938 3.954628e-08
939 0.000000e+00
940 0.000000e+00
941 0.000000e+00
942 0.000000e+00
943 0.000000e+00
944 0.000000e+00
945 1.284683e-06
946 9.388454e-07
947 6.969857e-07
948 4.430983e-07
949 2.686743e-07
950 1.588185e-07
951 9.664394e-08
952 6.157795e-08
953 4.135810e-08
954 0.000000e+00
955 0.000000e+00
956 0.000000e+00
957 0.000000e+00
958 0.000000e+00
959 0.000000e+00
960 3.371200e-07
961 2.684851e-07
962 1.947590e-07
963 1.460552e-07
964 9.036159e-08
965 5.531360e-08
966 3.215075e-08
967 1.922450e-08
968 1.204792e-08
969 7.976688e-09
970 0.000000e+00
971 0.000000e+00
972 0.000000e+00
973 0.000000e+00
974 0.000000e+00
975 5.201627e-07
976 4.171044e-07
977 3.028538e-07
978 2.269062e-07
979 1.422073e-07
980 8.670803e-08
981 5.036252e-08
982 3.007399e-08
983 1.877896e-08
984 1.239688e-08
985 0.000000e+00
986 0.000000e+00
987 0.000000e+00
988 0.000000e+00
989 0.000000e+00
990 6.488609e-07
991 5.216880e-07
992 3.789390e-07
993 2.838008e-07
994 1.787491e-07
995 1.088175e-07
996 6.318936e-08
997 3.771549e-08
998 2.351819e-08
999 1.550787e-08
1000 0.000000e+00
1001 0.000000e+00
1002 0.000000e+00
1003 0.000000e+00
1004 0.000000e+00
1005 7.382357e-07
1006 5.943126e-07
1007 4.317715e-07
1008 3.233096e-07
1009 2.041234e-07
1010 1.241698e-07
1011 7.209649e-08
1012 4.302199e-08
1013 2.680897e-08
1014 1.766814e-08
1015 0.000000e+00
1016 0.000000e+00
1017 0.000000e+00
1018 0.000000e+00
1019 0.000000e+00
1020 8.139596e-07
1021 6.558390e-07
1022 4.765327e-07
1023 3.567807e-07
1024 2.256220e-07
1025 1.371778e-07
1026 7.964314e-08
1027 4.751755e-08
1028 2.959718e-08
1029 1.949827e-08
1030 0.000000e+00
1031 0.000000e+00
1032 0.000000e+00
1033 0.000000e+00
1034 0.000000e+00
1035 8.800254e-07
1036 7.095243e-07
1037 5.155916e-07
1038 3.859857e-07
1039 2.443794e-07
1040 1.485270e-07
1041 8.622743e-08
1042 5.144028e-08
1043 3.202995e-08
1044 2.109535e-08
1045 0.000000e+00
1046 0.000000e+00
1047 0.000000e+00
1048 0.000000e+00
1049 0.000000e+00
1050 9.426736e-07
1051 7.604327e-07
1052 5.526249e-07
1053 4.136780e-07
1054 2.621647e-07
1055 1.592896e-07
1056 9.247120e-08
1057 5.515972e-08
1058 3.433673e-08
1059 2.260959e-08
1060 0.000000e+00
1061 0.000000e+00
1062 0.000000e+00
1063 0.000000e+00
1064 0.000000e+00
1065 1.015768e-06
1066 8.198310e-07
1067 5.958365e-07
1068 4.459927e-07
1069 2.829175e-07
1070 1.718473e-07
1071 9.975607e-08
1072 5.949995e-08
1073 3.702828e-08
1074 2.437647e-08
1075 0.000000e+00
1076 0.000000e+00
1077 0.000000e+00
1078 0.000000e+00
1079 0.000000e+00
1080 1.981492e-07
1081 1.802101e-07
1082 1.388373e-07
1083 1.004008e-07
1084 7.523426e-08
1085 4.348933e-08
1086 2.665423e-08
1087 1.536803e-08
1088 9.087740e-09
1089 5.653865e-09
1090 0.000000e+00
1091 0.000000e+00
1092 0.000000e+00
1093 0.000000e+00
1094 0.000000e+00
1095 3.346690e-07
1096 3.057474e-07
1097 2.365437e-07
1098 1.709475e-07
1099 1.282908e-07
1100 7.458266e-08
1101 4.583426e-08
1102 2.636247e-08
1103 1.553247e-08
1104 9.640680e-09
1105 0.000000e+00
1106 0.000000e+00
1107 0.000000e+00
1108 0.000000e+00
1109 0.000000e+00
1110 4.306280e-07
1111 3.940343e-07
1112 3.052904e-07
1113 2.205837e-07
1114 1.656231e-07
1115 9.648068e-08
1116 5.934315e-08
1117 3.410488e-08
1118 2.006900e-08
1119 1.244631e-08
1120 0.000000e+00
1121 0.000000e+00
1122 0.000000e+00
1123 0.000000e+00
1124 0.000000e+00
1125 5.118675e-07
1126 4.687719e-07
1127 3.634880e-07
1128 2.626035e-07
1129 1.972257e-07
1130 1.150174e-07
1131 7.077884e-08
1132 4.065897e-08
1133 2.390921e-08
1134 1.482137e-08
1135 0.000000e+00
1136 0.000000e+00
1137 0.000000e+00
1138 0.000000e+00
1139 0.000000e+00
1140 5.827486e-07
1141 5.339873e-07
1142 4.142683e-07
1143 2.992682e-07
1144 2.248018e-07
1145 1.311919e-07
1146 8.075741e-08
1147 4.637790e-08
1148 2.726008e-08
1149 1.689370e-08
1150 0.000000e+00
1151 0.000000e+00
1152 0.000000e+00
1153 0.000000e+00
1154 0.000000e+00
1155 6.499630e-07
1156 5.958254e-07
1157 4.624212e-07
1158 3.340351e-07
1159 2.509506e-07
1160 1.465295e-07
1161 9.021925e-08
1162 5.180077e-08
1163 3.043750e-08
1164 1.885873e-08
1165 0.000000e+00
1166 0.000000e+00
1167 0.000000e+00
1168 0.000000e+00
1169 0.000000e+00
1170 7.283846e-07
1171 6.679733e-07
1172 5.186008e-07
1173 3.745984e-07
1174 2.814577e-07
1175 1.644239e-07
1176 1.012585e-07
1177 5.812754e-08
1178 3.414473e-08
1179 2.115149e-08
1180 0.000000e+00
1181 0.000000e+00
1182 0.000000e+00
1183 0.000000e+00
1184 0.000000e+00
1185 1.357102e-07
1186 1.339778e-07
1187 1.126892e-07
1188 8.232679e-08
1189 6.115360e-08
1190 4.158134e-08
1191 2.453038e-08
1192 1.397739e-08
1193 8.080983e-09
1194 4.774734e-09
1195 2.990543e-09
1196 0.000000e+00
1197 0.000000e+00
1198 0.000000e+00
1199 0.000000e+00
1200 2.310095e-07
1201 2.286765e-07
1202 1.930241e-07
1203 1.412499e-07
1204 1.047595e-07
1205 7.170754e-08
1206 4.210417e-08
1207 2.402290e-08
1208 1.390653e-08
1209 8.202822e-09
1210 5.127599e-09
1211 0.000000e+00
1212 0.000000e+00
1213 0.000000e+00
1214 0.000000e+00
1215 3.123231e-07
1216 3.095005e-07
1217 2.616147e-07
1218 1.915693e-07
1219 1.419926e-07
1220 9.744469e-08
1221 5.711209e-08
1222 3.260330e-08
1223 1.888242e-08
1224 1.113064e-08
1225 6.952517e-09
1226 0.000000e+00
1227 0.000000e+00
1228 0.000000e+00
1229 0.000000e+00
1230 3.831935e-07
1231 3.799432e-07
1232 3.213903e-07
1233 2.354215e-07
1234 1.744400e-07
1235 1.198757e-07
1236 7.019122e-08
1237 4.008120e-08
1238 2.321897e-08
1239 1.368230e-08
1240 8.542871e-09
1241 0.000000e+00
1242 0.000000e+00
1243 0.000000e+00
1244 0.000000e+00
1245 4.503977e-07
1246 4.467362e-07
1247 3.780737e-07
1248 2.770046e-07
1249 2.052095e-07
1250 1.411454e-07
1251 8.259382e-08
1252 4.717229e-08
1253 2.733118e-08
1254 1.610194e-08
1255 1.005098e-08
1256 0.000000e+00
1257 0.000000e+00
1258 0.000000e+00
1259 0.000000e+00
1260 5.288015e-07
1261 5.246659e-07
1262 4.442070e-07
1263 3.255223e-07
1264 2.411084e-07
1265 1.659601e-07
1266 9.706421e-08
1267 5.544503e-08
1268 3.212871e-08
1269 1.892488e-08
1270 1.181051e-08
1271 0.000000e+00
1272 0.000000e+00
1273 0.000000e+00
1274 0.000000e+00
1275 9.460549e-08
1276 9.850530e-08
1277 8.914053e-08
1278 6.819428e-08
1279 4.929413e-08
1280 3.692381e-08
1281 2.086285e-08
1282 1.259925e-08
1283 7.119113e-09
1284 4.111939e-09
1285 2.461733e-09
1286 0.000000e+00
1287 0.000000e+00
1288 0.000000e+00
1289 0.000000e+00
1290 1.734284e-07
1291 1.809597e-07
1292 1.642715e-07
1293 1.260198e-07
1294 9.103431e-08
1295 6.829708e-08
1296 3.870158e-08
1297 2.344978e-08
1298 1.322002e-08
1299 7.617083e-09
1300 4.551089e-09
1301 0.000000e+00
1302 0.000000e+00
1303 0.000000e+00
1304 0.000000e+00
1305 2.424635e-07
1306 2.531893e-07
1307 2.301014e-07
1308 1.766983e-07
1309 1.276148e-07
1310 9.579447e-08
1311 5.434250e-08
1312 3.296556e-08
1313 1.856968e-08
1314 1.068970e-08
1315 6.382327e-09
1316 0.000000e+00
1317 0.000000e+00
1318 0.000000e+00
1319 0.000000e+00
1320 3.078577e-07
1321 3.216065e-07
1322 2.924568e-07
1323 2.247029e-07
1324 1.622652e-07
1325 1.218404e-07
1326 6.915697e-08
1327 4.197839e-08
1328 2.363663e-08
1329 1.359998e-08
1330 8.116900e-09
1331 0.000000e+00
1332 0.000000e+00
1333 0.000000e+00
1334 0.000000e+00
1335 3.841561e-07
1336 4.014323e-07
1337 3.652105e-07
1338 2.807097e-07
1339 2.026908e-07
1340 1.522281e-07
1341 8.644124e-08
1342 5.249408e-08
1343 2.954836e-08
1344 1.699550e-08
1345 1.014064e-08
1346 0.000000e+00
1347 0.000000e+00
1348 0.000000e+00
1349 0.000000e+00
1350 7.241928e-08
1351 7.838691e-08
1352 7.516761e-08
1353 6.091386e-08
1354 4.394533e-08
1355 3.312898e-08
1356 2.069444e-08
1357 1.268816e-08
1358 7.044074e-09
1359 3.878820e-09
1360 2.241824e-09
1361 1.363360e-09
1362 0.000000e+00
1363 0.000000e+00
1364 0.000000e+00
1365 1.384435e-07
1366 1.501004e-07
1367 1.442998e-07
1368 1.172865e-07
1369 8.467004e-08
1370 6.376812e-08
1371 4.010671e-08
1372 2.451744e-08
1373 1.361417e-08
1374 7.500404e-09
1375 4.324962e-09
1376 2.624411e-09
1377 0.000000e+00
1378 0.000000e+00
1379 0.000000e+00
1380 2.010031e-07
1381 2.180563e-07
1382 2.098198e-07
1383 1.707216e-07
1384 1.232755e-07
1385 9.281020e-08
1386 5.851418e-08
1387 3.573215e-08
1388 1.984300e-08
1389 1.093430e-08
1390 6.299816e-09
1391 3.819753e-09
1392 0.000000e+00
1393 0.000000e+00
1394 0.000000e+00
1395 2.739546e-07
1396 2.973002e-07
1397 2.862206e-07
1398 2.330303e-07
1399 1.682909e-07
1400 1.266749e-07
1401 7.997821e-08
1402 4.880901e-08
1403 2.710609e-08
1404 1.493828e-08
1405 8.602574e-09
1406 5.213599e-09
1407 0.000000e+00
1408 0.000000e+00
1409 0.000000e+00
1410 5.894282e-08
1411 6.578359e-08
1412 6.608547e-08
1413 5.676461e-08
1414 4.184063e-08
1415 3.081735e-08
1416 2.170984e-08
1417 1.238686e-08
1418 6.973494e-09
1419 3.945968e-09
1420 2.194912e-09
1421 1.280111e-09
1422 0.000000e+00
1423 0.000000e+00
1424 0.000000e+00
1425 1.179161e-07
1426 1.317878e-07
1427 1.326789e-07
1428 1.143049e-07
1429 8.439791e-08
1430 6.208342e-08
1431 4.394623e-08
1432 2.499090e-08
1433 1.409996e-08
1434 7.977326e-09
1435 4.434908e-09
1436 2.581348e-09
1437 0.000000e+00
1438 0.000000e+00
1439 0.000000e+00
1440 1.864659e-07
1441 2.085133e-07
1442 2.100928e-07
1443 1.811975e-07
1444 1.338744e-07
1445 9.843172e-08
1446 6.979941e-08
1447 3.964442e-08
1448 2.238585e-08
1449 1.266432e-08
1450 7.039246e-09
1451 4.094128e-09
1452 0.000000e+00
1453 0.000000e+00
1454 0.000000e+00
1455 5.137059e-08
1456 5.886918e-08
1457 6.153338e-08
1458 5.590916e-08
1459 4.287625e-08
1460 3.096762e-08
1461 2.325982e-08
1462 1.304030e-08
1463 7.800041e-09
1464 4.273473e-09
1465 2.355861e-09
1466 1.315425e-09
1467 0.000000e+00
1468 0.000000e+00
1469 0.000000e+00
1470 1.144184e-07
1471 1.312916e-07
1472 1.375004e-07
1473 1.252950e-07
1474 9.633717e-08
1475 6.954074e-08
1476 5.230452e-08
1477 2.941266e-08
1478 1.765429e-08
1479 9.654142e-09
1480 5.309453e-09
1481 2.958532e-09
1482 0.000000e+00
1483 0.000000e+00
1484 0.000000e+00
1485 5.364773e-08
1486 6.303909e-08
1487 6.835197e-08
1488 6.562145e-08
1489 5.320789e-08
1490 3.839268e-08
1491 2.896310e-08
1492 1.800939e-08
1493 1.095988e-08
1494 5.947511e-09
1495 3.132628e-09
1496 1.690118e-09
1497 9.411916e-10
1498 0.000000e+00
1499 0.000000e+00
1500 1.109684e-04
1501 8.086786e-05
1502 6.035546e-05
1503 3.805236e-05
1504 2.321989e-05
1505 1.369104e-05
1506 8.324421e-06
1507 5.304277e-06
1508 3.565556e-06
1509 0.000000e+00
1510 0.000000e+00
1511 0.000000e+00
1512 0.000000e+00
1513 0.000000e+00
1514 0.000000e+00
1515 5.757601e-05
1516 4.644359e-05
1517 3.369791e-05
1518 2.528332e-05
1519 1.597668e-05
1520 9.754545e-06
1521 5.648866e-06
1522 3.364481e-06
1523 2.093966e-06
1524 1.379138e-06
1525 0.000000e+00
1526 0.000000e+00
1527 0.000000e+00
1528 0.000000e+00
1529 0.000000e+00
1530 4.047788e-05
1531 3.713775e-05
1532 2.882267e-05
1533 2.080348e-05
1534 1.566222e-05
1535 9.111532e-06
1536 5.625604e-06
1537 3.225263e-06
1538 1.896511e-06
1539 1.174730e-06
1540 0.000000e+00
1541 0.000000e+00
1542 0.000000e+00
1543 0.000000e+00
1544 0.000000e+00
1545 2.912801e-05
1546 2.891312e-05
1547 2.448503e-05
1548 1.793535e-05
1549 1.328396e-05
1550 9.154542e-06
1551 5.351144e-06
1552 3.053081e-06
1553 1.771954e-06
1554 1.042590e-06
1555 6.506122e-07
1556 0.000000e+00
1557 0.000000e+00
1558 0.000000e+00
1559 0.000000e+00
1560 2.085098e-05
1561 2.179680e-05
1562 1.983793e-05
1563 1.524768e-05
1564 1.100576e-05
1565 8.274949e-06
1566 4.689296e-06
1567 2.850415e-06
1568 1.602925e-06
1569 9.233707e-07
1570 5.506294e-07
1571 0.000000e+00
1572 0.000000e+00
1573 0.000000e+00
1574 0.000000e+00
1575 1.487210e-05
1576 1.614453e-05
1577 1.554949e-05
1578 1.266314e-05
1579 9.143013e-06
1580 6.883420e-06
1581 4.347301e-06
1582 2.655947e-06
1583 1.474901e-06
1584 8.112783e-07
1585 4.673052e-07
1586 2.832009e-07
1587 0.000000e+00
1588 0.000000e+00
1589 0.000000e+00
1590 1.001028e-05
1591 1.119728e-05
1592 1.128693e-05
1593 9.739022e-06
1594 7.195644e-06
1595 5.289411e-06
1596 3.755371e-06
1597 2.130464e-06
1598 1.202339e-06
1599 6.811759e-07
1600 3.783133e-07
1601 2.200058e-07
1602 0.000000e+00
1603 0.000000e+00
1604 0.000000e+00
1605 6.201116e-06
1606 7.118100e-06
1607 7.458527e-06
1608 6.801106e-06
1609 5.231433e-06
1610 3.775220e-06
1611 2.841823e-06
1612 1.597077e-06
1613 9.596537e-07
1614 5.242846e-07
1615 2.885232e-07
1616 1.606418e-07
1617 0.000000e+00
1618 0.000000e+00
1619 0.000000e+00
1620 3.163407e-06
1621 3.720115e-06
1622 4.038202e-06
1623 3.883392e-06
1624 3.154630e-06
1625 2.276770e-06
1626 1.716871e-06
1627 1.071974e-06
1628 6.518364e-07
1629 3.538249e-07
1630 1.861971e-07
1631 1.003484e-07
1632 5.578990e-08
1633 0.000000e+00
1634 0.000000e+00
1635 8.891198e-07
1636 1.072208e-06
1637 1.206146e-06
1638 1.224576e-06
1639 1.066696e-06
1640 7.933436e-07
1641 5.815894e-07
1642 4.169104e-07
1643 2.343421e-07
1644 1.314261e-07
1645 7.164692e-08
1646 3.730540e-08
1647 1.958823e-08
1648 0.000000e+00
1649 0.000000e+00
