0 2.173657e-09
1 1.410309e-09
2 8.862186e-10
3 5.586446e-10
4 3.594984e-10
5 2.368300e-10
6 1.575588e-10
7 1.034147e-10
8 6.542556e-11
9 3.920542e-11
10 2.204052e-11
11 1.161259e-11
12 5.775079e-12
13 2.742415e-12
14 1.259100e-12
15 3.694350e-09
16 2.453108e-09
17 1.556583e-09
18 9.701795e-10
19 6.140966e-10
20 3.982337e-10
21 2.637308e-10
22 1.749112e-10
23 1.133024e-10
24 7.015202e-11
25 4.089352e-11
26 2.231269e-11
27 1.142864e-11
28 5.548932e-12
29 2.586097e-12
30 4.215567e-09
31 2.817213e-09
32 1.796438e-09
33 1.117873e-09
34 7.047964e-10
35 4.547597e-10
36 3.003144e-10
37 1.994083e-10
38 1.298041e-10
39 8.098644e-11
40 4.766110e-11
41 2.626304e-11
42 1.356914e-11
43 6.633147e-12
44 3.105859e-12
45 4.492285e-09
46 3.010688e-09
47 1.923721e-09
48 1.196323e-09
49 7.529292e-10
50 4.847725e-10
51 3.197813e-10
52 2.123801e-10
53 1.385605e-10
54 8.673579e-11
55 5.124456e-11
56 2.835167e-11
57 1.470111e-11
58 7.206670e-12
59 3.381370e-12
60 4.693054e-09
61 3.150931e-09
62 2.016095e-09
63 1.253172e-09
64 7.878191e-10
65 5.065829e-10
66 3.339215e-10
67 2.218462e-10
68 1.449015e-10
69 9.091352e-11
70 5.386426e-11
71 2.987948e-11
72 1.552704e-11
73 7.623940e-12
74 3.581755e-12
75 4.836992e-09
76 3.251355e-09
77 2.082366e-09
78 1.293843e-09
79 8.128455e-10
80 5.222006e-10
81 3.440358e-10
82 2.286051e-10
83 1.494911e-10
84 9.392578e-11
85 5.572880e-11
86 3.096610e-11
87 1.611752e-11
88 7.923603e-12
89 3.725011e-12
90 4.953662e-09
91 3.332975e-09
92 2.136092e-09
93 1.327170e-09
94 8.332736e-10
95 5.348778e-10
96 3.522640e-10
97 2.341096e-10
98 1.532088e-10
99 9.635936e-11
100 5.725724e-11
101 3.185601e-11
102 1.659922e-11
103 8.166968e-12
104 3.841593e-12
105 5.056143e-09
106 3.404156e-09
107 2.183422e-09
108 1.356271e-09
109 8.510434e-10
110 5.459838e-10
111 3.594414e-10
112 2.389168e-10
113 1.563726e-10
114 9.844523e-11
115 5.855304e-11
116 3.262618e-11
117 1.701965e-11
118 8.380025e-12
119 3.940543e-12
120 5.153491e-09
121 3.472529e-09
122 2.228415e-09
123 1.383847e-09
124 8.679798e-10
125 5.565112e-10
126 3.662306e-10
127 2.434850e-10
128 1.595095e-10
129 1.005057e-10
130 5.985097e-11
131 3.336691e-11
132 1.741832e-11
133 8.582258e-12
134 4.040665e-12
135 5.264271e-09
136 3.549532e-09
137 2.279773e-09
138 1.415559e-09
139 8.873821e-10
140 5.686636e-10
141 3.741239e-10
142 2.486854e-10
143 1.630511e-10
144 1.028514e-10
145 6.130706e-11
146 3.421704e-11
147 1.787989e-11
148 8.813723e-12
149 4.151790e-12
150 7.855390e-09
151 5.405223e-09
152 3.548014e-09
153 2.214207e-09
154 1.373319e-09
155 8.660546e-10
156 5.619988e-10
157 3.720988e-10
158 2.460545e-10
159 1.583615e-10
160 9.706029e-11
161 5.588353e-11
162 3.008555e-11
163 1.520984e-11
164 7.299728e-12
165 9.921175e-09
166 6.911854e-09
167 4.602562e-09
168 2.901762e-09
169 1.789990e-09
170 1.119561e-09
171 7.187495e-10
172 4.728675e-10
173 3.132015e-10
174 2.034701e-10
175 1.266635e-10
176 7.433972e-11
177 4.082238e-11
178 2.100785e-11
179 1.022342e-11
180 1.106602e-08
181 7.750189e-09
182 5.189794e-09
183 3.287187e-09
184 2.024091e-09
185 1.262316e-09
186 8.064595e-10
187 5.290892e-10
188 3.505301e-10
189 2.285611e-10
190 1.431601e-10
191 8.465267e-11
192 4.685522e-11
193 2.428548e-11
194 1.188525e-11
195 1.189999e-08
196 8.361150e-09
197 5.617826e-09
198 3.568375e-09
199 2.195045e-09
200 1.366234e-09
201 8.703465e-10
202 5.701489e-10
203 3.777734e-10
204 2.468653e-10
205 1.551905e-10
206 9.218527e-11
207 5.126210e-11
208 2.667990e-11
209 1.309862e-11
210 1.249532e-08
211 8.797243e-09
212 5.924334e-09
213 3.768512e-09
214 2.317164e-09
215 1.440474e-09
216 9.160346e-10
217 5.993979e-10
218 3.972105e-10
219 2.599142e-10
220 1.637496e-10
221 9.754950e-11
222 5.440065e-11
223 2.838062e-11
224 1.396522e-11
225 1.297950e-08
226 9.151080e-09
227 6.171297e-09
228 3.931817e-09
229 2.415758e-09
230 1.500701e-09
231 9.530048e-10
232 6.231070e-10
233 4.129537e-10
234 2.704774e-10
235 1.707111e-10
236 1.018902e-10
237 5.693617e-11
238 2.976259e-11
239 1.466346e-11
240 1.339905e-08
241 9.458647e-09
242 6.387331e-09
243 4.073762e-09
244 2.502282e-09
245 1.553263e-09
246 9.852282e-10
247 6.436955e-10
248 4.267130e-10
249 2.797178e-10
250 1.767849e-10
251 1.056889e-10
252 5.916314e-11
253 3.097107e-11
254 1.527129e-11
255 1.380081e-08
256 9.752383e-09
257 6.593722e-09
258 4.209610e-09
259 2.584359e-09
260 1.603175e-09
261 1.015994e-09
262 6.633891e-10
263 4.398125e-10
264 2.885093e-10
265 1.825650e-10
266 1.093119e-10
267 6.127924e-11
268 3.211776e-11
269 1.585670e-11
270 1.426589e-08
271 1.009320e-08
272 6.832330e-09
273 4.365766e-09
274 2.679132e-09
275 1.661340e-09
276 1.051905e-09
277 6.863725e-10
278 4.549719e-10
279 2.986961e-10
280 1.892822e-10
281 1.135155e-10
282 6.372998e-11
283 3.345030e-11
284 1.653205e-11
285 1.361305e-08
286 9.680568e-09
287 6.573182e-09
288 4.239724e-09
289 2.611660e-09
290 1.617846e-09
291 1.020255e-09
292 6.620526e-10
293 4.368638e-10
294 2.863472e-10
295 1.817850e-10
296 1.096071e-10
297 6.204620e-11
298 3.287963e-11
299 1.639709e-11
300 1.592994e-08
301 1.145252e-08
302 7.844658e-09
303 5.115881e-09
304 3.162093e-09
305 1.949521e-09
306 1.220050e-09
307 7.858453e-10
308 5.167494e-10
309 3.394782e-10
310 2.171733e-10
311 1.324732e-10
312 7.603040e-11
313 4.085971e-11
314 2.062986e-11
315 1.764233e-08
316 1.276740e-08
317 8.789230e-09
318 5.768719e-09
319 3.574841e-09
320 2.197293e-09
321 1.369569e-09
322 8.783138e-10
323 5.762672e-10
324 3.789984e-10
325 2.434829e-10
326 1.494915e-10
327 8.646066e-11
328 4.682461e-11
329 2.380303e-11
330 1.886818e-08
331 1.370834e-08
332 9.463041e-09
333 6.233039e-09
334 3.869097e-09
335 2.374130e-09
336 1.476181e-09
337 9.443197e-10
338 6.188537e-10
339 4.072393e-10
340 2.622650e-10
341 1.616387e-10
342 9.390654e-11
343 5.108496e-11
344 2.606899e-11
345 1.986142e-08
346 1.447018e-08
347 1.001152e-08
348 6.612128e-09
349 4.107678e-09
350 2.517627e-09
351 1.562589e-09
352 9.977853e-10
353 6.532137e-10
354 4.300623e-10
355 2.774892e-10
356 1.714851e-10
357 9.993763e-11
358 5.453616e-11
359 2.790486e-11
360 2.072731e-08
361 1.513568e-08
362 1.048983e-08
363 6.940922e-09
364 4.315498e-09
365 2.642797e-09
366 1.637913e-09
367 1.044387e-09
368 6.832297e-10
369 4.500161e-10
370 2.907609e-10
371 1.800690e-10
372 1.051976e-10
373 5.754242e-11
374 2.950336e-11
375 2.154678e-08
376 1.576459e-08
377 1.094107e-08
378 7.253142e-09
379 4.512172e-09
380 2.761222e-09
381 1.709326e-09
382 1.088520e-09
383 7.116670e-10
384 4.689062e-10
385 3.033497e-10
386 1.882072e-10
387 1.101826e-10
388 6.039296e-11
389 3.101907e-11
390 2.250556e-08
391 1.650143e-08
392 1.146976e-08
393 7.618112e-09
394 4.743021e-09
395 2.900449e-09
396 1.793244e-09
397 1.140452e-09
398 7.449865e-10
399 4.910690e-10
400 3.181033e-10
401 1.977528e-10
402 1.160334e-10
403 6.373423e-11
404 3.279706e-11
405 1.939231e-08
406 1.418951e-08
407 9.836947e-09
408 6.514529e-09
409 4.072421e-09
410 2.494565e-09
411 1.547750e-09
412 9.851098e-10
413 6.426856e-10
414 4.221862e-10
415 2.722671e-10
416 1.685240e-10
417 9.856424e-11
418 5.406394e-11
419 2.782634e-11
420 2.212451e-08
421 1.638206e-08
422 1.144774e-08
423 7.646813e-09
424 4.821731e-09
425 2.944632e-09
426 1.818837e-09
427 1.148781e-09
428 7.451636e-10
429 4.889495e-10
430 3.165847e-10
431 1.975803e-10
432 1.168487e-10
433 6.488905e-11
434 3.379859e-11
435 2.408283e-08
436 1.796015e-08
437 1.260550e-08
438 8.463745e-09
439 5.362365e-09
440 3.269575e-09
441 2.014975e-09
442 1.266910e-09
443 8.192317e-10
444 5.371075e-10
445 3.485388e-10
446 2.185306e-10
447 1.300395e-10
448 7.270794e-11
449 3.811824e-11
450 2.568069e-08
451 1.923883e-08
452 1.354859e-08
453 9.127022e-09
454 5.800709e-09
455 3.533785e-09
456 2.173687e-09
457 1.362844e-09
458 8.790390e-10
459 5.761285e-10
460 3.744316e-10
461 2.355067e-10
462 1.407262e-10
463 7.904119e-11
464 4.161698e-11
465 2.706834e-08
466 2.035696e-08
467 1.436898e-08
468 9.703226e-09
469 6.182973e-09
470 3.764013e-09
471 2.311922e-09
472 1.446272e-09
473 9.313955e-10
474 6.101740e-10
475 3.970151e-10
476 2.503142e-10
477 1.500505e-10
478 8.456729e-11
479 4.466952e-11
480 2.838089e-08
481 2.140884e-08
482 1.514489e-08
483 1.024872e-08
484 6.545244e-09
485 3.981341e-09
486 2.443012e-09
487 1.525119e-09
488 9.807810e-10
489 6.423659e-10
490 4.183857e-10
491 2.643234e-10
492 1.588676e-10
493 8.979128e-11
494 4.755095e-11
495 2.991870e-08
496 2.264409e-08
497 1.605241e-08
498 1.088804e-08
499 6.967993e-09
500 4.235961e-09
501 2.596299e-09
502 1.617678e-09
503 1.038670e-09
504 6.800150e-10
505 4.433743e-10
506 2.806895e-10
507 1.691829e-10
508 9.590424e-11
509 5.093108e-11
510 2.599432e-08
511 1.959932e-08
512 1.386406e-08
513 9.364361e-09
514 5.991117e-09
515 3.658401e-09
516 2.247710e-09
517 1.403859e-09
518 9.018215e-10
519 5.892041e-10
520 3.826219e-10
521 2.410742e-10
522 1.446389e-10
523 8.172073e-11
524 4.333152e-11
525 2.890236e-08
526 2.204322e-08
527 1.571626e-08
528 1.068620e-08
529 6.896071e-09
530 4.217658e-09
531 2.582665e-09
532 1.602494e-09
533 1.023360e-09
534 6.664039e-10
535 4.332200e-10
536 2.743590e-10
537 1.659628e-10
538 9.471384e-11
539 5.075201e-11
540 3.126771e-08
541 2.403175e-08
542 1.722383e-08
543 1.176414e-08
544 7.633135e-09
545 4.674751e-09
546 2.855357e-09
547 1.764573e-09
548 1.122149e-09
549 7.292721e-10
550 4.744087e-10
551 3.014501e-10
552 1.833202e-10
553 1.052929e-10
554 5.679725e-11
555 3.332736e-08
556 2.576405e-08
557 1.853912e-08
558 1.270138e-08
559 8.275265e-09
560 5.071695e-09
561 3.093008e-09
562 1.905784e-09
563 1.208411e-09
564 7.840304e-10
565 5.102801e-10
566 3.250447e-10
567 1.984375e-10
568 1.145059e-10
569 6.206116e-11
570 3.528069e-08
571 2.740741e-08
572 1.978676e-08
573 1.359172e-08
574 8.885467e-09
575 5.449253e-09
576 3.318758e-09
577 2.039733e-09
578 1.290255e-09
579 8.360256e-10
580 5.443554e-10
581 3.474551e-10
582 2.127948e-10
583 1.232567e-10
584 6.706150e-11
585 3.756980e-08
586 2.932802e-08
587 2.124421e-08
588 1.463132e-08
589 9.595739e-09
590 5.889196e-09
591 3.581837e-09
592 2.195802e-09
593 1.385584e-09
594 8.965870e-10
595 5.840398e-10
596 3.735634e-10
597 2.295241e-10
598 1.334517e-10
599 7.288639e-11
600 3.276858e-08
601 2.539786e-08
602 1.832540e-08
603 1.256828e-08
604 8.205155e-09
605 5.050907e-09
606 3.077537e-09
607 1.895211e-09
608 1.199297e-09
609 7.762683e-10
610 5.043189e-10
611 3.210291e-10
612 1.961102e-10
613 1.133874e-10
614 6.165035e-11
615 3.600450e-08
616 2.822510e-08
617 2.053992e-08
618 1.417371e-08
619 9.323675e-09
620 5.770122e-09
621 3.503948e-09
622 2.148184e-09
623 1.350669e-09
624 8.702459e-10
625 5.648409e-10
626 3.606473e-10
627 2.217080e-10
628 1.292884e-10
629 7.097772e-11
630 3.882911e-08
631 3.069496e-08
632 2.247772e-08
633 1.557545e-08
634 1.030177e-08
635 6.398922e-09
636 3.877158e-09
637 2.369527e-09
638 1.483282e-09
639 9.524055e-10
640 6.177337e-10
641 3.952683e-10
642 2.440774e-10
643 1.431862e-10
644 7.913219e-11
645 4.150456e-08
646 3.303491e-08
647 2.431308e-08
648 1.690597e-08
649 1.122885e-08
650 6.995096e-09
651 4.230602e-09
652 2.579509e-09
653 1.608824e-09
654 1.030269e-09
655 6.678731e-10
656 4.280869e-10
657 2.652808e-10
658 1.563591e-10
659 8.686008e-11
660 4.463869e-08
661 3.576839e-08
662 2.645739e-08
663 1.845815e-08
664 1.230992e-08
665 7.690688e-09
666 4.643365e-09
667 2.824126e-09
668 1.755260e-09
669 1.121115e-09
670 7.263473e-10
671 4.663682e-10
672 2.900175e-10
673 1.717266e-10
674 9.587650e-11
675 4.018451e-08
676 3.198981e-08
677 2.357468e-08
678 1.640350e-08
679 1.089405e-08
680 6.809350e-09
681 4.121617e-09
682 2.515425e-09
683 1.567213e-09
684 1.001977e-09
685 6.482987e-10
686 4.148392e-10
687 2.568182e-10
688 1.513609e-10
689 8.417360e-11
690 4.392363e-08
691 3.536993e-08
692 2.632184e-08
693 1.842901e-08
694 1.232268e-08
695 7.759475e-09
696 4.689506e-09
697 2.853100e-09
698 1.765828e-09
699 1.122245e-09
700 7.241222e-10
701 4.639465e-10
702 2.886006e-10
703 1.713649e-10
704 9.616022e-11
705 4.746025e-08
706 3.857924e-08
707 2.892335e-08
708 2.035367e-08
709 1.367906e-08
710 8.661950e-09
711 5.228899e-09
712 3.173515e-09
713 1.954376e-09
714 1.236396e-09
715 7.961142e-10
716 5.105443e-10
717 3.187535e-10
718 1.903434e-10
719 1.075379e-10
720 5.160001e-08
721 4.232861e-08
722 3.195588e-08
723 2.259613e-08
724 1.525920e-08
725 9.713982e-09
726 5.857881e-09
727 3.547455e-09
728 2.174083e-09
729 1.369551e-09
730 8.799879e-10
731 5.648464e-10
732 3.538944e-10
733 2.124598e-10
734 1.207968e-10
735 4.869163e-08
736 3.981856e-08
737 3.003515e-08
738 2.123075e-08
739 1.431466e-08
740 9.116280e-09
741 5.515336e-09
742 3.342715e-09
743 2.050496e-09
744 1.291750e-09
745 8.289101e-10
746 5.308934e-10
747 3.318016e-10
748 1.987557e-10
749 1.128364e-10
750 5.330788e-08
751 4.414301e-08
752 3.367460e-08
753 2.398575e-08
754 1.627704e-08
755 1.045590e-08
756 6.337182e-09
757 3.828546e-09
758 2.333107e-09
759 1.459578e-09
760 9.321893e-10
761 5.966007e-10
762 3.741010e-10
763 2.255697e-10
764 1.291908e-10
765 5.870308e-08
766 4.919845e-08
767 3.791382e-08
768 2.719931e-08
769 1.856801e-08
770 1.202085e-08
771 7.298119e-09
772 4.396850e-09
773 2.663177e-09
774 1.655633e-09
775 1.052757e-09
776 6.733043e-10
777 4.234780e-10
778 2.568672e-10
779 1.482813e-10
780 5.925913e-08
781 4.988496e-08
782 3.866111e-08
783 2.786529e-08
784 1.907317e-08
785 1.239784e-08
786 7.567473e-09
787 4.550768e-09
788 2.752063e-09
789 1.704276e-09
790 1.079371e-09
791 6.883994e-10
792 4.326113e-10
793 2.627205e-10
794 1.521215e-10
795 6.635512e-08
796 5.676037e-08
797 4.466117e-08
798 3.256419e-08
799 2.247285e-08
800 1.476271e-08
801 9.078850e-09
802 5.438027e-09
803 3.268010e-09
804 2.004303e-09
805 1.258895e-09
806 7.997726e-10
807 5.033075e-10
808 3.075222e-10
809 1.797883e-10
810 7.616326e-08
811 6.661112e-08
812 5.365185e-08
813 3.989845e-08
814 2.790216e-08
815 1.859402e-08
816 1.163220e-08
817 6.950274e-09
818 4.152519e-09
819 2.508539e-09
820 1.551303e-09
821 9.752296e-10
822 6.119653e-10
823 3.757026e-10
824 2.221193e-10
825 5.027467e-07
826 3.672011e-07
827 2.720852e-07
828 1.692821e-07
829 1.031396e-07
830 6.110355e-08
831 3.731262e-08
832 2.394086e-08
833 1.616308e-08
834 0.000000e+00
835 0.000000e+00
836 0.000000e+00
837 0.000000e+00
838 0.000000e+00
839 0.000000e+00
840 7.609462e-07
841 5.559390e-07
842 4.123852e-07
843 2.596255e-07
844 1.577768e-07
845 9.335372e-08
846 5.689525e-08
847 3.636559e-08
848 2.448166e-08
849 0.000000e+00
850 0.000000e+00
851 0.000000e+00
852 0.000000e+00
853 0.000000e+00
854 0.000000e+00
855 8.988198e-07
856 6.567390e-07
857 4.873070e-07
858 3.079250e-07
859 1.869694e-07
860 1.105873e-07
861 6.735901e-08
862 4.300256e-08
863 2.892435e-08
864 0.000000e+00
865 0.000000e+00
866 0.000000e+00
867 0.000000e+00
868 0.000000e+00
869 0.000000e+00
870 9.993278e-07
871 7.302182e-07
872 5.419243e-07
873 3.431341e-07
874 2.082519e-07
875 1.231503e-07
876 7.498702e-08
877 4.784112e-08
878 3.216291e-08
879 0.000000e+00
880 0.000000e+00
881 0.000000e+00
882 0.000000e+00
883 0.000000e+00
884 0.000000e+00
885 1.071193e-06
886 7.827614e-07
887 5.809742e-07
888 3.683088e-07
889 2.234694e-07
890 1.321335e-07
891 8.044121e-08
892 5.130076e-08
893 3.447879e-08
894 0.000000e+00
895 0.000000e+00
896 0.000000e+00
897 0.000000e+00
898 0.000000e+00
899 0.000000e+00
900 1.129439e-06
901 8.253442e-07
902 6.126261e-07
903 3.887123e-07
904 2.358020e-07
905 1.394142e-07
906 8.486152e-08
907 5.410480e-08
908 3.635564e-08
909 0.000000e+00
910 0.000000e+00
911 0.000000e+00
912 0.000000e+00
913 0.000000e+00
914 0.000000e+00
915 1.180268e-06
916 8.625041e-07
917 6.402459e-07
918 4.065191e-07
919 2.465652e-07
920 1.457672e-07
921 8.871918e-08
922 5.655163e-08
923 3.799350e-08
924 0.000000e+00
925 0.000000e+00
926 0.000000e+00
927 0.000000e+00
928 0.000000e+00
929 0.000000e+00
930 1.228460e-06
931 8.977376e-07
932 6.664337e-07
933 4.234011e-07
934 2.567693e-07
935 1.517905e-07
936 9.237652e-08
937 5.887147e-08
938 3.954628e-08
939 0.000000e+00
940 0.000000e+00
941 0.000000e+00
942 0.000000e+00
943 0.000000e+00
944 0.000000e+00
945 1.284683e-06
946 9.388454e-07
947 6.969857e-07
948 4.430983e-07
949 2.686743e-07
950 1.588185e-07
951 9.664394e-08
952 6.157795e-08
953 4.135810e-08
954 0.000000e+00
955 0.000000e+00
956 0.000000e+00
957 0.000000e+00
958 0.000000e+00
959 0.000000e+00
960 3.355826e-07
961 2.671951e-07
962 1.938152e-07
963 1.453541e-07
964 8.988205e-08
965 5.503081e-08
966 3.198648e-08
967 1.912701e-08
968 1.198832e-08
969 7.938195e-09
970 0.000000e+00
971 0.000000e+00
972 0.000000e+00
973 0.000000e+00
974 0.000000e+00
975 5.140639e-07
976 4.121486e-07
977 2.992461e-07
978 2.242093e-07
979 1.404731e-07
980 8.565872e-08
981 4.975399e-08
982 2.971141e-08
983 1.855420e-08
984 1.224937e-08
985 0.000000e+00
986 0.000000e+00
987 0.000000e+00
988 0.000000e+00
989 0.000000e+00
990 6.448119e-07
991 5.183991e-07
992 3.765466e-07
993 2.820115e-07
994 1.775997e-07
995 1.081223e-07
996 6.278597e-08
997 3.747520e-08
998 2.336910e-08
999 1.541004e-08
1000 0.000000e+00
1001 0.000000e+00
1002 0.000000e+00
1003 0.000000e+00
1004 0.000000e+00
1005 7.382357e-07
1006 5.943126e-07
1007 4.317715e-07
1008 3.233096e-07
1009 2.041234e-07
1010 1.241698e-07
1011 7.209649e-08
1012 4.302199e-08
1013 2.680897e-08
1014 1.766814e-08
1015 0.000000e+00
1016 0.000000e+00
1017 0.000000e+00
1018 0.000000e+00
1019 0.000000e+00
1020 8.139596e-07
1021 6.558390e-07
1022 4.765327e-07
1023 3.567807e-07
1024 2.256220e-07
1025 1.371778e-07
1026 7.964314e-08
1027 4.751755e-08
1028 2.959718e-08
1029 1.949827e-08
1030 0.000000e+00
1031 0.000000e+00
1032 0.000000e+00
1033 0.000000e+00
1034 0.000000e+00
1035 8.800254e-07
1036 7.095243e-07
1037 5.155916e-07
1038 3.859857e-07
1039 2.443794e-07
1040 1.485270e-07
1041 8.622743e-08
1042 5.144028e-08
1043 3.202995e-08
1044 2.109535e-08
1045 0.000000e+00
1046 0.000000e+00
1047 0.000000e+00
1048 0.000000e+00
1049 0.000000e+00
1050 9.426736e-07
1051 7.604327e-07
1052 5.526249e-07
1053 4.136780e-07
1054 2.621647e-07
1055 1.592896e-07
1056 9.247120e-08
1057 5.515972e-08
1058 3.433673e-08
1059 2.260959e-08
1060 0.000000e+00
1061 0.000000e+00
1062 0.000000e+00
1063 0.000000e+00
1064 0.000000e+00
1065 1.015768e-06
1066 8.198310e-07
1067 5.958365e-07
1068 4.459927e-07
1069 2.829175e-07
1070 1.718473e-07
1071 9.975607e-08
1072 5.949995e-08
1073 3.702828e-08
1074 2.437647e-08
1075 0.000000e+00
1076 0.000000e+00
1077 0.000000e+00
1078 0.000000e+00
1079 0.000000e+00
1080 1.905280e-07
1081 1.731847e-07
1082 1.333573e-07
1083 9.644522e-08
1084 7.225752e-08
1085 4.173921e-08
1086 2.557335e-08
1087 1.474925e-08
1088 8.725671e-09
1089 5.430164e-09
1090 0.000000e+00
1091 0.000000e+00
1092 0.000000e+00
1093 0.000000e+00
1094 0.000000e+00
1095 3.302637e-07
1096 3.016912e-07
1097 2.333834e-07
1098 1.686665e-07
1099 1.265748e-07
1100 7.357548e-08
1101 4.521264e-08
1102 2.600644e-08
1103 1.532391e-08
1104 9.511751e-09
1105 0.000000e+00
1106 0.000000e+00
1107 0.000000e+00
1108 0.000000e+00
1109 0.000000e+00
1110 4.306279e-07
1111 3.940342e-07
1112 3.052903e-07
1113 2.205836e-07
1114 1.656230e-07
1115 9.648065e-08
1116 5.934313e-08
1117 3.410486e-08
1118 2.006900e-08
1119 1.244630e-08
1120 0.000000e+00
1121 0.000000e+00
1122 0.000000e+00
1123 0.000000e+00
1124 0.000000e+00
1125 5.118675e-07
1126 4.687719e-07
1127 3.634880e-07
1128 2.626035e-07
1129 1.972257e-07
1130 1.150174e-07
1131 7.077884e-08
1132 4.065897e-08
1133 2.390921e-08
1134 1.482137e-08
1135 0.000000e+00
1136 0.000000e+00
1137 0.000000e+00
1138 0.000000e+00
1139 0.000000e+00
1140 5.827486e-07
1141 5.339873e-07
1142 4.142683e-07
1143 2.992682e-07
1144 2.248018e-07
1145 1.311919e-07
1146 8.075741e-08
1147 4.637790e-08
1148 2.726008e-08
1149 1.689370e-08
1150 0.000000e+00
1151 0.000000e+00
1152 0.000000e+00
1153 0.000000e+00
1154 0.000000e+00
1155 6.499630e-07
1156 5.958254e-07
1157 4.624212e-07
1158 3.340351e-07
1159 2.509506e-07
1160 1.465295e-07
1161 9.021925e-08
1162 5.180077e-08
1163 3.043750e-08
1164 1.885873e-08
1165 0.000000e+00
1166 0.000000e+00
1167 0.000000e+00
1168 0.000000e+00
1169 0.000000e+00
1170 7.283846e-07
1171 6.679733e-07
1172 5.186008e-07
1173 3.745984e-07
1174 2.814577e-07
1175 1.644239e-07
1176 1.012585e-07
1177 5.812754e-08
1178 3.414473e-08
1179 2.115149e-08
1180 0.000000e+00
1181 0.000000e+00
1182 0.000000e+00
1183 0.000000e+00
1184 0.000000e+00
1185 1.304537e-07
1186 1.287465e-07
1187 1.082417e-07
1188 7.906131e-08
1189 5.873943e-08
1190 3.990700e-08
1191 2.355627e-08
1192 1.342010e-08
1193 7.757560e-09
1194 4.584608e-09
1195 2.872148e-09
1196 0.000000e+00
1197 0.000000e+00
1198 0.000000e+00
1199 0.000000e+00
1200 2.309615e-07
1201 2.286277e-07
1202 1.929815e-07
1203 1.412181e-07
1204 1.047366e-07
1205 7.169078e-08
1206 4.209471e-08
1207 2.401734e-08
1208 1.390332e-08
1209 8.200974e-09
1210 5.126452e-09
1211 0.000000e+00
1212 0.000000e+00
1213 0.000000e+00
1214 0.000000e+00
1215 3.123230e-07
1216 3.095004e-07
1217 2.616146e-07
1218 1.915692e-07
1219 1.419925e-07
1220 9.744466e-08
1221 5.711207e-08
1222 3.260329e-08
1223 1.888241e-08
1224 1.113063e-08
1225 6.952515e-09
1226 0.000000e+00
1227 0.000000e+00
1228 0.000000e+00
1229 0.000000e+00
1230 3.831935e-07
1231 3.799432e-07
1232 3.213903e-07
1233 2.354215e-07
1234 1.744400e-07
1235 1.198757e-07
1236 7.019122e-08
1237 4.008120e-08
1238 2.321897e-08
1239 1.368230e-08
1240 8.542871e-09
1241 0.000000e+00
1242 0.000000e+00
1243 0.000000e+00
1244 0.000000e+00
1245 4.503977e-07
1246 4.467362e-07
1247 3.780737e-07
1248 2.770046e-07
1249 2.052095e-07
1250 1.411454e-07
1251 8.259382e-08
1252 4.717229e-08
1253 2.733118e-08
1254 1.610194e-08
1255 1.005098e-08
1256 0.000000e+00
1257 0.000000e+00
1258 0.000000e+00
1259 0.000000e+00
1260 5.288015e-07
1261 5.246659e-07
1262 4.442070e-07
1263 3.255223e-07
1264 2.411084e-07
1265 1.659601e-07
1266 9.706421e-08
1267 5.544503e-08
1268 3.212871e-08
1269 1.892488e-08
1270 1.181051e-08
1271 0.000000e+00
1272 0.000000e+00
1273 0.000000e+00
1274 0.000000e+00
1275 9.381784e-08
1276 9.767576e-08
1277 8.837612e-08
1278 6.760034e-08
1279 4.886620e-08
1280 3.660071e-08
1281 2.067712e-08
1282 1.248510e-08
1283 7.055400e-09
1284 4.075658e-09
1285 2.440239e-09
1286 0.000000e+00
1287 0.000000e+00
1288 0.000000e+00
1289 0.000000e+00
1290 1.733991e-07
1291 1.809286e-07
1292 1.642423e-07
1293 1.259972e-07
1294 9.101805e-08
1295 6.828470e-08
1296 3.869428e-08
1297 2.344530e-08
1298 1.321750e-08
1299 7.615679e-09
1300 4.550255e-09
1301 0.000000e+00
1302 0.000000e+00
1303 0.000000e+00
1304 0.000000e+00
1305 2.424634e-07
1306 2.531893e-07
1307 2.301013e-07
1308 1.766983e-07
1309 1.276148e-07
1310 9.579446e-08
1311 5.434249e-08
1312 3.296555e-08
1313 1.856968e-08
1314 1.068970e-08
1315 6.382327e-09
1316 0.000000e+00
1317 0.000000e+00
1318 0.000000e+00
1319 0.000000e+00
1320 3.078577e-07
1321 3.216065e-07
1322 2.924568e-07
1323 2.247029e-07
1324 1.622652e-07
1325 1.218404e-07
1326 6.915697e-08
1327 4.197839e-08
1328 2.363663e-08
1329 1.359998e-08
1330 8.116900e-09
1331 0.000000e+00
1332 0.000000e+00
1333 0.000000e+00
1334 0.000000e+00
1335 3.841561e-07
1336 4.014323e-07
1337 3.652105e-07
1338 2.807097e-07
1339 2.026908e-07
1340 1.522281e-07
1341 8.644124e-08
1342 5.249408e-08
1343 2.954836e-08
1344 1.699550e-08
1345 1.014064e-08
1346 0.000000e+00
1347 0.000000e+00
1348 0.000000e+00
1349 0.000000e+00
1350 7.195516e-08
1351 7.788041e-08
1352 7.467486e-08
1353 6.050791e-08
1354 4.365140e-08
1355 3.290859e-08
1356 2.055173e-08
1357 1.260204e-08
1358 6.996226e-09
1359 3.852366e-09
1360 2.226723e-09
1361 1.354284e-09
1362 0.000000e+00
1363 0.000000e+00
1364 0.000000e+00
1365 1.384333e-07
1366 1.500890e-07
1367 1.442888e-07
1368 1.172773e-07
1369 8.466335e-08
1370 6.376313e-08
1371 4.010340e-08
1372 2.451544e-08
1373 1.361307e-08
1374 7.499792e-09
1375 4.324608e-09
1376 2.624202e-09
1377 0.000000e+00
1378 0.000000e+00
1379 0.000000e+00
1380 2.010031e-07
1381 2.180563e-07
1382 2.098198e-07
1383 1.707216e-07
1384 1.232755e-07
1385 9.281020e-08
1386 5.851418e-08
1387 3.573215e-08
1388 1.984300e-08
1389 1.093430e-08
1390 6.299816e-09
1391 3.819753e-09
1392 0.000000e+00
1393 0.000000e+00
1394 0.000000e+00
1395 2.739546e-07
1396 2.973002e-07
1397 2.862206e-07
1398 2.330303e-07
1399 1.682909e-07
1400 1.266749e-07
1401 7.997821e-08
1402 4.880901e-08
1403 2.710609e-08
1404 1.493828e-08
1405 8.602574e-09
1406 5.213599e-09
1407 0.000000e+00
1408 0.000000e+00
1409 0.000000e+00
1410 5.873539e-08
1411 6.555033e-08
1412 6.584852e-08
1413 5.655776e-08
1414 4.168672e-08
1415 3.070473e-08
1416 2.162856e-08
1417 1.234126e-08
1418 6.947536e-09
1419 3.931288e-09
1420 2.186771e-09
1421 1.275410e-09
1422 0.000000e+00
1423 0.000000e+00
1424 0.000000e+00
1425 1.179146e-07
1426 1.317861e-07
1427 1.326772e-07
1428 1.143034e-07
1429 8.439677e-08
1430 6.208260e-08
1431 4.394563e-08
1432 2.499056e-08
1433 1.409977e-08
1434 7.977217e-09
1435 4.434847e-09
1436 2.581314e-09
1437 0.000000e+00
1438 0.000000e+00
1439 0.000000e+00
1440 1.864659e-07
1441 2.085133e-07
1442 2.100928e-07
1443 1.811975e-07
1444 1.338744e-07
1445 9.843172e-08
1446 6.979941e-08
1447 3.964442e-08
1448 2.238585e-08
1449 1.266432e-08
1450 7.039246e-09
1451 4.094128e-09
1452 0.000000e+00
1453 0.000000e+00
1454 0.000000e+00
1455 5.132825e-08
1456 5.882017e-08
1457 6.148182e-08
1458 5.586171e-08
1459 4.283951e-08
1460 3.094112e-08
1461 2.323978e-08
1462 1.302892e-08
1463 7.793119e-09
1464 4.269720e-09
1465 2.353811e-09
1466 1.314290e-09
1467 0.000000e+00
1468 0.000000e+00
1469 0.000000e+00
1470 1.144183e-07
1471 1.312916e-07
1472 1.375004e-07
1473 1.252950e-07
1474 9.633716e-08
1475 6.954074e-08
1476 5.230451e-08
1477 2.941265e-08
1478 1.765429e-08
1479 9.654141e-09
1480 5.309452e-09
1481 2.958532e-09
1482 0.000000e+00
1483 0.000000e+00
1484 0.000000e+00
1485 5.365967e-08
1486 6.305329e-08
1487 6.836763e-08
1488 6.563687e-08
1489 5.322077e-08
1490 3.840209e-08
1491 2.897009e-08
1492 1.801404e-08
1493 1.096262e-08
1494 5.949007e-09
1495 3.133428e-09
1496 1.690540e-09
1497 9.414198e-10
1498 0.000000e+00
1499 0.000000e+00
1500 1.109684e-04
1501 8.086786e-05
1502 6.035546e-05
1503 3.805236e-05
1504 2.321989e-05
1505 1.369104e-05
1506 8.324421e-06
1507 5.304277e-06
1508 3.565556e-06
1509 0.000000e+00
1510 0.000000e+00
1511 0.000000e+00
1512 0.000000e+00
1513 0.000000e+00
1514 0.000000e+00
1515 5.757601e-05
1516 4.644359e-05
1517 3.369791e-05
1518 2.528332e-05
1519 1.597668e-05
1520 9.754545e-06
1521 5.648866e-06
1522 3.364481e-06
1523 2.093966e-06
1524 1.379138e-06
1525 0.000000e+00
1526 0.000000e+00
1527 0.000000e+00
1528 0.000000e+00
1529 0.000000e+00
1530 4.047788e-05
1531 3.713775e-05
1532 2.882267e-05
1533 2.080348e-05
1534 1.566222e-05
1535 9.111532e-06
1536 5.625604e-06
1537 3.225263e-06
1538 1.896511e-06
1539 1.174730e-06
1540 0.000000e+00
1541 0.000000e+00
1542 0.000000e+00
1543 0.000000e+00
1544 0.000000e+00
1545 2.912801e-05
1546 2.891312e-05
1547 2.448503e-05
1548 1.793535e-05
1549 1.328396e-05
1550 9.154542e-06
1551 5.351144e-06
1552 3.053081e-06
1553 1.771954e-06
1554 1.042590e-06
1555 6.506122e-07
1556 0.000000e+00
1557 0.000000e+00
1558 0.000000e+00
1559 0.000000e+00
1560 2.085098e-05
1561 2.179680e-05
1562 1.983793e-05
1563 1.524768e-05
1564 1.100576e-05
1565 8.274949e-06
1566 4.689296e-06
1567 2.850415e-06
1568 1.602925e-06
1569 9.233707e-07
1570 5.506294e-07
1571 0.000000e+00
1572 0.000000e+00
1573 0.000000e+00
1574 0.000000e+00
1575 1.487210e-05
1576 1.614453e-05
1577 1.554949e-05
1578 1.266314e-05
1579 9.143013e-06
1580 6.883420e-06
1581 4.347301e-06
1582 2.655947e-06
1583 1.474901e-06
1584 8.112783e-07
1585 4.673052e-07
1586 2.832009e-07
1587 0.000000e+00
1588 0.000000e+00
1589 0.000000e+00
1590 1.001028e-05
1591 1.119728e-05
1592 1.128693e-05
1593 9.739022e-06
1594 7.195644e-06
1595 5.289411e-06
1596 3.755371e-06
1597 2.130464e-06
1598 1.202339e-06
1599 6.811759e-07
1600 3.783133e-07
1601 2.200058e-07
1602 0.000000e+00
1603 0.000000e+00
1604 0.000000e+00
1605 6.201116e-06
1606 7.118100e-06
1607 7.458527e-06
1608 6.801106e-06
1609 5.231433e-06
1610 3.775220e-06
1611 2.841823e-06
1612 1.597077e-06
1613 9.596537e-07
1614 5.242846e-07
1615 2.885232e-07
1616 1.606418e-07
1617 0.000000e+00
1618 0.000000e+00
1619 0.000000e+00
1620 3.163407e-06
1621 3.720115e-06
1622 4.038202e-06
1623 3.883392e-06
1624 3.154630e-06
1625 2.276770e-06
1626 1.716871e-06
1627 1.071974e-06
1628 6.518364e-07
1629 3.538249e-07
1630 1.861971e-07
1631 1.003484e-07
1632 5.578990e-08
1633 0.000000e+00
1634 0.000000e+00
1635 8.891198e-07
1636 1.072208e-06
1637 1.206146e-06
1638 1.224576e-06
1639 1.066696e-06
1640 7.933436e-07
1641 5.815894e-07
1642 4.169104e-07
1643 2.343421e-07
1644 1.314261e-07
1645 7.164692e-08
1646 3.730540e-08
1647 1.958823e-08
1648 0.000000e+00
1649 0.000000e+00
