0 2.172744e-09
1 1.409868e-09
2 8.859968e-10
3 5.586167e-10
4 3.594862e-10
5 2.367765e-10
6 1.574624e-10
7 1.033580e-10
8 6.539568e-11
9 3.919415e-11
10 2.203135e-11
11 1.160998e-11
12 5.774747e-12
13 2.742591e-12
14 1.259133e-12
15 3.696752e-09
16 2.455126e-09
17 1.557774e-09
18 9.709382e-10
19 6.146469e-10
20 3.985234e-10
21 2.639091e-10
22 1.750152e-10
23 1.133786e-10
24 7.021654e-11
25 4.093772e-11
26 2.234344e-11
27 1.144752e-11
28 5.559262e-12
29 2.591352e-12
30 4.220631e-09
31 2.821291e-09
32 1.799217e-09
33 1.119715e-09
34 7.059576e-10
35 4.554689e-10
36 3.007614e-10
37 1.996608e-10
38 1.299760e-10
39 8.109920e-11
40 4.773677e-11
41 2.631411e-11
42 1.360211e-11
43 6.651089e-12
44 3.115444e-12
45 4.507699e-09
46 3.022016e-09
47 1.931700e-09
48 1.201379e-09
49 7.560510e-10
50 4.867272e-10
51 3.209764e-10
52 2.131556e-10
53 1.390816e-10
54 8.708827e-11
55 5.147856e-11
56 2.849583e-11
57 1.478382e-11
58 7.250257e-12
59 3.403576e-12
60 4.701420e-09
61 3.157151e-09
62 2.020909e-09
63 1.256397e-09
64 7.898545e-10
65 5.077658e-10
66 3.346096e-10
67 2.222842e-10
68 1.451947e-10
69 9.110665e-11
70 5.399051e-11
71 2.996037e-11
72 1.558051e-11
73 7.654365e-12
74 3.597708e-12
75 4.846106e-09
76 3.258474e-09
77 2.087571e-09
78 1.297539e-09
79 8.150603e-10
80 5.234737e-10
81 3.448033e-10
82 2.290771e-10
83 1.497865e-10
84 9.411749e-11
85 5.587232e-11
86 3.106045e-11
87 1.617735e-11
88 7.957645e-12
89 3.742716e-12
90 4.962535e-09
91 3.340739e-09
92 2.141725e-09
93 1.331001e-09
94 8.355676e-10
95 5.362708e-10
96 3.531019e-10
97 2.345686e-10
98 1.534901e-10
99 9.655882e-11
100 5.739542e-11
101 3.194675e-11
102 1.666161e-11
103 8.203649e-12
104 3.860748e-12
105 5.065826e-09
106 3.412146e-09
107 2.188736e-09
108 1.359962e-09
109 8.534839e-10
110 5.473780e-10
111 3.602704e-10
112 2.394272e-10
113 1.567637e-10
114 9.870918e-11
115 5.873545e-11
116 3.272924e-11
117 1.708720e-11
118 8.418582e-12
119 3.964131e-12
120 5.193685e-09
121 3.501158e-09
122 2.247571e-09
123 1.395864e-09
124 8.756460e-10
125 5.613327e-10
126 3.693053e-10
127 2.454239e-10
128 1.607632e-10
129 1.013142e-10
130 6.036458e-11
131 3.367187e-11
132 1.758752e-11
133 8.671424e-12
134 4.085203e-12
135 5.275396e-09
136 3.558452e-09
137 2.286142e-09
138 1.420031e-09
139 8.902112e-10
140 5.703505e-10
141 3.750634e-10
142 2.493110e-10
143 1.634433e-10
144 1.031166e-10
145 6.148710e-11
146 3.433798e-11
147 1.795405e-11
148 8.856710e-12
149 4.174694e-12
150 7.863725e-09
151 5.411211e-09
152 3.552102e-09
153 2.216907e-09
154 1.374955e-09
155 8.672189e-10
156 5.626865e-10
157 3.724820e-10
158 2.463174e-10
159 1.585337e-10
160 9.718023e-11
161 5.595954e-11
162 3.013316e-11
163 1.523823e-11
164 7.314382e-12
165 9.935284e-09
166 6.922623e-09
167 4.610087e-09
168 2.906544e-09
169 1.792822e-09
170 1.121521e-09
171 7.198093e-10
172 4.735791e-10
173 3.136762e-10
174 2.037846e-10
175 1.268733e-10
176 7.446942e-11
177 4.090164e-11
178 2.105293e-11
179 1.024700e-11
180 1.112327e-08
181 7.791736e-09
182 5.219560e-09
183 3.307131e-09
184 2.036622e-09
185 1.269760e-09
186 8.111261e-10
187 5.320252e-10
188 3.524348e-10
189 2.298458e-10
190 1.440062e-10
191 8.519148e-11
192 4.717679e-11
193 2.446490e-11
194 1.197831e-11
195 1.192123e-08
196 8.377367e-09
197 5.630307e-09
198 3.576879e-09
199 2.200389e-09
200 1.369520e-09
201 8.722785e-10
202 5.713155e-10
203 3.785294e-10
204 2.473459e-10
205 1.554980e-10
206 9.239300e-11
207 5.139061e-11
208 2.675507e-11
209 1.314072e-11
210 1.251863e-08
211 8.815644e-09
212 5.937152e-09
213 3.778707e-09
214 2.323207e-09
215 1.444082e-09
216 9.182549e-10
217 6.007093e-10
218 3.980428e-10
219 2.604559e-10
220 1.641375e-10
221 9.778968e-11
222 5.454839e-11
223 2.847281e-11
224 1.401245e-11
225 1.300499e-08
226 9.172400e-09
227 6.187150e-09
228 3.942990e-09
229 2.422938e-09
230 1.504849e-09
231 9.556765e-10
232 6.246540e-10
233 4.139203e-10
234 2.711147e-10
235 1.711367e-10
236 1.021705e-10
237 5.711214e-11
238 2.986615e-11
239 1.472069e-11
240 1.342779e-08
241 9.481382e-09
242 6.404381e-09
243 4.085075e-09
244 2.509692e-09
245 1.557559e-09
246 9.880329e-10
247 6.454380e-10
248 4.277627e-10
249 2.803989e-10
250 1.772399e-10
251 1.059949e-10
252 5.935201e-11
253 3.107918e-11
254 1.533516e-11
255 1.390996e-08
256 9.833097e-09
257 6.649728e-09
258 4.247133e-09
259 2.608117e-09
260 1.617184e-09
261 1.025149e-09
262 6.690710e-10
263 4.434567e-10
264 2.908901e-10
265 1.840897e-10
266 1.102547e-10
267 6.182959e-11
268 3.242284e-11
269 1.601430e-11
270 1.429553e-08
271 1.011709e-08
272 6.850284e-09
273 4.378317e-09
274 2.687614e-09
275 1.665842e-09
276 1.055075e-09
277 6.882510e-10
278 4.561221e-10
279 2.994486e-10
280 1.897635e-10
281 1.138296e-10
282 6.393612e-11
283 3.357518e-11
284 1.660238e-11
285 1.363942e-08
286 9.701220e-09
287 6.587859e-09
288 4.249666e-09
289 2.617768e-09
290 1.621728e-09
291 1.022485e-09
292 6.634569e-10
293 4.377681e-10
294 2.869518e-10
295 1.821902e-10
296 1.098711e-10
297 6.220934e-11
298 3.297488e-11
299 1.644867e-11
300 1.604166e-08
301 1.153761e-08
302 7.906887e-09
303 5.159422e-09
304 3.190611e-09
305 1.966532e-09
306 1.230150e-09
307 7.920907e-10
308 5.206835e-10
309 3.420983e-10
310 2.189141e-10
311 1.336053e-10
312 7.673097e-11
313 4.126326e-11
314 2.084663e-11
315 1.768180e-08
316 1.279947e-08
317 8.812306e-09
318 5.785557e-09
319 3.586096e-09
320 2.203890e-09
321 1.373552e-09
322 8.807279e-10
323 5.777472e-10
324 3.799739e-10
325 2.441287e-10
326 1.499147e-10
327 8.672841e-11
328 4.698515e-11
329 2.389229e-11
330 1.891293e-08
331 1.374402e-08
332 9.492231e-09
333 6.252917e-09
334 3.882483e-09
335 2.382371e-09
336 1.480901e-09
337 9.471933e-10
338 6.206081e-10
339 4.083747e-10
340 2.630397e-10
341 1.621492e-10
342 9.422867e-11
343 5.127811e-11
344 2.617763e-11
345 1.990976e-08
346 1.451135e-08
347 1.004198e-08
348 6.633781e-09
349 4.122489e-09
350 2.526887e-09
351 1.567946e-09
352 1.001001e-09
353 6.551616e-10
354 4.313366e-10
355 2.783380e-10
356 1.720457e-10
357 1.002951e-10
358 5.475007e-11
359 2.802659e-11
360 2.078045e-08
361 1.518093e-08
362 1.052297e-08
363 6.965355e-09
364 4.331826e-09
365 2.652988e-09
366 1.644007e-09
367 1.048022e-09
368 6.854385e-10
369 4.514248e-10
370 2.916944e-10
371 1.806859e-10
372 1.055925e-10
373 5.778255e-11
374 2.964038e-11
375 2.173136e-08
376 1.590602e-08
377 1.104236e-08
378 7.321847e-09
379 4.557022e-09
380 2.788905e-09
381 1.726000e-09
382 1.098936e-09
383 7.182954e-10
384 4.732156e-10
385 3.061601e-10
386 1.899887e-10
387 1.112640e-10
388 6.101266e-11
389 3.135209e-11
390 2.256565e-08
391 1.655210e-08
392 1.150809e-08
393 7.645159e-09
394 4.761951e-09
395 2.912432e-09
396 1.800173e-09
397 1.144579e-09
398 7.474879e-10
399 4.926288e-10
400 3.191536e-10
401 1.984302e-10
402 1.164692e-10
403 6.400764e-11
404 3.295346e-11
405 1.968565e-08
406 1.442552e-08
407 1.001047e-08
408 6.636725e-09
409 4.153846e-09
410 2.543311e-09
411 1.577099e-09
412 1.002789e-09
413 6.537270e-10
414 4.293463e-10
415 2.770191e-10
416 1.716445e-10
417 1.005323e-10
418 5.523490e-11
419 2.847303e-11
420 2.234621e-08
421 1.656531e-08
422 1.158471e-08
423 7.744012e-09
424 4.887724e-09
425 2.984222e-09
426 1.842743e-09
427 1.163069e-09
428 7.539481e-10
429 4.946134e-10
430 3.203233e-10
431 2.000417e-10
432 1.184181e-10
433 6.583682e-11
434 3.433287e-11
435 2.435182e-08
436 1.818202e-08
437 1.277268e-08
438 8.582883e-09
439 5.444390e-09
440 3.319571e-09
441 2.044715e-09
442 1.284649e-09
443 8.300426e-10
444 5.440500e-10
445 3.531094e-10
446 2.215457e-10
447 1.319722e-10
448 7.388372e-11
449 3.878764e-11
450 2.597700e-08
451 1.949283e-08
452 1.373952e-08
453 9.263425e-09
454 5.895334e-09
455 3.591757e-09
456 2.208361e-09
457 1.383198e-09
458 8.916246e-10
459 5.840704e-10
460 3.796583e-10
461 2.389596e-10
462 1.429484e-10
463 8.039839e-11
464 4.239220e-11
465 2.739697e-08
466 2.063700e-08
467 1.458150e-08
468 9.855680e-09
469 6.288439e-09
470 3.828796e-09
471 2.350872e-09
472 1.469252e-09
473 9.453553e-10
474 6.190090e-10
475 4.028125e-10
476 2.541453e-10
477 1.525207e-10
478 8.608355e-11
479 4.554083e-11
480 2.891032e-08
481 2.184609e-08
482 1.546959e-08
483 1.047822e-08
484 6.701551e-09
485 4.076980e-09
486 2.500862e-09
487 1.559817e-09
488 1.002094e-09
489 6.559319e-10
490 4.272905e-10
491 2.701389e-10
492 1.625555e-10
493 9.200566e-11
494 4.880552e-11
495 3.031169e-08
496 2.298267e-08
497 1.631019e-08
498 1.107368e-08
499 7.097273e-09
500 4.315690e-09
501 2.644178e-09
502 1.645815e-09
503 1.055709e-09
504 6.907319e-10
505 4.503856e-10
506 2.853265e-10
507 1.721858e-10
508 9.775777e-11
509 5.200281e-11
510 2.605543e-08
511 1.964971e-08
512 1.390435e-08
513 9.393164e-09
514 6.011304e-09
515 3.670511e-09
516 2.255006e-09
517 1.408219e-09
518 9.044448e-10
519 5.908814e-10
520 3.837105e-10
521 2.417879e-10
522 1.450978e-10
523 8.200380e-11
524 4.349531e-11
525 2.897165e-08
526 2.210328e-08
527 1.576138e-08
528 1.072014e-08
529 6.919643e-09
530 4.232521e-09
531 2.591148e-09
532 1.607631e-09
533 1.026423e-09
534 6.683622e-10
535 4.344922e-10
536 2.751942e-10
537 1.665007e-10
538 9.504607e-11
539 5.094587e-11
540 3.134434e-08
541 2.409959e-08
542 1.727622e-08
543 1.180253e-08
544 7.659529e-09
545 4.691585e-09
546 2.865390e-09
547 1.770494e-09
548 1.125834e-09
549 7.314968e-10
550 4.758482e-10
551 3.023946e-10
552 1.839302e-10
553 1.056720e-10
554 5.701926e-11
555 3.341345e-08
556 2.584121e-08
557 1.860114e-08
558 1.274564e-08
559 8.306078e-09
560 5.092128e-09
561 3.105091e-09
562 1.912551e-09
563 1.212634e-09
564 7.866237e-10
565 5.119433e-10
566 3.261323e-10
567 1.991422e-10
568 1.149473e-10
569 6.232250e-11
570 3.557927e-08
571 2.764979e-08
572 1.996721e-08
573 1.371719e-08
574 8.970827e-09
575 5.502445e-09
576 3.350841e-09
577 2.059261e-09
578 1.302309e-09
579 8.436777e-10
580 5.493093e-10
581 3.506467e-10
582 2.147912e-10
583 1.244478e-10
584 6.773160e-11
585 3.766927e-08
586 2.941646e-08
587 2.131332e-08
588 1.468387e-08
589 9.633001e-09
590 5.913538e-09
591 3.596372e-09
592 2.204330e-09
593 1.390633e-09
594 8.996690e-10
595 5.860028e-10
596 3.748455e-10
597 2.303584e-10
598 1.339773e-10
599 7.320019e-11
600 3.284523e-08
601 2.546984e-08
602 1.837771e-08
603 1.260804e-08
604 8.233586e-09
605 5.069656e-09
606 3.087979e-09
607 1.901561e-09
608 1.203166e-09
609 7.786347e-10
610 5.058367e-10
611 3.220174e-10
612 1.967479e-10
613 1.137844e-10
614 6.188497e-11
615 3.609211e-08
616 2.830404e-08
617 2.060376e-08
618 1.421979e-08
619 9.355466e-09
620 5.791527e-09
621 3.516254e-09
622 2.155513e-09
623 1.355092e-09
624 8.729280e-10
625 5.665557e-10
626 3.617659e-10
627 2.224315e-10
628 1.297417e-10
629 7.124665e-11
630 3.892469e-08
631 3.078188e-08
632 2.254859e-08
633 1.562665e-08
634 1.033712e-08
635 6.423091e-09
636 3.891295e-09
637 2.377976e-09
638 1.488157e-09
639 9.553980e-10
640 6.196500e-10
641 3.965137e-10
642 2.448846e-10
643 1.436944e-10
644 7.943595e-11
645 4.185300e-08
646 3.332345e-08
647 2.453173e-08
648 1.705990e-08
649 1.133457e-08
650 7.062416e-09
651 4.271150e-09
652 2.603927e-09
653 1.623720e-09
654 1.039629e-09
655 6.738967e-10
656 4.319688e-10
657 2.677268e-10
658 1.578365e-10
659 8.770509e-11
660 4.475030e-08
661 3.587769e-08
662 2.654112e-08
663 1.852000e-08
664 1.235375e-08
665 7.720126e-09
666 4.660756e-09
667 2.834451e-09
668 1.761313e-09
669 1.124775e-09
670 7.286511e-10
671 4.678622e-10
672 2.909886e-10
673 1.723417e-10
674 9.624778e-11
675 4.028303e-08
676 3.207997e-08
677 2.364721e-08
678 1.645828e-08
679 1.093158e-08
680 6.835079e-09
681 4.136443e-09
682 2.524378e-09
683 1.572549e-09
684 1.005174e-09
685 6.503141e-10
686 4.161655e-10
687 2.576769e-10
688 1.519018e-10
689 8.449196e-11
690 4.402445e-08
691 3.546963e-08
692 2.640141e-08
693 1.848854e-08
694 1.236399e-08
695 7.788170e-09
696 4.706384e-09
697 2.863249e-09
698 1.771745e-09
699 1.125801e-09
700 7.263443e-10
701 4.653800e-10
702 2.895283e-10
703 1.719517e-10
704 9.651413e-11
705 4.785401e-08
706 3.891189e-08
707 2.918043e-08
708 2.053678e-08
709 1.380540e-08
710 8.743478e-09
711 5.278288e-09
712 3.203496e-09
713 1.972271e-09
714 1.247633e-09
715 8.032063e-10
716 5.151046e-10
717 3.216390e-10
718 1.921024e-10
719 1.085576e-10
720 5.172375e-08
721 4.243784e-08
722 3.205593e-08
723 2.266765e-08
724 1.531022e-08
725 9.748542e-09
726 5.878389e-09
727 3.559893e-09
728 2.181231e-09
729 1.373814e-09
730 8.826365e-10
731 5.665514e-10
732 3.550048e-10
733 2.131665e-10
734 1.212273e-10
735 4.880961e-08
736 3.993206e-08
737 3.012827e-08
738 2.130074e-08
739 1.436435e-08
740 9.150829e-09
741 5.536001e-09
742 3.355238e-09
743 2.057698e-09
744 1.296100e-09
745 8.315498e-10
746 5.325779e-10
747 3.328868e-10
748 1.994439e-10
749 1.132554e-10
750 5.375191e-08
751 4.452579e-08
752 3.397635e-08
753 2.420604e-08
754 1.642937e-08
755 1.055573e-08
756 6.397858e-09
757 3.865294e-09
758 2.354870e-09
759 1.473032e-09
760 9.406207e-10
761 6.019872e-10
762 3.775128e-10
763 2.276654e-10
764 1.304209e-10
765 5.884392e-08
766 4.932918e-08
767 3.802543e-08
768 2.728538e-08
769 1.862791e-08
770 1.206205e-08
771 7.323085e-09
772 4.411682e-09
773 2.671670e-09
774 1.660678e-09
775 1.055856e-09
776 6.752835e-10
777 4.247609e-10
778 2.576874e-10
779 1.487859e-10
780 6.011072e-08
781 5.062056e-08
782 3.924384e-08
783 2.829295e-08
784 1.936919e-08
785 1.259301e-08
786 7.687642e-09
787 4.622898e-09
788 2.795065e-09
789 1.730567e-09
790 1.095851e-09
791 6.988580e-10
792 4.392065e-10
793 2.667649e-10
794 1.544982e-10
795 6.691006e-08
796 5.725401e-08
797 4.506346e-08
798 3.286387e-08
799 2.268322e-08
800 1.490430e-08
801 9.166927e-09
802 5.490108e-09
803 3.298735e-09
804 2.022878e-09
805 1.270384e-09
806 8.070259e-10
807 5.078972e-10
808 3.103701e-10
809 1.814907e-10
810 7.636122e-08
811 6.681000e-08
812 5.383283e-08
813 4.004570e-08
814 2.801081e-08
815 1.867066e-08
816 1.168322e-08
817 6.980315e-09
818 4.170139e-09
819 2.518581e-09
820 1.557128e-09
821 9.787343e-10
822 6.141424e-10
823 3.770723e-10
824 2.229711e-10
825 5.035952e-07
826 3.678208e-07
827 2.725475e-07
828 1.695867e-07
829 1.033231e-07
830 6.121176e-08
831 3.737792e-08
832 2.398199e-08
833 1.619048e-08
834 0.000000e+00
835 0.000000e+00
836 0.000000e+00
837 0.000000e+00
838 0.000000e+00
839 0.000000e+00
840 7.614810e-07
841 5.563303e-07
842 4.126758e-07
843 2.598139e-07
844 1.578904e-07
845 9.342082e-08
846 5.693597e-08
847 3.639139e-08
848 2.449891e-08
849 0.000000e+00
850 0.000000e+00
851 0.000000e+00
852 0.000000e+00
853 0.000000e+00
854 0.000000e+00
855 9.041226e-07
856 6.606157e-07
857 4.901885e-07
858 3.097827e-07
859 1.880923e-07
860 1.112499e-07
861 6.776145e-08
862 4.325772e-08
863 2.909517e-08
864 0.000000e+00
865 0.000000e+00
866 0.000000e+00
867 0.000000e+00
868 0.000000e+00
869 0.000000e+00
870 1.000009e-06
871 7.307165e-07
872 5.422946e-07
873 3.433728e-07
874 2.083962e-07
875 1.232355e-07
876 7.503874e-08
877 4.787393e-08
878 3.218487e-08
879 0.000000e+00
880 0.000000e+00
881 0.000000e+00
882 0.000000e+00
883 0.000000e+00
884 0.000000e+00
885 1.071871e-06
886 7.832567e-07
887 5.813423e-07
888 3.685461e-07
889 2.236129e-07
890 1.322181e-07
891 8.049262e-08
892 5.133336e-08
893 3.450061e-08
894 0.000000e+00
895 0.000000e+00
896 0.000000e+00
897 0.000000e+00
898 0.000000e+00
899 0.000000e+00
900 1.130100e-06
901 8.258274e-07
902 6.129852e-07
903 3.889438e-07
904 2.359419e-07
905 1.394968e-07
906 8.491169e-08
907 5.413662e-08
908 3.637694e-08
909 0.000000e+00
910 0.000000e+00
911 0.000000e+00
912 0.000000e+00
913 0.000000e+00
914 0.000000e+00
915 1.180896e-06
916 8.629626e-07
917 6.405867e-07
918 4.067388e-07
919 2.466980e-07
920 1.458456e-07
921 8.876679e-08
922 5.658183e-08
923 3.801371e-08
924 0.000000e+00
925 0.000000e+00
926 0.000000e+00
927 0.000000e+00
928 0.000000e+00
929 0.000000e+00
930 1.236342e-06
931 9.034980e-07
932 6.707103e-07
933 4.261211e-07
934 2.584184e-07
935 1.527653e-07
936 9.296965e-08
937 5.924934e-08
938 3.980004e-08
939 0.000000e+00
940 0.000000e+00
941 0.000000e+00
942 0.000000e+00
943 0.000000e+00
944 0.000000e+00
945 1.285252e-06
946 9.392620e-07
947 6.972953e-07
948 4.432979e-07
949 2.687954e-07
950 1.588898e-07
951 9.668718e-08
952 6.160538e-08
953 4.137646e-08
954 0.000000e+00
955 0.000000e+00
956 0.000000e+00
957 0.000000e+00
958 0.000000e+00
959 0.000000e+00
960 3.370086e-07
961 2.683609e-07
962 1.946628e-07
963 1.459883e-07
964 9.029473e-08
965 5.527997e-08
966 3.213116e-08
967 1.921283e-08
968 1.204139e-08
969 7.972832e-09
970 0.000000e+00
971 0.000000e+00
972 0.000000e+00
973 0.000000e+00
974 0.000000e+00
975 5.210290e-07
976 4.178087e-07
977 3.033667e-07
978 2.272896e-07
979 1.424542e-07
980 8.685724e-08
981 5.044913e-08
982 3.012559e-08
983 1.881092e-08
984 1.241785e-08
985 0.000000e+00
986 0.000000e+00
987 0.000000e+00
988 0.000000e+00
989 0.000000e+00
990 6.456995e-07
991 5.191200e-07
992 3.770710e-07
993 2.824037e-07
994 1.778516e-07
995 1.082747e-07
996 6.287438e-08
997 3.752786e-08
998 2.340177e-08
999 1.543148e-08
1000 0.000000e+00
1001 0.000000e+00
1002 0.000000e+00
1003 0.000000e+00
1004 0.000000e+00
1005 7.391157e-07
1006 5.950277e-07
1007 4.322911e-07
1008 3.236986e-07
1009 2.043732e-07
1010 1.243209e-07
1011 7.218431e-08
1012 4.307423e-08
1013 2.684135e-08
1014 1.768941e-08
1015 0.000000e+00
1016 0.000000e+00
1017 0.000000e+00
1018 0.000000e+00
1019 0.000000e+00
1020 8.148119e-07
1021 6.565318e-07
1022 4.770365e-07
1023 3.571574e-07
1024 2.258639e-07
1025 1.373241e-07
1026 7.972806e-08
1027 4.756814e-08
1028 2.962856e-08
1029 1.951887e-08
1030 0.000000e+00
1031 0.000000e+00
1032 0.000000e+00
1033 0.000000e+00
1034 0.000000e+00
1035 8.808429e-07
1036 7.101885e-07
1037 5.160748e-07
1038 3.863470e-07
1039 2.446114e-07
1040 1.486674e-07
1041 8.630888e-08
1042 5.148881e-08
1043 3.206005e-08
1044 2.111510e-08
1045 0.000000e+00
1046 0.000000e+00
1047 0.000000e+00
1048 0.000000e+00
1049 0.000000e+00
1050 9.490403e-07
1051 7.655732e-07
1052 5.563611e-07
1053 4.164745e-07
1054 2.639398e-07
1055 1.603676e-07
1056 9.309695e-08
1057 5.553292e-08
1058 3.456894e-08
1059 2.276244e-08
1060 0.000000e+00
1061 0.000000e+00
1062 0.000000e+00
1063 0.000000e+00
1064 0.000000e+00
1065 1.016508e-06
1066 8.204322e-07
1067 5.962739e-07
1068 4.463198e-07
1069 2.831276e-07
1070 1.719744e-07
1071 9.982981e-08
1072 5.954388e-08
1073 3.705553e-08
1074 2.439436e-08
1075 0.000000e+00
1076 0.000000e+00
1077 0.000000e+00
1078 0.000000e+00
1079 0.000000e+00
1080 1.983926e-07
1081 1.804129e-07
1082 1.389794e-07
1083 1.005044e-07
1084 7.531065e-08
1085 4.352567e-08
1086 2.667556e-08
1087 1.538109e-08
1088 9.096302e-09
1089 5.659491e-09
1090 0.000000e+00
1091 0.000000e+00
1092 0.000000e+00
1093 0.000000e+00
1094 0.000000e+00
1095 3.313070e-07
1096 3.026540e-07
1097 2.341347e-07
1098 1.692085e-07
1099 1.269828e-07
1100 7.381593e-08
1101 4.536109e-08
1102 2.609141e-08
1103 1.537357e-08
1104 9.542417e-09
1105 0.000000e+00
1106 0.000000e+00
1107 0.000000e+00
1108 0.000000e+00
1109 0.000000e+00
1110 4.315707e-07
1111 3.949010e-07
1112 3.059654e-07
1113 2.210712e-07
1114 1.659898e-07
1115 9.669577e-08
1116 5.947591e-08
1117 3.418092e-08
1118 2.011356e-08
1119 1.247386e-08
1120 0.000000e+00
1121 0.000000e+00
1122 0.000000e+00
1123 0.000000e+00
1124 0.000000e+00
1125 5.127831e-07
1126 4.696143e-07
1127 3.641439e-07
1128 2.630771e-07
1129 1.975819e-07
1130 1.152263e-07
1131 7.090772e-08
1132 4.073283e-08
1133 2.395249e-08
1134 1.484814e-08
1135 0.000000e+00
1136 0.000000e+00
1137 0.000000e+00
1138 0.000000e+00
1139 0.000000e+00
1140 5.836234e-07
1141 5.347925e-07
1142 4.148950e-07
1143 2.997209e-07
1144 2.251421e-07
1145 1.313915e-07
1146 8.088056e-08
1147 4.644849e-08
1148 2.730144e-08
1149 1.691928e-08
1150 0.000000e+00
1151 0.000000e+00
1152 0.000000e+00
1153 0.000000e+00
1154 0.000000e+00
1155 6.546455e-07
1156 6.001206e-07
1157 4.657562e-07
1158 3.364443e-07
1159 2.527609e-07
1160 1.475873e-07
1161 9.087082e-08
1162 5.217476e-08
1163 3.065714e-08
1164 1.899477e-08
1165 0.000000e+00
1166 0.000000e+00
1167 0.000000e+00
1168 0.000000e+00
1169 0.000000e+00
1170 7.291789e-07
1171 6.687053e-07
1172 5.191699e-07
1173 3.750093e-07
1174 2.817667e-07
1175 1.646052e-07
1176 1.013704e-07
1177 5.819164e-08
1178 3.418229e-08
1179 2.117472e-08
1180 0.000000e+00
1181 0.000000e+00
1182 0.000000e+00
1183 0.000000e+00
1184 0.000000e+00
1185 1.320151e-07
1186 1.302990e-07
1187 1.095601e-07
1188 8.002791e-08
1189 5.945463e-08
1190 4.040174e-08
1191 2.384463e-08
1192 1.358484e-08
1193 7.853200e-09
1194 4.640845e-09
1195 2.907210e-09
1196 0.000000e+00
1197 0.000000e+00
1198 0.000000e+00
1199 0.000000e+00
1200 2.319954e-07
1201 2.296567e-07
1202 1.938568e-07
1203 1.418609e-07
1204 1.052118e-07
1205 7.202047e-08
1206 4.228655e-08
1207 2.412720e-08
1208 1.396702e-08
1209 8.238389e-09
1210 5.149761e-09
1211 0.000000e+00
1212 0.000000e+00
1213 0.000000e+00
1214 0.000000e+00
1215 3.132383e-07
1216 3.104101e-07
1217 2.623867e-07
1218 1.921356e-07
1219 1.424116e-07
1220 9.773436e-08
1221 5.728100e-08
1222 3.269987e-08
1223 1.893842e-08
1224 1.116359e-08
1225 6.973059e-09
1226 0.000000e+00
1227 0.000000e+00
1228 0.000000e+00
1229 0.000000e+00
1230 3.840657e-07
1231 3.808102e-07
1232 3.221257e-07
1233 2.359613e-07
1234 1.748393e-07
1235 1.201518e-07
1236 7.035220e-08
1237 4.017323e-08
1238 2.327234e-08
1239 1.371372e-08
1240 8.562446e-09
1241 0.000000e+00
1242 0.000000e+00
1243 0.000000e+00
1244 0.000000e+00
1245 4.538975e-07
1246 4.502092e-07
1247 3.810148e-07
1248 2.791601e-07
1249 2.068059e-07
1250 1.422447e-07
1251 8.323657e-08
1252 4.753947e-08
1253 2.754397e-08
1254 1.622727e-08
1255 1.012918e-08
1256 0.000000e+00
1257 0.000000e+00
1258 0.000000e+00
1259 0.000000e+00
1260 5.295967e-07
1261 5.254563e-07
1262 4.448776e-07
1263 3.260148e-07
1264 2.414725e-07
1265 1.662117e-07
1266 9.721096e-08
1267 5.552892e-08
1268 3.217737e-08
1269 1.895351e-08
1270 1.182835e-08
1271 0.000000e+00
1272 0.000000e+00
1273 0.000000e+00
1274 0.000000e+00
1275 9.516272e-08
1276 9.908153e-08
1277 8.965639e-08
1278 6.858492e-08
1279 4.957689e-08
1280 3.713478e-08
1281 2.098029e-08
1282 1.266940e-08
1283 7.159057e-09
1284 4.135293e-09
1285 2.475801e-09
1286 0.000000e+00
1287 0.000000e+00
1288 0.000000e+00
1289 0.000000e+00
1290 1.743536e-07
1291 1.819286e-07
1292 1.651547e-07
1293 1.267001e-07
1294 9.152536e-08
1295 6.866637e-08
1296 3.891179e-08
1297 2.357779e-08
1298 1.329194e-08
1299 7.658363e-09
1300 4.575672e-09
1301 0.000000e+00
1302 0.000000e+00
1303 0.000000e+00
1304 0.000000e+00
1305 2.433124e-07
1306 2.540770e-07
1307 2.309106e-07
1308 1.773213e-07
1309 1.280646e-07
1310 9.613252e-08
1311 5.453478e-08
1312 3.308250e-08
1313 1.863544e-08
1314 1.072748e-08
1315 6.404841e-09
1316 0.000000e+00
1317 0.000000e+00
1318 0.000000e+00
1319 0.000000e+00
1320 3.104877e-07
1321 3.243556e-07
1322 2.949587e-07
1323 2.266261e-07
1324 1.636540e-07
1325 1.228835e-07
1326 6.974938e-08
1327 4.233817e-08
1328 2.383914e-08
1329 1.371644e-08
1330 8.186379e-09
1331 0.000000e+00
1332 0.000000e+00
1333 0.000000e+00
1334 0.000000e+00
1335 3.849310e-07
1336 4.022432e-07
1337 3.659492e-07
1338 2.812783e-07
1339 2.031013e-07
1340 1.525366e-07
1341 8.661674e-08
1342 5.260085e-08
1343 2.960839e-08
1344 1.702998e-08
1345 1.016119e-08
1346 0.000000e+00
1347 0.000000e+00
1348 0.000000e+00
1349 0.000000e+00
1350 7.302201e-08
1351 7.903746e-08
1352 7.578848e-08
1353 6.141427e-08
1354 4.430579e-08
1355 3.340130e-08
1356 2.086236e-08
1357 1.279187e-08
1358 7.101640e-09
1359 3.910390e-09
1360 2.260163e-09
1361 1.374557e-09
1362 0.000000e+00
1363 0.000000e+00
1364 0.000000e+00
1365 1.392755e-07
1366 1.510042e-07
1367 1.451716e-07
1368 1.179977e-07
1369 8.518402e-08
1370 6.415463e-08
1371 4.035190e-08
1372 2.466681e-08
1373 1.369711e-08
1374 7.546148e-09
1375 4.351261e-09
1376 2.640324e-09
1377 0.000000e+00
1378 0.000000e+00
1379 0.000000e+00
1380 2.029639e-07
1381 2.201845e-07
1382 2.118684e-07
1383 1.723907e-07
1384 1.244809e-07
1385 9.371745e-08
1386 5.908738e-08
1387 3.608188e-08
1388 2.003722e-08
1389 1.104134e-08
1390 6.361443e-09
1391 3.857094e-09
1392 0.000000e+00
1393 0.000000e+00
1394 0.000000e+00
1395 2.746932e-07
1396 2.981024e-07
1397 2.869941e-07
1398 2.336611e-07
1399 1.687466e-07
1400 1.270178e-07
1401 8.019551e-08
1402 4.894139e-08
1403 2.717962e-08
1404 1.497882e-08
1405 8.625887e-09
1406 5.227710e-09
1407 0.000000e+00
1408 0.000000e+00
1409 0.000000e+00
1410 5.955669e-08
1411 6.646807e-08
1412 6.677252e-08
1413 5.735376e-08
1414 4.227418e-08
1415 3.113694e-08
1416 2.193461e-08
1417 1.251518e-08
1418 7.045608e-09
1419 3.986846e-09
1420 2.217638e-09
1421 1.293377e-09
1422 0.000000e+00
1423 0.000000e+00
1424 0.000000e+00
1425 1.193427e-07
1426 1.333837e-07
1427 1.342875e-07
1428 1.156928e-07
1429 8.542364e-08
1430 6.283744e-08
1431 4.448139e-08
1432 2.529467e-08
1433 1.427155e-08
1434 8.074387e-09
1435 4.488857e-09
1436 2.612713e-09
1437 0.000000e+00
1438 0.000000e+00
1439 0.000000e+00
1440 1.871610e-07
1441 2.092912e-07
1442 2.108778e-07
1443 1.818758e-07
1444 1.343763e-07
1445 9.880029e-08
1446 7.006156e-08
1447 3.979296e-08
1448 2.246985e-08
1449 1.271184e-08
1450 7.065654e-09
1451 4.109471e-09
1452 0.000000e+00
1453 0.000000e+00
1454 0.000000e+00
1455 5.225453e-08
1456 5.988236e-08
1457 6.259284e-08
1458 5.687247e-08
1459 4.361513e-08
1460 3.150123e-08
1461 2.366085e-08
1462 1.326505e-08
1463 7.934570e-09
1464 4.347138e-09
1465 2.396486e-09
1466 1.338094e-09
1467 0.000000e+00
1468 0.000000e+00
1469 0.000000e+00
1470 1.150565e-07
1471 1.320245e-07
1472 1.382693e-07
1473 1.259973e-07
1474 9.687828e-08
1475 6.993120e-08
1476 5.259850e-08
1477 2.957842e-08
1478 1.775406e-08
1479 9.708633e-09
1480 5.339348e-09
1481 2.975164e-09
1482 0.000000e+00
1483 0.000000e+00
1484 0.000000e+00
1485 5.417603e-08
1486 6.366038e-08
1487 6.902710e-08
1488 6.627068e-08
1489 5.373605e-08
1490 3.877402e-08
1491 2.925054e-08
1492 1.818926e-08
1493 1.106911e-08
1494 6.006821e-09
1495 3.163857e-09
1496 1.706938e-09
1497 9.505338e-10
1498 0.000000e+00
1499 0.000000e+00
1500 1.109684e-04
1501 8.086786e-05
1502 6.035546e-05
1503 3.805236e-05
1504 2.321989e-05
1505 1.369104e-05
1506 8.324421e-06
1507 5.304277e-06
1508 3.565556e-06
1509 0.000000e+00
1510 0.000000e+00
1511 0.000000e+00
1512 0.000000e+00
1513 0.000000e+00
1514 0.000000e+00
1515 5.757601e-05
1516 4.644359e-05
1517 3.369791e-05
1518 2.528332e-05
1519 1.597668e-05
1520 9.754545e-06
1521 5.648866e-06
1522 3.364481e-06
1523 2.093966e-06
1524 1.379138e-06
1525 0.000000e+00
1526 0.000000e+00
1527 0.000000e+00
1528 0.000000e+00
1529 0.000000e+00
1530 4.047788e-05
1531 3.713775e-05
1532 2.882267e-05
1533 2.080348e-05
1534 1.566222e-05
1535 9.111532e-06
1536 5.625604e-06
1537 3.225263e-06
1538 1.896511e-06
1539 1.174730e-06
1540 0.000000e+00
1541 0.000000e+00
1542 0.000000e+00
1543 0.000000e+00
1544 0.000000e+00
1545 2.912801e-05
1546 2.891312e-05
1547 2.448503e-05
1548 1.793535e-05
1549 1.328396e-05
1550 9.154542e-06
1551 5.351144e-06
1552 3.053081e-06
1553 1.771954e-06
1554 1.042590e-06
1555 6.506122e-07
1556 0.000000e+00
1557 0.000000e+00
1558 0.000000e+00
1559 0.000000e+00
1560 2.085098e-05
1561 2.179680e-05
1562 1.983793e-05
1563 1.524768e-05
1564 1.100576e-05
1565 8.274949e-06
1566 4.689296e-06
1567 2.850415e-06
1568 1.602925e-06
1569 9.233707e-07
1570 5.506294e-07
1571 0.000000e+00
1572 0.000000e+00
1573 0.000000e+00
1574 0.000000e+00
1575 1.487210e-05
1576 1.614453e-05
1577 1.554949e-05
1578 1.266314e-05
1579 9.143013e-06
1580 6.883420e-06
1581 4.347301e-06
1582 2.655947e-06
1583 1.474901e-06
1584 8.112783e-07
1585 4.673052e-07
1586 2.832009e-07
1587 0.000000e+00
1588 0.000000e+00
1589 0.000000e+00
1590 1.001028e-05
1591 1.119728e-05
1592 1.128693e-05
1593 9.739022e-06
1594 7.195644e-06
1595 5.289411e-06
1596 3.755371e-06
1597 2.130464e-06
1598 1.202339e-06
1599 6.811759e-07
1600 3.783133e-07
1601 2.200058e-07
1602 0.000000e+00
1603 0.000000e+00
1604 0.000000e+00
1605 6.201116e-06
1606 7.118100e-06
1607 7.458527e-06
1608 6.801106e-06
1609 5.231433e-06
1610 3.775220e-06
1611 2.841823e-06
1612 1.597077e-06
1613 9.596537e-07
1614 5.242846e-07
1615 2.885232e-07
1616 1.606418e-07
1617 0.000000e+00
1618 0.000000e+00
1619 0.000000e+00
1620 3.163407e-06
1621 3.720115e-06
1622 4.038202e-06
1623 3.883392e-06
1624 3.154630e-06
1625 2.276770e-06
1626 1.716871e-06
1627 1.071974e-06
1628 6.518364e-07
1629 3.538249e-07
1630 1.861971e-07
1631 1.003484e-07
1632 5.578990e-08
1633 0.000000e+00
1634 0.000000e+00
1635 8.891198e-07
1636 1.072208e-06
1637 1.206146e-06
1638 1.224576e-06
1639 1.066696e-06
1640 7.933436e-07
1641 5.815894e-07
1642 4.169104e-07
1643 2.343421e-07
1644 1.314261e-07
1645 7.164692e-08
1646 3.730540e-08
1647 1.958823e-08
1648 0.000000e+00
1649 0.000000e+00
