0 1.858935e-09
1 1.195585e-09
2 7.491843e-10
3 4.748357e-10
4 3.075483e-10
5 2.037513e-10
6 1.356921e-10
7 8.863786e-11
8 5.553464e-11
9 3.284181e-11
10 1.818701e-11
11 9.443418e-12
12 4.639203e-12
13 2.182941e-12
14 9.962584e-13
15 3.206621e-09
16 2.107024e-09
17 1.322338e-09
18 8.244981e-10
19 5.251632e-10
20 3.435453e-10
21 2.289017e-10
22 1.518680e-10
23 9.776354e-11
24 5.980605e-11
25 3.429478e-11
26 1.836453e-11
27 9.233839e-12
28 4.413839e-12
29 2.033096e-12
30 3.539822e-09
31 2.332285e-09
32 1.462946e-09
33 9.062244e-10
34 5.760515e-10
35 3.760174e-10
36 2.508590e-10
37 1.670993e-10
38 1.081126e-10
39 6.646806e-11
40 3.827546e-11
41 2.054300e-11
42 1.032270e-11
43 4.921049e-12
44 2.258424e-12
45 3.720878e-09
46 2.454333e-09
47 1.539005e-09
48 9.504286e-10
49 6.034961e-10
50 3.935790e-10
51 2.628022e-10
52 1.753023e-10
53 1.137059e-10
54 7.007202e-11
55 4.042470e-11
56 2.170864e-11
57 1.090457e-11
58 5.190797e-12
59 2.377700e-12
60 3.841520e-09
61 2.535614e-09
62 1.589418e-09
63 9.796436e-10
64 6.217120e-10
65 4.052741e-10
66 2.707349e-10
67 1.808155e-10
68 1.174317e-10
69 7.248594e-11
70 4.187002e-11
71 2.249717e-11
72 1.129273e-11
73 5.368691e-12
74 2.456697e-12
75 3.932566e-09
76 2.596808e-09
77 1.627974e-09
78 1.001945e-09
79 6.355127e-10
80 4.141964e-10
81 2.767334e-10
82 1.849484e-10
83 1.202802e-10
84 7.432532e-11
85 4.294793e-11
86 2.308953e-11
87 1.158692e-11
88 5.505955e-12
89 2.516631e-12
90 4.006638e-09
91 2.646951e-09
92 1.658785e-09
93 1.020247e-09
94 6.468610e-10
95 4.212929e-10
96 2.816029e-10
97 1.883362e-10
98 1.225989e-10
99 7.580576e-11
100 4.384828e-11
101 2.357409e-11
102 1.183070e-11
103 5.617249e-12
104 2.565871e-12
105 4.070711e-09
106 2.689759e-09
107 1.685772e-09
108 1.035842e-09
109 6.564844e-10
110 4.275358e-10
111 2.858053e-10
112 1.912383e-10
113 1.245012e-10
114 7.703766e-11
115 4.457255e-11
116 2.397924e-11
117 1.203608e-11
118 5.712189e-12
119 2.604644e-12
120 4.132910e-09
121 2.731838e-09
122 1.712035e-09
123 1.050856e-09
124 6.658566e-10
125 4.334971e-10
126 2.898164e-10
127 1.940740e-10
128 1.264715e-10
129 7.831305e-11
130 4.534754e-11
131 2.438828e-11
132 1.223594e-11
133 5.805046e-12
134 2.649405e-12
135 4.202262e-09
136 2.778224e-09
137 1.741461e-09
138 1.068056e-09
139 6.764678e-10
140 4.403356e-10
141 2.944506e-10
142 1.972057e-10
143 1.286661e-10
144 7.974251e-11
145 4.618645e-11
146 2.484613e-11
147 1.246608e-11
148 5.910315e-12
149 2.695183e-12
150 7.675278e-09
151 5.269387e-09
152 3.448486e-09
153 2.143528e-09
154 1.331380e-09
155 8.406310e-10
156 5.469457e-10
157 3.628561e-10
158 2.400612e-10
159 1.542959e-10
160 9.428555e-11
161 5.405027e-11
162 2.895127e-11
163 1.456495e-11
164 6.962099e-12
165 9.628690e-09
166 6.682635e-09
167 4.435204e-09
168 2.779422e-09
169 1.714252e-09
170 1.073547e-09
171 6.919271e-10
172 4.566531e-10
173 3.029290e-10
174 1.966285e-10
175 1.220106e-10
176 7.122753e-11
177 3.885089e-11
178 1.985085e-11
179 9.598201e-12
180 1.064381e-08
181 7.410321e-09
182 4.938958e-09
183 3.102068e-09
184 1.905902e-09
185 1.191186e-09
186 7.649193e-10
187 5.043312e-10
188 3.350634e-10
189 2.183883e-10
190 1.362431e-10
191 7.998199e-11
192 4.385347e-11
193 2.249098e-11
194 1.089896e-11
195 1.132583e-08
196 7.899116e-09
197 5.278642e-09
198 3.319642e-09
199 2.035172e-09
200 1.270235e-09
201 8.139108e-10
202 5.364321e-10
203 3.567269e-10
204 2.330092e-10
205 1.458074e-10
206 8.589171e-11
207 4.722888e-11
208 2.427234e-11
209 1.177503e-11
210 1.183803e-08
211 8.266286e-09
212 5.533501e-09
213 3.481465e-09
214 2.131810e-09
215 1.329402e-09
216 8.507447e-10
217 5.604627e-10
218 3.729041e-10
219 2.439543e-10
220 1.529602e-10
221 9.030867e-11
222 4.974353e-11
223 2.559200e-11
224 1.242717e-11
225 1.224757e-08
226 8.558769e-09
227 5.736007e-09
228 3.612198e-09
229 2.208810e-09
230 1.376487e-09
231 8.798916e-10
232 5.795220e-10
233 3.858504e-10
234 2.526861e-10
235 1.586786e-10
236 9.381304e-11
237 5.174988e-11
238 2.665186e-11
239 1.294521e-11
240 1.260529e-08
241 8.815040e-09
242 5.914199e-09
243 3.726249e-09
244 2.276543e-09
245 1.418075e-09
246 9.056165e-10
247 5.962485e-10
248 3.972172e-10
249 2.603778e-10
250 1.637093e-10
251 9.691021e-11
252 5.351986e-11
253 2.758792e-11
254 1.339893e-11
255 1.295080e-08
256 9.061515e-09
257 6.085258e-09
258 3.836832e-09
259 2.341546e-09
260 1.458017e-09
261 9.303665e-10
262 6.123873e-10
263 4.081131e-10
264 2.677433e-10
265 1.685273e-10
266 9.990534e-11
267 5.521591e-11
268 2.847814e-11
269 1.384226e-11
270 1.334714e-08
271 9.346689e-09
272 6.282893e-09
273 3.962197e-09
274 2.415931e-09
275 1.503938e-09
276 9.590880e-10
277 6.311226e-10
278 4.206898e-10
279 2.762586e-10
280 1.741165e-10
281 1.033284e-10
282 5.717330e-11
283 2.951127e-11
284 1.434932e-11
285 1.349509e-08
286 9.578697e-09
287 6.497851e-09
288 4.184193e-09
289 2.572957e-09
290 1.595283e-09
291 1.006940e-09
292 6.541889e-10
293 4.320906e-10
294 2.832808e-10
295 1.797267e-10
296 1.082134e-10
297 6.113104e-11
298 3.231494e-11
299 1.607592e-11
300 1.581936e-08
301 1.134521e-08
302 7.760671e-09
303 5.052868e-09
304 3.113908e-09
305 1.921600e-09
306 1.203180e-09
307 7.762933e-10
308 5.112390e-10
309 3.361124e-10
310 2.149500e-10
311 1.309367e-10
312 7.497469e-11
313 4.016873e-11
314 2.021399e-11
315 1.732566e-08
316 1.248269e-08
317 8.570256e-09
318 5.609215e-09
319 3.458120e-09
320 2.127859e-09
321 1.327604e-09
322 8.540482e-10
323 5.618767e-10
324 3.700353e-10
325 2.375983e-10
326 1.455317e-10
327 8.383249e-11
328 4.516095e-11
329 2.282365e-11
330 1.846557e-08
331 1.334297e-08
332 9.179934e-09
333 6.026746e-09
334 3.717432e-09
335 2.282969e-09
336 1.421090e-09
337 9.126551e-10
338 6.000784e-10
339 3.956362e-10
340 2.546721e-10
341 1.565317e-10
342 9.050929e-11
343 4.892735e-11
344 2.479267e-11
345 1.937302e-08
346 1.402763e-08
347 9.666861e-09
348 6.361258e-09
349 3.924105e-09
350 2.406884e-09
351 1.495639e-09
352 9.591609e-10
353 6.304165e-10
354 4.159208e-10
355 2.682447e-10
356 1.652994e-10
357 9.582716e-11
358 5.191646e-11
359 2.635437e-11
360 2.016935e-08
361 1.462828e-08
362 1.009549e-08
363 6.653922e-09
364 4.104461e-09
365 2.515656e-09
366 1.561050e-09
367 1.000059e-09
368 6.570976e-10
369 4.338252e-10
370 2.801882e-10
371 1.729705e-10
372 1.004794e-10
373 5.454417e-11
374 2.772643e-11
375 2.092394e-08
376 1.519756e-08
377 1.049976e-08
378 6.931997e-09
379 4.275836e-09
380 2.618759e-09
381 1.623133e-09
382 1.038848e-09
383 6.823804e-10
384 4.507803e-10
385 2.915211e-10
386 1.802653e-10
387 1.049031e-10
388 5.703630e-11
389 2.902871e-11
390 2.180913e-08
391 1.586640e-08
392 1.097494e-08
393 7.258067e-09
394 4.477912e-09
395 2.740301e-09
396 1.696402e-09
397 1.084639e-09
398 7.121160e-10
399 4.707367e-10
400 3.048444e-10
401 1.888559e-10
402 1.101178e-10
403 5.997070e-11
404 3.056280e-11
405 1.956123e-08
406 1.431323e-08
407 9.922865e-09
408 6.573400e-09
409 4.107087e-09
410 2.515178e-09
411 1.559930e-09
412 9.929123e-10
413 6.479128e-10
414 4.257781e-10
415 2.746995e-10
416 1.700953e-10
417 9.950895e-11
418 5.458384e-11
419 2.808800e-11
420 2.216291e-08
421 1.639511e-08
422 1.144798e-08
423 7.645151e-09
424 4.815287e-09
425 2.938254e-09
426 1.815058e-09
427 1.147110e-09
428 7.446135e-10
429 4.889153e-10
430 3.166777e-10
431 1.976316e-10
432 1.168240e-10
433 6.481609e-11
434 3.371716e-11
435 2.407456e-08
436 1.792070e-08
437 1.255757e-08
438 8.425879e-09
439 5.328323e-09
440 3.242932e-09
441 1.999558e-09
442 1.258537e-09
443 8.149121e-10
444 5.349364e-10
445 3.473491e-10
446 2.177544e-10
447 1.294548e-10
448 7.225529e-11
449 3.778996e-11
450 2.560876e-08
451 1.913682e-08
452 1.344576e-08
453 9.049302e-09
454 5.737367e-09
455 3.486645e-09
456 2.146344e-09
457 1.347440e-09
458 8.707131e-10
459 5.716063e-10
460 3.717894e-10
461 2.337891e-10
462 1.395187e-10
463 7.818039e-11
464 4.103369e-11
465 2.695259e-08
466 2.020841e-08
467 1.422641e-08
468 9.594841e-09
469 6.096736e-09
470 3.700681e-09
471 2.275171e-09
472 1.425518e-09
473 9.199841e-10
474 6.038410e-10
475 3.932694e-10
476 2.478832e-10
477 1.483649e-10
478 8.338957e-11
479 4.388442e-11
480 2.822439e-08
481 2.121753e-08
482 1.496450e-08
483 1.011254e-08
484 6.437890e-09
485 3.902925e-09
486 2.397524e-09
487 1.499307e-09
488 9.664901e-10
489 6.343632e-10
490 4.136405e-10
491 2.612465e-10
492 1.567499e-10
493 8.832104e-11
494 4.658280e-11
495 2.971185e-08
496 2.240015e-08
497 1.582559e-08
498 1.071764e-08
499 6.835161e-09
500 4.139067e-09
501 2.540113e-09
502 1.585677e-09
503 1.020847e-09
504 6.699970e-10
505 4.373849e-10
506 2.768077e-10
507 1.665271e-10
508 9.408134e-11
509 4.973505e-11
510 2.593566e-08
511 1.954018e-08
512 1.381320e-08
513 9.326748e-09
514 5.963456e-09
515 3.638859e-09
516 2.236498e-09
517 1.397378e-09
518 8.980873e-10
519 5.870017e-10
520 3.812663e-10
521 2.401924e-10
522 1.440515e-10
523 8.133486e-11
524 4.308955e-11
525 2.882825e-08
526 2.196352e-08
527 1.564362e-08
528 1.063097e-08
529 6.855367e-09
530 4.187270e-09
531 2.565453e-09
532 1.592310e-09
533 1.017600e-09
534 6.631070e-10
535 4.312435e-10
536 2.730973e-10
537 1.651227e-10
538 9.415295e-11
539 5.039080e-11
540 3.110077e-08
541 2.385963e-08
542 1.706996e-08
543 1.164706e-08
544 7.548022e-09
545 4.612207e-09
546 2.819388e-09
547 1.743097e-09
548 1.109950e-09
549 7.222387e-10
550 4.701696e-10
551 2.987521e-10
552 1.815429e-10
553 1.041228e-10
554 5.605322e-11
555 3.309723e-08
556 2.552616e-08
557 1.832612e-08
558 1.253872e-08
559 8.157127e-09
560 4.984366e-09
561 3.042785e-09
562 1.875712e-09
563 1.191362e-09
564 7.741973e-10
565 5.043877e-10
566 3.213046e-10
567 1.959776e-10
568 1.128864e-10
569 6.102991e-11
570 3.499184e-08
571 2.710821e-08
572 1.951747e-08
573 1.338567e-08
574 8.735879e-09
575 5.338830e-09
576 3.254955e-09
577 2.001475e-09
578 1.268585e-09
579 8.235835e-10
580 5.368881e-10
581 3.427225e-10
582 2.096848e-10
583 1.212092e-10
584 6.575681e-11
585 3.721149e-08
586 2.895636e-08
587 2.090906e-08
588 1.437445e-08
589 9.409333e-09
590 5.751413e-09
591 3.502117e-09
592 2.147946e-09
593 1.358497e-09
594 8.810536e-10
595 5.747285e-10
596 3.676693e-10
597 2.256536e-10
598 1.309036e-10
599 7.126167e-11
600 3.278728e-08
601 2.540686e-08
602 1.832498e-08
603 1.256711e-08
604 8.203603e-09
605 5.047466e-09
606 3.075733e-09
607 1.893947e-09
608 1.198773e-09
609 7.761208e-10
610 5.043206e-10
611 3.210585e-10
612 1.961243e-10
613 1.133788e-10
614 6.162852e-11
615 3.597525e-08
616 2.818744e-08
617 2.049987e-08
618 1.414022e-08
619 9.299154e-09
620 5.750331e-09
621 3.491922e-09
622 2.140727e-09
623 1.346622e-09
624 8.680805e-10
625 5.636348e-10
626 3.599291e-10
627 2.212451e-10
628 1.289752e-10
629 7.076590e-11
630 3.875390e-08
631 3.060688e-08
632 2.238866e-08
633 1.550179e-08
634 1.024812e-08
635 6.357146e-09
636 3.851127e-09
637 2.353622e-09
638 1.474538e-09
639 9.476303e-10
640 6.150363e-10
641 3.936515e-10
642 2.430436e-10
643 1.424995e-10
644 7.867763e-11
645 4.138585e-08
646 3.289864e-08
647 2.417715e-08
648 1.679388e-08
649 1.114736e-08
650 6.932285e-09
651 4.191181e-09
652 2.555518e-09
653 1.595586e-09
654 1.022998e-09
655 6.637493e-10
656 4.256110e-10
657 2.637013e-10
658 1.553155e-10
659 8.617354e-11
660 4.446910e-08
661 3.557677e-08
662 2.626769e-08
663 1.830201e-08
664 1.219650e-08
665 7.603767e-09
666 4.588614e-09
667 2.790881e-09
668 1.736875e-09
669 1.110986e-09
670 7.205888e-10
671 4.629072e-10
672 2.878119e-10
673 1.702736e-10
674 9.492385e-11
675 4.015788e-08
676 3.196048e-08
677 2.354614e-08
678 1.637995e-08
679 1.087697e-08
680 6.796563e-09
681 4.113292e-09
682 2.510436e-09
683 1.564438e-09
684 1.000434e-09
685 6.474200e-10
686 4.143119e-10
687 2.564848e-10
688 1.511436e-10
689 8.403260e-11
690 4.387728e-08
691 3.531876e-08
692 2.627126e-08
693 1.838641e-08
694 1.229152e-08
695 7.736341e-09
696 4.673823e-09
697 2.843932e-09
698 1.760692e-09
699 1.119369e-09
700 7.225025e-10
701 4.629889e-10
702 2.880032e-10
703 1.709788e-10
704 9.590977e-11
705 4.737496e-08
706 3.848467e-08
707 2.882925e-08
708 2.027373e-08
709 1.362030e-08
710 8.618485e-09
711 5.198978e-09
712 3.156181e-09
713 1.944612e-09
714 1.230922e-09
715 7.930434e-10
716 5.087409e-10
717 3.176359e-10
718 1.896240e-10
719 1.070716e-10
720 5.146948e-08
721 4.218362e-08
722 3.181122e-08
723 2.247280e-08
724 1.516801e-08
725 9.646719e-09
726 5.811346e-09
727 3.520558e-09
728 2.158871e-09
729 1.361026e-09
730 8.752103e-10
731 5.620485e-10
732 3.521722e-10
733 2.113530e-10
734 1.200798e-10
735 4.867543e-08
736 3.980030e-08
737 3.001652e-08
738 2.121440e-08
739 1.430243e-08
740 9.107355e-09
741 5.508852e-09
742 3.339079e-09
743 2.048407e-09
744 1.290578e-09
745 8.282588e-10
746 5.305198e-10
747 3.315755e-10
748 1.986124e-10
749 1.127439e-10
750 5.327798e-08
751 4.410904e-08
752 3.363953e-08
753 2.395443e-08
754 1.625332e-08
755 1.043868e-08
756 6.324462e-09
757 3.821404e-09
758 2.328917e-09
759 1.457254e-09
760 9.309055e-10
761 5.958742e-10
762 3.736678e-10
763 2.252984e-10
764 1.290165e-10
765 5.864359e-08
766 4.913060e-08
767 3.784346e-08
768 2.713607e-08
769 1.851955e-08
770 1.198582e-08
771 7.272041e-09
772 4.382214e-09
773 2.654528e-09
774 1.650857e-09
775 1.050128e-09
776 6.718236e-10
777 4.226021e-10
778 2.563214e-10
779 1.479317e-10
780 5.925129e-08
781 4.987588e-08
782 3.865145e-08
783 2.785628e-08
784 1.906608e-08
785 1.239274e-08
786 7.563613e-09
787 4.548520e-09
788 2.750690e-09
789 1.703531e-09
790 1.078971e-09
791 6.881795e-10
792 4.324852e-10
793 2.626442e-10
794 1.520735e-10
795 6.633886e-08
796 5.674140e-08
797 4.464083e-08
798 3.254498e-08
799 2.245755e-08
800 1.475168e-08
801 9.070512e-09
802 5.433026e-09
803 3.264958e-09
804 2.002648e-09
805 1.258014e-09
806 7.992924e-10
807 5.030358e-10
808 3.073601e-10
809 1.796873e-10
810 7.616187e-08
811 6.660947e-08
812 5.365004e-08
813 3.989667e-08
814 2.790069e-08
815 1.859296e-08
816 1.163140e-08
817 6.949750e-09
818 4.152208e-09
819 2.508372e-09
820 1.551213e-09
821 9.751821e-10
822 6.119394e-10
823 3.756878e-10
824 2.221103e-10
825 4.887636e-07
826 3.569367e-07
827 2.644618e-07
828 1.640934e-07
829 1.000551e-07
830 5.928697e-08
831 3.621585e-08
832 2.325603e-08
833 1.571029e-08
834 0.000000e+00
835 0.000000e+00
836 0.000000e+00
837 0.000000e+00
838 0.000000e+00
839 0.000000e+00
840 7.608333e-07
841 5.558550e-07
842 4.123238e-07
843 2.595811e-07
844 1.577512e-07
845 9.333820e-08
846 5.688611e-08
847 3.635991e-08
848 2.447796e-08
849 0.000000e+00
850 0.000000e+00
851 0.000000e+00
852 0.000000e+00
853 0.000000e+00
854 0.000000e+00
855 9.034708e-07
856 6.601392e-07
857 4.898343e-07
858 3.095543e-07
859 1.879543e-07
860 1.111685e-07
861 6.771198e-08
862 4.322638e-08
863 2.907417e-08
864 0.000000e+00
865 0.000000e+00
866 0.000000e+00
867 0.000000e+00
868 0.000000e+00
869 0.000000e+00
870 9.993278e-07
871 7.302182e-07
872 5.419243e-07
873 3.431341e-07
874 2.082519e-07
875 1.231503e-07
876 7.498702e-08
877 4.784112e-08
878 3.216291e-08
879 0.000000e+00
880 0.000000e+00
881 0.000000e+00
882 0.000000e+00
883 0.000000e+00
884 0.000000e+00
885 1.071730e-06
886 7.831539e-07
887 5.812659e-07
888 3.684969e-07
889 2.235831e-07
890 1.322006e-07
891 8.048196e-08
892 5.132660e-08
893 3.449609e-08
894 0.000000e+00
895 0.000000e+00
896 0.000000e+00
897 0.000000e+00
898 0.000000e+00
899 0.000000e+00
900 1.129439e-06
901 8.253442e-07
902 6.126261e-07
903 3.887123e-07
904 2.358020e-07
905 1.394142e-07
906 8.486152e-08
907 5.410480e-08
908 3.635564e-08
909 0.000000e+00
910 0.000000e+00
911 0.000000e+00
912 0.000000e+00
913 0.000000e+00
914 0.000000e+00
915 1.180268e-06
916 8.625041e-07
917 6.402459e-07
918 4.065191e-07
919 2.465652e-07
920 1.457672e-07
921 8.871918e-08
922 5.655163e-08
923 3.799350e-08
924 0.000000e+00
925 0.000000e+00
926 0.000000e+00
927 0.000000e+00
928 0.000000e+00
929 0.000000e+00
930 1.228460e-06
931 8.977376e-07
932 6.664337e-07
933 4.234011e-07
934 2.567693e-07
935 1.517905e-07
936 9.237652e-08
937 5.887147e-08
938 3.954628e-08
939 0.000000e+00
940 0.000000e+00
941 0.000000e+00
942 0.000000e+00
943 0.000000e+00
944 0.000000e+00
945 1.284683e-06
946 9.388454e-07
947 6.969857e-07
948 4.430983e-07
949 2.686743e-07
950 1.588185e-07
951 9.664394e-08
952 6.157795e-08
953 4.135810e-08
954 0.000000e+00
955 0.000000e+00
956 0.000000e+00
957 0.000000e+00
958 0.000000e+00
959 0.000000e+00
960 3.257063e-07
961 2.588983e-07
962 1.877379e-07
963 1.408437e-07
964 8.680452e-08
965 5.321150e-08
966 3.093172e-08
967 1.850009e-08
968 1.160588e-08
969 7.690485e-09
970 0.000000e+00
971 0.000000e+00
972 0.000000e+00
973 0.000000e+00
974 0.000000e+00
975 5.198677e-07
976 4.168506e-07
977 3.026665e-07
978 2.267688e-07
979 1.421092e-07
980 8.665143e-08
981 5.032951e-08
982 3.005429e-08
983 1.876706e-08
984 1.238924e-08
985 0.000000e+00
986 0.000000e+00
987 0.000000e+00
988 0.000000e+00
989 0.000000e+00
990 6.448116e-07
991 5.183988e-07
992 3.765464e-07
993 2.820113e-07
994 1.775996e-07
995 1.081223e-07
996 6.278593e-08
997 3.747517e-08
998 2.336909e-08
999 1.541003e-08
1000 0.000000e+00
1001 0.000000e+00
1002 0.000000e+00
1003 0.000000e+00
1004 0.000000e+00
1005 7.389329e-07
1006 5.948791e-07
1007 4.321836e-07
1008 3.236177e-07
1009 2.043213e-07
1010 1.242895e-07
1011 7.216607e-08
1012 4.306337e-08
1013 2.683458e-08
1014 1.768499e-08
1015 0.000000e+00
1016 0.000000e+00
1017 0.000000e+00
1018 0.000000e+00
1019 0.000000e+00
1020 8.139596e-07
1021 6.558390e-07
1022 4.765327e-07
1023 3.567807e-07
1024 2.256220e-07
1025 1.371778e-07
1026 7.964314e-08
1027 4.751755e-08
1028 2.959718e-08
1029 1.949827e-08
1030 0.000000e+00
1031 0.000000e+00
1032 0.000000e+00
1033 0.000000e+00
1034 0.000000e+00
1035 8.800254e-07
1036 7.095243e-07
1037 5.155916e-07
1038 3.859857e-07
1039 2.443794e-07
1040 1.485270e-07
1041 8.622743e-08
1042 5.144028e-08
1043 3.202995e-08
1044 2.109535e-08
1045 0.000000e+00
1046 0.000000e+00
1047 0.000000e+00
1048 0.000000e+00
1049 0.000000e+00
1050 9.426736e-07
1051 7.604327e-07
1052 5.526249e-07
1053 4.136780e-07
1054 2.621647e-07
1055 1.592896e-07
1056 9.247120e-08
1057 5.515972e-08
1058 3.433673e-08
1059 2.260959e-08
1060 0.000000e+00
1061 0.000000e+00
1062 0.000000e+00
1063 0.000000e+00
1064 0.000000e+00
1065 1.015768e-06
1066 8.198310e-07
1067 5.958365e-07
1068 4.459927e-07
1069 2.829175e-07
1070 1.718473e-07
1071 9.975607e-08
1072 5.949995e-08
1073 3.702828e-08
1074 2.437647e-08
1075 0.000000e+00
1076 0.000000e+00
1077 0.000000e+00
1078 0.000000e+00
1079 0.000000e+00
1080 1.882695e-07
1081 1.709522e-07
1082 1.315056e-07
1083 9.511793e-08
1084 7.124341e-08
1085 4.109055e-08
1086 2.516254e-08
1087 1.451995e-08
1088 8.597856e-09
1089 5.353556e-09
1090 0.000000e+00
1091 0.000000e+00
1092 0.000000e+00
1093 0.000000e+00
1094 0.000000e+00
1095 3.299263e-07
1096 3.013719e-07
1097 2.331266e-07
1098 1.684806e-07
1099 1.264344e-07
1100 7.348856e-08
1101 4.515883e-08
1102 2.597575e-08
1103 1.530647e-08
1104 9.501147e-09
1105 0.000000e+00
1106 0.000000e+00
1107 0.000000e+00
1108 0.000000e+00
1109 0.000000e+00
1110 4.313747e-07
1111 3.947212e-07
1112 3.058250e-07
1113 2.209698e-07
1114 1.659135e-07
1115 9.665102e-08
1116 5.944824e-08
1117 3.416510e-08
1118 2.010429e-08
1119 1.246813e-08
1120 0.000000e+00
1121 0.000000e+00
1122 0.000000e+00
1123 0.000000e+00
1124 0.000000e+00
1125 5.118675e-07
1126 4.687719e-07
1127 3.634880e-07
1128 2.626035e-07
1129 1.972257e-07
1130 1.150174e-07
1131 7.077884e-08
1132 4.065897e-08
1133 2.390921e-08
1134 1.482137e-08
1135 0.000000e+00
1136 0.000000e+00
1137 0.000000e+00
1138 0.000000e+00
1139 0.000000e+00
1140 5.827486e-07
1141 5.339873e-07
1142 4.142683e-07
1143 2.992682e-07
1144 2.248018e-07
1145 1.311919e-07
1146 8.075741e-08
1147 4.637790e-08
1148 2.726008e-08
1149 1.689370e-08
1150 0.000000e+00
1151 0.000000e+00
1152 0.000000e+00
1153 0.000000e+00
1154 0.000000e+00
1155 6.499630e-07
1156 5.958254e-07
1157 4.624212e-07
1158 3.340351e-07
1159 2.509506e-07
1160 1.465295e-07
1161 9.021925e-08
1162 5.180077e-08
1163 3.043750e-08
1164 1.885873e-08
1165 0.000000e+00
1166 0.000000e+00
1167 0.000000e+00
1168 0.000000e+00
1169 0.000000e+00
1170 7.283846e-07
1171 6.679733e-07
1172 5.186008e-07
1173 3.745984e-07
1174 2.814577e-07
1175 1.644239e-07
1176 1.012585e-07
1177 5.812754e-08
1178 3.414473e-08
1179 2.115149e-08
1180 0.000000e+00
1181 0.000000e+00
1182 0.000000e+00
1183 0.000000e+00
1184 0.000000e+00
1185 1.239253e-07
1186 1.221888e-07
1187 1.026013e-07
1188 7.489691e-08
1189 5.567577e-08
1190 3.773751e-08
1191 2.231275e-08
1192 1.270524e-08
1193 7.341328e-09
1194 4.341096e-09
1195 2.721481e-09
1196 0.000000e+00
1197 0.000000e+00
1198 0.000000e+00
1199 0.000000e+00
1200 2.314438e-07
1201 2.291015e-07
1202 1.933772e-07
1203 1.415060e-07
1204 1.049509e-07
1205 7.183485e-08
1206 4.218036e-08
1207 2.406605e-08
1208 1.393144e-08
1209 8.217584e-09
1210 5.136932e-09
1211 0.000000e+00
1212 0.000000e+00
1213 0.000000e+00
1214 0.000000e+00
1215 3.123225e-07
1216 3.094998e-07
1217 2.616141e-07
1218 1.915689e-07
1219 1.419923e-07
1220 9.744447e-08
1221 5.711196e-08
1222 3.260323e-08
1223 1.888238e-08
1224 1.113061e-08
1225 6.952502e-09
1226 0.000000e+00
1227 0.000000e+00
1228 0.000000e+00
1229 0.000000e+00
1230 3.831935e-07
1231 3.799432e-07
1232 3.213903e-07
1233 2.354215e-07
1234 1.744400e-07
1235 1.198757e-07
1236 7.019122e-08
1237 4.008120e-08
1238 2.321897e-08
1239 1.368230e-08
1240 8.542871e-09
1241 0.000000e+00
1242 0.000000e+00
1243 0.000000e+00
1244 0.000000e+00
1245 4.503977e-07
1246 4.467362e-07
1247 3.780737e-07
1248 2.770046e-07
1249 2.052095e-07
1250 1.411454e-07
1251 8.259382e-08
1252 4.717229e-08
1253 2.733118e-08
1254 1.610194e-08
1255 1.005098e-08
1256 0.000000e+00
1257 0.000000e+00
1258 0.000000e+00
1259 0.000000e+00
1260 5.288015e-07
1261 5.246659e-07
1262 4.442070e-07
1263 3.255223e-07
1264 2.411084e-07
1265 1.659601e-07
1266 9.706421e-08
1267 5.544503e-08
1268 3.212871e-08
1269 1.892488e-08
1270 1.181051e-08
1271 0.000000e+00
1272 0.000000e+00
1273 0.000000e+00
1274 0.000000e+00
1275 9.013731e-08
1276 9.379127e-08
1277 8.479030e-08
1278 6.480906e-08
1279 4.685619e-08
1280 3.508119e-08
1281 1.980207e-08
1282 1.194619e-08
1283 6.754898e-09
1284 3.904829e-09
1285 2.339195e-09
1286 0.000000e+00
1287 0.000000e+00
1288 0.000000e+00
1289 0.000000e+00
1290 1.732334e-07
1291 1.807531e-07
1292 1.640785e-07
1293 1.258682e-07
1294 9.092531e-08
1295 6.821449e-08
1296 3.865340e-08
1297 2.341997e-08
1298 1.320342e-08
1299 7.607733e-09
1300 4.545588e-09
1301 0.000000e+00
1302 0.000000e+00
1303 0.000000e+00
1304 0.000000e+00
1305 2.424633e-07
1306 2.531892e-07
1307 2.301012e-07
1308 1.766982e-07
1309 1.276148e-07
1310 9.579440e-08
1311 5.434246e-08
1312 3.296553e-08
1313 1.856966e-08
1314 1.068969e-08
1315 6.382323e-09
1316 0.000000e+00
1317 0.000000e+00
1318 0.000000e+00
1319 0.000000e+00
1320 3.078577e-07
1321 3.216065e-07
1322 2.924568e-07
1323 2.247029e-07
1324 1.622652e-07
1325 1.218404e-07
1326 6.915697e-08
1327 4.197839e-08
1328 2.363663e-08
1329 1.359998e-08
1330 8.116900e-09
1331 0.000000e+00
1332 0.000000e+00
1333 0.000000e+00
1334 0.000000e+00
1335 3.841561e-07
1336 4.014323e-07
1337 3.652105e-07
1338 2.807097e-07
1339 2.026908e-07
1340 1.522281e-07
1341 8.644124e-08
1342 5.249408e-08
1343 2.954836e-08
1344 1.699550e-08
1345 1.014064e-08
1346 0.000000e+00
1347 0.000000e+00
1348 0.000000e+00
1349 0.000000e+00
1350 6.932083e-08
1351 7.500281e-08
1352 7.187756e-08
1353 5.820447e-08
1354 4.198358e-08
1355 3.165791e-08
1356 1.974161e-08
1357 1.211331e-08
1358 6.724590e-09
1359 3.702260e-09
1360 2.141049e-09
1361 1.302792e-09
1362 0.000000e+00
1363 0.000000e+00
1364 0.000000e+00
1365 1.383750e-07
1366 1.500248e-07
1367 1.442259e-07
1368 1.172247e-07
1369 8.462540e-08
1370 6.373472e-08
1371 4.008436e-08
1372 2.450422e-08
1373 1.360683e-08
1374 7.496290e-09
1375 4.322646e-09
1376 2.623030e-09
1377 0.000000e+00
1378 0.000000e+00
1379 0.000000e+00
1380 2.010031e-07
1381 2.180563e-07
1382 2.098198e-07
1383 1.707216e-07
1384 1.232755e-07
1385 9.281020e-08
1386 5.851418e-08
1387 3.573215e-08
1388 1.984300e-08
1389 1.093430e-08
1390 6.299815e-09
1391 3.819753e-09
1392 0.000000e+00
1393 0.000000e+00
1394 0.000000e+00
1395 2.739546e-07
1396 2.973002e-07
1397 2.862206e-07
1398 2.330303e-07
1399 1.682909e-07
1400 1.266749e-07
1401 7.997821e-08
1402 4.880901e-08
1403 2.710609e-08
1404 1.493828e-08
1405 8.602574e-09
1406 5.213599e-09
1407 0.000000e+00
1408 0.000000e+00
1409 0.000000e+00
1410 5.746768e-08
1411 6.412438e-08
1412 6.439859e-08
1413 5.529197e-08
1414 4.074492e-08
1415 3.001580e-08
1416 2.113069e-08
1417 1.206211e-08
1418 6.788451e-09
1419 3.841408e-09
1420 2.136905e-09
1421 1.246642e-09
1422 0.000000e+00
1423 0.000000e+00
1424 0.000000e+00
1425 1.179054e-07
1426 1.317757e-07
1427 1.326664e-07
1428 1.142937e-07
1429 8.438958e-08
1430 6.207736e-08
1431 4.394178e-08
1432 2.498841e-08
1433 1.409854e-08
1434 7.976525e-09
1435 4.434463e-09
1436 2.581094e-09
1437 0.000000e+00
1438 0.000000e+00
1439 0.000000e+00
1440 1.864659e-07
1441 2.085133e-07
1442 2.100928e-07
1443 1.811975e-07
1444 1.338744e-07
1445 9.843172e-08
1446 6.979941e-08
1447 3.964442e-08
1448 2.238585e-08
1449 1.266432e-08
1450 7.039246e-09
1451 4.094128e-09
1452 0.000000e+00
1453 0.000000e+00
1454 0.000000e+00
1455 5.092339e-08
1456 5.835265e-08
1457 6.098773e-08
1458 5.540531e-08
1459 4.248420e-08
1460 3.068526e-08
1461 2.304630e-08
1462 1.291849e-08
1463 7.725805e-09
1464 4.233201e-09
1465 2.333960e-09
1466 1.303331e-09
1467 0.000000e+00
1468 0.000000e+00
1469 0.000000e+00
1470 1.144182e-07
1471 1.312915e-07
1472 1.375003e-07
1473 1.252948e-07
1474 9.633704e-08
1475 6.954066e-08
1476 5.230445e-08
1477 2.941262e-08
1478 1.765427e-08
1479 9.654129e-09
1480 5.309446e-09
1481 2.958529e-09
1482 0.000000e+00
1483 0.000000e+00
1484 0.000000e+00
1485 5.361903e-08
1486 6.300493e-08
1487 6.831465e-08
1488 6.558463e-08
1489 5.317780e-08
1490 3.837084e-08
1491 2.894672e-08
1492 1.799875e-08
1493 1.095353e-08
1494 5.944054e-09
1495 3.130795e-09
1496 1.689143e-09
1497 9.406577e-10
1498 0.000000e+00
1499 0.000000e+00
1500 1.109684e-04
1501 8.086786e-05
1502 6.035546e-05
1503 3.805236e-05
1504 2.321989e-05
1505 1.369104e-05
1506 8.324421e-06
1507 5.304277e-06
1508 3.565556e-06
1509 0.000000e+00
1510 0.000000e+00
1511 0.000000e+00
1512 0.000000e+00
1513 0.000000e+00
1514 0.000000e+00
1515 5.757601e-05
1516 4.644359e-05
1517 3.369791e-05
1518 2.528332e-05
1519 1.597668e-05
1520 9.754545e-06
1521 5.648866e-06
1522 3.364481e-06
1523 2.093966e-06
1524 1.379138e-06
1525 0.000000e+00
1526 0.000000e+00
1527 0.000000e+00
1528 0.000000e+00
1529 0.000000e+00
1530 4.047788e-05
1531 3.713775e-05
1532 2.882267e-05
1533 2.080348e-05
1534 1.566222e-05
1535 9.111532e-06
1536 5.625604e-06
1537 3.225263e-06
1538 1.896511e-06
1539 1.174730e-06
1540 0.000000e+00
1541 0.000000e+00
1542 0.000000e+00
1543 0.000000e+00
1544 0.000000e+00
1545 2.912801e-05
1546 2.891312e-05
1547 2.448503e-05
1548 1.793535e-05
1549 1.328396e-05
1550 9.154542e-06
1551 5.351144e-06
1552 3.053081e-06
1553 1.771954e-06
1554 1.042590e-06
1555 6.506122e-07
1556 0.000000e+00
1557 0.000000e+00
1558 0.000000e+00
1559 0.000000e+00
1560 2.085098e-05
1561 2.179680e-05
1562 1.983793e-05
1563 1.524768e-05
1564 1.100576e-05
1565 8.274949e-06
1566 4.689296e-06
1567 2.850415e-06
1568 1.602925e-06
1569 9.233707e-07
1570 5.506294e-07
1571 0.000000e+00
1572 0.000000e+00
1573 0.000000e+00
1574 0.000000e+00
1575 1.487210e-05
1576 1.614453e-05
1577 1.554949e-05
1578 1.266314e-05
1579 9.143013e-06
1580 6.883420e-06
1581 4.347301e-06
1582 2.655947e-06
1583 1.474901e-06
1584 8.112783e-07
1585 4.673052e-07
1586 2.832009e-07
1587 0.000000e+00
1588 0.000000e+00
1589 0.000000e+00
1590 1.001028e-05
1591 1.119728e-05
1592 1.128693e-05
1593 9.739022e-06
1594 7.195644e-06
1595 5.289411e-06
1596 3.755371e-06
1597 2.130464e-06
1598 1.202339e-06
1599 6.811759e-07
1600 3.783133e-07
1601 2.200058e-07
1602 0.000000e+00
1603 0.000000e+00
1604 0.000000e+00
1605 6.201116e-06
1606 7.118100e-06
1607 7.458527e-06
1608 6.801106e-06
1609 5.231433e-06
1610 3.775220e-06
1611 2.841823e-06
1612 1.597077e-06
1613 9.596537e-07
1614 5.242846e-07
1615 2.885232e-07
1616 1.606418e-07
1617 0.000000e+00
1618 0.000000e+00
1619 0.000000e+00
1620 3.163407e-06
1621 3.720115e-06
1622 4.038202e-06
1623 3.883392e-06
1624 3.154630e-06
1625 2.276770e-06
1626 1.716871e-06
1627 1.071974e-06
1628 6.518364e-07
1629 3.538249e-07
1630 1.861971e-07
1631 1.003484e-07
1632 5.578990e-08
1633 0.000000e+00
1634 0.000000e+00
1635 8.891198e-07
1636 1.072208e-06
1637 1.206146e-06
1638 1.224576e-06
1639 1.066696e-06
1640 7.933436e-07
1641 5.815894e-07
1642 4.169104e-07
1643 2.343421e-07
1644 1.314261e-07
1645 7.164692e-08
1646 3.730540e-08
1647 1.958823e-08
1648 0.000000e+00
1649 0.000000e+00
