0 2.261696e-09
1 1.471015e-09
2 9.255457e-10
3 5.827927e-10
4 3.744086e-10
5 2.462330e-10
6 1.637188e-10
7 1.075558e-10
8 6.820337e-11
9 4.100923e-11
10 2.314791e-11
11 1.224624e-11
12 6.112497e-12
13 2.910911e-12
14 1.339174e-12
15 3.819060e-09
16 2.541953e-09
17 1.617013e-09
18 1.008003e-09
19 6.371499e-10
20 4.123838e-10
21 2.727032e-10
22 1.808248e-10
23 1.172870e-10
24 7.280825e-11
25 4.259548e-11
26 2.333762e-11
27 1.200218e-11
28 5.847490e-12
29 2.732320e-12
30 4.384747e-09
31 2.938919e-09
32 1.880357e-09
33 1.171247e-09
34 7.372379e-10
35 4.745805e-10
36 3.127435e-10
37 2.075192e-10
38 1.352433e-10
39 8.463066e-11
40 5.002250e-11
41 2.770736e-11
42 1.439061e-11
43 7.067735e-12
44 3.321347e-12
45 4.697706e-09
46 3.158698e-09
47 2.026305e-09
48 1.261831e-09
49 7.927513e-10
50 5.090592e-10
51 3.349758e-10
52 2.222626e-10
53 1.451743e-10
54 9.116993e-11
55 5.412714e-11
56 3.011975e-11
57 1.571394e-11
58 7.744946e-12
59 3.648773e-12
60 4.907482e-09
61 3.306244e-09
62 2.124111e-09
63 1.322558e-09
64 8.299516e-10
65 5.322383e-10
66 3.498996e-10
67 2.321991e-10
68 1.518282e-10
69 9.556417e-11
70 5.689820e-11
71 3.175383e-11
72 1.660439e-11
73 8.199608e-12
74 3.870497e-12
75 5.065084e-09
76 3.416700e-09
77 2.197576e-09
78 1.368064e-09
79 8.578891e-10
80 5.496249e-10
81 3.610682e-10
82 2.396323e-10
83 1.568650e-10
84 9.888078e-11
85 5.896393e-11
86 3.296746e-11
87 1.727228e-11
88 8.541346e-12
89 4.034090e-12
90 5.192649e-09
91 3.506481e-09
92 2.257101e-09
93 1.405273e-09
94 8.806454e-10
95 5.637061e-10
96 3.701710e-10
97 2.456862e-10
98 1.609422e-10
99 1.015586e-10
100 6.065654e-11
101 3.396217e-11
102 1.781550e-11
103 8.819110e-12
104 4.168506e-12
105 5.285672e-09
106 3.571866e-09
107 2.301248e-09
108 1.432558e-09
109 8.972344e-10
110 5.739806e-10
111 3.767347e-10
112 2.500613e-10
113 1.638330e-10
114 1.034850e-10
115 6.187374e-11
116 3.469804e-11
117 1.822505e-11
118 9.029612e-12
119 4.267398e-12
120 5.411447e-09
121 3.660093e-09
122 2.359527e-09
123 1.468641e-09
124 9.194317e-10
125 5.877971e-10
126 3.856242e-10
127 2.560039e-10
128 1.678679e-10
129 1.061253e-10
130 6.353164e-11
131 3.565326e-11
132 1.874191e-11
133 9.293055e-12
134 4.397770e-12
135 5.532923e-09
136 3.745009e-09
137 2.416550e-09
138 1.504094e-09
139 9.411153e-10
140 6.013286e-10
141 3.943493e-10
142 2.617302e-10
143 1.717615e-10
144 1.087090e-10
145 6.514701e-11
146 3.660369e-11
147 1.926296e-11
148 9.557752e-12
149 4.525623e-12
150 7.912930e-09
151 5.449255e-09
152 3.580219e-09
153 2.237309e-09
154 1.387253e-09
155 8.744997e-10
156 5.669791e-10
157 3.751381e-10
158 2.480108e-10
159 1.596790e-10
160 9.795848e-11
161 5.647912e-11
162 3.045702e-11
163 1.542357e-11
164 7.413190e-12
165 1.000383e-08
166 6.977096e-09
167 4.650264e-09
168 2.936639e-09
169 1.811810e-09
170 1.132799e-09
171 7.264683e-10
172 4.775208e-10
173 3.161376e-10
174 2.054200e-10
175 1.279889e-10
176 7.522626e-11
177 4.138575e-11
178 2.134009e-11
179 1.040314e-11
180 1.122939e-08
181 7.878069e-09
182 5.282464e-09
183 3.353825e-09
184 2.066235e-09
185 1.287671e-09
186 8.215111e-10
187 5.382301e-10
188 3.563320e-10
189 2.324004e-10
190 1.457430e-10
191 8.635902e-11
192 4.792665e-11
193 2.491285e-11
194 1.222480e-11
195 1.205601e-08
196 8.486835e-09
197 5.710141e-09
198 3.636190e-09
199 2.238767e-09
200 1.392467e-09
201 8.857696e-10
202 5.793505e-10
203 3.835256e-10
204 2.506364e-10
205 1.577457e-10
206 9.389985e-11
207 5.236097e-11
208 2.733681e-11
209 1.346137e-11
210 1.267526e-08
211 8.943019e-09
212 6.031252e-09
213 3.847247e-09
214 2.367995e-09
215 1.471042e-09
216 9.340275e-10
217 6.100914e-10
218 4.038666e-10
219 2.642729e-10
220 1.667094e-10
221 9.953940e-11
222 5.568053e-11
223 2.914763e-11
224 1.438685e-11
225 1.317891e-08
226 9.312948e-09
227 6.290379e-09
228 4.019278e-09
229 2.472572e-09
230 1.534723e-09
231 9.730363e-10
232 6.350503e-10
233 4.203764e-10
234 2.753415e-10
235 1.739994e-10
236 1.040983e-10
237 5.835624e-11
238 3.061466e-11
239 1.513483e-11
240 1.356585e-08
241 9.599312e-09
242 6.493061e-09
243 4.153574e-09
244 2.554857e-09
245 1.584560e-09
246 1.003386e-09
247 6.543036e-10
248 4.332052e-10
249 2.839639e-10
250 1.796991e-10
251 1.076934e-10
252 6.048537e-11
253 3.178282e-11
254 1.572771e-11
255 1.403253e-08
256 9.941364e-09
257 6.732858e-09
258 4.311669e-09
259 2.651033e-09
260 1.643107e-09
261 1.039501e-09
262 6.773795e-10
263 4.484972e-10
264 2.941922e-10
265 1.864044e-10
266 1.118911e-10
267 6.294008e-11
268 3.311612e-11
269 1.641019e-11
270 1.451663e-08
271 1.029749e-08
272 6.982875e-09
273 4.476310e-09
274 2.751479e-09
275 1.704649e-09
276 1.077413e-09
277 7.015446e-10
278 4.643756e-10
279 3.048498e-10
280 1.934322e-10
281 1.163042e-10
282 6.552725e-11
283 3.453254e-11
284 1.713277e-11
285 1.365387e-08
286 9.715857e-09
287 6.599550e-09
288 4.259088e-09
289 2.625363e-09
290 1.625864e-09
291 1.025015e-09
292 6.648480e-10
293 4.385499e-10
294 2.874215e-10
295 1.825019e-10
296 1.100919e-10
297 6.236556e-11
298 3.307808e-11
299 1.651107e-11
300 1.606727e-08
301 1.156457e-08
302 7.927164e-09
303 5.174358e-09
304 3.201979e-09
305 1.973199e-09
306 1.234270e-09
307 7.943593e-10
308 5.220262e-10
309 3.429009e-10
310 2.194417e-10
311 1.339684e-10
312 7.698219e-11
313 4.142978e-11
314 2.094861e-11
315 1.773298e-08
316 1.284906e-08
317 8.852172e-09
318 5.814554e-09
319 3.608386e-09
320 2.217288e-09
321 1.381664e-09
322 8.853045e-10
323 5.803998e-10
324 3.815754e-10
325 2.451736e-10
326 1.506289e-10
327 8.721579e-11
328 4.730261e-11
329 2.408456e-11
330 1.898638e-08
331 1.381541e-08
332 9.545832e-09
333 6.293300e-09
334 3.913443e-09
335 2.400785e-09
336 1.492290e-09
337 9.536023e-10
338 6.243460e-10
339 4.106356e-10
340 2.644900e-10
341 1.631339e-10
342 9.489996e-11
343 5.171532e-11
344 2.644124e-11
345 2.000175e-08
346 1.459832e-08
347 1.011107e-08
348 6.684575e-09
349 4.160951e-09
350 2.549688e-09
351 1.581976e-09
352 1.008965e-09
353 6.598076e-10
354 4.341486e-10
355 2.801583e-10
356 1.732775e-10
357 1.011289e-10
358 5.529307e-11
359 2.835331e-11
360 2.081191e-08
361 1.522639e-08
362 1.056516e-08
363 6.998261e-09
364 4.360600e-09
365 2.669819e-09
366 1.654134e-09
367 1.053371e-09
368 6.882753e-10
369 4.530402e-10
370 2.927445e-10
371 1.814555e-10
372 1.061724e-10
373 5.819649e-11
374 2.990833e-11
375 2.172644e-08
376 1.592846e-08
377 1.106881e-08
378 7.346080e-09
379 4.580589e-09
380 2.802535e-09
381 1.734344e-09
382 1.102938e-09
383 7.201545e-10
384 4.741527e-10
385 3.067708e-10
386 1.905027e-10
387 1.117090e-10
388 6.136416e-11
389 3.159598e-11
390 2.270661e-08
391 1.668508e-08
392 1.161308e-08
393 7.722376e-09
394 4.819866e-09
395 2.946944e-09
396 1.821365e-09
397 1.156652e-09
398 7.545204e-10
399 4.969605e-10
400 3.219421e-10
401 2.003279e-10
402 1.177460e-10
403 6.482457e-11
404 3.344503e-11
405 1.967318e-08
406 1.441863e-08
407 1.000695e-08
408 6.634160e-09
409 4.152753e-09
410 2.543256e-09
411 1.577158e-09
412 1.002717e-09
413 6.535948e-10
414 4.292410e-10
415 2.769310e-10
416 1.715871e-10
417 1.005062e-10
418 5.522672e-11
419 2.847619e-11
420 2.233736e-08
421 1.656341e-08
422 1.158610e-08
423 7.745632e-09
424 4.890301e-09
425 2.986964e-09
426 1.844278e-09
427 1.163775e-09
428 7.542600e-10
429 4.946984e-10
430 3.203459e-10
431 2.000606e-10
432 1.184472e-10
433 6.587068e-11
434 3.436376e-11
435 2.435674e-08
436 1.819862e-08
437 1.279022e-08
438 8.596460e-09
439 5.455560e-09
440 3.328026e-09
441 2.049948e-09
442 1.287426e-09
443 8.315584e-10
444 5.448140e-10
445 3.535457e-10
446 2.218327e-10
447 1.321816e-10
448 7.403826e-11
449 3.889463e-11
450 2.600595e-08
451 1.952606e-08
452 1.377163e-08
453 9.288408e-09
454 5.914750e-09
455 3.605897e-09
456 2.216747e-09
457 1.388019e-09
458 8.941033e-10
459 5.854894e-10
460 3.804917e-10
461 2.395032e-10
462 1.433288e-10
463 8.066618e-11
464 4.257214e-11
465 2.733856e-08
466 2.061042e-08
467 1.457413e-08
468 9.853937e-09
469 6.292393e-09
470 3.834183e-09
471 2.353540e-09
472 1.470224e-09
473 9.454284e-10
474 6.187381e-10
475 4.025344e-10
476 2.539928e-10
477 1.524987e-10
478 8.613698e-11
479 4.561638e-11
480 2.879445e-08
481 2.177836e-08
482 1.543631e-08
483 1.045952e-08
484 6.694906e-09
485 4.077069e-09
486 2.500035e-09
487 1.558403e-09
488 1.000576e-09
489 6.545551e-10
490 4.262602e-10
491 2.695156e-10
492 1.622603e-10
493 9.191947e-11
494 4.881480e-11
495 3.038168e-08
496 2.305994e-08
497 1.638152e-08
498 1.112676e-08
499 7.138067e-09
500 4.344833e-09
501 2.661093e-09
502 1.655468e-09
503 1.061093e-09
504 6.938242e-10
505 4.522620e-10
506 2.865493e-10
507 1.730174e-10
508 9.832096e-11
509 5.236664e-11
510 2.601593e-08
511 1.962114e-08
512 1.388301e-08
513 9.378469e-09
514 6.001460e-09
515 3.665788e-09
516 2.251943e-09
517 1.406326e-09
518 9.032427e-10
519 5.900351e-10
520 3.831323e-10
521 2.414046e-10
522 1.448583e-10
523 8.186501e-11
524 4.342231e-11
525 2.893323e-08
526 2.207484e-08
527 1.574426e-08
528 1.070734e-08
529 6.911469e-09
530 4.228898e-09
531 2.589089e-09
532 1.606304e-09
533 1.025534e-09
534 6.676643e-10
535 4.339844e-10
536 2.748485e-10
537 1.662863e-10
538 9.492683e-11
539 5.088702e-11
540 3.131898e-08
541 2.408463e-08
542 1.727111e-08
543 1.180012e-08
544 7.659284e-09
545 4.693973e-09
546 2.866406e-09
547 1.771172e-09
548 1.125896e-09
549 7.314331e-10
550 4.757110e-10
551 3.022790e-10
552 1.838662e-10
553 1.056524e-10
554 5.702586e-11
555 3.327586e-08
556 2.574257e-08
557 1.853661e-08
558 1.270478e-08
559 8.281197e-09
560 5.079827e-09
561 3.097079e-09
562 1.908027e-09
563 1.209233e-09
564 7.841673e-10
565 5.102198e-10
566 3.250022e-10
567 1.984657e-10
568 1.145834e-10
569 6.215015e-11
570 3.536937e-08
571 2.749928e-08
572 1.986945e-08
573 1.365498e-08
574 8.931388e-09
575 5.483160e-09
576 3.338308e-09
577 2.051457e-09
578 1.296896e-09
579 8.398448e-10
580 5.466476e-10
581 3.489080e-10
582 2.137496e-10
583 1.238853e-10
584 6.746210e-11
585 3.767979e-08
586 2.944211e-08
587 2.134710e-08
588 1.471016e-08
589 9.652948e-09
590 5.931493e-09
591 3.606294e-09
592 2.210487e-09
593 1.393895e-09
594 9.013537e-10
595 5.868973e-10
596 3.753724e-10
597 2.307121e-10
598 1.342339e-10
599 7.338514e-11
600 3.278303e-08
601 2.541313e-08
602 1.833953e-08
603 1.257946e-08
604 8.213223e-09
605 5.056981e-09
606 3.081089e-09
607 1.897387e-09
608 1.200514e-09
609 7.769556e-10
610 5.047251e-10
611 3.212792e-10
612 1.962730e-10
613 1.134946e-10
614 6.171931e-11
615 3.602573e-08
616 2.824777e-08
617 2.056122e-08
618 1.419064e-08
619 9.335894e-09
620 5.779323e-09
621 3.509503e-09
622 2.151580e-09
623 1.352562e-09
624 8.713053e-10
625 5.654599e-10
626 3.610289e-10
627 2.219544e-10
628 1.294503e-10
629 7.108217e-11
630 3.872335e-08
631 3.062152e-08
632 2.243222e-08
633 1.554788e-08
634 1.028532e-08
635 6.391479e-09
636 3.872774e-09
637 2.366822e-09
638 1.481180e-09
639 9.507803e-10
640 6.165545e-10
641 3.944845e-10
642 2.436102e-10
643 1.429414e-10
644 7.902284e-11
645 4.155581e-08
646 3.308955e-08
647 2.436497e-08
648 1.694769e-08
649 1.125901e-08
650 7.017767e-09
651 4.244622e-09
652 2.588021e-09
653 1.613567e-09
654 1.032918e-09
655 6.694087e-10
656 4.290255e-10
657 2.658829e-10
658 1.567536e-10
659 8.711505e-11
660 4.470686e-08
661 3.584177e-08
662 2.652723e-08
663 1.851443e-08
664 1.235062e-08
665 7.721273e-09
666 4.662390e-09
667 2.835649e-09
668 1.761680e-09
669 1.124705e-09
670 7.284217e-10
671 4.676340e-10
672 2.908285e-10
673 1.722577e-10
674 9.621983e-11
675 4.019311e-08
676 3.199921e-08
677 2.358385e-08
678 1.641108e-08
679 1.089956e-08
680 6.813470e-09
681 4.124312e-09
682 2.517035e-09
683 1.568109e-09
684 1.002476e-09
685 6.485825e-10
686 4.150091e-10
687 2.569255e-10
688 1.514307e-10
689 8.421891e-11
690 4.377591e-08
691 3.525474e-08
692 2.623949e-08
693 1.837327e-08
694 1.228613e-08
695 7.737416e-09
696 4.676612e-09
697 2.845163e-09
698 1.760772e-09
699 1.118924e-09
700 7.219171e-10
701 4.625120e-10
702 2.877090e-10
703 1.708442e-10
704 9.587720e-11
705 4.748214e-08
706 3.860345e-08
707 2.894733e-08
708 2.037394e-08
709 1.369390e-08
710 8.672956e-09
711 5.236401e-09
712 3.177885e-09
713 1.956828e-09
714 1.237770e-09
715 7.968870e-10
716 5.110002e-10
717 3.190373e-10
718 1.905267e-10
719 1.076567e-10
720 5.163299e-08
721 4.236513e-08
722 3.199215e-08
723 2.262685e-08
724 1.528159e-08
725 9.730671e-09
726 5.869243e-09
727 3.554094e-09
728 2.177790e-09
729 1.371630e-09
730 8.811555e-10
731 5.655339e-10
732 3.543241e-10
733 2.127369e-10
734 1.209765e-10
735 4.834009e-08
736 3.953212e-08
737 2.982009e-08
738 2.107938e-08
739 1.421283e-08
740 9.051672e-09
741 5.476461e-09
742 3.319097e-09
743 2.035977e-09
744 1.282575e-09
745 8.230015e-10
746 5.271006e-10
747 3.294299e-10
748 1.973367e-10
749 1.120332e-10
750 5.311729e-08
751 4.398639e-08
752 3.355627e-08
753 2.390221e-08
754 1.622061e-08
755 1.041992e-08
756 6.315633e-09
757 3.815452e-09
758 2.325092e-09
759 1.454532e-09
760 9.289444e-10
761 5.945139e-10
762 3.727909e-10
763 2.247816e-10
764 1.287421e-10
765 5.849464e-08
766 4.902536e-08
767 3.778197e-08
768 2.710566e-08
769 1.850435e-08
770 1.197999e-08
771 7.273709e-09
772 4.381978e-09
773 2.654122e-09
774 1.649964e-09
775 1.049127e-09
776 6.709710e-10
777 4.220093e-10
778 2.559795e-10
779 1.477727e-10
780 5.925768e-08
781 4.988326e-08
782 3.865927e-08
783 2.786352e-08
784 1.907174e-08
785 1.239682e-08
786 7.566696e-09
787 4.550292e-09
788 2.751770e-09
789 1.704118e-09
790 1.079288e-09
791 6.883544e-10
792 4.325862e-10
793 2.627057e-10
794 1.521123e-10
795 6.634734e-08
796 5.675119e-08
797 4.465116e-08
798 3.255448e-08
799 2.246489e-08
800 1.475695e-08
801 9.074520e-09
802 5.435265e-09
803 3.266347e-09
804 2.003399e-09
805 1.258417e-09
806 7.995167e-10
807 5.031665e-10
808 3.074405e-10
809 1.797386e-10
810 7.615477e-08
811 6.660092e-08
812 5.364043e-08
813 3.988695e-08
814 2.789225e-08
815 1.858670e-08
816 1.162681e-08
817 6.946474e-09
818 4.150363e-09
819 2.507341e-09
820 1.550651e-09
821 9.748892e-10
822 6.117851e-10
823 3.756037e-10
824 2.220621e-10
825 5.063818e-07
826 3.698699e-07
827 2.740669e-07
828 1.706314e-07
829 1.039410e-07
830 6.157599e-08
831 3.759768e-08
832 2.411898e-08
833 1.628086e-08
834 0.000000e+00
835 0.000000e+00
836 0.000000e+00
837 0.000000e+00
838 0.000000e+00
839 0.000000e+00
840 7.609759e-07
841 5.559610e-07
842 4.124014e-07
843 2.596371e-07
844 1.577835e-07
845 9.335772e-08
846 5.689766e-08
847 3.636708e-08
848 2.448263e-08
849 0.000000e+00
850 0.000000e+00
851 0.000000e+00
852 0.000000e+00
853 0.000000e+00
854 0.000000e+00
855 9.034708e-07
856 6.601393e-07
857 4.898344e-07
858 3.095543e-07
859 1.879543e-07
860 1.111685e-07
861 6.771198e-08
862 4.322638e-08
863 2.907417e-08
864 0.000000e+00
865 0.000000e+00
866 0.000000e+00
867 0.000000e+00
868 0.000000e+00
869 0.000000e+00
870 9.993278e-07
871 7.302182e-07
872 5.419243e-07
873 3.431341e-07
874 2.082519e-07
875 1.231503e-07
876 7.498702e-08
877 4.784112e-08
878 3.216291e-08
879 0.000000e+00
880 0.000000e+00
881 0.000000e+00
882 0.000000e+00
883 0.000000e+00
884 0.000000e+00
885 1.071193e-06
886 7.827614e-07
887 5.809742e-07
888 3.683088e-07
889 2.234694e-07
890 1.321335e-07
891 8.044121e-08
892 5.130076e-08
893 3.447879e-08
894 0.000000e+00
895 0.000000e+00
896 0.000000e+00
897 0.000000e+00
898 0.000000e+00
899 0.000000e+00
900 1.129439e-06
901 8.253442e-07
902 6.126261e-07
903 3.887123e-07
904 2.358020e-07
905 1.394142e-07
906 8.486152e-08
907 5.410480e-08
908 3.635564e-08
909 0.000000e+00
910 0.000000e+00
911 0.000000e+00
912 0.000000e+00
913 0.000000e+00
914 0.000000e+00
915 1.175959e-06
916 8.593550e-07
917 6.379083e-07
918 4.050348e-07
919 2.456650e-07
920 1.452350e-07
921 8.839526e-08
922 5.634515e-08
923 3.785478e-08
924 0.000000e+00
925 0.000000e+00
926 0.000000e+00
927 0.000000e+00
928 0.000000e+00
929 0.000000e+00
930 1.228460e-06
931 8.977376e-07
932 6.664337e-07
933 4.234011e-07
934 2.567693e-07
935 1.517905e-07
936 9.237652e-08
937 5.887147e-08
938 3.954628e-08
939 0.000000e+00
940 0.000000e+00
941 0.000000e+00
942 0.000000e+00
943 0.000000e+00
944 0.000000e+00
945 1.284683e-06
946 9.388454e-07
947 6.969857e-07
948 4.430983e-07
949 2.686743e-07
950 1.588185e-07
951 9.664394e-08
952 6.157795e-08
953 4.135810e-08
954 0.000000e+00
955 0.000000e+00
956 0.000000e+00
957 0.000000e+00
958 0.000000e+00
959 0.000000e+00
960 3.383205e-07
961 2.694961e-07
962 1.954983e-07
963 1.466050e-07
964 9.073713e-08
965 5.553545e-08
966 3.227946e-08
967 1.930100e-08
968 1.209450e-08
969 8.006810e-09
970 0.000000e+00
971 0.000000e+00
972 0.000000e+00
973 0.000000e+00
974 0.000000e+00
975 5.201941e-07
976 4.171316e-07
977 3.028737e-07
978 2.269209e-07
979 1.422178e-07
980 8.671405e-08
981 5.036604e-08
982 3.007609e-08
983 1.878022e-08
984 1.239769e-08
985 0.000000e+00
986 0.000000e+00
987 0.000000e+00
988 0.000000e+00
989 0.000000e+00
990 6.448120e-07
991 5.183992e-07
992 3.765467e-07
993 2.820115e-07
994 1.775998e-07
995 1.081224e-07
996 6.278599e-08
997 3.747520e-08
998 2.336911e-08
999 1.541004e-08
1000 0.000000e+00
1001 0.000000e+00
1002 0.000000e+00
1003 0.000000e+00
1004 0.000000e+00
1005 7.382357e-07
1006 5.943126e-07
1007 4.317715e-07
1008 3.233096e-07
1009 2.041234e-07
1010 1.241698e-07
1011 7.209649e-08
1012 4.302199e-08
1013 2.680897e-08
1014 1.766814e-08
1015 0.000000e+00
1016 0.000000e+00
1017 0.000000e+00
1018 0.000000e+00
1019 0.000000e+00
1020 8.139596e-07
1021 6.558390e-07
1022 4.765327e-07
1023 3.567807e-07
1024 2.256220e-07
1025 1.371778e-07
1026 7.964314e-08
1027 4.751755e-08
1028 2.959718e-08
1029 1.949827e-08
1030 0.000000e+00
1031 0.000000e+00
1032 0.000000e+00
1033 0.000000e+00
1034 0.000000e+00
1035 8.768123e-07
1036 7.069338e-07
1037 5.137091e-07
1038 3.845764e-07
1039 2.434871e-07
1040 1.479847e-07
1041 8.591261e-08
1042 5.125247e-08
1043 3.191301e-08
1044 2.101832e-08
1045 0.000000e+00
1046 0.000000e+00
1047 0.000000e+00
1048 0.000000e+00
1049 0.000000e+00
1050 9.426736e-07
1051 7.604327e-07
1052 5.526249e-07
1053 4.136780e-07
1054 2.621647e-07
1055 1.592896e-07
1056 9.247120e-08
1057 5.515972e-08
1058 3.433673e-08
1059 2.260959e-08
1060 0.000000e+00
1061 0.000000e+00
1062 0.000000e+00
1063 0.000000e+00
1064 0.000000e+00
1065 1.015768e-06
1066 8.198310e-07
1067 5.958365e-07
1068 4.459927e-07
1069 2.829175e-07
1070 1.718473e-07
1071 9.975607e-08
1072 5.949995e-08
1073 3.702828e-08
1074 2.437647e-08
1075 0.000000e+00
1076 0.000000e+00
1077 0.000000e+00
1078 0.000000e+00
1079 0.000000e+00
1080 1.992464e-07
1081 1.812380e-07
1082 1.396526e-07
1083 1.009881e-07
1084 7.567843e-08
1085 4.375615e-08
1086 2.682019e-08
1087 1.546247e-08
1088 9.142249e-09
1089 5.687253e-09
1090 0.000000e+00
1091 0.000000e+00
1092 0.000000e+00
1093 0.000000e+00
1094 0.000000e+00
1095 3.303636e-07
1096 3.017863e-07
1097 2.334593e-07
1098 1.687211e-07
1099 1.266162e-07
1100 7.360112e-08
1101 4.522856e-08
1102 2.601545e-08
1103 1.532904e-08
1104 9.514883e-09
1105 0.000000e+00
1106 0.000000e+00
1107 0.000000e+00
1108 0.000000e+00
1109 0.000000e+00
1110 4.306281e-07
1111 3.940344e-07
1112 3.052905e-07
1113 2.205837e-07
1114 1.656231e-07
1115 9.648071e-08
1116 5.934317e-08
1117 3.410489e-08
1118 2.006901e-08
1119 1.244631e-08
1120 0.000000e+00
1121 0.000000e+00
1122 0.000000e+00
1123 0.000000e+00
1124 0.000000e+00
1125 5.118675e-07
1126 4.687719e-07
1127 3.634880e-07
1128 2.626035e-07
1129 1.972257e-07
1130 1.150174e-07
1131 7.077884e-08
1132 4.065897e-08
1133 2.390921e-08
1134 1.482137e-08
1135 0.000000e+00
1136 0.000000e+00
1137 0.000000e+00
1138 0.000000e+00
1139 0.000000e+00
1140 5.806209e-07
1141 5.320376e-07
1142 4.127558e-07
1143 2.981755e-07
1144 2.239810e-07
1145 1.307129e-07
1146 8.046255e-08
1147 4.620857e-08
1148 2.716055e-08
1149 1.683202e-08
1150 0.000000e+00
1151 0.000000e+00
1152 0.000000e+00
1153 0.000000e+00
1154 0.000000e+00
1155 6.499630e-07
1156 5.958254e-07
1157 4.624212e-07
1158 3.340351e-07
1159 2.509506e-07
1160 1.465295e-07
1161 9.021925e-08
1162 5.180077e-08
1163 3.043750e-08
1164 1.885873e-08
1165 0.000000e+00
1166 0.000000e+00
1167 0.000000e+00
1168 0.000000e+00
1169 0.000000e+00
1170 7.283846e-07
1171 6.679733e-07
1172 5.186008e-07
1173 3.745984e-07
1174 2.814577e-07
1175 1.644239e-07
1176 1.012585e-07
1177 5.812754e-08
1178 3.414473e-08
1179 2.115149e-08
1180 0.000000e+00
1181 0.000000e+00
1182 0.000000e+00
1183 0.000000e+00
1184 0.000000e+00
1185 1.324449e-07
1186 1.307463e-07
1187 1.099622e-07
1188 8.033172e-08
1189 5.967382e-08
1190 4.056921e-08
1191 2.393571e-08
1192 1.363824e-08
1193 7.884601e-09
1194 4.658910e-09
1195 2.918113e-09
1196 0.000000e+00
1197 0.000000e+00
1198 0.000000e+00
1199 0.000000e+00
1200 2.310472e-07
1201 2.287148e-07
1202 1.930573e-07
1203 1.412746e-07
1204 1.047778e-07
1205 7.172054e-08
1206 4.211159e-08
1207 2.402727e-08
1208 1.390903e-08
1209 8.204281e-09
1210 5.128492e-09
1211 0.000000e+00
1212 0.000000e+00
1213 0.000000e+00
1214 0.000000e+00
1215 3.123232e-07
1216 3.095005e-07
1217 2.616148e-07
1218 1.915694e-07
1219 1.419926e-07
1220 9.744472e-08
1221 5.711210e-08
1222 3.260331e-08
1223 1.888242e-08
1224 1.113064e-08
1225 6.952519e-09
1226 0.000000e+00
1227 0.000000e+00
1228 0.000000e+00
1229 0.000000e+00
1230 3.817944e-07
1231 3.785560e-07
1232 3.202169e-07
1233 2.345620e-07
1234 1.738031e-07
1235 1.194380e-07
1236 6.993494e-08
1237 3.993485e-08
1238 2.313419e-08
1239 1.363234e-08
1240 8.511680e-09
1241 0.000000e+00
1242 0.000000e+00
1243 0.000000e+00
1244 0.000000e+00
1245 4.503977e-07
1246 4.467362e-07
1247 3.780737e-07
1248 2.770046e-07
1249 2.052095e-07
1250 1.411454e-07
1251 8.259382e-08
1252 4.717229e-08
1253 2.733118e-08
1254 1.610194e-08
1255 1.005098e-08
1256 0.000000e+00
1257 0.000000e+00
1258 0.000000e+00
1259 0.000000e+00
1260 5.288015e-07
1261 5.246659e-07
1262 4.442070e-07
1263 3.255223e-07
1264 2.411084e-07
1265 1.659601e-07
1266 9.706421e-08
1267 5.544503e-08
1268 3.212871e-08
1269 1.892488e-08
1270 1.181051e-08
1271 0.000000e+00
1272 0.000000e+00
1273 0.000000e+00
1274 0.000000e+00
1275 9.520046e-08
1276 9.913219e-08
1277 8.971727e-08
1278 6.864253e-08
1279 4.961699e-08
1280 3.716762e-08
1281 2.100277e-08
1282 1.268528e-08
1283 7.167164e-09
1284 4.139324e-09
1285 2.477954e-09
1286 0.000000e+00
1287 0.000000e+00
1288 0.000000e+00
1289 0.000000e+00
1290 1.734499e-07
1291 1.809829e-07
1292 1.642930e-07
1293 1.260367e-07
1294 9.104649e-08
1295 6.830637e-08
1296 3.870696e-08
1297 2.345313e-08
1298 1.322188e-08
1299 7.618133e-09
1300 4.551698e-09
1301 0.000000e+00
1302 0.000000e+00
1303 0.000000e+00
1304 0.000000e+00
1305 2.415782e-07
1306 2.522649e-07
1307 2.292612e-07
1308 1.760531e-07
1309 1.271489e-07
1310 9.544472e-08
1311 5.414409e-08
1312 3.284520e-08
1313 1.850188e-08
1314 1.065067e-08
1315 6.359025e-09
1316 0.000000e+00
1317 0.000000e+00
1318 0.000000e+00
1319 0.000000e+00
1320 3.078577e-07
1321 3.216065e-07
1322 2.924568e-07
1323 2.247029e-07
1324 1.622652e-07
1325 1.218404e-07
1326 6.915697e-08
1327 4.197839e-08
1328 2.363663e-08
1329 1.359998e-08
1330 8.116900e-09
1331 0.000000e+00
1332 0.000000e+00
1333 0.000000e+00
1334 0.000000e+00
1335 3.841561e-07
1336 4.014323e-07
1337 3.652105e-07
1338 2.807097e-07
1339 2.026908e-07
1340 1.522281e-07
1341 8.644124e-08
1342 5.249408e-08
1343 2.954836e-08
1344 1.699550e-08
1345 1.014064e-08
1346 0.000000e+00
1347 0.000000e+00
1348 0.000000e+00
1349 0.000000e+00
1350 7.272700e-08
1351 7.872312e-08
1352 7.549353e-08
1353 6.118215e-08
1354 4.413969e-08
1355 3.327466e-08
1356 2.078860e-08
1357 1.274503e-08
1358 7.075684e-09
1359 3.896269e-09
1360 2.251794e-09
1361 1.369356e-09
1362 0.000000e+00
1363 0.000000e+00
1364 0.000000e+00
1365 1.379445e-07
1366 1.495592e-07
1367 1.437799e-07
1368 1.168640e-07
1369 8.436509e-08
1370 6.353844e-08
1371 3.996236e-08
1372 2.442917e-08
1373 1.356515e-08
1374 7.473402e-09
1375 4.309388e-09
1376 2.614959e-09
1377 0.000000e+00
1378 0.000000e+00
1379 0.000000e+00
1380 2.010031e-07
1381 2.180563e-07
1382 2.098198e-07
1383 1.707216e-07
1384 1.232755e-07
1385 9.281020e-08
1386 5.851418e-08
1387 3.573215e-08
1388 1.984300e-08
1389 1.093430e-08
1390 6.299816e-09
1391 3.819753e-09
1392 0.000000e+00
1393 0.000000e+00
1394 0.000000e+00
1395 2.739546e-07
1396 2.973002e-07
1397 2.862206e-07
1398 2.330303e-07
1399 1.682909e-07
1400 1.266749e-07
1401 7.997821e-08
1402 4.880901e-08
1403 2.710609e-08
1404 1.493828e-08
1405 8.602574e-09
1406 5.213599e-09
1407 0.000000e+00
1408 0.000000e+00
1409 0.000000e+00
1410 5.880317e-08
1411 6.562825e-08
1412 6.592994e-08
1413 5.663176e-08
1414 4.174303e-08
1415 3.074527e-08
1416 2.165951e-08
1417 1.235799e-08
1418 6.957289e-09
1419 3.936793e-09
1420 2.189810e-09
1421 1.277123e-09
1422 0.000000e+00
1423 0.000000e+00
1424 0.000000e+00
1425 1.179165e-07
1426 1.317882e-07
1427 1.326793e-07
1428 1.143053e-07
1429 8.439818e-08
1430 6.208362e-08
1431 4.394638e-08
1432 2.499098e-08
1433 1.410001e-08
1434 7.977352e-09
1435 4.434922e-09
1436 2.581356e-09
1437 0.000000e+00
1438 0.000000e+00
1439 0.000000e+00
1440 1.864659e-07
1441 2.085133e-07
1442 2.100928e-07
1443 1.811975e-07
1444 1.338744e-07
1445 9.843172e-08
1446 6.979941e-08
1447 3.964442e-08
1448 2.238585e-08
1449 1.266432e-08
1450 7.039246e-09
1451 4.094128e-09
1452 0.000000e+00
1453 0.000000e+00
1454 0.000000e+00
1455 5.131158e-08
1456 5.880075e-08
1457 6.146072e-08
1458 5.584151e-08
1459 4.282331e-08
1460 3.092954e-08
1461 2.323097e-08
1462 1.302367e-08
1463 7.789826e-09
1464 4.267959e-09
1465 2.352887e-09
1466 1.313789e-09
1467 0.000000e+00
1468 0.000000e+00
1469 0.000000e+00
1470 1.144183e-07
1471 1.312916e-07
1472 1.375004e-07
1473 1.252949e-07
1474 9.633714e-08
1475 6.954072e-08
1476 5.230450e-08
1477 2.941265e-08
1478 1.765429e-08
1479 9.654139e-09
1480 5.309451e-09
1481 2.958532e-09
1482 0.000000e+00
1483 0.000000e+00
1484 0.000000e+00
1485 5.358564e-08
1486 6.296507e-08
1487 6.827077e-08
1488 6.554118e-08
1489 5.314127e-08
1490 3.834436e-08
1491 2.892694e-08
1492 1.798544e-08
1493 1.094575e-08
1494 5.939809e-09
1495 3.128506e-09
1496 1.687942e-09
1497 9.400083e-10
1498 0.000000e+00
1499 0.000000e+00
1500 1.109684e-04
1501 8.086786e-05
1502 6.035546e-05
1503 3.805236e-05
1504 2.321989e-05
1505 1.369104e-05
1506 8.324421e-06
1507 5.304277e-06
1508 3.565556e-06
1509 0.000000e+00
1510 0.000000e+00
1511 0.000000e+00
1512 0.000000e+00
1513 0.000000e+00
1514 0.000000e+00
1515 5.757601e-05
1516 4.644359e-05
1517 3.369791e-05
1518 2.528332e-05
1519 1.597668e-05
1520 9.754545e-06
1521 5.648866e-06
1522 3.364481e-06
1523 2.093966e-06
1524 1.379138e-06
1525 0.000000e+00
1526 0.000000e+00
1527 0.000000e+00
1528 0.000000e+00
1529 0.000000e+00
1530 4.047788e-05
1531 3.713775e-05
1532 2.882267e-05
1533 2.080348e-05
1534 1.566222e-05
1535 9.111532e-06
1536 5.625604e-06
1537 3.225263e-06
1538 1.896511e-06
1539 1.174730e-06
1540 0.000000e+00
1541 0.000000e+00
1542 0.000000e+00
1543 0.000000e+00
1544 0.000000e+00
1545 2.912801e-05
1546 2.891312e-05
1547 2.448503e-05
1548 1.793535e-05
1549 1.328396e-05
1550 9.154542e-06
1551 5.351144e-06
1552 3.053081e-06
1553 1.771954e-06
1554 1.042590e-06
1555 6.506122e-07
1556 0.000000e+00
1557 0.000000e+00
1558 0.000000e+00
1559 0.000000e+00
1560 2.085098e-05
1561 2.179680e-05
1562 1.983793e-05
1563 1.524768e-05
1564 1.100576e-05
1565 8.274949e-06
1566 4.689296e-06
1567 2.850415e-06
1568 1.602925e-06
1569 9.233707e-07
1570 5.506294e-07
1571 0.000000e+00
1572 0.000000e+00
1573 0.000000e+00
1574 0.000000e+00
1575 1.487210e-05
1576 1.614453e-05
1577 1.554949e-05
1578 1.266314e-05
1579 9.143013e-06
1580 6.883420e-06
1581 4.347301e-06
1582 2.655947e-06
1583 1.474901e-06
1584 8.112783e-07
1585 4.673052e-07
1586 2.832009e-07
1587 0.000000e+00
1588 0.000000e+00
1589 0.000000e+00
1590 1.001028e-05
1591 1.119728e-05
1592 1.128693e-05
1593 9.739022e-06
1594 7.195644e-06
1595 5.289411e-06
1596 3.755371e-06
1597 2.130464e-06
1598 1.202339e-06
1599 6.811759e-07
1600 3.783133e-07
1601 2.200058e-07
1602 0.000000e+00
1603 0.000000e+00
1604 0.000000e+00
1605 6.201116e-06
1606 7.118100e-06
1607 7.458527e-06
1608 6.801106e-06
1609 5.231433e-06
1610 3.775220e-06
1611 2.841823e-06
1612 1.597077e-06
1613 9.596537e-07
1614 5.242846e-07
1615 2.885232e-07
1616 1.606418e-07
1617 0.000000e+00
1618 0.000000e+00
1619 0.000000e+00
1620 3.163407e-06
1621 3.720115e-06
1622 4.038202e-06
1623 3.883392e-06
1624 3.154630e-06
1625 2.276770e-06
1626 1.716871e-06
1627 1.071974e-06
1628 6.518364e-07
1629 3.538249e-07
1630 1.861971e-07
1631 1.003484e-07
1632 5.578990e-08
1633 0.000000e+00
1634 0.000000e+00
1635 8.891198e-07
1636 1.072208e-06
1637 1.206146e-06
1638 1.224576e-06
1639 1.066696e-06
1640 7.933436e-07
1641 5.815894e-07
1642 4.169104e-07
1643 2.343421e-07
1644 1.314261e-07
1645 7.164692e-08
1646 3.730540e-08
1647 1.958823e-08
1648 0.000000e+00
1649 0.000000e+00
