0 2.248610e-09
1 1.461795e-09
2 9.194267e-10
3 5.790308e-10
4 3.721076e-10
5 2.448057e-10
6 1.627988e-10
7 1.069412e-10
8 6.778760e-11
9 4.073375e-11
10 2.297447e-11
11 1.214414e-11
12 6.056778e-12
13 2.882576e-12
14 1.325513e-12
15 3.796574e-09
16 2.525644e-09
17 1.605645e-09
18 1.000765e-09
19 6.327652e-10
20 4.097246e-10
21 2.710454e-10
22 1.797477e-10
23 1.165630e-10
24 7.231959e-11
25 4.227564e-11
26 2.314016e-11
27 1.188875e-11
28 5.787301e-12
29 2.702388e-12
30 4.350435e-09
31 2.913912e-09
32 1.862780e-09
33 1.159856e-09
34 7.303323e-10
35 4.703852e-10
36 3.101537e-10
37 2.058537e-10
38 1.341316e-10
39 8.388182e-11
40 4.952981e-11
41 2.740009e-11
42 1.421194e-11
43 6.971557e-12
44 3.272923e-12
45 4.658392e-09
46 3.129873e-09
47 2.005864e-09
48 1.248423e-09
49 7.846355e-10
50 5.041532e-10
51 3.319684e-10
52 2.203401e-10
53 1.438938e-10
54 9.030360e-11
55 5.355374e-11
56 2.975842e-11
57 1.550210e-11
58 7.629452e-12
59 3.590209e-12
60 4.863768e-09
61 3.274043e-09
62 2.101229e-09
63 1.307484e-09
64 8.208347e-10
65 5.267272e-10
66 3.465236e-10
67 2.300501e-10
68 1.503991e-10
69 9.459770e-11
70 5.625716e-11
71 3.134826e-11
72 1.636559e-11
73 8.072124e-12
74 3.804589e-12
75 5.018076e-09
76 3.381992e-09
77 2.172906e-09
78 1.351794e-09
79 8.480400e-10
80 5.436701e-10
81 3.574252e-10
82 2.373105e-10
83 1.553249e-10
84 9.784099e-11
85 5.827306e-11
86 3.253007e-11
87 1.701394e-11
88 8.399682e-12
89 3.962043e-12
90 5.143025e-09
91 3.469878e-09
92 2.231023e-09
93 1.388001e-09
94 8.701922e-10
95 5.573869e-10
96 3.663120e-10
97 2.432325e-10
98 1.593173e-10
99 1.004603e-10
100 5.992579e-11
101 3.349833e-11
102 1.754096e-11
103 8.668733e-12
104 4.091764e-12
105 5.253014e-09
106 3.546518e-09
107 2.282263e-09
108 1.419673e-09
109 8.895203e-10
110 5.694338e-10
111 3.740608e-10
112 2.484039e-10
113 1.627271e-10
114 1.027118e-10
115 6.133248e-11
116 3.433815e-11
117 1.800320e-11
118 8.904399e-12
119 4.202164e-12
120 5.357246e-09
121 3.620039e-09
122 2.330935e-09
123 1.449669e-09
124 9.079432e-10
125 5.808432e-10
126 3.813959e-10
127 2.533200e-10
128 1.660898e-10
129 1.049225e-10
130 6.273117e-11
131 3.514460e-11
132 1.843989e-11
133 9.127375e-12
134 4.313053e-12
135 5.476180e-09
136 3.703012e-09
137 2.386578e-09
138 1.484188e-09
139 9.290472e-10
140 5.940356e-10
141 3.899072e-10
142 2.589153e-10
143 1.698967e-10
144 1.074487e-10
145 6.430768e-11
146 3.607016e-11
147 1.894595e-11
148 9.383309e-12
149 4.436476e-12
150 7.895095e-09
151 5.435449e-09
152 3.570134e-09
153 2.229970e-09
154 1.382793e-09
155 8.717914e-10
156 5.653878e-10
157 3.741719e-10
158 2.473951e-10
159 1.592666e-10
160 9.767739e-11
161 5.629180e-11
162 3.033891e-11
163 1.535510e-11
164 7.376464e-12
165 9.971873e-09
166 6.951871e-09
167 4.631966e-09
168 2.923350e-09
169 1.803357e-09
170 1.127692e-09
171 7.234392e-10
172 4.756930e-10
173 3.149945e-10
174 2.046669e-10
175 1.274819e-10
176 7.488979e-11
177 4.117292e-11
178 2.121434e-11
179 1.033424e-11
180 1.118439e-08
181 7.841417e-09
182 5.255515e-09
183 3.333956e-09
184 2.053278e-09
185 1.279938e-09
186 8.169607e-10
187 5.355191e-10
188 3.546502e-10
189 2.312999e-10
190 1.449996e-10
191 8.585923e-11
192 4.760454e-11
193 2.471888e-11
194 1.211726e-11
195 1.199822e-08
196 8.439348e-09
197 5.675137e-09
198 3.610462e-09
199 2.221823e-09
200 1.382335e-09
201 8.798166e-10
202 5.758026e-10
203 3.813330e-10
204 2.492069e-10
205 1.567787e-10
206 9.324938e-11
207 5.194163e-11
208 2.708344e-11
209 1.332018e-11
210 1.260763e-08
211 8.887683e-09
212 5.990201e-09
213 3.816954e-09
214 2.347975e-09
215 1.459148e-09
216 9.270195e-10
217 6.059136e-10
218 4.012905e-10
219 2.626052e-10
220 1.655853e-10
221 9.878293e-11
222 5.518836e-11
223 2.884955e-11
224 1.422056e-11
225 1.310327e-08
226 9.250453e-09
227 6.244199e-09
228 3.985257e-09
229 2.449970e-09
230 1.521247e-09
231 9.651035e-10
232 6.303419e-10
233 4.174784e-10
234 2.734557e-10
235 1.727293e-10
236 1.032435e-10
237 5.780236e-11
238 3.027869e-11
239 1.494712e-11
240 1.353301e-08
241 9.566105e-09
242 6.466294e-09
243 4.131586e-09
244 2.539408e-09
245 1.575563e-09
246 9.983333e-10
247 6.515269e-10
248 4.316087e-10
249 2.829398e-10
250 1.789677e-10
251 1.071524e-10
252 6.010040e-11
253 3.153096e-11
254 1.557892e-11
255 1.394347e-08
256 9.867536e-09
257 6.678239e-09
258 4.271550e-09
259 2.624189e-09
260 1.627091e-09
261 1.030051e-09
262 6.717876e-10
263 4.450588e-10
264 2.919618e-10
265 1.849035e-10
266 1.108807e-10
267 6.228463e-11
268 3.271779e-11
269 1.618674e-11
270 1.441976e-08
271 1.021715e-08
272 6.923432e-09
273 4.432547e-09
274 2.722192e-09
275 1.687184e-09
276 1.067104e-09
277 6.954492e-10
278 4.606305e-10
279 3.024224e-10
280 1.918007e-10
281 1.152044e-10
282 6.481339e-11
283 3.409889e-11
284 1.688906e-11
285 1.362469e-08
286 9.691928e-09
287 6.582060e-09
288 4.246689e-09
289 2.616777e-09
290 1.620788e-09
291 1.021942e-09
292 6.630061e-10
293 4.374155e-10
294 2.866959e-10
295 1.820255e-10
296 1.097792e-10
297 6.216637e-11
298 3.295783e-11
299 1.644340e-11
300 1.603129e-08
301 1.153322e-08
302 7.903407e-09
303 5.157285e-09
304 3.189658e-09
305 1.965894e-09
306 1.229823e-09
307 7.917604e-10
308 5.204711e-10
309 3.419233e-10
310 2.188014e-10
311 1.335421e-10
312 7.670331e-11
313 4.125589e-11
314 2.084749e-11
315 1.767637e-08
316 1.279857e-08
317 8.813298e-09
318 5.786475e-09
319 3.587904e-09
320 2.204947e-09
321 1.374172e-09
322 8.809587e-10
323 5.778188e-10
324 3.799710e-10
325 2.441284e-10
326 1.499322e-10
327 8.675693e-11
328 4.701390e-11
329 2.391440e-11
330 1.891228e-08
331 1.374862e-08
332 9.493850e-09
333 6.255741e-09
334 3.885978e-09
335 2.384088e-09
336 1.482156e-09
337 9.477465e-10
338 6.208809e-10
339 4.084906e-10
340 2.630924e-10
341 1.622021e-10
342 9.428454e-11
343 5.132582e-11
344 2.621127e-11
345 1.991310e-08
346 1.451796e-08
347 1.004837e-08
348 6.639227e-09
349 4.127665e-09
350 2.529371e-09
351 1.569668e-09
352 1.001854e-09
353 6.556125e-10
354 4.315590e-10
355 2.784784e-10
356 1.721576e-10
357 1.003884e-10
358 5.482318e-11
359 2.807425e-11
360 2.078676e-08
361 1.518991e-08
362 1.053165e-08
363 6.971640e-09
364 4.338165e-09
365 2.656127e-09
366 1.645956e-09
367 1.049011e-09
368 6.859546e-10
369 4.517157e-10
370 2.918833e-10
371 1.808313e-10
372 1.057082e-10
373 5.786751e-11
374 2.969526e-11
375 2.161309e-08
376 1.582507e-08
377 1.098776e-08
378 7.287400e-09
379 4.537453e-09
380 2.776056e-09
381 1.718316e-09
382 1.093691e-09
383 7.147085e-10
384 4.708046e-10
385 3.046026e-10
386 1.890575e-10
387 1.107518e-10
388 6.075528e-11
389 3.123295e-11
390 2.257952e-08
391 1.656887e-08
392 1.152179e-08
393 7.656257e-09
394 4.771180e-09
395 2.917025e-09
396 1.803261e-09
397 1.146212e-09
398 7.483813e-10
399 4.931850e-10
400 3.194990e-10
401 1.986994e-10
402 1.166668e-10
403 6.413737e-11
404 3.303510e-11
405 1.965269e-08
406 1.439906e-08
407 9.991051e-09
408 6.622634e-09
409 4.144097e-09
410 2.537797e-09
411 1.573840e-09
412 1.000829e-09
413 6.525001e-10
414 4.285816e-10
415 2.765082e-10
416 1.713060e-10
417 1.003183e-10
418 5.510497e-11
419 2.840215e-11
420 2.230505e-08
421 1.653189e-08
422 1.155989e-08
423 7.726485e-09
424 4.876058e-09
425 2.977491e-09
426 1.838657e-09
427 1.160559e-09
428 7.524004e-10
429 4.935908e-10
430 3.196486e-10
431 1.996011e-10
432 1.181403e-10
433 6.567067e-11
434 3.424034e-11
435 2.430061e-08
436 1.814328e-08
437 1.274363e-08
438 8.562188e-09
439 5.430183e-09
440 3.310750e-09
441 2.039805e-09
442 1.281577e-09
443 8.281861e-10
444 5.428170e-10
445 3.522998e-10
446 2.210168e-10
447 1.316371e-10
448 7.368293e-11
449 3.867399e-11
450 2.592846e-08
451 1.944932e-08
452 1.370654e-08
453 9.240376e-09
454 5.879266e-09
455 3.581534e-09
456 2.202487e-09
457 1.379752e-09
458 8.893518e-10
459 5.826853e-10
460 3.787469e-10
461 2.383640e-10
462 1.425702e-10
463 8.016999e-11
464 4.226314e-11
465 2.734210e-08
466 2.059022e-08
467 1.454621e-08
468 9.829868e-09
469 6.271109e-09
470 3.817597e-09
471 2.344234e-09
472 1.465246e-09
473 9.429199e-10
474 6.174856e-10
475 4.018242e-10
476 2.535011e-10
477 1.521110e-10
478 8.583336e-11
479 4.539659e-11
480 2.868002e-08
481 2.166455e-08
482 1.533927e-08
483 1.038771e-08
484 6.641933e-09
485 4.040409e-09
486 2.478634e-09
487 1.545991e-09
488 9.934330e-10
489 6.503503e-10
490 4.236530e-10
491 2.678171e-10
492 1.611304e-10
493 9.117977e-11
494 4.835320e-11
495 3.024599e-08
496 2.292482e-08
497 1.626612e-08
498 1.104129e-08
499 7.075052e-09
500 4.301112e-09
501 2.635598e-09
502 1.640669e-09
503 1.052579e-09
504 6.888150e-10
505 4.491594e-10
506 2.845297e-10
507 1.716743e-10
508 9.744142e-11
509 5.181738e-11
510 2.599459e-08
511 1.959949e-08
512 1.386411e-08
513 9.364356e-09
514 5.991136e-09
515 3.658354e-09
516 2.247704e-09
517 1.403845e-09
518 9.018155e-10
519 5.892017e-10
520 3.826221e-10
521 2.410752e-10
522 1.446397e-10
523 8.172116e-11
524 4.333158e-11
525 2.889846e-08
526 2.203902e-08
527 1.571229e-08
528 1.068307e-08
529 6.893835e-09
530 4.215921e-09
531 2.581678e-09
532 1.601879e-09
533 1.023018e-09
534 6.662107e-10
535 4.331070e-10
536 2.742890e-10
537 1.659173e-10
538 9.468375e-11
539 5.073249e-11
540 3.125614e-08
541 2.401933e-08
542 1.721210e-08
543 1.175483e-08
544 7.626449e-09
545 4.669644e-09
546 2.852344e-09
547 1.762714e-09
548 1.121115e-09
549 7.286920e-10
550 4.740700e-10
551 3.012412e-10
552 1.831850e-10
553 1.052038e-10
554 5.673963e-11
555 3.330865e-08
556 2.574397e-08
557 1.852015e-08
558 1.268629e-08
559 8.264414e-09
560 5.063435e-09
561 3.088093e-09
562 1.902740e-09
563 1.206726e-09
564 7.830874e-10
565 5.097300e-10
566 3.247059e-10
567 1.982186e-10
568 1.143619e-10
569 6.196798e-11
570 3.525510e-08
571 2.737995e-08
572 1.976080e-08
573 1.357104e-08
574 8.870586e-09
575 5.437945e-09
576 3.311935e-09
577 2.035539e-09
578 1.287922e-09
579 8.347306e-10
580 5.436006e-10
581 3.469906e-10
582 2.124950e-10
583 1.230595e-10
584 6.693395e-11
585 3.753601e-08
586 2.929176e-08
587 2.120992e-08
588 1.460399e-08
589 9.576062e-09
590 5.874260e-09
591 3.572877e-09
592 2.190299e-09
593 1.382522e-09
594 8.948737e-10
595 5.830415e-10
596 3.729494e-10
597 2.291279e-10
598 1.331912e-10
599 7.271794e-11
600 3.276170e-08
601 2.539053e-08
602 1.831853e-08
603 1.256299e-08
604 8.201353e-09
605 5.048029e-09
606 3.075833e-09
607 1.894157e-09
608 1.198712e-09
609 7.759410e-10
610 5.041269e-10
611 3.209068e-10
612 1.960309e-10
613 1.133351e-10
614 6.161664e-11
615 3.598858e-08
616 2.820791e-08
617 2.052349e-08
618 1.416044e-08
619 9.314094e-09
620 5.762906e-09
621 3.499459e-09
622 2.145444e-09
623 1.349146e-09
624 8.694011e-10
625 5.643524e-10
626 3.603497e-10
627 2.215174e-10
628 1.291636e-10
629 7.089688e-11
630 3.879447e-08
631 3.065728e-08
632 2.244129e-08
633 1.554559e-08
634 1.028012e-08
635 6.382696e-09
636 3.866745e-09
637 2.363269e-09
638 1.479795e-09
639 9.504645e-10
640 6.166225e-10
641 3.945984e-10
642 2.436524e-10
643 1.429089e-10
644 7.895252e-11
645 4.145225e-08
646 3.297741e-08
647 2.425729e-08
648 1.686004e-08
649 1.119549e-08
650 6.970138e-09
651 4.214447e-09
652 2.569835e-09
653 1.603429e-09
654 1.027264e-09
655 6.661574e-10
656 4.270561e-10
657 2.646285e-10
658 1.559342e-10
659 8.658473e-11
660 4.456431e-08
661 3.568717e-08
662 2.637841e-08
663 1.839296e-08
664 1.226253e-08
665 7.655264e-09
666 4.620357e-09
667 2.810357e-09
668 1.747577e-09
669 1.116845e-09
670 7.239131e-10
671 4.649047e-10
672 2.890931e-10
673 1.711250e-10
674 9.548659e-11
675 4.017257e-08
676 3.197670e-08
677 2.356185e-08
678 1.639284e-08
679 1.088631e-08
680 6.803571e-09
681 4.117797e-09
682 2.513154e-09
683 1.565951e-09
684 1.001272e-09
685 6.478998e-10
686 4.146009e-10
687 2.566681e-10
688 1.512632e-10
689 8.411015e-11
690 4.389527e-08
691 3.533842e-08
692 2.629039e-08
693 1.840220e-08
694 1.230297e-08
695 7.744910e-09
696 4.679403e-09
697 2.847288e-09
698 1.762558e-09
699 1.120403e-09
700 7.230932e-10
701 4.633422e-10
702 2.882267e-10
703 1.711244e-10
704 9.600427e-11
705 4.739880e-08
706 3.851056e-08
707 2.885418e-08
708 2.029397e-08
709 1.363482e-08
710 8.629429e-09
711 5.205907e-09
712 3.160396e-09
713 1.946915e-09
714 1.232210e-09
715 7.937800e-10
716 5.091893e-10
717 3.179234e-10
718 1.898130e-10
719 1.071947e-10
720 5.150032e-08
721 4.221696e-08
722 3.184310e-08
723 2.249838e-08
724 1.518645e-08
725 9.660684e-09
726 5.819903e-09
727 3.525882e-09
728 2.161745e-09
729 1.362639e-09
730 8.761377e-10
731 5.626183e-10
732 3.525364e-10
733 2.115941e-10
734 1.202371e-10
735 4.867500e-08
736 3.979979e-08
737 3.001595e-08
738 2.121385e-08
739 1.430202e-08
740 9.107066e-09
741 5.508606e-09
742 3.338965e-09
743 2.048336e-09
744 1.290540e-09
745 8.282362e-10
746 5.305075e-10
747 3.315684e-10
748 1.986080e-10
749 1.127410e-10
750 5.326307e-08
751 4.409184e-08
752 3.362139e-08
753 2.393774e-08
754 1.624039e-08
755 1.042937e-08
756 6.317407e-09
757 3.817417e-09
758 2.326501e-09
759 1.455939e-09
760 9.301863e-10
761 5.954761e-10
762 3.734364e-10
763 2.251565e-10
764 1.289263e-10
765 5.859932e-08
766 4.907940e-08
767 3.778922e-08
768 2.708581e-08
769 1.848069e-08
770 1.195767e-08
771 7.250863e-09
772 4.369955e-09
773 2.647090e-09
774 1.646805e-09
775 1.047937e-09
776 6.706209e-10
777 4.219017e-10
778 2.558952e-10
779 1.476623e-10
780 5.923721e-08
781 4.985951e-08
782 3.863398e-08
783 2.783990e-08
784 1.905316e-08
785 1.238344e-08
786 7.556565e-09
787 4.544389e-09
788 2.748150e-09
789 1.702156e-09
790 1.078239e-09
791 6.877776e-10
792 4.322557e-10
793 2.625060e-10
794 1.519867e-10
795 6.628071e-08
796 5.667311e-08
797 4.456682e-08
798 3.247397e-08
799 2.239996e-08
800 1.471009e-08
801 9.039176e-09
802 5.413501e-09
803 3.253137e-09
804 1.996228e-09
805 1.254613e-09
806 7.974596e-10
807 5.020153e-10
808 3.067620e-10
809 1.793196e-10
810 7.612624e-08
811 6.656674e-08
812 5.360234e-08
813 3.984881e-08
814 2.785966e-08
815 1.856273e-08
816 1.160910e-08
817 6.934158e-09
818 4.143325e-09
819 2.503454e-09
820 1.548541e-09
821 9.737851e-10
822 6.111971e-10
823 3.752777e-10
824 2.218717e-10
825 5.054587e-07
826 3.691903e-07
827 2.735626e-07
828 1.702858e-07
829 1.037366e-07
830 6.145549e-08
831 3.752493e-08
832 2.407362e-08
833 1.625090e-08
834 0.000000e+00
835 0.000000e+00
836 0.000000e+00
837 0.000000e+00
838 0.000000e+00
839 0.000000e+00
840 7.606984e-07
841 5.557582e-07
842 4.122509e-07
843 2.595420e-07
844 1.577258e-07
845 9.332358e-08
846 5.687686e-08
847 3.635380e-08
848 2.447370e-08
849 0.000000e+00
850 0.000000e+00
851 0.000000e+00
852 0.000000e+00
853 0.000000e+00
854 0.000000e+00
855 9.034708e-07
856 6.601393e-07
857 4.898344e-07
858 3.095543e-07
859 1.879543e-07
860 1.111685e-07
861 6.771198e-08
862 4.322638e-08
863 2.907417e-08
864 0.000000e+00
865 0.000000e+00
866 0.000000e+00
867 0.000000e+00
868 0.000000e+00
869 0.000000e+00
870 9.993278e-07
871 7.302182e-07
872 5.419243e-07
873 3.431341e-07
874 2.082519e-07
875 1.231503e-07
876 7.498702e-08
877 4.784112e-08
878 3.216291e-08
879 0.000000e+00
880 0.000000e+00
881 0.000000e+00
882 0.000000e+00
883 0.000000e+00
884 0.000000e+00
885 1.071193e-06
886 7.827614e-07
887 5.809742e-07
888 3.683088e-07
889 2.234694e-07
890 1.321335e-07
891 8.044121e-08
892 5.130076e-08
893 3.447879e-08
894 0.000000e+00
895 0.000000e+00
896 0.000000e+00
897 0.000000e+00
898 0.000000e+00
899 0.000000e+00
900 1.129439e-06
901 8.253442e-07
902 6.126261e-07
903 3.887123e-07
904 2.358020e-07
905 1.394142e-07
906 8.486152e-08
907 5.410480e-08
908 3.635564e-08
909 0.000000e+00
910 0.000000e+00
911 0.000000e+00
912 0.000000e+00
913 0.000000e+00
914 0.000000e+00
915 1.180268e-06
916 8.625041e-07
917 6.402459e-07
918 4.065191e-07
919 2.465652e-07
920 1.457672e-07
921 8.871918e-08
922 5.655163e-08
923 3.799350e-08
924 0.000000e+00
925 0.000000e+00
926 0.000000e+00
927 0.000000e+00
928 0.000000e+00
929 0.000000e+00
930 1.228460e-06
931 8.977376e-07
932 6.664337e-07
933 4.234011e-07
934 2.567693e-07
935 1.517905e-07
936 9.237652e-08
937 5.887147e-08
938 3.954628e-08
939 0.000000e+00
940 0.000000e+00
941 0.000000e+00
942 0.000000e+00
943 0.000000e+00
944 0.000000e+00
945 1.284683e-06
946 9.388454e-07
947 6.969857e-07
948 4.430983e-07
949 2.686743e-07
950 1.588185e-07
951 9.664394e-08
952 6.157795e-08
953 4.135810e-08
954 0.000000e+00
955 0.000000e+00
956 0.000000e+00
957 0.000000e+00
958 0.000000e+00
959 0.000000e+00
960 3.370538e-07
961 2.684311e-07
962 1.947200e-07
963 1.460262e-07
964 9.034246e-08
965 5.530254e-08
966 3.214424e-08
967 1.922060e-08
968 1.204543e-08
969 7.975067e-09
970 0.000000e+00
971 0.000000e+00
972 0.000000e+00
973 0.000000e+00
974 0.000000e+00
975 5.201618e-07
976 4.171036e-07
977 3.028532e-07
978 2.269057e-07
979 1.422070e-07
980 8.670784e-08
981 5.036241e-08
982 3.007393e-08
983 1.877892e-08
984 1.239685e-08
985 0.000000e+00
986 0.000000e+00
987 0.000000e+00
988 0.000000e+00
989 0.000000e+00
990 6.448120e-07
991 5.183992e-07
992 3.765467e-07
993 2.820115e-07
994 1.775998e-07
995 1.081223e-07
996 6.278598e-08
997 3.747520e-08
998 2.336911e-08
999 1.541004e-08
1000 0.000000e+00
1001 0.000000e+00
1002 0.000000e+00
1003 0.000000e+00
1004 0.000000e+00
1005 7.382357e-07
1006 5.943126e-07
1007 4.317715e-07
1008 3.233096e-07
1009 2.041234e-07
1010 1.241698e-07
1011 7.209649e-08
1012 4.302199e-08
1013 2.680897e-08
1014 1.766814e-08
1015 0.000000e+00
1016 0.000000e+00
1017 0.000000e+00
1018 0.000000e+00
1019 0.000000e+00
1020 8.139596e-07
1021 6.558390e-07
1022 4.765327e-07
1023 3.567807e-07
1024 2.256220e-07
1025 1.371778e-07
1026 7.964314e-08
1027 4.751755e-08
1028 2.959718e-08
1029 1.949827e-08
1030 0.000000e+00
1031 0.000000e+00
1032 0.000000e+00
1033 0.000000e+00
1034 0.000000e+00
1035 8.800254e-07
1036 7.095243e-07
1037 5.155916e-07
1038 3.859857e-07
1039 2.443794e-07
1040 1.485270e-07
1041 8.622743e-08
1042 5.144028e-08
1043 3.202995e-08
1044 2.109535e-08
1045 0.000000e+00
1046 0.000000e+00
1047 0.000000e+00
1048 0.000000e+00
1049 0.000000e+00
1050 9.426736e-07
1051 7.604327e-07
1052 5.526249e-07
1053 4.136780e-07
1054 2.621647e-07
1055 1.592896e-07
1056 9.247120e-08
1057 5.515972e-08
1058 3.433673e-08
1059 2.260959e-08
1060 0.000000e+00
1061 0.000000e+00
1062 0.000000e+00
1063 0.000000e+00
1064 0.000000e+00
1065 1.015768e-06
1066 8.198310e-07
1067 5.958365e-07
1068 4.459927e-07
1069 2.829175e-07
1070 1.718473e-07
1071 9.975607e-08
1072 5.949995e-08
1073 3.702828e-08
1074 2.437647e-08
1075 0.000000e+00
1076 0.000000e+00
1077 0.000000e+00
1078 0.000000e+00
1079 0.000000e+00
1080 1.976700e-07
1081 1.797564e-07
1082 1.384758e-07
1083 1.001405e-07
1084 7.503777e-08
1085 4.336923e-08
1086 2.657964e-08
1087 1.532578e-08
1088 9.063452e-09
1089 5.639002e-09
1090 0.000000e+00
1091 0.000000e+00
1092 0.000000e+00
1093 0.000000e+00
1094 0.000000e+00
1095 3.302960e-07
1096 3.017214e-07
1097 2.334074e-07
1098 1.686838e-07
1099 1.265880e-07
1100 7.358360e-08
1101 4.521769e-08
1102 2.600929e-08
1103 1.532554e-08
1104 9.512747e-09
1105 0.000000e+00
1106 0.000000e+00
1107 0.000000e+00
1108 0.000000e+00
1109 0.000000e+00
1110 4.306280e-07
1111 3.940342e-07
1112 3.052903e-07
1113 2.205836e-07
1114 1.656231e-07
1115 9.648066e-08
1116 5.934314e-08
1117 3.410487e-08
1118 2.006900e-08
1119 1.244630e-08
1120 0.000000e+00
1121 0.000000e+00
1122 0.000000e+00
1123 0.000000e+00
1124 0.000000e+00
1125 5.118675e-07
1126 4.687719e-07
1127 3.634880e-07
1128 2.626035e-07
1129 1.972257e-07
1130 1.150174e-07
1131 7.077884e-08
1132 4.065897e-08
1133 2.390921e-08
1134 1.482137e-08
1135 0.000000e+00
1136 0.000000e+00
1137 0.000000e+00
1138 0.000000e+00
1139 0.000000e+00
1140 5.827486e-07
1141 5.339873e-07
1142 4.142683e-07
1143 2.992682e-07
1144 2.248018e-07
1145 1.311919e-07
1146 8.075741e-08
1147 4.637790e-08
1148 2.726008e-08
1149 1.689370e-08
1150 0.000000e+00
1151 0.000000e+00
1152 0.000000e+00
1153 0.000000e+00
1154 0.000000e+00
1155 6.499630e-07
1156 5.958254e-07
1157 4.624212e-07
1158 3.340351e-07
1159 2.509506e-07
1160 1.465295e-07
1161 9.021925e-08
1162 5.180077e-08
1163 3.043750e-08
1164 1.885873e-08
1165 0.000000e+00
1166 0.000000e+00
1167 0.000000e+00
1168 0.000000e+00
1169 0.000000e+00
1170 7.283846e-07
1171 6.679733e-07
1172 5.186008e-07
1173 3.745984e-07
1174 2.814577e-07
1175 1.644239e-07
1176 1.012585e-07
1177 5.812754e-08
1178 3.414473e-08
1179 2.115149e-08
1180 0.000000e+00
1181 0.000000e+00
1182 0.000000e+00
1183 0.000000e+00
1184 0.000000e+00
1185 1.305692e-07
1186 1.288592e-07
1187 1.083354e-07
1188 7.912875e-08
1189 5.879008e-08
1190 3.994050e-08
1191 2.357640e-08
1192 1.343143e-08
1193 7.764141e-09
1194 4.588496e-09
1195 2.874611e-09
1196 0.000000e+00
1197 0.000000e+00
1198 0.000000e+00
1199 0.000000e+00
1200 2.309605e-07
1201 2.286267e-07
1202 1.929805e-07
1203 1.412173e-07
1204 1.047360e-07
1205 7.169033e-08
1206 4.209447e-08
1207 2.401720e-08
1208 1.390324e-08
1209 8.200926e-09
1210 5.126424e-09
1211 0.000000e+00
1212 0.000000e+00
1213 0.000000e+00
1214 0.000000e+00
1215 3.123230e-07
1216 3.095003e-07
1217 2.616146e-07
1218 1.915692e-07
1219 1.419925e-07
1220 9.744466e-08
1221 5.711207e-08
1222 3.260329e-08
1223 1.888241e-08
1224 1.113063e-08
1225 6.952515e-09
1226 0.000000e+00
1227 0.000000e+00
1228 0.000000e+00
1229 0.000000e+00
1230 3.831935e-07
1231 3.799432e-07
1232 3.213903e-07
1233 2.354215e-07
1234 1.744400e-07
1235 1.198757e-07
1236 7.019122e-08
1237 4.008120e-08
1238 2.321897e-08
1239 1.368230e-08
1240 8.542871e-09
1241 0.000000e+00
1242 0.000000e+00
1243 0.000000e+00
1244 0.000000e+00
1245 4.503977e-07
1246 4.467362e-07
1247 3.780737e-07
1248 2.770046e-07
1249 2.052095e-07
1250 1.411454e-07
1251 8.259382e-08
1252 4.717229e-08
1253 2.733118e-08
1254 1.610194e-08
1255 1.005098e-08
1256 0.000000e+00
1257 0.000000e+00
1258 0.000000e+00
1259 0.000000e+00
1260 5.288015e-07
1261 5.246659e-07
1262 4.442070e-07
1263 3.255223e-07
1264 2.411084e-07
1265 1.659601e-07
1266 9.706421e-08
1267 5.544503e-08
1268 3.212871e-08
1269 1.892488e-08
1270 1.181051e-08
1271 0.000000e+00
1272 0.000000e+00
1273 0.000000e+00
1274 0.000000e+00
1275 9.320676e-08
1276 9.702850e-08
1277 8.777624e-08
1278 6.713237e-08
1279 4.852927e-08
1280 3.634566e-08
1281 2.052931e-08
1282 1.239375e-08
1283 7.004559e-09
1284 4.046907e-09
1285 2.423281e-09
1286 0.000000e+00
1287 0.000000e+00
1288 0.000000e+00
1289 0.000000e+00
1290 1.733701e-07
1291 1.808978e-07
1292 1.642136e-07
1293 1.259741e-07
1294 9.100170e-08
1295 6.827228e-08
1296 3.868707e-08
1297 2.344080e-08
1298 1.321500e-08
1299 7.614273e-09
1300 4.549428e-09
1301 0.000000e+00
1302 0.000000e+00
1303 0.000000e+00
1304 0.000000e+00
1305 2.424634e-07
1306 2.531893e-07
1307 2.301013e-07
1308 1.766982e-07
1309 1.276148e-07
1310 9.579445e-08
1311 5.434249e-08
1312 3.296555e-08
1313 1.856967e-08
1314 1.068970e-08
1315 6.382326e-09
1316 0.000000e+00
1317 0.000000e+00
1318 0.000000e+00
1319 0.000000e+00
1320 3.078577e-07
1321 3.216065e-07
1322 2.924568e-07
1323 2.247029e-07
1324 1.622652e-07
1325 1.218404e-07
1326 6.915697e-08
1327 4.197839e-08
1328 2.363663e-08
1329 1.359998e-08
1330 8.116900e-09
1331 0.000000e+00
1332 0.000000e+00
1333 0.000000e+00
1334 0.000000e+00
1335 3.841561e-07
1336 4.014323e-07
1337 3.652105e-07
1338 2.807097e-07
1339 2.026908e-07
1340 1.522281e-07
1341 8.644124e-08
1342 5.249408e-08
1343 2.954836e-08
1344 1.699550e-08
1345 1.014064e-08
1346 0.000000e+00
1347 0.000000e+00
1348 0.000000e+00
1349 0.000000e+00
1350 7.085473e-08
1351 7.667597e-08
1352 7.350011e-08
1353 5.953709e-08
1354 4.294773e-08
1355 3.238167e-08
1356 2.020758e-08
1357 1.239526e-08
1358 6.881271e-09
1359 3.788740e-09
1360 2.190507e-09
1361 1.332582e-09
1362 0.000000e+00
1363 0.000000e+00
1364 0.000000e+00
1365 1.384044e-07
1366 1.500571e-07
1367 1.442575e-07
1368 1.172514e-07
1369 8.464446e-08
1370 6.374897e-08
1371 4.009399e-08
1372 2.450987e-08
1373 1.360997e-08
1374 7.498054e-09
1375 4.323644e-09
1376 2.623625e-09
1377 0.000000e+00
1378 0.000000e+00
1379 0.000000e+00
1380 2.010031e-07
1381 2.180563e-07
1382 2.098198e-07
1383 1.707216e-07
1384 1.232755e-07
1385 9.281020e-08
1386 5.851418e-08
1387 3.573215e-08
1388 1.984300e-08
1389 1.093430e-08
1390 6.299815e-09
1391 3.819753e-09
1392 0.000000e+00
1393 0.000000e+00
1394 0.000000e+00
1395 2.739546e-07
1396 2.973002e-07
1397 2.862206e-07
1398 2.330303e-07
1399 1.682909e-07
1400 1.266749e-07
1401 7.997821e-08
1402 4.880901e-08
1403 2.710609e-08
1404 1.493828e-08
1405 8.602574e-09
1406 5.213599e-09
1407 0.000000e+00
1408 0.000000e+00
1409 0.000000e+00
1410 5.745924e-08
1411 6.411286e-08
1412 6.438383e-08
1413 5.527505e-08
1414 4.073048e-08
1415 3.000613e-08
1416 2.112144e-08
1417 1.205772e-08
1418 6.785503e-09
1419 3.839861e-09
1420 2.136045e-09
1421 1.246206e-09
1422 0.000000e+00
1423 0.000000e+00
1424 0.000000e+00
1425 1.179035e-07
1426 1.317736e-07
1427 1.326642e-07
1428 1.142918e-07
1429 8.438811e-08
1430 6.207630e-08
1431 4.394099e-08
1432 2.498797e-08
1433 1.409828e-08
1434 7.976384e-09
1435 4.434389e-09
1436 2.581049e-09
1437 0.000000e+00
1438 0.000000e+00
1439 0.000000e+00
1440 1.864659e-07
1441 2.085133e-07
1442 2.100928e-07
1443 1.811975e-07
1444 1.338744e-07
1445 9.843172e-08
1446 6.979941e-08
1447 3.964442e-08
1448 2.238585e-08
1449 1.266432e-08
1450 7.039246e-09
1451 4.094128e-09
1452 0.000000e+00
1453 0.000000e+00
1454 0.000000e+00
1455 5.029676e-08
1456 5.762798e-08
1457 6.021963e-08
1458 5.469249e-08
1459 4.192693e-08
1460 3.028433e-08
1461 2.274239e-08
1462 1.274400e-08
1463 7.618995e-09
1464 4.175372e-09
1465 2.302682e-09
1466 1.286096e-09
1467 0.000000e+00
1468 0.000000e+00
1469 0.000000e+00
1470 1.144179e-07
1471 1.312911e-07
1472 1.374999e-07
1473 1.252945e-07
1474 9.633679e-08
1475 6.954047e-08
1476 5.230431e-08
1477 2.941254e-08
1478 1.765422e-08
1479 9.654102e-09
1480 5.309431e-09
1481 2.958521e-09
1482 0.000000e+00
1483 0.000000e+00
1484 0.000000e+00
1485 5.322460e-08
1486 6.253680e-08
1487 6.779987e-08
1488 6.507865e-08
1489 5.275636e-08
1490 3.806487e-08
1491 2.871797e-08
1492 1.784758e-08
1493 1.086401e-08
1494 5.895267e-09
1495 3.104753e-09
1496 1.675388e-09
1497 9.331816e-10
1498 0.000000e+00
1499 0.000000e+00
1500 1.109684e-04
1501 8.086786e-05
1502 6.035546e-05
1503 3.805236e-05
1504 2.321989e-05
1505 1.369104e-05
1506 8.324421e-06
1507 5.304277e-06
1508 3.565556e-06
1509 0.000000e+00
1510 0.000000e+00
1511 0.000000e+00
1512 0.000000e+00
1513 0.000000e+00
1514 0.000000e+00
1515 5.757601e-05
1516 4.644359e-05
1517 3.369791e-05
1518 2.528332e-05
1519 1.597668e-05
1520 9.754545e-06
1521 5.648866e-06
1522 3.364481e-06
1523 2.093966e-06
1524 1.379138e-06
1525 0.000000e+00
1526 0.000000e+00
1527 0.000000e+00
1528 0.000000e+00
1529 0.000000e+00
1530 4.047788e-05
1531 3.713775e-05
1532 2.882267e-05
1533 2.080348e-05
1534 1.566222e-05
1535 9.111532e-06
1536 5.625604e-06
1537 3.225263e-06
1538 1.896511e-06
1539 1.174730e-06
1540 0.000000e+00
1541 0.000000e+00
1542 0.000000e+00
1543 0.000000e+00
1544 0.000000e+00
1545 2.912801e-05
1546 2.891312e-05
1547 2.448503e-05
1548 1.793535e-05
1549 1.328396e-05
1550 9.154542e-06
1551 5.351144e-06
1552 3.053081e-06
1553 1.771954e-06
1554 1.042590e-06
1555 6.506122e-07
1556 0.000000e+00
1557 0.000000e+00
1558 0.000000e+00
1559 0.000000e+00
1560 2.085098e-05
1561 2.179680e-05
1562 1.983793e-05
1563 1.524768e-05
1564 1.100576e-05
1565 8.274949e-06
1566 4.689296e-06
1567 2.850415e-06
1568 1.602925e-06
1569 9.233707e-07
1570 5.506294e-07
1571 0.000000e+00
1572 0.000000e+00
1573 0.000000e+00
1574 0.000000e+00
1575 1.487210e-05
1576 1.614453e-05
1577 1.554949e-05
1578 1.266314e-05
1579 9.143013e-06
1580 6.883420e-06
1581 4.347301e-06
1582 2.655947e-06
1583 1.474901e-06
1584 8.112783e-07
1585 4.673052e-07
1586 2.832009e-07
1587 0.000000e+00
1588 0.000000e+00
1589 0.000000e+00
1590 1.001028e-05
1591 1.119728e-05
1592 1.128693e-05
1593 9.739022e-06
1594 7.195644e-06
1595 5.289411e-06
1596 3.755371e-06
1597 2.130464e-06
1598 1.202339e-06
1599 6.811759e-07
1600 3.783133e-07
1601 2.200058e-07
1602 0.000000e+00
1603 0.000000e+00
1604 0.000000e+00
1605 6.201116e-06
1606 7.118100e-06
1607 7.458527e-06
1608 6.801106e-06
1609 5.231433e-06
1610 3.775220e-06
1611 2.841823e-06
1612 1.597077e-06
1613 9.596537e-07
1614 5.242846e-07
1615 2.885232e-07
1616 1.606418e-07
1617 0.000000e+00
1618 0.000000e+00
1619 0.000000e+00
1620 3.163407e-06
1621 3.720115e-06
1622 4.038202e-06
1623 3.883392e-06
1624 3.154630e-06
1625 2.276770e-06
1626 1.716871e-06
1627 1.071974e-06
1628 6.518364e-07
1629 3.538249e-07
1630 1.861971e-07
1631 1.003484e-07
1632 5.578990e-08
1633 0.000000e+00
1634 0.000000e+00
1635 8.891198e-07
1636 1.072208e-06
1637 1.206146e-06
1638 1.224576e-06
1639 1.066696e-06
1640 7.933436e-07
1641 5.815894e-07
1642 4.169104e-07
1643 2.343421e-07
1644 1.314261e-07
1645 7.164692e-08
1646 3.730540e-08
1647 1.958823e-08
1648 0.000000e+00
1649 0.000000e+00
