0 2.246611e-09
1 1.460575e-09
2 9.186875e-10
3 5.786152e-10
4 3.718638e-10
5 2.446237e-10
6 1.626474e-10
7 1.068427e-10
8 6.771968e-11
9 4.069344e-11
10 2.295627e-11
11 1.213599e-11
12 6.053458e-12
13 2.881329e-12
14 1.324882e-12
15 3.822986e-09
16 2.543554e-09
17 1.617255e-09
18 1.008110e-09
19 6.373985e-10
20 4.127224e-10
21 2.729695e-10
22 1.810084e-10
23 1.173873e-10
24 7.283464e-11
25 4.258481e-11
26 2.331515e-11
27 1.198242e-11
28 5.834217e-12
29 2.724899e-12
30 4.355339e-09
31 2.917683e-09
32 1.865520e-09
33 1.161968e-09
34 7.315358e-10
35 4.711107e-10
36 3.105953e-10
37 2.061044e-10
38 1.342982e-10
39 8.399616e-11
40 4.960738e-11
41 2.745337e-11
42 1.424601e-11
43 6.990008e-12
44 3.283213e-12
45 4.663414e-09
46 3.133898e-09
47 2.008989e-09
48 1.250677e-09
49 7.859736e-10
50 5.049420e-10
51 3.324031e-10
52 2.206058e-10
53 1.440677e-10
54 9.042585e-11
55 5.364071e-11
56 2.982152e-11
57 1.554116e-11
58 7.652524e-12
59 3.602943e-12
60 4.870013e-09
61 3.279005e-09
62 2.105122e-09
63 1.310279e-09
64 8.225322e-10
65 5.277152e-10
66 3.470807e-10
67 2.303798e-10
68 1.506215e-10
69 9.474840e-11
70 5.636295e-11
71 3.141792e-11
72 1.641540e-11
73 8.098511e-12
74 3.818921e-12
75 5.024858e-09
76 3.387513e-09
77 2.177080e-09
78 1.355045e-09
79 8.499085e-10
80 5.447497e-10
81 3.580553e-10
82 2.376837e-10
83 1.555650e-10
84 9.800575e-11
85 5.839279e-11
86 3.261466e-11
87 1.706667e-11
88 8.430688e-12
89 3.978989e-12
90 5.150923e-09
91 3.475786e-09
92 2.235692e-09
93 1.391398e-09
94 8.722336e-10
95 5.586067e-10
96 3.669959e-10
97 2.436442e-10
98 1.595786e-10
99 1.006519e-10
100 6.005542e-11
101 3.358840e-11
102 1.759894e-11
103 8.702630e-12
104 4.109972e-12
105 5.261322e-09
106 3.553188e-09
107 2.287394e-09
108 1.423345e-09
109 8.917413e-10
110 5.707440e-10
111 3.748112e-10
112 2.488551e-10
113 1.630120e-10
114 1.029473e-10
115 6.150011e-11
116 3.445689e-11
117 1.807658e-11
118 8.946588e-12
119 4.224418e-12
120 5.365907e-09
121 3.626956e-09
122 2.336315e-09
123 1.453556e-09
124 9.102698e-10
125 5.822350e-10
126 3.821895e-10
127 2.537917e-10
128 1.663910e-10
129 1.051294e-10
130 6.287879e-11
131 3.524735e-11
132 1.850644e-11
133 9.165899e-12
134 4.333703e-12
135 5.485643e-09
136 3.710510e-09
137 2.392332e-09
138 1.488390e-09
139 9.315776e-10
140 5.954977e-10
141 3.907697e-10
142 2.594259e-10
143 1.702256e-10
144 1.076754e-10
145 6.446725e-11
146 3.618063e-11
147 1.901684e-11
148 9.426898e-12
149 4.458729e-12
150 8.007915e-09
151 5.513841e-09
152 3.621956e-09
153 2.262834e-09
154 1.403129e-09
155 8.845995e-10
156 5.736387e-10
157 3.795786e-10
158 2.509602e-10
159 1.615648e-10
160 9.909795e-11
161 5.711963e-11
162 3.079205e-11
163 1.558870e-11
164 7.490360e-12
165 1.005577e-08
166 7.011844e-09
167 4.672075e-09
168 2.949408e-09
169 1.819640e-09
170 1.137808e-09
171 7.298149e-10
172 4.798098e-10
173 3.176929e-10
174 2.064137e-10
175 1.285863e-10
176 7.555403e-11
177 4.155157e-11
178 2.141745e-11
179 1.043767e-11
180 1.128020e-08
181 7.911122e-09
182 5.303342e-09
183 3.365835e-09
184 2.073378e-09
185 1.292372e-09
186 8.246409e-10
187 5.404055e-10
188 3.578080e-10
189 2.333656e-10
190 1.463201e-10
191 8.666967e-11
192 4.807660e-11
193 2.497812e-11
194 1.225105e-11
195 1.210590e-08
196 8.518910e-09
197 5.730525e-09
198 3.647229e-09
199 2.245003e-09
200 1.396678e-09
201 8.886874e-10
202 5.814379e-10
203 3.849745e-10
204 2.515787e-10
205 1.583010e-10
206 9.419277e-11
207 5.249746e-11
208 2.739235e-11
209 1.348061e-11
210 1.272553e-08
211 8.974727e-09
212 6.050431e-09
213 3.858042e-09
214 2.373851e-09
215 1.474877e-09
216 9.367996e-10
217 6.120676e-10
218 4.052650e-10
219 2.651957e-10
220 1.672530e-10
221 9.981996e-11
222 5.579820e-11
223 2.919288e-11
224 1.439963e-11
225 1.322885e-08
226 9.344163e-09
227 6.309584e-09
228 4.029290e-09
229 2.478224e-09
230 1.538440e-09
231 9.756988e-10
232 6.370030e-10
233 4.217630e-10
234 2.762488e-10
235 1.745344e-10
236 1.043719e-10
237 5.847490e-11
238 3.065561e-11
239 1.514679e-11
240 1.366528e-08
241 9.665324e-09
242 6.535876e-09
243 4.178615e-09
244 2.569590e-09
245 1.593878e-09
246 1.009816e-09
247 6.586334e-10
248 4.361667e-10
249 2.859068e-10
250 1.808810e-10
251 1.083529e-10
252 6.082015e-11
253 3.193663e-11
254 1.579726e-11
255 1.408166e-08
256 9.971451e-09
257 6.751135e-09
258 4.320798e-09
259 2.655833e-09
260 1.646226e-09
261 1.041860e-09
262 6.792094e-10
263 4.498184e-10
264 2.950627e-10
265 1.869102e-10
266 1.121421e-10
267 6.304079e-11
268 3.314940e-11
269 1.641591e-11
270 1.456515e-08
271 1.032680e-08
272 7.000365e-09
273 4.484864e-09
274 2.755902e-09
275 1.707680e-09
276 1.079686e-09
277 7.032954e-10
278 4.656561e-10
279 3.056951e-10
280 1.939212e-10
281 1.165417e-10
282 6.561760e-11
283 3.455428e-11
284 1.713182e-11
285 1.364354e-08
286 9.707086e-09
287 6.593470e-09
288 4.254270e-09
289 2.622027e-09
290 1.623780e-09
291 1.023862e-09
292 6.641365e-10
293 4.381556e-10
294 2.871548e-10
295 1.823236e-10
296 1.099720e-10
297 6.228760e-11
298 3.303045e-11
299 1.648404e-11
300 1.605303e-08
301 1.155235e-08
302 7.917874e-09
303 5.167633e-09
304 3.197163e-09
305 1.970256e-09
306 1.232562e-09
307 7.933607e-10
308 5.214230e-10
309 3.425180e-10
310 2.191896e-10
311 1.338001e-10
312 7.687170e-11
313 4.136090e-11
314 2.090881e-11
315 1.771224e-08
316 1.283076e-08
317 8.838180e-09
318 5.804432e-09
319 3.601105e-09
320 2.212930e-09
321 1.379039e-09
322 8.837696e-10
323 5.794917e-10
324 3.810035e-10
325 2.447965e-10
326 1.503760e-10
327 8.704927e-11
328 4.719859e-11
329 2.402367e-11
330 1.896009e-08
331 1.379218e-08
332 9.527986e-09
333 6.281550e-09
334 3.904010e-09
335 2.395175e-09
336 1.488884e-09
337 9.516132e-10
338 6.231470e-10
339 4.099040e-10
340 2.640072e-10
341 1.628105e-10
342 9.468519e-11
343 5.158032e-11
344 2.636266e-11
345 1.997064e-08
346 1.457042e-08
347 1.008954e-08
348 6.668930e-09
349 4.149616e-09
350 2.542964e-09
351 1.577997e-09
352 1.006632e-09
353 6.584235e-10
354 4.332854e-10
355 2.795835e-10
356 1.728923e-10
357 1.008745e-10
358 5.513055e-11
359 2.825986e-11
360 2.085361e-08
361 1.525174e-08
362 1.057998e-08
363 7.006853e-09
364 4.363956e-09
365 2.672330e-09
366 1.655672e-09
367 1.054551e-09
368 6.892106e-10
369 4.537129e-10
370 2.931709e-10
371 1.816873e-10
372 1.062752e-10
373 5.822892e-11
374 2.991136e-11
375 2.168802e-08
376 1.589382e-08
377 1.104189e-08
378 7.326393e-09
379 4.566333e-09
380 2.793904e-09
381 1.729143e-09
382 1.099920e-09
383 7.183815e-10
384 4.730498e-10
385 3.060499e-10
386 1.900205e-10
387 1.113897e-10
388 6.116211e-11
389 3.147645e-11
390 2.266354e-08
391 1.664619e-08
392 1.158287e-08
393 7.700420e-09
394 4.803836e-09
395 2.937229e-09
396 1.815504e-09
397 1.153261e-09
398 7.525121e-10
399 4.957165e-10
400 3.211304e-10
401 1.997843e-10
402 1.173860e-10
403 6.459669e-11
404 3.331030e-11
405 1.966281e-08
406 1.440947e-08
407 9.999898e-09
408 6.629534e-09
409 4.149048e-09
410 2.541027e-09
411 1.575782e-09
412 1.001912e-09
413 6.531243e-10
414 4.289433e-10
415 2.767372e-10
416 1.714608e-10
417 1.004232e-10
418 5.517456e-11
419 2.844553e-11
420 2.232417e-08
421 1.655137e-08
422 1.157652e-08
423 7.738713e-09
424 4.885287e-09
425 2.983753e-09
426 1.842372e-09
427 1.162668e-09
428 7.536060e-10
429 4.942983e-10
430 3.200888e-10
431 1.998907e-10
432 1.183354e-10
433 6.580008e-11
434 3.432148e-11
435 2.433794e-08
436 1.818119e-08
437 1.277607e-08
438 8.586137e-09
439 5.448071e-09
440 3.323279e-09
441 2.047040e-09
442 1.285743e-09
443 8.305630e-10
444 5.442134e-10
445 3.531642e-10
446 2.215815e-10
447 1.320157e-10
448 7.393216e-11
449 3.883041e-11
450 2.598249e-08
451 1.950394e-08
452 1.375440e-08
453 9.275187e-09
454 5.905140e-09
455 3.599479e-09
456 2.212982e-09
457 1.385847e-09
458 8.929022e-10
459 5.847229e-10
460 3.800062e-10
461 2.391839e-10
462 1.431177e-10
463 8.053086e-11
464 4.248972e-11
465 2.741098e-08
466 2.065957e-08
467 1.460574e-08
468 9.874114e-09
469 6.303878e-09
470 3.840528e-09
471 2.357605e-09
472 1.472989e-09
473 9.473537e-10
474 6.200811e-10
475 4.034255e-10
476 2.545400e-10
477 1.528037e-10
478 8.628915e-11
479 4.568276e-11
480 2.876235e-08
481 2.174769e-08
482 1.541097e-08
483 1.044093e-08
484 6.681658e-09
485 4.068124e-09
486 2.494756e-09
487 1.555338e-09
488 9.987945e-10
489 6.534886e-10
490 4.255802e-10
491 2.690693e-10
492 1.619646e-10
493 9.173339e-11
494 4.869910e-11
495 3.034511e-08
496 2.302485e-08
497 1.635244e-08
498 1.110544e-08
499 7.122434e-09
500 4.334352e-09
501 2.654955e-09
502 1.651887e-09
503 1.059015e-09
504 6.925826e-10
505 4.514811e-10
506 2.860376e-10
507 1.726782e-10
508 9.810149e-11
509 5.223187e-11
510 2.600537e-08
511 1.961150e-08
512 1.387523e-08
513 9.372792e-09
514 5.997418e-09
515 3.663166e-09
516 2.250384e-09
517 1.405403e-09
518 9.027131e-10
519 5.897022e-10
520 3.829207e-10
521 2.412664e-10
522 1.447681e-10
523 8.180827e-11
524 4.338815e-11
525 2.892038e-08
526 2.206289e-08
527 1.573439e-08
528 1.070004e-08
529 6.906304e-09
530 4.225362e-09
531 2.587030e-09
532 1.605078e-09
533 1.024821e-09
534 6.672337e-10
535 4.337141e-10
536 2.746728e-10
537 1.661714e-10
538 9.485369e-11
539 5.084254e-11
540 3.130179e-08
541 2.406812e-08
542 1.725721e-08
543 1.178974e-08
544 7.651924e-09
545 4.688779e-09
546 2.863432e-09
547 1.769397e-09
548 1.124855e-09
549 7.308252e-10
550 4.753300e-10
551 3.020330e-10
552 1.837053e-10
553 1.055490e-10
554 5.696219e-11
555 3.337616e-08
556 2.581586e-08
557 1.858659e-08
558 1.273790e-08
559 8.301922e-09
560 5.091584e-09
561 3.104513e-09
562 1.912679e-09
563 1.212305e-09
564 7.862426e-10
565 5.115981e-10
566 3.258773e-10
567 1.989856e-10
568 1.148692e-10
569 6.229468e-11
570 3.534421e-08
571 2.747461e-08
572 1.984816e-08
573 1.363894e-08
574 8.919857e-09
575 5.475233e-09
576 3.333588e-09
577 2.048636e-09
578 1.295275e-09
579 8.388895e-10
580 5.460619e-10
581 3.485325e-10
582 2.135036e-10
583 1.237259e-10
584 6.736270e-11
585 3.765077e-08
586 2.941351e-08
587 2.132231e-08
588 1.469148e-08
589 9.639560e-09
590 5.921884e-09
591 3.600711e-09
592 2.207157e-09
593 1.391985e-09
594 9.002369e-10
595 5.862150e-10
596 3.749357e-10
597 2.304259e-10
598 1.340479e-10
599 7.326890e-11
600 3.276962e-08
601 2.540323e-08
602 1.832982e-08
603 1.257341e-08
604 8.209002e-09
605 5.054269e-09
606 3.079356e-09
607 1.896342e-09
608 1.199909e-09
609 7.765884e-10
610 5.044988e-10
611 3.211327e-10
612 1.961779e-10
613 1.134346e-10
614 6.168309e-11
615 3.601293e-08
616 2.823567e-08
617 2.055110e-08
618 1.418302e-08
619 9.330572e-09
620 5.775581e-09
621 3.507334e-09
622 2.150255e-09
623 1.351793e-09
624 8.708492e-10
625 5.651778e-10
626 3.608479e-10
627 2.218372e-10
628 1.293758e-10
629 7.103668e-11
630 3.884941e-08
631 3.071850e-08
632 2.250142e-08
633 1.559494e-08
634 1.031598e-08
635 6.409912e-09
636 3.884003e-09
637 2.373702e-09
638 1.485605e-09
639 9.536958e-10
640 6.184482e-10
641 3.956978e-10
642 2.443527e-10
643 1.433689e-10
644 7.925290e-11
645 4.153727e-08
646 3.307147e-08
647 2.434906e-08
648 1.693486e-08
649 1.125040e-08
650 7.011665e-09
651 4.240975e-09
652 2.585779e-09
653 1.612286e-09
654 1.032185e-09
655 6.689631e-10
656 4.287436e-10
657 2.657005e-10
658 1.566362e-10
659 8.704204e-11
660 4.468485e-08
661 3.582005e-08
662 2.650814e-08
663 1.849973e-08
664 1.234010e-08
665 7.713736e-09
666 4.657828e-09
667 2.832914e-09
668 1.760124e-09
669 1.123800e-09
670 7.278801e-10
671 4.672928e-10
672 2.906077e-10
673 1.721152e-10
674 9.613059e-11
675 4.018154e-08
676 3.198842e-08
677 2.357494e-08
678 1.640438e-08
679 1.089492e-08
680 6.810244e-09
681 4.122432e-09
682 2.515890e-09
683 1.567447e-09
684 1.002076e-09
685 6.483335e-10
686 4.148499e-10
687 2.568227e-10
688 1.513655e-10
689 8.417938e-11
690 4.392342e-08
691 3.537185e-08
692 2.632560e-08
693 1.843299e-08
694 1.232578e-08
695 7.762044e-09
696 4.691515e-09
697 2.854158e-09
698 1.766455e-09
699 1.122576e-09
700 7.242797e-10
701 4.640267e-10
702 2.886470e-10
703 1.713963e-10
704 9.618349e-11
705 4.746873e-08
706 3.859083e-08
707 2.893669e-08
708 2.036591e-08
709 1.368825e-08
710 8.669118e-09
711 5.234155e-09
712 3.176482e-09
713 1.956039e-09
714 1.237308e-09
715 7.965921e-10
716 5.108109e-10
717 3.189144e-10
718 1.904483e-10
719 1.076089e-10
720 5.161778e-08
721 4.235070e-08
722 3.198022e-08
723 2.261790e-08
724 1.527510e-08
725 9.726147e-09
726 5.866555e-09
727 3.552469e-09
728 2.176864e-09
729 1.371081e-09
730 8.808193e-10
731 5.653181e-10
732 3.541869e-10
733 2.126489e-10
734 1.209223e-10
735 4.868693e-08
736 3.981056e-08
737 3.002927e-08
738 2.122680e-08
739 1.431232e-08
740 9.114559e-09
741 5.514540e-09
742 3.342188e-09
743 2.050199e-09
744 1.291556e-09
745 8.287731e-10
746 5.307964e-10
747 3.317359e-10
748 1.987140e-10
749 1.128122e-10
750 5.329974e-08
751 4.413637e-08
752 3.367009e-08
753 2.398313e-08
754 1.627545e-08
755 1.045502e-08
756 6.337033e-09
757 3.828362e-09
758 2.333010e-09
759 1.459497e-09
760 9.321117e-10
761 5.965355e-10
762 3.740529e-10
763 2.255385e-10
764 1.291734e-10
765 5.869825e-08
766 4.919570e-08
767 3.791357e-08
768 2.720073e-08
769 1.856948e-08
770 1.202215e-08
771 7.299652e-09
772 4.397616e-09
773 2.663643e-09
774 1.655857e-09
775 1.052849e-09
776 6.733330e-10
777 4.234846e-10
778 2.568694e-10
779 1.482852e-10
780 5.924385e-08
781 4.987024e-08
782 3.864832e-08
783 2.785535e-08
784 1.906606e-08
785 1.239294e-08
786 7.564394e-09
787 4.548927e-09
788 2.751003e-09
789 1.703651e-09
790 1.078996e-09
791 6.881647e-10
792 4.324613e-10
793 2.626252e-10
794 1.520630e-10
795 6.633645e-08
796 5.673581e-08
797 4.464458e-08
798 3.255083e-08
799 2.246300e-08
800 1.475579e-08
801 9.074311e-09
802 5.435306e-09
803 3.266425e-09
804 2.003394e-09
805 1.258364e-09
806 7.994511e-10
807 5.031076e-10
808 3.073968e-10
809 1.797109e-10
810 7.613852e-08
811 6.658558e-08
812 5.362773e-08
813 3.987791e-08
814 2.788641e-08
815 1.858277e-08
816 1.162450e-08
817 6.945479e-09
818 4.149738e-09
819 2.506967e-09
820 1.550409e-09
821 9.747131e-10
822 6.116574e-10
823 3.755149e-10
824 2.220044e-10
825 5.090601e-07
826 3.718222e-07
827 2.755125e-07
828 1.715101e-07
829 1.044800e-07
830 6.189581e-08
831 3.779360e-08
832 2.424559e-08
833 1.636678e-08
834 0.000000e+00
835 0.000000e+00
836 0.000000e+00
837 0.000000e+00
838 0.000000e+00
839 0.000000e+00
840 7.609115e-07
841 5.559138e-07
842 4.123663e-07
843 2.596142e-07
844 1.577697e-07
845 9.334960e-08
846 5.689273e-08
847 3.636396e-08
848 2.448055e-08
849 0.000000e+00
850 0.000000e+00
851 0.000000e+00
852 0.000000e+00
853 0.000000e+00
854 0.000000e+00
855 9.034004e-07
856 6.600878e-07
857 4.897961e-07
858 3.095296e-07
859 1.879393e-07
860 1.111597e-07
861 6.770664e-08
862 4.322299e-08
863 2.907190e-08
864 0.000000e+00
865 0.000000e+00
866 0.000000e+00
867 0.000000e+00
868 0.000000e+00
869 0.000000e+00
870 9.992540e-07
871 7.301642e-07
872 5.418842e-07
873 3.431082e-07
874 2.082363e-07
875 1.231411e-07
876 7.498142e-08
877 4.783757e-08
878 3.216053e-08
879 0.000000e+00
880 0.000000e+00
881 0.000000e+00
882 0.000000e+00
883 0.000000e+00
884 0.000000e+00
885 1.071119e-06
886 7.827069e-07
887 5.809336e-07
888 3.682827e-07
889 2.234536e-07
890 1.321241e-07
891 8.043555e-08
892 5.129716e-08
893 3.447638e-08
894 0.000000e+00
895 0.000000e+00
896 0.000000e+00
897 0.000000e+00
898 0.000000e+00
899 0.000000e+00
900 1.129368e-06
901 8.252924e-07
902 6.125876e-07
903 3.886875e-07
904 2.357870e-07
905 1.394053e-07
906 8.485615e-08
907 5.410139e-08
908 3.635336e-08
909 0.000000e+00
910 0.000000e+00
911 0.000000e+00
912 0.000000e+00
913 0.000000e+00
914 0.000000e+00
915 1.180201e-06
916 8.624545e-07
917 6.402090e-07
918 4.064953e-07
919 2.465508e-07
920 1.457587e-07
921 8.871404e-08
922 5.654837e-08
923 3.799132e-08
924 0.000000e+00
925 0.000000e+00
926 0.000000e+00
927 0.000000e+00
928 0.000000e+00
929 0.000000e+00
930 1.228396e-06
931 8.976911e-07
932 6.663992e-07
933 4.233788e-07
934 2.567559e-07
935 1.517826e-07
936 9.237169e-08
937 5.886841e-08
938 3.954423e-08
939 0.000000e+00
940 0.000000e+00
941 0.000000e+00
942 0.000000e+00
943 0.000000e+00
944 0.000000e+00
945 1.284622e-06
946 9.388004e-07
947 6.969522e-07
948 4.430768e-07
949 2.686613e-07
950 1.588109e-07
951 9.663927e-08
952 6.157499e-08
953 4.135612e-08
954 0.000000e+00
955 0.000000e+00
956 0.000000e+00
957 0.000000e+00
958 0.000000e+00
959 0.000000e+00
960 3.376862e-07
961 2.689652e-07
962 1.951102e-07
963 1.463162e-07
964 9.054135e-08
965 5.541948e-08
966 3.221219e-08
967 1.926107e-08
968 1.207009e-08
969 7.990996e-09
970 0.000000e+00
971 0.000000e+00
972 0.000000e+00
973 0.000000e+00
974 0.000000e+00
975 5.200826e-07
976 4.170401e-07
977 3.028070e-07
978 2.268711e-07
979 1.421852e-07
980 8.669453e-08
981 5.035471e-08
982 3.006933e-08
983 1.877606e-08
984 1.239496e-08
985 0.000000e+00
986 0.000000e+00
987 0.000000e+00
988 0.000000e+00
989 0.000000e+00
990 6.447158e-07
991 5.183210e-07
992 3.764898e-07
993 2.819690e-07
994 1.775725e-07
995 1.081058e-07
996 6.277640e-08
997 3.746949e-08
998 2.336556e-08
999 1.540772e-08
1000 0.000000e+00
1001 0.000000e+00
1002 0.000000e+00
1003 0.000000e+00
1004 0.000000e+00
1005 7.381402e-07
1006 5.942350e-07
1007 4.317150e-07
1008 3.232673e-07
1009 2.040962e-07
1010 1.241533e-07
1011 7.208696e-08
1012 4.301631e-08
1013 2.680545e-08
1014 1.766583e-08
1015 0.000000e+00
1016 0.000000e+00
1017 0.000000e+00
1018 0.000000e+00
1019 0.000000e+00
1020 8.138667e-07
1021 6.557635e-07
1022 4.764778e-07
1023 3.567396e-07
1024 2.255956e-07
1025 1.371618e-07
1026 7.963387e-08
1027 4.751203e-08
1028 2.959376e-08
1029 1.949603e-08
1030 0.000000e+00
1031 0.000000e+00
1032 0.000000e+00
1033 0.000000e+00
1034 0.000000e+00
1035 8.799365e-07
1036 7.094522e-07
1037 5.155391e-07
1038 3.859464e-07
1039 2.443542e-07
1040 1.485118e-07
1041 8.621859e-08
1042 5.143501e-08
1043 3.202668e-08
1044 2.109320e-08
1045 0.000000e+00
1046 0.000000e+00
1047 0.000000e+00
1048 0.000000e+00
1049 0.000000e+00
1050 9.425915e-07
1051 7.603660e-07
1052 5.525764e-07
1053 4.136417e-07
1054 2.621414e-07
1055 1.592755e-07
1056 9.246301e-08
1057 5.515484e-08
1058 3.433371e-08
1059 2.260761e-08
1060 0.000000e+00
1061 0.000000e+00
1062 0.000000e+00
1063 0.000000e+00
1064 0.000000e+00
1065 1.015688e-06
1066 8.197666e-07
1067 5.957897e-07
1068 4.459576e-07
1069 2.828951e-07
1070 1.718337e-07
1071 9.974817e-08
1072 5.949524e-08
1073 3.702536e-08
1074 2.437456e-08
1075 0.000000e+00
1076 0.000000e+00
1077 0.000000e+00
1078 0.000000e+00
1079 0.000000e+00
1080 1.986308e-07
1081 1.806645e-07
1082 1.391989e-07
1083 1.006612e-07
1084 7.543149e-08
1085 4.360857e-08
1086 2.672849e-08
1087 1.541027e-08
1088 9.111982e-09
1089 5.668693e-09
1090 0.000000e+00
1091 0.000000e+00
1092 0.000000e+00
1093 0.000000e+00
1094 0.000000e+00
1095 3.302330e-07
1096 3.016654e-07
1097 2.333645e-07
1098 1.686526e-07
1099 1.265647e-07
1100 7.357056e-08
1101 4.520968e-08
1102 2.600465e-08
1103 1.532277e-08
1104 9.511007e-09
1105 0.000000e+00
1106 0.000000e+00
1107 0.000000e+00
1108 0.000000e+00
1109 0.000000e+00
1110 4.305247e-07
1111 3.939393e-07
1112 3.052164e-07
1113 2.205302e-07
1114 1.655829e-07
1115 9.645711e-08
1116 5.932861e-08
1117 3.409654e-08
1118 2.006412e-08
1119 1.244329e-08
1120 0.000000e+00
1121 0.000000e+00
1122 0.000000e+00
1123 0.000000e+00
1124 0.000000e+00
1125 5.117682e-07
1126 4.686806e-07
1127 3.634169e-07
1128 2.625522e-07
1129 1.971871e-07
1130 1.149947e-07
1131 7.076487e-08
1132 4.065096e-08
1133 2.390452e-08
1134 1.481847e-08
1135 0.000000e+00
1136 0.000000e+00
1137 0.000000e+00
1138 0.000000e+00
1139 0.000000e+00
1140 5.826542e-07
1141 5.339004e-07
1142 4.142007e-07
1143 2.992194e-07
1144 2.247651e-07
1145 1.311704e-07
1146 8.074413e-08
1147 4.637029e-08
1148 2.725562e-08
1149 1.689094e-08
1150 0.000000e+00
1151 0.000000e+00
1152 0.000000e+00
1153 0.000000e+00
1154 0.000000e+00
1155 6.498741e-07
1156 5.957436e-07
1157 4.623575e-07
1158 3.339891e-07
1159 2.509160e-07
1160 1.465092e-07
1161 9.020673e-08
1162 5.179360e-08
1163 3.043329e-08
1164 1.885613e-08
1165 0.000000e+00
1166 0.000000e+00
1167 0.000000e+00
1168 0.000000e+00
1169 0.000000e+00
1170 7.282989e-07
1171 6.678945e-07
1172 5.185394e-07
1173 3.745540e-07
1174 2.814243e-07
1175 1.644044e-07
1176 1.012465e-07
1177 5.812063e-08
1178 3.414068e-08
1179 2.114898e-08
1180 0.000000e+00
1181 0.000000e+00
1182 0.000000e+00
1183 0.000000e+00
1184 0.000000e+00
1185 1.319291e-07
1186 1.302299e-07
1187 1.095201e-07
1188 8.000627e-08
1189 5.943375e-08
1190 4.040033e-08
1191 2.383846e-08
1192 1.358246e-08
1193 7.852135e-09
1194 4.639880e-09
1195 2.906319e-09
1196 0.000000e+00
1197 0.000000e+00
1198 0.000000e+00
1199 0.000000e+00
1200 2.309202e-07
1201 2.285881e-07
1202 1.929494e-07
1203 1.411952e-07
1204 1.047190e-07
1205 7.167974e-08
1206 4.208787e-08
1207 2.401355e-08
1208 1.390115e-08
1209 8.199647e-09
1210 5.125612e-09
1211 0.000000e+00
1212 0.000000e+00
1213 0.000000e+00
1214 0.000000e+00
1215 3.122235e-07
1216 3.094014e-07
1217 2.615307e-07
1218 1.915077e-07
1219 1.419470e-07
1220 9.741316e-08
1221 5.709370e-08
1222 3.259279e-08
1223 1.887632e-08
1224 1.112705e-08
1225 6.950282e-09
1226 0.000000e+00
1227 0.000000e+00
1228 0.000000e+00
1229 0.000000e+00
1230 3.830982e-07
1231 3.798485e-07
1232 3.213100e-07
1233 2.353626e-07
1234 1.743964e-07
1235 1.198455e-07
1236 7.017364e-08
1237 4.007115e-08
1238 2.321314e-08
1239 1.367887e-08
1240 8.540734e-09
1241 0.000000e+00
1242 0.000000e+00
1243 0.000000e+00
1244 0.000000e+00
1245 4.503091e-07
1246 4.466481e-07
1247 3.779990e-07
1248 2.769498e-07
1249 2.051689e-07
1250 1.411174e-07
1251 8.257741e-08
1252 4.716294e-08
1253 2.732576e-08
1254 1.609875e-08
1255 1.004899e-08
1256 0.000000e+00
1257 0.000000e+00
1258 0.000000e+00
1259 0.000000e+00
1260 5.287161e-07
1261 5.245816e-07
1262 4.441348e-07
1263 3.254694e-07
1264 2.410693e-07
1265 1.659330e-07
1266 9.704843e-08
1267 5.543600e-08
1268 3.212348e-08
1269 1.892180e-08
1270 1.180859e-08
1271 0.000000e+00
1272 0.000000e+00
1273 0.000000e+00
1274 0.000000e+00
1275 9.483126e-08
1276 9.874403e-08
1277 8.936166e-08
1278 6.836738e-08
1279 4.941861e-08
1280 3.701812e-08
1281 2.091730e-08
1282 1.263296e-08
1283 7.137867e-09
1284 4.122578e-09
1285 2.468008e-09
1286 0.000000e+00
1287 0.000000e+00
1288 0.000000e+00
1289 0.000000e+00
1290 1.733384e-07
1291 1.808656e-07
1292 1.641859e-07
1293 1.259541e-07
1294 9.098685e-08
1295 6.826146e-08
1296 3.868135e-08
1297 2.343749e-08
1298 1.321311e-08
1299 7.613104e-09
1300 4.548715e-09
1301 0.000000e+00
1302 0.000000e+00
1303 0.000000e+00
1304 0.000000e+00
1305 2.423712e-07
1306 2.530928e-07
1307 2.300134e-07
1308 1.766305e-07
1309 1.275659e-07
1310 9.575771e-08
1311 5.432159e-08
1312 3.295284e-08
1313 1.856254e-08
1314 1.068559e-08
1315 6.379880e-09
1316 0.000000e+00
1317 0.000000e+00
1318 0.000000e+00
1319 0.000000e+00
1320 3.077709e-07
1321 3.215157e-07
1322 2.923740e-07
1323 2.246391e-07
1324 1.622192e-07
1325 1.218058e-07
1326 6.913731e-08
1327 4.196642e-08
1328 2.362990e-08
1329 1.359611e-08
1330 8.114597e-09
1331 0.000000e+00
1332 0.000000e+00
1333 0.000000e+00
1334 0.000000e+00
1335 3.840726e-07
1336 4.013450e-07
1337 3.651309e-07
1338 2.806484e-07
1339 2.026466e-07
1340 1.521948e-07
1341 8.642232e-08
1342 5.248257e-08
1343 2.954189e-08
1344 1.699179e-08
1345 1.013843e-08
1346 0.000000e+00
1347 0.000000e+00
1348 0.000000e+00
1349 0.000000e+00
1350 7.251610e-08
1351 7.849355e-08
1352 7.527187e-08
1353 6.100100e-08
1354 4.400876e-08
1355 3.317620e-08
1356 2.072589e-08
1357 1.270690e-08
1358 7.054500e-09
1359 3.884601e-09
1360 2.245093e-09
1361 1.365306e-09
1362 0.000000e+00
1363 0.000000e+00
1364 0.000000e+00
1365 1.383566e-07
1366 1.500058e-07
1367 1.442089e-07
1368 1.172123e-07
1369 8.461648e-08
1370 6.372782e-08
1371 4.008119e-08
1372 2.450189e-08
1373 1.360553e-08
1374 7.495642e-09
1375 4.322218e-09
1376 2.622753e-09
1377 0.000000e+00
1378 0.000000e+00
1379 0.000000e+00
1380 2.009202e-07
1381 2.179664e-07
1382 2.097330e-07
1383 1.706509e-07
1384 1.232244e-07
1385 9.277174e-08
1386 5.848981e-08
1387 3.571730e-08
1388 1.983475e-08
1389 1.092976e-08
1390 6.297201e-09
1391 3.818171e-09
1392 0.000000e+00
1393 0.000000e+00
1394 0.000000e+00
1395 2.738749e-07
1396 2.972136e-07
1397 2.861371e-07
1398 2.329622e-07
1399 1.682417e-07
1400 1.266379e-07
1401 7.995476e-08
1402 4.879472e-08
1403 2.709816e-08
1404 1.493391e-08
1405 8.600058e-09
1406 5.212076e-09
1407 0.000000e+00
1408 0.000000e+00
1409 0.000000e+00
1410 5.893769e-08
1411 6.577846e-08
1412 6.608125e-08
1413 5.676183e-08
1414 4.183892e-08
1415 3.081592e-08
1416 2.170936e-08
1417 1.238638e-08
1418 6.973319e-09
1419 3.945850e-09
1420 2.194847e-09
1421 1.280057e-09
1422 0.000000e+00
1423 0.000000e+00
1424 0.000000e+00
1425 1.178378e-07
1426 1.317002e-07
1427 1.325904e-07
1428 1.142284e-07
1429 8.434139e-08
1430 6.204186e-08
1431 4.391667e-08
1432 2.497414e-08
1433 1.409049e-08
1434 7.971967e-09
1435 4.431930e-09
1436 2.579618e-09
1437 0.000000e+00
1438 0.000000e+00
1439 0.000000e+00
1440 1.863911e-07
1441 2.084295e-07
1442 2.100083e-07
1443 1.811245e-07
1444 1.338204e-07
1445 9.839205e-08
1446 6.977119e-08
1447 3.962843e-08
1448 2.237680e-08
1449 1.265920e-08
1450 7.036404e-09
1451 4.092477e-09
1452 0.000000e+00
1453 0.000000e+00
1454 0.000000e+00
1455 5.130706e-08
1456 5.879628e-08
1457 6.145691e-08
1458 5.583958e-08
1459 4.282275e-08
1460 3.092901e-08
1461 2.323077e-08
1462 1.302397e-08
1463 7.790237e-09
1464 4.268111e-09
1465 2.352912e-09
1466 1.313782e-09
1467 0.000000e+00
1468 0.000000e+00
1469 0.000000e+00
1470 1.143496e-07
1471 1.312126e-07
1472 1.374176e-07
1473 1.252193e-07
1474 9.627887e-08
1475 6.949868e-08
1476 5.227284e-08
1477 2.939480e-08
1478 1.764355e-08
1479 9.648274e-09
1480 5.306232e-09
1481 2.956741e-09
1482 0.000000e+00
1483 0.000000e+00
1484 0.000000e+00
1485 5.357698e-08
1486 6.295570e-08
1487 6.826116e-08
1488 6.553352e-08
1489 5.313617e-08
1490 3.834082e-08
1491 2.892409e-08
1492 1.798464e-08
1493 1.094495e-08
1494 5.939402e-09
1495 3.128344e-09
1496 1.687819e-09
1497 9.399217e-10
1498 0.000000e+00
1499 0.000000e+00
1500 1.109684e-04
1501 8.086786e-05
1502 6.035546e-05
1503 3.805236e-05
1504 2.321989e-05
1505 1.369104e-05
1506 8.324421e-06
1507 5.304277e-06
1508 3.565556e-06
1509 0.000000e+00
1510 0.000000e+00
1511 0.000000e+00
1512 0.000000e+00
1513 0.000000e+00
1514 0.000000e+00
1515 5.757601e-05
1516 4.644359e-05
1517 3.369791e-05
1518 2.528332e-05
1519 1.597668e-05
1520 9.754545e-06
1521 5.648866e-06
1522 3.364481e-06
1523 2.093966e-06
1524 1.379138e-06
1525 0.000000e+00
1526 0.000000e+00
1527 0.000000e+00
1528 0.000000e+00
1529 0.000000e+00
1530 4.047788e-05
1531 3.713775e-05
1532 2.882267e-05
1533 2.080348e-05
1534 1.566222e-05
1535 9.111532e-06
1536 5.625604e-06
1537 3.225263e-06
1538 1.896511e-06
1539 1.174730e-06
1540 0.000000e+00
1541 0.000000e+00
1542 0.000000e+00
1543 0.000000e+00
1544 0.000000e+00
1545 2.912801e-05
1546 2.891312e-05
1547 2.448503e-05
1548 1.793535e-05
1549 1.328396e-05
1550 9.154542e-06
1551 5.351144e-06
1552 3.053081e-06
1553 1.771954e-06
1554 1.042590e-06
1555 6.506122e-07
1556 0.000000e+00
1557 0.000000e+00
1558 0.000000e+00
1559 0.000000e+00
1560 2.085098e-05
1561 2.179680e-05
1562 1.983793e-05
1563 1.524768e-05
1564 1.100576e-05
1565 8.274949e-06
1566 4.689296e-06
1567 2.850415e-06
1568 1.602925e-06
1569 9.233707e-07
1570 5.506294e-07
1571 0.000000e+00
1572 0.000000e+00
1573 0.000000e+00
1574 0.000000e+00
1575 1.487210e-05
1576 1.614453e-05
1577 1.554949e-05
1578 1.266314e-05
1579 9.143013e-06
1580 6.883420e-06
1581 4.347301e-06
1582 2.655947e-06
1583 1.474901e-06
1584 8.112783e-07
1585 4.673052e-07
1586 2.832009e-07
1587 0.000000e+00
1588 0.000000e+00
1589 0.000000e+00
1590 1.001028e-05
1591 1.119728e-05
1592 1.128693e-05
1593 9.739022e-06
1594 7.195644e-06
1595 5.289411e-06
1596 3.755371e-06
1597 2.130464e-06
1598 1.202339e-06
1599 6.811759e-07
1600 3.783133e-07
1601 2.200058e-07
1602 0.000000e+00
1603 0.000000e+00
1604 0.000000e+00
1605 6.201116e-06
1606 7.118100e-06
1607 7.458527e-06
1608 6.801106e-06
1609 5.231433e-06
1610 3.775220e-06
1611 2.841823e-06
1612 1.597077e-06
1613 9.596537e-07
1614 5.242846e-07
1615 2.885232e-07
1616 1.606418e-07
1617 0.000000e+00
1618 0.000000e+00
1619 0.000000e+00
1620 3.163407e-06
1621 3.720115e-06
1622 4.038202e-06
1623 3.883392e-06
1624 3.154630e-06
1625 2.276770e-06
1626 1.716871e-06
1627 1.071974e-06
1628 6.518364e-07
1629 3.538249e-07
1630 1.861971e-07
1631 1.003484e-07
1632 5.578990e-08
1633 0.000000e+00
1634 0.000000e+00
1635 8.891198e-07
1636 1.072208e-06
1637 1.206146e-06
1638 1.224576e-06
1639 1.066696e-06
1640 7.933436e-07
1641 5.815894e-07
1642 4.169104e-07
1643 2.343421e-07
1644 1.314261e-07
1645 7.164692e-08
1646 3.730540e-08
1647 1.958823e-08
1648 0.000000e+00
1649 0.000000e+00
