0 2.197740e-09
1 1.426935e-09
2 8.969229e-10
3 5.652963e-10
4 3.636307e-10
5 2.394250e-10
6 1.592403e-10
7 1.045496e-10
8 6.618600e-11
9 3.970267e-11
10 2.234590e-11
11 1.178687e-11
12 5.868437e-12
13 2.789434e-12
14 1.281306e-12
15 3.731515e-09
16 2.479687e-09
17 1.574392e-09
18 9.814173e-10
19 6.209798e-10
20 4.024358e-10
21 2.663880e-10
22 1.766499e-10
23 1.144800e-10
24 7.094593e-11
25 4.140250e-11
26 2.262154e-11
27 1.160315e-11
28 5.639863e-12
29 2.630728e-12
30 4.242617e-09
31 2.838452e-09
32 1.811867e-09
33 1.127848e-09
34 7.106996e-10
35 4.582284e-10
36 3.024362e-10
37 2.007646e-10
38 1.307365e-10
39 8.164346e-11
40 4.812103e-11
41 2.655786e-11
42 1.374524e-11
43 6.729643e-12
44 3.155385e-12
45 4.561137e-09
46 3.060245e-09
47 1.958303e-09
48 1.218240e-09
49 7.662972e-10
50 4.929668e-10
51 3.248970e-10
52 2.157209e-10
53 1.407951e-10
54 8.823140e-11
55 5.221839e-11
56 2.895043e-11
57 1.504218e-11
58 7.387979e-12
59 3.471417e-12
60 4.759073e-09
61 3.198781e-09
62 2.049769e-09
63 1.274914e-09
64 8.010356e-10
65 5.145867e-10
66 3.388700e-10
67 2.250375e-10
68 1.470465e-10
69 9.235068e-11
70 5.479914e-11
71 3.045796e-11
72 1.586421e-11
73 7.806415e-12
74 3.672613e-12
75 4.907073e-09
76 3.302470e-09
77 2.118065e-09
78 1.317130e-09
79 8.269123e-10
80 5.307227e-10
81 3.493242e-10
82 2.320173e-10
83 1.517610e-10
84 9.544286e-11
85 5.673624e-11
86 3.158999e-11
87 1.647818e-11
88 8.117461e-12
89 3.822788e-12
90 5.027196e-09
91 3.386895e-09
92 2.173806e-09
93 1.351666e-09
94 8.481099e-10
95 5.439395e-10
96 3.578576e-10
97 2.377158e-10
98 1.555616e-10
99 9.796436e-11
100 5.830242e-11
101 3.251381e-11
102 1.698234e-11
103 8.373393e-12
104 3.945813e-12
105 5.132509e-09
106 3.460059e-09
107 2.222305e-09
108 1.381385e-09
109 8.664051e-10
110 5.553018e-10
111 3.651876e-10
112 2.426363e-10
113 1.588939e-10
114 1.001421e-10
115 5.966934e-11
116 3.330509e-11
117 1.741183e-11
118 8.593404e-12
119 4.051126e-12
120 5.232141e-09
121 3.530427e-09
122 2.269121e-09
123 1.409907e-09
124 8.840952e-10
125 5.662779e-10
126 3.722714e-10
127 2.474013e-10
128 1.621167e-10
129 1.022095e-10
130 6.099284e-11
131 3.407690e-11
132 1.783327e-11
133 8.805587e-12
134 4.153592e-12
135 5.347309e-09
136 3.610418e-09
137 2.322423e-09
138 1.443329e-09
139 9.043224e-10
140 5.789336e-10
141 3.804319e-10
142 2.527516e-10
143 1.657585e-10
144 1.046742e-10
145 6.250504e-11
146 3.496553e-11
147 1.831643e-11
148 9.050106e-12
149 4.271255e-12
150 7.875475e-09
151 5.420882e-09
152 3.559334e-09
153 2.222289e-09
154 1.378163e-09
155 8.691058e-10
156 5.637594e-10
157 3.731773e-10
158 2.467536e-10
159 1.588285e-10
160 9.737889e-11
161 5.609429e-11
162 3.021690e-11
163 1.528548e-11
164 7.339645e-12
165 9.897695e-09
166 6.898246e-09
167 4.594969e-09
168 2.898434e-09
169 1.787988e-09
170 1.118312e-09
171 7.175486e-10
172 4.719936e-10
173 3.125900e-10
174 2.030889e-10
175 1.264685e-10
176 7.426154e-11
177 4.080284e-11
178 2.101230e-11
179 1.023183e-11
180 1.115171e-08
181 7.815345e-09
182 5.236470e-09
183 3.319421e-09
184 2.044380e-09
185 1.274611e-09
186 8.137123e-10
187 5.336479e-10
188 3.534499e-10
189 2.305200e-10
190 1.444642e-10
191 8.550308e-11
192 4.737698e-11
193 2.458434e-11
194 1.204346e-11
195 1.195720e-08
196 8.406640e-09
197 5.651973e-09
198 3.592725e-09
199 2.210719e-09
200 1.375754e-09
201 8.759037e-10
202 5.734031e-10
203 3.798797e-10
204 2.482350e-10
205 1.561168e-10
206 9.280152e-11
207 5.165367e-11
208 2.691258e-11
209 1.322747e-11
210 1.256084e-08
211 8.850126e-09
212 5.962626e-09
213 3.797366e-09
214 2.335273e-09
215 1.451402e-09
216 9.225534e-10
217 6.032976e-10
218 3.996071e-10
219 2.614850e-10
220 1.648268e-10
221 9.825568e-11
222 5.484969e-11
223 2.865394e-11
224 1.411452e-11
225 1.305203e-08
226 9.209777e-09
227 6.215241e-09
228 3.963367e-09
229 2.436430e-09
230 1.512817e-09
231 9.603559e-10
232 6.274128e-10
233 4.156435e-10
234 2.722443e-10
235 1.719008e-10
236 1.026857e-10
237 5.744701e-11
238 3.006931e-11
239 1.483284e-11
240 1.347783e-08
241 9.521487e-09
242 6.433868e-09
243 4.107275e-09
244 2.523947e-09
245 1.566062e-09
246 9.930473e-10
247 6.484595e-10
248 4.296388e-10
249 2.816282e-10
250 1.780730e-10
251 1.065570e-10
252 5.971671e-11
253 3.130392e-11
254 1.545308e-11
255 1.388318e-08
256 9.819827e-09
257 6.643349e-09
258 4.245159e-09
259 2.608311e-09
260 1.617106e-09
261 1.024330e-09
262 6.684249e-10
263 4.428873e-10
264 2.905412e-10
265 1.839340e-10
266 1.102282e-10
267 6.185901e-11
268 3.247002e-11
269 1.605058e-11
270 1.435517e-08
271 1.016577e-08
272 6.885514e-09
273 4.404805e-09
274 2.704880e-09
275 1.676172e-09
276 1.061001e-09
277 6.917840e-10
278 4.583477e-10
279 3.008986e-10
280 1.907447e-10
281 1.145052e-10
282 6.437387e-11
283 3.383450e-11
284 1.674401e-11
285 1.349030e-08
286 9.596132e-09
287 6.517024e-09
288 4.204497e-09
289 2.590607e-09
290 1.604679e-09
291 1.011682e-09
292 6.563776e-10
293 4.330746e-10
294 2.838609e-10
295 1.802305e-10
296 1.086955e-10
297 6.155044e-11
298 3.262997e-11
299 1.627969e-11
300 1.595676e-08
301 1.147989e-08
302 7.866565e-09
303 5.133572e-09
304 3.175216e-09
305 1.956654e-09
306 1.224166e-09
307 7.881326e-10
308 5.180569e-10
309 3.403543e-10
310 2.177984e-10
311 1.329327e-10
312 7.635430e-11
313 4.106819e-11
314 2.075251e-11
315 1.759477e-08
316 1.274002e-08
317 8.772128e-09
318 5.759974e-09
319 3.571333e-09
320 2.194675e-09
321 1.367825e-09
322 8.769087e-10
323 5.751496e-10
324 3.782308e-10
325 2.430139e-10
326 1.492468e-10
327 8.635951e-11
328 4.679891e-11
329 2.380545e-11
330 1.882477e-08
331 1.368387e-08
332 9.452342e-09
333 6.229055e-09
334 3.868338e-09
335 2.373518e-09
336 1.475629e-09
337 9.434838e-10
338 6.180604e-10
339 4.066328e-10
340 2.619182e-10
341 1.614812e-10
342 9.386479e-11
343 5.109814e-11
344 2.609661e-11
345 1.982052e-08
346 1.445147e-08
347 1.000320e-08
348 6.609020e-09
349 4.109042e-09
350 2.518325e-09
351 1.562711e-09
352 9.973875e-10
353 6.526354e-10
354 4.296141e-10
355 2.772246e-10
356 1.713845e-10
357 9.993905e-11
358 5.457742e-11
359 2.795195e-11
360 2.069102e-08
361 1.512121e-08
362 1.048456e-08
363 6.941267e-09
364 4.319016e-09
365 2.644930e-09
366 1.638859e-09
367 1.044468e-09
368 6.829485e-10
369 4.497176e-10
370 2.905909e-10
371 1.800334e-10
372 1.052444e-10
373 5.761702e-11
374 2.956946e-11
375 2.151363e-08
376 1.575321e-08
377 1.093884e-08
378 7.255600e-09
379 4.517626e-09
380 2.764248e-09
381 1.710873e-09
382 1.088988e-09
383 7.115918e-10
384 4.687240e-10
385 3.032585e-10
386 1.882227e-10
387 1.102666e-10
388 6.049333e-11
389 3.110077e-11
390 2.247415e-08
391 1.649252e-08
392 1.146981e-08
393 7.622266e-09
394 4.750160e-09
395 2.904756e-09
396 1.795401e-09
397 1.141182e-09
398 7.450900e-10
399 4.909744e-10
400 3.180586e-10
401 1.978032e-10
402 1.161323e-10
403 6.385303e-11
404 3.289057e-11
405 1.967747e-08
406 1.441966e-08
407 1.000635e-08
408 6.633969e-09
409 4.151938e-09
410 2.542316e-09
411 1.576593e-09
412 1.002504e-09
413 6.534957e-10
414 4.292315e-10
415 2.769108e-10
416 1.715864e-10
417 1.004969e-10
418 5.521252e-11
419 2.846268e-11
420 2.233887e-08
421 1.656047e-08
422 1.158151e-08
423 7.742076e-09
424 4.886711e-09
425 2.983964e-09
426 1.842567e-09
427 1.162929e-09
428 7.538205e-10
429 4.945037e-10
430 3.202453e-10
431 1.999904e-10
432 1.183888e-10
433 6.582343e-11
434 3.432864e-11
435 2.434867e-08
436 1.818154e-08
437 1.277371e-08
438 8.584096e-09
439 5.445518e-09
440 3.320896e-09
441 2.045516e-09
442 1.285052e-09
443 8.302133e-10
444 5.441020e-10
445 3.531262e-10
446 2.215585e-10
447 1.319869e-10
448 7.389993e-11
449 3.880180e-11
450 2.597777e-08
451 1.949685e-08
452 1.374486e-08
453 9.267455e-09
454 5.898662e-09
455 3.594456e-09
456 2.209999e-09
457 1.384198e-09
458 8.920965e-10
459 5.843063e-10
460 3.797820e-10
461 2.390405e-10
462 1.430093e-10
463 8.044623e-11
464 4.242787e-11
465 2.740237e-08
466 2.064529e-08
467 1.459035e-08
468 9.862436e-09
469 6.294040e-09
470 3.832976e-09
471 2.353143e-09
472 1.470580e-09
473 9.460643e-10
474 6.193929e-10
475 4.030328e-10
476 2.542896e-10
477 1.526235e-10
478 8.615774e-11
479 4.559177e-11
480 2.874771e-08
481 2.172712e-08
482 1.538907e-08
483 1.042465e-08
484 6.668560e-09
485 4.058008e-09
486 2.489043e-09
487 1.552207e-09
488 9.970633e-10
489 6.525416e-10
490 4.250538e-10
491 2.687278e-10
492 1.617248e-10
493 9.155241e-11
494 4.857890e-11
495 3.032362e-08
496 2.299632e-08
497 1.632470e-08
498 1.108469e-08
499 7.105911e-09
500 4.322122e-09
501 2.647879e-09
502 1.647924e-09
503 1.056828e-09
504 6.913709e-10
505 4.507639e-10
506 2.855726e-10
507 1.723562e-10
508 9.787659e-11
509 5.208192e-11
510 2.603833e-08
511 1.963767e-08
512 1.389373e-08
513 9.386621e-09
514 6.006348e-09
515 3.667759e-09
516 2.253536e-09
517 1.407229e-09
518 9.038163e-10
519 5.904669e-10
520 3.834372e-10
521 2.416064e-10
522 1.449817e-10
523 8.193457e-11
524 4.345719e-11
525 2.895388e-08
526 2.208943e-08
527 1.575298e-08
528 1.071368e-08
529 6.914984e-09
530 4.230047e-09
531 2.589765e-09
532 1.606814e-09
533 1.025885e-09
534 6.679808e-10
535 4.342278e-10
536 2.750190e-10
537 1.663898e-10
538 9.498113e-11
539 5.091073e-11
540 3.132944e-08
541 2.408863e-08
542 1.726964e-08
543 1.179819e-08
544 7.656634e-09
545 4.690301e-09
546 2.864701e-09
547 1.770100e-09
548 1.125506e-09
549 7.312575e-10
550 4.756657e-10
551 3.022687e-10
552 1.838520e-10
553 1.056287e-10
554 5.699905e-11
555 3.340064e-08
556 2.583245e-08
557 1.859667e-08
558 1.274306e-08
559 8.304753e-09
560 5.091890e-09
561 3.104819e-09
562 1.912561e-09
563 1.212547e-09
564 7.864898e-10
565 5.118223e-10
566 3.260445e-10
567 1.990881e-10
568 1.149203e-10
569 6.231286e-11
570 3.536129e-08
571 2.748305e-08
572 1.984944e-08
573 1.363846e-08
574 8.918751e-09
575 5.471895e-09
576 3.332039e-09
577 2.047656e-09
578 1.294862e-09
579 8.387855e-10
580 5.460780e-10
581 3.485702e-10
582 2.135223e-10
583 1.237212e-10
584 6.734477e-11
585 3.766235e-08
586 2.941446e-08
587 2.131519e-08
588 1.468612e-08
589 9.634960e-09
590 5.916262e-09
591 3.597746e-09
592 2.205235e-09
593 1.391061e-09
594 8.998417e-10
595 5.860616e-10
596 3.748674e-10
597 2.303756e-10
598 1.339977e-10
599 7.322138e-11
600 3.281879e-08
601 2.544764e-08
602 1.836184e-08
603 1.259602e-08
604 8.224798e-09
605 5.064266e-09
606 3.084972e-09
607 1.899795e-09
608 1.202043e-09
609 7.779240e-10
610 5.053707e-10
611 3.217116e-10
612 1.965505e-10
613 1.136628e-10
614 6.181423e-11
615 3.606470e-08
616 2.828054e-08
617 2.058635e-08
618 1.420731e-08
619 9.346681e-09
620 5.785933e-09
621 3.513209e-09
622 2.153700e-09
623 1.353938e-09
624 8.722121e-10
625 5.660803e-10
626 3.614506e-10
627 2.222276e-10
628 1.296157e-10
629 7.117439e-11
630 3.889925e-08
631 3.076049e-08
632 2.253327e-08
633 1.561600e-08
634 1.032999e-08
635 6.418568e-09
636 3.888813e-09
637 2.376568e-09
638 1.487285e-09
639 9.547997e-10
640 6.192405e-10
641 3.962368e-10
642 2.447035e-10
643 1.435836e-10
644 7.937379e-11
645 4.158237e-08
646 3.310770e-08
647 2.437425e-08
648 1.695231e-08
649 1.126166e-08
650 7.017502e-09
651 4.244509e-09
652 2.587431e-09
653 1.613525e-09
654 1.033039e-09
655 6.695883e-10
656 4.291860e-10
657 2.659928e-10
658 1.568121e-10
659 8.713701e-11
660 4.472788e-08
661 3.586035e-08
662 2.652969e-08
663 1.851305e-08
664 1.234907e-08
665 7.717918e-09
666 4.659753e-09
667 2.833930e-09
668 1.760908e-09
669 1.124441e-09
670 7.283858e-10
671 4.676660e-10
672 2.908561e-10
673 1.722628e-10
674 9.620696e-11
675 4.024819e-08
676 3.204595e-08
677 2.362276e-08
678 1.644029e-08
679 1.091882e-08
680 6.826530e-09
681 4.131809e-09
682 2.521483e-09
683 1.570793e-09
684 1.004101e-09
685 6.496390e-10
686 4.157256e-10
687 2.573921e-10
688 1.517228e-10
689 8.438583e-11
690 4.398862e-08
691 3.543694e-08
692 2.637578e-08
693 1.846980e-08
694 1.235109e-08
695 7.778979e-09
696 4.701348e-09
697 2.860258e-09
698 1.769928e-09
699 1.124675e-09
700 7.256419e-10
701 4.649204e-10
702 2.892283e-10
703 1.717627e-10
704 9.640175e-11
705 4.753667e-08
706 3.865121e-08
707 2.898393e-08
708 2.039858e-08
709 1.371186e-08
710 8.684181e-09
711 5.242738e-09
712 3.181751e-09
713 1.959079e-09
714 1.239248e-09
715 7.978344e-10
716 5.116414e-10
717 3.194616e-10
718 1.907929e-10
719 1.078124e-10
720 5.168721e-08
721 4.240708e-08
722 3.203056e-08
723 2.265056e-08
724 1.529824e-08
725 9.740860e-09
726 5.874288e-09
727 3.557367e-09
728 2.179732e-09
729 1.372879e-09
730 8.820128e-10
731 5.661289e-10
732 3.547234e-10
733 2.129884e-10
734 1.211223e-10
735 4.876608e-08
736 3.989081e-08
737 3.009418e-08
738 2.127569e-08
739 1.434645e-08
740 9.138197e-09
741 5.528492e-09
742 3.350823e-09
743 2.055069e-09
744 1.294511e-09
745 8.305878e-10
746 5.319625e-10
747 3.324888e-10
748 1.991916e-10
749 1.131023e-10
750 5.338855e-08
751 4.421975e-08
752 3.373971e-08
753 2.403598e-08
754 1.631273e-08
755 1.048036e-08
756 6.352241e-09
757 3.837723e-09
758 2.338261e-09
759 1.462664e-09
760 9.340622e-10
761 5.977874e-10
762 3.748650e-10
763 2.260545e-10
764 1.294880e-10
765 5.879480e-08
766 4.928328e-08
767 3.799061e-08
768 2.725695e-08
769 1.860787e-08
770 1.204830e-08
771 7.315060e-09
772 4.406864e-09
773 2.668922e-09
774 1.659027e-09
775 1.054820e-09
776 6.746116e-10
777 4.243212e-10
778 2.574058e-10
779 1.486135e-10
780 5.934862e-08
781 4.997164e-08
782 3.873606e-08
783 2.792413e-08
784 1.911534e-08
785 1.242696e-08
786 7.585879e-09
787 4.561760e-09
788 2.758317e-09
789 1.707962e-09
790 1.081593e-09
791 6.897850e-10
792 4.334959e-10
793 2.632817e-10
794 1.524676e-10
795 6.645372e-08
796 5.685621e-08
797 4.474488e-08
798 3.262868e-08
799 2.251961e-08
800 1.479532e-08
801 9.099556e-09
802 5.449989e-09
803 3.274934e-09
804 2.008340e-09
805 1.261328e-09
806 8.012948e-10
807 5.042828e-10
808 3.081454e-10
809 1.801756e-10
810 7.628442e-08
811 6.673263e-08
812 5.376205e-08
813 3.998778e-08
814 2.796789e-08
815 1.864031e-08
816 1.166294e-08
817 6.968278e-09
818 4.163090e-09
819 2.514568e-09
820 1.554806e-09
821 9.773451e-10
822 6.132841e-10
823 3.765345e-10
824 2.226373e-10
825 5.042755e-07
826 3.683213e-07
827 2.729181e-07
828 1.698438e-07
829 1.034748e-07
830 6.130113e-08
831 3.743192e-08
832 2.401554e-08
833 1.621257e-08
834 0.000000e+00
835 0.000000e+00
836 0.000000e+00
837 0.000000e+00
838 0.000000e+00
839 0.000000e+00
840 7.570865e-07
841 5.531196e-07
842 4.102940e-07
843 2.583128e-07
844 1.569784e-07
845 9.288124e-08
846 5.660718e-08
847 3.618130e-08
848 2.435751e-08
849 0.000000e+00
850 0.000000e+00
851 0.000000e+00
852 0.000000e+00
853 0.000000e+00
854 0.000000e+00
855 9.038774e-07
856 6.604365e-07
857 4.900553e-07
858 3.096967e-07
859 1.880403e-07
860 1.112193e-07
861 6.774284e-08
862 4.324595e-08
863 2.908727e-08
864 0.000000e+00
865 0.000000e+00
866 0.000000e+00
867 0.000000e+00
868 0.000000e+00
869 0.000000e+00
870 9.997523e-07
871 7.305285e-07
872 5.421550e-07
873 3.432827e-07
874 2.083418e-07
875 1.232034e-07
876 7.501923e-08
877 4.786155e-08
878 3.217659e-08
879 0.000000e+00
880 0.000000e+00
881 0.000000e+00
882 0.000000e+00
883 0.000000e+00
884 0.000000e+00
885 1.071616e-06
886 7.830702e-07
887 5.812037e-07
888 3.684567e-07
889 2.235589e-07
890 1.321862e-07
891 8.047326e-08
892 5.132108e-08
893 3.449239e-08
894 0.000000e+00
895 0.000000e+00
896 0.000000e+00
897 0.000000e+00
898 0.000000e+00
899 0.000000e+00
900 1.129848e-06
901 8.256434e-07
902 6.128485e-07
903 3.888557e-07
904 2.358886e-07
905 1.394653e-07
906 8.489259e-08
907 5.412450e-08
908 3.636883e-08
909 0.000000e+00
910 0.000000e+00
911 0.000000e+00
912 0.000000e+00
913 0.000000e+00
914 0.000000e+00
915 1.180655e-06
916 8.627868e-07
917 6.404560e-07
918 4.066546e-07
919 2.466471e-07
920 1.458156e-07
921 8.874854e-08
922 5.657025e-08
923 3.800596e-08
924 0.000000e+00
925 0.000000e+00
926 0.000000e+00
927 0.000000e+00
928 0.000000e+00
929 0.000000e+00
930 1.228825e-06
931 8.980049e-07
932 6.666324e-07
933 4.235292e-07
934 2.568467e-07
935 1.518362e-07
936 9.240427e-08
937 5.888908e-08
938 3.955806e-08
939 0.000000e+00
940 0.000000e+00
941 0.000000e+00
942 0.000000e+00
943 0.000000e+00
944 0.000000e+00
945 1.285035e-06
946 9.391027e-07
947 6.971769e-07
948 4.432215e-07
949 2.687492e-07
950 1.588625e-07
951 9.667064e-08
952 6.159489e-08
953 4.136944e-08
954 0.000000e+00
955 0.000000e+00
956 0.000000e+00
957 0.000000e+00
958 0.000000e+00
959 0.000000e+00
960 3.353557e-07
961 2.670658e-07
962 1.937268e-07
963 1.452834e-07
964 8.987373e-08
965 5.501825e-08
966 3.197896e-08
967 1.912177e-08
968 1.198381e-08
969 7.934430e-09
970 0.000000e+00
971 0.000000e+00
972 0.000000e+00
973 0.000000e+00
974 0.000000e+00
975 5.207052e-07
976 4.175454e-07
977 3.031752e-07
978 2.271464e-07
979 1.423621e-07
980 8.680154e-08
981 5.041678e-08
982 3.010633e-08
983 1.879898e-08
984 1.241002e-08
985 0.000000e+00
986 0.000000e+00
987 0.000000e+00
988 0.000000e+00
989 0.000000e+00
990 6.453636e-07
991 5.188471e-07
992 3.768725e-07
993 2.822553e-07
994 1.777562e-07
995 1.082170e-07
996 6.284091e-08
997 3.750792e-08
998 2.338940e-08
999 1.542336e-08
1000 0.000000e+00
1001 0.000000e+00
1002 0.000000e+00
1003 0.000000e+00
1004 0.000000e+00
1005 7.387817e-07
1006 5.947563e-07
1007 4.320943e-07
1008 3.235509e-07
1009 2.042784e-07
1010 1.242635e-07
1011 7.215089e-08
1012 4.305440e-08
1013 2.682901e-08
1014 1.768134e-08
1015 0.000000e+00
1016 0.000000e+00
1017 0.000000e+00
1018 0.000000e+00
1019 0.000000e+00
1020 8.144885e-07
1021 6.562691e-07
1022 4.768454e-07
1023 3.570145e-07
1024 2.257722e-07
1025 1.372686e-07
1026 7.969585e-08
1027 4.754895e-08
1028 2.961666e-08
1029 1.951106e-08
1030 0.000000e+00
1031 0.000000e+00
1032 0.000000e+00
1033 0.000000e+00
1034 0.000000e+00
1035 8.805317e-07
1036 7.099357e-07
1037 5.158909e-07
1038 3.862095e-07
1039 2.445231e-07
1040 1.486140e-07
1041 8.627788e-08
1042 5.147034e-08
1043 3.204859e-08
1044 2.110758e-08
1045 0.000000e+00
1046 0.000000e+00
1047 0.000000e+00
1048 0.000000e+00
1049 0.000000e+00
1050 9.431492e-07
1051 7.608191e-07
1052 5.529060e-07
1053 4.138882e-07
1054 2.622997e-07
1055 1.593712e-07
1056 9.251858e-08
1057 5.518794e-08
1058 3.435424e-08
1059 2.262109e-08
1060 0.000000e+00
1061 0.000000e+00
1062 0.000000e+00
1063 0.000000e+00
1064 0.000000e+00
1065 1.016226e-06
1066 8.202033e-07
1067 5.961074e-07
1068 4.461952e-07
1069 2.830476e-07
1070 1.719260e-07
1071 9.980173e-08
1072 5.952715e-08
1073 3.704515e-08
1074 2.438755e-08
1075 0.000000e+00
1076 0.000000e+00
1077 0.000000e+00
1078 0.000000e+00
1079 0.000000e+00
1080 1.984500e-07
1081 1.804763e-07
1082 1.390371e-07
1083 1.005456e-07
1084 7.534255e-08
1085 4.354857e-08
1086 2.669016e-08
1087 1.538905e-08
1088 9.100533e-09
1089 5.661935e-09
1090 0.000000e+00
1091 0.000000e+00
1092 0.000000e+00
1093 0.000000e+00
1094 0.000000e+00
1095 3.309393e-07
1096 3.023153e-07
1097 2.338707e-07
1098 1.690181e-07
1099 1.268396e-07
1100 7.373185e-08
1101 4.530921e-08
1102 2.606169e-08
1103 1.535616e-08
1104 9.531654e-09
1105 0.000000e+00
1106 0.000000e+00
1107 0.000000e+00
1108 0.000000e+00
1109 0.000000e+00
1110 4.312126e-07
1111 3.945722e-07
1112 3.057090e-07
1113 2.208861e-07
1114 1.658505e-07
1115 9.661410e-08
1116 5.942546e-08
1117 3.415205e-08
1118 2.009664e-08
1119 1.246340e-08
1120 0.000000e+00
1121 0.000000e+00
1122 0.000000e+00
1123 0.000000e+00
1124 0.000000e+00
1125 5.124365e-07
1126 4.692955e-07
1127 3.638956e-07
1128 2.628979e-07
1129 1.974471e-07
1130 1.151472e-07
1131 7.085894e-08
1132 4.070488e-08
1133 2.393611e-08
1134 1.483801e-08
1135 0.000000e+00
1136 0.000000e+00
1137 0.000000e+00
1138 0.000000e+00
1139 0.000000e+00
1140 5.832917e-07
1141 5.344873e-07
1142 4.146574e-07
1143 2.995491e-07
1144 2.250131e-07
1145 1.313158e-07
1146 8.083386e-08
1147 4.642172e-08
1148 2.728576e-08
1149 1.690958e-08
1150 0.000000e+00
1151 0.000000e+00
1152 0.000000e+00
1153 0.000000e+00
1154 0.000000e+00
1155 6.504707e-07
1156 5.962925e-07
1157 4.627849e-07
1158 3.342978e-07
1159 2.511482e-07
1160 1.466453e-07
1161 9.029073e-08
1162 5.184174e-08
1163 3.046150e-08
1164 1.887357e-08
1165 0.000000e+00
1166 0.000000e+00
1167 0.000000e+00
1168 0.000000e+00
1169 0.000000e+00
1170 7.288768e-07
1171 6.684261e-07
1172 5.189534e-07
1173 3.748530e-07
1174 2.816492e-07
1175 1.645363e-07
1176 1.013278e-07
1177 5.816726e-08
1178 3.416801e-08
1179 2.116588e-08
1180 0.000000e+00
1181 0.000000e+00
1182 0.000000e+00
1183 0.000000e+00
1184 0.000000e+00
1185 1.319640e-07
1186 1.302537e-07
1187 1.095276e-07
1188 8.000695e-08
1189 5.943739e-08
1190 4.039438e-08
1191 2.383851e-08
1192 1.358176e-08
1193 7.851493e-09
1194 4.639726e-09
1195 2.906415e-09
1196 0.000000e+00
1197 0.000000e+00
1198 0.000000e+00
1199 0.000000e+00
1200 2.316270e-07
1201 2.292905e-07
1202 1.935458e-07
1203 1.416327e-07
1204 1.050430e-07
1205 7.190366e-08
1206 4.221843e-08
1207 2.408828e-08
1208 1.394445e-08
1209 8.225108e-09
1210 5.141486e-09
1211 0.000000e+00
1212 0.000000e+00
1213 0.000000e+00
1214 0.000000e+00
1215 3.128916e-07
1216 3.100655e-07
1217 2.620942e-07
1218 1.919211e-07
1219 1.422529e-07
1220 9.762464e-08
1221 5.721702e-08
1222 3.266329e-08
1223 1.891721e-08
1224 1.115111e-08
1225 6.965280e-09
1226 0.000000e+00
1227 0.000000e+00
1228 0.000000e+00
1229 0.000000e+00
1230 3.837349e-07
1231 3.804813e-07
1232 3.218467e-07
1233 2.357565e-07
1234 1.746879e-07
1235 1.200470e-07
1236 7.029114e-08
1237 4.013832e-08
1238 2.325210e-08
1239 1.370181e-08
1240 8.555021e-09
1241 0.000000e+00
1242 0.000000e+00
1243 0.000000e+00
1244 0.000000e+00
1245 4.509070e-07
1246 4.472424e-07
1247 3.785032e-07
1248 2.773197e-07
1249 2.054427e-07
1250 1.413066e-07
1251 8.268781e-08
1252 4.722602e-08
1253 2.736234e-08
1254 1.612028e-08
1255 1.006240e-08
1256 0.000000e+00
1257 0.000000e+00
1258 0.000000e+00
1259 0.000000e+00
1260 5.292942e-07
1261 5.251555e-07
1262 4.446224e-07
1263 3.258271e-07
1264 2.413340e-07
1265 1.661160e-07
1266 9.715512e-08
1267 5.549700e-08
1268 3.215885e-08
1269 1.894261e-08
1270 1.182156e-08
1271 0.000000e+00
1272 0.000000e+00
1273 0.000000e+00
1274 0.000000e+00
1275 9.503116e-08
1276 9.894742e-08
1277 8.953819e-08
1278 6.849705e-08
1279 4.951317e-08
1280 3.708757e-08
1281 2.095463e-08
1282 1.265448e-08
1283 7.150410e-09
1284 4.130120e-09
1285 2.472651e-09
1286 0.000000e+00
1287 0.000000e+00
1288 0.000000e+00
1289 0.000000e+00
1290 1.740063e-07
1291 1.815651e-07
1292 1.648233e-07
1293 1.264449e-07
1294 9.134112e-08
1295 6.852784e-08
1296 3.883295e-08
1297 2.352976e-08
1298 1.326497e-08
1299 7.642880e-09
1300 4.566447e-09
1301 0.000000e+00
1302 0.000000e+00
1303 0.000000e+00
1304 0.000000e+00
1305 2.429902e-07
1306 2.537402e-07
1307 2.306033e-07
1308 1.770848e-07
1309 1.278938e-07
1310 9.600418e-08
1311 5.446178e-08
1312 3.303809e-08
1313 1.861048e-08
1314 1.071314e-08
1315 6.396294e-09
1316 0.000000e+00
1317 0.000000e+00
1318 0.000000e+00
1319 0.000000e+00
1320 3.083535e-07
1321 3.221251e-07
1322 2.929295e-07
1323 2.250668e-07
1324 1.625279e-07
1325 1.220379e-07
1326 6.926928e-08
1327 4.204665e-08
1328 2.367504e-08
1329 1.362204e-08
1330 8.130049e-09
1331 0.000000e+00
1332 0.000000e+00
1333 0.000000e+00
1334 0.000000e+00
1335 3.846351e-07
1336 4.019336e-07
1337 3.656671e-07
1338 2.810611e-07
1339 2.029445e-07
1340 1.524187e-07
1341 8.654969e-08
1342 5.256006e-08
1343 2.958545e-08
1344 1.701681e-08
1345 1.015334e-08
1346 0.000000e+00
1347 0.000000e+00
1348 0.000000e+00
1349 0.000000e+00
1350 7.283418e-08
1351 7.883551e-08
1352 7.559666e-08
1353 6.126032e-08
1354 4.419520e-08
1355 3.331752e-08
1356 2.081140e-08
1357 1.276016e-08
1358 7.084052e-09
1359 3.900764e-09
1360 2.254547e-09
1361 1.371114e-09
1362 0.000000e+00
1363 0.000000e+00
1364 0.000000e+00
1365 1.389610e-07
1366 1.506626e-07
1367 1.448422e-07
1368 1.177290e-07
1369 8.498980e-08
1370 6.400853e-08
1371 4.025933e-08
1372 2.461037e-08
1373 1.366576e-08
1374 7.528864e-09
1375 4.341324e-09
1376 2.634311e-09
1377 0.000000e+00
1378 0.000000e+00
1379 0.000000e+00
1380 2.014767e-07
1381 2.185707e-07
1382 2.103149e-07
1383 1.711261e-07
1384 1.235678e-07
1385 9.303001e-08
1386 5.865350e-08
1387 3.581703e-08
1388 1.989015e-08
1389 1.096029e-08
1390 6.314763e-09
1391 3.828800e-09
1392 0.000000e+00
1393 0.000000e+00
1394 0.000000e+00
1395 2.744113e-07
1396 2.977963e-07
1397 2.866989e-07
1398 2.334204e-07
1399 1.685727e-07
1400 1.268869e-07
1401 8.011258e-08
1402 4.889087e-08
1403 2.715156e-08
1404 1.496335e-08
1405 8.616990e-09
1406 5.222325e-09
1407 0.000000e+00
1408 0.000000e+00
1409 0.000000e+00
1410 5.933525e-08
1411 6.622146e-08
1412 6.652514e-08
1413 5.714182e-08
1414 4.211836e-08
1415 3.102197e-08
1416 2.185389e-08
1417 1.246907e-08
1418 7.019708e-09
1419 3.972160e-09
1420 2.209473e-09
1421 1.288608e-09
1422 0.000000e+00
1423 0.000000e+00
1424 0.000000e+00
1425 1.183648e-07
1426 1.322902e-07
1427 1.331860e-07
1428 1.147429e-07
1429 8.472193e-08
1430 6.232145e-08
1431 4.411562e-08
1432 2.508688e-08
1433 1.415424e-08
1434 8.008025e-09
1435 4.451965e-09
1436 2.591253e-09
1437 0.000000e+00
1438 0.000000e+00
1439 0.000000e+00
1440 1.868958e-07
1441 2.089944e-07
1442 2.105783e-07
1443 1.816170e-07
1444 1.341846e-07
1445 9.865966e-08
1446 6.996154e-08
1447 3.973627e-08
1448 2.243781e-08
1449 1.269371e-08
1450 7.055578e-09
1451 4.103619e-09
1452 0.000000e+00
1453 0.000000e+00
1454 0.000000e+00
1455 5.172264e-08
1456 5.927267e-08
1457 6.195521e-08
1458 5.629284e-08
1459 4.317048e-08
1460 3.118010e-08
1461 2.341954e-08
1462 1.312974e-08
1463 7.853588e-09
1464 4.302795e-09
1465 2.372038e-09
1466 1.324451e-09
1467 0.000000e+00
1468 0.000000e+00
1469 0.000000e+00
1470 1.148130e-07
1471 1.317448e-07
1472 1.379759e-07
1473 1.257293e-07
1474 9.667179e-08
1475 6.978223e-08
1476 5.248631e-08
1477 2.951518e-08
1478 1.771600e-08
1479 9.687850e-09
1480 5.327940e-09
1481 2.968817e-09
1482 0.000000e+00
1483 0.000000e+00
1484 0.000000e+00
1485 5.396823e-08
1486 6.341605e-08
1487 6.876136e-08
1488 6.601484e-08
1489 5.352787e-08
1490 3.862365e-08
1491 2.913724e-08
1492 1.811824e-08
1493 1.102602e-08
1494 5.983421e-09
1495 3.151528e-09
1496 1.700303e-09
1497 9.468511e-10
1498 0.000000e+00
1499 0.000000e+00
1500 1.109684e-04
1501 8.086786e-05
1502 6.035546e-05
1503 3.805236e-05
1504 2.321989e-05
1505 1.369104e-05
1506 8.324421e-06
1507 5.304277e-06
1508 3.565556e-06
1509 0.000000e+00
1510 0.000000e+00
1511 0.000000e+00
1512 0.000000e+00
1513 0.000000e+00
1514 0.000000e+00
1515 5.757601e-05
1516 4.644359e-05
1517 3.369791e-05
1518 2.528332e-05
1519 1.597668e-05
1520 9.754545e-06
1521 5.648866e-06
1522 3.364481e-06
1523 2.093966e-06
1524 1.379138e-06
1525 0.000000e+00
1526 0.000000e+00
1527 0.000000e+00
1528 0.000000e+00
1529 0.000000e+00
1530 4.047788e-05
1531 3.713775e-05
1532 2.882267e-05
1533 2.080348e-05
1534 1.566222e-05
1535 9.111532e-06
1536 5.625604e-06
1537 3.225263e-06
1538 1.896511e-06
1539 1.174730e-06
1540 0.000000e+00
1541 0.000000e+00
1542 0.000000e+00
1543 0.000000e+00
1544 0.000000e+00
1545 2.912801e-05
1546 2.891312e-05
1547 2.448503e-05
1548 1.793535e-05
1549 1.328396e-05
1550 9.154542e-06
1551 5.351144e-06
1552 3.053081e-06
1553 1.771954e-06
1554 1.042590e-06
1555 6.506122e-07
1556 0.000000e+00
1557 0.000000e+00
1558 0.000000e+00
1559 0.000000e+00
1560 2.085098e-05
1561 2.179680e-05
1562 1.983793e-05
1563 1.524768e-05
1564 1.100576e-05
1565 8.274949e-06
1566 4.689296e-06
1567 2.850415e-06
1568 1.602925e-06
1569 9.233707e-07
1570 5.506294e-07
1571 0.000000e+00
1572 0.000000e+00
1573 0.000000e+00
1574 0.000000e+00
1575 1.487210e-05
1576 1.614453e-05
1577 1.554949e-05
1578 1.266314e-05
1579 9.143013e-06
1580 6.883420e-06
1581 4.347301e-06
1582 2.655947e-06
1583 1.474901e-06
1584 8.112783e-07
1585 4.673052e-07
1586 2.832009e-07
1587 0.000000e+00
1588 0.000000e+00
1589 0.000000e+00
1590 1.001028e-05
1591 1.119728e-05
1592 1.128693e-05
1593 9.739022e-06
1594 7.195644e-06
1595 5.289411e-06
1596 3.755371e-06
1597 2.130464e-06
1598 1.202339e-06
1599 6.811759e-07
1600 3.783133e-07
1601 2.200058e-07
1602 0.000000e+00
1603 0.000000e+00
1604 0.000000e+00
1605 6.201116e-06
1606 7.118100e-06
1607 7.458527e-06
1608 6.801106e-06
1609 5.231433e-06
1610 3.775220e-06
1611 2.841823e-06
1612 1.597077e-06
1613 9.596537e-07
1614 5.242846e-07
1615 2.885232e-07
1616 1.606418e-07
1617 0.000000e+00
1618 0.000000e+00
1619 0.000000e+00
1620 3.163407e-06
1621 3.720115e-06
1622 4.038202e-06
1623 3.883392e-06
1624 3.154630e-06
1625 2.276770e-06
1626 1.716871e-06
1627 1.071974e-06
1628 6.518364e-07
1629 3.538249e-07
1630 1.861971e-07
1631 1.003484e-07
1632 5.578990e-08
1633 0.000000e+00
1634 0.000000e+00
1635 8.891198e-07
1636 1.072208e-06
1637 1.206146e-06
1638 1.224576e-06
1639 1.066696e-06
1640 7.933436e-07
1641 5.815894e-07
1642 4.169104e-07
1643 2.343421e-07
1644 1.314261e-07
1645 7.164692e-08
1646 3.730540e-08
1647 1.958823e-08
1648 0.000000e+00
1649 0.000000e+00
