0 2.228641e-09
1 1.448447e-09
2 9.110480e-10
3 5.738802e-10
4 3.688872e-10
5 2.427254e-10
6 1.614087e-10
7 1.059998e-10
8 6.716379e-11
9 4.034029e-11
10 2.274149e-11
11 1.201614e-11
12 5.991129e-12
13 2.850720e-12
14 1.310721e-12
15 3.777462e-09
16 2.512593e-09
17 1.597327e-09
18 9.957818e-10
19 6.296699e-10
20 4.077608e-10
21 2.697417e-10
22 1.788601e-10
23 1.159636e-10
24 7.193209e-11
25 4.204094e-11
26 2.300861e-11
27 1.182060e-11
28 5.754151e-12
29 2.687002e-12
30 4.330865e-09
31 2.900603e-09
32 1.854336e-09
33 1.154903e-09
34 7.272597e-10
35 4.684414e-10
36 3.088545e-10
37 2.049614e-10
38 1.335230e-10
39 8.348446e-11
40 4.928900e-11
41 2.726608e-11
42 1.414370e-11
43 6.939142e-12
44 3.258260e-12
45 4.636439e-09
46 3.114962e-09
47 1.996436e-09
48 1.242972e-09
49 7.812589e-10
50 5.020122e-10
51 3.305277e-10
52 2.193434e-10
53 1.432128e-10
54 8.986033e-11
55 5.328642e-11
56 2.961102e-11
57 1.542723e-11
58 7.594524e-12
59 3.574750e-12
60 4.841265e-09
61 3.258847e-09
62 2.091662e-09
63 1.302019e-09
64 8.174593e-10
65 5.245804e-10
66 3.450726e-10
67 2.290371e-10
68 1.497052e-10
69 9.414645e-11
70 5.598487e-11
71 3.119902e-11
72 1.629105e-11
73 8.034899e-12
74 3.788099e-12
75 4.995041e-09
76 3.366576e-09
77 2.163227e-09
78 1.346282e-09
79 8.446426e-10
80 5.415119e-10
81 3.559662e-10
82 2.362901e-10
83 1.546173e-10
84 9.737804e-11
85 5.799574e-11
86 3.237957e-11
87 1.693891e-11
88 8.365748e-12
89 3.947470e-12
90 5.115101e-09
91 3.450688e-09
92 2.218923e-09
93 1.380965e-09
94 8.659054e-10
95 5.546916e-10
96 3.644846e-10
97 2.419745e-10
98 1.584325e-10
99 9.988809e-11
100 5.958250e-11
101 3.330935e-11
102 1.744689e-11
103 8.625089e-12
104 4.072585e-12
105 5.229387e-09
106 3.530667e-09
107 2.272314e-09
108 1.414115e-09
109 8.861102e-10
110 5.672650e-10
111 3.725764e-10
112 2.473572e-10
113 1.620038e-10
114 1.022381e-10
115 6.104891e-11
116 3.418437e-11
117 1.792801e-11
118 8.870626e-12
119 4.187862e-12
120 5.333399e-09
121 3.604010e-09
122 2.320887e-09
123 1.444063e-09
124 9.045014e-10
125 5.786701e-10
126 3.798965e-10
127 2.522645e-10
128 1.653569e-10
129 1.044450e-10
130 6.244515e-11
131 3.498956e-11
132 1.836457e-11
133 9.093764e-12
134 4.298997e-12
135 5.451969e-09
136 3.686790e-09
137 2.376386e-09
138 1.478553e-09
139 9.255937e-10
140 5.918450e-10
141 3.883979e-10
142 2.578488e-10
143 1.691593e-10
144 1.069658e-10
145 6.401669e-11
146 3.591333e-11
147 1.887014e-11
148 9.350052e-12
149 4.422613e-12
150 7.900024e-09
151 5.439467e-09
152 3.573052e-09
153 2.232220e-09
154 1.384203e-09
155 8.726607e-10
156 5.658910e-10
157 3.744681e-10
158 2.475764e-10
159 1.593860e-10
160 9.775881e-11
161 5.634702e-11
162 3.037524e-11
163 1.537708e-11
164 7.388720e-12
165 9.988153e-09
166 6.964944e-09
167 4.641389e-09
168 2.930193e-09
169 1.807870e-09
170 1.130392e-09
171 7.250697e-10
172 4.766706e-10
173 3.155958e-10
174 2.050568e-10
175 1.277415e-10
176 7.506159e-11
177 4.128217e-11
178 2.127977e-11
179 1.037084e-11
180 1.120758e-08
181 7.860957e-09
182 5.269958e-09
183 3.344765e-09
184 2.060625e-09
185 1.284287e-09
186 8.195213e-10
187 5.370255e-10
188 3.555692e-10
189 2.318887e-10
190 1.453977e-10
191 8.612716e-11
192 4.778010e-11
193 2.482734e-11
194 1.217886e-11
195 1.202979e-08
196 8.466418e-09
197 5.695225e-09
198 3.625240e-09
199 2.231960e-09
200 1.388363e-09
201 8.833603e-10
202 5.779039e-10
203 3.826106e-10
204 2.500267e-10
205 1.573283e-10
206 9.362109e-11
207 5.218552e-11
208 2.723386e-11
209 1.340536e-11
210 1.264582e-08
211 8.919845e-09
212 6.014110e-09
213 3.834853e-09
214 2.360305e-09
215 1.466390e-09
216 9.312930e-10
217 6.084512e-10
218 4.028272e-10
219 2.635810e-10
220 1.662387e-10
221 9.922478e-11
222 5.547758e-11
223 2.902864e-11
224 1.432345e-11
225 1.312692e-08
226 9.273157e-09
227 6.261721e-09
228 3.998984e-09
229 2.460046e-09
230 1.527112e-09
231 9.685242e-10
232 6.322744e-10
233 4.185954e-10
234 2.741554e-10
235 1.732081e-10
236 1.035770e-10
237 5.803341e-11
238 3.042907e-11
239 1.503687e-11
240 1.358089e-08
241 9.607254e-09
242 6.496989e-09
243 4.154261e-09
244 2.555138e-09
245 1.584903e-09
246 1.003852e-09
247 6.547638e-10
248 4.335702e-10
249 2.841912e-10
250 1.798042e-10
251 1.077183e-10
252 6.047240e-11
253 3.176128e-11
254 1.571037e-11
255 1.399591e-08
256 9.912325e-09
257 6.711649e-09
258 4.296169e-09
259 2.641348e-09
260 1.637317e-09
261 1.036075e-09
262 6.753174e-10
263 4.471939e-10
264 2.933256e-10
265 1.858149e-10
266 1.114968e-10
267 6.268965e-11
268 3.296869e-11
269 1.633032e-11
270 1.447713e-08
271 1.026651e-08
272 6.960211e-09
273 4.459756e-09
274 2.741088e-09
275 1.698379e-09
276 1.073732e-09
277 6.993289e-10
278 4.629796e-10
279 3.039237e-10
280 1.928035e-10
281 1.158833e-10
282 6.525977e-11
283 3.437497e-11
284 1.704684e-11
285 1.364983e-08
286 9.712477e-09
287 6.597071e-09
288 4.257250e-09
289 2.624116e-09
290 1.625128e-09
291 1.024585e-09
292 6.645926e-10
293 4.383938e-10
294 2.873205e-10
295 1.824338e-10
296 1.100458e-10
297 6.233543e-11
298 3.305966e-11
299 1.650070e-11
300 1.606367e-08
301 1.156158e-08
302 7.924998e-09
303 5.172754e-09
304 3.200883e-09
305 1.972560e-09
306 1.233904e-09
307 7.941412e-10
308 5.218886e-10
309 3.428130e-10
310 2.193820e-10
311 1.339278e-10
312 7.695570e-11
313 4.141362e-11
314 2.093958e-11
315 1.772898e-08
316 1.284583e-08
317 8.849914e-09
318 5.812880e-09
319 3.607249e-09
320 2.216682e-09
321 1.381306e-09
322 8.850879e-10
323 5.802671e-10
324 3.814852e-10
325 2.451110e-10
326 1.505859e-10
327 8.718783e-11
328 4.728584e-11
329 2.407531e-11
330 1.898222e-08
331 1.381217e-08
332 9.543811e-09
333 6.291799e-09
334 3.912380e-09
335 2.400249e-09
336 1.491980e-09
337 9.534128e-10
338 6.242217e-10
339 4.105560e-10
340 2.644294e-10
341 1.630919e-10
342 9.487270e-11
343 5.169929e-11
344 2.643348e-11
345 1.995816e-08
346 1.456463e-08
347 1.008717e-08
348 6.667941e-09
349 4.150318e-09
350 2.543500e-09
351 1.578351e-09
352 1.006688e-09
353 6.583382e-10
354 4.331670e-10
355 2.794990e-10
356 1.728455e-10
357 1.008638e-10
358 5.513901e-11
359 2.827171e-11
360 2.088391e-08
361 1.527905e-08
362 1.060193e-08
363 7.022465e-09
364 4.375664e-09
365 2.679285e-09
366 1.659982e-09
367 1.057094e-09
368 6.907012e-10
369 4.546272e-10
370 2.937621e-10
371 1.820813e-10
372 1.065364e-10
373 5.839556e-11
374 3.001108e-11
375 2.172205e-08
376 1.592527e-08
377 1.106689e-08
378 7.344656e-09
379 4.579717e-09
380 2.802238e-09
381 1.734152e-09
382 1.102814e-09
383 7.200662e-10
384 4.740839e-10
385 3.067174e-10
386 1.904644e-10
387 1.116845e-10
388 6.135059e-11
389 3.158944e-11
390 2.270218e-08
391 1.668198e-08
392 1.161132e-08
393 7.721064e-09
394 4.819071e-09
395 2.946721e-09
396 1.821231e-09
397 1.156558e-09
398 7.544459e-10
399 4.968971e-10
400 3.218912e-10
401 2.002909e-10
402 1.177224e-10
403 6.481181e-11
404 3.343946e-11
405 1.967446e-08
406 1.441993e-08
407 1.000812e-08
408 6.635017e-09
409 4.153370e-09
410 2.543705e-09
411 1.577414e-09
412 1.002863e-09
413 6.536807e-10
414 4.292896e-10
415 2.769610e-10
416 1.716067e-10
417 1.005193e-10
418 5.523537e-11
419 2.848181e-11
420 2.234103e-08
421 1.656711e-08
422 1.158930e-08
423 7.747996e-09
424 4.892043e-09
425 2.988203e-09
426 1.844991e-09
427 1.164187e-09
428 7.544973e-10
429 4.948371e-10
430 3.204315e-10
431 2.001162e-10
432 1.184842e-10
433 6.589505e-11
434 3.437909e-11
435 2.436425e-08
436 1.820624e-08
437 1.279687e-08
438 8.601406e-09
439 5.459189e-09
440 3.330614e-09
441 2.051443e-09
442 1.288293e-09
443 8.320590e-10
444 5.451044e-10
445 3.537246e-10
446 2.219483e-10
447 1.322584e-10
448 7.408884e-11
449 3.892653e-11
450 2.595327e-08
451 1.948781e-08
452 1.374434e-08
453 9.268951e-09
454 5.902384e-09
455 3.599016e-09
456 2.212548e-09
457 1.385455e-09
458 8.924932e-10
459 5.843478e-10
460 3.797129e-10
461 2.389894e-10
462 1.430102e-10
463 8.048480e-11
464 4.247728e-11
465 2.745349e-08
466 2.070086e-08
467 1.464047e-08
468 9.899651e-09
469 6.322560e-09
470 3.853399e-09
471 2.365095e-09
472 1.477366e-09
473 9.498783e-10
474 6.215744e-10
475 4.043567e-10
476 2.551499e-10
477 1.532076e-10
478 8.655164e-11
479 4.584523e-11
480 2.881225e-08
481 2.179651e-08
482 1.545226e-08
483 1.047146e-08
484 6.703645e-09
485 4.083387e-09
486 2.503661e-09
487 1.560531e-09
488 1.001795e-09
489 6.552637e-10
490 4.266924e-10
491 2.697937e-10
492 1.624446e-10
493 9.204081e-11
494 4.889151e-11
495 3.040322e-08
496 2.308192e-08
497 1.640085e-08
498 1.114126e-08
499 7.148666e-09
500 4.352507e-09
501 2.665495e-09
502 1.658054e-09
503 1.062574e-09
504 6.946849e-10
505 4.527865e-10
506 2.868865e-10
507 1.732409e-10
508 9.846806e-11
509 5.245967e-11
510 2.602091e-08
511 1.962625e-08
512 1.388754e-08
513 9.381884e-09
514 6.003946e-09
515 3.667609e-09
516 2.252977e-09
517 1.406939e-09
518 9.035931e-10
519 5.902385e-10
520 3.832557e-10
521 2.414836e-10
522 1.449106e-10
523 8.189945e-11
524 4.344415e-11
525 2.894216e-08
526 2.208412e-08
527 1.575264e-08
528 1.071376e-08
529 6.916119e-09
530 4.232355e-09
531 2.591069e-09
532 1.607497e-09
533 1.026209e-09
534 6.680518e-10
535 4.342167e-10
536 2.749956e-10
537 1.663830e-10
538 9.499054e-11
539 5.092768e-11
540 3.124290e-08
541 2.402371e-08
542 1.722742e-08
543 1.176978e-08
544 7.639059e-09
545 4.682428e-09
546 2.859454e-09
547 1.767060e-09
548 1.123275e-09
549 7.296918e-10
550 4.745283e-10
551 3.014889e-10
552 1.833635e-10
553 1.053546e-10
554 5.686348e-11
555 3.342194e-08
556 2.586223e-08
557 1.862776e-08
558 1.276937e-08
559 8.324584e-09
560 5.108190e-09
561 3.114122e-09
562 1.918471e-09
563 1.215588e-09
564 7.881387e-10
565 5.127443e-10
566 3.266037e-10
567 1.994610e-10
568 1.151798e-10
569 6.249100e-11
570 3.540077e-08
571 2.753229e-08
572 1.989979e-08
573 1.367860e-08
574 8.948466e-09
575 5.495934e-09
576 3.345828e-09
577 2.056020e-09
578 1.299459e-09
579 8.412940e-10
580 5.475061e-10
581 3.494451e-10
582 2.140999e-10
583 1.241159e-10
584 6.760997e-11
585 3.771976e-08
586 2.948418e-08
587 2.138584e-08
588 1.474037e-08
589 9.674792e-09
590 5.947842e-09
591 3.615904e-09
592 2.216320e-09
593 1.397170e-09
594 9.032107e-10
595 5.879960e-10
596 3.760590e-10
597 2.311595e-10
598 1.345283e-10
599 7.357406e-11
600 3.279073e-08
601 2.542133e-08
602 1.834721e-08
603 1.258548e-08
604 8.217564e-09
605 5.060288e-09
606 3.083046e-09
607 1.898588e-09
608 1.201183e-09
609 7.773303e-10
610 5.049446e-10
611 3.214163e-10
612 1.963618e-10
613 1.135530e-10
614 6.175697e-11
615 3.591243e-08
616 2.815103e-08
617 2.048758e-08
618 1.413825e-08
619 9.299740e-09
620 5.756779e-09
621 3.496328e-09
622 2.143791e-09
623 1.347819e-09
624 8.682864e-10
625 5.634756e-10
626 3.597138e-10
627 2.211037e-10
628 1.289269e-10
629 7.078080e-11
630 3.888996e-08
631 3.076049e-08
632 2.254011e-08
633 1.562576e-08
634 1.033815e-08
635 6.426261e-09
636 3.894156e-09
637 2.379834e-09
638 1.489025e-09
639 9.556115e-10
640 6.195886e-10
641 3.963995e-10
642 2.448020e-10
643 1.436606e-10
644 7.943894e-11
645 4.159230e-08
646 3.312916e-08
647 2.440333e-08
648 1.697906e-08
649 1.128175e-08
650 7.034809e-09
651 4.255504e-09
652 2.594566e-09
653 1.617215e-09
654 1.034952e-09
655 6.705750e-10
656 4.297298e-10
657 2.663305e-10
658 1.570456e-10
659 8.730415e-11
660 4.475778e-08
661 3.589714e-08
662 2.658072e-08
663 1.855829e-08
664 1.238244e-08
665 7.745102e-09
666 4.677670e-09
667 2.844829e-09
668 1.766800e-09
669 1.127554e-09
670 7.300560e-10
671 4.686188e-10
672 2.914532e-10
673 1.726650e-10
674 9.648361e-11
675 3.987426e-08
676 3.171266e-08
677 2.335369e-08
678 1.624230e-08
679 1.078096e-08
680 6.735093e-09
681 4.077950e-09
682 2.489425e-09
683 1.551817e-09
684 9.925358e-10
685 6.422684e-10
686 4.109019e-10
687 2.542630e-10
688 1.497579e-10
689 8.322072e-11
690 4.374821e-08
691 3.521293e-08
692 2.619705e-08
693 1.833883e-08
694 1.225935e-08
695 7.717832e-09
696 4.665634e-09
697 2.838771e-09
698 1.757359e-09
699 1.117057e-09
700 7.207817e-10
701 4.617452e-10
702 2.871607e-10
703 1.704568e-10
704 9.561952e-11
705 4.727090e-08
706 3.841047e-08
707 2.879085e-08
708 2.025957e-08
709 1.361325e-08
710 8.618839e-09
711 5.205281e-09
712 3.159094e-09
713 1.945864e-09
714 1.231147e-09
715 7.926763e-10
716 5.082428e-10
717 3.172321e-10
718 1.893796e-10
719 1.069652e-10
720 5.139585e-08
721 4.214771e-08
722 3.181953e-08
723 2.249899e-08
724 1.519150e-08
725 9.669997e-09
726 5.834923e-09
727 3.533331e-09
728 2.165689e-09
729 1.364323e-09
730 8.764885e-10
731 5.624590e-10
732 3.522991e-10
733 2.114443e-10
734 1.201989e-10
735 4.870592e-08
736 3.983472e-08
737 3.005171e-08
738 2.124539e-08
739 1.432565e-08
740 9.124289e-09
741 5.521194e-09
742 3.345998e-09
743 2.052397e-09
744 1.292812e-09
745 8.294991e-10
746 5.312296e-10
747 3.320040e-10
748 1.988834e-10
749 1.129187e-10
750 5.333462e-08
751 4.417347e-08
752 3.370617e-08
753 2.401410e-08
754 1.629860e-08
755 1.047154e-08
756 6.348784e-09
757 3.835073e-09
758 2.336959e-09
759 1.461706e-09
760 9.333627e-10
761 5.972620e-10
762 3.744935e-10
763 2.258145e-10
764 1.293476e-10
765 5.875857e-08
766 4.926183e-08
767 3.797983e-08
768 2.725901e-08
769 1.861369e-08
770 1.205393e-08
771 7.322769e-09
772 4.410793e-09
773 2.671467e-09
774 1.660195e-09
775 1.055261e-09
776 6.747082e-10
777 4.243057e-10
778 2.573806e-10
779 1.486094e-10
780 5.926967e-08
781 4.989721e-08
782 3.867419e-08
783 2.787754e-08
784 1.908286e-08
785 1.240482e-08
786 7.572751e-09
787 4.553878e-09
788 2.753965e-09
789 1.705307e-09
790 1.079923e-09
791 6.887013e-10
792 4.327835e-10
793 2.628240e-10
794 1.521864e-10
795 6.637986e-08
796 5.678931e-08
797 4.469236e-08
798 3.259386e-08
799 2.249669e-08
800 1.477991e-08
801 9.091827e-09
802 5.445951e-09
803 3.272827e-09
804 2.006918e-09
805 1.260284e-09
806 8.005253e-10
807 5.037303e-10
808 3.077723e-10
809 1.799433e-10
810 7.617080e-08
811 6.662015e-08
812 5.366190e-08
813 3.990849e-08
814 2.791073e-08
815 1.860032e-08
816 1.163686e-08
817 6.953500e-09
818 4.154368e-09
819 2.509560e-09
820 1.551856e-09
821 9.755192e-10
822 6.121198e-10
823 3.757884e-10
824 2.221695e-10
825 5.054479e-07
826 3.691836e-07
827 2.735565e-07
828 1.702874e-07
829 1.037358e-07
830 6.145517e-08
831 3.752478e-08
832 2.407332e-08
833 1.625061e-08
834 0.000000e+00
835 0.000000e+00
836 0.000000e+00
837 0.000000e+00
838 0.000000e+00
839 0.000000e+00
840 7.609688e-07
841 5.559558e-07
842 4.123975e-07
843 2.596344e-07
844 1.577819e-07
845 9.335677e-08
846 5.689709e-08
847 3.636673e-08
848 2.448240e-08
849 0.000000e+00
850 0.000000e+00
851 0.000000e+00
852 0.000000e+00
853 0.000000e+00
854 0.000000e+00
855 9.034708e-07
856 6.601393e-07
857 4.898344e-07
858 3.095543e-07
859 1.879543e-07
860 1.111685e-07
861 6.771198e-08
862 4.322638e-08
863 2.907417e-08
864 0.000000e+00
865 0.000000e+00
866 0.000000e+00
867 0.000000e+00
868 0.000000e+00
869 0.000000e+00
870 9.993278e-07
871 7.302182e-07
872 5.419243e-07
873 3.431341e-07
874 2.082519e-07
875 1.231503e-07
876 7.498702e-08
877 4.784112e-08
878 3.216291e-08
879 0.000000e+00
880 0.000000e+00
881 0.000000e+00
882 0.000000e+00
883 0.000000e+00
884 0.000000e+00
885 1.071193e-06
886 7.827614e-07
887 5.809742e-07
888 3.683088e-07
889 2.234694e-07
890 1.321335e-07
891 8.044121e-08
892 5.130076e-08
893 3.447879e-08
894 0.000000e+00
895 0.000000e+00
896 0.000000e+00
897 0.000000e+00
898 0.000000e+00
899 0.000000e+00
900 1.127182e-06
901 8.236942e-07
902 6.113997e-07
903 3.879217e-07
904 2.353241e-07
905 1.391320e-07
906 8.469024e-08
907 5.399615e-08
908 3.628289e-08
909 0.000000e+00
910 0.000000e+00
911 0.000000e+00
912 0.000000e+00
913 0.000000e+00
914 0.000000e+00
915 1.180268e-06
916 8.625041e-07
917 6.402459e-07
918 4.065191e-07
919 2.465652e-07
920 1.457672e-07
921 8.871918e-08
922 5.655163e-08
923 3.799350e-08
924 0.000000e+00
925 0.000000e+00
926 0.000000e+00
927 0.000000e+00
928 0.000000e+00
929 0.000000e+00
930 1.228460e-06
931 8.977376e-07
932 6.664337e-07
933 4.234011e-07
934 2.567693e-07
935 1.517905e-07
936 9.237652e-08
937 5.887147e-08
938 3.954628e-08
939 0.000000e+00
940 0.000000e+00
941 0.000000e+00
942 0.000000e+00
943 0.000000e+00
944 0.000000e+00
945 1.284683e-06
946 9.388454e-07
947 6.969857e-07
948 4.430983e-07
949 2.686743e-07
950 1.588185e-07
951 9.664394e-08
952 6.157795e-08
953 4.135810e-08
954 0.000000e+00
955 0.000000e+00
956 0.000000e+00
957 0.000000e+00
958 0.000000e+00
959 0.000000e+00
960 3.379651e-07
961 2.691987e-07
962 1.952816e-07
963 1.464434e-07
964 9.062847e-08
965 5.547071e-08
966 3.224195e-08
967 1.927873e-08
968 1.208089e-08
969 7.997971e-09
970 0.000000e+00
971 0.000000e+00
972 0.000000e+00
973 0.000000e+00
974 0.000000e+00
975 5.201864e-07
976 4.171250e-07
977 3.028689e-07
978 2.269173e-07
979 1.422152e-07
980 8.671259e-08
981 5.036519e-08
982 3.007558e-08
983 1.877992e-08
984 1.239749e-08
985 0.000000e+00
986 0.000000e+00
987 0.000000e+00
988 0.000000e+00
989 0.000000e+00
990 6.448120e-07
991 5.183992e-07
992 3.765467e-07
993 2.820115e-07
994 1.775998e-07
995 1.081223e-07
996 6.278599e-08
997 3.747520e-08
998 2.336911e-08
999 1.541004e-08
1000 0.000000e+00
1001 0.000000e+00
1002 0.000000e+00
1003 0.000000e+00
1004 0.000000e+00
1005 7.382357e-07
1006 5.943126e-07
1007 4.317715e-07
1008 3.233096e-07
1009 2.041234e-07
1010 1.241698e-07
1011 7.209649e-08
1012 4.302199e-08
1013 2.680897e-08
1014 1.766814e-08
1015 0.000000e+00
1016 0.000000e+00
1017 0.000000e+00
1018 0.000000e+00
1019 0.000000e+00
1020 8.110272e-07
1021 6.534566e-07
1022 4.747992e-07
1023 3.554844e-07
1024 2.247898e-07
1025 1.366740e-07
1026 7.935088e-08
1027 4.734335e-08
1028 2.948920e-08
1029 1.942739e-08
1030 0.000000e+00
1031 0.000000e+00
1032 0.000000e+00
1033 0.000000e+00
1034 0.000000e+00
1035 8.800254e-07
1036 7.095243e-07
1037 5.155916e-07
1038 3.859857e-07
1039 2.443794e-07
1040 1.485270e-07
1041 8.622743e-08
1042 5.144028e-08
1043 3.202995e-08
1044 2.109535e-08
1045 0.000000e+00
1046 0.000000e+00
1047 0.000000e+00
1048 0.000000e+00
1049 0.000000e+00
1050 9.426736e-07
1051 7.604327e-07
1052 5.526249e-07
1053 4.136780e-07
1054 2.621647e-07
1055 1.592896e-07
1056 9.247120e-08
1057 5.515972e-08
1058 3.433673e-08
1059 2.260959e-08
1060 0.000000e+00
1061 0.000000e+00
1062 0.000000e+00
1063 0.000000e+00
1064 0.000000e+00
1065 1.015768e-06
1066 8.198310e-07
1067 5.958365e-07
1068 4.459927e-07
1069 2.829175e-07
1070 1.718473e-07
1071 9.975607e-08
1072 5.949995e-08
1073 3.702828e-08
1074 2.437647e-08
1075 0.000000e+00
1076 0.000000e+00
1077 0.000000e+00
1078 0.000000e+00
1079 0.000000e+00
1080 1.992623e-07
1081 1.812551e-07
1082 1.396678e-07
1083 1.009990e-07
1084 7.568661e-08
1085 4.376212e-08
1086 2.682397e-08
1087 1.546459e-08
1088 9.143307e-09
1089 5.687891e-09
1090 0.000000e+00
1091 0.000000e+00
1092 0.000000e+00
1093 0.000000e+00
1094 0.000000e+00
1095 3.303669e-07
1096 3.017895e-07
1097 2.334619e-07
1098 1.687229e-07
1099 1.266176e-07
1100 7.360202e-08
1101 4.522912e-08
1102 2.601576e-08
1103 1.532922e-08
1104 9.514978e-09
1105 0.000000e+00
1106 0.000000e+00
1107 0.000000e+00
1108 0.000000e+00
1109 0.000000e+00
1110 4.306281e-07
1111 3.940344e-07
1112 3.052905e-07
1113 2.205837e-07
1114 1.656231e-07
1115 9.648071e-08
1116 5.934317e-08
1117 3.410489e-08
1118 2.006901e-08
1119 1.244631e-08
1120 0.000000e+00
1121 0.000000e+00
1122 0.000000e+00
1123 0.000000e+00
1124 0.000000e+00
1125 5.087205e-07
1126 4.658760e-07
1127 3.612335e-07
1128 2.609758e-07
1129 1.960015e-07
1130 1.142993e-07
1131 7.033588e-08
1132 4.040507e-08
1133 2.376044e-08
1134 1.472937e-08
1135 0.000000e+00
1136 0.000000e+00
1137 0.000000e+00
1138 0.000000e+00
1139 0.000000e+00
1140 5.827486e-07
1141 5.339873e-07
1142 4.142683e-07
1143 2.992682e-07
1144 2.248018e-07
1145 1.311919e-07
1146 8.075741e-08
1147 4.637790e-08
1148 2.726008e-08
1149 1.689370e-08
1150 0.000000e+00
1151 0.000000e+00
1152 0.000000e+00
1153 0.000000e+00
1154 0.000000e+00
1155 6.499630e-07
1156 5.958254e-07
1157 4.624212e-07
1158 3.340351e-07
1159 2.509506e-07
1160 1.465295e-07
1161 9.021925e-08
1162 5.180077e-08
1163 3.043750e-08
1164 1.885873e-08
1165 0.000000e+00
1166 0.000000e+00
1167 0.000000e+00
1168 0.000000e+00
1169 0.000000e+00
1170 7.283846e-07
1171 6.679733e-07
1172 5.186008e-07
1173 3.745984e-07
1174 2.814577e-07
1175 1.644239e-07
1176 1.012585e-07
1177 5.812754e-08
1178 3.414473e-08
1179 2.115149e-08
1180 0.000000e+00
1181 0.000000e+00
1182 0.000000e+00
1183 0.000000e+00
1184 0.000000e+00
1185 1.327992e-07
1186 1.311046e-07
1187 1.102726e-07
1188 8.056179e-08
1189 5.984241e-08
1190 4.068971e-08
1191 2.400436e-08
1192 1.367784e-08
1193 7.907650e-09
1194 4.672368e-09
1195 2.926424e-09
1196 0.000000e+00
1197 0.000000e+00
1198 0.000000e+00
1199 0.000000e+00
1200 2.310658e-07
1201 2.287332e-07
1202 1.930737e-07
1203 1.412867e-07
1204 1.047868e-07
1205 7.172703e-08
1206 4.211530e-08
1207 2.402939e-08
1208 1.391027e-08
1209 8.204999e-09
1210 5.128933e-09
1211 0.000000e+00
1212 0.000000e+00
1213 0.000000e+00
1214 0.000000e+00
1215 3.091741e-07
1216 3.063709e-07
1217 2.589588e-07
1218 1.896206e-07
1219 1.405506e-07
1220 9.644803e-08
1221 5.653083e-08
1222 3.227106e-08
1223 1.868971e-08
1224 1.101728e-08
1225 6.881847e-09
1226 0.000000e+00
1227 0.000000e+00
1228 0.000000e+00
1229 0.000000e+00
1230 3.831935e-07
1231 3.799432e-07
1232 3.213903e-07
1233 2.354215e-07
1234 1.744400e-07
1235 1.198757e-07
1236 7.019122e-08
1237 4.008120e-08
1238 2.321897e-08
1239 1.368230e-08
1240 8.542871e-09
1241 0.000000e+00
1242 0.000000e+00
1243 0.000000e+00
1244 0.000000e+00
1245 4.503977e-07
1246 4.467362e-07
1247 3.780737e-07
1248 2.770046e-07
1249 2.052095e-07
1250 1.411454e-07
1251 8.259382e-08
1252 4.717229e-08
1253 2.733118e-08
1254 1.610194e-08
1255 1.005098e-08
1256 0.000000e+00
1257 0.000000e+00
1258 0.000000e+00
1259 0.000000e+00
1260 5.288015e-07
1261 5.246659e-07
1262 4.442070e-07
1263 3.255223e-07
1264 2.411084e-07
1265 1.659601e-07
1266 9.706421e-08
1267 5.544503e-08
1268 3.212871e-08
1269 1.892488e-08
1270 1.181051e-08
1271 0.000000e+00
1272 0.000000e+00
1273 0.000000e+00
1274 0.000000e+00
1275 9.580017e-08
1276 9.976529e-08
1277 9.030252e-08
1278 6.909831e-08
1279 4.994538e-08
1280 3.741595e-08
1281 2.114607e-08
1282 1.277355e-08
1283 7.216378e-09
1284 4.167250e-09
1285 2.494468e-09
1286 0.000000e+00
1287 0.000000e+00
1288 0.000000e+00
1289 0.000000e+00
1290 1.704085e-07
1291 1.778011e-07
1292 1.613937e-07
1293 1.238051e-07
1294 8.943568e-08
1295 6.709572e-08
1296 3.801853e-08
1297 2.303435e-08
1298 1.298637e-08
1299 7.482855e-09
1300 4.471070e-09
1301 0.000000e+00
1302 0.000000e+00
1303 0.000000e+00
1304 0.000000e+00
1305 2.424635e-07
1306 2.531894e-07
1307 2.301014e-07
1308 1.766983e-07
1309 1.276149e-07
1310 9.579449e-08
1311 5.434251e-08
1312 3.296556e-08
1313 1.856968e-08
1314 1.068970e-08
1315 6.382328e-09
1316 0.000000e+00
1317 0.000000e+00
1318 0.000000e+00
1319 0.000000e+00
1320 3.078577e-07
1321 3.216065e-07
1322 2.924568e-07
1323 2.247029e-07
1324 1.622652e-07
1325 1.218404e-07
1326 6.915697e-08
1327 4.197839e-08
1328 2.363663e-08
1329 1.359998e-08
1330 8.116900e-09
1331 0.000000e+00
1332 0.000000e+00
1333 0.000000e+00
1334 0.000000e+00
1335 3.841561e-07
1336 4.014323e-07
1337 3.652105e-07
1338 2.807097e-07
1339 2.026908e-07
1340 1.522281e-07
1341 8.644124e-08
1342 5.249408e-08
1343 2.954836e-08
1344 1.699550e-08
1345 1.014064e-08
1346 0.000000e+00
1347 0.000000e+00
1348 0.000000e+00
1349 0.000000e+00
1350 7.069417e-08
1351 7.652225e-08
1352 7.338283e-08
1353 5.947143e-08
1354 4.290548e-08
1355 3.234418e-08
1356 2.020732e-08
1357 1.238847e-08
1358 6.877734e-09
1359 3.787356e-09
1360 2.188852e-09
1361 1.331072e-09
1362 0.000000e+00
1363 0.000000e+00
1364 0.000000e+00
1365 1.384674e-07
1366 1.501266e-07
1367 1.443259e-07
1368 1.173082e-07
1369 8.468581e-08
1370 6.377982e-08
1371 4.011455e-08
1372 2.452210e-08
1373 1.361674e-08
1374 7.501847e-09
1375 4.325782e-09
1376 2.624897e-09
1377 0.000000e+00
1378 0.000000e+00
1379 0.000000e+00
1380 2.010031e-07
1381 2.180563e-07
1382 2.098198e-07
1383 1.707216e-07
1384 1.232755e-07
1385 9.281020e-08
1386 5.851418e-08
1387 3.573215e-08
1388 1.984300e-08
1389 1.093430e-08
1390 6.299816e-09
1391 3.819753e-09
1392 0.000000e+00
1393 0.000000e+00
1394 0.000000e+00
1395 2.739546e-07
1396 2.973002e-07
1397 2.862206e-07
1398 2.330303e-07
1399 1.682909e-07
1400 1.266749e-07
1401 7.997821e-08
1402 4.880901e-08
1403 2.710609e-08
1404 1.493828e-08
1405 8.602574e-09
1406 5.213599e-09
1407 0.000000e+00
1408 0.000000e+00
1409 0.000000e+00
1410 5.968565e-08
1411 6.661974e-08
1412 6.693693e-08
1413 5.750931e-08
1414 4.239515e-08
1415 3.122275e-08
1416 2.200351e-08
1417 1.255127e-08
1418 7.067300e-09
1419 3.998950e-09
1420 2.224306e-09
1421 1.297049e-09
1422 0.000000e+00
1423 0.000000e+00
1424 0.000000e+00
1425 1.179222e-07
1426 1.317946e-07
1427 1.326859e-07
1428 1.143111e-07
1429 8.440257e-08
1430 6.208681e-08
1431 4.394873e-08
1432 2.499228e-08
1433 1.410076e-08
1434 7.977775e-09
1435 4.435157e-09
1436 2.581490e-09
1437 0.000000e+00
1438 0.000000e+00
1439 0.000000e+00
1440 1.864659e-07
1441 2.085133e-07
1442 2.100928e-07
1443 1.811975e-07
1444 1.338744e-07
1445 9.843172e-08
1446 6.979941e-08
1447 3.964442e-08
1448 2.238585e-08
1449 1.266432e-08
1450 7.039246e-09
1451 4.094128e-09
1452 0.000000e+00
1453 0.000000e+00
1454 0.000000e+00
1455 5.178375e-08
1456 5.934665e-08
1457 6.203857e-08
1458 5.637676e-08
1459 4.324064e-08
1460 3.123001e-08
1461 2.345849e-08
1462 1.315394e-08
1463 7.869416e-09
1464 4.311094e-09
1465 2.376268e-09
1466 1.326678e-09
1467 0.000000e+00
1468 0.000000e+00
1469 0.000000e+00
1470 1.144185e-07
1471 1.312918e-07
1472 1.375006e-07
1473 1.252952e-07
1474 9.633731e-08
1475 6.954084e-08
1476 5.230459e-08
1477 2.941270e-08
1478 1.765432e-08
1479 9.654157e-09
1480 5.309460e-09
1481 2.958537e-09
1482 0.000000e+00
1483 0.000000e+00
1484 0.000000e+00
1485 5.376488e-08
1486 6.317806e-08
1487 6.850523e-08
1488 6.577147e-08
1489 5.333285e-08
1490 3.848334e-08
1491 2.903097e-08
1492 1.805401e-08
1493 1.098633e-08
1494 5.961921e-09
1495 3.140308e-09
1496 1.694190e-09
1497 9.434058e-10
1498 0.000000e+00
1499 0.000000e+00
1500 1.109684e-04
1501 8.086786e-05
1502 6.035546e-05
1503 3.805236e-05
1504 2.321989e-05
1505 1.369104e-05
1506 8.324421e-06
1507 5.304277e-06
1508 3.565556e-06
1509 0.000000e+00
1510 0.000000e+00
1511 0.000000e+00
1512 0.000000e+00
1513 0.000000e+00
1514 0.000000e+00
1515 5.757601e-05
1516 4.644359e-05
1517 3.369791e-05
1518 2.528332e-05
1519 1.597668e-05
1520 9.754545e-06
1521 5.648866e-06
1522 3.364481e-06
1523 2.093966e-06
1524 1.379138e-06
1525 0.000000e+00
1526 0.000000e+00
1527 0.000000e+00
1528 0.000000e+00
1529 0.000000e+00
1530 4.047788e-05
1531 3.713775e-05
1532 2.882267e-05
1533 2.080348e-05
1534 1.566222e-05
1535 9.111532e-06
1536 5.625604e-06
1537 3.225263e-06
1538 1.896511e-06
1539 1.174730e-06
1540 0.000000e+00
1541 0.000000e+00
1542 0.000000e+00
1543 0.000000e+00
1544 0.000000e+00
1545 2.912801e-05
1546 2.891312e-05
1547 2.448503e-05
1548 1.793535e-05
1549 1.328396e-05
1550 9.154542e-06
1551 5.351144e-06
1552 3.053081e-06
1553 1.771954e-06
1554 1.042590e-06
1555 6.506122e-07
1556 0.000000e+00
1557 0.000000e+00
1558 0.000000e+00
1559 0.000000e+00
1560 2.085098e-05
1561 2.179680e-05
1562 1.983793e-05
1563 1.524768e-05
1564 1.100576e-05
1565 8.274949e-06
1566 4.689296e-06
1567 2.850415e-06
1568 1.602925e-06
1569 9.233707e-07
1570 5.506294e-07
1571 0.000000e+00
1572 0.000000e+00
1573 0.000000e+00
1574 0.000000e+00
1575 1.487210e-05
1576 1.614453e-05
1577 1.554949e-05
1578 1.266314e-05
1579 9.143013e-06
1580 6.883420e-06
1581 4.347301e-06
1582 2.655947e-06
1583 1.474901e-06
1584 8.112783e-07
1585 4.673052e-07
1586 2.832009e-07
1587 0.000000e+00
1588 0.000000e+00
1589 0.000000e+00
1590 1.001028e-05
1591 1.119728e-05
1592 1.128693e-05
1593 9.739022e-06
1594 7.195644e-06
1595 5.289411e-06
1596 3.755371e-06
1597 2.130464e-06
1598 1.202339e-06
1599 6.811759e-07
1600 3.783133e-07
1601 2.200058e-07
1602 0.000000e+00
1603 0.000000e+00
1604 0.000000e+00
1605 6.201116e-06
1606 7.118100e-06
1607 7.458527e-06
1608 6.801106e-06
1609 5.231433e-06
1610 3.775220e-06
1611 2.841823e-06
1612 1.597077e-06
1613 9.596537e-07
1614 5.242846e-07
1615 2.885232e-07
1616 1.606418e-07
1617 0.000000e+00
1618 0.000000e+00
1619 0.000000e+00
1620 3.163407e-06
1621 3.720115e-06
1622 4.038202e-06
1623 3.883392e-06
1624 3.154630e-06
1625 2.276770e-06
1626 1.716871e-06
1627 1.071974e-06
1628 6.518364e-07
1629 3.538249e-07
1630 1.861971e-07
1631 1.003484e-07
1632 5.578990e-08
1633 0.000000e+00
1634 0.000000e+00
1635 8.891198e-07
1636 1.072208e-06
1637 1.206146e-06
1638 1.224576e-06
1639 1.066696e-06
1640 7.933436e-07
1641 5.815894e-07
1642 4.169104e-07
1643 2.343421e-07
1644 1.314261e-07
1645 7.164692e-08
1646 3.730540e-08
1647 1.958823e-08
1648 0.000000e+00
1649 0.000000e+00
