0 2.232538e-09
1 1.450884e-09
2 9.124206e-10
3 5.747189e-10
4 3.694258e-10
5 2.430847e-10
6 1.616703e-10
7 1.061800e-10
8 6.728085e-11
9 4.040946e-11
10 2.277764e-11
11 1.203393e-11
12 5.999137e-12
13 2.854244e-12
14 1.312032e-12
15 3.777835e-09
16 2.512593e-09
17 1.596935e-09
18 9.954668e-10
19 6.295691e-10
20 4.077266e-10
21 2.697440e-10
22 1.788636e-10
23 1.159692e-10
24 7.193364e-11
25 4.203224e-11
26 2.299854e-11
27 1.181308e-11
28 5.749047e-12
29 2.684079e-12
30 4.329319e-09
31 2.899044e-09
32 1.852924e-09
33 1.153736e-09
34 7.265857e-10
35 4.680479e-10
36 3.086900e-10
37 2.048592e-10
38 1.334646e-10
39 8.345920e-11
40 4.925074e-11
41 2.723174e-11
42 1.412198e-11
43 6.925278e-12
44 3.250901e-12
45 4.639794e-09
46 3.116768e-09
47 1.997087e-09
48 1.243066e-09
49 7.813746e-10
50 5.021474e-10
51 3.306719e-10
52 2.194712e-10
53 1.433037e-10
54 8.991214e-11
55 5.330682e-11
56 2.961290e-11
57 1.542285e-11
58 7.588815e-12
59 3.571057e-12
60 4.837674e-09
61 3.255664e-09
62 2.088943e-09
63 1.299965e-09
64 8.162393e-10
65 5.238925e-10
66 3.446982e-10
67 2.287840e-10
68 1.495739e-10
69 9.405001e-11
70 5.591030e-11
71 3.114346e-11
72 1.625314e-11
73 8.011714e-12
74 3.775176e-12
75 4.990479e-09
76 3.362653e-09
77 2.160041e-09
78 1.344028e-09
79 8.433072e-10
80 5.407164e-10
81 3.555269e-10
82 2.360378e-10
83 1.544581e-10
84 9.726274e-11
85 5.790762e-11
86 3.231540e-11
87 1.689580e-11
88 8.339841e-12
89 3.933327e-12
90 5.114652e-09
91 3.449860e-09
92 2.217707e-09
93 1.379830e-09
94 8.651808e-10
95 5.542872e-10
96 3.643256e-10
97 2.418991e-10
98 1.584131e-10
99 9.985792e-11
100 5.954500e-11
101 3.327498e-11
102 1.741779e-11
103 8.606102e-12
104 4.062021e-12
105 5.223787e-09
106 3.525923e-09
107 2.268282e-09
108 1.411061e-09
109 8.843013e-10
110 5.661881e-10
111 3.720181e-10
112 2.470370e-10
113 1.618001e-10
114 1.020983e-10
115 6.094447e-11
116 3.410624e-11
117 1.787600e-11
118 8.838684e-12
119 4.171469e-12
120 5.326715e-09
121 3.598549e-09
122 2.316494e-09
123 1.440472e-09
124 9.024712e-10
125 5.775271e-10
126 3.793399e-10
127 2.519243e-10
128 1.651438e-10
129 1.042962e-10
130 6.233192e-11
131 3.490754e-11
132 1.831026e-11
133 9.061155e-12
134 4.280282e-12
135 5.445302e-09
136 3.681277e-09
137 2.371916e-09
138 1.475204e-09
139 9.235975e-10
140 5.906813e-10
141 3.877562e-10
142 2.574758e-10
143 1.689216e-10
144 1.067996e-10
145 6.389446e-11
146 3.582577e-11
147 1.881208e-11
148 9.315245e-12
149 4.403792e-12
150 7.893987e-09
151 5.434651e-09
152 3.569418e-09
153 2.229658e-09
154 1.382512e-09
155 8.716733e-10
156 5.653210e-10
157 3.741290e-10
158 2.473628e-10
159 1.592440e-10
160 9.766183e-11
161 5.628291e-11
162 3.033459e-11
163 1.535252e-11
164 7.375259e-12
165 9.977191e-09
166 6.956261e-09
167 4.634972e-09
168 2.925486e-09
169 1.804738e-09
170 1.128551e-09
171 7.239470e-10
172 4.760264e-10
173 3.151965e-10
174 2.047952e-10
175 1.275654e-10
176 7.494471e-11
177 4.120605e-11
178 2.123381e-11
179 1.034452e-11
180 1.121403e-08
181 7.864019e-09
182 5.271611e-09
183 3.344916e-09
184 2.060284e-09
185 1.284082e-09
186 8.195093e-10
187 5.371053e-10
188 3.556666e-10
189 2.319787e-10
190 1.454464e-10
191 8.614477e-11
192 4.777757e-11
193 2.481633e-11
194 1.216898e-11
195 1.200578e-08
196 8.446401e-09
197 5.680670e-09
198 3.614330e-09
199 2.224608e-09
200 1.383977e-09
201 8.807910e-10
202 5.763785e-10
203 3.817010e-10
204 2.494234e-10
205 1.569221e-10
206 9.334677e-11
207 5.200662e-11
208 2.712462e-11
209 1.334440e-11
210 1.261772e-08
211 8.896574e-09
212 5.996755e-09
213 3.822145e-09
214 2.351447e-09
215 1.461167e-09
216 9.282395e-10
217 6.066501e-10
218 4.016793e-10
219 2.628633e-10
220 1.657684e-10
221 9.890332e-11
222 5.525993e-11
223 2.890161e-11
224 1.424929e-11
225 1.311493e-08
226 9.260919e-09
227 6.252380e-09
228 3.991047e-09
229 2.454269e-09
230 1.523735e-09
231 9.665806e-10
232 6.312091e-10
233 4.180072e-10
234 2.737846e-10
235 1.729519e-10
236 1.033877e-10
237 5.789902e-11
238 3.033971e-11
239 1.498266e-11
240 1.354604e-08
241 9.578195e-09
242 6.475228e-09
243 4.137995e-09
244 2.544323e-09
245 1.578500e-09
246 1.000083e-09
247 6.525827e-10
248 4.321955e-10
249 2.833035e-10
250 1.792074e-10
251 1.073150e-10
252 6.020909e-11
253 3.159990e-11
254 1.562417e-11
255 1.395677e-08
256 9.879676e-09
257 6.687429e-09
258 4.278229e-09
259 2.629260e-09
260 1.630070e-09
261 1.031807e-09
262 6.728133e-10
263 4.456591e-10
264 2.923376e-10
265 1.851512e-10
266 1.110487e-10
267 6.239712e-11
268 3.278942e-11
269 1.622864e-11
270 1.443553e-08
271 1.023141e-08
272 6.934238e-09
273 4.440521e-09
274 2.728075e-09
275 1.690647e-09
276 1.069171e-09
277 6.966454e-10
278 4.613387e-10
279 3.028640e-10
280 1.920903e-10
281 1.154021e-10
282 6.494556e-11
283 3.418234e-11
284 1.693805e-11
285 1.364252e-08
286 9.705846e-09
287 6.592034e-09
288 4.253564e-09
289 2.621336e-09
290 1.623531e-09
291 1.023598e-09
292 6.640296e-10
293 4.380584e-10
294 2.871166e-10
295 1.822989e-10
296 1.099539e-10
297 6.227358e-11
298 3.301999e-11
299 1.647714e-11
300 1.610043e-08
301 1.158779e-08
302 7.943130e-09
303 5.184899e-09
304 3.207783e-09
305 1.976855e-09
306 1.236480e-09
307 7.958124e-10
308 5.230236e-10
309 3.435814e-10
310 2.198974e-10
311 1.342539e-10
312 7.714605e-11
313 4.151495e-11
314 2.098900e-11
315 1.770681e-08
316 1.282557e-08
317 8.833542e-09
318 5.800926e-09
319 3.598284e-09
320 2.211269e-09
321 1.378009e-09
322 8.831902e-10
323 5.791715e-10
324 3.808138e-10
325 2.446754e-10
326 1.502928e-10
327 8.699099e-11
328 4.715917e-11
329 2.399930e-11
330 1.895096e-08
331 1.378321e-08
332 9.520858e-09
333 6.276305e-09
334 3.899862e-09
335 2.392715e-09
336 1.487392e-09
337 9.507764e-10
338 6.226440e-10
339 4.095646e-10
340 2.638208e-10
341 1.626833e-10
342 9.459873e-11
343 5.152288e-11
344 2.632742e-11
345 1.995951e-08
346 1.455960e-08
347 1.008085e-08
348 6.662626e-09
349 4.144605e-09
350 2.540251e-09
351 1.576021e-09
352 1.005546e-09
353 6.578012e-10
354 4.329096e-10
355 2.793500e-10
356 1.727325e-10
357 1.007652e-10
358 5.505866e-11
359 2.821573e-11
360 2.083985e-08
361 1.523792e-08
362 1.056873e-08
363 6.998640e-09
364 4.357807e-09
365 2.668309e-09
366 1.653365e-09
367 1.053306e-09
368 6.884928e-10
369 4.532803e-10
370 2.928915e-10
371 1.814982e-10
372 1.061462e-10
373 5.814445e-11
374 2.985994e-11
375 2.167230e-08
376 1.588037e-08
377 1.103120e-08
378 7.317761e-09
379 4.560248e-09
380 2.790310e-09
381 1.726627e-09
382 1.098507e-09
383 7.175535e-10
384 4.725496e-10
385 3.057273e-10
386 1.898011e-10
387 1.112409e-10
388 6.106513e-11
389 3.141741e-11
390 2.264532e-08
391 1.662851e-08
392 1.156879e-08
393 7.690139e-09
394 4.795951e-09
395 2.932517e-09
396 1.812609e-09
397 1.151627e-09
398 7.515683e-10
399 4.951415e-10
400 3.207583e-10
401 1.995328e-10
402 1.172156e-10
403 6.448568e-11
404 3.324293e-11
405 1.982453e-08
406 1.453856e-08
407 1.009436e-08
408 6.695520e-09
409 4.192831e-09
410 2.567199e-09
411 1.591560e-09
412 1.011464e-09
413 6.591181e-10
414 4.328655e-10
415 2.793452e-10
416 1.731681e-10
417 1.014960e-10
418 5.580772e-11
419 2.879353e-11
420 2.243336e-08
421 1.664044e-08
422 1.164235e-08
423 7.785375e-09
424 4.916600e-09
425 3.002567e-09
426 1.853690e-09
427 1.169457e-09
428 7.578237e-10
429 4.970250e-10
430 3.218974e-10
431 2.010819e-10
432 1.190914e-10
433 6.625229e-11
434 3.457387e-11
435 2.446696e-08
436 1.828752e-08
437 1.285537e-08
438 8.642527e-09
439 5.486302e-09
440 3.346208e-09
441 2.060899e-09
442 1.294008e-09
443 8.356646e-10
444 5.474944e-10
445 3.553363e-10
446 2.230154e-10
447 1.329315e-10
448 7.448439e-11
449 3.914113e-11
450 2.612667e-08
451 1.962374e-08
452 1.384259e-08
453 9.339039e-09
454 5.948646e-09
455 3.625657e-09
456 2.228759e-09
457 1.395239e-09
458 8.986005e-10
459 5.884240e-10
460 3.824534e-10
461 2.408021e-10
462 1.441539e-10
463 8.115826e-11
464 4.284428e-11
465 2.756866e-08
466 2.079128e-08
467 1.470443e-08
468 9.944450e-09
469 6.352015e-09
470 3.869594e-09
471 2.375290e-09
472 1.483342e-09
473 9.537013e-10
474 6.241485e-10
475 4.061144e-10
476 2.563225e-10
477 1.539476e-10
478 8.698433e-11
479 4.607686e-11
480 2.893294e-08
481 2.189405e-08
482 1.551752e-08
483 1.051673e-08
484 6.733965e-09
485 4.099759e-09
486 2.513816e-09
487 1.566627e-09
488 1.005697e-09
489 6.579027e-10
490 4.285107e-10
491 2.710102e-10
492 1.632129e-10
493 9.248706e-11
494 4.912884e-11
495 3.053060e-08
496 2.318099e-08
497 1.647002e-08
498 1.118949e-08
499 7.180388e-09
500 4.369372e-09
501 2.676011e-09
502 1.664347e-09
503 1.066616e-09
504 6.974333e-10
505 4.546833e-10
506 2.881596e-10
507 1.740453e-10
508 9.893611e-11
509 5.270739e-11
510 2.601492e-08
511 1.961915e-08
512 1.388059e-08
513 9.376590e-09
514 6.000207e-09
515 3.664518e-09
516 2.251241e-09
517 1.405936e-09
518 9.030275e-10
519 5.899242e-10
520 3.830710e-10
521 2.413661e-10
522 1.448309e-10
523 8.184484e-11
524 4.340809e-11
525 2.893027e-08
526 2.207062e-08
527 1.573989e-08
528 1.070444e-08
529 6.908810e-09
530 4.226735e-09
531 2.587859e-09
532 1.605592e-09
533 1.025138e-09
534 6.674525e-10
535 4.338647e-10
536 2.747742e-10
537 1.662361e-10
538 9.489130e-11
539 5.086266e-11
540 3.131002e-08
541 2.407420e-08
542 1.726098e-08
543 1.179223e-08
544 7.653370e-09
545 4.689405e-09
546 2.863780e-09
547 1.769611e-09
548 1.125042e-09
549 7.309515e-10
550 4.754304e-10
551 3.021036e-10
552 1.837495e-10
553 1.055732e-10
554 5.697345e-11
555 3.338365e-08
556 2.582104e-08
557 1.858951e-08
558 1.273968e-08
559 8.302916e-09
560 5.091861e-09
561 3.104638e-09
562 1.912678e-09
563 1.212377e-09
564 7.863289e-10
565 5.116720e-10
566 3.259314e-10
567 1.990194e-10
568 1.148868e-10
569 6.230165e-11
570 3.534953e-08
571 2.747739e-08
572 1.984888e-08
573 1.363905e-08
574 8.919715e-09
575 5.474222e-09
576 3.333225e-09
577 2.048398e-09
578 1.295183e-09
579 8.388724e-10
580 5.460750e-10
581 3.485487e-10
582 2.135125e-10
583 1.237268e-10
584 6.735897e-11
585 3.765394e-08
586 2.941265e-08
587 2.132082e-08
588 1.468979e-08
589 9.638068e-09
590 5.920181e-09
591 3.599804e-09
592 2.206582e-09
593 1.391702e-09
594 9.001136e-10
595 5.861650e-10
596 3.749124e-10
597 2.304090e-10
598 1.340319e-10
599 7.325419e-11
600 3.278651e-08
601 2.541532e-08
602 1.833910e-08
603 1.257998e-08
604 8.213511e-09
605 5.056909e-09
606 3.081022e-09
607 1.897349e-09
608 1.200511e-09
609 7.769782e-10
610 5.047508e-10
611 3.213001e-10
612 1.962864e-10
613 1.135008e-10
614 6.172104e-11
615 3.602808e-08
616 2.824871e-08
617 2.056094e-08
618 1.419004e-08
619 9.335285e-09
620 5.778594e-09
621 3.508994e-09
622 2.151333e-09
623 1.352421e-09
624 8.712479e-10
625 5.654409e-10
626 3.610238e-10
627 2.219512e-10
628 1.294459e-10
629 7.107682e-11
630 3.886400e-08
631 3.073079e-08
632 2.251036e-08
633 1.560117e-08
634 1.032020e-08
635 6.412512e-09
636 3.885414e-09
637 2.374546e-09
638 1.486081e-09
639 9.539956e-10
640 6.186804e-10
641 3.958555e-10
642 2.444553e-10
643 1.434319e-10
644 7.928834e-11
645 4.155019e-08
646 3.308178e-08
647 2.435646e-08
648 1.694039e-08
649 1.125351e-08
650 7.013604e-09
651 4.242253e-09
652 2.586308e-09
653 1.612643e-09
654 1.032419e-09
655 6.691371e-10
656 4.288675e-10
657 2.657826e-10
658 1.566856e-10
659 8.706839e-11
660 4.469721e-08
661 3.582958e-08
662 2.651428e-08
663 1.850347e-08
664 1.234260e-08
665 7.714830e-09
666 4.658340e-09
667 2.833181e-09
668 1.760328e-09
669 1.123998e-09
670 7.280212e-10
671 4.673976e-10
672 2.906781e-10
673 1.721570e-10
674 9.615203e-11
675 4.020086e-08
676 3.200581e-08
677 2.358875e-08
678 1.641499e-08
679 1.090183e-08
680 6.814917e-09
681 4.125055e-09
682 2.517497e-09
683 1.568399e-09
684 1.002663e-09
685 6.487090e-10
686 4.150944e-10
687 2.569816e-10
688 1.514654e-10
689 8.423878e-11
690 4.394395e-08
691 3.539044e-08
692 2.634035e-08
693 1.844381e-08
694 1.233329e-08
695 7.767117e-09
696 4.694397e-09
697 2.856007e-09
698 1.767470e-09
699 1.123181e-09
700 7.246786e-10
701 4.642880e-10
702 2.888169e-10
703 1.715036e-10
704 9.624736e-11
705 4.748868e-08
706 3.860861e-08
707 2.895072e-08
708 2.037603e-08
709 1.369525e-08
710 8.673602e-09
711 5.236612e-09
712 3.178042e-09
713 1.956939e-09
714 1.237860e-09
715 7.969614e-10
716 5.110569e-10
717 3.190763e-10
718 1.905503e-10
719 1.076691e-10
720 5.163832e-08
721 4.236883e-08
722 3.199741e-08
723 2.262752e-08
724 1.528194e-08
725 9.730607e-09
726 5.868930e-09
727 3.553936e-09
728 2.177733e-09
729 1.371624e-09
730 8.811770e-10
731 5.655601e-10
732 3.543444e-10
733 2.127486e-10
734 1.209811e-10
735 4.870690e-08
736 3.983355e-08
737 3.004829e-08
738 2.124112e-08
739 1.432208e-08
740 9.121524e-09
741 5.518481e-09
742 3.344685e-09
743 2.051620e-09
744 1.292408e-09
745 8.293036e-10
746 5.311370e-10
747 3.319557e-10
748 1.988536e-10
749 1.128969e-10
750 5.332577e-08
751 4.416084e-08
752 3.369059e-08
753 2.399866e-08
754 1.628639e-08
755 1.046246e-08
756 6.341520e-09
757 3.831068e-09
758 2.334563e-09
759 1.460416e-09
760 9.326848e-10
761 5.969029e-10
762 3.742911e-10
763 2.256901e-10
764 1.292657e-10
765 5.872806e-08
766 4.922112e-08
767 3.793474e-08
768 2.721636e-08
769 1.858048e-08
770 1.202970e-08
771 7.304090e-09
772 4.400271e-09
773 2.665156e-09
774 1.656767e-09
775 1.053418e-09
776 6.737024e-10
777 4.237265e-10
778 2.570249e-10
779 1.483806e-10
780 5.927436e-08
781 4.989976e-08
782 3.867396e-08
783 2.787539e-08
784 1.908040e-08
785 1.240285e-08
786 7.570665e-09
787 4.552648e-09
788 2.753147e-09
789 1.704910e-09
790 1.079753e-09
791 6.886370e-10
792 4.327629e-10
793 2.628168e-10
794 1.521808e-10
795 6.637054e-08
796 5.677507e-08
797 4.467375e-08
798 3.257366e-08
799 2.247947e-08
800 1.476730e-08
801 9.081663e-09
802 5.439584e-09
803 3.268904e-09
804 2.004836e-09
805 1.259227e-09
806 7.999878e-10
807 5.034496e-10
808 3.076147e-10
809 1.798461e-10
810 7.618076e-08
811 6.662808e-08
812 5.366660e-08
813 3.990969e-08
814 2.790997e-08
815 1.859941e-08
816 1.163561e-08
817 6.952065e-09
818 4.153596e-09
819 2.509163e-09
820 1.551679e-09
821 9.754739e-10
822 6.121278e-10
823 3.758099e-10
824 2.221875e-10
825 5.052518e-07
826 3.690389e-07
827 2.734497e-07
828 1.702111e-07
829 1.036915e-07
830 6.142895e-08
831 3.750897e-08
832 2.406357e-08
833 1.624422e-08
834 0.000000e+00
835 0.000000e+00
836 0.000000e+00
837 0.000000e+00
838 0.000000e+00
839 0.000000e+00
840 7.610219e-07
841 5.559946e-07
842 4.124264e-07
843 2.596530e-07
844 1.577931e-07
845 9.336341e-08
846 5.690112e-08
847 3.636928e-08
848 2.448411e-08
849 0.000000e+00
850 0.000000e+00
851 0.000000e+00
852 0.000000e+00
853 0.000000e+00
854 0.000000e+00
855 9.064094e-07
856 6.622873e-07
857 4.914312e-07
858 3.105838e-07
859 1.885765e-07
860 1.115356e-07
861 6.793501e-08
862 4.336781e-08
863 2.916886e-08
864 0.000000e+00
865 0.000000e+00
866 0.000000e+00
867 0.000000e+00
868 0.000000e+00
869 0.000000e+00
870 9.993994e-07
871 7.302705e-07
872 5.419632e-07
873 3.431591e-07
874 2.082670e-07
875 1.231592e-07
876 7.499245e-08
877 4.784456e-08
878 3.216522e-08
879 0.000000e+00
880 0.000000e+00
881 0.000000e+00
882 0.000000e+00
883 0.000000e+00
884 0.000000e+00
885 1.071264e-06
886 7.828133e-07
887 5.810128e-07
888 3.683337e-07
889 2.234845e-07
890 1.321423e-07
891 8.044660e-08
892 5.130417e-08
893 3.448107e-08
894 0.000000e+00
895 0.000000e+00
896 0.000000e+00
897 0.000000e+00
898 0.000000e+00
899 0.000000e+00
900 1.129507e-06
901 8.253938e-07
902 6.126629e-07
903 3.887360e-07
904 2.358163e-07
905 1.394226e-07
906 8.486667e-08
907 5.410807e-08
908 3.635783e-08
909 0.000000e+00
910 0.000000e+00
911 0.000000e+00
912 0.000000e+00
913 0.000000e+00
914 0.000000e+00
915 1.180334e-06
916 8.625524e-07
917 6.402818e-07
918 4.065422e-07
919 2.465792e-07
920 1.457755e-07
921 8.872419e-08
922 5.655481e-08
923 3.799563e-08
924 0.000000e+00
925 0.000000e+00
926 0.000000e+00
927 0.000000e+00
928 0.000000e+00
929 0.000000e+00
930 1.228521e-06
931 8.977823e-07
932 6.664669e-07
933 4.234225e-07
934 2.567823e-07
935 1.517982e-07
936 9.238116e-08
937 5.887442e-08
938 3.954825e-08
939 0.000000e+00
940 0.000000e+00
941 0.000000e+00
942 0.000000e+00
943 0.000000e+00
944 0.000000e+00
945 1.284742e-06
946 9.388879e-07
947 6.970173e-07
948 4.431186e-07
949 2.686866e-07
950 1.588258e-07
951 9.664834e-08
952 6.158074e-08
953 4.135997e-08
954 0.000000e+00
955 0.000000e+00
956 0.000000e+00
957 0.000000e+00
958 0.000000e+00
959 0.000000e+00
960 3.375404e-07
961 2.688364e-07
962 1.950154e-07
963 1.462461e-07
964 9.048959e-08
965 5.538992e-08
966 3.219503e-08
967 1.925085e-08
968 1.206401e-08
969 7.987126e-09
970 0.000000e+00
971 0.000000e+00
972 0.000000e+00
973 0.000000e+00
974 0.000000e+00
975 5.240005e-07
976 4.202227e-07
977 3.051224e-07
978 2.286026e-07
979 1.432975e-07
980 8.736736e-08
981 5.074520e-08
982 3.030194e-08
983 1.892028e-08
984 1.248960e-08
985 0.000000e+00
986 0.000000e+00
987 0.000000e+00
988 0.000000e+00
989 0.000000e+00
990 6.449041e-07
991 5.184740e-07
992 3.766011e-07
993 2.820522e-07
994 1.776259e-07
995 1.081382e-07
996 6.279516e-08
997 3.748067e-08
998 2.337250e-08
999 1.541227e-08
1000 0.000000e+00
1001 0.000000e+00
1002 0.000000e+00
1003 0.000000e+00
1004 0.000000e+00
1005 7.383268e-07
1006 5.943866e-07
1007 4.318254e-07
1008 3.233498e-07
1009 2.041492e-07
1010 1.241854e-07
1011 7.210556e-08
1012 4.302740e-08
1013 2.681232e-08
1014 1.767034e-08
1015 0.000000e+00
1016 0.000000e+00
1017 0.000000e+00
1018 0.000000e+00
1019 0.000000e+00
1020 8.140483e-07
1021 6.559114e-07
1022 4.765852e-07
1023 3.568199e-07
1024 2.256472e-07
1025 1.371930e-07
1026 7.965198e-08
1027 4.752282e-08
1028 2.960045e-08
1029 1.950042e-08
1030 0.000000e+00
1031 0.000000e+00
1032 0.000000e+00
1033 0.000000e+00
1034 0.000000e+00
1035 8.801100e-07
1036 7.095931e-07
1037 5.156416e-07
1038 3.860231e-07
1039 2.444034e-07
1040 1.485416e-07
1041 8.623586e-08
1042 5.144531e-08
1043 3.203307e-08
1044 2.109739e-08
1045 0.000000e+00
1046 0.000000e+00
1047 0.000000e+00
1048 0.000000e+00
1049 0.000000e+00
1050 9.427542e-07
1051 7.604982e-07
1052 5.526725e-07
1053 4.137136e-07
1054 2.621876e-07
1055 1.593034e-07
1056 9.247921e-08
1057 5.516449e-08
1058 3.433969e-08
1059 2.261154e-08
1060 0.000000e+00
1061 0.000000e+00
1062 0.000000e+00
1063 0.000000e+00
1064 0.000000e+00
1065 1.015845e-06
1066 8.198935e-07
1067 5.958820e-07
1068 4.460267e-07
1069 2.829394e-07
1070 1.718605e-07
1071 9.976373e-08
1072 5.950451e-08
1073 3.703111e-08
1074 2.437833e-08
1075 0.000000e+00
1076 0.000000e+00
1077 0.000000e+00
1078 0.000000e+00
1079 0.000000e+00
1080 2.023577e-07
1081 1.840797e-07
1082 1.418492e-07
1083 1.025752e-07
1084 7.687023e-08
1085 4.444757e-08
1086 2.724538e-08
1087 1.570698e-08
1088 9.286357e-09
1089 5.776748e-09
1090 0.000000e+00
1091 0.000000e+00
1092 0.000000e+00
1093 0.000000e+00
1094 0.000000e+00
1095 3.304380e-07
1096 3.018540e-07
1097 2.335113e-07
1098 1.687587e-07
1099 1.266444e-07
1100 7.361734e-08
1101 4.523855e-08
1102 2.602120e-08
1103 1.533246e-08
1104 9.517000e-09
1105 0.000000e+00
1106 0.000000e+00
1107 0.000000e+00
1108 0.000000e+00
1109 0.000000e+00
1110 4.307262e-07
1111 3.941246e-07
1112 3.053607e-07
1113 2.206344e-07
1114 1.656613e-07
1115 9.650308e-08
1116 5.935697e-08
1117 3.411280e-08
1118 2.007364e-08
1119 1.244918e-08
1120 0.000000e+00
1121 0.000000e+00
1122 0.000000e+00
1123 0.000000e+00
1124 0.000000e+00
1125 5.119630e-07
1126 4.688598e-07
1127 3.635564e-07
1128 2.626529e-07
1129 1.972629e-07
1130 1.150392e-07
1131 7.079229e-08
1132 4.066668e-08
1133 2.391372e-08
1134 1.482416e-08
1135 0.000000e+00
1136 0.000000e+00
1137 0.000000e+00
1138 0.000000e+00
1139 0.000000e+00
1140 5.828392e-07
1141 5.340706e-07
1142 4.143332e-07
1143 2.993150e-07
1144 2.248370e-07
1145 1.312126e-07
1146 8.077017e-08
1147 4.638522e-08
1148 2.726437e-08
1149 1.689635e-08
1150 0.000000e+00
1151 0.000000e+00
1152 0.000000e+00
1153 0.000000e+00
1154 0.000000e+00
1155 6.500480e-07
1156 5.959036e-07
1157 4.624821e-07
1158 3.340791e-07
1159 2.509837e-07
1160 1.465489e-07
1161 9.023122e-08
1162 5.180763e-08
1163 3.044152e-08
1164 1.886122e-08
1165 0.000000e+00
1166 0.000000e+00
1167 0.000000e+00
1168 0.000000e+00
1169 0.000000e+00
1170 7.284668e-07
1171 6.680489e-07
1172 5.186596e-07
1173 3.746409e-07
1174 2.814896e-07
1175 1.644427e-07
1176 1.012701e-07
1177 5.813417e-08
1178 3.414862e-08
1179 2.115389e-08
1180 0.000000e+00
1181 0.000000e+00
1182 0.000000e+00
1183 0.000000e+00
1184 0.000000e+00
1185 1.319307e-07
1186 1.302289e-07
1187 1.095154e-07
1188 8.000129e-08
1189 5.943105e-08
1190 4.039604e-08
1191 2.383695e-08
1192 1.358138e-08
1193 7.851457e-09
1194 4.639550e-09
1195 2.906161e-09
1196 0.000000e+00
1197 0.000000e+00
1198 0.000000e+00
1199 0.000000e+00
1200 2.311260e-07
1201 2.287926e-07
1202 1.931231e-07
1203 1.413227e-07
1204 1.048134e-07
1205 7.174480e-08
1206 4.212586e-08
1207 2.403531e-08
1208 1.391375e-08
1209 8.207059e-09
1210 5.130232e-09
1211 0.000000e+00
1212 0.000000e+00
1213 0.000000e+00
1214 0.000000e+00
1215 3.124176e-07
1216 3.095944e-07
1217 2.616944e-07
1218 1.916278e-07
1219 1.420359e-07
1220 9.747461e-08
1221 5.712953e-08
1222 3.261328e-08
1223 1.888820e-08
1224 1.113404e-08
1225 6.954638e-09
1226 0.000000e+00
1227 0.000000e+00
1228 0.000000e+00
1229 0.000000e+00
1230 3.832843e-07
1231 3.800335e-07
1232 3.214670e-07
1233 2.354777e-07
1234 1.744816e-07
1235 1.199044e-07
1236 7.020799e-08
1237 4.009078e-08
1238 2.322453e-08
1239 1.368557e-08
1240 8.544910e-09
1241 0.000000e+00
1242 0.000000e+00
1243 0.000000e+00
1244 0.000000e+00
1245 4.504828e-07
1246 4.468207e-07
1247 3.781454e-07
1248 2.770572e-07
1249 2.052484e-07
1250 1.411723e-07
1251 8.260951e-08
1252 4.718125e-08
1253 2.733638e-08
1254 1.610500e-08
1255 1.005288e-08
1256 0.000000e+00
1257 0.000000e+00
1258 0.000000e+00
1259 0.000000e+00
1260 5.288836e-07
1261 5.247475e-07
1262 4.442762e-07
1263 3.255731e-07
1264 2.411460e-07
1265 1.659860e-07
1266 9.707936e-08
1267 5.545368e-08
1268 3.213373e-08
1269 1.892783e-08
1270 1.181235e-08
1271 0.000000e+00
1272 0.000000e+00
1273 0.000000e+00
1274 0.000000e+00
1275 9.488299e-08
1276 9.879658e-08
1277 8.940708e-08
1278 6.840048e-08
1279 4.944276e-08
1280 3.703581e-08
1281 2.092675e-08
1282 1.263836e-08
1283 7.141040e-09
1284 4.124498e-09
1285 2.469187e-09
1286 0.000000e+00
1287 0.000000e+00
1288 0.000000e+00
1289 0.000000e+00
1290 1.735322e-07
1291 1.810688e-07
1292 1.643712e-07
1293 1.260967e-07
1294 9.108980e-08
1295 6.833890e-08
1296 3.872540e-08
1297 2.346432e-08
1298 1.322818e-08
1299 7.621754e-09
1300 4.553865e-09
1301 0.000000e+00
1302 0.000000e+00
1303 0.000000e+00
1304 0.000000e+00
1305 2.425521e-07
1306 2.532821e-07
1307 2.301859e-07
1308 1.767633e-07
1309 1.276618e-07
1310 9.582977e-08
1311 5.436258e-08
1312 3.297777e-08
1313 1.857654e-08
1314 1.069365e-08
1315 6.384678e-09
1316 0.000000e+00
1317 0.000000e+00
1318 0.000000e+00
1319 0.000000e+00
1320 3.079408e-07
1321 3.216934e-07
1322 2.925360e-07
1323 2.247639e-07
1324 1.623093e-07
1325 1.218735e-07
1326 6.917580e-08
1327 4.198984e-08
1328 2.364307e-08
1329 1.360367e-08
1330 8.119104e-09
1331 0.000000e+00
1332 0.000000e+00
1333 0.000000e+00
1334 0.000000e+00
1335 3.842362e-07
1336 4.015161e-07
1337 3.652869e-07
1338 2.807684e-07
1339 2.027332e-07
1340 1.522599e-07
1341 8.645938e-08
1342 5.250512e-08
1343 2.955456e-08
1344 1.699907e-08
1345 1.014277e-08
1346 0.000000e+00
1347 0.000000e+00
1348 0.000000e+00
1349 0.000000e+00
1350 7.260333e-08
1351 7.858726e-08
1352 7.536088e-08
1353 6.107208e-08
1354 4.405972e-08
1355 3.321488e-08
1356 2.074926e-08
1357 1.272146e-08
1358 7.062576e-09
1359 3.889020e-09
1360 2.247677e-09
1361 1.366897e-09
1362 0.000000e+00
1363 0.000000e+00
1364 0.000000e+00
1365 1.385327e-07
1366 1.501972e-07
1367 1.443933e-07
1368 1.173628e-07
1369 8.472518e-08
1370 6.380960e-08
1371 4.013306e-08
1372 2.453348e-08
1373 1.362308e-08
1374 7.505316e-09
1375 4.327785e-09
1376 2.626118e-09
1377 0.000000e+00
1378 0.000000e+00
1379 0.000000e+00
1380 2.010824e-07
1381 2.181425e-07
1382 2.099028e-07
1383 1.707894e-07
1384 1.233244e-07
1385 9.284701e-08
1386 5.853751e-08
1387 3.574636e-08
1388 1.985090e-08
1389 1.093866e-08
1390 6.302318e-09
1391 3.821268e-09
1392 0.000000e+00
1393 0.000000e+00
1394 0.000000e+00
1395 2.740306e-07
1396 2.973827e-07
1397 2.863002e-07
1398 2.330952e-07
1399 1.683378e-07
1400 1.267102e-07
1401 8.000057e-08
1402 4.882263e-08
1403 2.711366e-08
1404 1.494245e-08
1405 8.604972e-09
1406 5.215051e-09
1407 0.000000e+00
1408 0.000000e+00
1409 0.000000e+00
1410 5.904998e-08
1411 6.590349e-08
1412 6.620653e-08
1413 5.686897e-08
1414 4.191775e-08
1415 3.087406e-08
1416 2.175016e-08
1417 1.240975e-08
1418 6.986410e-09
1419 3.953277e-09
1420 2.198974e-09
1421 1.282470e-09
1422 0.000000e+00
1423 0.000000e+00
1424 0.000000e+00
1425 1.179914e-07
1426 1.318721e-07
1427 1.327640e-07
1428 1.143784e-07
1429 8.445228e-08
1430 6.212336e-08
1431 4.397466e-08
1432 2.500700e-08
1433 1.410907e-08
1434 7.982478e-09
1435 4.437770e-09
1436 2.583011e-09
1437 0.000000e+00
1438 0.000000e+00
1439 0.000000e+00
1440 1.865378e-07
1441 2.085937e-07
1442 2.101740e-07
1443 1.812676e-07
1444 1.339262e-07
1445 9.846983e-08
1446 6.982652e-08
1447 3.965979e-08
1448 2.239454e-08
1449 1.266923e-08
1450 7.041977e-09
1451 4.095714e-09
1452 0.000000e+00
1453 0.000000e+00
1454 0.000000e+00
1455 5.142635e-08
1456 5.893306e-08
1457 6.160004e-08
1458 5.596963e-08
1459 4.292253e-08
1460 3.100106e-08
1461 2.328492e-08
1462 1.305432e-08
1463 7.808415e-09
1464 4.278059e-09
1465 2.358401e-09
1466 1.316845e-09
1467 0.000000e+00
1468 0.000000e+00
1469 0.000000e+00
1470 1.144843e-07
1471 1.313673e-07
1472 1.375799e-07
1473 1.253675e-07
1474 9.639306e-08
1475 6.958107e-08
1476 5.233488e-08
1477 2.942977e-08
1478 1.766460e-08
1479 9.659785e-09
1480 5.312540e-09
1481 2.960250e-09
1482 0.000000e+00
1483 0.000000e+00
1484 0.000000e+00
1485 5.368997e-08
1486 6.308864e-08
1487 6.840557e-08
1488 6.567254e-08
1489 5.324924e-08
1490 3.842247e-08
1491 2.898562e-08
1492 1.802319e-08
1493 1.096835e-08
1494 5.952108e-09
1495 3.135037e-09
1496 1.691425e-09
1497 9.419222e-10
1498 0.000000e+00
1499 0.000000e+00
1500 1.109684e-04
1501 8.086786e-05
1502 6.035546e-05
1503 3.805236e-05
1504 2.321989e-05
1505 1.369104e-05
1506 8.324421e-06
1507 5.304277e-06
1508 3.565556e-06
1509 0.000000e+00
1510 0.000000e+00
1511 0.000000e+00
1512 0.000000e+00
1513 0.000000e+00
1514 0.000000e+00
1515 5.757601e-05
1516 4.644359e-05
1517 3.369791e-05
1518 2.528332e-05
1519 1.597668e-05
1520 9.754545e-06
1521 5.648866e-06
1522 3.364481e-06
1523 2.093966e-06
1524 1.379138e-06
1525 0.000000e+00
1526 0.000000e+00
1527 0.000000e+00
1528 0.000000e+00
1529 0.000000e+00
1530 4.047788e-05
1531 3.713775e-05
1532 2.882267e-05
1533 2.080348e-05
1534 1.566222e-05
1535 9.111532e-06
1536 5.625604e-06
1537 3.225263e-06
1538 1.896511e-06
1539 1.174730e-06
1540 0.000000e+00
1541 0.000000e+00
1542 0.000000e+00
1543 0.000000e+00
1544 0.000000e+00
1545 2.912801e-05
1546 2.891312e-05
1547 2.448503e-05
1548 1.793535e-05
1549 1.328396e-05
1550 9.154542e-06
1551 5.351144e-06
1552 3.053081e-06
1553 1.771954e-06
1554 1.042590e-06
1555 6.506122e-07
1556 0.000000e+00
1557 0.000000e+00
1558 0.000000e+00
1559 0.000000e+00
1560 2.085098e-05
1561 2.179680e-05
1562 1.983793e-05
1563 1.524768e-05
1564 1.100576e-05
1565 8.274949e-06
1566 4.689296e-06
1567 2.850415e-06
1568 1.602925e-06
1569 9.233707e-07
1570 5.506294e-07
1571 0.000000e+00
1572 0.000000e+00
1573 0.000000e+00
1574 0.000000e+00
1575 1.487210e-05
1576 1.614453e-05
1577 1.554949e-05
1578 1.266314e-05
1579 9.143013e-06
1580 6.883420e-06
1581 4.347301e-06
1582 2.655947e-06
1583 1.474901e-06
1584 8.112783e-07
1585 4.673052e-07
1586 2.832009e-07
1587 0.000000e+00
1588 0.000000e+00
1589 0.000000e+00
1590 1.001028e-05
1591 1.119728e-05
1592 1.128693e-05
1593 9.739022e-06
1594 7.195644e-06
1595 5.289411e-06
1596 3.755371e-06
1597 2.130464e-06
1598 1.202339e-06
1599 6.811759e-07
1600 3.783133e-07
1601 2.200058e-07
1602 0.000000e+00
1603 0.000000e+00
1604 0.000000e+00
1605 6.201116e-06
1606 7.118100e-06
1607 7.458527e-06
1608 6.801106e-06
1609 5.231433e-06
1610 3.775220e-06
1611 2.841823e-06
1612 1.597077e-06
1613 9.596537e-07
1614 5.242846e-07
1615 2.885232e-07
1616 1.606418e-07
1617 0.000000e+00
1618 0.000000e+00
1619 0.000000e+00
1620 3.163407e-06
1621 3.720115e-06
1622 4.038202e-06
1623 3.883392e-06
1624 3.154630e-06
1625 2.276770e-06
1626 1.716871e-06
1627 1.071974e-06
1628 6.518364e-07
1629 3.538249e-07
1630 1.861971e-07
1631 1.003484e-07
1632 5.578990e-08
1633 0.000000e+00
1634 0.000000e+00
1635 8.891198e-07
1636 1.072208e-06
1637 1.206146e-06
1638 1.224576e-06
1639 1.066696e-06
1640 7.933436e-07
1641 5.815894e-07
1642 4.169104e-07
1643 2.343421e-07
1644 1.314261e-07
1645 7.164692e-08
1646 3.730540e-08
1647 1.958823e-08
1648 0.000000e+00
1649 0.000000e+00
