0 2.238931e-09
1 1.455285e-09
2 9.153291e-10
3 5.765400e-10
4 3.705361e-10
5 2.437950e-10
6 1.621239e-10
7 1.064848e-10
8 6.748467e-11
9 4.054187e-11
10 2.286004e-11
11 1.208111e-11
12 6.024346e-12
13 2.866816e-12
14 1.318201e-12
15 3.786870e-09
16 2.519012e-09
17 1.601385e-09
18 9.982241e-10
19 6.312124e-10
20 4.087561e-10
21 2.703964e-10
22 1.793066e-10
23 1.162644e-10
24 7.212607e-11
25 4.215753e-11
26 2.307344e-11
27 1.185424e-11
28 5.770377e-12
29 2.694439e-12
30 4.341417e-09
31 2.907753e-09
32 1.858846e-09
33 1.157561e-09
34 7.289180e-10
35 4.695107e-10
36 3.095604e-10
37 2.054426e-10
38 1.338503e-10
39 8.369663e-11
40 4.941738e-11
41 2.733691e-11
42 1.417961e-11
43 6.955588e-12
44 3.265947e-12
45 4.647452e-09
46 3.122407e-09
47 2.001084e-09
48 1.245669e-09
49 7.829404e-10
50 5.030771e-10
51 3.312444e-10
52 2.198424e-10
53 1.435537e-10
54 9.008168e-11
55 5.341911e-11
56 2.968298e-11
57 1.546372e-11
58 7.610875e-12
59 3.582313e-12
60 4.855764e-09
61 3.268618e-09
62 2.097831e-09
63 1.305609e-09
64 8.196850e-10
65 5.259914e-10
66 3.460239e-10
67 2.296927e-10
68 1.501598e-10
69 9.443722e-11
70 5.616116e-11
71 3.129103e-11
72 1.634246e-11
73 8.061914e-12
74 3.799895e-12
75 5.006638e-09
76 3.374272e-09
77 2.168025e-09
78 1.348997e-09
79 8.463184e-10
80 5.425895e-10
81 3.566954e-10
82 2.368041e-10
83 1.549732e-10
84 9.760949e-11
85 5.813341e-11
86 3.245304e-11
87 1.697527e-11
88 8.382272e-12
89 3.954416e-12
90 5.131341e-09
91 3.461971e-09
92 2.226010e-09
93 1.385186e-09
94 8.684588e-10
95 5.562945e-10
96 3.655695e-10
97 2.427134e-10
98 1.589567e-10
99 1.002248e-10
100 5.978359e-11
101 3.342075e-11
102 1.750262e-11
103 8.651198e-12
104 4.084246e-12
105 5.241172e-09
106 3.538542e-09
107 2.277226e-09
108 1.416713e-09
109 8.877993e-10
110 5.683481e-10
111 3.733156e-10
112 2.478810e-10
113 1.623643e-10
114 1.024730e-10
115 6.118919e-11
116 3.425943e-11
117 1.796429e-11
118 8.886757e-12
119 4.194741e-12
120 5.345240e-09
121 3.611951e-09
122 2.325814e-09
123 1.446836e-09
124 9.062037e-10
125 5.797563e-10
126 3.806427e-10
127 2.527904e-10
128 1.657231e-10
129 1.046825e-10
130 6.258616e-11
131 3.506516e-11
132 1.840139e-11
133 9.109924e-12
134 4.305760e-12
135 5.464002e-09
136 3.694824e-09
137 2.381381e-09
138 1.481305e-09
139 9.272953e-10
140 5.929317e-10
141 3.891528e-10
142 2.583796e-10
143 1.695254e-10
144 1.072055e-10
145 6.415990e-11
146 3.599020e-11
147 1.890697e-11
148 9.366066e-12
149 4.429232e-12
150 7.897573e-09
151 5.437473e-09
152 3.571600e-09
153 2.231112e-09
154 1.383512e-09
155 8.722168e-10
156 5.656429e-10
157 3.743223e-10
158 2.474863e-10
159 1.593265e-10
160 9.771827e-11
161 5.631973e-11
162 3.035748e-11
163 1.536623e-11
164 7.382697e-12
165 9.982042e-09
166 6.959881e-09
167 4.637673e-09
168 2.927419e-09
169 1.806033e-09
170 1.129303e-09
171 7.244127e-10
172 4.762840e-10
173 3.153622e-10
174 2.049053e-10
175 1.276391e-10
176 7.499238e-11
177 4.123702e-11
178 2.125173e-11
179 1.035540e-11
180 1.119664e-08
181 7.851810e-09
182 5.263218e-09
183 3.339749e-09
184 2.057235e-09
185 1.282268e-09
186 8.183555e-10
187 5.363255e-10
188 3.551391e-10
189 2.316136e-10
190 1.452101e-10
191 8.600170e-11
192 4.769799e-11
193 2.477668e-11
194 1.214978e-11
195 1.202701e-08
196 8.462390e-09
197 5.692122e-09
198 3.622440e-09
199 2.229602e-09
200 1.387113e-09
201 8.826317e-10
202 5.775287e-10
203 3.824236e-10
204 2.499178e-10
205 1.572471e-10
206 9.355761e-11
207 5.213642e-11
208 2.719964e-11
209 1.338359e-11
210 1.262822e-08
211 8.904858e-09
212 6.002994e-09
213 3.826602e-09
214 2.354635e-09
215 1.463010e-09
216 9.293186e-10
217 6.072518e-10
218 4.021058e-10
219 2.631267e-10
220 1.659342e-10
221 9.901904e-11
222 5.534355e-11
223 2.894566e-11
224 1.427606e-11
225 1.312671e-08
226 9.270564e-09
227 6.259194e-09
228 3.996324e-09
229 2.457664e-09
230 1.525767e-09
231 9.677577e-10
232 6.319129e-10
233 4.184334e-10
234 2.740676e-10
235 1.731383e-10
236 1.035195e-10
237 5.798391e-11
238 3.039113e-11
239 1.501124e-11
240 1.355905e-08
241 9.588614e-09
242 6.483023e-09
243 4.143857e-09
244 2.548038e-09
245 1.580672e-09
246 1.001365e-09
247 6.533493e-10
248 4.326815e-10
249 2.836249e-10
250 1.794253e-10
251 1.074621e-10
252 6.030374e-11
253 3.165664e-11
254 1.565084e-11
255 1.397205e-08
256 9.892124e-09
257 6.696607e-09
258 4.284960e-09
259 2.633649e-09
260 1.632697e-09
261 1.033377e-09
262 6.737329e-10
263 4.462341e-10
264 2.927116e-10
265 1.854041e-10
266 1.112190e-10
267 6.250718e-11
268 3.285538e-11
269 1.626561e-11
270 1.445084e-08
271 1.024391e-08
272 6.943359e-09
273 4.447315e-09
274 2.732543e-09
275 1.693291e-09
276 1.070731e-09
277 6.975719e-10
278 4.619134e-10
279 3.032392e-10
280 1.923435e-10
281 1.155728e-10
282 6.505593e-11
283 3.424919e-11
284 1.697536e-11
285 1.364291e-08
286 9.706359e-09
287 6.592436e-09
288 4.253871e-09
289 2.621658e-09
290 1.623696e-09
291 1.023723e-09
292 6.640934e-10
293 4.380865e-10
294 2.871318e-10
295 1.823088e-10
296 1.099613e-10
297 6.227946e-11
298 3.302445e-11
299 1.648021e-11
300 1.605210e-08
301 1.155104e-08
302 7.916838e-09
303 5.166828e-09
304 3.196493e-09
305 1.969955e-09
306 1.232323e-09
307 7.932305e-10
308 5.213512e-10
309 3.424796e-10
310 2.191637e-10
311 1.337809e-10
312 7.685787e-11
313 4.135141e-11
314 2.090274e-11
315 1.773367e-08
316 1.284647e-08
317 8.849202e-09
318 5.812087e-09
319 3.605505e-09
320 2.215670e-09
321 1.380680e-09
322 8.847955e-10
323 5.801862e-10
324 3.814766e-10
325 2.451069e-10
326 1.505740e-10
327 8.716705e-11
328 4.726294e-11
329 2.405628e-11
330 1.895546e-08
331 1.378758e-08
332 9.524238e-09
333 6.277397e-09
334 3.901810e-09
335 2.393775e-09
336 1.488052e-09
337 9.511741e-10
338 6.229027e-10
339 4.097397e-10
340 2.639069e-10
341 1.627420e-10
342 9.463954e-11
343 5.154999e-11
344 2.634405e-11
345 1.996472e-08
346 1.456466e-08
347 1.008504e-08
348 6.665630e-09
349 4.147008e-09
350 2.541301e-09
351 1.576902e-09
352 1.006025e-09
353 6.580829e-10
354 4.330800e-10
355 2.794603e-10
356 1.728087e-10
357 1.008173e-10
358 5.509501e-11
359 2.823593e-11
360 2.084597e-08
361 1.524370e-08
362 1.057389e-08
363 7.002092e-09
364 4.360506e-09
365 2.669951e-09
366 1.654331e-09
367 1.053852e-09
368 6.888074e-10
369 4.534690e-10
370 2.930141e-10
371 1.815813e-10
372 1.062030e-10
373 5.818165e-11
374 2.988253e-11
375 2.167926e-08
376 1.588540e-08
377 1.103521e-08
378 7.321641e-09
379 4.562578e-09
380 2.791653e-09
381 1.727760e-09
382 1.099140e-09
383 7.179247e-10
384 4.727747e-10
385 3.058722e-10
386 1.898997e-10
387 1.113079e-10
388 6.110890e-11
389 3.144388e-11
390 2.265354e-08
391 1.663657e-08
392 1.157521e-08
393 7.694827e-09
394 4.799548e-09
395 2.934651e-09
396 1.813929e-09
397 1.152369e-09
398 7.520007e-10
399 4.954039e-10
400 3.209280e-10
401 1.996476e-10
402 1.172934e-10
403 6.453633e-11
404 3.327367e-11
405 1.966534e-08
406 1.441115e-08
407 1.000083e-08
408 6.629721e-09
409 4.149402e-09
410 2.541160e-09
411 1.575901e-09
412 1.002001e-09
413 6.531746e-10
414 4.289910e-10
415 2.767677e-10
416 1.714783e-10
417 1.004349e-10
418 5.517958e-11
419 2.844767e-11
420 2.236613e-08
421 1.658477e-08
422 1.160093e-08
423 7.755860e-09
424 4.896539e-09
425 2.990483e-09
426 1.846417e-09
427 1.165119e-09
428 7.551500e-10
429 4.953085e-10
430 3.207615e-10
431 2.003318e-10
432 1.186122e-10
433 6.596297e-11
434 3.441075e-11
435 2.433908e-08
436 1.818134e-08
437 1.277581e-08
438 8.585901e-09
439 5.447708e-09
440 3.322746e-09
441 2.046842e-09
442 1.285641e-09
443 8.305304e-10
444 5.442011e-10
445 3.531616e-10
446 2.215799e-10
447 1.320129e-10
448 7.392818e-11
449 3.882659e-11
450 2.598207e-08
451 1.950261e-08
452 1.375197e-08
453 9.273981e-09
454 5.904041e-09
455 3.598691e-09
456 2.212493e-09
457 1.385576e-09
458 8.926921e-10
459 5.846522e-10
460 3.799669e-10
461 2.391586e-10
462 1.430989e-10
463 8.051612e-11
464 4.247919e-11
465 2.740957e-08
466 2.065708e-08
467 1.460312e-08
468 9.872121e-09
469 6.302169e-09
470 3.839283e-09
471 2.356837e-09
472 1.472562e-09
473 9.471343e-10
474 6.199636e-10
475 4.033582e-10
476 2.544965e-10
477 1.527728e-10
478 8.626788e-11
479 4.566808e-11
480 2.876027e-08
481 2.174467e-08
482 1.540794e-08
483 1.043865e-08
484 6.679435e-09
485 4.066572e-09
486 2.493858e-09
487 1.554844e-09
488 9.985237e-10
489 6.533402e-10
490 4.255017e-10
491 2.690186e-10
492 1.619290e-10
493 9.170289e-11
494 4.868037e-11
495 3.034147e-08
496 2.302026e-08
497 1.634805e-08
498 1.110212e-08
499 7.119816e-09
500 4.332414e-09
501 2.653796e-09
502 1.651259e-09
503 1.058666e-09
504 6.923887e-10
505 4.513663e-10
506 2.859630e-10
507 1.726267e-10
508 9.806556e-11
509 5.220798e-11
510 2.612510e-08
511 1.971175e-08
512 1.395099e-08
513 9.426764e-09
514 6.034320e-09
515 3.685780e-09
516 2.263979e-09
517 1.413477e-09
518 9.076555e-10
519 5.928513e-10
520 3.849890e-10
521 2.426279e-10
522 1.456397e-10
523 8.233806e-11
524 4.368987e-11
525 2.899923e-08
526 2.213036e-08
527 1.578618e-08
528 1.073720e-08
529 6.932008e-09
530 4.241444e-09
531 2.596623e-09
532 1.610753e-09
533 1.028253e-09
534 6.693977e-10
535 4.351255e-10
536 2.756023e-10
537 1.667708e-10
538 9.522240e-11
539 5.105561e-11
540 3.139413e-08
541 2.414831e-08
542 1.731932e-08
543 1.183448e-08
544 7.683062e-09
545 4.708499e-09
546 2.875116e-09
547 1.776288e-09
548 1.129018e-09
549 7.334193e-10
550 4.770188e-10
551 3.031450e-10
552 1.844250e-10
553 1.059948e-10
554 5.722198e-11
555 3.348071e-08
556 2.590738e-08
557 1.865788e-08
558 1.278934e-08
559 8.337946e-09
560 5.114571e-09
561 3.118077e-09
562 1.920674e-09
563 1.217092e-09
564 7.892334e-10
565 5.135321e-10
566 3.271505e-10
567 1.998122e-10
568 1.153838e-10
569 6.259620e-11
570 3.545945e-08
571 2.757614e-08
572 1.992773e-08
573 1.369649e-08
574 8.960323e-09
575 5.500788e-09
576 3.348892e-09
577 2.057638e-09
578 1.300659e-09
579 8.422306e-10
580 5.482209e-10
581 3.499535e-10
582 2.144273e-10
583 1.243026e-10
584 6.770191e-11
585 3.777834e-08
586 2.952642e-08
587 2.141113e-08
588 1.475577e-08
589 9.684900e-09
590 5.950916e-09
591 3.617452e-09
592 2.217253e-09
593 1.398011e-09
594 9.039711e-10
595 5.886222e-10
596 3.765203e-10
597 2.314576e-10
598 1.346938e-10
599 7.364991e-11
600 3.277986e-08
601 2.540972e-08
602 1.833620e-08
603 1.257685e-08
604 8.211331e-09
605 5.055542e-09
606 3.080247e-09
607 1.896871e-09
608 1.200226e-09
609 7.767945e-10
610 5.046305e-10
611 3.212204e-10
612 1.962348e-10
613 1.134693e-10
614 6.170291e-11
615 3.602108e-08
616 2.824273e-08
617 2.055643e-08
618 1.418682e-08
619 9.333129e-09
620 5.777228e-09
621 3.508238e-09
622 2.150806e-09
623 1.352133e-09
624 8.710658e-10
625 5.653205e-10
626 3.609432e-10
627 2.218990e-10
628 1.294138e-10
629 7.105849e-11
630 3.885722e-08
631 3.072505e-08
632 2.250615e-08
633 1.559824e-08
634 1.031822e-08
635 6.411282e-09
636 3.884752e-09
637 2.374145e-09
638 1.485855e-09
639 9.538456e-10
640 6.185711e-10
641 3.957812e-10
642 2.444070e-10
643 1.434021e-10
644 7.927158e-11
645 4.154417e-08
646 3.307697e-08
647 2.435328e-08
648 1.693831e-08
649 1.125222e-08
650 7.012641e-09
651 4.241488e-09
652 2.586107e-09
653 1.612503e-09
654 1.032328e-09
655 6.690642e-10
656 4.288147e-10
657 2.657475e-10
658 1.566646e-10
659 8.705743e-11
660 4.469173e-08
661 3.582543e-08
662 2.651167e-08
663 1.850192e-08
664 1.234158e-08
665 7.714396e-09
666 4.658167e-09
667 2.833089e-09
668 1.760260e-09
669 1.123907e-09
670 7.279624e-10
671 4.673530e-10
672 2.906479e-10
673 1.721393e-10
674 9.614318e-11
675 4.019180e-08
676 3.199769e-08
677 2.358229e-08
678 1.640979e-08
679 1.089861e-08
680 6.812746e-09
681 4.123831e-09
682 2.516747e-09
683 1.567949e-09
684 1.002389e-09
685 6.485333e-10
686 4.149806e-10
687 2.569076e-10
688 1.514188e-10
689 8.421102e-11
690 4.393464e-08
691 3.538198e-08
692 2.633365e-08
693 1.843891e-08
694 1.232991e-08
695 7.764831e-09
696 4.693118e-09
697 2.855215e-09
698 1.767013e-09
699 1.122909e-09
700 7.244978e-10
701 4.641696e-10
702 2.887399e-10
703 1.714549e-10
704 9.621846e-11
705 4.747924e-08
706 3.860016e-08
707 2.894404e-08
708 2.037116e-08
709 1.369188e-08
710 8.671429e-09
711 5.235381e-09
712 3.177282e-09
713 1.956495e-09
714 1.237585e-09
715 7.967833e-10
716 5.109388e-10
717 3.189988e-10
718 1.905015e-10
719 1.076402e-10
720 5.162880e-08
721 4.236043e-08
722 3.198747e-08
723 2.262294e-08
724 1.527876e-08
725 9.728534e-09
726 5.867825e-09
727 3.553253e-09
728 2.177328e-09
729 1.371372e-09
730 8.810104e-10
731 5.654475e-10
732 3.542696e-10
733 2.127012e-10
734 1.209531e-10
735 4.869562e-08
736 3.982294e-08
737 3.003950e-08
738 2.123451e-08
739 1.431745e-08
740 9.118309e-09
741 5.516784e-09
742 3.343533e-09
743 2.050965e-09
744 1.292015e-09
745 8.290587e-10
746 5.309797e-10
747 3.318542e-10
748 1.987891e-10
749 1.128578e-10
750 5.331365e-08
751 4.414942e-08
752 3.368106e-08
753 2.399141e-08
754 1.628128e-08
755 1.045898e-08
756 6.339413e-09
757 3.829801e-09
758 2.333836e-09
759 1.459985e-09
760 9.324169e-10
761 5.967313e-10
762 3.741799e-10
763 2.256194e-10
764 1.292226e-10
765 5.871303e-08
766 4.920955e-08
767 3.792511e-08
768 2.720927e-08
769 1.857550e-08
770 1.202628e-08
771 7.302093e-09
772 4.399075e-09
773 2.664475e-09
774 1.656356e-09
775 1.053160e-09
776 6.735343e-10
777 4.236162e-10
778 2.569542e-10
779 1.483372e-10
780 5.926021e-08
781 4.988606e-08
782 3.866212e-08
783 2.786611e-08
784 1.907376e-08
785 1.239826e-08
786 7.567760e-09
787 4.550927e-09
788 2.752156e-09
789 1.704329e-09
790 1.079403e-09
791 6.884185e-10
792 4.326232e-10
793 2.627281e-10
794 1.521263e-10
795 6.635473e-08
796 5.675970e-08
797 4.466023e-08
798 3.256308e-08
799 2.247183e-08
800 1.476196e-08
801 9.078254e-09
802 5.437600e-09
803 3.267755e-09
804 2.004167e-09
805 1.258826e-09
806 7.997387e-10
807 5.032908e-10
808 3.075135e-10
809 1.797834e-10
810 7.616113e-08
811 6.660833e-08
812 5.364851e-08
813 3.989489e-08
814 2.789899e-08
815 1.859166e-08
816 1.163043e-08
817 6.948992e-09
818 4.151796e-09
819 2.508138e-09
820 1.551086e-09
821 9.751190e-10
822 6.119085e-10
823 3.756724e-10
824 2.221022e-10
825 5.054441e-07
826 3.691803e-07
827 2.735545e-07
828 1.702832e-07
829 1.037342e-07
830 6.145410e-08
831 3.752410e-08
832 2.407302e-08
833 1.625046e-08
834 0.000000e+00
835 0.000000e+00
836 0.000000e+00
837 0.000000e+00
838 0.000000e+00
839 0.000000e+00
840 7.609711e-07
841 5.559575e-07
842 4.123988e-07
843 2.596352e-07
844 1.577824e-07
845 9.335706e-08
846 5.689726e-08
847 3.636684e-08
848 2.448248e-08
849 0.000000e+00
850 0.000000e+00
851 0.000000e+00
852 0.000000e+00
853 0.000000e+00
854 0.000000e+00
855 9.034743e-07
856 6.601418e-07
857 4.898363e-07
858 3.095556e-07
859 1.879550e-07
860 1.111690e-07
861 6.771225e-08
862 4.322655e-08
863 2.907428e-08
864 0.000000e+00
865 0.000000e+00
866 0.000000e+00
867 0.000000e+00
868 0.000000e+00
869 0.000000e+00
870 1.000755e-06
871 7.312613e-07
872 5.426996e-07
873 3.436338e-07
874 2.085540e-07
875 1.233286e-07
876 7.509517e-08
877 4.790980e-08
878 3.220889e-08
879 0.000000e+00
880 0.000000e+00
881 0.000000e+00
882 0.000000e+00
883 0.000000e+00
884 0.000000e+00
885 1.071197e-06
886 7.827642e-07
887 5.809763e-07
888 3.683102e-07
889 2.234703e-07
890 1.321339e-07
891 8.044151e-08
892 5.130094e-08
893 3.447891e-08
894 0.000000e+00
895 0.000000e+00
896 0.000000e+00
897 0.000000e+00
898 0.000000e+00
899 0.000000e+00
900 1.129442e-06
901 8.253465e-07
902 6.126278e-07
903 3.887134e-07
904 2.358027e-07
905 1.394146e-07
906 8.486177e-08
907 5.410496e-08
908 3.635575e-08
909 0.000000e+00
910 0.000000e+00
911 0.000000e+00
912 0.000000e+00
913 0.000000e+00
914 0.000000e+00
915 1.180272e-06
916 8.625068e-07
917 6.402479e-07
918 4.065203e-07
919 2.465660e-07
920 1.457677e-07
921 8.871946e-08
922 5.655181e-08
923 3.799362e-08
924 0.000000e+00
925 0.000000e+00
926 0.000000e+00
927 0.000000e+00
928 0.000000e+00
929 0.000000e+00
930 1.228463e-06
931 8.977398e-07
932 6.664354e-07
933 4.234022e-07
934 2.567700e-07
935 1.517909e-07
936 9.237675e-08
937 5.887162e-08
938 3.954638e-08
939 0.000000e+00
940 0.000000e+00
941 0.000000e+00
942 0.000000e+00
943 0.000000e+00
944 0.000000e+00
945 1.284687e-06
946 9.388476e-07
947 6.969874e-07
948 4.430994e-07
949 2.686749e-07
950 1.588189e-07
951 9.664417e-08
952 6.157810e-08
953 4.135820e-08
954 0.000000e+00
955 0.000000e+00
956 0.000000e+00
957 0.000000e+00
958 0.000000e+00
959 0.000000e+00
960 3.376069e-07
961 2.688953e-07
962 1.950589e-07
963 1.462783e-07
964 9.051331e-08
965 5.540345e-08
966 3.220287e-08
967 1.925551e-08
968 1.206680e-08
969 7.988896e-09
970 0.000000e+00
971 0.000000e+00
972 0.000000e+00
973 0.000000e+00
974 0.000000e+00
975 5.201801e-07
976 4.171193e-07
977 3.028647e-07
978 2.269142e-07
979 1.422129e-07
980 8.671128e-08
981 5.036442e-08
982 3.007512e-08
983 1.877965e-08
984 1.239732e-08
985 0.000000e+00
986 0.000000e+00
987 0.000000e+00
988 0.000000e+00
989 0.000000e+00
990 6.466679e-07
991 5.199060e-07
992 3.776429e-07
993 2.828314e-07
994 1.781262e-07
995 1.084407e-07
996 6.297091e-08
997 3.758530e-08
998 2.343739e-08
999 1.545486e-08
1000 0.000000e+00
1001 0.000000e+00
1002 0.000000e+00
1003 0.000000e+00
1004 0.000000e+00
1005 7.382403e-07
1006 5.943164e-07
1007 4.317743e-07
1008 3.233116e-07
1009 2.041247e-07
1010 1.241705e-07
1011 7.209695e-08
1012 4.302226e-08
1013 2.680914e-08
1014 1.766825e-08
1015 0.000000e+00
1016 0.000000e+00
1017 0.000000e+00
1018 0.000000e+00
1019 0.000000e+00
1020 8.139642e-07
1021 6.558427e-07
1022 4.765354e-07
1023 3.567827e-07
1024 2.256233e-07
1025 1.371786e-07
1026 7.964360e-08
1027 4.751783e-08
1028 2.959735e-08
1029 1.949839e-08
1030 0.000000e+00
1031 0.000000e+00
1032 0.000000e+00
1033 0.000000e+00
1034 0.000000e+00
1035 8.800296e-07
1036 7.095277e-07
1037 5.155941e-07
1038 3.859875e-07
1039 2.443806e-07
1040 1.485278e-07
1041 8.622785e-08
1042 5.144053e-08
1043 3.203011e-08
1044 2.109545e-08
1045 0.000000e+00
1046 0.000000e+00
1047 0.000000e+00
1048 0.000000e+00
1049 0.000000e+00
1050 9.426780e-07
1051 7.604363e-07
1052 5.526275e-07
1053 4.136800e-07
1054 2.621660e-07
1055 1.592903e-07
1056 9.247163e-08
1057 5.515998e-08
1058 3.433689e-08
1059 2.260970e-08
1060 0.000000e+00
1061 0.000000e+00
1062 0.000000e+00
1063 0.000000e+00
1064 0.000000e+00
1065 1.015772e-06
1066 8.198342e-07
1067 5.958388e-07
1068 4.459944e-07
1069 2.829187e-07
1070 1.718479e-07
1071 9.975646e-08
1072 5.950018e-08
1073 3.702842e-08
1074 2.437657e-08
1075 0.000000e+00
1076 0.000000e+00
1077 0.000000e+00
1078 0.000000e+00
1079 0.000000e+00
1080 1.985963e-07
1081 1.806295e-07
1082 1.391693e-07
1083 1.006400e-07
1084 7.541526e-08
1085 4.359788e-08
1086 2.672163e-08
1087 1.540650e-08
1088 9.109910e-09
1089 5.667468e-09
1090 0.000000e+00
1091 0.000000e+00
1092 0.000000e+00
1093 0.000000e+00
1094 0.000000e+00
1095 3.323294e-07
1096 3.035941e-07
1097 2.348667e-07
1098 1.697370e-07
1099 1.273803e-07
1100 7.404885e-08
1101 4.550488e-08
1102 2.617377e-08
1103 1.542187e-08
1104 9.572275e-09
1105 0.000000e+00
1106 0.000000e+00
1107 0.000000e+00
1108 0.000000e+00
1109 0.000000e+00
1110 4.306332e-07
1111 3.940390e-07
1112 3.052941e-07
1113 2.205863e-07
1114 1.656251e-07
1115 9.648185e-08
1116 5.934387e-08
1117 3.410529e-08
1118 2.006925e-08
1119 1.244646e-08
1120 0.000000e+00
1121 0.000000e+00
1122 0.000000e+00
1123 0.000000e+00
1124 0.000000e+00
1125 5.118723e-07
1126 4.687764e-07
1127 3.634915e-07
1128 2.626061e-07
1129 1.972276e-07
1130 1.150185e-07
1131 7.077952e-08
1132 4.065936e-08
1133 2.390944e-08
1134 1.482151e-08
1135 0.000000e+00
1136 0.000000e+00
1137 0.000000e+00
1138 0.000000e+00
1139 0.000000e+00
1140 5.827535e-07
1141 5.339918e-07
1142 4.142718e-07
1143 2.992707e-07
1144 2.248037e-07
1145 1.311930e-07
1146 8.075810e-08
1147 4.637830e-08
1148 2.726031e-08
1149 1.689384e-08
1150 0.000000e+00
1151 0.000000e+00
1152 0.000000e+00
1153 0.000000e+00
1154 0.000000e+00
1155 6.499674e-07
1156 5.958295e-07
1157 4.624244e-07
1158 3.340374e-07
1159 2.509524e-07
1160 1.465305e-07
1161 9.021987e-08
1162 5.180113e-08
1163 3.043770e-08
1164 1.885886e-08
1165 0.000000e+00
1166 0.000000e+00
1167 0.000000e+00
1168 0.000000e+00
1169 0.000000e+00
1170 7.283888e-07
1171 6.679771e-07
1172 5.186038e-07
1173 3.746005e-07
1174 2.814593e-07
1175 1.644249e-07
1176 1.012591e-07
1177 5.812788e-08
1178 3.414493e-08
1179 2.115161e-08
1180 0.000000e+00
1181 0.000000e+00
1182 0.000000e+00
1183 0.000000e+00
1184 0.000000e+00
1185 1.338059e-07
1186 1.320916e-07
1187 1.110950e-07
1188 8.115976e-08
1189 6.028842e-08
1190 4.098830e-08
1191 2.418246e-08
1192 1.377882e-08
1193 7.965977e-09
1194 4.706945e-09
1195 2.948183e-09
1196 0.000000e+00
1197 0.000000e+00
1198 0.000000e+00
1199 0.000000e+00
1200 2.310303e-07
1201 2.286975e-07
1202 1.930424e-07
1203 1.412634e-07
1204 1.047694e-07
1205 7.171448e-08
1206 4.210819e-08
1207 2.402520e-08
1208 1.390788e-08
1209 8.203611e-09
1210 5.128083e-09
1211 0.000000e+00
1212 0.000000e+00
1213 0.000000e+00
1214 0.000000e+00
1215 3.123282e-07
1216 3.095055e-07
1217 2.616190e-07
1218 1.915725e-07
1219 1.419949e-07
1220 9.744632e-08
1221 5.711304e-08
1222 3.260384e-08
1223 1.888273e-08
1224 1.113082e-08
1225 6.952632e-09
1226 0.000000e+00
1227 0.000000e+00
1228 0.000000e+00
1229 0.000000e+00
1230 3.831983e-07
1231 3.799480e-07
1232 3.213944e-07
1233 2.354245e-07
1234 1.744422e-07
1235 1.198772e-07
1236 7.019211e-08
1237 4.008171e-08
1238 2.321926e-08
1239 1.368247e-08
1240 8.542980e-09
1241 0.000000e+00
1242 0.000000e+00
1243 0.000000e+00
1244 0.000000e+00
1245 4.504020e-07
1246 4.467404e-07
1247 3.780773e-07
1248 2.770073e-07
1249 2.052115e-07
1250 1.411468e-07
1251 8.259462e-08
1252 4.717274e-08
1253 2.733144e-08
1254 1.610210e-08
1255 1.005107e-08
1256 0.000000e+00
1257 0.000000e+00
1258 0.000000e+00
1259 0.000000e+00
1260 5.288059e-07
1261 5.246702e-07
1262 4.442106e-07
1263 3.255250e-07
1264 2.411104e-07
1265 1.659614e-07
1266 9.706501e-08
1267 5.544548e-08
1268 3.212898e-08
1269 1.892504e-08
1270 1.181060e-08
1271 0.000000e+00
1272 0.000000e+00
1273 0.000000e+00
1274 0.000000e+00
1275 9.485835e-08
1276 9.877155e-08
1277 8.938528e-08
1278 6.838452e-08
1279 4.943120e-08
1280 3.702732e-08
1281 2.092221e-08
1282 1.263576e-08
1283 7.139508e-09
1284 4.123577e-09
1285 2.468622e-09
1286 0.000000e+00
1287 0.000000e+00
1288 0.000000e+00
1289 0.000000e+00
1290 1.734426e-07
1291 1.809746e-07
1292 1.642853e-07
1293 1.260306e-07
1294 9.104209e-08
1295 6.830299e-08
1296 3.870498e-08
1297 2.345190e-08
1298 1.322119e-08
1299 7.617745e-09
1300 4.551480e-09
1301 0.000000e+00
1302 0.000000e+00
1303 0.000000e+00
1304 0.000000e+00
1305 2.424682e-07
1306 2.531943e-07
1307 2.301058e-07
1308 1.767017e-07
1309 1.276173e-07
1310 9.579634e-08
1311 5.434357e-08
1312 3.296620e-08
1313 1.857004e-08
1314 1.068991e-08
1315 6.382452e-09
1316 0.000000e+00
1317 0.000000e+00
1318 0.000000e+00
1319 0.000000e+00
1320 3.078621e-07
1321 3.216110e-07
1322 2.924609e-07
1323 2.247060e-07
1324 1.622675e-07
1325 1.218421e-07
1326 6.915795e-08
1327 4.197898e-08
1328 2.363696e-08
1329 1.360017e-08
1330 8.117015e-09
1331 0.000000e+00
1332 0.000000e+00
1333 0.000000e+00
1334 0.000000e+00
1335 3.841602e-07
1336 4.014366e-07
1337 3.652144e-07
1338 2.807127e-07
1339 2.026930e-07
1340 1.522297e-07
1341 8.644217e-08
1342 5.249465e-08
1343 2.954868e-08
1344 1.699569e-08
1345 1.014075e-08
1346 0.000000e+00
1347 0.000000e+00
1348 0.000000e+00
1349 0.000000e+00
1350 7.256233e-08
1351 7.854321e-08
1352 7.531913e-08
1353 6.103872e-08
1354 4.403576e-08
1355 3.319671e-08
1356 2.073829e-08
1357 1.271462e-08
1358 7.058781e-09
1359 3.886944e-09
1360 2.246462e-09
1361 1.366148e-09
1362 0.000000e+00
1363 0.000000e+00
1364 0.000000e+00
1365 1.384511e-07
1366 1.501086e-07
1367 1.443078e-07
1368 1.172930e-07
1369 8.467479e-08
1370 6.377169e-08
1371 4.010902e-08
1372 2.451883e-08
1373 1.361494e-08
1374 7.500831e-09
1375 4.325207e-09
1376 2.624558e-09
1377 0.000000e+00
1378 0.000000e+00
1379 0.000000e+00
1380 2.010072e-07
1381 2.180608e-07
1382 2.098241e-07
1383 1.707251e-07
1384 1.232780e-07
1385 9.281210e-08
1386 5.851539e-08
1387 3.573289e-08
1388 1.984341e-08
1389 1.093453e-08
1390 6.299945e-09
1391 3.819832e-09
1392 0.000000e+00
1393 0.000000e+00
1394 0.000000e+00
1395 2.739585e-07
1396 2.973044e-07
1397 2.862247e-07
1398 2.330337e-07
1399 1.682933e-07
1400 1.266767e-07
1401 7.997936e-08
1402 4.880971e-08
1403 2.710649e-08
1404 1.493850e-08
1405 8.602698e-09
1406 5.213674e-09
1407 0.000000e+00
1408 0.000000e+00
1409 0.000000e+00
1410 5.899757e-08
1411 6.584509e-08
1412 6.614814e-08
1413 5.681896e-08
1414 4.188100e-08
1415 3.084690e-08
1416 2.173114e-08
1417 1.239883e-08
1418 6.980296e-09
1419 3.949807e-09
1420 2.197048e-09
1421 1.281344e-09
1422 0.000000e+00
1423 0.000000e+00
1424 0.000000e+00
1425 1.179203e-07
1426 1.317925e-07
1427 1.326837e-07
1428 1.143090e-07
1429 8.440096e-08
1430 6.208566e-08
1431 4.394783e-08
1432 2.499180e-08
1433 1.410047e-08
1434 7.977616e-09
1435 4.435068e-09
1436 2.581441e-09
1437 0.000000e+00
1438 0.000000e+00
1439 0.000000e+00
1440 1.864696e-07
1441 2.085174e-07
1442 2.100970e-07
1443 1.812011e-07
1444 1.338770e-07
1445 9.843368e-08
1446 6.980081e-08
1447 3.964521e-08
1448 2.238630e-08
1449 1.266457e-08
1450 7.039387e-09
1451 4.094209e-09
1452 0.000000e+00
1453 0.000000e+00
1454 0.000000e+00
1455 5.137086e-08
1456 5.886944e-08
1457 6.153354e-08
1458 5.590914e-08
1459 4.287611e-08
1460 3.096754e-08
1461 2.325973e-08
1462 1.304020e-08
1463 7.799960e-09
1464 4.273431e-09
1465 2.355849e-09
1466 1.315419e-09
1467 0.000000e+00
1468 0.000000e+00
1469 0.000000e+00
1470 1.144218e-07
1471 1.312956e-07
1472 1.375046e-07
1473 1.252987e-07
1474 9.634007e-08
1475 6.954284e-08
1476 5.230609e-08
1477 2.941355e-08
1478 1.765483e-08
1479 9.654434e-09
1480 5.309613e-09
1481 2.958622e-09
1482 0.000000e+00
1483 0.000000e+00
1484 0.000000e+00
1485 5.363744e-08
1486 6.302684e-08
1487 6.833844e-08
1488 6.560792e-08
1489 5.319669e-08
1490 3.838452e-08
1491 2.895702e-08
1492 1.800527e-08
1493 1.095747e-08
1494 5.946201e-09
1495 3.131926e-09
1496 1.689750e-09
1497 9.409922e-10
1498 0.000000e+00
1499 0.000000e+00
1500 1.109684e-04
1501 8.086786e-05
1502 6.035546e-05
1503 3.805236e-05
1504 2.321989e-05
1505 1.369104e-05
1506 8.324421e-06
1507 5.304277e-06
1508 3.565556e-06
1509 0.000000e+00
1510 0.000000e+00
1511 0.000000e+00
1512 0.000000e+00
1513 0.000000e+00
1514 0.000000e+00
1515 5.757601e-05
1516 4.644359e-05
1517 3.369791e-05
1518 2.528332e-05
1519 1.597668e-05
1520 9.754545e-06
1521 5.648866e-06
1522 3.364481e-06
1523 2.093966e-06
1524 1.379138e-06
1525 0.000000e+00
1526 0.000000e+00
1527 0.000000e+00
1528 0.000000e+00
1529 0.000000e+00
1530 4.047788e-05
1531 3.713775e-05
1532 2.882267e-05
1533 2.080348e-05
1534 1.566222e-05
1535 9.111532e-06
1536 5.625604e-06
1537 3.225263e-06
1538 1.896511e-06
1539 1.174730e-06
1540 0.000000e+00
1541 0.000000e+00
1542 0.000000e+00
1543 0.000000e+00
1544 0.000000e+00
1545 2.912801e-05
1546 2.891312e-05
1547 2.448503e-05
1548 1.793535e-05
1549 1.328396e-05
1550 9.154542e-06
1551 5.351144e-06
1552 3.053081e-06
1553 1.771954e-06
1554 1.042590e-06
1555 6.506122e-07
1556 0.000000e+00
1557 0.000000e+00
1558 0.000000e+00
1559 0.000000e+00
1560 2.085098e-05
1561 2.179680e-05
1562 1.983793e-05
1563 1.524768e-05
1564 1.100576e-05
1565 8.274949e-06
1566 4.689296e-06
1567 2.850415e-06
1568 1.602925e-06
1569 9.233707e-07
1570 5.506294e-07
1571 0.000000e+00
1572 0.000000e+00
1573 0.000000e+00
1574 0.000000e+00
1575 1.487210e-05
1576 1.614453e-05
1577 1.554949e-05
1578 1.266314e-05
1579 9.143013e-06
1580 6.883420e-06
1581 4.347301e-06
1582 2.655947e-06
1583 1.474901e-06
1584 8.112783e-07
1585 4.673052e-07
1586 2.832009e-07
1587 0.000000e+00
1588 0.000000e+00
1589 0.000000e+00
1590 1.001028e-05
1591 1.119728e-05
1592 1.128693e-05
1593 9.739022e-06
1594 7.195644e-06
1595 5.289411e-06
1596 3.755371e-06
1597 2.130464e-06
1598 1.202339e-06
1599 6.811759e-07
1600 3.783133e-07
1601 2.200058e-07
1602 0.000000e+00
1603 0.000000e+00
1604 0.000000e+00
1605 6.201116e-06
1606 7.118100e-06
1607 7.458527e-06
1608 6.801106e-06
1609 5.231433e-06
1610 3.775220e-06
1611 2.841823e-06
1612 1.597077e-06
1613 9.596537e-07
1614 5.242846e-07
1615 2.885232e-07
1616 1.606418e-07
1617 0.000000e+00
1618 0.000000e+00
1619 0.000000e+00
1620 3.163407e-06
1621 3.720115e-06
1622 4.038202e-06
1623 3.883392e-06
1624 3.154630e-06
1625 2.276770e-06
1626 1.716871e-06
1627 1.071974e-06
1628 6.518364e-07
1629 3.538249e-07
1630 1.861971e-07
1631 1.003484e-07
1632 5.578990e-08
1633 0.000000e+00
1634 0.000000e+00
1635 8.891198e-07
1636 1.072208e-06
1637 1.206146e-06
1638 1.224576e-06
1639 1.066696e-06
1640 7.933436e-07
1641 5.815894e-07
1642 4.169104e-07
1643 2.343421e-07
1644 1.314261e-07
1645 7.164692e-08
1646 3.730540e-08
1647 1.958823e-08
1648 0.000000e+00
1649 0.000000e+00
