0 2.060739e-09
1 1.332860e-09
2 8.363867e-10
3 5.281020e-10
4 3.406028e-10
5 2.248617e-10
6 1.496816e-10
7 9.810891e-11
8 6.186860e-11
9 3.690663e-11
10 2.063827e-11
11 1.081630e-11
12 5.354347e-12
13 2.533583e-12
14 1.160458e-12
15 3.528413e-09
16 2.335167e-09
17 1.476566e-09
18 9.202773e-10
19 5.836453e-10
20 3.795302e-10
21 2.518404e-10
22 1.670590e-10
23 1.080108e-10
24 6.662669e-11
25 3.864004e-11
26 2.096056e-11
27 1.067467e-11
28 5.157818e-12
29 2.395015e-12
30 3.988282e-09
31 2.654002e-09
32 1.684089e-09
33 1.046497e-09
34 6.613980e-10
35 4.282325e-10
36 2.836570e-10
37 1.885377e-10
38 1.225058e-10
39 7.609978e-11
40 4.449919e-11
41 2.433386e-11
42 1.247296e-11
43 6.054420e-12
44 2.819341e-12
45 4.238603e-09
46 2.827398e-09
47 1.796792e-09
48 1.114973e-09
49 7.035295e-10
50 4.546546e-10
51 3.009970e-10
52 2.001745e-10
53 1.303786e-10
54 8.124506e-11
55 4.767448e-11
56 2.615292e-11
57 1.344274e-11
58 6.537389e-12
59 3.047567e-12
60 4.406154e-09
61 2.943385e-09
62 1.872013e-09
63 1.160725e-09
64 7.316849e-10
65 4.723615e-10
66 3.126033e-10
67 2.080069e-10
68 1.356413e-10
69 8.469618e-11
70 4.981543e-11
71 2.738405e-11
72 1.409432e-11
73 6.859880e-12
74 3.200263e-12
75 4.531760e-09
76 3.030290e-09
77 1.928877e-09
78 1.195076e-09
79 7.528985e-10
80 4.856919e-10
81 3.213098e-10
82 2.138791e-10
83 1.396323e-10
84 8.731208e-11
85 5.141464e-11
86 2.830358e-11
87 1.458474e-11
88 7.104178e-12
89 3.315307e-12
90 4.634224e-09
91 3.101470e-09
92 1.974799e-09
93 1.223318e-09
94 7.701946e-10
95 4.964804e-10
96 3.284026e-10
97 2.186608e-10
98 1.428775e-10
99 8.942165e-11
100 5.272769e-11
101 2.905448e-11
102 1.498420e-11
103 7.302628e-12
104 3.408830e-12
105 4.723723e-09
106 3.162909e-09
107 2.015203e-09
108 1.247804e-09
109 7.852379e-10
110 5.059224e-10
111 3.345645e-10
112 2.228229e-10
113 1.456173e-10
114 9.121545e-11
115 5.382739e-11
116 2.970007e-11
117 1.533134e-11
118 7.475257e-12
119 3.487003e-12
120 4.787799e-09
121 3.208228e-09
122 2.044770e-09
123 1.265531e-09
124 7.960598e-10
125 5.126172e-10
126 3.389053e-10
127 2.257908e-10
128 1.477003e-10
129 9.259854e-11
130 5.470463e-11
131 3.019362e-11
132 1.559354e-11
133 7.606824e-12
134 3.552579e-12
135 4.905790e-09
136 3.288978e-09
137 2.097756e-09
138 1.297917e-09
139 8.159992e-10
140 5.252405e-10
141 3.471861e-10
142 2.312949e-10
143 1.514423e-10
144 9.504620e-11
145 5.619410e-11
146 3.104607e-11
147 1.604497e-11
148 7.828812e-12
149 3.657283e-12
150 7.786997e-09
151 5.353273e-09
152 3.509971e-09
153 2.187046e-09
154 1.357065e-09
155 8.562047e-10
156 5.561765e-10
157 3.685357e-10
158 2.437529e-10
159 1.568087e-10
160 9.600062e-11
161 5.518143e-11
162 2.964916e-11
163 1.496020e-11
164 7.168248e-12
165 9.817505e-09
166 6.830322e-09
167 4.543011e-09
168 2.858183e-09
169 1.762879e-09
170 1.103118e-09
171 7.091583e-10
172 4.670779e-10
173 3.095404e-10
174 2.010347e-10
175 1.250071e-10
176 7.323236e-11
177 4.011985e-11
178 2.059463e-11
179 9.999181e-12
180 1.094451e-08
181 7.650135e-09
182 5.115395e-09
183 3.231327e-09
184 1.988095e-09
185 1.240694e-09
186 7.939355e-10
187 5.217017e-10
188 3.459898e-10
189 2.255701e-10
190 1.411132e-10
191 8.325616e-11
192 4.594239e-11
193 2.373372e-11
194 1.157853e-11
195 1.170056e-08
196 8.200581e-09
197 5.499908e-09
198 3.481882e-09
199 2.139385e-09
200 1.332815e-09
201 8.507019e-10
202 5.584138e-10
203 3.704629e-10
204 2.420483e-10
205 1.519291e-10
206 8.999735e-11
207 4.985937e-11
208 2.584206e-11
209 1.263677e-11
210 1.226548e-08
211 8.611500e-09
212 5.787329e-09
213 3.668179e-09
214 2.252495e-09
215 1.401576e-09
216 8.931447e-10
217 5.857837e-10
218 3.887299e-10
219 2.543177e-10
220 1.599753e-10
221 9.501899e-11
222 5.277341e-11
223 2.740636e-11
224 1.342897e-11
225 1.272502e-08
226 8.945191e-09
227 6.019879e-09
228 3.820473e-09
229 2.343669e-09
230 1.457391e-09
231 9.275354e-10
232 6.079202e-10
233 4.035039e-10
234 2.642923e-10
235 1.665287e-10
236 9.908217e-11
237 5.512816e-11
238 2.867867e-11
239 1.406434e-11
240 1.312290e-08
241 9.234582e-09
242 6.222408e-09
243 3.952731e-09
244 2.423561e-09
245 1.506156e-09
246 9.574689e-10
247 6.271571e-10
248 4.164418e-10
249 2.729835e-10
250 1.722327e-10
251 1.026322e-10
252 5.719735e-11
253 2.979079e-11
254 1.461822e-11
255 1.344531e-08
256 9.469680e-09
257 6.388229e-09
258 4.061682e-09
259 2.488588e-09
260 1.545571e-09
261 9.817626e-10
262 6.427481e-10
263 4.268681e-10
264 2.800309e-10
265 1.768904e-10
266 1.055596e-10
267 5.890454e-11
268 3.071219e-11
269 1.508681e-11
270 1.394634e-08
271 9.833171e-09
272 6.640948e-09
273 4.225141e-09
274 2.587312e-09
275 1.606347e-09
276 1.019521e-09
277 6.671021e-10
278 4.430153e-10
279 2.908838e-10
280 1.839997e-10
281 1.099663e-10
282 6.144461e-11
283 3.207679e-11
284 1.576973e-11
285 1.356647e-08
286 9.640573e-09
287 6.543441e-09
288 4.217846e-09
289 2.596286e-09
290 1.608874e-09
291 1.014937e-09
292 6.589219e-10
293 4.349703e-10
294 2.851360e-10
295 1.809745e-10
296 1.090587e-10
297 6.168548e-11
298 3.265621e-11
299 1.626936e-11
300 1.594022e-08
301 1.145180e-08
302 7.841340e-09
303 5.111754e-09
304 3.156515e-09
305 1.946474e-09
306 1.218161e-09
307 7.850079e-10
308 5.164497e-10
309 3.393990e-10
310 2.171281e-10
311 1.324077e-10
312 7.594827e-11
313 4.077942e-11
314 2.056897e-11
315 1.752983e-08
316 1.266602e-08
317 8.711245e-09
318 5.711921e-09
319 3.533232e-09
320 2.172541e-09
321 1.354606e-09
322 8.696639e-10
323 5.711469e-10
324 3.758059e-10
325 2.413876e-10
326 1.480817e-10
327 8.552485e-11
328 4.623246e-11
329 2.345374e-11
330 1.872173e-08
331 1.357578e-08
332 9.360419e-09
333 6.158333e-09
334 3.814287e-09
335 2.341191e-09
336 1.456273e-09
337 9.328478e-10
338 6.120631e-10
339 4.030329e-10
340 2.595112e-10
341 1.597880e-10
342 9.267709e-11
343 5.030512e-11
344 2.560824e-11
345 1.968732e-08
346 1.431266e-08
347 9.888464e-09
348 6.522567e-09
349 4.041859e-09
350 2.478041e-09
351 1.538655e-09
352 9.839808e-10
353 6.450689e-10
354 4.250124e-10
355 2.741892e-10
356 1.692689e-10
357 9.846478e-11
358 5.360071e-11
359 2.735092e-11
360 2.052831e-08
361 1.495458e-08
362 1.034895e-08
363 6.838397e-09
364 4.240074e-09
365 2.597326e-09
366 1.610421e-09
367 1.028535e-09
368 6.738872e-10
369 4.442305e-10
370 2.869844e-10
371 1.775339e-10
372 1.035124e-10
373 5.647113e-11
374 2.886812e-11
375 2.123015e-08
376 1.549309e-08
377 1.073561e-08
378 7.106777e-09
379 4.408061e-09
380 2.698248e-09
381 1.671051e-09
382 1.066013e-09
383 6.980887e-10
384 4.603797e-10
385 2.977989e-10
386 1.845500e-10
387 1.078173e-10
388 5.893146e-11
389 3.017311e-11
390 2.225697e-08
391 1.627455e-08
392 1.129284e-08
393 7.489391e-09
394 4.648199e-09
395 2.843120e-09
396 1.758575e-09
397 1.120475e-09
398 7.332255e-10
399 4.837978e-10
400 3.133636e-10
401 1.945730e-10
402 1.139188e-10
403 6.238846e-11
404 3.199770e-11
405 1.961074e-08
406 1.435953e-08
407 9.959548e-09
408 6.599852e-09
409 4.126996e-09
410 2.527232e-09
411 1.567372e-09
412 9.971433e-10
413 6.503675e-10
414 4.272804e-10
415 2.756721e-10
416 1.707473e-10
417 9.994484e-11
418 5.486425e-11
419 2.825669e-11
420 2.224583e-08
421 1.647492e-08
422 1.151329e-08
423 7.692603e-09
424 4.850746e-09
425 2.961157e-09
426 1.828831e-09
427 1.154956e-09
428 7.491566e-10
429 4.916429e-10
430 3.184109e-10
431 1.987807e-10
432 1.175921e-10
433 6.531479e-11
434 3.402250e-11
435 2.420525e-08
436 1.805070e-08
437 1.266695e-08
438 8.506188e-09
439 5.388496e-09
440 3.283265e-09
441 2.023443e-09
442 1.272206e-09
443 8.227685e-10
444 5.395819e-10
445 3.502582e-10
446 2.196698e-10
447 1.307386e-10
448 7.309767e-11
449 3.831372e-11
450 2.580273e-08
451 1.932680e-08
452 1.360470e-08
453 9.165897e-09
454 5.823881e-09
455 3.544741e-09
456 2.180660e-09
457 1.367213e-09
458 8.821123e-10
459 5.783745e-10
460 3.760334e-10
461 2.365765e-10
462 1.413774e-10
463 7.939286e-11
464 4.178384e-11
465 2.718987e-08
466 2.044136e-08
467 1.442155e-08
468 9.738583e-09
469 6.203294e-09
470 3.772539e-09
471 2.317519e-09
472 1.449963e-09
473 9.340551e-10
474 6.121962e-10
475 3.984995e-10
476 2.513139e-10
477 1.506517e-10
478 8.488213e-11
479 4.480910e-11
480 2.837624e-08
481 2.139576e-08
482 1.512706e-08
483 1.023599e-08
484 6.534020e-09
485 3.969996e-09
486 2.436587e-09
487 1.521301e-09
488 9.787269e-10
489 6.413415e-10
490 4.179282e-10
491 2.641005e-10
492 1.587287e-10
493 8.967513e-11
494 4.745866e-11
495 3.003839e-08
496 2.272161e-08
497 1.609627e-08
498 1.091678e-08
499 6.982634e-09
500 4.239134e-09
501 2.598975e-09
502 1.619626e-09
503 1.040425e-09
504 6.815919e-10
505 4.446273e-10
506 2.815513e-10
507 1.696878e-10
508 9.614564e-11
509 5.101599e-11
510 2.597052e-08
511 1.957535e-08
512 1.384334e-08
513 9.348984e-09
514 5.979827e-09
515 3.650378e-09
516 2.243111e-09
517 1.401188e-09
518 9.002800e-10
519 5.883007e-10
520 3.820655e-10
521 2.407132e-10
522 1.443988e-10
523 8.156292e-11
524 4.323238e-11
525 2.886603e-08
526 2.200604e-08
527 1.568338e-08
528 1.066141e-08
529 6.878007e-09
530 4.204485e-09
531 2.575145e-09
532 1.598038e-09
533 1.020815e-09
534 6.649274e-10
535 4.323236e-10
536 2.737846e-10
537 1.655830e-10
538 9.446375e-11
539 5.059355e-11
540 3.120553e-08
541 2.396762e-08
542 1.716647e-08
543 1.172048e-08
544 7.601398e-09
545 4.651419e-09
546 2.841937e-09
547 1.756558e-09
548 1.117597e-09
549 7.266482e-10
550 4.728277e-10
551 3.004442e-10
552 1.826576e-10
553 1.048567e-10
554 5.651983e-11
555 3.324181e-08
556 2.567554e-08
557 1.845961e-08
558 1.264064e-08
559 8.231155e-09
560 5.039170e-09
561 3.074245e-09
562 1.894546e-09
563 1.202041e-09
564 7.803488e-10
565 5.080797e-10
566 3.236484e-10
567 1.975193e-10
568 1.139014e-10
569 6.167616e-11
570 3.501719e-08
571 2.717487e-08
572 1.959903e-08
573 1.345489e-08
574 8.790488e-09
575 5.384037e-09
576 3.280318e-09
577 2.016459e-09
578 1.276476e-09
579 8.276942e-10
580 5.391674e-10
581 3.441567e-10
582 2.106963e-10
583 1.219496e-10
584 6.627936e-11
585 3.743600e-08
586 2.918918e-08
587 2.111895e-08
588 1.453527e-08
589 9.526050e-09
590 5.837664e-09
591 3.552015e-09
592 2.177894e-09
593 1.375450e-09
594 8.907770e-10
595 5.805581e-10
596 3.713601e-10
597 2.280775e-10
598 1.324994e-10
599 7.227905e-11
600 3.275208e-08
601 2.538045e-08
602 1.830933e-08
603 1.255589e-08
604 8.196221e-09
605 5.044180e-09
606 3.073550e-09
607 1.892770e-09
608 1.197932e-09
609 7.754954e-10
610 5.038696e-10
611 3.207450e-10
612 1.959249e-10
613 1.132653e-10
614 6.157190e-11
615 3.597857e-08
616 2.819741e-08
617 2.051388e-08
618 1.415302e-08
619 9.308743e-09
620 5.758876e-09
621 3.497159e-09
622 2.144032e-09
623 1.348355e-09
624 8.689512e-10
625 5.640843e-10
626 3.601809e-10
627 2.214068e-10
628 1.290906e-10
629 7.085007e-11
630 3.878352e-08
631 3.064601e-08
632 2.243130e-08
633 1.553820e-08
634 1.027484e-08
635 6.378677e-09
636 3.864688e-09
637 2.361948e-09
638 1.479058e-09
639 9.500451e-10
640 6.163638e-10
641 3.944299e-10
642 2.435390e-10
643 1.428333e-10
644 7.890419e-11
645 4.125700e-08
646 3.281953e-08
647 2.413966e-08
648 1.677814e-08
649 1.114081e-08
650 6.935332e-09
651 4.193996e-09
652 2.557248e-09
653 1.595660e-09
654 1.022334e-09
655 6.629631e-10
656 4.249997e-10
657 2.633425e-10
658 1.551666e-10
659 8.615221e-11
660 4.455176e-08
661 3.567469e-08
662 2.636805e-08
663 1.838599e-08
664 1.225770e-08
665 7.651476e-09
666 4.618900e-09
667 2.809312e-09
668 1.747003e-09
669 1.116506e-09
670 7.236834e-10
671 4.647455e-10
672 2.889792e-10
673 1.710471e-10
674 9.543713e-11
675 4.017370e-08
676 3.197798e-08
677 2.356315e-08
678 1.639396e-08
679 1.088713e-08
680 6.804172e-09
681 4.118232e-09
682 2.513402e-09
683 1.566087e-09
684 1.001350e-09
685 6.479422e-10
686 4.146256e-10
687 2.566833e-10
688 1.512730e-10
689 8.411662e-11
690 4.390579e-08
691 3.535023e-08
692 2.630235e-08
693 1.841259e-08
694 1.231067e-08
695 7.750557e-09
696 4.683455e-09
697 2.849564e-09
698 1.763847e-09
699 1.121135e-09
700 7.234975e-10
701 4.635773e-10
702 2.883703e-10
703 1.712161e-10
704 9.606372e-11
705 4.721779e-08
706 3.837257e-08
707 2.875961e-08
708 2.023324e-08
709 1.359621e-08
710 8.607116e-09
711 5.194401e-09
712 3.152890e-09
713 1.942020e-09
714 1.228846e-09
715 7.914250e-10
716 5.076001e-10
717 3.169185e-10
718 1.892279e-10
719 1.068850e-10
720 5.155040e-08
721 4.227350e-08
722 3.190063e-08
723 2.254903e-08
724 1.522438e-08
725 9.688362e-09
726 5.840158e-09
727 3.537211e-09
728 2.168275e-09
729 1.366296e-09
730 8.781634e-10
731 5.637781e-10
732 3.532367e-10
733 2.120371e-10
734 1.205244e-10
735 4.868526e-08
736 3.981138e-08
737 3.002782e-08
738 2.122431e-08
739 1.430984e-08
740 9.112763e-09
741 5.512781e-09
742 3.341283e-09
743 2.049672e-09
744 1.291288e-09
745 8.286531e-10
746 5.307463e-10
747 3.317125e-10
748 1.986993e-10
749 1.128000e-10
750 5.306067e-08
751 4.393485e-08
752 3.351237e-08
753 2.386783e-08
754 1.619609e-08
755 1.040316e-08
756 6.304361e-09
757 3.808922e-09
758 2.321209e-09
759 1.452246e-09
760 9.275816e-10
761 5.936873e-10
762 3.722825e-10
763 2.244694e-10
764 1.285535e-10
765 5.868095e-08
766 4.917319e-08
767 3.788764e-08
768 2.717570e-08
769 1.855004e-08
770 1.200782e-08
771 7.288453e-09
772 4.391405e-09
773 2.659962e-09
774 1.653857e-09
775 1.051779e-09
776 6.727531e-10
777 4.231509e-10
778 2.566629e-10
779 1.481513e-10
780 5.873286e-08
781 4.944107e-08
782 3.831617e-08
783 2.761595e-08
784 1.890218e-08
785 1.228652e-08
786 7.499262e-09
787 4.509776e-09
788 2.727268e-09
789 1.688959e-09
790 1.069695e-09
791 6.822406e-10
792 4.287452e-10
793 2.603727e-10
794 1.507607e-10
795 6.605604e-08
796 5.650289e-08
797 4.445682e-08
798 3.241377e-08
799 2.236840e-08
800 1.469378e-08
801 9.035951e-09
802 5.412342e-09
803 3.252557e-09
804 1.994897e-09
805 1.253038e-09
806 7.960767e-10
807 5.009912e-10
808 3.061080e-10
809 1.789594e-10
810 7.616339e-08
811 6.661128e-08
812 5.365205e-08
813 3.989866e-08
814 2.790236e-08
815 1.859418e-08
816 1.163231e-08
817 6.950366e-09
818 4.152566e-09
819 2.508568e-09
820 1.551318e-09
821 9.752376e-10
822 6.119693e-10
823 3.757046e-10
824 2.221203e-10
825 4.979802e-07
826 3.637003e-07
827 2.694853e-07
828 1.675122e-07
829 1.020874e-07
830 6.048418e-08
831 3.693853e-08
832 2.370738e-08
833 1.600878e-08
834 0.000000e+00
835 0.000000e+00
836 0.000000e+00
837 0.000000e+00
838 0.000000e+00
839 0.000000e+00
840 7.609075e-07
841 5.559102e-07
842 4.123640e-07
843 2.596103e-07
844 1.577680e-07
845 9.334822e-08
846 5.689210e-08
847 3.636365e-08
848 2.448039e-08
849 0.000000e+00
850 0.000000e+00
851 0.000000e+00
852 0.000000e+00
853 0.000000e+00
854 0.000000e+00
855 9.034708e-07
856 6.601392e-07
857 4.898343e-07
858 3.095543e-07
859 1.879543e-07
860 1.111685e-07
861 6.771198e-08
862 4.322638e-08
863 2.907417e-08
864 0.000000e+00
865 0.000000e+00
866 0.000000e+00
867 0.000000e+00
868 0.000000e+00
869 0.000000e+00
870 9.993278e-07
871 7.302182e-07
872 5.419243e-07
873 3.431341e-07
874 2.082519e-07
875 1.231503e-07
876 7.498702e-08
877 4.784112e-08
878 3.216291e-08
879 0.000000e+00
880 0.000000e+00
881 0.000000e+00
882 0.000000e+00
883 0.000000e+00
884 0.000000e+00
885 1.071193e-06
886 7.827614e-07
887 5.809742e-07
888 3.683088e-07
889 2.234694e-07
890 1.321335e-07
891 8.044121e-08
892 5.130076e-08
893 3.447879e-08
894 0.000000e+00
895 0.000000e+00
896 0.000000e+00
897 0.000000e+00
898 0.000000e+00
899 0.000000e+00
900 1.129439e-06
901 8.253442e-07
902 6.126261e-07
903 3.887123e-07
904 2.358020e-07
905 1.394142e-07
906 8.486152e-08
907 5.410480e-08
908 3.635564e-08
909 0.000000e+00
910 0.000000e+00
911 0.000000e+00
912 0.000000e+00
913 0.000000e+00
914 0.000000e+00
915 1.180268e-06
916 8.625041e-07
917 6.402459e-07
918 4.065191e-07
919 2.465652e-07
920 1.457672e-07
921 8.871918e-08
922 5.655163e-08
923 3.799350e-08
924 0.000000e+00
925 0.000000e+00
926 0.000000e+00
927 0.000000e+00
928 0.000000e+00
929 0.000000e+00
930 1.223022e-06
931 8.937634e-07
932 6.634835e-07
933 4.215268e-07
934 2.556327e-07
935 1.511186e-07
936 9.196758e-08
937 5.861086e-08
938 3.937121e-08
939 0.000000e+00
940 0.000000e+00
941 0.000000e+00
942 0.000000e+00
943 0.000000e+00
944 0.000000e+00
945 1.284683e-06
946 9.388454e-07
947 6.969857e-07
948 4.430983e-07
949 2.686743e-07
950 1.588185e-07
951 9.664394e-08
952 6.157795e-08
953 4.135810e-08
954 0.000000e+00
955 0.000000e+00
956 0.000000e+00
957 0.000000e+00
958 0.000000e+00
959 0.000000e+00
960 3.321244e-07
961 2.642898e-07
962 1.916868e-07
963 1.437747e-07
964 8.880314e-08
965 5.439317e-08
966 3.161701e-08
967 1.890728e-08
968 1.185443e-08
969 7.851424e-09
970 0.000000e+00
971 0.000000e+00
972 0.000000e+00
973 0.000000e+00
974 0.000000e+00
975 5.200330e-07
976 4.169934e-07
977 3.027716e-07
978 2.268458e-07
979 1.421642e-07
980 8.668317e-08
981 5.034801e-08
982 3.006534e-08
983 1.877378e-08
984 1.239351e-08
985 0.000000e+00
986 0.000000e+00
987 0.000000e+00
988 0.000000e+00
989 0.000000e+00
990 6.448118e-07
991 5.183990e-07
992 3.765465e-07
993 2.820114e-07
994 1.775997e-07
995 1.081223e-07
996 6.278596e-08
997 3.747519e-08
998 2.336910e-08
999 1.541004e-08
1000 0.000000e+00
1001 0.000000e+00
1002 0.000000e+00
1003 0.000000e+00
1004 0.000000e+00
1005 7.382357e-07
1006 5.943126e-07
1007 4.317715e-07
1008 3.233096e-07
1009 2.041234e-07
1010 1.241698e-07
1011 7.209649e-08
1012 4.302199e-08
1013 2.680897e-08
1014 1.766814e-08
1015 0.000000e+00
1016 0.000000e+00
1017 0.000000e+00
1018 0.000000e+00
1019 0.000000e+00
1020 8.139596e-07
1021 6.558390e-07
1022 4.765327e-07
1023 3.567807e-07
1024 2.256220e-07
1025 1.371778e-07
1026 7.964314e-08
1027 4.751755e-08
1028 2.959718e-08
1029 1.949827e-08
1030 0.000000e+00
1031 0.000000e+00
1032 0.000000e+00
1033 0.000000e+00
1034 0.000000e+00
1035 8.800254e-07
1036 7.095243e-07
1037 5.155916e-07
1038 3.859857e-07
1039 2.443794e-07
1040 1.485270e-07
1041 8.622743e-08
1042 5.144028e-08
1043 3.202995e-08
1044 2.109535e-08
1045 0.000000e+00
1046 0.000000e+00
1047 0.000000e+00
1048 0.000000e+00
1049 0.000000e+00
1050 9.385005e-07
1051 7.570664e-07
1052 5.501786e-07
1053 4.118467e-07
1054 2.610042e-07
1055 1.585844e-07
1056 9.206184e-08
1057 5.491553e-08
1058 3.418473e-08
1059 2.250950e-08
1060 0.000000e+00
1061 0.000000e+00
1062 0.000000e+00
1063 0.000000e+00
1064 0.000000e+00
1065 1.015768e-06
1066 8.198310e-07
1067 5.958365e-07
1068 4.459927e-07
1069 2.829175e-07
1070 1.718473e-07
1071 9.975607e-08
1072 5.949995e-08
1073 3.702828e-08
1074 2.437647e-08
1075 0.000000e+00
1076 0.000000e+00
1077 0.000000e+00
1078 0.000000e+00
1079 0.000000e+00
1080 1.937137e-07
1081 1.760524e-07
1082 1.355442e-07
1083 9.802793e-08
1084 7.344167e-08
1085 4.241166e-08
1086 2.598398e-08
1087 1.498704e-08
1088 8.867738e-09
1089 5.518978e-09
1090 0.000000e+00
1091 0.000000e+00
1092 0.000000e+00
1093 0.000000e+00
1094 0.000000e+00
1095 3.301416e-07
1096 3.015765e-07
1097 2.332909e-07
1098 1.685993e-07
1099 1.265243e-07
1100 7.354400e-08
1101 4.519320e-08
1102 2.599542e-08
1103 1.531761e-08
1104 9.507911e-09
1105 0.000000e+00
1106 0.000000e+00
1107 0.000000e+00
1108 0.000000e+00
1109 0.000000e+00
1110 4.306276e-07
1111 3.940339e-07
1112 3.052901e-07
1113 2.205834e-07
1114 1.656229e-07
1115 9.648057e-08
1116 5.934308e-08
1117 3.410484e-08
1118 2.006898e-08
1119 1.244629e-08
1120 0.000000e+00
1121 0.000000e+00
1122 0.000000e+00
1123 0.000000e+00
1124 0.000000e+00
1125 5.118675e-07
1126 4.687719e-07
1127 3.634880e-07
1128 2.626035e-07
1129 1.972257e-07
1130 1.150174e-07
1131 7.077884e-08
1132 4.065897e-08
1133 2.390921e-08
1134 1.482137e-08
1135 0.000000e+00
1136 0.000000e+00
1137 0.000000e+00
1138 0.000000e+00
1139 0.000000e+00
1140 5.827486e-07
1141 5.339873e-07
1142 4.142683e-07
1143 2.992682e-07
1144 2.248018e-07
1145 1.311919e-07
1146 8.075741e-08
1147 4.637790e-08
1148 2.726008e-08
1149 1.689370e-08
1150 0.000000e+00
1151 0.000000e+00
1152 0.000000e+00
1153 0.000000e+00
1154 0.000000e+00
1155 6.470857e-07
1156 5.931878e-07
1157 4.603741e-07
1158 3.325564e-07
1159 2.498397e-07
1160 1.458808e-07
1161 8.981986e-08
1162 5.157146e-08
1163 3.030275e-08
1164 1.877525e-08
1165 0.000000e+00
1166 0.000000e+00
1167 0.000000e+00
1168 0.000000e+00
1169 0.000000e+00
1170 7.283846e-07
1171 6.679733e-07
1172 5.186008e-07
1173 3.745984e-07
1174 2.814577e-07
1175 1.644239e-07
1176 1.012585e-07
1177 5.812754e-08
1178 3.414473e-08
1179 2.115149e-08
1180 0.000000e+00
1181 0.000000e+00
1182 0.000000e+00
1183 0.000000e+00
1184 0.000000e+00
1185 1.280490e-07
1186 1.263313e-07
1187 1.061641e-07
1188 7.752721e-08
1189 5.761087e-08
1190 3.910755e-08
1191 2.309819e-08
1192 1.315670e-08
1193 7.604246e-09
1194 4.494899e-09
1195 2.816650e-09
1196 0.000000e+00
1197 0.000000e+00
1198 0.000000e+00
1199 0.000000e+00
1200 2.308583e-07
1201 2.285229e-07
1202 1.928901e-07
1203 1.411502e-07
1204 1.046870e-07
1205 7.165459e-08
1206 4.207437e-08
1207 2.400568e-08
1208 1.389646e-08
1209 8.196959e-09
1210 5.123999e-09
1211 0.000000e+00
1212 0.000000e+00
1213 0.000000e+00
1214 0.000000e+00
1215 3.123228e-07
1216 3.095002e-07
1217 2.616144e-07
1218 1.915691e-07
1219 1.419925e-07
1220 9.744459e-08
1221 5.711203e-08
1222 3.260327e-08
1223 1.888240e-08
1224 1.113062e-08
1225 6.952510e-09
1226 0.000000e+00
1227 0.000000e+00
1228 0.000000e+00
1229 0.000000e+00
1230 3.831935e-07
1231 3.799432e-07
1232 3.213903e-07
1233 2.354215e-07
1234 1.744400e-07
1235 1.198757e-07
1236 7.019122e-08
1237 4.008120e-08
1238 2.321897e-08
1239 1.368230e-08
1240 8.542871e-09
1241 0.000000e+00
1242 0.000000e+00
1243 0.000000e+00
1244 0.000000e+00
1245 4.484039e-07
1246 4.447585e-07
1247 3.764000e-07
1248 2.757783e-07
1249 2.043011e-07
1250 1.405206e-07
1251 8.222819e-08
1252 4.696346e-08
1253 2.721019e-08
1254 1.603066e-08
1255 1.000648e-08
1256 0.000000e+00
1257 0.000000e+00
1258 0.000000e+00
1259 0.000000e+00
1260 5.288015e-07
1261 5.246659e-07
1262 4.442070e-07
1263 3.255223e-07
1264 2.411084e-07
1265 1.659601e-07
1266 9.706421e-08
1267 5.544503e-08
1268 3.212871e-08
1269 1.892488e-08
1270 1.181051e-08
1271 0.000000e+00
1272 0.000000e+00
1273 0.000000e+00
1274 0.000000e+00
1275 9.213825e-08
1276 9.590562e-08
1277 8.674632e-08
1278 6.633413e-08
1279 4.795399e-08
1280 3.591164e-08
1281 2.028115e-08
1282 1.224173e-08
1283 6.919526e-09
1284 3.998279e-09
1285 2.394409e-09
1286 0.000000e+00
1287 0.000000e+00
1288 0.000000e+00
1289 0.000000e+00
1290 1.733366e-07
1291 1.808621e-07
1292 1.641805e-07
1293 1.259484e-07
1294 9.098297e-08
1295 6.825822e-08
1296 3.867890e-08
1297 2.343571e-08
1298 1.321216e-08
1299 7.612672e-09
1300 4.548493e-09
1301 0.000000e+00
1302 0.000000e+00
1303 0.000000e+00
1304 0.000000e+00
1305 2.424634e-07
1306 2.531893e-07
1307 2.301013e-07
1308 1.766982e-07
1309 1.276148e-07
1310 9.579444e-08
1311 5.434248e-08
1312 3.296554e-08
1313 1.856967e-08
1314 1.068970e-08
1315 6.382325e-09
1316 0.000000e+00
1317 0.000000e+00
1318 0.000000e+00
1319 0.000000e+00
1320 3.064949e-07
1321 3.201828e-07
1322 2.911621e-07
1323 2.237082e-07
1324 1.615469e-07
1325 1.213011e-07
1326 6.885083e-08
1327 4.179256e-08
1328 2.353199e-08
1329 1.353977e-08
1330 8.080968e-09
1331 0.000000e+00
1332 0.000000e+00
1333 0.000000e+00
1334 0.000000e+00
1335 3.841561e-07
1336 4.014323e-07
1337 3.652105e-07
1338 2.807097e-07
1339 2.026908e-07
1340 1.522281e-07
1341 8.644124e-08
1342 5.249408e-08
1343 2.954836e-08
1344 1.699550e-08
1345 1.014064e-08
1346 0.000000e+00
1347 0.000000e+00
1348 0.000000e+00
1349 0.000000e+00
1350 7.095123e-08
1351 7.678375e-08
1352 7.360899e-08
1353 5.962971e-08
1354 4.301559e-08
1355 3.243178e-08
1356 2.024295e-08
1357 1.241573e-08
1358 6.892667e-09
1359 3.795148e-09
1360 2.194062e-09
1361 1.334654e-09
1362 0.000000e+00
1363 0.000000e+00
1364 0.000000e+00
1365 1.384110e-07
1366 1.500644e-07
1367 1.442647e-07
1368 1.172574e-07
1369 8.464888e-08
1370 6.375226e-08
1371 4.009622e-08
1372 2.451117e-08
1373 1.361070e-08
1374 7.498462e-09
1375 4.323874e-09
1376 2.623760e-09
1377 0.000000e+00
1378 0.000000e+00
1379 0.000000e+00
1380 2.001133e-07
1381 2.170910e-07
1382 2.088909e-07
1383 1.699659e-07
1384 1.227298e-07
1385 9.239935e-08
1386 5.825515e-08
1387 3.557397e-08
1388 1.975516e-08
1389 1.088590e-08
1390 6.271927e-09
1391 3.802844e-09
1392 0.000000e+00
1393 0.000000e+00
1394 0.000000e+00
1395 2.739546e-07
1396 2.973002e-07
1397 2.862206e-07
1398 2.330303e-07
1399 1.682909e-07
1400 1.266749e-07
1401 7.997821e-08
1402 4.880901e-08
1403 2.710609e-08
1404 1.493828e-08
1405 8.602574e-09
1406 5.213599e-09
1407 0.000000e+00
1408 0.000000e+00
1409 0.000000e+00
1410 5.825237e-08
1411 6.500682e-08
1412 6.529604e-08
1413 5.607552e-08
1414 4.132781e-08
1415 3.044222e-08
1416 2.143887e-08
1417 1.223490e-08
1418 6.886936e-09
1419 3.897055e-09
1420 2.167775e-09
1421 1.264449e-09
1422 0.000000e+00
1423 0.000000e+00
1424 0.000000e+00
1425 1.173892e-07
1426 1.311989e-07
1427 1.320858e-07
1428 1.137938e-07
1429 8.402044e-08
1430 6.180578e-08
1431 4.374963e-08
1432 2.487912e-08
1433 1.403688e-08
1434 7.941642e-09
1435 4.415070e-09
1436 2.569803e-09
1437 0.000000e+00
1438 0.000000e+00
1439 0.000000e+00
1440 1.864659e-07
1441 2.085133e-07
1442 2.100928e-07
1443 1.811975e-07
1444 1.338744e-07
1445 9.843172e-08
1446 6.979941e-08
1447 3.964442e-08
1448 2.238585e-08
1449 1.266432e-08
1450 7.039246e-09
1451 4.094128e-09
1452 0.000000e+00
1453 0.000000e+00
1454 0.000000e+00
1455 5.095422e-08
1456 5.839055e-08
1457 6.103070e-08
1458 5.544925e-08
1459 4.252125e-08
1460 3.071158e-08
1461 2.306690e-08
1462 1.293125e-08
1463 7.734240e-09
1464 4.237596e-09
1465 2.336203e-09
1466 1.304510e-09
1467 0.000000e+00
1468 0.000000e+00
1469 0.000000e+00
1470 1.144183e-07
1471 1.312916e-07
1472 1.375004e-07
1473 1.252949e-07
1474 9.633712e-08
1475 6.954071e-08
1476 5.230449e-08
1477 2.941264e-08
1478 1.765428e-08
1479 9.654137e-09
1480 5.309450e-09
1481 2.958531e-09
1482 0.000000e+00
1483 0.000000e+00
1484 0.000000e+00
1485 5.365050e-08
1486 6.304244e-08
1487 6.835574e-08
1488 6.562511e-08
1489 5.321120e-08
1490 3.839516e-08
1491 2.896489e-08
1492 1.801066e-08
1493 1.096060e-08
1494 5.947908e-09
1495 3.132847e-09
1496 1.690232e-09
1497 9.412503e-10
1498 0.000000e+00
1499 0.000000e+00
1500 1.109684e-04
1501 8.086786e-05
1502 6.035546e-05
1503 3.805236e-05
1504 2.321989e-05
1505 1.369104e-05
1506 8.324421e-06
1507 5.304277e-06
1508 3.565556e-06
1509 0.000000e+00
1510 0.000000e+00
1511 0.000000e+00
1512 0.000000e+00
1513 0.000000e+00
1514 0.000000e+00
1515 5.757601e-05
1516 4.644359e-05
1517 3.369791e-05
1518 2.528332e-05
1519 1.597668e-05
1520 9.754545e-06
1521 5.648866e-06
1522 3.364481e-06
1523 2.093966e-06
1524 1.379138e-06
1525 0.000000e+00
1526 0.000000e+00
1527 0.000000e+00
1528 0.000000e+00
1529 0.000000e+00
1530 4.047788e-05
1531 3.713775e-05
1532 2.882267e-05
1533 2.080348e-05
1534 1.566222e-05
1535 9.111532e-06
1536 5.625604e-06
1537 3.225263e-06
1538 1.896511e-06
1539 1.174730e-06
1540 0.000000e+00
1541 0.000000e+00
1542 0.000000e+00
1543 0.000000e+00
1544 0.000000e+00
1545 2.912801e-05
1546 2.891312e-05
1547 2.448503e-05
1548 1.793535e-05
1549 1.328396e-05
1550 9.154542e-06
1551 5.351144e-06
1552 3.053081e-06
1553 1.771954e-06
1554 1.042590e-06
1555 6.506122e-07
1556 0.000000e+00
1557 0.000000e+00
1558 0.000000e+00
1559 0.000000e+00
1560 2.085098e-05
1561 2.179680e-05
1562 1.983793e-05
1563 1.524768e-05
1564 1.100576e-05
1565 8.274949e-06
1566 4.689296e-06
1567 2.850415e-06
1568 1.602925e-06
1569 9.233707e-07
1570 5.506294e-07
1571 0.000000e+00
1572 0.000000e+00
1573 0.000000e+00
1574 0.000000e+00
1575 1.487210e-05
1576 1.614453e-05
1577 1.554949e-05
1578 1.266314e-05
1579 9.143013e-06
1580 6.883420e-06
1581 4.347301e-06
1582 2.655947e-06
1583 1.474901e-06
1584 8.112783e-07
1585 4.673052e-07
1586 2.832009e-07
1587 0.000000e+00
1588 0.000000e+00
1589 0.000000e+00
1590 1.001028e-05
1591 1.119728e-05
1592 1.128693e-05
1593 9.739022e-06
1594 7.195644e-06
1595 5.289411e-06
1596 3.755371e-06
1597 2.130464e-06
1598 1.202339e-06
1599 6.811759e-07
1600 3.783133e-07
1601 2.200058e-07
1602 0.000000e+00
1603 0.000000e+00
1604 0.000000e+00
1605 6.201116e-06
1606 7.118100e-06
1607 7.458527e-06
1608 6.801106e-06
1609 5.231433e-06
1610 3.775220e-06
1611 2.841823e-06
1612 1.597077e-06
1613 9.596537e-07
1614 5.242846e-07
1615 2.885232e-07
1616 1.606418e-07
1617 0.000000e+00
1618 0.000000e+00
1619 0.000000e+00
1620 3.163407e-06
1621 3.720115e-06
1622 4.038202e-06
1623 3.883392e-06
1624 3.154630e-06
1625 2.276770e-06
1626 1.716871e-06
1627 1.071974e-06
1628 6.518364e-07
1629 3.538249e-07
1630 1.861971e-07
1631 1.003484e-07
1632 5.578990e-08
1633 0.000000e+00
1634 0.000000e+00
1635 8.891198e-07
1636 1.072208e-06
1637 1.206146e-06
1638 1.224576e-06
1639 1.066696e-06
1640 7.933436e-07
1641 5.815894e-07
1642 4.169104e-07
1643 2.343421e-07
1644 1.314261e-07
1645 7.164692e-08
1646 3.730540e-08
1647 1.958823e-08
1648 0.000000e+00
1649 0.000000e+00
