0 1.718291e-09
1 1.100943e-09
2 6.901969e-10
3 4.389854e-10
4 2.851687e-10
5 1.893024e-10
6 1.260060e-10
7 8.204771e-11
8 5.113253e-11
9 3.004523e-11
10 1.653153e-11
11 8.535586e-12
12 4.176358e-12
13 1.960685e-12
14 8.938192e-13
15 2.954289e-09
16 1.928661e-09
17 1.202271e-09
18 7.502669e-10
19 4.798178e-10
20 3.155898e-10
21 2.110192e-10
22 1.399831e-10
23 8.974366e-11
24 5.447127e-11
25 3.091101e-11
26 1.635206e-11
27 8.123331e-12
28 3.843218e-12
29 1.756866e-12
30 3.158587e-09
31 2.060487e-09
32 1.277290e-09
33 7.888010e-10
34 5.044389e-10
35 3.320047e-10
36 2.230740e-10
37 1.488975e-10
38 9.591945e-11
39 5.835645e-11
40 3.307320e-11
41 1.739898e-11
42 8.551285e-12
43 3.992878e-12
44 1.800715e-12
45 3.307041e-09
46 2.156831e-09
47 1.333593e-09
48 8.194886e-10
49 5.239504e-10
50 3.449714e-10
51 2.323451e-10
52 1.554422e-10
53 1.003945e-10
54 6.116136e-11
55 3.464796e-11
56 1.817431e-11
57 8.888532e-12
58 4.122135e-12
59 1.847719e-12
60 3.391138e-09
61 2.210559e-09
62 1.364396e-09
63 8.357454e-10
64 5.342905e-10
65 3.519211e-10
66 2.373776e-10
67 1.591349e-10
68 1.029111e-10
69 6.275245e-11
70 3.554591e-11
71 1.861055e-11
72 9.070121e-12
73 4.187393e-12
74 1.868136e-12
75 3.453949e-09
76 2.251702e-09
77 1.388061e-09
78 8.482614e-10
79 5.421954e-10
80 3.572998e-10
81 2.412281e-10
82 1.618734e-10
83 1.048264e-10
84 6.396024e-11
85 3.621697e-11
86 1.894973e-11
87 9.213688e-12
88 4.239408e-12
89 1.885827e-12
90 3.506365e-09
91 2.285154e-09
92 1.407655e-09
93 8.588414e-10
94 5.488951e-10
95 3.615851e-10
96 2.443718e-10
97 1.641951e-10
98 1.064489e-10
99 6.497869e-11
100 3.679037e-11
101 1.922436e-11
102 9.331389e-12
103 4.283644e-12
104 1.899672e-12
105 3.550630e-09
106 2.313190e-09
107 1.424106e-09
108 8.676161e-10
109 5.542769e-10
110 3.652765e-10
111 2.470478e-10
112 1.661148e-10
113 1.076952e-10
114 6.575607e-11
115 3.721505e-11
116 1.943943e-11
117 9.425537e-12
118 4.316378e-12
119 1.907106e-12
120 3.594141e-09
121 2.341640e-09
122 1.440625e-09
123 8.760849e-10
124 5.597377e-10
125 3.688860e-10
126 2.496087e-10
127 1.680460e-10
128 1.090488e-10
129 6.661933e-11
130 3.771994e-11
131 1.967574e-11
132 9.521299e-12
133 4.353704e-12
134 1.923531e-12
135 3.641829e-09
136 2.372014e-09
137 1.458453e-09
138 8.857809e-10
139 5.658004e-10
140 3.729494e-10
141 2.525555e-10
142 1.701051e-10
143 1.105529e-10
144 6.757168e-11
145 3.823861e-11
146 1.992959e-11
147 9.632102e-12
148 4.393482e-12
149 1.935777e-12
150 7.604874e-09
151 5.217647e-09
152 3.410442e-09
153 2.116978e-09
154 1.316115e-09
155 8.313497e-10
156 5.414069e-10
157 3.594083e-10
158 2.377803e-10
159 1.527383e-10
160 9.322046e-11
161 5.335323e-11
162 2.852644e-11
163 1.432781e-11
164 6.841036e-12
165 9.422778e-09
166 6.528182e-09
167 4.325686e-09
168 2.702702e-09
169 1.667203e-09
170 1.044661e-09
171 6.746380e-10
172 4.459258e-10
173 2.960400e-10
174 1.920428e-10
175 1.189707e-10
176 6.926949e-11
177 3.765777e-11
178 1.917409e-11
179 9.242367e-12
180 1.041327e-08
181 7.226560e-09
182 4.804059e-09
183 3.003262e-09
184 1.843145e-09
185 1.153405e-09
186 7.426369e-10
187 4.910449e-10
188 3.267187e-10
189 2.128846e-10
190 1.324854e-10
191 7.749143e-11
192 4.225161e-11
193 2.154189e-11
194 1.038022e-11
195 1.103924e-08
196 7.668940e-09
197 5.109708e-09
198 3.195817e-09
199 1.955765e-09
200 1.222514e-09
201 7.858707e-10
202 5.196678e-10
203 3.462457e-10
204 2.261072e-10
205 1.411325e-10
206 8.275687e-11
207 4.522173e-11
208 2.307560e-11
209 1.111750e-11
210 1.150440e-08
211 7.997504e-09
212 5.336174e-09
213 3.336886e-09
214 2.039434e-09
215 1.273419e-09
216 8.177380e-10
217 5.407355e-10
218 3.606331e-10
219 2.358881e-10
220 1.475028e-10
221 8.665012e-11
222 4.739674e-11
223 2.419502e-11
224 1.165552e-11
225 1.188310e-08
226 8.264337e-09
227 5.519326e-09
228 3.453429e-09
229 2.106239e-09
230 1.314935e-09
231 8.436663e-10
232 5.579085e-10
233 3.723909e-10
234 2.438452e-10
235 1.526972e-10
236 8.979910e-11
237 4.917416e-11
238 2.510936e-11
239 1.209427e-11
240 1.221022e-08
241 8.495348e-09
242 5.679203e-09
243 3.553766e-09
244 2.164779e-09
245 1.351092e-09
246 8.661908e-10
247 5.727361e-10
248 3.825815e-10
249 2.507748e-10
250 1.572144e-10
251 9.255096e-11
252 5.071991e-11
253 2.591083e-11
254 1.247228e-11
255 1.252801e-08
256 8.720328e-09
257 5.832964e-09
258 3.651915e-09
259 2.221402e-09
260 1.386102e-09
261 8.879865e-10
262 5.871285e-10
263 3.924737e-10
264 2.574349e-10
265 1.615592e-10
266 9.520705e-11
267 5.220939e-11
268 2.667559e-11
269 1.284584e-11
270 1.289051e-08
271 8.976311e-09
272 6.010372e-09
273 3.762029e-09
274 2.286359e-09
275 1.425612e-09
276 9.131788e-10
277 6.037770e-10
278 4.037009e-10
279 2.651268e-10
280 1.665786e-10
281 9.827563e-11
282 5.392369e-11
283 2.756101e-11
284 1.327084e-11
285 1.326271e-08
286 9.408050e-09
287 6.380341e-09
288 4.105924e-09
289 2.523583e-09
290 1.565198e-09
291 9.883287e-10
292 6.423332e-10
293 4.243859e-10
294 2.782359e-10
295 1.764791e-10
296 1.062022e-10
297 5.995129e-11
298 3.166517e-11
299 1.574056e-11
300 1.562338e-08
301 1.119109e-08
302 7.650110e-09
303 4.976434e-09
304 3.062514e-09
305 1.890963e-09
306 1.184418e-09
307 7.648309e-10
308 5.040444e-10
309 3.314707e-10
310 2.119245e-10
311 1.289924e-10
312 7.377063e-11
313 3.946275e-11
314 1.982657e-11
315 1.705421e-08
316 1.226047e-08
317 8.406475e-09
318 5.494520e-09
319 3.378815e-09
320 2.080209e-09
321 1.298521e-09
322 8.365863e-10
323 5.511503e-10
324 3.632069e-10
325 2.331509e-10
326 1.426395e-10
327 8.200289e-11
328 4.405906e-11
329 2.220198e-11
330 1.813327e-08
331 1.306760e-08
332 8.975570e-09
333 5.882729e-09
334 3.617176e-09
335 2.222560e-09
336 1.384304e-09
337 8.907372e-10
338 5.866767e-10
339 3.871233e-10
340 2.491217e-10
341 1.529067e-10
342 8.820150e-11
343 4.752776e-11
344 2.399738e-11
345 1.900718e-08
346 1.372071e-08
347 9.437123e-09
348 6.198758e-09
349 3.810306e-09
350 2.338099e-09
351 1.453778e-09
352 9.343255e-10
353 6.152981e-10
354 4.063615e-10
355 2.620643e-10
356 1.612279e-10
357 9.322067e-11
358 5.033505e-11
359 2.544227e-11
360 1.976512e-08
361 1.428728e-08
362 9.839643e-09
363 6.472572e-09
364 3.976747e-09
365 2.438507e-09
366 1.514134e-09
367 9.722913e-10
368 6.402443e-10
369 4.231881e-10
370 2.732599e-10
371 1.684242e-10
372 9.756010e-11
373 5.275546e-11
374 2.669956e-11
375 2.048411e-08
376 1.482468e-08
377 1.021921e-08
378 6.732825e-09
379 4.135156e-09
380 2.533637e-09
381 1.571447e-09
382 1.008321e-09
383 6.638829e-10
384 4.391162e-10
385 2.839293e-10
386 1.752790e-10
387 1.016915e-10
388 5.506339e-11
389 2.789343e-11
390 2.132876e-08
391 1.545716e-08
392 1.066617e-08
393 7.038484e-09
394 4.322431e-09
395 2.646255e-09
396 1.639262e-09
397 1.050945e-09
398 6.917460e-10
399 4.579145e-10
400 2.964927e-10
401 1.833607e-10
402 1.065733e-10
403 5.778787e-11
404 2.930348e-11
405 1.953191e-08
406 1.428616e-08
407 9.901800e-09
408 6.558276e-09
409 4.095661e-09
410 2.508492e-09
411 1.555738e-09
412 9.905347e-10
413 6.465309e-10
414 4.249237e-10
415 2.741417e-10
416 1.697191e-10
417 9.925712e-11
418 5.442273e-11
419 2.799197e-11
420 2.210629e-08
421 1.634082e-08
422 1.140377e-08
423 7.613085e-09
424 4.791290e-09
425 2.922889e-09
426 1.805779e-09
427 1.141834e-09
428 7.415573e-10
429 4.870761e-10
430 3.155056e-10
431 1.968530e-10
432 1.163034e-10
433 6.447836e-11
434 3.351086e-11
435 2.395679e-08
436 1.780843e-08
437 1.246538e-08
438 8.358671e-09
439 5.278857e-09
440 3.210328e-09
441 1.980185e-09
442 1.247383e-09
443 8.084262e-10
444 5.310400e-10
445 3.448845e-10
446 2.161321e-10
447 1.283782e-10
448 7.155968e-11
449 3.736464e-11
450 2.546970e-08
451 1.900164e-08
452 1.333278e-08
453 8.966460e-09
454 5.675881e-09
455 3.445430e-09
456 2.121980e-09
457 1.333532e-09
458 8.626215e-10
459 5.667995e-10
460 3.687735e-10
461 2.318074e-10
462 1.381971e-10
463 7.731854e-11
464 4.050074e-11
465 2.678382e-08
466 2.004287e-08
467 1.408766e-08
468 9.492850e-09
469 6.021105e-09
470 3.649803e-09
471 2.245147e-09
472 1.408233e-09
473 9.100101e-10
474 5.979442e-10
475 3.895578e-10
476 2.454475e-10
477 1.467494e-10
478 8.233541e-11
479 4.323166e-11
480 2.802682e-08
481 2.102345e-08
482 1.480151e-08
483 9.992763e-09
484 6.349119e-09
485 3.842954e-09
486 2.362179e-09
487 1.478943e-09
488 9.547420e-10
489 6.273979e-10
490 4.092828e-10
491 2.583891e-10
492 1.548454e-10
493 8.707785e-11
494 4.581233e-11
495 2.947996e-08
496 2.217207e-08
497 1.563375e-08
498 1.057657e-08
499 6.730658e-09
500 4.068285e-09
501 2.498446e-09
502 1.561656e-09
503 1.006991e-09
504 6.617872e-10
505 4.322536e-10
506 2.734452e-10
507 1.642865e-10
508 9.261826e-11
509 4.882765e-11
510 2.591510e-08
511 1.952001e-08
512 1.379583e-08
513 9.314046e-09
514 5.954211e-09
515 3.632345e-09
516 2.232806e-09
517 1.395244e-09
518 8.968471e-10
519 5.862654e-10
520 3.808081e-10
521 2.398917e-10
522 1.438504e-10
523 8.120290e-11
524 4.300729e-11
525 2.876755e-08
526 2.190555e-08
527 1.559490e-08
528 1.059494e-08
529 6.829517e-09
530 4.169247e-09
531 2.555063e-09
532 1.586185e-09
533 1.014029e-09
534 6.609809e-10
535 4.299208e-10
536 2.722408e-10
537 1.645605e-10
538 9.379063e-11
539 5.016768e-11
540 3.102842e-08
541 2.378509e-08
542 1.700339e-08
543 1.159645e-08
544 7.511219e-09
545 4.585190e-09
546 2.803854e-09
547 1.733829e-09
548 1.104683e-09
549 7.192005e-10
550 4.683372e-10
551 2.975852e-10
552 1.807740e-10
553 1.036165e-10
554 5.573145e-11
555 3.299791e-08
556 2.542355e-08
557 1.823348e-08
558 1.246861e-08
559 8.106190e-09
560 4.946801e-09
561 3.021158e-09
562 1.862772e-09
563 1.184022e-09
564 7.699679e-10
565 5.018480e-10
566 3.196915e-10
567 1.949163e-10
568 1.121818e-10
569 6.058142e-11
570 3.486719e-08
571 2.697918e-08
572 1.940148e-08
573 1.329698e-08
574 8.671483e-09
575 5.291336e-09
576 3.227524e-09
577 1.985040e-09
578 1.259271e-09
579 8.182328e-10
580 5.336746e-10
581 3.406845e-10
582 2.083451e-10
583 1.203273e-10
584 6.519501e-11
585 3.705705e-08
586 2.879629e-08
587 2.076487e-08
588 1.426404e-08
589 9.329189e-09
590 5.692224e-09
591 3.467888e-09
592 2.127413e-09
593 1.346870e-09
594 8.743820e-10
595 5.707265e-10
596 3.651344e-10
597 2.239884e-10
598 1.298074e-10
599 7.056293e-11
600 3.271362e-08
601 2.534008e-08
602 1.827235e-08
603 1.252728e-08
604 8.175597e-09
605 5.028656e-09
606 3.064598e-09
607 1.887361e-09
608 1.194901e-09
609 7.737466e-10
610 5.028358e-10
611 3.200950e-10
612 1.954992e-10
613 1.129844e-10
614 6.139172e-11
615 3.590988e-08
616 2.812418e-08
617 2.044521e-08
618 1.409858e-08
619 9.269476e-09
620 5.729294e-09
621 3.479398e-09
622 2.133154e-09
623 1.342291e-09
624 8.655569e-10
625 5.620972e-10
626 3.589536e-10
627 2.206131e-10
628 1.285688e-10
629 7.051355e-11
630 3.865842e-08
631 3.051172e-08
632 2.230404e-08
633 1.543613e-08
634 1.020108e-08
635 6.323217e-09
636 3.830562e-09
637 2.341204e-09
638 1.467497e-09
639 9.435825e-10
640 6.126117e-10
641 3.921326e-10
642 2.420633e-10
643 1.418659e-10
644 7.827925e-11
645 4.126366e-08
646 3.277528e-08
647 2.406617e-08
648 1.670715e-08
649 1.108505e-08
650 6.887057e-09
651 4.163587e-09
652 2.538864e-09
653 1.586171e-09
654 1.017616e-09
655 6.605461e-10
656 4.236139e-10
657 2.624139e-10
658 1.544815e-10
659 8.564656e-11
660 4.431389e-08
661 3.541842e-08
662 2.612382e-08
663 1.818886e-08
664 1.211506e-08
665 7.544352e-09
666 4.552138e-09
667 2.768878e-09
668 1.724467e-09
669 1.103922e-09
670 7.164081e-10
671 4.603117e-10
672 2.861414e-10
673 1.691896e-10
674 9.423624e-11
675 4.014832e-08
676 3.195029e-08
677 2.353600e-08
678 1.637163e-08
679 1.087095e-08
680 6.792048e-09
681 4.110390e-09
682 2.508683e-09
683 1.563465e-09
684 9.998944e-10
685 6.471116e-10
686 4.141260e-10
687 2.563667e-10
688 1.510665e-10
689 8.398255e-11
690 4.385879e-08
691 3.529836e-08
692 2.625111e-08
693 1.836947e-08
694 1.227914e-08
695 7.727141e-09
696 4.667603e-09
697 2.840290e-09
698 1.758653e-09
699 1.118227e-09
700 7.218600e-10
701 4.626083e-10
702 2.877655e-10
703 1.708250e-10
704 9.581002e-11
705 4.734024e-08
706 3.844618e-08
707 2.879095e-08
708 2.024120e-08
709 1.359640e-08
710 8.600802e-09
711 5.186811e-09
712 3.149131e-09
713 1.940640e-09
714 1.228696e-09
715 7.917945e-10
716 5.080073e-10
717 3.171811e-10
718 1.893312e-10
719 1.068819e-10
720 5.141630e-08
721 4.212455e-08
722 3.175230e-08
723 2.242257e-08
724 1.513099e-08
725 9.619579e-09
726 5.792435e-09
727 3.509624e-09
728 2.152697e-09
729 1.357566e-09
730 8.732715e-10
731 5.609128e-10
732 3.514708e-10
733 2.109022e-10
734 1.197878e-10
735 4.866941e-08
736 3.979351e-08
737 3.000961e-08
738 2.120835e-08
739 1.429792e-08
740 9.104056e-09
741 5.506462e-09
742 3.337738e-09
743 2.047637e-09
744 1.290147e-09
745 8.280188e-10
746 5.303818e-10
747 3.314918e-10
748 1.985593e-10
749 1.127096e-10
750 5.326591e-08
751 4.409531e-08
752 3.362536e-08
753 2.394178e-08
754 1.624374e-08
755 1.043172e-08
756 6.319323e-09
757 3.818518e-09
758 2.327224e-09
759 1.456316e-09
760 9.303869e-10
761 5.955807e-10
762 3.734927e-10
763 2.251888e-10
764 1.289461e-10
765 5.861914e-08
766 4.910279e-08
767 3.781461e-08
768 2.711013e-08
769 1.850009e-08
770 1.197160e-08
771 7.261572e-09
772 4.376210e-09
773 2.650978e-09
774 1.648898e-09
775 1.049049e-09
776 6.712093e-10
777 4.222426e-10
778 2.560975e-10
779 1.477884e-10
780 5.924803e-08
781 4.987210e-08
782 3.864743e-08
783 2.785253e-08
784 1.906313e-08
785 1.239062e-08
786 7.562006e-09
787 4.547583e-09
788 2.750117e-09
789 1.703221e-09
790 1.078804e-09
791 6.880878e-10
792 4.324327e-10
793 2.626125e-10
794 1.520535e-10
795 6.633149e-08
796 5.673280e-08
797 4.463159e-08
798 3.253623e-08
799 2.245056e-08
800 1.474664e-08
801 9.066706e-09
802 5.430728e-09
803 3.263558e-09
804 2.001889e-09
805 1.257610e-09
806 7.990727e-10
807 5.029117e-10
808 3.072863e-10
809 1.796414e-10
810 7.616062e-08
811 6.660798e-08
812 5.364838e-08
813 3.989502e-08
814 2.789929e-08
815 1.859193e-08
816 1.163064e-08
817 6.949231e-09
818 4.151907e-09
819 2.508207e-09
820 1.551123e-09
821 9.751353e-10
822 6.119143e-10
823 3.756737e-10
824 2.221020e-10
825 4.815336e-07
826 3.516333e-07
827 2.605215e-07
828 1.614139e-07
829 9.846185e-08
830 5.834865e-08
831 3.564951e-08
832 2.290206e-08
833 1.547631e-08
834 0.000000e+00
835 0.000000e+00
836 0.000000e+00
837 0.000000e+00
838 0.000000e+00
839 0.000000e+00
840 7.554267e-07
841 5.519048e-07
842 4.093939e-07
843 2.577338e-07
844 1.566294e-07
845 9.267430e-08
846 5.648154e-08
847 3.610142e-08
848 2.430400e-08
849 0.000000e+00
850 0.000000e+00
851 0.000000e+00
852 0.000000e+00
853 0.000000e+00
854 0.000000e+00
855 9.034708e-07
856 6.601392e-07
857 4.898343e-07
858 3.095543e-07
859 1.879542e-07
860 1.111685e-07
861 6.771198e-08
862 4.322638e-08
863 2.907417e-08
864 0.000000e+00
865 0.000000e+00
866 0.000000e+00
867 0.000000e+00
868 0.000000e+00
869 0.000000e+00
870 9.993278e-07
871 7.302182e-07
872 5.419243e-07
873 3.431341e-07
874 2.082519e-07
875 1.231503e-07
876 7.498702e-08
877 4.784112e-08
878 3.216291e-08
879 0.000000e+00
880 0.000000e+00
881 0.000000e+00
882 0.000000e+00
883 0.000000e+00
884 0.000000e+00
885 1.071193e-06
886 7.827614e-07
887 5.809742e-07
888 3.683088e-07
889 2.234694e-07
890 1.321335e-07
891 8.044121e-08
892 5.130076e-08
893 3.447879e-08
894 0.000000e+00
895 0.000000e+00
896 0.000000e+00
897 0.000000e+00
898 0.000000e+00
899 0.000000e+00
900 1.129439e-06
901 8.253442e-07
902 6.126261e-07
903 3.887123e-07
904 2.358020e-07
905 1.394142e-07
906 8.486152e-08
907 5.410480e-08
908 3.635564e-08
909 0.000000e+00
910 0.000000e+00
911 0.000000e+00
912 0.000000e+00
913 0.000000e+00
914 0.000000e+00
915 1.180268e-06
916 8.625041e-07
917 6.402459e-07
918 4.065191e-07
919 2.465652e-07
920 1.457672e-07
921 8.871918e-08
922 5.655163e-08
923 3.799350e-08
924 0.000000e+00
925 0.000000e+00
926 0.000000e+00
927 0.000000e+00
928 0.000000e+00
929 0.000000e+00
930 1.228460e-06
931 8.977376e-07
932 6.664337e-07
933 4.234011e-07
934 2.567693e-07
935 1.517905e-07
936 9.237652e-08
937 5.887147e-08
938 3.954628e-08
939 0.000000e+00
940 0.000000e+00
941 0.000000e+00
942 0.000000e+00
943 0.000000e+00
944 0.000000e+00
945 1.284683e-06
946 9.388454e-07
947 6.969857e-07
948 4.430983e-07
949 2.686743e-07
950 1.588185e-07
951 9.664394e-08
952 6.157795e-08
953 4.135810e-08
954 0.000000e+00
955 0.000000e+00
956 0.000000e+00
957 0.000000e+00
958 0.000000e+00
959 0.000000e+00
960 3.186030e-07
961 2.530327e-07
962 1.834577e-07
963 1.376545e-07
964 8.469397e-08
965 5.195070e-08
966 3.019979e-08
967 1.806444e-08
968 1.133781e-08
969 7.515706e-09
970 0.000000e+00
971 0.000000e+00
972 0.000000e+00
973 0.000000e+00
974 0.000000e+00
975 5.197434e-07
976 4.167475e-07
977 3.025876e-07
978 2.267108e-07
979 1.420678e-07
980 8.662765e-08
981 5.031555e-08
982 3.004602e-08
983 1.876211e-08
984 1.238605e-08
985 0.000000e+00
986 0.000000e+00
987 0.000000e+00
988 0.000000e+00
989 0.000000e+00
990 6.448114e-07
991 5.183987e-07
992 3.765463e-07
993 2.820112e-07
994 1.775996e-07
995 1.081222e-07
996 6.278591e-08
997 3.747516e-08
998 2.336908e-08
999 1.541002e-08
1000 0.000000e+00
1001 0.000000e+00
1002 0.000000e+00
1003 0.000000e+00
1004 0.000000e+00
1005 7.382357e-07
1006 5.943126e-07
1007 4.317715e-07
1008 3.233096e-07
1009 2.041234e-07
1010 1.241698e-07
1011 7.209649e-08
1012 4.302199e-08
1013 2.680897e-08
1014 1.766814e-08
1015 0.000000e+00
1016 0.000000e+00
1017 0.000000e+00
1018 0.000000e+00
1019 0.000000e+00
1020 8.139596e-07
1021 6.558390e-07
1022 4.765327e-07
1023 3.567807e-07
1024 2.256220e-07
1025 1.371778e-07
1026 7.964314e-08
1027 4.751755e-08
1028 2.959718e-08
1029 1.949827e-08
1030 0.000000e+00
1031 0.000000e+00
1032 0.000000e+00
1033 0.000000e+00
1034 0.000000e+00
1035 8.800254e-07
1036 7.095243e-07
1037 5.155916e-07
1038 3.859857e-07
1039 2.443794e-07
1040 1.485270e-07
1041 8.622743e-08
1042 5.144028e-08
1043 3.202995e-08
1044 2.109535e-08
1045 0.000000e+00
1046 0.000000e+00
1047 0.000000e+00
1048 0.000000e+00
1049 0.000000e+00
1050 9.426736e-07
1051 7.604327e-07
1052 5.526249e-07
1053 4.136780e-07
1054 2.621647e-07
1055 1.592896e-07
1056 9.247120e-08
1057 5.515972e-08
1058 3.433673e-08
1059 2.260959e-08
1060 0.000000e+00
1061 0.000000e+00
1062 0.000000e+00
1063 0.000000e+00
1064 0.000000e+00
1065 1.015768e-06
1066 8.198310e-07
1067 5.958365e-07
1068 4.459927e-07
1069 2.829175e-07
1070 1.718473e-07
1071 9.975607e-08
1072 5.949995e-08
1073 3.702828e-08
1074 2.437647e-08
1075 0.000000e+00
1076 0.000000e+00
1077 0.000000e+00
1078 0.000000e+00
1079 0.000000e+00
1080 1.843041e-07
1081 1.672372e-07
1082 1.285651e-07
1083 9.299904e-08
1084 6.964207e-08
1085 4.012900e-08
1086 2.456436e-08
1087 1.417974e-08
1088 8.401375e-09
1089 5.233131e-09
1090 0.000000e+00
1091 0.000000e+00
1092 0.000000e+00
1093 0.000000e+00
1094 0.000000e+00
1095 3.297706e-07
1096 3.012238e-07
1097 2.330064e-07
1098 1.683947e-07
1099 1.263697e-07
1100 7.344850e-08
1101 4.513395e-08
1102 2.596165e-08
1103 1.529841e-08
1104 9.496223e-09
1105 0.000000e+00
1106 0.000000e+00
1107 0.000000e+00
1108 0.000000e+00
1109 0.000000e+00
1110 4.306268e-07
1111 3.940331e-07
1112 3.052894e-07
1113 2.205830e-07
1114 1.656226e-07
1115 9.648035e-08
1116 5.934294e-08
1117 3.410476e-08
1118 2.006894e-08
1119 1.244627e-08
1120 0.000000e+00
1121 0.000000e+00
1122 0.000000e+00
1123 0.000000e+00
1124 0.000000e+00
1125 5.118675e-07
1126 4.687719e-07
1127 3.634880e-07
1128 2.626035e-07
1129 1.972257e-07
1130 1.150174e-07
1131 7.077884e-08
1132 4.065897e-08
1133 2.390921e-08
1134 1.482137e-08
1135 0.000000e+00
1136 0.000000e+00
1137 0.000000e+00
1138 0.000000e+00
1139 0.000000e+00
1140 5.827486e-07
1141 5.339873e-07
1142 4.142683e-07
1143 2.992682e-07
1144 2.248018e-07
1145 1.311919e-07
1146 8.075741e-08
1147 4.637790e-08
1148 2.726008e-08
1149 1.689370e-08
1150 0.000000e+00
1151 0.000000e+00
1152 0.000000e+00
1153 0.000000e+00
1154 0.000000e+00
1155 6.499630e-07
1156 5.958254e-07
1157 4.624212e-07
1158 3.340351e-07
1159 2.509506e-07
1160 1.465295e-07
1161 9.021925e-08
1162 5.180077e-08
1163 3.043750e-08
1164 1.885873e-08
1165 0.000000e+00
1166 0.000000e+00
1167 0.000000e+00
1168 0.000000e+00
1169 0.000000e+00
1170 7.283846e-07
1171 6.679733e-07
1172 5.186008e-07
1173 3.745984e-07
1174 2.814577e-07
1175 1.644239e-07
1176 1.012585e-07
1177 5.812754e-08
1178 3.414473e-08
1179 2.115149e-08
1180 0.000000e+00
1181 0.000000e+00
1182 0.000000e+00
1183 0.000000e+00
1184 0.000000e+00
1185 1.210276e-07
1186 1.192793e-07
1187 1.000996e-07
1188 7.304943e-08
1189 5.431700e-08
1190 3.677545e-08
1191 2.176114e-08
1192 1.238813e-08
1193 7.156716e-09
1194 4.233082e-09
1195 2.654636e-09
1196 0.000000e+00
1197 0.000000e+00
1198 0.000000e+00
1199 0.000000e+00
1200 2.305594e-07
1201 2.282196e-07
1202 1.926256e-07
1203 1.409533e-07
1204 1.045427e-07
1205 7.155036e-08
1206 4.201547e-08
1207 2.397152e-08
1208 1.387661e-08
1209 8.185382e-09
1210 5.116883e-09
1211 0.000000e+00
1212 0.000000e+00
1213 0.000000e+00
1214 0.000000e+00
1215 3.123222e-07
1216 3.094996e-07
1217 2.616139e-07
1218 1.915687e-07
1219 1.419922e-07
1220 9.744438e-08
1221 5.711192e-08
1222 3.260320e-08
1223 1.888236e-08
1224 1.113060e-08
1225 6.952496e-09
1226 0.000000e+00
1227 0.000000e+00
1228 0.000000e+00
1229 0.000000e+00
1230 3.831935e-07
1231 3.799432e-07
1232 3.213903e-07
1233 2.354215e-07
1234 1.744400e-07
1235 1.198757e-07
1236 7.019122e-08
1237 4.008120e-08
1238 2.321897e-08
1239 1.368230e-08
1240 8.542871e-09
1241 0.000000e+00
1242 0.000000e+00
1243 0.000000e+00
1244 0.000000e+00
1245 4.503977e-07
1246 4.467362e-07
1247 3.780737e-07
1248 2.770046e-07
1249 2.052095e-07
1250 1.411454e-07
1251 8.259382e-08
1252 4.717229e-08
1253 2.733118e-08
1254 1.610194e-08
1255 1.005098e-08
1256 0.000000e+00
1257 0.000000e+00
1258 0.000000e+00
1259 0.000000e+00
1260 5.288015e-07
1261 5.246659e-07
1262 4.442070e-07
1263 3.255223e-07
1264 2.411084e-07
1265 1.659601e-07
1266 9.706421e-08
1267 5.544503e-08
1268 3.212871e-08
1269 1.892488e-08
1270 1.181051e-08
1271 0.000000e+00
1272 0.000000e+00
1273 0.000000e+00
1274 0.000000e+00
1275 8.745746e-08
1276 9.097344e-08
1277 8.220414e-08
1278 6.280601e-08
1279 4.541246e-08
1280 3.399218e-08
1281 1.917832e-08
1282 1.156408e-08
1283 6.541078e-09
1284 3.782710e-09
1285 2.266740e-09
1286 0.000000e+00
1287 0.000000e+00
1288 0.000000e+00
1289 0.000000e+00
1290 1.731633e-07
1291 1.806783e-07
1292 1.640093e-07
1293 1.258141e-07
1294 9.088643e-08
1295 6.818505e-08
1296 3.863620e-08
1297 2.340933e-08
1298 1.319751e-08
1299 7.604396e-09
1300 4.543615e-09
1301 0.000000e+00
1302 0.000000e+00
1303 0.000000e+00
1304 0.000000e+00
1305 2.424633e-07
1306 2.531891e-07
1307 2.301012e-07
1308 1.766981e-07
1309 1.276147e-07
1310 9.579438e-08
1311 5.434245e-08
1312 3.296552e-08
1313 1.856966e-08
1314 1.068969e-08
1315 6.382322e-09
1316 0.000000e+00
1317 0.000000e+00
1318 0.000000e+00
1319 0.000000e+00
1320 3.078577e-07
1321 3.216065e-07
1322 2.924568e-07
1323 2.247029e-07
1324 1.622652e-07
1325 1.218404e-07
1326 6.915697e-08
1327 4.197839e-08
1328 2.363663e-08
1329 1.359998e-08
1330 8.116900e-09
1331 0.000000e+00
1332 0.000000e+00
1333 0.000000e+00
1334 0.000000e+00
1335 3.841561e-07
1336 4.014323e-07
1337 3.652105e-07
1338 2.807097e-07
1339 2.026908e-07
1340 1.522281e-07
1341 8.644124e-08
1342 5.249408e-08
1343 2.954836e-08
1344 1.699550e-08
1345 1.014064e-08
1346 0.000000e+00
1347 0.000000e+00
1348 0.000000e+00
1349 0.000000e+00
1350 6.823833e-08
1351 7.382054e-08
1352 7.072783e-08
1353 5.725779e-08
1354 4.129815e-08
1355 3.114391e-08
1356 1.940873e-08
1357 1.191242e-08
1358 6.612935e-09
1359 3.640586e-09
1360 2.105835e-09
1361 1.281627e-09
1362 0.000000e+00
1363 0.000000e+00
1364 0.000000e+00
1365 1.383511e-07
1366 1.499986e-07
1367 1.442001e-07
1368 1.172032e-07
1369 8.460972e-08
1370 6.372277e-08
1371 4.007662e-08
1372 2.449956e-08
1373 1.360422e-08
1374 7.494871e-09
1375 4.321841e-09
1376 2.622547e-09
1377 0.000000e+00
1378 0.000000e+00
1379 0.000000e+00
1380 2.010031e-07
1381 2.180563e-07
1382 2.098197e-07
1383 1.707216e-07
1384 1.232755e-07
1385 9.281020e-08
1386 5.851418e-08
1387 3.573215e-08
1388 1.984300e-08
1389 1.093430e-08
1390 6.299815e-09
1391 3.819753e-09
1392 0.000000e+00
1393 0.000000e+00
1394 0.000000e+00
1395 2.739546e-07
1396 2.973002e-07
1397 2.862206e-07
1398 2.330303e-07
1399 1.682909e-07
1400 1.266749e-07
1401 7.997821e-08
1402 4.880901e-08
1403 2.710609e-08
1404 1.493828e-08
1405 8.602574e-09
1406 5.213599e-09
1407 0.000000e+00
1408 0.000000e+00
1409 0.000000e+00
1410 5.695657e-08
1411 6.354913e-08
1412 6.381418e-08
1413 5.478158e-08
1414 4.036509e-08
1415 2.973796e-08
1416 2.092993e-08
1417 1.194955e-08
1418 6.724325e-09
1419 3.805175e-09
1420 2.116800e-09
1421 1.235039e-09
1422 0.000000e+00
1423 0.000000e+00
1424 0.000000e+00
1425 1.179016e-07
1426 1.317714e-07
1427 1.326620e-07
1428 1.142899e-07
1429 8.438668e-08
1430 6.207525e-08
1431 4.394023e-08
1432 2.498754e-08
1433 1.409804e-08
1434 7.976247e-09
1435 4.434308e-09
1436 2.581005e-09
1437 0.000000e+00
1438 0.000000e+00
1439 0.000000e+00
1440 1.864659e-07
1441 2.085133e-07
1442 2.100928e-07
1443 1.811975e-07
1444 1.338744e-07
1445 9.843172e-08
1446 6.979941e-08
1447 3.964442e-08
1448 2.238585e-08
1449 1.266432e-08
1450 7.039246e-09
1451 4.094128e-09
1452 0.000000e+00
1453 0.000000e+00
1454 0.000000e+00
1455 5.075467e-08
1456 5.815791e-08
1457 6.078164e-08
1458 5.521504e-08
1459 4.233594e-08
1460 3.057863e-08
1461 2.296550e-08
1462 1.287241e-08
1463 7.697722e-09
1464 4.217961e-09
1465 2.325680e-09
1466 1.298757e-09
1467 0.000000e+00
1468 0.000000e+00
1469 0.000000e+00
1470 1.144182e-07
1471 1.312914e-07
1472 1.375002e-07
1473 1.252948e-07
1474 9.633700e-08
1475 6.954062e-08
1476 5.230442e-08
1477 2.941260e-08
1478 1.765426e-08
1479 9.654124e-09
1480 5.309443e-09
1481 2.958527e-09
1482 0.000000e+00
1483 0.000000e+00
1484 0.000000e+00
1485 5.359590e-08
1486 6.297755e-08
1487 6.828456e-08
1488 6.555516e-08
1489 5.315334e-08
1490 3.835310e-08
1491 2.893343e-08
1492 1.799004e-08
1493 1.094834e-08
1494 5.941238e-09
1495 3.129294e-09
1496 1.688348e-09
1497 9.402240e-10
1498 0.000000e+00
1499 0.000000e+00
1500 1.109684e-04
1501 8.086786e-05
1502 6.035546e-05
1503 3.805236e-05
1504 2.321989e-05
1505 1.369104e-05
1506 8.324421e-06
1507 5.304277e-06
1508 3.565556e-06
1509 0.000000e+00
1510 0.000000e+00
1511 0.000000e+00
1512 0.000000e+00
1513 0.000000e+00
1514 0.000000e+00
1515 5.757601e-05
1516 4.644359e-05
1517 3.369791e-05
1518 2.528332e-05
1519 1.597668e-05
1520 9.754545e-06
1521 5.648866e-06
1522 3.364481e-06
1523 2.093966e-06
1524 1.379138e-06
1525 0.000000e+00
1526 0.000000e+00
1527 0.000000e+00
1528 0.000000e+00
1529 0.000000e+00
1530 4.047788e-05
1531 3.713775e-05
1532 2.882267e-05
1533 2.080348e-05
1534 1.566222e-05
1535 9.111532e-06
1536 5.625604e-06
1537 3.225263e-06
1538 1.896511e-06
1539 1.174730e-06
1540 0.000000e+00
1541 0.000000e+00
1542 0.000000e+00
1543 0.000000e+00
1544 0.000000e+00
1545 2.912801e-05
1546 2.891312e-05
1547 2.448503e-05
1548 1.793535e-05
1549 1.328396e-05
1550 9.154542e-06
1551 5.351144e-06
1552 3.053081e-06
1553 1.771954e-06
1554 1.042590e-06
1555 6.506122e-07
1556 0.000000e+00
1557 0.000000e+00
1558 0.000000e+00
1559 0.000000e+00
1560 2.085098e-05
1561 2.179680e-05
1562 1.983793e-05
1563 1.524768e-05
1564 1.100576e-05
1565 8.274949e-06
1566 4.689296e-06
1567 2.850415e-06
1568 1.602925e-06
1569 9.233707e-07
1570 5.506294e-07
1571 0.000000e+00
1572 0.000000e+00
1573 0.000000e+00
1574 0.000000e+00
1575 1.487210e-05
1576 1.614453e-05
1577 1.554949e-05
1578 1.266314e-05
1579 9.143013e-06
1580 6.883420e-06
1581 4.347301e-06
1582 2.655947e-06
1583 1.474901e-06
1584 8.112783e-07
1585 4.673052e-07
1586 2.832009e-07
1587 0.000000e+00
1588 0.000000e+00
1589 0.000000e+00
1590 1.001028e-05
1591 1.119728e-05
1592 1.128693e-05
1593 9.739022e-06
1594 7.195644e-06
1595 5.289411e-06
1596 3.755371e-06
1597 2.130464e-06
1598 1.202339e-06
1599 6.811759e-07
1600 3.783133e-07
1601 2.200058e-07
1602 0.000000e+00
1603 0.000000e+00
1604 0.000000e+00
1605 6.201116e-06
1606 7.118100e-06
1607 7.458527e-06
1608 6.801106e-06
1609 5.231433e-06
1610 3.775220e-06
1611 2.841823e-06
1612 1.597077e-06
1613 9.596537e-07
1614 5.242846e-07
1615 2.885232e-07
1616 1.606418e-07
1617 0.000000e+00
1618 0.000000e+00
1619 0.000000e+00
1620 3.163407e-06
1621 3.720115e-06
1622 4.038202e-06
1623 3.883392e-06
1624 3.154630e-06
1625 2.276770e-06
1626 1.716871e-06
1627 1.071974e-06
1628 6.518364e-07
1629 3.538249e-07
1630 1.861971e-07
1631 1.003484e-07
1632 5.578990e-08
1633 0.000000e+00
1634 0.000000e+00
1635 8.891198e-07
1636 1.072208e-06
1637 1.206146e-06
1638 1.224576e-06
1639 1.066696e-06
1640 7.933436e-07
1641 5.815894e-07
1642 4.169104e-07
1643 2.343421e-07
1644 1.314261e-07
1645 7.164692e-08
1646 3.730540e-08
1647 1.958823e-08
1648 0.000000e+00
1649 0.000000e+00
