0 2.311160e-09
1 1.504865e-09
2 9.475114e-10
3 5.964058e-10
4 3.828818e-10
5 2.515614e-10
6 1.671842e-10
7 1.098752e-10
8 6.975504e-11
9 4.201173e-11
10 2.376650e-11
11 1.259922e-11
12 6.300308e-12
13 3.004601e-12
14 1.383483e-12
15 3.884679e-09
16 2.588538e-09
17 1.648388e-09
18 1.027716e-09
19 6.492305e-10
20 4.198091e-10
21 2.773964e-10
22 1.839223e-10
23 1.193751e-10
24 7.419566e-11
25 4.348927e-11
26 2.387343e-11
27 1.230146e-11
28 6.003186e-12
29 2.808475e-12
30 4.471125e-09
31 3.000742e-09
32 1.922758e-09
33 1.198139e-09
34 7.536561e-10
35 4.846345e-10
36 3.191159e-10
37 2.116038e-10
38 1.379914e-10
39 8.646681e-11
40 5.120417e-11
41 2.842432e-11
42 1.479980e-11
43 7.284049e-12
44 3.428599e-12
45 4.778125e-09
46 3.217632e-09
47 2.067716e-09
48 1.288314e-09
49 8.087508e-10
50 5.187895e-10
51 3.410015e-10
52 2.261795e-10
53 1.478165e-10
54 9.296243e-11
55 5.530957e-11
56 3.085490e-11
57 1.613758e-11
58 7.971259e-12
59 3.762492e-12
60 5.016098e-09
61 3.384540e-09
62 2.178615e-09
63 1.357464e-09
64 8.511254e-10
65 5.451202e-10
66 3.579312e-10
67 2.374078e-10
68 1.553381e-10
69 9.791667e-11
70 5.841764e-11
71 3.268427e-11
72 1.714243e-11
73 8.486021e-12
74 4.011483e-12
75 5.180675e-09
76 3.500161e-09
77 2.255687e-09
78 1.405358e-09
79 8.805394e-10
80 5.633710e-10
81 3.696581e-10
82 2.451876e-10
83 1.605687e-10
84 1.013647e-10
85 6.058903e-11
86 3.396795e-11
87 1.784576e-11
88 8.847331e-12
89 4.187458e-12
90 5.313576e-09
91 3.593407e-09
92 2.317745e-09
93 1.444148e-09
94 9.042766e-10
95 5.781689e-10
96 3.791313e-10
97 2.515203e-10
98 1.648430e-10
99 1.041870e-10
100 6.236285e-11
101 3.501583e-11
102 1.842186e-11
103 9.143115e-12
104 4.329373e-12
105 5.429707e-09
106 3.675074e-09
107 2.372363e-09
108 1.478454e-09
109 9.250459e-10
110 5.910201e-10
111 3.874950e-10
112 2.570055e-10
113 1.685105e-10
114 1.065965e-10
115 6.388655e-11
116 3.591313e-11
117 1.891500e-11
118 9.395251e-12
119 4.452740e-12
120 5.540352e-09
121 3.753564e-09
122 2.424212e-09
123 1.510490e-09
124 9.449232e-10
125 6.033410e-10
126 3.952715e-10
127 2.622475e-10
128 1.720189e-10
129 1.089133e-10
130 6.535235e-11
131 3.678220e-11
132 1.939346e-11
133 9.641666e-12
134 4.570880e-12
135 5.669128e-09
136 3.843806e-09
137 2.484975e-09
138 1.548322e-09
139 9.679431e-10
140 6.176166e-10
141 4.045181e-10
142 2.682852e-10
143 1.761683e-10
144 1.116482e-10
145 6.706698e-11
146 3.779326e-11
147 1.994916e-11
148 9.927770e-12
149 4.711047e-12
150 7.936982e-09
151 5.468298e-09
152 3.593852e-09
153 2.246800e-09
154 1.392989e-09
155 8.781494e-10
156 5.690946e-10
157 3.764571e-10
158 2.488467e-10
159 1.602353e-10
160 9.833522e-11
161 5.672371e-11
162 3.061188e-11
163 1.551457e-11
164 7.461707e-12
165 1.003359e-08
166 7.000899e-09
167 4.667291e-09
168 2.949080e-09
169 1.819585e-09
170 1.137761e-09
171 7.292454e-10
172 4.792257e-10
173 3.171838e-10
174 2.061281e-10
175 1.284710e-10
176 7.555044e-11
177 4.159369e-11
178 2.146433e-11
179 1.047043e-11
180 1.123254e-08
181 7.885285e-09
182 5.289957e-09
183 3.361396e-09
184 2.071632e-09
185 1.290646e-09
186 8.228098e-10
187 5.388803e-10
188 3.566289e-10
189 2.326023e-10
190 1.459249e-10
191 8.653378e-11
192 4.807167e-11
193 2.501560e-11
194 1.228746e-11
195 1.211334e-08
196 8.534426e-09
197 5.745499e-09
198 3.662136e-09
199 2.255733e-09
200 1.402651e-09
201 8.916972e-10
202 5.828240e-10
203 3.856911e-10
204 2.520437e-10
205 1.586955e-10
206 9.454055e-11
207 5.277398e-11
208 2.758882e-11
209 1.360004e-11
210 1.274442e-08
211 8.999597e-09
212 6.072331e-09
213 3.878529e-09
214 2.388056e-09
215 1.482857e-09
216 9.410177e-10
217 6.142552e-10
218 4.064681e-10
219 2.659779e-10
220 1.678597e-10
221 1.003000e-10
222 5.617223e-11
223 2.944758e-11
224 1.455205e-11
225 1.325576e-08
226 9.375615e-09
227 6.337065e-09
228 4.053660e-09
229 2.495087e-09
230 1.548134e-09
231 9.808586e-10
232 6.396727e-10
233 4.232536e-10
234 2.772232e-10
235 1.752821e-10
236 1.049652e-10
237 5.891910e-11
238 3.095381e-11
239 1.532390e-11
240 1.370107e-08
241 9.704027e-09
242 6.568577e-09
243 4.206941e-09
244 2.588811e-09
245 1.604869e-09
246 1.015786e-09
247 6.619081e-10
248 4.379502e-10
249 2.870789e-10
250 1.817532e-10
251 1.090392e-10
252 6.132091e-11
253 3.226884e-11
254 1.599492e-11
255 1.412467e-08
256 1.001692e-08
257 6.788248e-09
258 4.351580e-09
259 2.677284e-09
260 1.658904e-09
261 1.048987e-09
262 6.830175e-10
263 4.519301e-10
264 2.964398e-10
265 1.879232e-10
266 1.129166e-10
267 6.360508e-11
268 3.352154e-11
269 1.663650e-11
270 1.461545e-08
271 1.037910e-08
272 7.042878e-09
273 4.520807e-09
274 2.780661e-09
275 1.722088e-09
276 1.087667e-09
277 7.076269e-10
278 4.681335e-10
279 3.072920e-10
280 1.950715e-10
281 1.174126e-10
282 6.625211e-11
283 3.497214e-11
284 1.737610e-11
285 1.365326e-08
286 9.714649e-09
287 6.599032e-09
288 4.259644e-09
289 2.626213e-09
290 1.625969e-09
291 1.025125e-09
292 6.649132e-10
293 4.385410e-10
294 2.874056e-10
295 1.824896e-10
296 1.100895e-10
297 6.237174e-11
298 3.308822e-11
299 1.652027e-11
300 1.600051e-08
301 1.151900e-08
302 7.896730e-09
303 5.155003e-09
304 3.191516e-09
305 1.966580e-09
306 1.230043e-09
307 7.915137e-10
308 5.200584e-10
309 3.415692e-10
310 2.185810e-10
311 1.334482e-10
312 7.670049e-11
313 4.128891e-11
314 2.088362e-11
315 1.773675e-08
316 1.285712e-08
317 8.859013e-09
318 5.819151e-09
319 3.613875e-09
320 2.220511e-09
321 1.383473e-09
322 8.863607e-10
323 5.809121e-10
324 3.818572e-10
325 2.453473e-10
326 1.507535e-10
327 8.731162e-11
328 4.737443e-11
329 2.413278e-11
330 1.899947e-08
331 1.383010e-08
332 9.560223e-09
333 6.305182e-09
334 3.922393e-09
335 2.406523e-09
336 1.495509e-09
337 9.553749e-10
338 6.253338e-10
339 4.111668e-10
340 2.648420e-10
341 1.633782e-10
342 9.507379e-11
343 5.183539e-11
344 2.651935e-11
345 2.002214e-08
346 1.462072e-08
347 1.012925e-08
348 6.698063e-09
349 4.172823e-09
350 2.556535e-09
351 1.586508e-09
352 1.011365e-09
353 6.611422e-10
354 4.349256e-10
355 2.806518e-10
356 1.736176e-10
357 1.013698e-10
358 5.545616e-11
359 2.845640e-11
360 2.091480e-08
361 1.531055e-08
362 1.062778e-08
363 7.041677e-09
364 4.391317e-09
365 2.688249e-09
366 1.665622e-09
367 1.060214e-09
368 6.924328e-10
369 4.556815e-10
370 2.944311e-10
371 1.825439e-10
372 1.068565e-10
373 5.860843e-11
374 3.014408e-11
375 2.176136e-08
376 1.596428e-08
377 1.109832e-08
378 7.367074e-09
379 4.597943e-09
380 2.813493e-09
381 1.740906e-09
382 1.106502e-09
383 7.221897e-10
384 4.753723e-10
385 3.075498e-10
386 1.910360e-10
387 1.120760e-10
388 6.161053e-11
389 3.174861e-11
390 2.274662e-08
391 1.672605e-08
392 1.164645e-08
393 7.746352e-09
394 4.839277e-09
395 2.958552e-09
396 1.828548e-09
397 1.160671e-09
398 7.568351e-10
399 4.983162e-10
400 3.228131e-10
401 2.009213e-10
402 1.181554e-10
403 6.509799e-11
404 3.361398e-11
405 1.949245e-08
406 1.428612e-08
407 9.915784e-09
408 6.573309e-09
409 4.115376e-09
410 2.520549e-09
411 1.562943e-09
412 9.936582e-10
413 6.476670e-10
414 4.253162e-10
415 2.743723e-10
416 1.699918e-10
417 9.956681e-11
418 5.470922e-11
419 2.820977e-11
420 2.221862e-08
421 1.647580e-08
422 1.152498e-08
423 7.703898e-09
424 4.864691e-09
425 2.971553e-09
426 1.834755e-09
427 1.157848e-09
428 7.503837e-10
429 4.921319e-10
430 3.186555e-10
431 1.989882e-10
432 1.178059e-10
433 6.551445e-11
434 3.417981e-11
435 2.423520e-08
436 1.811012e-08
437 1.272961e-08
438 8.555425e-09
439 5.430431e-09
440 3.313878e-09
441 2.040702e-09
442 1.281712e-09
443 8.277269e-10
444 5.422429e-10
445 3.518406e-10
446 2.207489e-10
447 1.315362e-10
448 7.368262e-11
449 3.871415e-11
450 2.588333e-08
451 1.943908e-08
452 1.371055e-08
453 9.247129e-09
454 5.890431e-09
455 3.591994e-09
456 2.208065e-09
457 1.382284e-09
458 8.904416e-10
459 5.829686e-10
460 3.788094e-10
461 2.384351e-10
462 1.426973e-10
463 8.032426e-11
464 4.240198e-11
465 2.731466e-08
466 2.059626e-08
467 1.456771e-08
468 9.850804e-09
469 6.291249e-09
470 3.834725e-09
471 2.353995e-09
472 1.470218e-09
473 9.452650e-10
474 6.185194e-10
475 4.023345e-10
476 2.538608e-10
477 1.524301e-10
478 8.611517e-11
479 4.561750e-11
480 2.867101e-08
481 2.169108e-08
482 1.537843e-08
483 1.042115e-08
484 6.672310e-09
485 4.065876e-09
486 2.492914e-09
487 1.553596e-09
488 9.973092e-10
489 6.521971e-10
490 4.246463e-10
491 2.684933e-10
492 1.616617e-10
493 9.160746e-11
494 4.867427e-11
495 3.026398e-08
496 2.297501e-08
497 1.632551e-08
498 1.109007e-08
499 7.116530e-09
500 4.333964e-09
501 2.653949e-09
502 1.650745e-09
503 1.057819e-09
504 6.915139e-10
505 4.506550e-10
506 2.855488e-10
507 1.724264e-10
508 9.801875e-11
509 5.222726e-11
510 2.596264e-08
511 1.957835e-08
512 1.385141e-08
513 9.356934e-09
514 5.986957e-09
515 3.656892e-09
516 2.246444e-09
517 1.403209e-09
518 9.012475e-10
519 5.887525e-10
520 3.822602e-10
521 2.408290e-10
522 1.444926e-10
523 8.164918e-11
524 4.330268e-11
525 2.887653e-08
526 2.202835e-08
527 1.571037e-08
528 1.068304e-08
529 6.895366e-09
530 4.219709e-09
531 2.583064e-09
532 1.602848e-09
533 1.023407e-09
534 6.662593e-10
535 4.330408e-10
536 2.742191e-10
537 1.658832e-10
538 9.468441e-11
539 5.075215e-11
540 3.126360e-08
541 2.404040e-08
542 1.724013e-08
543 1.177787e-08
544 7.645240e-09
545 4.685851e-09
546 2.861726e-09
547 1.768233e-09
548 1.124046e-09
549 7.301964e-10
550 4.748632e-10
551 3.017087e-10
552 1.835023e-10
553 1.054372e-10
554 5.690923e-11
555 3.334601e-08
556 2.579610e-08
557 1.857728e-08
558 1.273323e-08
559 8.298974e-09
560 5.092114e-09
561 3.104377e-09
562 1.912521e-09
563 1.212207e-09
564 7.860253e-10
565 5.113641e-10
566 3.256988e-10
567 1.988764e-10
568 1.148193e-10
569 6.228149e-11
570 3.532094e-08
571 2.746524e-08
572 1.984550e-08
573 1.363843e-08
574 8.920912e-09
575 5.478953e-09
576 3.335567e-09
577 2.049835e-09
578 1.295775e-09
579 8.390121e-10
580 5.460307e-10
581 3.484787e-10
582 2.134749e-10
583 1.237285e-10
584 6.738394e-11
585 3.763338e-08
586 2.940826e-08
587 2.132619e-08
588 1.469693e-08
589 9.644407e-09
590 5.928401e-09
591 3.604156e-09
592 2.209400e-09
593 1.393044e-09
594 9.006608e-10
595 5.863562e-10
596 3.749871e-10
597 2.304668e-10
598 1.340974e-10
599 7.332084e-11
600 3.270524e-08
601 2.534844e-08
602 1.828991e-08
603 1.254347e-08
604 8.188736e-09
605 5.041784e-09
606 3.071643e-09
607 1.891848e-09
608 1.197295e-09
609 7.748620e-10
610 5.033554e-10
611 3.203730e-10
612 1.956865e-10
613 1.131325e-10
614 6.150975e-11
615 3.594549e-08
616 2.817796e-08
617 2.050982e-08
618 1.415127e-08
619 9.309933e-09
620 5.762549e-09
621 3.499777e-09
622 2.145726e-09
623 1.349015e-09
624 8.690957e-10
625 5.640148e-10
626 3.600717e-10
627 2.213342e-10
628 1.290671e-10
629 7.085996e-11
630 3.878451e-08
631 3.066266e-08
632 2.246287e-08
633 1.556862e-08
634 1.029750e-08
635 6.399081e-09
636 3.877792e-09
637 2.370126e-09
638 1.483371e-09
639 9.522234e-10
640 6.174516e-10
641 3.950191e-10
642 2.439077e-10
643 1.430977e-10
644 7.910083e-11
645 4.147577e-08
646 3.302331e-08
647 2.431669e-08
648 1.691311e-08
649 1.123543e-08
650 7.003825e-09
651 4.236702e-09
652 2.583180e-09
653 1.610614e-09
654 1.031052e-09
655 6.681410e-10
656 4.281651e-10
657 2.653182e-10
658 1.564054e-10
659 8.691737e-11
660 4.462893e-08
661 3.577686e-08
662 2.647685e-08
663 1.848243e-08
664 1.232846e-08
665 7.708276e-09
666 4.655358e-09
667 2.831601e-09
668 1.759110e-09
669 1.122972e-09
670 7.272227e-10
671 4.668071e-10
672 2.902827e-10
673 1.719220e-10
674 9.603124e-11
675 4.009517e-08
676 3.191086e-08
677 2.351387e-08
678 1.635893e-08
679 1.086373e-08
680 6.789653e-09
681 4.110387e-09
682 2.508593e-09
683 1.563144e-09
684 9.994622e-10
685 6.466572e-10
686 4.137519e-10
687 2.561119e-10
688 1.509289e-10
689 8.391466e-11
690 4.383056e-08
691 3.528845e-08
692 2.625998e-08
693 1.838468e-08
694 1.229180e-08
695 7.739883e-09
696 4.678401e-09
697 2.846320e-09
698 1.761949e-09
699 1.119842e-09
700 7.225066e-10
701 4.628641e-10
702 2.878877e-10
703 1.709185e-10
704 9.589855e-11
705 4.737788e-08
706 3.850968e-08
707 2.887265e-08
708 2.032027e-08
709 1.365645e-08
710 8.648818e-09
711 5.222578e-09
712 3.169357e-09
713 1.951889e-09
714 1.234794e-09
715 7.949265e-10
716 5.097027e-10
717 3.181839e-10
718 1.899871e-10
719 1.073359e-10
720 5.152715e-08
721 4.227116e-08
722 3.191871e-08
723 2.257455e-08
724 1.524552e-08
725 9.707020e-09
726 5.856389e-09
727 3.546244e-09
728 2.173164e-09
729 1.368755e-09
730 8.792725e-10
731 5.642662e-10
732 3.534832e-10
733 2.122035e-10
734 1.206600e-10
735 4.857475e-08
736 3.970621e-08
737 2.994332e-08
738 2.116188e-08
739 1.426619e-08
740 9.083401e-09
741 5.495480e-09
742 3.330856e-09
743 2.043763e-09
744 1.287767e-09
745 8.263774e-10
746 5.292590e-10
747 3.307399e-10
748 1.980825e-10
749 1.124281e-10
750 5.318169e-08
751 4.402543e-08
752 3.357687e-08
753 2.391315e-08
754 1.622596e-08
755 1.042144e-08
756 6.316880e-09
757 3.816223e-09
758 2.326016e-09
759 1.455390e-09
760 9.295284e-10
761 5.948807e-10
762 3.729791e-10
763 2.248548e-10
764 1.287564e-10
765 5.857569e-08
766 4.908123e-08
767 3.782031e-08
768 2.713170e-08
769 1.851953e-08
770 1.198747e-08
771 7.279453e-09
772 4.385545e-09
773 2.656748e-09
774 1.651717e-09
775 1.050265e-09
776 6.716568e-10
777 4.223881e-10
778 2.561677e-10
779 1.478559e-10
780 5.910521e-08
781 4.973586e-08
782 3.853162e-08
783 2.776483e-08
784 1.900112e-08
785 1.234818e-08
786 7.536167e-09
787 4.532227e-09
788 2.741333e-09
789 1.697982e-09
790 1.075585e-09
791 6.860359e-10
792 4.311008e-10
793 2.617604e-10
794 1.515299e-10
795 6.618295e-08
796 5.658627e-08
797 4.451336e-08
798 3.244810e-08
799 2.238890e-08
800 1.470407e-08
801 9.041291e-09
802 5.416085e-09
803 3.255287e-09
804 1.996920e-09
805 1.254482e-09
806 7.970371e-10
807 5.015692e-10
808 3.064171e-10
809 1.791030e-10
810 7.594907e-08
811 6.639501e-08
812 5.345350e-08
813 3.973546e-08
814 2.778074e-08
815 1.850823e-08
816 1.157472e-08
817 6.915953e-09
818 4.132454e-09
819 2.497121e-09
820 1.544707e-09
821 9.712992e-10
822 6.095468e-10
823 3.741920e-10
824 2.211833e-10
825 5.076437e-07
826 3.707969e-07
827 2.747548e-07
828 1.711051e-07
829 1.042211e-07
830 6.174134e-08
831 3.769735e-08
832 2.418095e-08
833 1.632180e-08
834 0.000000e+00
835 0.000000e+00
836 0.000000e+00
837 0.000000e+00
838 0.000000e+00
839 0.000000e+00
840 7.604150e-07
841 5.555509e-07
842 4.120966e-07
843 2.594404e-07
844 1.576647e-07
845 9.328730e-08
846 5.685506e-08
847 3.634007e-08
848 2.446456e-08
849 0.000000e+00
850 0.000000e+00
851 0.000000e+00
852 0.000000e+00
853 0.000000e+00
854 0.000000e+00
855 8.993021e-07
856 6.570930e-07
857 4.875734e-07
858 3.081206e-07
859 1.870844e-07
860 1.106543e-07
861 6.739889e-08
862 4.302672e-08
863 2.894006e-08
864 0.000000e+00
865 0.000000e+00
866 0.000000e+00
867 0.000000e+00
868 0.000000e+00
869 0.000000e+00
870 9.985937e-07
871 7.296815e-07
872 5.415253e-07
873 3.428769e-07
874 2.080964e-07
875 1.230585e-07
876 7.493130e-08
877 4.780578e-08
878 3.213926e-08
879 0.000000e+00
880 0.000000e+00
881 0.000000e+00
882 0.000000e+00
883 0.000000e+00
884 0.000000e+00
885 1.070467e-06
886 7.822301e-07
887 5.805793e-07
888 3.680543e-07
889 2.233156e-07
890 1.320426e-07
891 8.038607e-08
892 5.126577e-08
893 3.445537e-08
894 0.000000e+00
895 0.000000e+00
896 0.000000e+00
897 0.000000e+00
898 0.000000e+00
899 0.000000e+00
900 1.128736e-06
901 8.248303e-07
902 6.122441e-07
903 3.884661e-07
904 2.356531e-07
905 1.393263e-07
906 8.480818e-08
907 5.407096e-08
908 3.633300e-08
909 0.000000e+00
910 0.000000e+00
911 0.000000e+00
912 0.000000e+00
913 0.000000e+00
914 0.000000e+00
915 1.179603e-06
916 8.620175e-07
917 6.398843e-07
918 4.062859e-07
919 2.464243e-07
920 1.456840e-07
921 8.866867e-08
922 5.651959e-08
923 3.797206e-08
924 0.000000e+00
925 0.000000e+00
926 0.000000e+00
927 0.000000e+00
928 0.000000e+00
929 0.000000e+00
930 1.227833e-06
931 8.972793e-07
932 6.660931e-07
933 4.231816e-07
934 2.566366e-07
935 1.517122e-07
936 9.232895e-08
937 5.884130e-08
938 3.952608e-08
939 0.000000e+00
940 0.000000e+00
941 0.000000e+00
942 0.000000e+00
943 0.000000e+00
944 0.000000e+00
945 1.284084e-06
946 9.384068e-07
947 6.966597e-07
948 4.428881e-07
949 2.685473e-07
950 1.587436e-07
951 9.659841e-08
952 6.154907e-08
953 4.133878e-08
954 0.000000e+00
955 0.000000e+00
956 0.000000e+00
957 0.000000e+00
958 0.000000e+00
959 0.000000e+00
960 3.384340e-07
961 2.696176e-07
962 1.955919e-07
963 1.466706e-07
964 9.079962e-08
965 5.556810e-08
966 3.229869e-08
967 1.931236e-08
968 1.210077e-08
969 8.010522e-09
970 0.000000e+00
971 0.000000e+00
972 0.000000e+00
973 0.000000e+00
974 0.000000e+00
975 5.172736e-07
976 4.147787e-07
977 3.011637e-07
978 2.256405e-07
979 1.414086e-07
980 8.622202e-08
981 5.008037e-08
982 2.990563e-08
983 1.867409e-08
984 1.232772e-08
985 0.000000e+00
986 0.000000e+00
987 0.000000e+00
988 0.000000e+00
989 0.000000e+00
990 6.438609e-07
991 5.176263e-07
992 3.759844e-07
993 2.815912e-07
994 1.773297e-07
995 1.079590e-07
996 6.269119e-08
997 3.741873e-08
998 2.333408e-08
999 1.538705e-08
1000 0.000000e+00
1001 0.000000e+00
1002 0.000000e+00
1003 0.000000e+00
1004 0.000000e+00
1005 7.372905e-07
1006 5.935445e-07
1007 4.312127e-07
1008 3.228917e-07
1009 2.038549e-07
1010 1.240073e-07
1011 7.200226e-08
1012 4.296585e-08
1013 2.677416e-08
1014 1.764529e-08
1015 0.000000e+00
1016 0.000000e+00
1017 0.000000e+00
1018 0.000000e+00
1019 0.000000e+00
1020 8.130463e-07
1021 6.550969e-07
1022 4.759928e-07
1023 3.563770e-07
1024 2.253627e-07
1025 1.370209e-07
1026 7.955212e-08
1027 4.746324e-08
1028 2.956355e-08
1029 1.947620e-08
1030 0.000000e+00
1031 0.000000e+00
1032 0.000000e+00
1033 0.000000e+00
1034 0.000000e+00
1035 8.791514e-07
1036 7.088142e-07
1037 5.150750e-07
1038 3.855994e-07
1039 2.441313e-07
1040 1.483769e-07
1041 8.614035e-08
1042 5.138841e-08
1043 3.199778e-08
1044 2.107422e-08
1045 0.000000e+00
1046 0.000000e+00
1047 0.000000e+00
1048 0.000000e+00
1049 0.000000e+00
1050 9.418552e-07
1051 7.597677e-07
1052 5.521412e-07
1053 4.133163e-07
1054 2.619324e-07
1055 1.591490e-07
1056 9.238964e-08
1057 5.511113e-08
1058 3.430660e-08
1059 2.258981e-08
1060 0.000000e+00
1061 0.000000e+00
1062 0.000000e+00
1063 0.000000e+00
1064 0.000000e+00
1065 1.014988e-06
1066 8.191972e-07
1067 5.953754e-07
1068 4.456479e-07
1069 2.826961e-07
1070 1.717133e-07
1071 9.967835e-08
1072 5.945364e-08
1073 3.699956e-08
1074 2.435762e-08
1075 0.000000e+00
1076 0.000000e+00
1077 0.000000e+00
1078 0.000000e+00
1079 0.000000e+00
1080 1.982261e-07
1081 1.803250e-07
1082 1.389598e-07
1083 1.004864e-07
1084 7.530368e-08
1085 4.354592e-08
1086 2.669216e-08
1087 1.538807e-08
1088 9.097479e-09
1089 5.659158e-09
1090 0.000000e+00
1091 0.000000e+00
1092 0.000000e+00
1093 0.000000e+00
1094 0.000000e+00
1095 3.293101e-07
1096 3.008165e-07
1097 2.327039e-07
1098 1.681755e-07
1099 1.262059e-07
1100 7.336027e-08
1101 4.507993e-08
1102 2.593022e-08
1103 1.527918e-08
1104 9.484046e-09
1105 0.000000e+00
1106 0.000000e+00
1107 0.000000e+00
1108 0.000000e+00
1109 0.000000e+00
1110 4.296130e-07
1111 3.931004e-07
1112 3.045632e-07
1113 2.200586e-07
1114 1.652282e-07
1115 9.624905e-08
1116 5.920026e-08
1117 3.402298e-08
1118 2.002102e-08
1119 1.241663e-08
1120 0.000000e+00
1121 0.000000e+00
1122 0.000000e+00
1123 0.000000e+00
1124 0.000000e+00
1125 5.108857e-07
1126 4.678687e-07
1127 3.627846e-07
1128 2.620957e-07
1129 1.968438e-07
1130 1.147935e-07
1131 7.064062e-08
1132 4.057975e-08
1133 2.386280e-08
1134 1.479267e-08
1135 0.000000e+00
1136 0.000000e+00
1137 0.000000e+00
1138 0.000000e+00
1139 0.000000e+00
1140 5.818147e-07
1141 5.331281e-07
1142 4.135993e-07
1143 2.987856e-07
1144 2.244387e-07
1145 1.309788e-07
1146 8.062595e-08
1147 4.630256e-08
1148 2.721593e-08
1149 1.686640e-08
1150 0.000000e+00
1151 0.000000e+00
1152 0.000000e+00
1153 0.000000e+00
1154 0.000000e+00
1155 6.490869e-07
1156 5.950194e-07
1157 4.617935e-07
1158 3.335820e-07
1159 2.506098e-07
1160 1.463295e-07
1161 9.009590e-08
1162 5.173008e-08
1163 3.039608e-08
1164 1.883311e-08
1165 0.000000e+00
1166 0.000000e+00
1167 0.000000e+00
1168 0.000000e+00
1169 0.000000e+00
1170 7.275455e-07
1171 6.672013e-07
1172 5.179988e-07
1173 3.741644e-07
1174 2.811313e-07
1175 1.642325e-07
1176 1.011404e-07
1177 5.805985e-08
1178 3.410507e-08
1179 2.112696e-08
1180 0.000000e+00
1181 0.000000e+00
1182 0.000000e+00
1183 0.000000e+00
1184 0.000000e+00
1185 1.319871e-07
1186 1.303014e-07
1187 1.095965e-07
1188 8.006777e-08
1189 5.947572e-08
1190 4.043989e-08
1191 2.385710e-08
1192 1.359400e-08
1193 7.859151e-09
1194 4.643720e-09
1195 2.908488e-09
1196 0.000000e+00
1197 0.000000e+00
1198 0.000000e+00
1199 0.000000e+00
1200 2.299953e-07
1201 2.276687e-07
1202 1.921692e-07
1203 1.406227e-07
1204 1.042957e-07
1205 7.138696e-08
1206 4.191717e-08
1207 2.391595e-08
1208 1.384454e-08
1209 8.166346e-09
1210 5.104854e-09
1211 0.000000e+00
1212 0.000000e+00
1213 0.000000e+00
1214 0.000000e+00
1215 3.113412e-07
1216 3.085249e-07
1217 2.607865e-07
1218 1.909620e-07
1219 1.415430e-07
1220 9.713391e-08
1221 5.693087e-08
1222 3.249969e-08
1223 1.882233e-08
1224 1.109528e-08
1225 6.930466e-09
1226 0.000000e+00
1227 0.000000e+00
1228 0.000000e+00
1229 0.000000e+00
1230 3.822568e-07
1231 3.790122e-07
1232 3.206003e-07
1233 2.348422e-07
1234 1.740111e-07
1235 1.195792e-07
1236 7.001835e-08
1237 3.998242e-08
1238 2.316165e-08
1239 1.364857e-08
1240 8.521851e-09
1241 0.000000e+00
1242 0.000000e+00
1243 0.000000e+00
1244 0.000000e+00
1245 4.495194e-07
1246 4.458631e-07
1247 3.773328e-07
1248 2.764611e-07
1249 2.048073e-07
1250 1.408676e-07
1251 8.243172e-08
1252 4.707961e-08
1253 2.727743e-08
1254 1.607032e-08
1255 1.003126e-08
1256 0.000000e+00
1257 0.000000e+00
1258 0.000000e+00
1259 0.000000e+00
1260 5.279660e-07
1261 5.238361e-07
1262 4.435022e-07
1263 3.250053e-07
1264 2.407259e-07
1265 1.656956e-07
1266 9.690989e-08
1267 5.535686e-08
1268 3.207759e-08
1269 1.889480e-08
1270 1.179176e-08
1271 0.000000e+00
1272 0.000000e+00
1273 0.000000e+00
1274 0.000000e+00
1275 9.465659e-08
1276 9.856955e-08
1277 8.921344e-08
1278 6.826086e-08
1279 4.934064e-08
1280 3.696150e-08
1281 2.088784e-08
1282 1.261664e-08
1283 7.128098e-09
1284 4.116497e-09
1285 2.464208e-09
1286 0.000000e+00
1287 0.000000e+00
1288 0.000000e+00
1289 0.000000e+00
1290 1.724604e-07
1291 1.799469e-07
1292 1.633482e-07
1293 1.253093e-07
1294 9.052135e-08
1295 6.791145e-08
1296 3.848226e-08
1297 2.331636e-08
1298 1.314499e-08
1299 7.573990e-09
1300 4.525412e-09
1301 0.000000e+00
1302 0.000000e+00
1303 0.000000e+00
1304 0.000000e+00
1305 2.415518e-07
1306 2.522356e-07
1307 2.292321e-07
1308 1.760293e-07
1309 1.271318e-07
1310 9.543137e-08
1311 5.413597e-08
1312 3.283991e-08
1313 1.849905e-08
1314 1.064913e-08
1315 6.358146e-09
1316 0.000000e+00
1317 0.000000e+00
1318 0.000000e+00
1319 0.000000e+00
1320 3.070037e-07
1321 3.207129e-07
1322 2.916424e-07
1323 2.240760e-07
1324 1.618129e-07
1325 1.215003e-07
1326 6.896348e-08
1327 4.186067e-08
1328 2.357045e-08
1329 1.356196e-08
1330 8.094245e-09
1331 0.000000e+00
1332 0.000000e+00
1333 0.000000e+00
1334 0.000000e+00
1335 3.833412e-07
1336 4.005797e-07
1337 3.644335e-07
1338 2.801110e-07
1339 2.022590e-07
1340 1.519034e-07
1341 8.625662e-08
1342 5.238176e-08
1343 2.948521e-08
1344 1.695924e-08
1345 1.011903e-08
1346 0.000000e+00
1347 0.000000e+00
1348 0.000000e+00
1349 0.000000e+00
1350 7.216620e-08
1351 7.811787e-08
1352 7.491682e-08
1353 6.071785e-08
1354 4.380527e-08
1355 3.302206e-08
1356 2.063335e-08
1357 1.264904e-08
1358 7.022423e-09
1359 3.867049e-09
1360 2.234806e-09
1361 1.358965e-09
1362 0.000000e+00
1363 0.000000e+00
1364 0.000000e+00
1365 1.375580e-07
1366 1.491383e-07
1367 1.433722e-07
1368 1.165300e-07
1369 8.412359e-08
1370 6.335688e-08
1371 3.984599e-08
1372 2.435860e-08
1373 1.352595e-08
1374 7.451765e-09
1375 4.297003e-09
1376 2.607484e-09
1377 0.000000e+00
1378 0.000000e+00
1379 0.000000e+00
1380 2.001870e-07
1381 2.171699e-07
1382 2.089651e-07
1383 1.700246e-07
1384 1.227719e-07
1385 9.243137e-08
1386 5.827408e-08
1387 3.558587e-08
1388 1.976174e-08
1389 1.088949e-08
1390 6.274056e-09
1391 3.804161e-09
1392 0.000000e+00
1393 0.000000e+00
1394 0.000000e+00
1395 2.731755e-07
1396 2.964539e-07
1397 2.854047e-07
1398 2.323649e-07
1399 1.678103e-07
1400 1.263133e-07
1401 7.974903e-08
1402 4.866935e-08
1403 2.702853e-08
1404 1.489553e-08
1405 8.577994e-09
1406 5.198711e-09
1407 0.000000e+00
1408 0.000000e+00
1409 0.000000e+00
1410 5.846255e-08
1411 6.524929e-08
1412 6.555134e-08
1413 5.630884e-08
1414 4.150598e-08
1415 3.057016e-08
1416 2.153753e-08
1417 1.228787e-08
1418 6.918106e-09
1419 3.914554e-09
1420 2.177435e-09
1421 1.269869e-09
1422 0.000000e+00
1423 0.000000e+00
1424 0.000000e+00
1425 1.171417e-07
1426 1.309211e-07
1427 1.318042e-07
1428 1.135489e-07
1429 8.383882e-08
1430 6.167261e-08
1431 4.365399e-08
1432 2.482529e-08
1433 1.400629e-08
1434 7.924334e-09
1435 4.405469e-09
1436 2.564251e-09
1437 0.000000e+00
1438 0.000000e+00
1439 0.000000e+00
1440 1.857337e-07
1441 2.076938e-07
1442 2.092660e-07
1443 1.804830e-07
1444 1.333459e-07
1445 9.804350e-08
1446 6.952329e-08
1447 3.948791e-08
1448 2.229735e-08
1449 1.261426e-08
1450 7.011431e-09
1451 4.077970e-09
1452 0.000000e+00
1453 0.000000e+00
1454 0.000000e+00
1455 5.078449e-08
1456 5.819723e-08
1457 6.083059e-08
1458 5.527039e-08
1459 4.238617e-08
1460 3.061376e-08
1461 2.299388e-08
1462 1.289124e-08
1463 7.710776e-09
1464 4.224607e-09
1465 2.328914e-09
1466 1.300391e-09
1467 0.000000e+00
1468 0.000000e+00
1469 0.000000e+00
1470 1.137459e-07
1471 1.305194e-07
1472 1.366904e-07
1473 1.245552e-07
1474 9.576697e-08
1475 6.912939e-08
1476 5.199478e-08
1477 2.923809e-08
1478 1.754920e-08
1479 9.596756e-09
1480 5.277954e-09
1481 2.941014e-09
1482 0.000000e+00
1483 0.000000e+00
1484 0.000000e+00
1485 5.307483e-08
1486 6.236484e-08
1487 6.761940e-08
1488 6.491578e-08
1489 5.263366e-08
1490 3.797815e-08
1491 2.865072e-08
1492 1.781343e-08
1493 1.084103e-08
1494 5.882975e-09
1495 3.098611e-09
1496 1.671816e-09
1497 9.310334e-10
1498 0.000000e+00
1499 0.000000e+00
1500 1.109684e-04
1501 8.086786e-05
1502 6.035546e-05
1503 3.805236e-05
1504 2.321989e-05
1505 1.369104e-05
1506 8.324421e-06
1507 5.304277e-06
1508 3.565556e-06
1509 0.000000e+00
1510 0.000000e+00
1511 0.000000e+00
1512 0.000000e+00
1513 0.000000e+00
1514 0.000000e+00
1515 5.757601e-05
1516 4.644359e-05
1517 3.369791e-05
1518 2.528332e-05
1519 1.597668e-05
1520 9.754545e-06
1521 5.648866e-06
1522 3.364481e-06
1523 2.093966e-06
1524 1.379138e-06
1525 0.000000e+00
1526 0.000000e+00
1527 0.000000e+00
1528 0.000000e+00
1529 0.000000e+00
1530 4.047788e-05
1531 3.713775e-05
1532 2.882267e-05
1533 2.080348e-05
1534 1.566222e-05
1535 9.111532e-06
1536 5.625604e-06
1537 3.225263e-06
1538 1.896511e-06
1539 1.174730e-06
1540 0.000000e+00
1541 0.000000e+00
1542 0.000000e+00
1543 0.000000e+00
1544 0.000000e+00
1545 2.912801e-05
1546 2.891312e-05
1547 2.448503e-05
1548 1.793535e-05
1549 1.328396e-05
1550 9.154542e-06
1551 5.351144e-06
1552 3.053081e-06
1553 1.771954e-06
1554 1.042590e-06
1555 6.506122e-07
1556 0.000000e+00
1557 0.000000e+00
1558 0.000000e+00
1559 0.000000e+00
1560 2.085098e-05
1561 2.179680e-05
1562 1.983793e-05
1563 1.524768e-05
1564 1.100576e-05
1565 8.274949e-06
1566 4.689296e-06
1567 2.850415e-06
1568 1.602925e-06
1569 9.233707e-07
1570 5.506294e-07
1571 0.000000e+00
1572 0.000000e+00
1573 0.000000e+00
1574 0.000000e+00
1575 1.487210e-05
1576 1.614453e-05
1577 1.554949e-05
1578 1.266314e-05
1579 9.143013e-06
1580 6.883420e-06
1581 4.347301e-06
1582 2.655947e-06
1583 1.474901e-06
1584 8.112783e-07
1585 4.673052e-07
1586 2.832009e-07
1587 0.000000e+00
1588 0.000000e+00
1589 0.000000e+00
1590 1.001028e-05
1591 1.119728e-05
1592 1.128693e-05
1593 9.739022e-06
1594 7.195644e-06
1595 5.289411e-06
1596 3.755371e-06
1597 2.130464e-06
1598 1.202339e-06
1599 6.811759e-07
1600 3.783133e-07
1601 2.200058e-07
1602 0.000000e+00
1603 0.000000e+00
1604 0.000000e+00
1605 6.201116e-06
1606 7.118100e-06
1607 7.458527e-06
1608 6.801106e-06
1609 5.231433e-06
1610 3.775220e-06
1611 2.841823e-06
1612 1.597077e-06
1613 9.596537e-07
1614 5.242846e-07
1615 2.885232e-07
1616 1.606418e-07
1617 0.000000e+00
1618 0.000000e+00
1619 0.000000e+00
1620 3.163407e-06
1621 3.720115e-06
1622 4.038202e-06
1623 3.883392e-06
1624 3.154630e-06
1625 2.276770e-06
1626 1.716871e-06
1627 1.071974e-06
1628 6.518364e-07
1629 3.538249e-07
1630 1.861971e-07
1631 1.003484e-07
1632 5.578990e-08
1633 0.000000e+00
1634 0.000000e+00
1635 8.891198e-07
1636 1.072208e-06
1637 1.206146e-06
1638 1.224576e-06
1639 1.066696e-06
1640 7.933436e-07
1641 5.815894e-07
1642 4.169104e-07
1643 2.343421e-07
1644 1.314261e-07
1645 7.164692e-08
1646 3.730540e-08
1647 1.958823e-08
1648 0.000000e+00
1649 0.000000e+00
