0 2.301100e-09
1 1.498049e-09
2 9.431562e-10
3 5.937031e-10
4 3.811780e-10
5 2.505065e-10
6 1.664823e-10
7 1.094072e-10
8 6.943435e-11
9 4.180167e-11
10 2.364199e-11
11 1.252753e-11
12 6.260722e-12
13 2.984879e-12
14 1.374108e-12
15 3.871496e-09
16 2.579280e-09
17 1.641984e-09
18 1.023763e-09
19 6.468010e-10
20 4.183153e-10
21 2.764574e-10
22 1.832980e-10
23 1.189547e-10
24 7.391616e-11
25 4.330999e-11
26 2.376589e-11
27 1.224133e-11
28 5.970493e-12
29 2.793100e-12
30 4.453645e-09
31 2.988328e-09
32 1.914116e-09
33 1.192781e-09
34 7.503284e-10
35 4.825883e-10
36 3.177957e-10
37 2.107750e-10
38 1.374397e-10
39 8.609208e-11
40 5.096623e-11
41 2.827974e-11
42 1.471720e-11
43 7.239689e-12
44 3.406574e-12
45 4.776324e-09
46 3.215462e-09
47 2.065517e-09
48 1.286795e-09
49 8.079475e-10
50 5.183837e-10
51 3.407781e-10
52 2.260785e-10
53 1.477457e-10
54 9.289113e-11
55 5.524312e-11
56 3.079758e-11
57 1.609870e-11
58 7.948995e-12
59 3.750391e-12
60 4.993618e-09
61 3.368327e-09
62 2.167324e-09
63 1.350272e-09
64 8.467367e-10
65 5.424730e-10
66 3.562895e-10
67 2.363401e-10
68 1.546274e-10
69 9.744487e-11
70 5.811053e-11
71 3.249680e-11
72 1.703042e-11
73 8.426551e-12
74 3.981908e-12
75 5.157154e-09
76 3.483159e-09
77 2.243732e-09
78 1.397771e-09
79 8.759512e-10
80 5.605505e-10
81 3.679047e-10
82 2.440207e-10
83 1.598143e-10
84 1.008586e-10
85 6.025965e-11
86 3.376496e-11
87 1.772870e-11
88 8.784831e-12
89 4.155517e-12
90 5.288577e-09
91 3.575451e-09
92 2.305209e-09
93 1.436120e-09
94 8.994046e-10
95 5.752008e-10
96 3.772862e-10
97 2.503272e-10
98 1.640455e-10
99 1.036433e-10
100 6.201262e-11
101 3.479961e-11
102 1.829737e-11
103 9.076129e-12
104 4.295780e-12
105 5.403724e-09
106 3.656480e-09
107 2.359215e-09
108 1.470059e-09
109 9.202028e-10
110 5.879172e-10
111 3.855617e-10
112 2.557602e-10
113 1.676802e-10
114 1.060371e-10
115 6.352125e-11
116 3.568395e-11
117 1.878280e-11
118 9.325150e-12
119 4.417509e-12
120 5.514962e-09
121 3.735203e-09
122 2.411351e-09
123 1.502186e-09
124 9.398364e-10
125 6.002714e-10
126 3.933651e-10
127 2.610241e-10
128 1.711982e-10
129 1.083603e-10
130 6.498990e-11
131 3.655859e-11
132 1.926361e-11
133 9.571974e-12
134 4.537059e-12
135 5.641282e-09
136 3.822934e-09
137 2.470809e-09
138 1.539145e-09
139 9.623829e-10
140 6.142326e-10
141 4.024212e-10
142 2.669326e-10
143 1.752660e-10
144 1.110419e-10
145 6.667008e-11
146 3.754680e-11
147 1.980639e-11
148 9.851003e-12
149 4.672465e-12
150 7.931667e-09
151 5.464306e-09
152 3.590806e-09
153 2.244584e-09
154 1.391618e-09
155 8.773632e-10
156 5.686239e-10
157 3.761685e-10
158 2.486597e-10
159 1.601098e-10
160 9.825029e-11
161 5.666754e-11
162 3.057649e-11
163 1.549406e-11
164 7.450751e-12
165 1.002677e-08
166 6.995638e-09
167 4.663175e-09
168 2.946039e-09
169 1.817654e-09
170 1.136572e-09
171 7.285861e-10
172 4.788196e-10
173 3.169351e-10
174 2.059618e-10
175 1.283570e-10
176 7.547192e-11
177 4.154361e-11
178 2.143453e-11
179 1.045481e-11
180 1.126487e-08
181 7.907135e-09
182 5.304099e-09
183 3.369651e-09
184 2.076720e-09
185 1.293872e-09
186 8.250968e-10
187 5.403591e-10
188 3.576328e-10
189 2.332544e-10
190 1.463237e-10
191 8.675662e-11
192 4.818565e-11
193 2.506910e-11
194 1.231108e-11
195 1.210021e-08
196 8.523790e-09
197 5.737531e-09
198 3.656503e-09
199 2.251941e-09
200 1.400521e-09
201 8.904643e-10
202 5.820228e-10
203 3.851890e-10
204 2.517198e-10
205 1.584787e-10
206 9.439460e-11
207 5.267907e-11
208 2.752944e-11
209 1.356878e-11
210 1.272907e-08
211 8.987073e-09
212 6.063043e-09
213 3.871643e-09
214 2.383543e-09
215 1.480432e-09
216 9.394362e-10
217 6.133327e-10
218 4.058898e-10
219 2.655941e-10
220 1.676070e-10
221 1.001299e-10
222 5.606165e-11
223 2.938154e-11
224 1.451517e-11
225 1.323820e-08
226 9.361076e-09
227 6.326364e-09
228 4.045696e-09
229 2.490045e-09
230 1.544929e-09
231 9.790496e-10
232 6.385803e-10
233 4.225998e-10
234 2.767903e-10
235 1.749896e-10
236 1.047658e-10
237 5.878921e-11
238 3.087590e-11
239 1.528071e-11
240 1.368135e-08
241 9.688235e-09
242 6.556606e-09
243 4.198447e-09
244 2.583073e-09
245 1.601519e-09
246 1.013764e-09
247 6.607061e-10
248 4.372047e-10
249 2.865966e-10
250 1.814298e-10
251 1.088195e-10
252 6.117845e-11
253 3.218416e-11
254 1.594820e-11
255 1.411014e-08
256 1.000431e-08
257 6.778941e-09
258 4.344654e-09
259 2.672539e-09
260 1.655956e-09
261 1.047317e-09
262 6.820431e-10
263 4.513514e-10
264 2.960664e-10
265 1.876713e-10
266 1.127397e-10
267 6.348896e-11
268 3.345048e-11
269 1.659329e-11
270 1.459331e-08
271 1.036061e-08
272 7.029245e-09
273 4.510942e-09
274 2.774051e-09
275 1.718115e-09
276 1.085357e-09
277 7.062547e-10
278 4.672738e-10
279 3.067366e-10
280 1.946961e-10
281 1.171596e-10
282 6.609031e-11
283 3.487420e-11
284 1.732226e-11
285 1.365219e-08
286 9.713318e-09
287 6.598316e-09
288 4.258735e-09
289 2.625470e-09
290 1.625554e-09
291 1.024913e-09
292 6.647761e-10
293 4.384731e-10
294 2.873604e-10
295 1.824585e-10
296 1.100673e-10
297 6.235638e-11
298 3.307800e-11
299 1.651400e-11
300 1.606085e-08
301 1.156187e-08
302 7.926565e-09
303 5.173780e-09
304 3.202805e-09
305 1.973593e-09
306 1.234451e-09
307 7.943479e-10
308 5.219677e-10
309 3.428289e-10
310 2.193875e-10
311 1.339331e-10
312 7.697785e-11
313 4.143573e-11
314 2.095586e-11
315 1.773261e-08
316 1.285291e-08
317 8.855679e-09
318 5.816567e-09
319 3.611894e-09
320 2.219528e-09
321 1.382807e-09
322 8.859816e-10
323 5.806846e-10
324 3.817191e-10
325 2.452583e-10
326 1.506924e-10
327 8.726943e-11
328 4.734645e-11
329 2.411553e-11
330 1.899337e-08
331 1.382407e-08
332 9.555410e-09
333 6.301617e-09
334 3.919638e-09
335 2.404775e-09
336 1.494531e-09
337 9.548113e-10
338 6.249486e-10
339 4.109551e-10
340 2.647154e-10
341 1.632923e-10
342 9.501477e-11
343 5.179693e-11
344 2.649585e-11
345 2.001492e-08
346 1.461367e-08
347 1.012422e-08
348 6.694235e-09
349 4.169011e-09
350 2.554690e-09
351 1.585280e-09
352 1.010681e-09
353 6.607865e-10
354 4.346897e-10
355 2.804994e-10
356 1.735152e-10
357 1.012998e-10
358 5.540955e-11
359 2.842787e-11
360 2.090575e-08
361 1.530173e-08
362 1.062029e-08
363 7.036250e-09
364 4.386753e-09
365 2.685844e-09
366 1.664001e-09
367 1.059336e-09
368 6.919423e-10
369 4.553696e-10
370 2.942384e-10
371 1.824113e-10
372 1.067667e-10
373 5.855068e-11
374 3.010737e-11
375 2.176150e-08
376 1.596177e-08
377 1.109570e-08
378 7.365179e-09
379 4.595763e-09
380 2.812174e-09
381 1.740084e-09
382 1.106120e-09
383 7.219897e-10
384 4.752847e-10
385 3.074979e-10
386 1.909967e-10
387 1.120426e-10
388 6.158082e-11
389 3.172780e-11
390 2.273475e-08
391 1.671463e-08
392 1.163736e-08
393 7.739710e-09
394 4.834194e-09
395 2.955498e-09
396 1.826703e-09
397 1.159616e-09
398 7.562266e-10
399 4.979460e-10
400 3.225734e-10
401 2.007589e-10
402 1.180455e-10
403 6.502633e-11
404 3.357063e-11
405 1.964575e-08
406 1.439832e-08
407 9.993481e-09
408 6.624795e-09
409 4.147365e-09
410 2.540145e-09
411 1.575088e-09
412 1.001314e-09
413 6.527289e-10
414 4.286445e-10
415 2.765258e-10
416 1.713255e-10
417 1.003476e-10
418 5.513713e-11
419 2.842954e-11
420 2.230717e-08
421 1.654104e-08
422 1.157044e-08
423 7.734156e-09
424 4.883713e-09
425 2.983132e-09
426 1.841897e-09
427 1.162366e-09
428 7.533254e-10
429 4.940674e-10
430 3.199124e-10
431 1.997739e-10
432 1.182702e-10
433 6.577142e-11
434 3.431277e-11
435 2.433021e-08
436 1.818025e-08
437 1.277840e-08
438 8.588172e-09
439 5.450950e-09
440 3.326027e-09
441 2.048335e-09
442 1.286520e-09
443 8.309033e-10
444 5.443205e-10
445 3.531957e-10
446 2.215997e-10
447 1.320406e-10
448 7.396239e-11
449 3.885906e-11
450 2.598306e-08
451 1.951285e-08
452 1.376355e-08
453 9.281524e-09
454 5.911973e-09
455 3.604912e-09
456 2.216023e-09
457 1.387340e-09
458 8.937294e-10
459 5.851416e-10
460 3.802298e-10
461 2.393287e-10
462 1.432280e-10
463 8.061829e-11
464 4.255402e-11
465 2.741856e-08
466 2.067365e-08
467 1.462143e-08
468 9.886966e-09
469 6.313939e-09
470 3.848181e-09
471 2.362338e-09
472 1.475482e-09
473 9.486873e-10
474 6.207869e-10
475 4.038231e-10
476 2.547999e-10
477 1.529891e-10
478 8.642586e-11
479 4.577819e-11
480 2.879587e-08
481 2.178448e-08
482 1.544391e-08
483 1.046555e-08
484 6.700412e-09
485 4.082542e-09
486 2.503143e-09
487 1.560006e-09
488 1.001468e-09
489 6.549544e-10
490 4.264629e-10
491 2.696440e-10
492 1.623532e-10
493 9.199557e-11
494 4.887694e-11
495 3.037603e-08
496 2.305773e-08
497 1.638283e-08
498 1.112856e-08
499 7.140605e-09
500 4.348180e-09
501 2.662741e-09
502 1.656289e-09
503 1.061444e-09
504 6.939303e-10
505 4.522445e-10
506 2.865540e-10
507 1.730354e-10
508 9.835073e-11
509 5.239801e-11
510 2.596907e-08
511 1.958334e-08
512 1.385502e-08
513 9.359342e-09
514 5.988611e-09
515 3.657834e-09
516 2.247033e-09
517 1.403554e-09
518 9.014647e-10
519 5.888940e-10
520 3.823567e-10
521 2.408928e-10
522 1.445368e-10
523 8.167320e-11
524 4.331563e-11
525 2.888323e-08
526 2.203351e-08
527 1.571390e-08
528 1.068557e-08
529 6.896989e-09
530 4.220540e-09
531 2.583646e-09
532 1.603169e-09
533 1.023619e-09
534 6.664024e-10
535 4.331407e-10
536 2.742867e-10
537 1.659259e-10
538 9.470936e-11
539 5.076550e-11
540 3.126942e-08
541 2.404468e-08
542 1.724274e-08
543 1.177972e-08
544 7.646339e-09
545 4.686360e-09
546 2.862027e-09
547 1.768422e-09
548 1.124172e-09
549 7.302909e-10
550 4.749350e-10
551 3.017586e-10
552 1.835337e-10
553 1.054544e-10
554 5.691750e-11
555 3.335055e-08
556 2.579928e-08
557 1.857881e-08
558 1.273337e-08
559 8.299514e-09
560 5.091970e-09
561 3.104346e-09
562 1.912468e-09
563 1.212195e-09
564 7.860463e-10
565 5.114030e-10
566 3.257280e-10
567 1.988944e-10
568 1.148280e-10
569 6.228416e-11
570 3.535003e-08
571 2.748864e-08
572 1.986239e-08
573 1.365015e-08
574 8.928820e-09
575 5.483448e-09
576 3.338291e-09
577 2.051429e-09
578 1.296789e-09
579 8.396878e-10
580 5.464860e-10
581 3.487826e-10
582 2.136691e-10
583 1.238442e-10
584 6.744735e-11
585 3.763615e-08
586 2.940918e-08
587 2.132572e-08
588 1.469630e-08
589 9.643812e-09
590 5.927522e-09
591 3.603696e-09
592 2.209095e-09
593 1.392905e-09
594 9.006091e-10
595 5.863424e-10
596 3.749840e-10
597 2.304615e-10
598 1.340909e-10
599 7.331360e-11
600 3.271512e-08
601 2.535667e-08
602 1.829614e-08
603 1.254798e-08
604 8.191762e-09
605 5.043640e-09
606 3.072804e-09
607 1.892507e-09
608 1.197744e-09
609 7.751222e-10
610 5.035274e-10
611 3.204875e-10
612 1.957602e-10
613 1.131777e-10
614 6.153579e-11
615 3.595600e-08
616 2.818695e-08
617 2.051647e-08
618 1.415615e-08
619 9.313216e-09
620 5.764642e-09
621 3.500961e-09
622 2.146443e-09
623 1.349453e-09
624 8.693698e-10
625 5.641955e-10
626 3.601922e-10
627 2.214125e-10
628 1.291151e-10
629 7.088757e-11
630 3.879434e-08
631 3.067248e-08
632 2.246841e-08
633 1.557249e-08
634 1.030016e-08
635 6.400555e-09
636 3.878620e-09
637 2.370629e-09
638 1.483705e-09
639 9.524283e-10
640 6.175943e-10
641 3.951167e-10
642 2.439718e-10
643 1.431368e-10
644 7.912249e-11
645 4.151919e-08
646 3.306066e-08
647 2.434533e-08
648 1.693366e-08
649 1.124972e-08
650 7.012767e-09
651 4.241938e-09
652 2.586278e-09
653 1.612494e-09
654 1.032237e-09
655 6.689171e-10
656 4.286781e-10
657 2.656489e-10
658 1.566098e-10
659 8.703579e-11
660 4.463743e-08
661 3.578315e-08
662 2.648158e-08
663 1.848500e-08
664 1.233020e-08
665 7.709073e-09
666 4.655758e-09
667 2.831795e-09
668 1.759272e-09
669 1.123103e-09
670 7.273251e-10
671 4.668802e-10
672 2.903314e-10
673 1.719509e-10
674 9.604574e-11
675 4.010821e-08
676 3.192249e-08
677 2.352293e-08
678 1.636568e-08
679 1.086835e-08
680 6.792750e-09
681 4.112162e-09
682 2.509677e-09
683 1.563783e-09
684 9.998497e-10
685 6.469053e-10
686 4.139171e-10
687 2.562192e-10
688 1.509866e-10
689 8.395390e-11
690 4.384454e-08
691 3.530096e-08
692 2.626975e-08
693 1.839188e-08
694 1.229693e-08
695 7.743150e-09
696 4.680476e-09
697 2.847480e-09
698 1.762612e-09
699 1.120256e-09
700 7.227697e-10
701 4.630370e-10
702 2.880007e-10
703 1.709898e-10
704 9.594093e-11
705 4.743711e-08
706 3.856311e-08
707 2.891572e-08
708 2.035185e-08
709 1.367868e-08
710 8.663560e-09
711 5.231249e-09
712 3.174543e-09
713 1.954941e-09
714 1.236644e-09
715 7.961030e-10
716 5.104685e-10
717 3.186814e-10
718 1.903004e-10
719 1.075234e-10
720 5.154094e-08
721 4.228323e-08
722 3.192805e-08
723 2.258106e-08
724 1.525009e-08
725 9.709944e-09
726 5.857955e-09
727 3.547210e-09
728 2.173738e-09
729 1.369116e-09
730 8.795116e-10
731 5.644271e-10
732 3.535902e-10
733 2.122712e-10
734 1.206998e-10
735 4.859188e-08
736 3.972213e-08
737 2.995641e-08
738 2.117180e-08
739 1.427324e-08
740 9.088125e-09
741 5.498338e-09
742 3.332587e-09
743 2.044743e-09
744 1.288347e-09
745 8.267423e-10
746 5.294930e-10
747 3.308915e-10
748 1.981790e-10
749 1.124867e-10
750 5.325863e-08
751 4.409741e-08
752 3.363737e-08
753 2.395890e-08
754 1.625853e-08
755 1.044371e-08
756 6.330458e-09
757 3.824271e-09
758 2.330687e-09
759 1.458161e-09
760 9.312390e-10
761 5.959709e-10
762 3.736820e-10
763 2.253008e-10
764 1.290286e-10
765 5.859400e-08
766 4.909825e-08
767 3.783242e-08
768 2.714233e-08
769 1.852702e-08
770 1.199260e-08
771 7.282468e-09
772 4.387347e-09
773 2.657774e-09
774 1.652337e-09
775 1.050645e-09
776 6.719082e-10
777 4.225527e-10
778 2.562732e-10
779 1.479193e-10
780 5.928091e-08
781 4.990574e-08
782 3.867978e-08
783 2.788054e-08
784 1.908468e-08
785 1.240629e-08
786 7.573137e-09
787 4.553926e-09
788 2.753941e-09
789 1.705324e-09
790 1.079991e-09
791 6.887749e-10
792 4.328426e-10
793 2.628652e-10
794 1.522121e-10
795 6.630863e-08
796 5.671101e-08
797 4.462523e-08
798 3.253769e-08
799 2.245439e-08
800 1.475008e-08
801 9.071426e-09
802 5.433725e-09
803 3.265571e-09
804 2.002829e-09
805 1.257955e-09
806 7.991558e-10
807 5.028998e-10
808 3.072590e-10
809 1.796265e-10
810 7.597766e-08
811 6.642375e-08
812 5.347977e-08
813 3.975692e-08
814 2.779670e-08
815 1.851944e-08
816 1.158220e-08
817 6.920388e-09
818 4.135051e-09
819 2.498601e-09
820 1.545564e-09
821 9.718128e-10
822 6.098647e-10
823 3.743914e-10
824 2.213071e-10
825 5.073346e-07
826 3.705694e-07
827 2.745859e-07
828 1.709899e-07
829 1.041528e-07
830 6.170103e-08
831 3.767302e-08
832 2.416576e-08
833 1.631176e-08
834 0.000000e+00
835 0.000000e+00
836 0.000000e+00
837 0.000000e+00
838 0.000000e+00
839 0.000000e+00
840 7.604896e-07
841 5.556054e-07
842 4.121371e-07
843 2.594665e-07
844 1.576804e-07
845 9.329688e-08
846 5.686072e-08
847 3.634366e-08
848 2.446696e-08
849 0.000000e+00
850 0.000000e+00
851 0.000000e+00
852 0.000000e+00
853 0.000000e+00
854 0.000000e+00
855 9.028665e-07
856 6.596974e-07
857 4.895059e-07
858 3.093425e-07
859 1.878262e-07
860 1.110931e-07
861 6.766611e-08
862 4.319728e-08
863 2.905476e-08
864 0.000000e+00
865 0.000000e+00
866 0.000000e+00
867 0.000000e+00
868 0.000000e+00
869 0.000000e+00
870 9.986951e-07
871 7.297556e-07
872 5.415805e-07
873 3.429124e-07
874 2.081179e-07
875 1.230712e-07
876 7.493900e-08
877 4.781066e-08
878 3.214253e-08
879 0.000000e+00
880 0.000000e+00
881 0.000000e+00
882 0.000000e+00
883 0.000000e+00
884 0.000000e+00
885 1.070567e-06
886 7.823038e-07
887 5.806340e-07
888 3.680896e-07
889 2.233369e-07
890 1.320552e-07
891 8.039371e-08
892 5.127062e-08
893 3.445861e-08
894 0.000000e+00
895 0.000000e+00
896 0.000000e+00
897 0.000000e+00
898 0.000000e+00
899 0.000000e+00
900 1.128832e-06
901 8.249003e-07
902 6.122962e-07
903 3.884996e-07
904 2.356734e-07
905 1.393383e-07
906 8.481545e-08
907 5.407557e-08
908 3.633608e-08
909 0.000000e+00
910 0.000000e+00
911 0.000000e+00
912 0.000000e+00
913 0.000000e+00
914 0.000000e+00
915 1.179694e-06
916 8.620839e-07
917 6.399336e-07
918 4.063177e-07
919 2.464435e-07
920 1.456954e-07
921 8.867556e-08
922 5.652396e-08
923 3.797498e-08
924 0.000000e+00
925 0.000000e+00
926 0.000000e+00
927 0.000000e+00
928 0.000000e+00
929 0.000000e+00
930 1.228534e-06
931 8.977922e-07
932 6.664743e-07
933 4.234273e-07
934 2.567851e-07
935 1.517999e-07
936 9.238219e-08
937 5.887507e-08
938 3.954869e-08
939 0.000000e+00
940 0.000000e+00
941 0.000000e+00
942 0.000000e+00
943 0.000000e+00
944 0.000000e+00
945 1.284165e-06
946 9.384666e-07
947 6.967042e-07
948 4.429168e-07
949 2.685646e-07
950 1.587538e-07
951 9.660461e-08
952 6.155300e-08
953 4.134141e-08
954 0.000000e+00
955 0.000000e+00
956 0.000000e+00
957 0.000000e+00
958 0.000000e+00
959 0.000000e+00
960 3.383112e-07
961 2.695113e-07
962 1.955131e-07
963 1.466129e-07
964 9.075793e-08
965 5.554397e-08
966 3.228468e-08
967 1.930405e-08
968 1.209578e-08
969 8.007334e-09
970 0.000000e+00
971 0.000000e+00
972 0.000000e+00
973 0.000000e+00
974 0.000000e+00
975 5.193921e-07
976 4.164786e-07
977 3.023981e-07
978 2.265653e-07
979 1.419890e-07
980 8.657573e-08
981 5.028579e-08
982 3.002828e-08
983 1.875065e-08
984 1.237825e-08
985 0.000000e+00
986 0.000000e+00
987 0.000000e+00
988 0.000000e+00
989 0.000000e+00
990 6.439920e-07
991 5.177328e-07
992 3.760618e-07
993 2.816492e-07
994 1.773669e-07
995 1.079815e-07
996 6.270424e-08
997 3.742650e-08
998 2.333891e-08
999 1.539022e-08
1000 0.000000e+00
1001 0.000000e+00
1002 0.000000e+00
1003 0.000000e+00
1004 0.000000e+00
1005 7.374212e-07
1006 5.936507e-07
1007 4.312900e-07
1008 3.229495e-07
1009 2.038921e-07
1010 1.240298e-07
1011 7.201529e-08
1012 4.297362e-08
1013 2.677897e-08
1014 1.764845e-08
1015 0.000000e+00
1016 0.000000e+00
1017 0.000000e+00
1018 0.000000e+00
1019 0.000000e+00
1020 8.131715e-07
1021 6.551986e-07
1022 4.760668e-07
1023 3.564323e-07
1024 2.253983e-07
1025 1.370424e-07
1026 7.956460e-08
1027 4.747068e-08
1028 2.956816e-08
1029 1.947923e-08
1030 0.000000e+00
1031 0.000000e+00
1032 0.000000e+00
1033 0.000000e+00
1034 0.000000e+00
1035 8.792707e-07
1036 7.089111e-07
1037 5.151455e-07
1038 3.856521e-07
1039 2.441652e-07
1040 1.483974e-07
1041 8.615223e-08
1042 5.139548e-08
1043 3.200217e-08
1044 2.107711e-08
1045 0.000000e+00
1046 0.000000e+00
1047 0.000000e+00
1048 0.000000e+00
1049 0.000000e+00
1050 9.427701e-07
1051 7.605112e-07
1052 5.526820e-07
1053 4.137207e-07
1054 2.621922e-07
1055 1.593062e-07
1056 9.248084e-08
1057 5.516546e-08
1058 3.434029e-08
1059 2.261193e-08
1060 0.000000e+00
1061 0.000000e+00
1062 0.000000e+00
1063 0.000000e+00
1064 0.000000e+00
1065 1.015093e-06
1066 8.192831e-07
1067 5.954379e-07
1068 4.456946e-07
1069 2.827261e-07
1070 1.717315e-07
1071 9.968887e-08
1072 5.945992e-08
1073 3.700345e-08
1074 2.436018e-08
1075 0.000000e+00
1076 0.000000e+00
1077 0.000000e+00
1078 0.000000e+00
1079 0.000000e+00
1080 1.989285e-07
1081 1.809594e-07
1082 1.394452e-07
1083 1.008376e-07
1084 7.556655e-08
1085 4.369625e-08
1086 2.678397e-08
1087 1.544117e-08
1088 9.129082e-09
1089 5.678898e-09
1090 0.000000e+00
1091 0.000000e+00
1092 0.000000e+00
1093 0.000000e+00
1094 0.000000e+00
1095 3.294496e-07
1096 3.009448e-07
1097 2.328035e-07
1098 1.682476e-07
1099 1.262601e-07
1100 7.339201e-08
1101 4.509951e-08
1102 2.594145e-08
1103 1.528576e-08
1104 9.488119e-09
1105 0.000000e+00
1106 0.000000e+00
1107 0.000000e+00
1108 0.000000e+00
1109 0.000000e+00
1110 4.297526e-07
1111 3.932289e-07
1112 3.046632e-07
1113 2.201308e-07
1114 1.652825e-07
1115 9.628091e-08
1116 5.921991e-08
1117 3.403424e-08
1118 2.002762e-08
1119 1.242071e-08
1120 0.000000e+00
1121 0.000000e+00
1122 0.000000e+00
1123 0.000000e+00
1124 0.000000e+00
1125 5.110209e-07
1126 4.679930e-07
1127 3.628815e-07
1128 2.621656e-07
1129 1.968964e-07
1130 1.148242e-07
1131 7.065964e-08
1132 4.059066e-08
1133 2.386918e-08
1134 1.479662e-08
1135 0.000000e+00
1136 0.000000e+00
1137 0.000000e+00
1138 0.000000e+00
1139 0.000000e+00
1140 5.819432e-07
1141 5.332463e-07
1142 4.136913e-07
1143 2.988521e-07
1144 2.244886e-07
1145 1.310081e-07
1146 8.064402e-08
1147 4.631292e-08
1148 2.722201e-08
1149 1.687015e-08
1150 0.000000e+00
1151 0.000000e+00
1152 0.000000e+00
1153 0.000000e+00
1154 0.000000e+00
1155 6.500658e-07
1156 5.959200e-07
1157 4.624948e-07
1158 3.340883e-07
1159 2.509906e-07
1160 1.465529e-07
1161 9.023371e-08
1162 5.180907e-08
1163 3.044235e-08
1164 1.886174e-08
1165 0.000000e+00
1166 0.000000e+00
1167 0.000000e+00
1168 0.000000e+00
1169 0.000000e+00
1170 7.276593e-07
1171 6.673060e-07
1172 5.180812e-07
1173 3.742232e-07
1174 2.811755e-07
1175 1.642585e-07
1176 1.011564e-07
1177 5.806903e-08
1178 3.411045e-08
1179 2.113029e-08
1180 0.000000e+00
1181 0.000000e+00
1182 0.000000e+00
1183 0.000000e+00
1184 0.000000e+00
1185 1.319717e-07
1186 1.302840e-07
1187 1.095792e-07
1188 8.005437e-08
1189 5.946637e-08
1190 4.043182e-08
1191 2.385308e-08
1192 1.359156e-08
1193 7.857680e-09
1194 4.642901e-09
1195 2.908013e-09
1196 0.000000e+00
1197 0.000000e+00
1198 0.000000e+00
1199 0.000000e+00
1200 2.301352e-07
1201 2.278078e-07
1202 1.922872e-07
1203 1.407093e-07
1204 1.043597e-07
1205 7.143122e-08
1206 4.194298e-08
1207 2.393075e-08
1208 1.385310e-08
1209 8.171392e-09
1210 5.107993e-09
1211 0.000000e+00
1212 0.000000e+00
1213 0.000000e+00
1214 0.000000e+00
1215 3.114752e-07
1216 3.086581e-07
1217 2.608995e-07
1218 1.910450e-07
1219 1.416044e-07
1220 9.717634e-08
1221 5.695561e-08
1222 3.251384e-08
1223 1.883054e-08
1224 1.110011e-08
1225 6.933475e-09
1226 0.000000e+00
1227 0.000000e+00
1228 0.000000e+00
1229 0.000000e+00
1230 3.823849e-07
1231 3.791395e-07
1232 3.207083e-07
1233 2.349215e-07
1234 1.740698e-07
1235 1.196198e-07
1236 7.004200e-08
1237 3.999593e-08
1238 2.316949e-08
1239 1.365319e-08
1240 8.524726e-09
1241 0.000000e+00
1242 0.000000e+00
1243 0.000000e+00
1244 0.000000e+00
1245 4.504993e-07
1246 4.468371e-07
1247 3.781594e-07
1248 2.770675e-07
1249 2.052560e-07
1250 1.411776e-07
1251 8.261258e-08
1252 4.718301e-08
1253 2.733740e-08
1254 1.610560e-08
1255 1.005326e-08
1256 0.000000e+00
1257 0.000000e+00
1258 0.000000e+00
1259 0.000000e+00
1260 5.280802e-07
1261 5.239496e-07
1262 4.435985e-07
1263 3.250760e-07
1264 2.407781e-07
1265 1.657317e-07
1266 9.693108e-08
1267 5.536891e-08
1268 3.208457e-08
1269 1.889891e-08
1270 1.179432e-08
1271 0.000000e+00
1272 0.000000e+00
1273 0.000000e+00
1274 0.000000e+00
1275 9.467749e-08
1276 9.859033e-08
1277 8.923074e-08
1278 6.827312e-08
1279 4.934960e-08
1280 3.696798e-08
1281 2.089112e-08
1282 1.261839e-08
1283 7.129162e-09
1284 4.117192e-09
1285 2.464637e-09
1286 0.000000e+00
1287 0.000000e+00
1288 0.000000e+00
1289 0.000000e+00
1290 1.725938e-07
1291 1.800865e-07
1292 1.634755e-07
1293 1.254073e-07
1294 9.059206e-08
1295 6.796466e-08
1296 3.851249e-08
1297 2.333475e-08
1298 1.315533e-08
1299 7.579929e-09
1300 4.528952e-09
1301 0.000000e+00
1302 0.000000e+00
1303 0.000000e+00
1304 0.000000e+00
1305 2.416765e-07
1306 2.523660e-07
1307 2.293510e-07
1308 1.761208e-07
1309 1.271979e-07
1310 9.548103e-08
1311 5.416422e-08
1312 3.285709e-08
1313 1.850871e-08
1314 1.065468e-08
1315 6.361453e-09
1316 0.000000e+00
1317 0.000000e+00
1318 0.000000e+00
1319 0.000000e+00
1320 3.079566e-07
1321 3.217100e-07
1322 2.925510e-07
1323 2.247754e-07
1324 1.623176e-07
1325 1.218798e-07
1326 6.917937e-08
1327 4.199201e-08
1328 2.364429e-08
1329 1.360437e-08
1330 8.119522e-09
1331 0.000000e+00
1332 0.000000e+00
1333 0.000000e+00
1334 0.000000e+00
1335 3.834522e-07
1336 4.006959e-07
1337 3.645394e-07
1338 2.801926e-07
1339 2.023179e-07
1340 1.519476e-07
1341 8.628178e-08
1342 5.239707e-08
1343 2.949382e-08
1344 1.696418e-08
1345 1.012197e-08
1346 0.000000e+00
1347 0.000000e+00
1348 0.000000e+00
1349 0.000000e+00
1350 7.221490e-08
1351 7.817016e-08
1352 7.496627e-08
1353 6.075720e-08
1354 4.383347e-08
1355 3.304343e-08
1356 2.064611e-08
1357 1.265705e-08
1358 7.026863e-09
1359 3.869477e-09
1360 2.236230e-09
1361 1.359846e-09
1362 0.000000e+00
1363 0.000000e+00
1364 0.000000e+00
1365 1.376795e-07
1366 1.492702e-07
1367 1.434994e-07
1368 1.166338e-07
1369 8.419857e-08
1370 6.341328e-08
1371 3.988175e-08
1372 2.438039e-08
1373 1.353805e-08
1374 7.458436e-09
1375 4.300839e-09
1376 2.609803e-09
1377 0.000000e+00
1378 0.000000e+00
1379 0.000000e+00
1380 2.010986e-07
1381 2.181601e-07
1382 2.099198e-07
1383 1.708033e-07
1384 1.233344e-07
1385 9.285456e-08
1386 5.854230e-08
1387 3.574928e-08
1388 1.985252e-08
1389 1.093955e-08
1390 6.302832e-09
1391 3.821579e-09
1392 0.000000e+00
1393 0.000000e+00
1394 0.000000e+00
1395 2.732815e-07
1396 2.965690e-07
1397 2.855157e-07
1398 2.324554e-07
1399 1.678755e-07
1400 1.263625e-07
1401 7.978021e-08
1402 4.868835e-08
1403 2.703908e-08
1404 1.490135e-08
1405 8.581339e-09
1406 5.200736e-09
1407 0.000000e+00
1408 0.000000e+00
1409 0.000000e+00
1410 5.853159e-08
1411 6.532616e-08
1412 6.562835e-08
1413 5.637458e-08
1414 4.155423e-08
1415 3.060585e-08
1416 2.156245e-08
1417 1.230215e-08
1418 6.926106e-09
1419 3.919093e-09
1420 2.179959e-09
1421 1.271347e-09
1422 0.000000e+00
1423 0.000000e+00
1424 0.000000e+00
1425 1.180007e-07
1426 1.318824e-07
1427 1.327743e-07
1428 1.143872e-07
1429 8.445873e-08
1430 6.212813e-08
1431 4.397798e-08
1432 2.500891e-08
1433 1.411014e-08
1434 7.983084e-09
1435 4.438107e-09
1436 2.583208e-09
1437 0.000000e+00
1438 0.000000e+00
1439 0.000000e+00
1440 1.858333e-07
1441 2.078052e-07
1442 2.093785e-07
1443 1.805802e-07
1444 1.334178e-07
1445 9.809631e-08
1446 6.956085e-08
1447 3.950920e-08
1448 2.230939e-08
1449 1.262107e-08
1450 7.015214e-09
1451 4.080168e-09
1452 0.000000e+00
1453 0.000000e+00
1454 0.000000e+00
1455 5.153949e-08
1456 5.906403e-08
1457 6.173933e-08
1458 5.609952e-08
1459 4.302422e-08
1460 3.107433e-08
1461 2.334043e-08
1462 1.308634e-08
1463 7.828077e-09
1464 4.288702e-09
1465 2.364131e-09
1466 1.319995e-09
1467 0.000000e+00
1468 0.000000e+00
1469 0.000000e+00
1470 1.138376e-07
1471 1.306245e-07
1472 1.368007e-07
1473 1.246559e-07
1474 9.584459e-08
1475 6.918540e-08
1476 5.203695e-08
1477 2.926186e-08
1478 1.756351e-08
1479 9.604568e-09
1480 5.282242e-09
1481 2.943399e-09
1482 0.000000e+00
1483 0.000000e+00
1484 0.000000e+00
1485 5.315037e-08
1486 6.245370e-08
1487 6.771591e-08
1488 6.500866e-08
1489 5.270920e-08
1490 3.803268e-08
1491 2.869182e-08
1492 1.783916e-08
1493 1.085665e-08
1494 5.891457e-09
1495 3.103079e-09
1496 1.674221e-09
1497 9.323705e-10
1498 0.000000e+00
1499 0.000000e+00
1500 1.109684e-04
1501 8.086786e-05
1502 6.035546e-05
1503 3.805236e-05
1504 2.321989e-05
1505 1.369104e-05
1506 8.324421e-06
1507 5.304277e-06
1508 3.565556e-06
1509 0.000000e+00
1510 0.000000e+00
1511 0.000000e+00
1512 0.000000e+00
1513 0.000000e+00
1514 0.000000e+00
1515 5.757601e-05
1516 4.644359e-05
1517 3.369791e-05
1518 2.528332e-05
1519 1.597668e-05
1520 9.754545e-06
1521 5.648866e-06
1522 3.364481e-06
1523 2.093966e-06
1524 1.379138e-06
1525 0.000000e+00
1526 0.000000e+00
1527 0.000000e+00
1528 0.000000e+00
1529 0.000000e+00
1530 4.047788e-05
1531 3.713775e-05
1532 2.882267e-05
1533 2.080348e-05
1534 1.566222e-05
1535 9.111532e-06
1536 5.625604e-06
1537 3.225263e-06
1538 1.896511e-06
1539 1.174730e-06
1540 0.000000e+00
1541 0.000000e+00
1542 0.000000e+00
1543 0.000000e+00
1544 0.000000e+00
1545 2.912801e-05
1546 2.891312e-05
1547 2.448503e-05
1548 1.793535e-05
1549 1.328396e-05
1550 9.154542e-06
1551 5.351144e-06
1552 3.053081e-06
1553 1.771954e-06
1554 1.042590e-06
1555 6.506122e-07
1556 0.000000e+00
1557 0.000000e+00
1558 0.000000e+00
1559 0.000000e+00
1560 2.085098e-05
1561 2.179680e-05
1562 1.983793e-05
1563 1.524768e-05
1564 1.100576e-05
1565 8.274949e-06
1566 4.689296e-06
1567 2.850415e-06
1568 1.602925e-06
1569 9.233707e-07
1570 5.506294e-07
1571 0.000000e+00
1572 0.000000e+00
1573 0.000000e+00
1574 0.000000e+00
1575 1.487210e-05
1576 1.614453e-05
1577 1.554949e-05
1578 1.266314e-05
1579 9.143013e-06
1580 6.883420e-06
1581 4.347301e-06
1582 2.655947e-06
1583 1.474901e-06
1584 8.112783e-07
1585 4.673052e-07
1586 2.832009e-07
1587 0.000000e+00
1588 0.000000e+00
1589 0.000000e+00
1590 1.001028e-05
1591 1.119728e-05
1592 1.128693e-05
1593 9.739022e-06
1594 7.195644e-06
1595 5.289411e-06
1596 3.755371e-06
1597 2.130464e-06
1598 1.202339e-06
1599 6.811759e-07
1600 3.783133e-07
1601 2.200058e-07
1602 0.000000e+00
1603 0.000000e+00
1604 0.000000e+00
1605 6.201116e-06
1606 7.118100e-06
1607 7.458527e-06
1608 6.801106e-06
1609 5.231433e-06
1610 3.775220e-06
1611 2.841823e-06
1612 1.597077e-06
1613 9.596537e-07
1614 5.242846e-07
1615 2.885232e-07
1616 1.606418e-07
1617 0.000000e+00
1618 0.000000e+00
1619 0.000000e+00
1620 3.163407e-06
1621 3.720115e-06
1622 4.038202e-06
1623 3.883392e-06
1624 3.154630e-06
1625 2.276770e-06
1626 1.716871e-06
1627 1.071974e-06
1628 6.518364e-07
1629 3.538249e-07
1630 1.861971e-07
1631 1.003484e-07
1632 5.578990e-08
1633 0.000000e+00
1634 0.000000e+00
1635 8.891198e-07
1636 1.072208e-06
1637 1.206146e-06
1638 1.224576e-06
1639 1.066696e-06
1640 7.933436e-07
1641 5.815894e-07
1642 4.169104e-07
1643 2.343421e-07
1644 1.314261e-07
1645 7.164692e-08
1646 3.730540e-08
1647 1.958823e-08
1648 0.000000e+00
1649 0.000000e+00
