0 2.229870e-09
1 1.449272e-09
2 9.115587e-10
3 5.741956e-10
4 3.690838e-10
5 2.428536e-10
6 1.614935e-10
7 1.060582e-10
8 6.720284e-11
9 4.036452e-11
10 2.275557e-11
11 1.202390e-11
12 5.995093e-12
13 2.852628e-12
14 1.311615e-12
15 3.778617e-09
16 2.513384e-09
17 1.597832e-09
18 9.960877e-10
19 6.298601e-10
20 4.078817e-10
21 2.698219e-10
22 1.789143e-10
23 1.160000e-10
24 7.195581e-11
25 4.205520e-11
26 2.301652e-11
27 1.182471e-11
28 5.756147e-12
29 2.687943e-12
30 4.332163e-09
31 2.901481e-09
32 1.854892e-09
33 1.155235e-09
34 7.274687e-10
35 4.685750e-10
36 3.089389e-10
37 2.050212e-10
38 1.335636e-10
39 8.351065e-11
40 4.930481e-11
41 2.727487e-11
42 1.414831e-11
43 6.941271e-12
44 3.259253e-12
45 4.637776e-09
46 3.115893e-09
47 1.997015e-09
48 1.243311e-09
49 7.814708e-10
50 5.021458e-10
51 3.306174e-10
52 2.194056e-10
53 1.432547e-10
54 8.988804e-11
55 5.330301e-11
56 2.961996e-11
57 1.543173e-11
58 7.596782e-12
59 3.575817e-12
60 4.842679e-09
61 3.259782e-09
62 2.092244e-09
63 1.302368e-09
64 8.176701e-10
65 5.247172e-10
66 3.451657e-10
67 2.291018e-10
68 1.497496e-10
69 9.417461e-11
70 5.600211e-11
71 3.120806e-11
72 1.629576e-11
73 8.036998e-12
74 3.789082e-12
75 4.996458e-09
76 3.367484e-09
77 2.163840e-09
78 1.346624e-09
79 8.448605e-10
80 5.416534e-10
81 3.560595e-10
82 2.363553e-10
83 1.546625e-10
84 9.740709e-11
85 5.801365e-11
86 3.238919e-11
87 1.694368e-11
88 8.367989e-12
89 3.948460e-12
90 5.121191e-09
91 3.455127e-09
92 2.221787e-09
93 1.382809e-09
94 8.669900e-10
95 5.553549e-10
96 3.649288e-10
97 2.422623e-10
98 1.586461e-10
99 1.000216e-10
100 5.966312e-11
101 3.335572e-11
102 1.747092e-11
103 8.637154e-12
104 4.078294e-12
105 5.230870e-09
106 3.531670e-09
107 2.272928e-09
108 1.414462e-09
109 8.863361e-10
110 5.674054e-10
111 3.726726e-10
112 2.474261e-10
113 1.620498e-10
114 1.022675e-10
115 6.106698e-11
116 3.419413e-11
117 1.793282e-11
118 8.872816e-12
119 4.188841e-12
120 5.314059e-09
121 3.590939e-09
122 2.312445e-09
123 1.438784e-09
124 9.011915e-10
125 5.765543e-10
126 3.785088e-10
127 2.513450e-10
128 1.647583e-10
129 1.040674e-10
130 6.221917e-11
131 3.486273e-11
132 1.829771e-11
133 9.060592e-12
134 4.283156e-12
135 5.453481e-09
136 3.687822e-09
137 2.377032e-09
138 1.478918e-09
139 9.258184e-10
140 5.919897e-10
141 3.884953e-10
142 2.579159e-10
143 1.692050e-10
144 1.069965e-10
145 6.403529e-11
146 3.592334e-11
147 1.887500e-11
148 9.352306e-12
149 4.423631e-12
150 7.899791e-09
151 5.439277e-09
152 3.572915e-09
153 2.232122e-09
154 1.384136e-09
155 8.726197e-10
156 5.658673e-10
157 3.744544e-10
158 2.475678e-10
159 1.593805e-10
160 9.775497e-11
161 5.634441e-11
162 3.037347e-11
163 1.537605e-11
164 7.388146e-12
165 9.987569e-09
166 6.964459e-09
167 4.641034e-09
168 2.929926e-09
169 1.807693e-09
170 1.130286e-09
171 7.250079e-10
172 4.766342e-10
173 3.155730e-10
174 2.050422e-10
175 1.277317e-10
176 7.505495e-11
177 4.127783e-11
178 2.127712e-11
179 1.036935e-11
180 1.120646e-08
181 7.860082e-09
182 5.269336e-09
183 3.344284e-09
184 2.060299e-09
185 1.284097e-09
186 8.194073e-10
187 5.369585e-10
188 3.555284e-10
189 2.318623e-10
190 1.453775e-10
191 8.611516e-11
192 4.777224e-11
193 2.482269e-11
194 1.217613e-11
195 1.202839e-08
196 8.465229e-09
197 5.694344e-09
198 3.624586e-09
199 2.231513e-09
200 1.388097e-09
201 8.832037e-10
202 5.778119e-10
203 3.825547e-10
204 2.499908e-10
205 1.573042e-10
206 9.360478e-11
207 5.217482e-11
208 2.722727e-11
209 1.340161e-11
210 1.264414e-08
211 8.918410e-09
212 6.013045e-09
213 3.834064e-09
214 2.359765e-09
215 1.466068e-09
216 9.311028e-10
217 6.083402e-10
218 4.027598e-10
219 2.635376e-10
220 1.662096e-10
221 9.920507e-11
222 5.546465e-11
223 2.902066e-11
224 1.431893e-11
225 1.314476e-08
226 9.286030e-09
227 6.270701e-09
228 4.004802e-09
229 2.463555e-09
230 1.529248e-09
231 9.698291e-10
232 6.331167e-10
233 4.191599e-10
234 2.745374e-10
235 1.734528e-10
236 1.037326e-10
237 5.812282e-11
238 3.047695e-11
239 1.506006e-11
240 1.357875e-08
241 9.605455e-09
242 6.495650e-09
243 4.153270e-09
244 2.554453e-09
245 1.584497e-09
246 1.003611e-09
247 6.546228e-10
248 4.334849e-10
249 2.841366e-10
250 1.797677e-10
251 1.076936e-10
252 6.045616e-11
253 3.175074e-11
254 1.570463e-11
255 1.393896e-08
256 9.871653e-09
257 6.683979e-09
258 4.278314e-09
259 2.630286e-09
260 1.630429e-09
261 1.031767e-09
262 6.725264e-10
263 4.453544e-10
264 2.921205e-10
265 1.850493e-10
266 1.110344e-10
267 6.242713e-11
268 3.282900e-11
269 1.626030e-11
270 1.447470e-08
271 1.026435e-08
272 6.958609e-09
273 4.458570e-09
274 2.740267e-09
275 1.697892e-09
276 1.073443e-09
277 6.991598e-10
278 4.628773e-10
279 3.038583e-10
280 1.927598e-10
281 1.158537e-10
282 6.524033e-11
283 3.436278e-11
284 1.703996e-11
285 1.364915e-08
286 9.711874e-09
287 6.596615e-09
288 4.256917e-09
289 2.623875e-09
290 1.624988e-09
291 1.024501e-09
292 6.645433e-10
293 4.383644e-10
294 2.873019e-10
295 1.824215e-10
296 1.100374e-10
297 6.232992e-11
298 3.305620e-11
299 1.649869e-11
300 1.606256e-08
301 1.156056e-08
302 7.924212e-09
303 5.172183e-09
304 3.200461e-09
305 1.972310e-09
306 1.233752e-09
307 7.940536e-10
308 5.218369e-10
309 3.427809e-10
310 2.193610e-10
311 1.339137e-10
312 7.694629e-11
313 4.140764e-11
314 2.093604e-11
315 1.772711e-08
316 1.284411e-08
317 8.848567e-09
318 5.811902e-09
319 3.606523e-09
320 2.216245e-09
321 1.381041e-09
322 8.849352e-10
323 5.801774e-10
324 3.814299e-10
325 2.450750e-10
326 1.505618e-10
327 8.717175e-11
328 4.727557e-11
329 2.406919e-11
330 1.897968e-08
331 1.380983e-08
332 9.541968e-09
333 6.290460e-09
334 3.911386e-09
335 2.399643e-09
336 1.491612e-09
337 9.532018e-10
338 6.240979e-10
339 4.104801e-10
340 2.643802e-10
341 1.630589e-10
342 9.485073e-11
343 5.168524e-11
344 2.642501e-11
345 1.999474e-08
346 1.459224e-08
347 1.010674e-08
348 6.681393e-09
349 4.158734e-09
350 2.548494e-09
351 1.581262e-09
352 1.008541e-09
353 6.595453e-10
354 4.339756e-10
355 2.800395e-10
356 1.731961e-10
357 1.010756e-10
358 5.526059e-11
359 2.833530e-11
360 2.088034e-08
361 1.527573e-08
362 1.059931e-08
363 7.020557e-09
364 4.374247e-09
365 2.678414e-09
366 1.659455e-09
367 1.056791e-09
368 6.905243e-10
369 4.545188e-10
370 2.936920e-10
371 1.820344e-10
372 1.065051e-10
373 5.837554e-11
374 2.999907e-11
375 2.163320e-08
376 1.585934e-08
377 1.102071e-08
378 7.313823e-09
379 4.560245e-09
380 2.790311e-09
381 1.726784e-09
382 1.098165e-09
383 7.170543e-10
384 4.721102e-10
385 3.054406e-10
386 1.896678e-10
387 1.112131e-10
388 6.108844e-11
389 3.145254e-11
390 2.269764e-08
391 1.667775e-08
392 1.160796e-08
393 7.718625e-09
394 4.817257e-09
395 2.945602e-09
396 1.820554e-09
397 1.156169e-09
398 7.542190e-10
399 4.967583e-10
400 3.218016e-10
401 2.002310e-10
402 1.176825e-10
403 6.478621e-11
404 3.342407e-11
405 1.967358e-08
406 1.441909e-08
407 1.000743e-08
408 6.634518e-09
409 4.152997e-09
410 2.543454e-09
411 1.577270e-09
412 1.002781e-09
413 6.536331e-10
414 4.292609e-10
415 2.769427e-10
416 1.715946e-10
417 1.005112e-10
418 5.523013e-11
419 2.847861e-11
420 2.233967e-08
421 1.656578e-08
422 1.158819e-08
423 7.747184e-09
424 4.891439e-09
425 2.987799e-09
426 1.844752e-09
427 1.164050e-09
428 7.544182e-10
429 4.947900e-10
430 3.204019e-10
431 2.000967e-10
432 1.184712e-10
433 6.588658e-11
434 3.437385e-11
435 2.436195e-08
436 1.820397e-08
437 1.279495e-08
438 8.600000e-09
439 5.458148e-09
440 3.329905e-09
441 2.051027e-09
442 1.288053e-09
443 8.319205e-10
444 5.450225e-10
445 3.536735e-10
446 2.219148e-10
447 1.322361e-10
448 7.407426e-11
449 3.891747e-11
450 2.601402e-08
451 1.953436e-08
452 1.377897e-08
453 9.293918e-09
454 5.918773e-09
455 3.608845e-09
456 2.218430e-09
457 1.389010e-09
458 8.946681e-10
459 5.858167e-10
460 3.806908e-10
461 2.396310e-10
462 1.434135e-10
463 8.072205e-11
464 4.260759e-11
465 2.744954e-08
466 2.069693e-08
467 1.463712e-08
468 9.897177e-09
469 6.320734e-09
470 3.852140e-09
471 2.364359e-09
472 1.476940e-09
473 9.496329e-10
474 6.214297e-10
475 4.042669e-10
476 2.550913e-10
477 1.531686e-10
478 8.652612e-11
479 4.582932e-11
480 2.869504e-08
481 2.170672e-08
482 1.538794e-08
483 1.042763e-08
484 6.675297e-09
485 4.065939e-09
486 2.493007e-09
487 1.553929e-09
488 9.975904e-10
489 6.525325e-10
490 4.249193e-10
491 2.686705e-10
492 1.617639e-10
493 9.165109e-11
494 4.868168e-11
495 3.039766e-08
496 2.307638e-08
497 1.639612e-08
498 1.113775e-08
499 7.146083e-09
500 4.350713e-09
501 2.664450e-09
502 1.657447e-09
503 1.062225e-09
504 6.944795e-10
505 4.526593e-10
506 2.868038e-10
507 1.731858e-10
508 9.843200e-11
509 5.243714e-11
510 2.601994e-08
511 1.962526e-08
512 1.388667e-08
513 9.381232e-09
514 6.003469e-09
515 3.667264e-09
516 2.252781e-09
517 1.406824e-09
518 9.035268e-10
519 5.901999e-10
520 3.832321e-10
521 2.414684e-10
522 1.449005e-10
523 8.189283e-11
524 4.343997e-11
525 2.894067e-08
526 2.208259e-08
527 1.575127e-08
528 1.071271e-08
529 6.915360e-09
530 4.231796e-09
531 2.590749e-09
532 1.607305e-09
533 1.026100e-09
534 6.679892e-10
535 4.341789e-10
536 2.749715e-10
537 1.663671e-10
538 9.498010e-11
539 5.092104e-11
540 3.133297e-08
541 2.409928e-08
542 1.728451e-08
543 1.181049e-08
544 7.666786e-09
545 4.699580e-09
546 2.869664e-09
547 1.773146e-09
548 1.127007e-09
549 7.320661e-10
550 4.760873e-10
551 3.025153e-10
552 1.840208e-10
553 1.057542e-10
554 5.709107e-11
555 3.341833e-08
556 2.585848e-08
557 1.862435e-08
558 1.276674e-08
559 8.322683e-09
560 5.106778e-09
561 3.113303e-09
562 1.917978e-09
563 1.215309e-09
564 7.879851e-10
565 5.126492e-10
566 3.265437e-10
567 1.994217e-10
568 1.151539e-10
569 6.247445e-11
570 3.525790e-08
571 2.741995e-08
572 1.981770e-08
573 1.362180e-08
574 8.911076e-09
575 5.472655e-09
576 3.331705e-09
577 2.047353e-09
578 1.294024e-09
579 8.378031e-10
580 5.452454e-10
581 3.480032e-10
582 2.132133e-10
583 1.235979e-10
584 6.732470e-11
585 3.771397e-08
586 2.947813e-08
587 2.138032e-08
588 1.473610e-08
589 9.671703e-09
590 5.945543e-09
591 3.614565e-09
592 2.215511e-09
593 1.396714e-09
594 9.029506e-10
595 5.878412e-10
596 3.759616e-10
597 2.310958e-10
598 1.344864e-10
599 7.354723e-11
600 3.278975e-08
601 2.542029e-08
602 1.834624e-08
603 1.258471e-08
604 8.217008e-09
605 5.059835e-09
606 3.082798e-09
607 1.898435e-09
608 1.201098e-09
609 7.772826e-10
610 5.049165e-10
611 3.213990e-10
612 1.963506e-10
613 1.135456e-10
614 6.175221e-11
615 3.603738e-08
616 2.826032e-08
617 2.057318e-08
618 1.420028e-08
619 9.342857e-09
620 5.784561e-09
621 3.512753e-09
622 2.153558e-09
623 1.353663e-09
624 8.719182e-10
625 5.658147e-10
626 3.612453e-10
627 2.220931e-10
628 1.295412e-10
629 7.114096e-11
630 3.888724e-08
631 3.075756e-08
632 2.253732e-08
633 1.562350e-08
634 1.033651e-08
635 6.425032e-09
636 3.893386e-09
637 2.379369e-09
638 1.488765e-09
639 9.554668e-10
640 6.195050e-10
641 3.963487e-10
642 2.447695e-10
643 1.436394e-10
644 7.942519e-11
645 4.142590e-08
646 3.299549e-08
647 2.430394e-08
648 1.690942e-08
649 1.123529e-08
650 7.005532e-09
651 4.237746e-09
652 2.583746e-09
653 1.610517e-09
654 1.030697e-09
655 6.678330e-10
656 4.279769e-10
657 2.652427e-10
658 1.564012e-10
659 8.694308e-11
660 4.475237e-08
661 3.589128e-08
662 2.657509e-08
663 1.855370e-08
664 1.237912e-08
665 7.742609e-09
666 4.676088e-09
667 2.843876e-09
668 1.766269e-09
669 1.127258e-09
670 7.298857e-10
671 4.685157e-10
672 2.913876e-10
673 1.726221e-10
674 9.645588e-11
675 4.020161e-08
676 3.200858e-08
677 2.359306e-08
678 1.641880e-08
679 1.090518e-08
680 6.817657e-09
681 4.127120e-09
682 2.518689e-09
683 1.569033e-09
684 1.002992e-09
685 6.488739e-10
686 4.151821e-10
687 2.570339e-10
688 1.515010e-10
689 8.426452e-11
690 4.395211e-08
691 3.540147e-08
692 2.635316e-08
693 1.845554e-08
694 1.234214e-08
695 7.773887e-09
696 4.699378e-09
697 2.858835e-09
698 1.769051e-09
699 1.124051e-09
700 7.251368e-10
701 4.645438e-10
702 2.889716e-10
703 1.716042e-10
704 9.631536e-11
705 4.732774e-08
706 3.848733e-08
707 2.886910e-08
708 2.032434e-08
709 1.366259e-08
710 8.655405e-09
711 5.227436e-09
712 3.172045e-09
713 1.952916e-09
714 1.235029e-09
715 7.949427e-10
716 5.096839e-10
717 3.182085e-10
718 1.900495e-10
719 1.074090e-10
720 5.168304e-08
721 4.242110e-08
722 3.204856e-08
723 2.267561e-08
724 1.531781e-08
725 9.757240e-09
726 5.888086e-09
727 3.564826e-09
728 2.183914e-09
729 1.375055e-09
730 8.830687e-10
731 5.666415e-10
732 3.550020e-10
733 2.131697e-10
734 1.212564e-10
735 4.870506e-08
736 3.983375e-08
737 3.005072e-08
738 2.124450e-08
739 1.432498e-08
740 9.123805e-09
741 5.520839e-09
742 3.345799e-09
743 2.052282e-09
744 1.292748e-09
745 8.294633e-10
746 5.312092e-10
747 3.319918e-10
748 1.988757e-10
749 1.129138e-10
750 5.312470e-08
751 4.399912e-08
752 3.357263e-08
753 2.391860e-08
754 1.623365e-08
755 1.042970e-08
756 6.323289e-09
757 3.819701e-09
758 2.327599e-09
759 1.455869e-09
760 9.296465e-10
761 5.948895e-10
762 3.730072e-10
763 2.249178e-10
764 1.288330e-10
765 5.875522e-08
766 4.925801e-08
767 3.797583e-08
768 2.725538e-08
769 1.861091e-08
770 1.205191e-08
771 7.321267e-09
772 4.409942e-09
773 2.670960e-09
774 1.659916e-09
775 1.055108e-09
776 6.746228e-10
777 4.242554e-10
778 2.573495e-10
779 1.485895e-10
780 5.880682e-08
781 4.950733e-08
782 3.837174e-08
783 2.765934e-08
784 1.893340e-08
785 1.230762e-08
786 7.513340e-09
787 4.518155e-09
788 2.732360e-09
789 1.691939e-09
790 1.071464e-09
791 6.833106e-10
792 4.293972e-10
793 2.607677e-10
794 1.509953e-10
795 6.611883e-08
796 5.656545e-08
797 4.451559e-08
798 3.246444e-08
799 2.240713e-08
800 1.472096e-08
801 9.055393e-09
802 5.424114e-09
803 3.259700e-09
804 1.998893e-09
805 1.255262e-09
806 7.973449e-10
807 5.017327e-10
808 3.065525e-10
809 1.792294e-10
810 7.617014e-08
811 6.661935e-08
812 5.366101e-08
813 3.990760e-08
814 2.790997e-08
815 1.859976e-08
816 1.163644e-08
817 6.953213e-09
818 4.154204e-09
819 2.509470e-09
820 1.551807e-09
821 9.754935e-10
822 6.121060e-10
823 3.757808e-10
824 2.221651e-10
825 5.054488e-07
826 3.691842e-07
827 2.735569e-07
828 1.702873e-07
829 1.037359e-07
830 6.145522e-08
831 3.752476e-08
832 2.407335e-08
833 1.625064e-08
834 0.000000e+00
835 0.000000e+00
836 0.000000e+00
837 0.000000e+00
838 0.000000e+00
839 0.000000e+00
840 7.609688e-07
841 5.559557e-07
842 4.123975e-07
843 2.596343e-07
844 1.577819e-07
845 9.335676e-08
846 5.689708e-08
847 3.636672e-08
848 2.448240e-08
849 0.000000e+00
850 0.000000e+00
851 0.000000e+00
852 0.000000e+00
853 0.000000e+00
854 0.000000e+00
855 9.034708e-07
856 6.601393e-07
857 4.898344e-07
858 3.095543e-07
859 1.879543e-07
860 1.111685e-07
861 6.771198e-08
862 4.322638e-08
863 2.907417e-08
864 0.000000e+00
865 0.000000e+00
866 0.000000e+00
867 0.000000e+00
868 0.000000e+00
869 0.000000e+00
870 9.993278e-07
871 7.302182e-07
872 5.419243e-07
873 3.431341e-07
874 2.082519e-07
875 1.231503e-07
876 7.498702e-08
877 4.784112e-08
878 3.216291e-08
879 0.000000e+00
880 0.000000e+00
881 0.000000e+00
882 0.000000e+00
883 0.000000e+00
884 0.000000e+00
885 1.071193e-06
886 7.827614e-07
887 5.809742e-07
888 3.683088e-07
889 2.234694e-07
890 1.321335e-07
891 8.044121e-08
892 5.130076e-08
893 3.447879e-08
894 0.000000e+00
895 0.000000e+00
896 0.000000e+00
897 0.000000e+00
898 0.000000e+00
899 0.000000e+00
900 1.129439e-06
901 8.253442e-07
902 6.126261e-07
903 3.887123e-07
904 2.358020e-07
905 1.394142e-07
906 8.486152e-08
907 5.410480e-08
908 3.635564e-08
909 0.000000e+00
910 0.000000e+00
911 0.000000e+00
912 0.000000e+00
913 0.000000e+00
914 0.000000e+00
915 1.180268e-06
916 8.625041e-07
917 6.402459e-07
918 4.065191e-07
919 2.465652e-07
920 1.457672e-07
921 8.871918e-08
922 5.655163e-08
923 3.799350e-08
924 0.000000e+00
925 0.000000e+00
926 0.000000e+00
927 0.000000e+00
928 0.000000e+00
929 0.000000e+00
930 1.223661e-06
931 8.942310e-07
932 6.638306e-07
933 4.217473e-07
934 2.557664e-07
935 1.511976e-07
936 9.201569e-08
937 5.864152e-08
938 3.939181e-08
939 0.000000e+00
940 0.000000e+00
941 0.000000e+00
942 0.000000e+00
943 0.000000e+00
944 0.000000e+00
945 1.284683e-06
946 9.388454e-07
947 6.969857e-07
948 4.430983e-07
949 2.686743e-07
950 1.588185e-07
951 9.664394e-08
952 6.157795e-08
953 4.135810e-08
954 0.000000e+00
955 0.000000e+00
956 0.000000e+00
957 0.000000e+00
958 0.000000e+00
959 0.000000e+00
960 3.379297e-07
961 2.691688e-07
962 1.952596e-07
963 1.464271e-07
964 9.061688e-08
965 5.546409e-08
966 3.223811e-08
967 1.927645e-08
968 1.207950e-08
969 7.997075e-09
970 0.000000e+00
971 0.000000e+00
972 0.000000e+00
973 0.000000e+00
974 0.000000e+00
975 5.201853e-07
976 4.171241e-07
977 3.028682e-07
978 2.269168e-07
979 1.422149e-07
980 8.671238e-08
981 5.036507e-08
982 3.007551e-08
983 1.877987e-08
984 1.239746e-08
985 0.000000e+00
986 0.000000e+00
987 0.000000e+00
988 0.000000e+00
989 0.000000e+00
990 6.448120e-07
991 5.183992e-07
992 3.765467e-07
993 2.820115e-07
994 1.775998e-07
995 1.081223e-07
996 6.278599e-08
997 3.747520e-08
998 2.336911e-08
999 1.541004e-08
1000 0.000000e+00
1001 0.000000e+00
1002 0.000000e+00
1003 0.000000e+00
1004 0.000000e+00
1005 7.382357e-07
1006 5.943126e-07
1007 4.317715e-07
1008 3.233096e-07
1009 2.041234e-07
1010 1.241698e-07
1011 7.209649e-08
1012 4.302199e-08
1013 2.680897e-08
1014 1.766814e-08
1015 0.000000e+00
1016 0.000000e+00
1017 0.000000e+00
1018 0.000000e+00
1019 0.000000e+00
1020 8.139596e-07
1021 6.558390e-07
1022 4.765327e-07
1023 3.567807e-07
1024 2.256220e-07
1025 1.371778e-07
1026 7.964314e-08
1027 4.751755e-08
1028 2.959718e-08
1029 1.949827e-08
1030 0.000000e+00
1031 0.000000e+00
1032 0.000000e+00
1033 0.000000e+00
1034 0.000000e+00
1035 8.800254e-07
1036 7.095243e-07
1037 5.155916e-07
1038 3.859857e-07
1039 2.443794e-07
1040 1.485270e-07
1041 8.622743e-08
1042 5.144028e-08
1043 3.202995e-08
1044 2.109535e-08
1045 0.000000e+00
1046 0.000000e+00
1047 0.000000e+00
1048 0.000000e+00
1049 0.000000e+00
1050 9.389915e-07
1051 7.574625e-07
1052 5.504664e-07
1053 4.120622e-07
1054 2.611407e-07
1055 1.586674e-07
1056 9.211000e-08
1057 5.494426e-08
1058 3.420261e-08
1059 2.252128e-08
1060 0.000000e+00
1061 0.000000e+00
1062 0.000000e+00
1063 0.000000e+00
1064 0.000000e+00
1065 1.015768e-06
1066 8.198310e-07
1067 5.958365e-07
1068 4.459927e-07
1069 2.829175e-07
1070 1.718473e-07
1071 9.975607e-08
1072 5.949995e-08
1073 3.702828e-08
1074 2.437647e-08
1075 0.000000e+00
1076 0.000000e+00
1077 0.000000e+00
1078 0.000000e+00
1079 0.000000e+00
1080 1.991997e-07
1081 1.811961e-07
1082 1.396208e-07
1083 1.009652e-07
1084 7.566108e-08
1085 4.374664e-08
1086 2.681437e-08
1087 1.545911e-08
1088 9.140166e-09
1089 5.685968e-09
1090 0.000000e+00
1091 0.000000e+00
1092 0.000000e+00
1093 0.000000e+00
1094 0.000000e+00
1095 3.303641e-07
1096 3.017869e-07
1097 2.334598e-07
1098 1.687214e-07
1099 1.266164e-07
1100 7.360131e-08
1101 4.522868e-08
1102 2.601551e-08
1103 1.532908e-08
1104 9.514904e-09
1105 0.000000e+00
1106 0.000000e+00
1107 0.000000e+00
1108 0.000000e+00
1109 0.000000e+00
1110 4.306281e-07
1111 3.940344e-07
1112 3.052905e-07
1113 2.205837e-07
1114 1.656231e-07
1115 9.648071e-08
1116 5.934317e-08
1117 3.410489e-08
1118 2.006901e-08
1119 1.244631e-08
1120 0.000000e+00
1121 0.000000e+00
1122 0.000000e+00
1123 0.000000e+00
1124 0.000000e+00
1125 5.118675e-07
1126 4.687719e-07
1127 3.634880e-07
1128 2.626035e-07
1129 1.972257e-07
1130 1.150174e-07
1131 7.077884e-08
1132 4.065897e-08
1133 2.390921e-08
1134 1.482137e-08
1135 0.000000e+00
1136 0.000000e+00
1137 0.000000e+00
1138 0.000000e+00
1139 0.000000e+00
1140 5.827486e-07
1141 5.339873e-07
1142 4.142683e-07
1143 2.992682e-07
1144 2.248018e-07
1145 1.311919e-07
1146 8.075741e-08
1147 4.637790e-08
1148 2.726008e-08
1149 1.689370e-08
1150 0.000000e+00
1151 0.000000e+00
1152 0.000000e+00
1153 0.000000e+00
1154 0.000000e+00
1155 6.474242e-07
1156 5.934981e-07
1157 4.606150e-07
1158 3.327304e-07
1159 2.499704e-07
1160 1.459571e-07
1161 8.986685e-08
1162 5.159844e-08
1163 3.031861e-08
1164 1.878507e-08
1165 0.000000e+00
1166 0.000000e+00
1167 0.000000e+00
1168 0.000000e+00
1169 0.000000e+00
1170 7.283846e-07
1171 6.679733e-07
1172 5.186008e-07
1173 3.745984e-07
1174 2.814577e-07
1175 1.644239e-07
1176 1.012585e-07
1177 5.812754e-08
1178 3.414473e-08
1179 2.115149e-08
1180 0.000000e+00
1181 0.000000e+00
1182 0.000000e+00
1183 0.000000e+00
1184 0.000000e+00
1185 1.327214e-07
1186 1.310260e-07
1187 1.102045e-07
1188 8.051162e-08
1189 5.980549e-08
1190 4.066364e-08
1191 2.398937e-08
1192 1.366922e-08
1193 7.902641e-09
1194 4.669443e-09
1195 2.924612e-09
1196 0.000000e+00
1197 0.000000e+00
1198 0.000000e+00
1199 0.000000e+00
1200 2.310622e-07
1201 2.287296e-07
1202 1.930705e-07
1203 1.412843e-07
1204 1.047850e-07
1205 7.172577e-08
1206 4.211459e-08
1207 2.402898e-08
1208 1.391003e-08
1209 8.204860e-09
1210 5.128847e-09
1211 0.000000e+00
1212 0.000000e+00
1213 0.000000e+00
1214 0.000000e+00
1215 3.123232e-07
1216 3.095006e-07
1217 2.616148e-07
1218 1.915694e-07
1219 1.419926e-07
1220 9.744473e-08
1221 5.711211e-08
1222 3.260332e-08
1223 1.888243e-08
1224 1.113064e-08
1225 6.952520e-09
1226 0.000000e+00
1227 0.000000e+00
1228 0.000000e+00
1229 0.000000e+00
1230 3.831935e-07
1231 3.799432e-07
1232 3.213903e-07
1233 2.354215e-07
1234 1.744400e-07
1235 1.198757e-07
1236 7.019122e-08
1237 4.008120e-08
1238 2.321897e-08
1239 1.368230e-08
1240 8.542871e-09
1241 0.000000e+00
1242 0.000000e+00
1243 0.000000e+00
1244 0.000000e+00
1245 4.486385e-07
1246 4.449912e-07
1247 3.765969e-07
1248 2.759226e-07
1249 2.044079e-07
1250 1.405941e-07
1251 8.227121e-08
1252 4.698803e-08
1253 2.722442e-08
1254 1.603905e-08
1255 1.001172e-08
1256 0.000000e+00
1257 0.000000e+00
1258 0.000000e+00
1259 0.000000e+00
1260 5.288015e-07
1261 5.246659e-07
1262 4.442070e-07
1263 3.255223e-07
1264 2.411084e-07
1265 1.659601e-07
1266 9.706421e-08
1267 5.544503e-08
1268 3.212871e-08
1269 1.892488e-08
1270 1.181051e-08
1271 0.000000e+00
1272 0.000000e+00
1273 0.000000e+00
1274 0.000000e+00
1275 9.571999e-08
1276 9.968070e-08
1277 9.022450e-08
1278 6.903762e-08
1279 4.990167e-08
1280 3.738288e-08
1281 2.112705e-08
1282 1.276185e-08
1283 7.209847e-09
1284 4.163539e-09
1285 2.492267e-09
1286 0.000000e+00
1287 0.000000e+00
1288 0.000000e+00
1289 0.000000e+00
1290 1.734720e-07
1291 1.810065e-07
1292 1.643150e-07
1293 1.260540e-07
1294 9.105892e-08
1295 6.831579e-08
1296 3.871251e-08
1297 2.345655e-08
1298 1.322379e-08
1299 7.619199e-09
1300 4.552326e-09
1301 0.000000e+00
1302 0.000000e+00
1303 0.000000e+00
1304 0.000000e+00
1305 2.424635e-07
1306 2.531894e-07
1307 2.301014e-07
1308 1.766983e-07
1309 1.276149e-07
1310 9.579448e-08
1311 5.434251e-08
1312 3.296556e-08
1313 1.856968e-08
1314 1.068970e-08
1315 6.382328e-09
1316 0.000000e+00
1317 0.000000e+00
1318 0.000000e+00
1319 0.000000e+00
1320 3.066552e-07
1321 3.203503e-07
1322 2.913144e-07
1323 2.238252e-07
1324 1.616314e-07
1325 1.213645e-07
1326 6.888685e-08
1327 4.181442e-08
1328 2.354430e-08
1329 1.354685e-08
1330 8.085195e-09
1331 0.000000e+00
1332 0.000000e+00
1333 0.000000e+00
1334 0.000000e+00
1335 3.841561e-07
1336 4.014323e-07
1337 3.652105e-07
1338 2.807097e-07
1339 2.026908e-07
1340 1.522281e-07
1341 8.644124e-08
1342 5.249408e-08
1343 2.954836e-08
1344 1.699550e-08
1345 1.014064e-08
1346 0.000000e+00
1347 0.000000e+00
1348 0.000000e+00
1349 0.000000e+00
1350 7.335935e-08
1351 7.941489e-08
1352 7.616792e-08
1353 6.173892e-08
1354 4.454298e-08
1355 3.357687e-08
1356 2.098544e-08
1357 1.286345e-08
1358 7.141521e-09
1359 3.932685e-09
1360 2.272543e-09
1361 1.381803e-09
1362 0.000000e+00
1363 0.000000e+00
1364 0.000000e+00
1365 1.384657e-07
1366 1.501249e-07
1367 1.443241e-07
1368 1.173067e-07
1369 8.468471e-08
1370 6.377908e-08
1371 4.011400e-08
1372 2.452178e-08
1373 1.361658e-08
1374 7.501746e-09
1375 4.325726e-09
1376 2.624863e-09
1377 0.000000e+00
1378 0.000000e+00
1379 0.000000e+00
1380 2.002179e-07
1381 2.172046e-07
1382 2.090002e-07
1383 1.700548e-07
1384 1.227940e-07
1385 9.244768e-08
1386 5.828563e-08
1387 3.559258e-08
1388 1.976550e-08
1389 1.089159e-08
1390 6.275208e-09
1391 3.804833e-09
1392 0.000000e+00
1393 0.000000e+00
1394 0.000000e+00
1395 2.739546e-07
1396 2.973002e-07
1397 2.862206e-07
1398 2.330303e-07
1399 1.682909e-07
1400 1.266749e-07
1401 7.997821e-08
1402 4.880901e-08
1403 2.710609e-08
1404 1.493828e-08
1405 8.602574e-09
1406 5.213599e-09
1407 0.000000e+00
1408 0.000000e+00
1409 0.000000e+00
1410 5.963330e-08
1411 6.656099e-08
1412 6.687697e-08
1413 5.745686e-08
1414 4.235613e-08
1415 3.119420e-08
1416 2.198286e-08
1417 1.253970e-08
1418 7.060689e-09
1419 3.995219e-09
1420 2.222237e-09
1421 1.295857e-09
1422 0.000000e+00
1423 0.000000e+00
1424 0.000000e+00
1425 1.174611e-07
1426 1.312794e-07
1427 1.321672e-07
1428 1.138642e-07
1429 8.407256e-08
1430 6.184406e-08
1431 4.377689e-08
1432 2.489456e-08
1433 1.404563e-08
1434 7.946582e-09
1435 4.417815e-09
1436 2.571397e-09
1437 0.000000e+00
1438 0.000000e+00
1439 0.000000e+00
1440 1.864659e-07
1441 2.085133e-07
1442 2.100928e-07
1443 1.811975e-07
1444 1.338744e-07
1445 9.843172e-08
1446 6.979941e-08
1447 3.964442e-08
1448 2.238585e-08
1449 1.266432e-08
1450 7.039246e-09
1451 4.094128e-09
1452 0.000000e+00
1453 0.000000e+00
1454 0.000000e+00
1455 5.155226e-08
1456 5.908096e-08
1457 6.176052e-08
1458 5.612357e-08
1459 4.304599e-08
1460 3.108947e-08
1461 2.335279e-08
1462 1.309450e-08
1463 7.833776e-09
1464 4.291588e-09
1465 2.365541e-09
1466 1.320699e-09
1467 0.000000e+00
1468 0.000000e+00
1469 0.000000e+00
1470 1.144185e-07
1471 1.312918e-07
1472 1.375006e-07
1473 1.252951e-07
1474 9.633730e-08
1475 6.954084e-08
1476 5.230459e-08
1477 2.941270e-08
1478 1.765432e-08
1479 9.654156e-09
1480 5.309460e-09
1481 2.958536e-09
1482 0.000000e+00
1483 0.000000e+00
1484 0.000000e+00
1485 5.375667e-08
1486 6.316820e-08
1487 6.849432e-08
1488 6.576083e-08
1489 5.332400e-08
1490 3.847686e-08
1491 2.902617e-08
1492 1.805083e-08
1493 1.098446e-08
1494 5.960899e-09
1495 3.139767e-09
1496 1.693900e-09
1497 9.432485e-10
1498 0.000000e+00
1499 0.000000e+00
1500 1.109684e-04
1501 8.086786e-05
1502 6.035546e-05
1503 3.805236e-05
1504 2.321989e-05
1505 1.369104e-05
1506 8.324421e-06
1507 5.304277e-06
1508 3.565556e-06
1509 0.000000e+00
1510 0.000000e+00
1511 0.000000e+00
1512 0.000000e+00
1513 0.000000e+00
1514 0.000000e+00
1515 5.757601e-05
1516 4.644359e-05
1517 3.369791e-05
1518 2.528332e-05
1519 1.597668e-05
1520 9.754545e-06
1521 5.648866e-06
1522 3.364481e-06
1523 2.093966e-06
1524 1.379138e-06
1525 0.000000e+00
1526 0.000000e+00
1527 0.000000e+00
1528 0.000000e+00
1529 0.000000e+00
1530 4.047788e-05
1531 3.713775e-05
1532 2.882267e-05
1533 2.080348e-05
1534 1.566222e-05
1535 9.111532e-06
1536 5.625604e-06
1537 3.225263e-06
1538 1.896511e-06
1539 1.174730e-06
1540 0.000000e+00
1541 0.000000e+00
1542 0.000000e+00
1543 0.000000e+00
1544 0.000000e+00
1545 2.912801e-05
1546 2.891312e-05
1547 2.448503e-05
1548 1.793535e-05
1549 1.328396e-05
1550 9.154542e-06
1551 5.351144e-06
1552 3.053081e-06
1553 1.771954e-06
1554 1.042590e-06
1555 6.506122e-07
1556 0.000000e+00
1557 0.000000e+00
1558 0.000000e+00
1559 0.000000e+00
1560 2.085098e-05
1561 2.179680e-05
1562 1.983793e-05
1563 1.524768e-05
1564 1.100576e-05
1565 8.274949e-06
1566 4.689296e-06
1567 2.850415e-06
1568 1.602925e-06
1569 9.233707e-07
1570 5.506294e-07
1571 0.000000e+00
1572 0.000000e+00
1573 0.000000e+00
1574 0.000000e+00
1575 1.487210e-05
1576 1.614453e-05
1577 1.554949e-05
1578 1.266314e-05
1579 9.143013e-06
1580 6.883420e-06
1581 4.347301e-06
1582 2.655947e-06
1583 1.474901e-06
1584 8.112783e-07
1585 4.673052e-07
1586 2.832009e-07
1587 0.000000e+00
1588 0.000000e+00
1589 0.000000e+00
1590 1.001028e-05
1591 1.119728e-05
1592 1.128693e-05
1593 9.739022e-06
1594 7.195644e-06
1595 5.289411e-06
1596 3.755371e-06
1597 2.130464e-06
1598 1.202339e-06
1599 6.811759e-07
1600 3.783133e-07
1601 2.200058e-07
1602 0.000000e+00
1603 0.000000e+00
1604 0.000000e+00
1605 6.201116e-06
1606 7.118100e-06
1607 7.458527e-06
1608 6.801106e-06
1609 5.231433e-06
1610 3.775220e-06
1611 2.841823e-06
1612 1.597077e-06
1613 9.596537e-07
1614 5.242846e-07
1615 2.885232e-07
1616 1.606418e-07
1617 0.000000e+00
1618 0.000000e+00
1619 0.000000e+00
1620 3.163407e-06
1621 3.720115e-06
1622 4.038202e-06
1623 3.883392e-06
1624 3.154630e-06
1625 2.276770e-06
1626 1.716871e-06
1627 1.071974e-06
1628 6.518364e-07
1629 3.538249e-07
1630 1.861971e-07
1631 1.003484e-07
1632 5.578990e-08
1633 0.000000e+00
1634 0.000000e+00
1635 8.891198e-07
1636 1.072208e-06
1637 1.206146e-06
1638 1.224576e-06
1639 1.066696e-06
1640 7.933436e-07
1641 5.815894e-07
1642 4.169104e-07
1643 2.343421e-07
1644 1.314261e-07
1645 7.164692e-08
1646 3.730540e-08
1647 1.958823e-08
1648 0.000000e+00
1649 0.000000e+00
