0 2.171056e-09
1 1.408558e-09
2 8.850760e-10
3 5.579749e-10
4 3.590824e-10
5 2.365667e-10
6 1.573820e-10
7 1.032958e-10
8 6.534465e-11
9 3.915305e-11
10 2.200962e-11
11 1.159523e-11
12 5.766056e-12
13 2.737762e-12
14 1.256729e-12
15 3.690832e-09
16 2.450595e-09
17 1.554799e-09
18 9.690409e-10
19 6.134253e-10
20 3.978233e-10
21 2.634686e-10
22 1.747392e-10
23 1.131946e-10
24 7.006915e-11
25 4.084542e-11
26 2.228367e-11
27 1.141236e-11
28 5.540278e-12
29 2.581831e-12
30 4.210391e-09
31 2.813495e-09
32 1.793636e-09
33 1.116262e-09
34 7.037804e-10
35 4.541530e-10
36 2.999535e-10
37 1.991598e-10
38 1.296390e-10
39 8.087274e-11
40 4.758682e-11
41 2.621819e-11
42 1.354373e-11
43 6.619644e-12
44 3.099253e-12
45 4.495317e-09
46 3.012611e-09
47 1.924930e-09
48 1.196947e-09
49 7.533408e-10
50 4.850213e-10
51 3.199686e-10
52 2.125187e-10
53 1.386494e-10
54 8.679063e-11
55 5.127764e-11
56 2.836632e-11
57 1.470879e-11
58 7.209982e-12
59 3.382571e-12
60 4.686536e-09
61 3.146172e-09
62 2.012778e-09
63 1.251022e-09
64 7.865106e-10
65 5.057835e-10
66 3.334329e-10
67 2.215255e-10
68 1.446951e-10
69 9.076889e-11
70 5.377049e-11
71 2.981617e-11
72 1.549513e-11
73 7.606811e-12
74 3.575434e-12
75 4.829659e-09
76 3.245900e-09
77 2.078536e-09
78 1.291550e-09
79 8.113823e-10
80 5.213262e-10
81 3.434730e-10
82 2.282440e-10
83 1.492531e-10
84 9.376583e-11
85 5.562156e-11
86 3.090093e-11
87 1.607979e-11
88 7.902878e-12
89 3.714391e-12
90 4.946484e-09
91 3.327376e-09
92 2.132263e-09
93 1.324695e-09
94 8.317323e-10
95 5.339472e-10
96 3.516874e-10
97 2.337405e-10
98 1.529587e-10
99 9.619426e-11
100 5.714829e-11
101 3.178854e-11
102 1.655998e-11
103 8.145682e-12
104 3.831028e-12
105 5.048454e-09
106 3.398570e-09
107 2.179422e-09
108 1.353633e-09
109 8.494443e-10
110 5.450189e-10
111 3.588445e-10
112 2.385362e-10
113 1.561207e-10
114 9.827380e-11
115 5.846732e-11
116 3.255608e-11
117 1.697876e-11
118 8.366610e-12
119 3.933336e-12
120 5.145227e-09
121 3.466575e-09
122 2.224216e-09
123 1.381121e-09
124 8.663057e-10
125 5.554989e-10
126 3.656124e-10
127 2.430813e-10
128 1.592427e-10
129 1.003261e-10
130 5.973295e-11
131 3.329431e-11
132 1.737559e-11
133 8.559168e-12
134 4.028861e-12
135 5.255806e-09
136 3.543339e-09
137 2.275435e-09
138 1.412730e-09
139 8.856575e-10
140 5.676157e-10
141 3.734775e-10
142 2.482705e-10
143 1.627737e-10
144 1.026673e-10
145 6.118540e-11
146 3.414121e-11
147 1.783553e-11
148 8.791605e-12
149 4.139615e-12
150 7.853217e-09
151 5.404095e-09
152 3.546856e-09
153 2.213365e-09
154 1.372805e-09
155 8.657706e-10
156 5.618272e-10
157 3.719883e-10
158 2.459835e-10
159 1.583130e-10
160 9.702755e-11
161 5.586124e-11
162 3.007119e-11
163 1.520244e-11
164 7.295729e-12
165 9.919314e-09
166 6.909732e-09
167 4.600424e-09
168 2.900374e-09
169 1.789031e-09
170 1.119138e-09
171 7.184425e-10
172 4.726650e-10
173 3.130838e-10
174 2.033825e-10
175 1.266146e-10
176 7.430593e-11
177 4.080126e-11
178 2.099593e-11
179 1.021526e-11
180 1.109996e-08
181 7.774411e-09
182 5.206427e-09
183 3.298095e-09
184 2.030594e-09
185 1.266391e-09
186 8.089483e-10
187 5.307072e-10
188 3.516074e-10
189 2.292950e-10
190 1.436394e-10
191 8.494840e-11
192 4.702433e-11
193 2.437578e-11
194 1.193027e-11
195 1.189379e-08
196 8.356457e-09
197 5.614740e-09
198 3.565840e-09
199 2.193425e-09
200 1.365288e-09
201 8.698352e-10
202 5.698053e-10
203 3.775857e-10
204 2.467397e-10
205 1.551009e-10
206 9.212547e-11
207 5.122135e-11
208 2.665575e-11
209 1.308609e-11
210 1.248849e-08
211 8.791862e-09
212 5.919851e-09
213 3.765792e-09
214 2.315060e-09
215 1.439378e-09
216 9.153922e-10
217 5.989502e-10
218 3.969321e-10
219 2.597326e-10
220 1.636387e-10
221 9.747753e-11
222 5.435357e-11
223 2.835268e-11
224 1.394616e-11
225 1.297275e-08
226 9.145703e-09
227 6.167335e-09
228 3.928930e-09
229 2.413957e-09
230 1.499533e-09
231 9.522969e-10
232 6.227015e-10
233 4.127070e-10
234 2.703158e-10
235 1.706024e-10
236 1.018176e-10
237 5.688980e-11
238 2.973492e-11
239 1.464861e-11
240 1.339209e-08
241 9.452919e-09
242 6.382603e-09
243 4.070093e-09
244 2.500255e-09
245 1.552048e-09
246 9.845608e-10
247 6.432130e-10
248 4.264487e-10
249 2.795235e-10
250 1.766508e-10
251 1.056114e-10
252 5.911312e-11
253 3.094124e-11
254 1.525939e-11
255 1.379273e-08
256 9.746212e-09
257 6.589202e-09
258 4.206293e-09
259 2.582159e-09
260 1.601866e-09
261 1.015222e-09
262 6.629264e-10
263 4.395263e-10
264 2.883227e-10
265 1.824393e-10
266 1.092337e-10
267 6.122901e-11
268 3.209185e-11
269 1.583995e-11
270 1.425685e-08
271 1.008631e-08
272 6.827272e-09
273 4.362059e-09
274 2.676641e-09
275 1.659833e-09
276 1.051032e-09
277 6.858512e-10
278 4.546550e-10
279 2.984938e-10
280 1.891412e-10
281 1.134215e-10
282 6.366819e-11
283 3.341410e-11
284 1.651239e-11
285 1.361056e-08
286 9.678476e-09
287 6.571669e-09
288 4.238590e-09
289 2.610949e-09
290 1.617431e-09
291 1.020005e-09
292 6.619093e-10
293 4.367705e-10
294 2.862846e-10
295 1.817431e-10
296 1.095792e-10
297 6.202843e-11
298 3.286937e-11
299 1.639149e-11
300 1.600677e-08
301 1.151096e-08
302 7.886326e-09
303 5.144602e-09
304 3.180378e-09
305 1.960489e-09
306 1.226605e-09
307 7.899079e-10
308 5.193707e-10
309 3.412314e-10
310 2.183401e-10
311 1.332263e-10
312 7.649100e-11
313 4.112103e-11
314 2.076840e-11
315 1.763744e-08
316 1.276321e-08
317 8.785902e-09
318 5.766323e-09
319 3.573213e-09
320 2.196324e-09
321 1.368986e-09
322 8.779693e-10
323 5.760605e-10
324 3.788697e-10
325 2.433925e-10
326 1.494312e-10
327 8.642318e-11
328 4.680161e-11
329 2.378893e-11
330 1.886213e-08
331 1.370318e-08
332 9.459054e-09
333 6.231334e-09
334 3.867104e-09
335 2.373015e-09
336 1.475505e-09
337 9.438948e-10
338 6.185969e-10
339 4.070771e-10
340 2.621578e-10
341 1.615673e-10
342 9.385922e-11
343 5.105572e-11
344 2.605224e-11
345 1.985447e-08
346 1.446430e-08
347 1.000740e-08
348 6.609140e-09
349 4.105568e-09
350 2.516342e-09
351 1.561832e-09
352 9.973444e-10
353 6.529483e-10
354 4.298956e-10
355 2.773799e-10
356 1.714123e-10
357 9.989007e-11
358 5.450599e-11
359 2.788730e-11
360 2.072004e-08
361 1.512929e-08
362 1.048502e-08
363 6.937379e-09
364 4.313026e-09
365 2.641269e-09
366 1.637001e-09
367 1.043853e-09
368 6.829110e-10
369 4.498153e-10
370 2.906284e-10
371 1.799804e-10
372 1.051396e-10
373 5.750629e-11
374 2.948237e-11
375 2.153869e-08
376 1.575743e-08
377 1.093553e-08
378 7.249059e-09
379 4.509295e-09
380 2.759424e-09
381 1.708287e-09
382 1.087914e-09
383 7.113055e-10
384 4.686795e-10
385 3.032010e-10
386 1.881083e-10
387 1.101176e-10
388 6.035219e-11
389 3.099514e-11
390 2.249692e-08
391 1.649379e-08
392 1.146388e-08
393 7.613834e-09
394 4.739966e-09
395 2.898581e-09
396 1.792126e-09
397 1.139799e-09
398 7.445978e-10
399 4.908256e-10
400 3.179441e-10
401 1.976466e-10
402 1.159636e-10
403 6.369055e-11
404 3.277149e-11
405 1.964033e-08
406 1.438778e-08
407 9.982289e-09
408 6.616770e-09
409 4.139413e-09
410 2.534952e-09
411 1.572089e-09
412 9.998279e-10
413 6.519142e-10
414 4.282164e-10
415 2.762737e-10
416 1.711494e-10
417 1.002144e-10
418 5.503908e-11
419 2.836293e-11
420 2.229111e-08
421 1.651903e-08
422 1.154973e-08
423 7.719158e-09
424 4.870626e-09
425 2.974140e-09
426 1.836619e-09
427 1.159389e-09
428 7.517160e-10
429 4.931715e-10
430 3.193774e-10
431 1.994204e-10
432 1.180204e-10
433 6.559425e-11
434 3.419455e-11
435 2.428291e-08
436 1.812701e-08
437 1.273074e-08
438 8.552933e-09
439 5.423308e-09
440 3.306543e-09
441 2.037193e-09
442 1.280088e-09
443 8.273256e-10
444 5.422890e-10
445 3.519573e-10
446 2.207876e-10
447 1.314852e-10
448 7.358541e-11
449 3.861560e-11
450 2.590800e-08
451 1.943048e-08
452 1.369265e-08
453 9.229830e-09
454 5.871392e-09
455 3.576777e-09
456 2.199574e-09
457 1.378099e-09
458 8.883816e-10
459 5.820879e-10
460 3.783576e-10
461 2.381020e-10
462 1.423955e-10
463 8.005827e-11
464 4.219649e-11
465 2.731936e-08
466 2.056903e-08
467 1.452941e-08
468 9.817912e-09
469 6.262186e-09
470 3.812227e-09
471 2.340935e-09
472 1.463397e-09
473 9.418131e-10
474 6.168021e-10
475 4.013831e-10
476 2.532041e-10
477 1.519119e-10
478 8.570593e-11
479 4.532052e-11
480 2.865494e-08
481 2.164139e-08
482 1.532123e-08
483 1.037488e-08
484 6.632396e-09
485 4.034738e-09
486 2.475125e-09
487 1.544026e-09
488 9.922784e-10
489 6.496357e-10
490 4.231802e-10
491 2.674977e-10
492 1.609166e-10
493 9.104790e-11
494 4.827237e-11
495 3.021787e-08
496 2.289896e-08
497 1.624603e-08
498 1.102706e-08
499 7.064347e-09
500 4.294761e-09
501 2.631661e-09
502 1.638474e-09
503 1.051288e-09
504 6.880157e-10
505 4.486341e-10
506 2.841742e-10
507 1.714361e-10
508 9.728895e-11
509 5.172658e-11
510 2.599057e-08
511 1.959605e-08
512 1.386155e-08
513 9.362542e-09
514 5.989855e-09
515 3.657579e-09
516 2.247237e-09
517 1.403575e-09
518 9.016685e-10
519 5.890973e-10
520 3.825526e-10
521 2.410288e-10
522 1.446095e-10
523 8.170276e-11
524 4.332101e-11
525 2.889786e-08
526 2.203924e-08
527 1.571311e-08
528 1.068392e-08
529 6.894473e-09
530 4.216616e-09
531 2.582049e-09
532 1.602128e-09
533 1.023145e-09
534 6.662698e-10
535 4.331338e-10
536 2.743024e-10
537 1.659260e-10
538 9.469090e-11
539 5.073845e-11
540 3.126185e-08
541 2.402638e-08
542 1.721947e-08
543 1.176092e-08
544 7.630890e-09
545 4.673214e-09
546 2.854473e-09
547 1.764038e-09
548 1.121827e-09
549 7.290833e-10
550 4.742891e-10
551 3.013723e-10
552 1.832696e-10
553 1.052609e-10
554 5.677798e-11
555 3.332055e-08
556 2.575753e-08
557 1.853375e-08
558 1.269763e-08
559 8.272618e-09
560 5.069865e-09
561 3.091953e-09
562 1.905131e-09
563 1.208031e-09
564 7.838030e-10
565 5.101417e-10
566 3.249547e-10
567 1.983755e-10
568 1.144663e-10
569 6.203709e-11
570 3.527331e-08
571 2.740048e-08
572 1.978099e-08
573 1.358742e-08
574 8.882400e-09
575 5.447167e-09
576 3.317530e-09
577 2.039002e-09
578 1.289829e-09
579 8.357718e-10
580 5.441969e-10
581 3.473526e-10
582 2.127279e-10
583 1.232140e-10
584 6.703543e-11
585 3.756149e-08
586 2.932018e-08
587 2.123763e-08
588 1.462642e-08
589 9.592305e-09
590 5.886779e-09
591 3.580416e-09
592 2.194959e-09
593 1.385094e-09
594 8.962960e-10
595 5.838589e-10
596 3.734467e-10
597 2.294479e-10
598 1.334029e-10
599 7.285644e-11
600 3.276363e-08
601 2.539347e-08
602 1.832030e-08
603 1.256584e-08
604 8.203450e-09
605 5.049778e-09
606 3.076873e-09
607 1.894815e-09
608 1.199065e-09
609 7.761234e-10
610 5.042265e-10
611 3.209654e-10
612 1.960688e-10
613 1.133615e-10
614 6.163493e-11
615 3.599897e-08
616 2.822004e-08
617 2.053580e-08
618 1.417065e-08
619 9.321557e-09
620 5.768668e-09
621 3.503112e-09
622 2.147674e-09
623 1.350369e-09
624 8.700647e-10
625 5.647269e-10
626 3.605735e-10
627 2.216603e-10
628 1.292584e-10
629 7.095967e-11
630 3.882253e-08
631 3.068881e-08
632 2.247262e-08
633 1.557161e-08
634 1.029906e-08
635 6.397043e-09
636 3.876043e-09
637 2.368857e-09
638 1.482907e-09
639 9.521817e-10
640 6.175914e-10
641 3.951769e-10
642 2.440184e-10
643 1.431486e-10
644 7.910937e-11
645 4.149723e-08
646 3.302752e-08
647 2.430668e-08
648 1.690043e-08
649 1.122544e-08
650 6.992733e-09
651 4.229187e-09
652 2.578640e-09
653 1.608323e-09
654 1.029980e-09
655 6.676955e-10
656 4.279738e-10
657 2.652076e-10
658 1.563123e-10
659 8.683135e-11
660 4.462996e-08
661 3.575998e-08
662 2.645017e-08
663 1.845264e-08
664 1.230598e-08
665 7.687931e-09
666 4.641695e-09
667 2.823129e-09
668 1.754687e-09
669 1.120779e-09
670 7.261432e-10
671 4.662389e-10
672 2.899340e-10
673 1.716731e-10
674 9.584338e-11
675 4.017879e-08
676 3.198460e-08
677 2.357045e-08
678 1.640034e-08
679 1.089188e-08
680 6.807856e-09
681 4.120759e-09
682 2.514901e-09
683 1.566907e-09
684 1.001791e-09
685 6.481817e-10
686 4.147640e-10
687 2.567695e-10
688 1.513301e-10
689 8.415504e-11
690 4.391705e-08
691 3.536379e-08
692 2.631674e-08
693 1.842514e-08
694 1.231996e-08
695 7.757590e-09
696 4.688369e-09
697 2.852332e-09
698 1.765440e-09
699 1.122017e-09
700 7.239788e-10
701 4.638549e-10
702 2.885415e-10
703 1.713275e-10
704 9.613744e-11
705 4.745330e-08
706 3.857269e-08
707 2.891781e-08
708 2.034942e-08
709 1.367605e-08
710 8.659909e-09
711 5.227650e-09
712 3.172742e-09
713 1.953930e-09
714 1.236142e-09
715 7.959523e-10
716 5.104416e-10
717 3.186887e-10
718 1.903022e-10
719 1.075129e-10
720 5.159211e-08
721 4.232108e-08
722 3.194946e-08
723 2.259125e-08
724 1.525558e-08
725 9.711564e-09
726 5.856322e-09
727 3.546575e-09
728 2.173553e-09
729 1.369237e-09
730 8.797988e-10
731 5.647267e-10
732 3.538199e-10
733 2.124123e-10
734 1.207676e-10
735 4.868930e-08
736 3.981204e-08
737 3.002970e-08
738 2.122660e-08
739 1.431172e-08
740 9.114244e-09
741 5.514094e-09
742 3.341975e-09
743 2.050075e-09
744 1.291499e-09
745 8.287556e-10
746 5.307952e-10
747 3.317385e-10
748 1.987157e-10
749 1.128120e-10
750 5.330049e-08
751 4.413600e-08
752 3.366861e-08
753 2.398114e-08
754 1.627377e-08
755 1.045366e-08
756 6.335798e-09
757 3.827719e-09
758 2.332630e-09
759 1.459301e-09
760 9.320172e-10
761 5.964919e-10
762 3.740310e-10
763 2.255252e-10
764 1.291635e-10
765 5.869453e-08
766 4.919016e-08
767 3.790661e-08
768 2.719372e-08
769 1.856399e-08
770 1.201805e-08
771 7.296356e-09
772 4.395818e-09
773 2.662584e-09
774 1.655285e-09
775 1.052548e-09
776 6.731731e-10
777 4.233939e-10
778 2.568137e-10
779 1.482482e-10
780 5.925086e-08
781 4.987691e-08
782 3.865409e-08
783 2.785976e-08
784 1.906920e-08
785 1.239510e-08
786 7.565723e-09
787 4.549730e-09
788 2.751464e-09
789 1.703925e-09
790 1.079161e-09
791 6.882690e-10
792 4.325284e-10
793 2.626679e-10
794 1.520891e-10
795 6.634584e-08
796 5.674523e-08
797 4.465314e-08
798 3.255786e-08
799 2.246827e-08
800 1.475951e-08
801 9.076785e-09
802 5.436827e-09
803 3.267312e-09
804 2.003900e-09
805 1.258655e-09
806 7.996239e-10
807 5.032131e-10
808 3.074622e-10
809 1.797510e-10
810 7.615210e-08
811 6.659992e-08
812 5.364161e-08
813 3.989013e-08
814 2.789601e-08
815 1.858968e-08
816 1.162931e-08
817 6.948565e-09
818 4.151517e-09
819 2.507969e-09
820 1.550972e-09
821 9.750312e-10
822 6.118423e-10
823 3.756253e-10
824 2.220712e-10
825 5.025869e-07
826 3.670841e-07
827 2.719981e-07
828 1.692239e-07
829 1.031048e-07
830 6.108323e-08
831 3.730023e-08
832 2.393314e-08
833 1.615796e-08
834 0.000000e+00
835 0.000000e+00
836 0.000000e+00
837 0.000000e+00
838 0.000000e+00
839 0.000000e+00
840 7.609132e-07
841 5.559148e-07
842 4.123672e-07
843 2.596138e-07
844 1.577697e-07
845 9.334956e-08
846 5.689272e-08
847 3.636399e-08
848 2.448059e-08
849 0.000000e+00
850 0.000000e+00
851 0.000000e+00
852 0.000000e+00
853 0.000000e+00
854 0.000000e+00
855 9.034346e-07
856 6.601128e-07
857 4.898147e-07
858 3.095416e-07
859 1.879466e-07
860 1.111640e-07
861 6.770923e-08
862 4.322464e-08
863 2.907300e-08
864 0.000000e+00
865 0.000000e+00
866 0.000000e+00
867 0.000000e+00
868 0.000000e+00
869 0.000000e+00
870 9.992892e-07
871 7.301900e-07
872 5.419033e-07
873 3.431205e-07
874 2.082437e-07
875 1.231455e-07
876 7.498409e-08
877 4.783926e-08
878 3.216167e-08
879 0.000000e+00
880 0.000000e+00
881 0.000000e+00
882 0.000000e+00
883 0.000000e+00
884 0.000000e+00
885 1.071155e-06
886 7.827335e-07
887 5.809534e-07
888 3.682954e-07
889 2.234613e-07
890 1.321287e-07
891 8.043831e-08
892 5.129892e-08
893 3.447755e-08
894 0.000000e+00
895 0.000000e+00
896 0.000000e+00
897 0.000000e+00
898 0.000000e+00
899 0.000000e+00
900 1.129402e-06
901 8.253169e-07
902 6.126058e-07
903 3.886992e-07
904 2.357941e-07
905 1.394095e-07
906 8.485870e-08
907 5.410301e-08
908 3.635444e-08
909 0.000000e+00
910 0.000000e+00
911 0.000000e+00
912 0.000000e+00
913 0.000000e+00
914 0.000000e+00
915 1.180233e-06
916 8.624780e-07
917 6.402265e-07
918 4.065066e-07
919 2.465576e-07
920 1.457628e-07
921 8.871647e-08
922 5.654991e-08
923 3.799235e-08
924 0.000000e+00
925 0.000000e+00
926 0.000000e+00
927 0.000000e+00
928 0.000000e+00
929 0.000000e+00
930 1.228426e-06
931 8.977132e-07
932 6.664156e-07
933 4.233894e-07
934 2.567622e-07
935 1.517863e-07
936 9.237398e-08
937 5.886987e-08
938 3.954520e-08
939 0.000000e+00
940 0.000000e+00
941 0.000000e+00
942 0.000000e+00
943 0.000000e+00
944 0.000000e+00
945 1.284651e-06
946 9.388219e-07
947 6.969682e-07
948 4.430871e-07
949 2.686675e-07
950 1.588145e-07
951 9.664150e-08
952 6.157640e-08
953 4.135707e-08
954 0.000000e+00
955 0.000000e+00
956 0.000000e+00
957 0.000000e+00
958 0.000000e+00
959 0.000000e+00
960 3.354221e-07
961 2.670634e-07
962 1.937182e-07
963 1.452821e-07
964 8.983392e-08
965 5.500195e-08
966 3.196981e-08
967 1.911708e-08
968 1.198227e-08
969 7.934249e-09
970 0.000000e+00
971 0.000000e+00
972 0.000000e+00
973 0.000000e+00
974 0.000000e+00
975 5.200675e-07
976 4.170249e-07
977 3.027954e-07
978 2.268632e-07
979 1.421780e-07
980 8.669075e-08
981 5.035246e-08
982 3.006800e-08
983 1.877534e-08
984 1.239450e-08
985 0.000000e+00
986 0.000000e+00
987 0.000000e+00
988 0.000000e+00
989 0.000000e+00
990 6.447621e-07
991 5.183587e-07
992 3.765172e-07
993 2.819895e-07
994 1.775856e-07
995 1.081138e-07
996 6.278101e-08
997 3.747224e-08
998 2.336727e-08
999 1.540883e-08
1000 0.000000e+00
1001 0.000000e+00
1002 0.000000e+00
1003 0.000000e+00
1004 0.000000e+00
1005 7.381856e-07
1006 5.942718e-07
1007 4.317419e-07
1008 3.232874e-07
1009 2.041091e-07
1010 1.241611e-07
1011 7.209148e-08
1012 4.301901e-08
1013 2.680712e-08
1014 1.766693e-08
1015 0.000000e+00
1016 0.000000e+00
1017 0.000000e+00
1018 0.000000e+00
1019 0.000000e+00
1020 8.139113e-07
1021 6.557997e-07
1022 4.765042e-07
1023 3.567593e-07
1024 2.256083e-07
1025 1.371695e-07
1026 7.963832e-08
1027 4.751468e-08
1028 2.959540e-08
1029 1.949711e-08
1030 0.000000e+00
1031 0.000000e+00
1032 0.000000e+00
1033 0.000000e+00
1034 0.000000e+00
1035 8.799793e-07
1036 7.094869e-07
1037 5.155644e-07
1038 3.859653e-07
1039 2.443663e-07
1040 1.485191e-07
1041 8.622285e-08
1042 5.143755e-08
1043 3.202826e-08
1044 2.109423e-08
1045 0.000000e+00
1046 0.000000e+00
1047 0.000000e+00
1048 0.000000e+00
1049 0.000000e+00
1050 9.426313e-07
1051 7.603984e-07
1052 5.525999e-07
1053 4.136593e-07
1054 2.621527e-07
1055 1.592823e-07
1056 9.246698e-08
1057 5.515721e-08
1058 3.433517e-08
1059 2.260857e-08
1060 0.000000e+00
1061 0.000000e+00
1062 0.000000e+00
1063 0.000000e+00
1064 0.000000e+00
1065 1.015727e-06
1066 8.197976e-07
1067 5.958123e-07
1068 4.459745e-07
1069 2.829059e-07
1070 1.718402e-07
1071 9.975198e-08
1072 5.949751e-08
1073 3.702677e-08
1074 2.437548e-08
1075 0.000000e+00
1076 0.000000e+00
1077 0.000000e+00
1078 0.000000e+00
1079 0.000000e+00
1080 1.966020e-07
1081 1.787609e-07
1082 1.376910e-07
1083 9.957473e-08
1084 7.461031e-08
1085 4.311430e-08
1086 2.642122e-08
1087 1.523557e-08
1088 9.011187e-09
1089 5.606920e-09
1090 0.000000e+00
1091 0.000000e+00
1092 0.000000e+00
1093 0.000000e+00
1094 0.000000e+00
1095 3.301999e-07
1096 3.016323e-07
1097 2.333373e-07
1098 1.686332e-07
1099 1.265497e-07
1100 7.356068e-08
1101 4.520349e-08
1102 2.600121e-08
1103 1.532085e-08
1104 9.509867e-09
1105 0.000000e+00
1106 0.000000e+00
1107 0.000000e+00
1108 0.000000e+00
1109 0.000000e+00
1110 4.305737e-07
1111 3.939843e-07
1112 3.052515e-07
1113 2.205556e-07
1114 1.656020e-07
1115 9.646829e-08
1116 5.933550e-08
1117 3.410049e-08
1118 2.006644e-08
1119 1.244472e-08
1120 0.000000e+00
1121 0.000000e+00
1122 0.000000e+00
1123 0.000000e+00
1124 0.000000e+00
1125 5.118157e-07
1126 4.687243e-07
1127 3.634509e-07
1128 2.625768e-07
1129 1.972056e-07
1130 1.150055e-07
1131 7.077155e-08
1132 4.065479e-08
1133 2.390676e-08
1134 1.481986e-08
1135 0.000000e+00
1136 0.000000e+00
1137 0.000000e+00
1138 0.000000e+00
1139 0.000000e+00
1140 5.826995e-07
1141 5.339421e-07
1142 4.142332e-07
1143 2.992428e-07
1144 2.247827e-07
1145 1.311807e-07
1146 8.075050e-08
1147 4.637395e-08
1148 2.725776e-08
1149 1.689226e-08
1150 0.000000e+00
1151 0.000000e+00
1152 0.000000e+00
1153 0.000000e+00
1154 0.000000e+00
1155 6.499167e-07
1156 5.957828e-07
1157 4.623880e-07
1158 3.340112e-07
1159 2.509326e-07
1160 1.465189e-07
1161 9.021272e-08
1162 5.179703e-08
1163 3.043530e-08
1164 1.885737e-08
1165 0.000000e+00
1166 0.000000e+00
1167 0.000000e+00
1168 0.000000e+00
1169 0.000000e+00
1170 7.283399e-07
1171 6.679322e-07
1172 5.185688e-07
1173 3.745752e-07
1174 2.814403e-07
1175 1.644137e-07
1176 1.012522e-07
1177 5.812393e-08
1178 3.414262e-08
1179 2.115018e-08
1180 0.000000e+00
1181 0.000000e+00
1182 0.000000e+00
1183 0.000000e+00
1184 0.000000e+00
1185 1.303110e-07
1186 1.286043e-07
1187 1.081206e-07
1188 7.897223e-08
1189 5.867361e-08
1190 3.986121e-08
1191 2.352973e-08
1192 1.340488e-08
1193 7.748723e-09
1194 4.579416e-09
1195 2.868923e-09
1196 0.000000e+00
1197 0.000000e+00
1198 0.000000e+00
1199 0.000000e+00
1200 2.308989e-07
1201 2.285654e-07
1202 1.929285e-07
1203 1.411791e-07
1204 1.047078e-07
1205 7.167073e-08
1206 4.208307e-08
1207 2.401068e-08
1208 1.389945e-08
1209 8.198688e-09
1210 5.125039e-09
1211 0.000000e+00
1212 0.000000e+00
1213 0.000000e+00
1214 0.000000e+00
1215 3.122711e-07
1216 3.094488e-07
1217 2.615708e-07
1218 1.915371e-07
1219 1.419688e-07
1220 9.742823e-08
1221 5.710249e-08
1222 3.259782e-08
1223 1.887924e-08
1224 1.112876e-08
1225 6.951350e-09
1226 0.000000e+00
1227 0.000000e+00
1228 0.000000e+00
1229 0.000000e+00
1230 3.831438e-07
1231 3.798938e-07
1232 3.213484e-07
1233 2.353908e-07
1234 1.744172e-07
1235 1.198600e-07
1236 7.018205e-08
1237 4.007596e-08
1238 2.321593e-08
1239 1.368051e-08
1240 8.541757e-09
1241 0.000000e+00
1242 0.000000e+00
1243 0.000000e+00
1244 0.000000e+00
1245 4.503518e-07
1246 4.466905e-07
1247 3.780350e-07
1248 2.769762e-07
1249 2.051885e-07
1250 1.411309e-07
1251 8.258529e-08
1252 4.716744e-08
1253 2.732837e-08
1254 1.610029e-08
1255 1.004995e-08
1256 0.000000e+00
1257 0.000000e+00
1258 0.000000e+00
1259 0.000000e+00
1260 5.287569e-07
1261 5.246222e-07
1262 4.441693e-07
1263 3.254947e-07
1264 2.410880e-07
1265 1.659459e-07
1266 9.705597e-08
1267 5.544031e-08
1268 3.212598e-08
1269 1.892327e-08
1270 1.180951e-08
1271 0.000000e+00
1272 0.000000e+00
1273 0.000000e+00
1274 0.000000e+00
1275 9.370387e-08
1276 9.755571e-08
1277 8.826658e-08
1278 6.751603e-08
1279 4.880539e-08
1280 3.655488e-08
1281 2.065104e-08
1282 1.246919e-08
1283 7.046472e-09
1284 4.070540e-09
1285 2.437193e-09
1286 0.000000e+00
1287 0.000000e+00
1288 0.000000e+00
1289 0.000000e+00
1290 1.733426e-07
1291 1.808693e-07
1292 1.641882e-07
1293 1.259552e-07
1294 9.098793e-08
1295 6.826198e-08
1296 3.868136e-08
1297 2.343742e-08
1298 1.321308e-08
1299 7.613138e-09
1300 4.548746e-09
1301 0.000000e+00
1302 0.000000e+00
1303 0.000000e+00
1304 0.000000e+00
1305 2.424156e-07
1306 2.531393e-07
1307 2.300557e-07
1308 1.766631e-07
1309 1.275895e-07
1310 9.577541e-08
1311 5.433166e-08
1312 3.295896e-08
1313 1.856597e-08
1314 1.068757e-08
1315 6.381058e-09
1316 0.000000e+00
1317 0.000000e+00
1318 0.000000e+00
1319 0.000000e+00
1320 3.078127e-07
1321 3.215594e-07
1322 2.924139e-07
1323 2.246698e-07
1324 1.622414e-07
1325 1.218225e-07
1326 6.914678e-08
1327 4.197219e-08
1328 2.363314e-08
1329 1.359797e-08
1330 8.115707e-09
1331 0.000000e+00
1332 0.000000e+00
1333 0.000000e+00
1334 0.000000e+00
1335 3.841127e-07
1336 4.013869e-07
1337 3.651692e-07
1338 2.806778e-07
1339 2.026678e-07
1340 1.522108e-07
1341 8.643141e-08
1342 5.248810e-08
1343 2.954500e-08
1344 1.699357e-08
1345 1.013949e-08
1346 0.000000e+00
1347 0.000000e+00
1348 0.000000e+00
1349 0.000000e+00
1350 7.187142e-08
1351 7.778938e-08
1352 7.458699e-08
1353 6.043630e-08
1354 4.359960e-08
1355 3.286967e-08
1356 2.052700e-08
1357 1.258700e-08
1358 6.987868e-09
1359 3.847762e-09
1360 2.224076e-09
1361 1.352682e-09
1362 0.000000e+00
1363 0.000000e+00
1364 0.000000e+00
1365 1.383847e-07
1366 1.500361e-07
1367 1.442378e-07
1368 1.172356e-07
1369 8.463326e-08
1370 6.374050e-08
1371 4.008906e-08
1372 2.450670e-08
1373 1.360821e-08
1374 7.497112e-09
1375 4.323068e-09
1376 2.623271e-09
1377 0.000000e+00
1378 0.000000e+00
1379 0.000000e+00
1380 2.009600e-07
1381 2.180095e-07
1382 2.097746e-07
1383 1.706848e-07
1384 1.232489e-07
1385 9.279019e-08
1386 5.850150e-08
1387 3.572442e-08
1388 1.983871e-08
1389 1.093194e-08
1390 6.298455e-09
1391 3.818930e-09
1392 0.000000e+00
1393 0.000000e+00
1394 0.000000e+00
1395 2.739131e-07
1396 2.972551e-07
1397 2.861771e-07
1398 2.329949e-07
1399 1.682653e-07
1400 1.266556e-07
1401 7.996600e-08
1402 4.880157e-08
1403 2.710196e-08
1404 1.493600e-08
1405 8.601264e-09
1406 5.212806e-09
1407 0.000000e+00
1408 0.000000e+00
1409 0.000000e+00
1410 5.867679e-08
1411 6.548471e-08
1412 6.578237e-08
1413 5.650060e-08
1414 4.164445e-08
1415 3.067364e-08
1416 2.160647e-08
1417 1.232875e-08
1418 6.940464e-09
1419 3.927282e-09
1420 2.184547e-09
1421 1.274118e-09
1422 0.000000e+00
1423 0.000000e+00
1424 0.000000e+00
1425 1.178734e-07
1426 1.317401e-07
1427 1.326306e-07
1428 1.142631e-07
1429 8.436696e-08
1430 6.206070e-08
1431 4.393004e-08
1432 2.498173e-08
1433 1.409477e-08
1434 7.974392e-09
1435 4.433278e-09
1436 2.580402e-09
1437 0.000000e+00
1438 0.000000e+00
1439 0.000000e+00
1440 1.864269e-07
1441 2.084696e-07
1442 2.100488e-07
1443 1.811595e-07
1444 1.338462e-07
1445 9.841106e-08
1446 6.978472e-08
1447 3.963609e-08
1448 2.238114e-08
1449 1.266165e-08
1450 7.037766e-09
1451 4.093268e-09
1452 0.000000e+00
1453 0.000000e+00
1454 0.000000e+00
1455 5.128875e-08
1456 5.877489e-08
1457 6.143436e-08
1458 5.581844e-08
1459 4.280607e-08
1460 3.091711e-08
1461 2.322167e-08
1462 1.301872e-08
1463 7.787008e-09
1464 4.266371e-09
1465 2.351973e-09
1466 1.313267e-09
1467 0.000000e+00
1468 0.000000e+00
1469 0.000000e+00
1470 1.143825e-07
1471 1.312505e-07
1472 1.374573e-07
1473 1.252556e-07
1474 9.630680e-08
1475 6.951883e-08
1476 5.228802e-08
1477 2.940336e-08
1478 1.764870e-08
1479 9.651086e-09
1480 5.307775e-09
1481 2.957599e-09
1482 0.000000e+00
1483 0.000000e+00
1484 0.000000e+00
1485 5.363002e-08
1486 6.301841e-08
1487 6.832975e-08
1488 6.560041e-08
1489 5.319112e-08
1490 3.838069e-08
1491 2.895396e-08
1492 1.800394e-08
1493 1.095649e-08
1494 5.945672e-09
1495 3.131674e-09
1496 1.689596e-09
1497 9.408954e-10
1498 0.000000e+00
1499 0.000000e+00
1500 1.109684e-04
1501 8.086786e-05
1502 6.035546e-05
1503 3.805236e-05
1504 2.321989e-05
1505 1.369104e-05
1506 8.324421e-06
1507 5.304277e-06
1508 3.565556e-06
1509 0.000000e+00
1510 0.000000e+00
1511 0.000000e+00
1512 0.000000e+00
1513 0.000000e+00
1514 0.000000e+00
1515 5.757601e-05
1516 4.644359e-05
1517 3.369791e-05
1518 2.528332e-05
1519 1.597668e-05
1520 9.754545e-06
1521 5.648866e-06
1522 3.364481e-06
1523 2.093966e-06
1524 1.379138e-06
1525 0.000000e+00
1526 0.000000e+00
1527 0.000000e+00
1528 0.000000e+00
1529 0.000000e+00
1530 4.047788e-05
1531 3.713775e-05
1532 2.882267e-05
1533 2.080348e-05
1534 1.566222e-05
1535 9.111532e-06
1536 5.625604e-06
1537 3.225263e-06
1538 1.896511e-06
1539 1.174730e-06
1540 0.000000e+00
1541 0.000000e+00
1542 0.000000e+00
1543 0.000000e+00
1544 0.000000e+00
1545 2.912801e-05
1546 2.891312e-05
1547 2.448503e-05
1548 1.793535e-05
1549 1.328396e-05
1550 9.154542e-06
1551 5.351144e-06
1552 3.053081e-06
1553 1.771954e-06
1554 1.042590e-06
1555 6.506122e-07
1556 0.000000e+00
1557 0.000000e+00
1558 0.000000e+00
1559 0.000000e+00
1560 2.085098e-05
1561 2.179680e-05
1562 1.983793e-05
1563 1.524768e-05
1564 1.100576e-05
1565 8.274949e-06
1566 4.689296e-06
1567 2.850415e-06
1568 1.602925e-06
1569 9.233707e-07
1570 5.506294e-07
1571 0.000000e+00
1572 0.000000e+00
1573 0.000000e+00
1574 0.000000e+00
1575 1.487210e-05
1576 1.614453e-05
1577 1.554949e-05
1578 1.266314e-05
1579 9.143013e-06
1580 6.883420e-06
1581 4.347301e-06
1582 2.655947e-06
1583 1.474901e-06
1584 8.112783e-07
1585 4.673052e-07
1586 2.832009e-07
1587 0.000000e+00
1588 0.000000e+00
1589 0.000000e+00
1590 1.001028e-05
1591 1.119728e-05
1592 1.128693e-05
1593 9.739022e-06
1594 7.195644e-06
1595 5.289411e-06
1596 3.755371e-06
1597 2.130464e-06
1598 1.202339e-06
1599 6.811759e-07
1600 3.783133e-07
1601 2.200058e-07
1602 0.000000e+00
1603 0.000000e+00
1604 0.000000e+00
1605 6.201116e-06
1606 7.118100e-06
1607 7.458527e-06
1608 6.801106e-06
1609 5.231433e-06
1610 3.775220e-06
1611 2.841823e-06
1612 1.597077e-06
1613 9.596537e-07
1614 5.242846e-07
1615 2.885232e-07
1616 1.606418e-07
1617 0.000000e+00
1618 0.000000e+00
1619 0.000000e+00
1620 3.163407e-06
1621 3.720115e-06
1622 4.038202e-06
1623 3.883392e-06
1624 3.154630e-06
1625 2.276770e-06
1626 1.716871e-06
1627 1.071974e-06
1628 6.518364e-07
1629 3.538249e-07
1630 1.861971e-07
1631 1.003484e-07
1632 5.578990e-08
1633 0.000000e+00
1634 0.000000e+00
1635 8.891198e-07
1636 1.072208e-06
1637 1.206146e-06
1638 1.224576e-06
1639 1.066696e-06
1640 7.933436e-07
1641 5.815894e-07
1642 4.169104e-07
1643 2.343421e-07
1644 1.314261e-07
1645 7.164692e-08
1646 3.730540e-08
1647 1.958823e-08
1648 0.000000e+00
1649 0.000000e+00
