0 2.215415e-09
1 1.438982e-09
2 9.047374e-10
3 5.700317e-10
4 3.665671e-10
5 2.412748e-10
6 1.604524e-10
7 1.053607e-10
8 6.673075e-11
9 4.005693e-11
10 2.255819e-11
11 1.191319e-11
12 5.935159e-12
13 2.822357e-12
14 1.296893e-12
15 3.754701e-09
16 2.496122e-09
17 1.585699e-09
18 9.885245e-10
19 6.253207e-10
20 4.050872e-10
21 2.680729e-10
22 1.777641e-10
23 1.152259e-10
24 7.144032e-11
25 4.171699e-11
26 2.280905e-11
27 1.170774e-11
28 5.694311e-12
29 2.657305e-12
30 4.297911e-09
31 2.876622e-09
32 1.837556e-09
33 1.144008e-09
34 7.207376e-10
35 4.644367e-10
36 3.064231e-10
37 2.033750e-10
38 1.324687e-10
39 8.277330e-11
40 4.881432e-11
41 2.697050e-11
42 1.397140e-11
43 6.846945e-12
44 3.212107e-12
45 4.597674e-09
46 3.086378e-09
47 1.976120e-09
48 1.229836e-09
49 7.733072e-10
50 4.972328e-10
51 3.275741e-10
52 2.174730e-10
53 1.419619e-10
54 8.901212e-11
55 5.272943e-11
56 2.925991e-11
57 1.521998e-11
58 7.482259e-12
59 3.518407e-12
60 4.798252e-09
61 3.227169e-09
62 2.069226e-09
63 1.287437e-09
64 8.086602e-10
65 5.192519e-10
66 3.417763e-10
67 2.269138e-10
68 1.483126e-10
69 9.319997e-11
70 5.534612e-11
71 3.079820e-11
72 1.606046e-11
73 7.910359e-12
74 3.724310e-12
75 4.948966e-09
76 3.332663e-09
77 2.139122e-09
78 1.330685e-09
79 8.351552e-10
80 5.357169e-10
81 3.524375e-10
82 2.340382e-10
83 1.531155e-10
84 9.636092e-11
85 5.732330e-11
86 3.195126e-11
87 1.668821e-11
88 8.229319e-12
89 3.878199e-12
90 5.071606e-09
91 3.418689e-09
92 2.195864e-09
93 1.365821e-09
94 8.566825e-10
95 5.491500e-10
96 3.610978e-10
97 2.397935e-10
98 1.569935e-10
99 9.892560e-11
100 5.893523e-11
101 3.289628e-11
102 1.720172e-11
103 8.490659e-12
104 4.004158e-12
105 5.178400e-09
106 3.493152e-09
107 2.245348e-09
108 1.396194e-09
109 8.755020e-10
110 5.607642e-10
111 3.685934e-10
112 2.448486e-10
113 1.603508e-10
114 1.011252e-10
115 6.032527e-11
116 3.370803e-11
117 1.764322e-11
118 8.715663e-12
119 4.113630e-12
120 5.281714e-09
121 3.565982e-09
122 2.293737e-09
123 1.425808e-09
124 8.936626e-10
125 5.721266e-10
126 3.759346e-10
127 2.497395e-10
128 1.636929e-10
129 1.033165e-10
130 6.168978e-11
131 3.450507e-11
132 1.807797e-11
133 8.937025e-12
134 4.219186e-12
135 5.396377e-09
136 3.645866e-09
137 2.347199e-09
138 1.459267e-09
139 9.139798e-10
140 5.848096e-10
141 3.841079e-10
142 2.551166e-10
143 1.673432e-10
144 1.057387e-10
145 6.320041e-11
146 3.539592e-11
147 1.856433e-11
148 9.182662e-12
149 4.337464e-12
150 7.885093e-09
151 5.428003e-09
152 3.564229e-09
153 2.225969e-09
154 1.380322e-09
155 8.703953e-10
156 5.645297e-10
157 3.736491e-10
158 2.470588e-10
159 1.590394e-10
160 9.752171e-11
161 5.618794e-11
162 3.027533e-11
163 1.531922e-11
164 7.357549e-12
165 9.964948e-09
166 6.946572e-09
167 4.627770e-09
168 2.920107e-09
169 1.801428e-09
170 1.126642e-09
171 7.227829e-10
172 4.753327e-10
173 3.147728e-10
174 2.045065e-10
175 1.273687e-10
176 7.481119e-11
177 4.112234e-11
178 2.118132e-11
179 1.031707e-11
180 1.117061e-08
181 7.830539e-09
182 5.247879e-09
183 3.328501e-09
184 2.050050e-09
185 1.277932e-09
186 8.156641e-10
187 5.347789e-10
188 3.541633e-10
189 2.309751e-10
190 1.447740e-10
191 8.571088e-11
192 4.751020e-11
193 2.466418e-11
194 1.208845e-11
195 1.198192e-08
196 8.426270e-09
197 5.665870e-09
198 3.603657e-09
199 2.217653e-09
200 1.379786e-09
201 8.783643e-10
202 5.748527e-10
203 3.807902e-10
204 2.488355e-10
205 1.565241e-10
206 9.307847e-11
207 5.183208e-11
208 2.702023e-11
209 1.328611e-11
210 1.258897e-08
211 8.872872e-09
212 5.979343e-09
213 3.809653e-09
214 2.343425e-09
215 1.456246e-09
216 9.253506e-10
217 6.049487e-10
218 4.006649e-10
219 2.621669e-10
220 1.652837e-10
221 9.858117e-11
222 5.505197e-11
223 2.877835e-11
224 1.418102e-11
225 1.308349e-08
226 9.235515e-09
227 6.234008e-09
228 3.977479e-09
229 2.445411e-09
230 1.518142e-09
231 9.634098e-10
232 6.293184e-10
233 4.168230e-10
234 2.730220e-10
235 1.724295e-10
236 1.030355e-10
237 5.767297e-11
238 3.020505e-11
239 1.490721e-11
240 1.351274e-08
241 9.550266e-09
242 6.454898e-09
243 4.122967e-09
244 2.534164e-09
245 1.572234e-09
246 9.965839e-10
247 6.505246e-10
248 4.309468e-10
249 2.824864e-10
250 1.786543e-10
251 1.069485e-10
252 5.996805e-11
253 3.145471e-11
254 1.553729e-11
255 1.392799e-08
256 9.855657e-09
257 6.669607e-09
258 4.264160e-09
259 2.620454e-09
260 1.624789e-09
261 1.028696e-09
262 6.710425e-10
263 4.445556e-10
264 2.916174e-10
265 1.846601e-10
266 1.107123e-10
267 6.217575e-11
268 3.265324e-11
269 1.615227e-11
270 1.439591e-08
271 1.019935e-08
272 6.910524e-09
273 4.422944e-09
274 2.716658e-09
275 1.683779e-09
276 1.065119e-09
277 6.942257e-10
278 4.598598e-10
279 3.018973e-10
280 1.914376e-10
281 1.149620e-10
282 6.466785e-11
283 3.401030e-11
284 1.684260e-11
285 1.364115e-08
286 9.704233e-09
287 6.590772e-09
288 4.252494e-09
289 2.620414e-09
290 1.623069e-09
291 1.023268e-09
292 6.638619e-10
293 4.379697e-10
294 2.870657e-10
295 1.822670e-10
296 1.099300e-10
297 6.225436e-11
298 3.300639e-11
299 1.646867e-11
300 1.604840e-08
301 1.154654e-08
302 7.912766e-09
303 5.164009e-09
304 3.194283e-09
305 1.968573e-09
306 1.231523e-09
307 7.928155e-10
308 5.211037e-10
309 3.423416e-10
310 2.190706e-10
311 1.337156e-10
312 7.681072e-11
313 4.131882e-11
314 2.088215e-11
315 1.769946e-08
316 1.281791e-08
317 8.826650e-09
318 5.796291e-09
319 3.594629e-09
320 2.208932e-09
321 1.376683e-09
322 8.824794e-10
323 5.787497e-10
324 3.805659e-10
325 2.445154e-10
326 1.501832e-10
327 8.691344e-11
328 4.710782e-11
329 2.396784e-11
330 1.893752e-08
331 1.377075e-08
332 9.513556e-09
333 6.270205e-09
334 3.894853e-09
335 2.389651e-09
336 1.485699e-09
337 9.497526e-10
338 6.220632e-10
339 4.092464e-10
340 2.636030e-10
341 1.625351e-10
342 9.449358e-11
343 5.145306e-11
344 2.628532e-11
345 1.994540e-08
346 1.454600e-08
347 1.007007e-08
348 6.654653e-09
349 4.138291e-09
350 2.536547e-09
351 1.573731e-09
352 1.004243e-09
353 6.570521e-10
354 4.324565e-10
355 2.790541e-10
356 1.725335e-10
357 1.006291e-10
358 5.496925e-11
359 2.816225e-11
360 2.082315e-08
361 1.522168e-08
362 1.055573e-08
363 6.989224e-09
364 4.350471e-09
365 2.663937e-09
366 1.650685e-09
367 1.051802e-09
368 6.876270e-10
369 4.527530e-10
370 2.925517e-10
371 1.812683e-10
372 1.059893e-10
373 5.804200e-11
374 2.979763e-11
375 2.166773e-08
376 1.587309e-08
377 1.102448e-08
378 7.312435e-09
379 4.555412e-09
380 2.786910e-09
381 1.724823e-09
382 1.097564e-09
383 7.170571e-10
384 4.722767e-10
385 3.055580e-10
386 1.896788e-10
387 1.111482e-10
388 6.099742e-11
389 3.137247e-11
390 2.262186e-08
391 1.660610e-08
392 1.155096e-08
393 7.677125e-09
394 4.785985e-09
395 2.926554e-09
396 1.808951e-09
397 1.149548e-09
398 7.503798e-10
399 4.944193e-10
400 3.202866e-10
401 1.992140e-10
402 1.169889e-10
403 6.434529e-11
404 3.316204e-11
405 1.967220e-08
406 1.441615e-08
407 1.000402e-08
408 6.632394e-09
409 4.150832e-09
410 2.541726e-09
411 1.576282e-09
412 1.002251e-09
413 6.533648e-10
414 4.291327e-10
415 2.768652e-10
416 1.715421e-10
417 1.004708e-10
418 5.519907e-11
419 2.845660e-11
420 2.233343e-08
421 1.655712e-08
422 1.157946e-08
423 7.740741e-09
424 4.886074e-09
425 2.983885e-09
426 1.842459e-09
427 1.162824e-09
428 7.537386e-10
429 4.944233e-10
430 3.201851e-10
431 1.999541e-10
432 1.183681e-10
433 6.581370e-11
434 3.432513e-11
435 2.434683e-08
436 1.818139e-08
437 1.277457e-08
438 8.584868e-09
439 5.446351e-09
440 3.321614e-09
441 2.046064e-09
442 1.285306e-09
443 8.303572e-10
444 5.441418e-10
445 3.531398e-10
446 2.215667e-10
447 1.319978e-10
448 7.391161e-11
449 3.881198e-11
450 2.597836e-08
451 1.949920e-08
452 1.374851e-08
453 9.270725e-09
454 5.901067e-09
455 3.596068e-09
456 2.211005e-09
457 1.384804e-09
458 8.923716e-10
459 5.844512e-10
460 3.798619e-10
461 2.390919e-10
462 1.430481e-10
463 8.047709e-11
464 4.245042e-11
465 2.740573e-08
466 2.065064e-08
467 1.459610e-08
468 9.866724e-09
469 6.297632e-09
470 3.835773e-09
471 2.354814e-09
472 1.471454e-09
473 9.465298e-10
474 6.196438e-10
475 4.031759e-10
476 2.543821e-10
477 1.526898e-10
478 8.620600e-11
479 4.562521e-11
480 2.877782e-08
481 2.175782e-08
482 1.541124e-08
483 1.044147e-08
484 6.679868e-09
485 4.065672e-09
486 2.493521e-09
487 1.554784e-09
488 9.986026e-10
489 6.534789e-10
490 4.256467e-10
491 2.691160e-10
492 1.619786e-10
493 9.171385e-11
494 4.867572e-11
495 3.033170e-08
496 2.300662e-08
497 1.633462e-08
498 1.109219e-08
499 7.111820e-09
500 4.326360e-09
501 2.650426e-09
502 1.649356e-09
503 1.057617e-09
504 6.918084e-10
505 4.510104e-10
506 2.857407e-10
507 1.724725e-10
508 9.795780e-11
509 5.213370e-11
510 2.602656e-08
511 1.962842e-08
512 1.388701e-08
513 9.381195e-09
514 6.003204e-09
515 3.666153e-09
516 2.252253e-09
517 1.406579e-09
518 9.034142e-10
519 5.901929e-10
520 3.832525e-10
521 2.414873e-10
522 1.449057e-10
523 8.188921e-11
524 4.343234e-11
525 2.894203e-08
526 2.207998e-08
527 1.574645e-08
528 1.070912e-08
529 6.911822e-09
530 4.228333e-09
531 2.588810e-09
532 1.606215e-09
533 1.025509e-09
534 6.677167e-10
535 4.340459e-10
536 2.748964e-10
537 1.663131e-10
538 9.493622e-11
539 5.088660e-11
540 3.131955e-08
541 2.408118e-08
542 1.726520e-08
543 1.179504e-08
544 7.654893e-09
545 4.690002e-09
546 2.864180e-09
547 1.769842e-09
548 1.125254e-09
549 7.310990e-10
550 4.755433e-10
551 3.021835e-10
552 1.837989e-10
553 1.055997e-10
554 5.698538e-11
555 3.339240e-08
556 2.582706e-08
557 1.859403e-08
558 1.274163e-08
559 8.303957e-09
560 5.091999e-09
561 3.104775e-09
562 1.912631e-09
563 1.212458e-09
564 7.864225e-10
565 5.117539e-10
566 3.259921e-10
567 1.990563e-10
568 1.149053e-10
569 6.230840e-11
570 3.539175e-08
571 2.751084e-08
572 1.987248e-08
573 1.365539e-08
574 8.930651e-09
575 5.480190e-09
576 3.336910e-09
577 2.050548e-09
578 1.296562e-09
579 8.398018e-10
580 5.467125e-10
581 3.489771e-10
582 2.137854e-10
583 1.238875e-10
584 6.744564e-11
585 3.765861e-08
586 2.941404e-08
587 2.131973e-08
588 1.468827e-08
589 9.636745e-09
590 5.918396e-09
591 3.598873e-09
592 2.205965e-09
593 1.391415e-09
594 8.999967e-10
595 5.861254e-10
596 3.748976e-10
597 2.303973e-10
598 1.340181e-10
599 7.323990e-11
600 3.280147e-08
601 2.543300e-08
602 1.835060e-08
603 1.258800e-08
604 8.219124e-09
605 5.060722e-09
606 3.083012e-09
607 1.898595e-09
608 1.201307e-09
609 7.774564e-10
610 5.050636e-10
611 3.215078e-10
612 1.964200e-10
613 1.135828e-10
614 6.176813e-11
615 3.604636e-08
616 2.826454e-08
617 2.057455e-08
618 1.419860e-08
619 9.340943e-09
620 5.782211e-09
621 3.511067e-09
622 2.152557e-09
623 1.353184e-09
624 8.717306e-10
625 5.657597e-10
626 3.612369e-10
627 2.220891e-10
628 1.295306e-10
629 7.112537e-11
630 3.888161e-08
631 3.074568e-08
632 2.252117e-08
633 1.560874e-08
634 1.032529e-08
635 6.415600e-09
636 3.887119e-09
637 2.375577e-09
638 1.486669e-09
639 9.543857e-10
640 6.189625e-10
641 3.960474e-10
642 2.445800e-10
643 1.435083e-10
644 7.933144e-11
645 4.161549e-08
646 3.313778e-08
647 2.439927e-08
648 1.697093e-08
649 1.127460e-08
650 7.026820e-09
651 4.249967e-09
652 2.590850e-09
653 1.615406e-09
654 1.034162e-09
655 6.702843e-10
656 4.296295e-10
657 2.662773e-10
658 1.569909e-10
659 8.724484e-11
660 4.471240e-08
661 3.584209e-08
662 2.652191e-08
663 1.850829e-08
664 1.234586e-08
665 7.716395e-09
666 4.659037e-09
667 2.833550e-09
668 1.760625e-09
669 1.124206e-09
670 7.282046e-10
671 4.675325e-10
672 2.907683e-10
673 1.722094e-10
674 9.617908e-11
675 4.022454e-08
676 3.202724e-08
677 2.360583e-08
678 1.642757e-08
679 1.091032e-08
680 6.820683e-09
681 4.128258e-09
682 2.519498e-09
683 1.569587e-09
684 1.003391e-09
685 6.491736e-10
686 4.154213e-10
687 2.571794e-10
688 1.515992e-10
689 8.431219e-11
690 4.396393e-08
691 3.541451e-08
692 2.635807e-08
693 1.845686e-08
694 1.234201e-08
695 7.773155e-09
696 4.697846e-09
697 2.858135e-09
698 1.768686e-09
699 1.123909e-09
700 7.251592e-10
701 4.646036e-10
702 2.890220e-10
703 1.716329e-10
704 9.632439e-11
705 4.757763e-08
706 3.868871e-08
707 2.901505e-08
708 2.042243e-08
709 1.372837e-08
710 8.695471e-09
711 5.249542e-09
712 3.185754e-09
713 1.961469e-09
714 1.240621e-09
715 7.987165e-10
716 5.122021e-10
717 3.198210e-10
718 1.910191e-10
719 1.079492e-10
720 5.166276e-08
721 4.239027e-08
722 3.201382e-08
723 2.263891e-08
724 1.528984e-08
725 9.735710e-09
726 5.871602e-09
727 3.555661e-09
728 2.178719e-09
729 1.372244e-09
730 8.815902e-10
731 5.658415e-10
732 3.545320e-10
733 2.128672e-10
734 1.210509e-10
735 4.873644e-08
736 3.986137e-08
737 3.007125e-08
738 2.125847e-08
739 1.433424e-08
740 9.129875e-09
741 5.523454e-09
742 3.347716e-09
743 2.053327e-09
744 1.293439e-09
745 8.299448e-10
746 5.315492e-10
747 3.322217e-10
748 1.990224e-10
749 1.129994e-10
750 5.344194e-08
751 4.426970e-08
752 3.378191e-08
753 2.406784e-08
754 1.633555e-08
755 1.049602e-08
756 6.362033e-09
757 3.843247e-09
758 2.341610e-09
759 1.464607e-09
760 9.352686e-10
761 5.985502e-10
762 3.753537e-10
763 2.263642e-10
764 1.296770e-10
765 5.876157e-08
766 4.925219e-08
767 3.796069e-08
768 2.723796e-08
769 1.859447e-08
770 1.203913e-08
771 7.309673e-09
772 4.403608e-09
773 2.667064e-09
774 1.657911e-09
775 1.054129e-09
776 6.741622e-10
777 4.240272e-10
778 2.572173e-10
779 1.484976e-10
780 5.953358e-08
781 5.015045e-08
782 3.889269e-08
783 2.804646e-08
784 1.920391e-08
785 1.248869e-08
786 7.625385e-09
787 4.584780e-09
788 2.771799e-09
789 1.715787e-09
790 1.086269e-09
791 6.926862e-10
792 4.353373e-10
793 2.644493e-10
794 1.531890e-10
795 6.655931e-08
796 5.696240e-08
797 4.484177e-08
798 3.270849e-08
799 2.257780e-08
800 1.483640e-08
801 9.126922e-09
802 5.466066e-09
803 3.284345e-09
804 2.013705e-09
805 1.264441e-09
806 8.031685e-10
807 5.054475e-10
808 3.088789e-10
809 1.806323e-10
810 7.623238e-08
811 6.668006e-08
812 5.371412e-08
813 3.994856e-08
814 2.793880e-08
815 1.861977e-08
816 1.164921e-08
817 6.960135e-09
818 4.158321e-09
819 2.511853e-09
820 1.553235e-09
821 9.764054e-10
822 6.127035e-10
823 3.761706e-10
824 2.224114e-10
825 5.047574e-07
826 3.686755e-07
827 2.731805e-07
828 1.700254e-07
829 1.035818e-07
830 6.136426e-08
831 3.747001e-08
832 2.403926e-08
833 1.622819e-08
834 0.000000e+00
835 0.000000e+00
836 0.000000e+00
837 0.000000e+00
838 0.000000e+00
839 0.000000e+00
840 7.611542e-07
841 5.560913e-07
842 4.124982e-07
843 2.596994e-07
844 1.578212e-07
845 9.337995e-08
846 5.691116e-08
847 3.637565e-08
848 2.448838e-08
849 0.000000e+00
850 0.000000e+00
851 0.000000e+00
852 0.000000e+00
853 0.000000e+00
854 0.000000e+00
855 9.037096e-07
856 6.603138e-07
857 4.899641e-07
858 3.096379e-07
859 1.880048e-07
860 1.111984e-07
861 6.773010e-08
862 4.323787e-08
863 2.908186e-08
864 0.000000e+00
865 0.000000e+00
866 0.000000e+00
867 0.000000e+00
868 0.000000e+00
869 0.000000e+00
870 9.995759e-07
871 7.303995e-07
872 5.420591e-07
873 3.432209e-07
874 2.083044e-07
875 1.231813e-07
876 7.500584e-08
877 4.785306e-08
878 3.217090e-08
879 0.000000e+00
880 0.000000e+00
881 0.000000e+00
882 0.000000e+00
883 0.000000e+00
884 0.000000e+00
885 1.071439e-06
886 7.829412e-07
887 5.811078e-07
888 3.683950e-07
889 2.235215e-07
890 1.321642e-07
891 8.045988e-08
892 5.131259e-08
893 3.448671e-08
894 0.000000e+00
895 0.000000e+00
896 0.000000e+00
897 0.000000e+00
898 0.000000e+00
899 0.000000e+00
900 1.129679e-06
901 8.255194e-07
902 6.127563e-07
903 3.887962e-07
904 2.358527e-07
905 1.394441e-07
906 8.487971e-08
907 5.411634e-08
908 3.636337e-08
909 0.000000e+00
910 0.000000e+00
911 0.000000e+00
912 0.000000e+00
913 0.000000e+00
914 0.000000e+00
915 1.180496e-06
916 8.626704e-07
917 6.403695e-07
918 4.065988e-07
919 2.466134e-07
920 1.457957e-07
921 8.873645e-08
922 5.656258e-08
923 3.800083e-08
924 0.000000e+00
925 0.000000e+00
926 0.000000e+00
927 0.000000e+00
928 0.000000e+00
929 0.000000e+00
930 1.229555e-06
931 8.985387e-07
932 6.670291e-07
933 4.237849e-07
934 2.570013e-07
935 1.519275e-07
936 9.245967e-08
937 5.892422e-08
938 3.958159e-08
939 0.000000e+00
940 0.000000e+00
941 0.000000e+00
942 0.000000e+00
943 0.000000e+00
944 0.000000e+00
945 1.284889e-06
946 9.389957e-07
947 6.970974e-07
948 4.431703e-07
949 2.687178e-07
950 1.588442e-07
951 9.665953e-08
952 6.158784e-08
953 4.136473e-08
954 0.000000e+00
955 0.000000e+00
956 0.000000e+00
957 0.000000e+00
958 0.000000e+00
959 0.000000e+00
960 3.373717e-07
961 2.686867e-07
962 1.949047e-07
963 1.461648e-07
964 9.042923e-08
965 5.535550e-08
966 3.217510e-08
967 1.923897e-08
968 1.205690e-08
969 7.982634e-09
970 0.000000e+00
971 0.000000e+00
972 0.000000e+00
973 0.000000e+00
974 0.000000e+00
975 5.204845e-07
976 4.173660e-07
977 3.030446e-07
978 2.270488e-07
979 1.422994e-07
980 8.676359e-08
981 5.039476e-08
982 3.009320e-08
983 1.879085e-08
984 1.240468e-08
985 0.000000e+00
986 0.000000e+00
987 0.000000e+00
988 0.000000e+00
989 0.000000e+00
990 6.451332e-07
991 5.186601e-07
992 3.767365e-07
993 2.821536e-07
994 1.776909e-07
995 1.081775e-07
996 6.281798e-08
997 3.749426e-08
998 2.338093e-08
999 1.541780e-08
1000 0.000000e+00
1001 0.000000e+00
1002 0.000000e+00
1003 0.000000e+00
1004 0.000000e+00
1005 7.385539e-07
1006 5.945711e-07
1007 4.319596e-07
1008 3.234502e-07
1009 2.042137e-07
1010 1.242244e-07
1011 7.212819e-08
1012 4.304087e-08
1013 2.682062e-08
1014 1.767583e-08
1015 0.000000e+00
1016 0.000000e+00
1017 0.000000e+00
1018 0.000000e+00
1019 0.000000e+00
1020 8.142670e-07
1021 6.560891e-07
1022 4.767144e-07
1023 3.569166e-07
1024 2.257093e-07
1025 1.372306e-07
1026 7.967378e-08
1027 4.753580e-08
1028 2.960850e-08
1029 1.950570e-08
1030 0.000000e+00
1031 0.000000e+00
1032 0.000000e+00
1033 0.000000e+00
1034 0.000000e+00
1035 8.803205e-07
1036 7.097641e-07
1037 5.157660e-07
1038 3.861161e-07
1039 2.444632e-07
1040 1.485777e-07
1041 8.625684e-08
1042 5.145780e-08
1043 3.204082e-08
1044 2.110248e-08
1045 0.000000e+00
1046 0.000000e+00
1047 0.000000e+00
1048 0.000000e+00
1049 0.000000e+00
1050 9.440969e-07
1051 7.615893e-07
1052 5.534663e-07
1053 4.143072e-07
1054 2.625688e-07
1055 1.595341e-07
1056 9.261304e-08
1057 5.524422e-08
1058 3.438914e-08
1059 2.264400e-08
1060 0.000000e+00
1061 0.000000e+00
1062 0.000000e+00
1063 0.000000e+00
1064 0.000000e+00
1065 1.016035e-06
1066 8.200482e-07
1067 5.959946e-07
1068 4.461109e-07
1069 2.829934e-07
1070 1.718932e-07
1071 9.978271e-08
1072 5.951582e-08
1073 3.703812e-08
1074 2.438294e-08
1075 0.000000e+00
1076 0.000000e+00
1077 0.000000e+00
1078 0.000000e+00
1079 0.000000e+00
1080 1.985038e-07
1081 1.805336e-07
1082 1.390871e-07
1083 1.005813e-07
1084 7.537006e-08
1085 4.356771e-08
1086 2.670231e-08
1087 1.539577e-08
1088 9.104120e-09
1089 5.664025e-09
1090 0.000000e+00
1091 0.000000e+00
1092 0.000000e+00
1093 0.000000e+00
1094 0.000000e+00
1095 3.306876e-07
1096 3.020836e-07
1097 2.336902e-07
1098 1.688878e-07
1099 1.267416e-07
1100 7.367433e-08
1101 4.527371e-08
1102 2.604135e-08
1103 1.534425e-08
1104 9.524300e-09
1105 0.000000e+00
1106 0.000000e+00
1107 0.000000e+00
1108 0.000000e+00
1109 0.000000e+00
1110 4.309700e-07
1111 3.943490e-07
1112 3.055354e-07
1113 2.207606e-07
1114 1.657562e-07
1115 9.655874e-08
1116 5.939131e-08
1117 3.413247e-08
1118 2.008517e-08
1119 1.245631e-08
1120 0.000000e+00
1121 0.000000e+00
1122 0.000000e+00
1123 0.000000e+00
1124 0.000000e+00
1125 5.121997e-07
1126 4.690776e-07
1127 3.637260e-07
1128 2.627754e-07
1129 1.973550e-07
1130 1.150932e-07
1131 7.082561e-08
1132 4.068577e-08
1133 2.392491e-08
1134 1.483109e-08
1135 0.000000e+00
1136 0.000000e+00
1137 0.000000e+00
1138 0.000000e+00
1139 0.000000e+00
1140 5.830648e-07
1141 5.342782e-07
1142 4.144948e-07
1143 2.994317e-07
1144 2.249248e-07
1145 1.312641e-07
1146 8.080192e-08
1147 4.640342e-08
1148 2.727503e-08
1149 1.690294e-08
1150 0.000000e+00
1151 0.000000e+00
1152 0.000000e+00
1153 0.000000e+00
1154 0.000000e+00
1155 6.514880e-07
1156 5.972279e-07
1157 4.635129e-07
1158 3.348237e-07
1159 2.515437e-07
1160 1.468773e-07
1161 9.043384e-08
1162 5.192376e-08
1163 3.050956e-08
1164 1.890330e-08
1165 0.000000e+00
1166 0.000000e+00
1167 0.000000e+00
1168 0.000000e+00
1169 0.000000e+00
1170 7.286708e-07
1171 6.682366e-07
1172 5.188058e-07
1173 3.747464e-07
1174 2.815690e-07
1175 1.644893e-07
1176 1.012988e-07
1177 5.815063e-08
1178 3.415826e-08
1179 2.115986e-08
1180 0.000000e+00
1181 0.000000e+00
1182 0.000000e+00
1183 0.000000e+00
1184 0.000000e+00
1185 1.319420e-07
1186 1.302361e-07
1187 1.095172e-07
1188 8.000090e-08
1189 5.943185e-08
1190 4.039362e-08
1191 2.383673e-08
1192 1.358102e-08
1193 7.851166e-09
1194 4.639452e-09
1195 2.906173e-09
1196 0.000000e+00
1197 0.000000e+00
1198 0.000000e+00
1199 0.000000e+00
1200 2.313759e-07
1201 2.290411e-07
1202 1.933339e-07
1203 1.414772e-07
1204 1.049279e-07
1205 7.182404e-08
1206 4.217204e-08
1207 2.406171e-08
1208 1.392906e-08
1209 8.216069e-09
1210 5.135846e-09
1211 0.000000e+00
1212 0.000000e+00
1213 0.000000e+00
1214 0.000000e+00
1215 3.126542e-07
1216 3.098295e-07
1217 2.618940e-07
1218 1.917742e-07
1219 1.421442e-07
1220 9.754948e-08
1221 5.717319e-08
1222 3.263824e-08
1223 1.890268e-08
1224 1.114256e-08
1225 6.959947e-09
1226 0.000000e+00
1227 0.000000e+00
1228 0.000000e+00
1229 0.000000e+00
1230 3.835091e-07
1231 3.802569e-07
1232 3.216565e-07
1233 2.356168e-07
1234 1.745845e-07
1235 1.199756e-07
1236 7.024946e-08
1237 4.011450e-08
1238 2.323828e-08
1239 1.369368e-08
1240 8.549953e-09
1241 0.000000e+00
1242 0.000000e+00
1243 0.000000e+00
1244 0.000000e+00
1245 4.519226e-07
1246 4.482517e-07
1247 3.793598e-07
1248 2.779481e-07
1249 2.059076e-07
1250 1.416280e-07
1251 8.287523e-08
1252 4.733317e-08
1253 2.742448e-08
1254 1.615684e-08
1255 1.008519e-08
1256 0.000000e+00
1257 0.000000e+00
1258 0.000000e+00
1259 0.000000e+00
1260 5.290881e-07
1261 5.249507e-07
1262 4.444486e-07
1263 3.256996e-07
1264 2.412396e-07
1265 1.660508e-07
1266 9.711709e-08
1267 5.547526e-08
1268 3.214624e-08
1269 1.893520e-08
1270 1.181694e-08
1271 0.000000e+00
1272 0.000000e+00
1273 0.000000e+00
1274 0.000000e+00
1275 9.495263e-08
1276 9.886719e-08
1277 8.946840e-08
1278 6.844556e-08
1279 4.947561e-08
1280 3.705996e-08
1281 2.093967e-08
1282 1.264582e-08
1283 7.145377e-09
1284 4.127111e-09
1285 2.470801e-09
1286 0.000000e+00
1287 0.000000e+00
1288 0.000000e+00
1289 0.000000e+00
1290 1.737688e-07
1291 1.813165e-07
1292 1.645969e-07
1293 1.262705e-07
1294 9.121527e-08
1295 6.843322e-08
1296 3.877907e-08
1297 2.349698e-08
1298 1.324655e-08
1299 7.632304e-09
1300 4.560146e-09
1301 0.000000e+00
1302 0.000000e+00
1303 0.000000e+00
1304 0.000000e+00
1305 2.427705e-07
1306 2.535106e-07
1307 2.303942e-07
1308 1.769237e-07
1309 1.277776e-07
1310 9.591678e-08
1311 5.441207e-08
1312 3.300788e-08
1313 1.859347e-08
1314 1.070337e-08
1315 6.390473e-09
1316 0.000000e+00
1317 0.000000e+00
1318 0.000000e+00
1319 0.000000e+00
1320 3.093408e-07
1321 3.231586e-07
1322 2.938716e-07
1323 2.257919e-07
1324 1.630514e-07
1325 1.224313e-07
1326 6.949304e-08
1327 4.218279e-08
1328 2.375157e-08
1329 1.366600e-08
1330 8.156249e-09
1331 0.000000e+00
1332 0.000000e+00
1333 0.000000e+00
1334 0.000000e+00
1335 3.844352e-07
1336 4.017245e-07
1337 3.654765e-07
1338 2.809144e-07
1339 2.028386e-07
1340 1.523391e-07
1341 8.650442e-08
1342 5.253252e-08
1343 2.956997e-08
1344 1.700792e-08
1345 1.014804e-08
1346 0.000000e+00
1347 0.000000e+00
1348 0.000000e+00
1349 0.000000e+00
1350 7.271524e-08
1351 7.870764e-08
1352 7.547517e-08
1353 6.116319e-08
1354 4.412527e-08
1355 3.326457e-08
1356 2.077927e-08
1357 1.274019e-08
1358 7.072965e-09
1359 3.894695e-09
1360 2.251000e-09
1361 1.368939e-09
1362 0.000000e+00
1363 0.000000e+00
1364 0.000000e+00
1365 1.387466e-07
1366 1.504296e-07
1367 1.446175e-07
1368 1.175457e-07
1369 8.485733e-08
1370 6.390900e-08
1371 4.019612e-08
1372 2.457188e-08
1373 1.364441e-08
1374 7.517076e-09
1375 4.334546e-09
1376 2.630210e-09
1377 0.000000e+00
1378 0.000000e+00
1379 0.000000e+00
1380 2.024216e-07
1381 2.195971e-07
1382 2.113046e-07
1383 1.719332e-07
1384 1.241507e-07
1385 9.346854e-08
1386 5.893153e-08
1387 3.598644e-08
1388 1.998421e-08
1389 1.101216e-08
1390 6.344592e-09
1391 3.846856e-09
1392 0.000000e+00
1393 0.000000e+00
1394 0.000000e+00
1395 2.742201e-07
1396 2.975886e-07
1397 2.864987e-07
1398 2.332571e-07
1399 1.684547e-07
1400 1.267982e-07
1401 8.005634e-08
1402 4.885660e-08
1403 2.713253e-08
1404 1.495285e-08
1405 8.610956e-09
1406 5.218672e-09
1407 0.000000e+00
1408 0.000000e+00
1409 0.000000e+00
1410 5.919029e-08
1411 6.605979e-08
1412 6.636310e-08
1413 5.700308e-08
1414 4.201629e-08
1415 3.094678e-08
1416 2.180111e-08
1417 1.243889e-08
1418 7.002762e-09
1419 3.962556e-09
1420 2.204132e-09
1421 1.285485e-09
1422 0.000000e+00
1423 0.000000e+00
1424 0.000000e+00
1425 1.192519e-07
1426 1.332832e-07
1427 1.341878e-07
1428 1.156090e-07
1429 8.536225e-08
1430 6.279187e-08
1431 4.445021e-08
1432 2.527652e-08
1433 1.426147e-08
1434 8.068674e-09
1435 4.485670e-09
1436 2.610829e-09
1437 0.000000e+00
1438 0.000000e+00
1439 0.000000e+00
1440 1.867162e-07
1441 2.087934e-07
1442 2.103755e-07
1443 1.814417e-07
1444 1.340550e-07
1445 9.856443e-08
1446 6.989380e-08
1447 3.969788e-08
1448 2.241610e-08
1449 1.268143e-08
1450 7.048755e-09
1451 4.099655e-09
1452 0.000000e+00
1453 0.000000e+00
1454 0.000000e+00
1455 5.255543e-08
1456 6.022951e-08
1457 6.295920e-08
1458 5.720999e-08
1459 4.387725e-08
1460 3.169013e-08
1461 2.380362e-08
1462 1.334635e-08
1463 7.984020e-09
1464 4.373991e-09
1465 2.411103e-09
1466 1.346179e-09
1467 0.000000e+00
1468 0.000000e+00
1469 0.000000e+00
1470 1.146480e-07
1471 1.315553e-07
1472 1.377771e-07
1473 1.255477e-07
1474 9.653189e-08
1475 6.968129e-08
1476 5.241031e-08
1477 2.947229e-08
1478 1.769021e-08
1479 9.673758e-09
1480 5.320211e-09
1481 2.964517e-09
1482 0.000000e+00
1483 0.000000e+00
1484 0.000000e+00
1485 5.382823e-08
1486 6.325133e-08
1487 6.858243e-08
1488 6.584287e-08
1489 5.338768e-08
1490 3.852243e-08
1491 2.906095e-08
1492 1.807042e-08
1493 1.099700e-08
1494 5.967667e-09
1495 3.143232e-09
1496 1.695836e-09
1497 9.443710e-10
1498 0.000000e+00
1499 0.000000e+00
1500 1.109684e-04
1501 8.086786e-05
1502 6.035546e-05
1503 3.805236e-05
1504 2.321989e-05
1505 1.369104e-05
1506 8.324421e-06
1507 5.304277e-06
1508 3.565556e-06
1509 0.000000e+00
1510 0.000000e+00
1511 0.000000e+00
1512 0.000000e+00
1513 0.000000e+00
1514 0.000000e+00
1515 5.757601e-05
1516 4.644359e-05
1517 3.369791e-05
1518 2.528332e-05
1519 1.597668e-05
1520 9.754545e-06
1521 5.648866e-06
1522 3.364481e-06
1523 2.093966e-06
1524 1.379138e-06
1525 0.000000e+00
1526 0.000000e+00
1527 0.000000e+00
1528 0.000000e+00
1529 0.000000e+00
1530 4.047788e-05
1531 3.713775e-05
1532 2.882267e-05
1533 2.080348e-05
1534 1.566222e-05
1535 9.111532e-06
1536 5.625604e-06
1537 3.225263e-06
1538 1.896511e-06
1539 1.174730e-06
1540 0.000000e+00
1541 0.000000e+00
1542 0.000000e+00
1543 0.000000e+00
1544 0.000000e+00
1545 2.912801e-05
1546 2.891312e-05
1547 2.448503e-05
1548 1.793535e-05
1549 1.328396e-05
1550 9.154542e-06
1551 5.351144e-06
1552 3.053081e-06
1553 1.771954e-06
1554 1.042590e-06
1555 6.506122e-07
1556 0.000000e+00
1557 0.000000e+00
1558 0.000000e+00
1559 0.000000e+00
1560 2.085098e-05
1561 2.179680e-05
1562 1.983793e-05
1563 1.524768e-05
1564 1.100576e-05
1565 8.274949e-06
1566 4.689296e-06
1567 2.850415e-06
1568 1.602925e-06
1569 9.233707e-07
1570 5.506294e-07
1571 0.000000e+00
1572 0.000000e+00
1573 0.000000e+00
1574 0.000000e+00
1575 1.487210e-05
1576 1.614453e-05
1577 1.554949e-05
1578 1.266314e-05
1579 9.143013e-06
1580 6.883420e-06
1581 4.347301e-06
1582 2.655947e-06
1583 1.474901e-06
1584 8.112783e-07
1585 4.673052e-07
1586 2.832009e-07
1587 0.000000e+00
1588 0.000000e+00
1589 0.000000e+00
1590 1.001028e-05
1591 1.119728e-05
1592 1.128693e-05
1593 9.739022e-06
1594 7.195644e-06
1595 5.289411e-06
1596 3.755371e-06
1597 2.130464e-06
1598 1.202339e-06
1599 6.811759e-07
1600 3.783133e-07
1601 2.200058e-07
1602 0.000000e+00
1603 0.000000e+00
1604 0.000000e+00
1605 6.201116e-06
1606 7.118100e-06
1607 7.458527e-06
1608 6.801106e-06
1609 5.231433e-06
1610 3.775220e-06
1611 2.841823e-06
1612 1.597077e-06
1613 9.596537e-07
1614 5.242846e-07
1615 2.885232e-07
1616 1.606418e-07
1617 0.000000e+00
1618 0.000000e+00
1619 0.000000e+00
1620 3.163407e-06
1621 3.720115e-06
1622 4.038202e-06
1623 3.883392e-06
1624 3.154630e-06
1625 2.276770e-06
1626 1.716871e-06
1627 1.071974e-06
1628 6.518364e-07
1629 3.538249e-07
1630 1.861971e-07
1631 1.003484e-07
1632 5.578990e-08
1633 0.000000e+00
1634 0.000000e+00
1635 8.891198e-07
1636 1.072208e-06
1637 1.206146e-06
1638 1.224576e-06
1639 1.066696e-06
1640 7.933436e-07
1641 5.815894e-07
1642 4.169104e-07
1643 2.343421e-07
1644 1.314261e-07
1645 7.164692e-08
1646 3.730540e-08
1647 1.958823e-08
1648 0.000000e+00
1649 0.000000e+00
