0 2.233286e-09
1 1.451399e-09
2 9.128050e-10
3 5.749658e-10
4 3.695795e-10
5 2.431923e-10
6 1.617296e-10
7 1.062193e-10
8 6.730661e-11
9 4.042595e-11
10 2.278909e-11
11 1.204042e-11
12 6.002592e-12
13 2.855908e-12
14 1.313007e-12
15 3.779109e-09
16 2.513480e-09
17 1.597613e-09
18 9.958437e-10
19 6.297468e-10
20 4.078436e-10
21 2.698261e-10
22 1.789302e-10
23 1.160103e-10
24 7.195668e-11
25 4.204923e-11
26 2.300816e-11
27 1.181762e-11
28 5.751317e-12
29 2.685132e-12
30 4.330637e-09
31 2.900007e-09
32 1.853503e-09
33 1.154163e-09
34 7.268515e-10
35 4.682298e-10
36 3.087691e-10
37 2.049249e-10
38 1.335043e-10
39 8.346472e-11
40 4.926630e-11
41 2.724466e-11
42 1.412703e-11
43 6.928350e-12
44 3.252168e-12
45 4.634921e-09
46 3.113343e-09
47 1.994810e-09
48 1.241655e-09
49 7.805040e-10
50 5.015907e-10
51 3.303171e-10
52 2.192385e-10
53 1.431493e-10
54 8.981025e-11
55 5.324233e-11
56 2.957433e-11
57 1.540139e-11
58 7.578314e-12
59 3.565772e-12
60 4.838833e-09
61 3.256480e-09
62 2.089468e-09
63 1.300287e-09
64 8.164371e-10
65 5.240109e-10
66 3.447787e-10
67 2.288822e-10
68 1.496088e-10
69 9.407353e-11
70 5.592520e-11
71 3.115215e-11
72 1.625826e-11
73 8.014454e-12
74 3.776927e-12
75 4.992066e-09
76 3.363696e-09
77 2.160640e-09
78 1.344231e-09
79 8.434374e-10
80 5.408281e-10
81 3.556112e-10
82 2.360988e-10
83 1.545022e-10
84 9.729235e-11
85 5.792651e-11
86 3.232483e-11
87 1.690137e-11
88 8.342699e-12
89 3.934586e-12
90 5.116087e-09
91 3.450878e-09
92 2.218277e-09
93 1.380181e-09
94 8.654306e-10
95 5.544522e-10
96 3.644251e-10
97 2.419742e-10
98 1.584621e-10
99 9.989243e-11
100 5.956612e-11
101 3.328589e-11
102 1.742467e-11
103 8.609371e-12
104 4.063334e-12
105 5.225943e-09
106 3.527530e-09
107 2.269433e-09
108 1.411806e-09
109 8.847361e-10
110 5.664863e-10
111 3.721668e-10
112 2.471405e-10
113 1.618680e-10
114 1.021390e-10
115 6.096988e-11
116 3.412395e-11
117 1.788550e-11
118 8.849217e-12
119 4.175623e-12
120 5.328777e-09
121 3.599946e-09
122 2.317425e-09
123 1.441403e-09
124 9.029022e-10
125 5.777518e-10
126 3.794011e-10
127 2.519892e-10
128 1.651874e-10
129 1.043228e-10
130 6.235027e-11
131 3.491866e-11
132 1.831654e-11
133 9.064293e-12
134 4.282835e-12
135 5.446828e-09
136 3.682320e-09
137 2.372631e-09
138 1.475633e-09
139 9.238557e-10
140 5.908389e-10
141 3.878582e-10
142 2.575441e-10
143 1.689695e-10
144 1.068306e-10
145 6.391416e-11
146 3.583717e-11
147 1.881834e-11
148 9.318313e-12
149 4.405238e-12
150 7.893753e-09
151 5.434549e-09
152 3.569460e-09
153 2.229588e-09
154 1.382587e-09
155 8.716644e-10
156 5.653137e-10
157 3.741221e-10
158 2.473575e-10
159 1.592392e-10
160 9.765874e-11
161 5.628032e-11
162 3.033288e-11
163 1.535208e-11
164 7.375155e-12
165 9.976684e-09
166 6.955643e-09
167 4.634575e-09
168 2.925165e-09
169 1.804611e-09
170 1.128430e-09
171 7.239255e-10
172 4.759886e-10
173 3.151715e-10
174 2.047788e-10
175 1.275531e-10
176 7.493470e-11
177 4.120037e-11
178 2.123063e-11
179 1.034374e-11
180 1.118868e-08
181 7.845413e-09
182 5.258513e-09
183 3.336260e-09
184 2.055027e-09
185 1.280927e-09
186 8.175556e-10
187 5.358540e-10
188 3.548494e-10
189 2.314220e-10
190 1.450804e-10
191 8.591472e-11
192 4.764239e-11
193 2.474359e-11
194 1.213195e-11
195 1.200504e-08
196 8.445839e-09
197 5.679892e-09
198 3.614015e-09
199 2.224454e-09
200 1.383887e-09
201 8.807242e-10
202 5.763364e-10
203 3.816451e-10
204 2.494063e-10
205 1.569106e-10
206 9.333944e-11
207 5.200243e-11
208 2.712148e-11
209 1.334270e-11
210 1.261652e-08
211 8.895358e-09
212 5.996294e-09
213 3.821499e-09
214 2.351363e-09
215 1.461041e-09
216 9.281450e-10
217 6.065935e-10
218 4.016707e-10
219 2.628415e-10
220 1.657413e-10
221 9.888941e-11
222 5.526023e-11
223 2.889789e-11
224 1.424888e-11
225 1.311376e-08
226 9.260014e-09
227 6.251435e-09
228 3.990651e-09
229 2.453978e-09
230 1.523567e-09
231 9.664675e-10
232 6.311565e-10
233 4.179484e-10
234 2.737508e-10
235 1.729241e-10
236 1.033761e-10
237 5.789172e-11
238 3.033586e-11
239 1.498055e-11
240 1.354744e-08
241 9.578980e-09
242 6.475875e-09
243 4.138656e-09
244 2.544511e-09
245 1.578568e-09
246 1.000133e-09
247 6.525786e-10
248 4.322377e-10
249 2.833357e-10
250 1.792288e-10
251 1.073285e-10
252 6.021650e-11
253 3.160350e-11
254 1.562586e-11
255 1.395692e-08
256 9.879546e-09
257 6.687342e-09
258 4.278279e-09
259 2.629206e-09
260 1.630036e-09
261 1.031806e-09
262 6.728007e-10
263 4.456555e-10
264 2.923332e-10
265 1.851485e-10
266 1.110474e-10
267 6.239665e-11
268 3.278939e-11
269 1.622898e-11
270 1.443465e-08
271 1.023069e-08
272 6.933620e-09
273 4.440102e-09
274 2.727791e-09
275 1.690469e-09
276 1.069057e-09
277 6.965749e-10
278 4.612983e-10
279 3.028352e-10
280 1.920729e-10
281 1.153909e-10
282 6.493863e-11
283 3.417828e-11
284 1.693594e-11
285 1.364008e-08
286 9.703914e-09
287 6.590607e-09
288 4.252529e-09
289 2.620710e-09
290 1.623141e-09
291 1.023397e-09
292 6.638989e-10
293 4.379774e-10
294 2.870572e-10
295 1.822591e-10
296 1.099277e-10
297 6.225738e-11
298 3.301075e-11
299 1.647235e-11
300 1.604813e-08
301 1.154754e-08
302 7.914175e-09
303 5.164886e-09
304 3.195090e-09
305 1.969144e-09
306 1.231821e-09
307 7.929389e-10
308 5.211817e-10
309 3.423705e-10
310 2.190917e-10
311 1.337324e-10
312 7.682582e-11
313 4.133130e-11
314 2.089102e-11
315 1.770311e-08
316 1.282216e-08
317 8.831430e-09
318 5.799450e-09
319 3.597325e-09
320 2.210698e-09
321 1.377681e-09
322 8.830023e-10
323 5.790393e-10
324 3.807262e-10
325 2.446164e-10
326 1.502541e-10
327 8.696695e-11
328 4.714508e-11
329 2.399176e-11
330 1.894743e-08
331 1.378014e-08
332 9.518635e-09
333 6.273505e-09
334 3.898826e-09
335 2.391998e-09
336 1.486978e-09
337 9.505427e-10
338 6.225359e-10
339 4.095117e-10
340 2.637565e-10
341 1.626414e-10
342 9.457244e-11
343 5.150749e-11
344 2.631896e-11
345 1.995529e-08
346 1.455609e-08
347 1.007826e-08
348 6.660698e-09
349 4.143391e-09
350 2.539121e-09
351 1.575585e-09
352 1.005280e-09
353 6.576343e-10
354 4.328019e-10
355 2.792786e-10
356 1.726868e-10
357 1.007363e-10
358 5.504359e-11
359 2.820549e-11
360 2.084039e-08
361 1.523790e-08
362 1.056919e-08
363 6.998534e-09
364 4.357713e-09
365 2.668247e-09
366 1.653305e-09
367 1.053278e-09
368 6.884835e-10
369 4.532763e-10
370 2.928895e-10
371 1.814958e-10
372 1.061435e-10
373 5.814192e-11
374 2.985790e-11
375 2.166723e-08
376 1.587445e-08
377 1.102669e-08
378 7.315441e-09
379 4.558049e-09
380 2.788912e-09
381 1.726089e-09
382 1.098181e-09
383 7.173571e-10
384 4.724228e-10
385 3.056439e-10
386 1.897465e-10
387 1.112061e-10
388 6.104421e-11
389 3.140574e-11
390 2.264035e-08
391 1.662455e-08
392 1.156584e-08
393 7.688013e-09
394 4.794536e-09
395 2.931619e-09
396 1.812096e-09
397 1.151312e-09
398 7.513781e-10
399 4.950188e-10
400 3.206770e-10
401 1.994792e-10
402 1.171815e-10
403 6.446519e-11
404 3.323145e-11
405 1.966313e-08
406 1.440908e-08
407 9.999287e-09
408 6.628607e-09
409 4.148571e-09
410 2.540626e-09
411 1.575561e-09
412 1.001807e-09
413 6.530668e-10
414 4.289218e-10
415 2.767266e-10
416 1.714510e-10
417 1.004152e-10
418 5.516790e-11
419 2.844062e-11
420 2.232339e-08
421 1.654988e-08
422 1.157495e-08
423 7.737504e-09
424 4.884242e-09
425 2.983000e-09
426 1.841907e-09
427 1.162421e-09
428 7.534764e-10
429 4.942296e-10
430 3.200494e-10
431 1.998646e-10
432 1.183163e-10
433 6.578555e-11
434 3.431145e-11
435 2.433425e-08
436 1.817666e-08
437 1.277193e-08
438 8.583063e-09
439 5.445607e-09
440 3.321389e-09
441 2.046014e-09
442 1.285164e-09
443 8.302540e-10
444 5.440363e-10
445 3.530578e-10
446 2.215116e-10
447 1.319674e-10
448 7.389865e-11
449 3.880841e-11
450 2.597580e-08
451 1.949650e-08
452 1.374687e-08
453 9.270240e-09
454 5.901273e-09
455 3.596827e-09
456 2.211394e-09
457 1.384934e-09
458 8.923254e-10
459 5.844340e-10
460 3.798306e-10
461 2.390691e-10
462 1.430393e-10
463 8.047732e-11
464 4.245522e-11
465 2.741046e-08
466 2.065665e-08
467 1.460209e-08
468 9.871212e-09
469 6.301234e-09
470 3.838504e-09
471 2.356422e-09
472 1.472327e-09
473 9.470198e-10
474 6.199130e-10
475 4.033301e-10
476 2.544807e-10
477 1.527591e-10
478 8.625460e-11
479 4.565833e-11
480 2.875116e-08
481 2.173574e-08
482 1.540045e-08
483 1.043314e-08
484 6.675370e-09
485 4.063822e-09
486 2.492240e-09
487 1.553910e-09
488 9.979839e-10
489 6.530200e-10
490 4.253010e-10
491 2.688871e-10
492 1.618415e-10
493 9.164594e-11
494 4.864510e-11
495 3.033079e-08
496 2.300979e-08
497 1.633926e-08
498 1.109566e-08
499 7.115040e-09
500 4.329179e-09
501 2.651893e-09
502 1.650161e-09
503 1.058032e-09
504 6.920126e-10
505 4.511310e-10
506 2.858088e-10
507 1.725241e-10
508 9.799865e-11
509 5.216654e-11
510 2.600868e-08
511 1.961382e-08
512 1.387665e-08
513 9.373727e-09
514 5.997984e-09
515 3.663304e-09
516 2.250519e-09
517 1.405496e-09
518 9.027646e-10
519 5.897556e-10
520 3.829607e-10
521 2.412936e-10
522 1.447846e-10
523 8.181654e-11
524 4.339180e-11
525 2.892314e-08
526 2.206451e-08
527 1.573512e-08
528 1.070044e-08
529 6.906441e-09
530 4.225229e-09
531 2.586991e-09
532 1.605060e-09
533 1.024824e-09
534 6.672528e-10
535 4.337348e-10
536 2.746886e-10
537 1.661807e-10
538 9.485728e-11
539 5.084294e-11
540 3.130248e-08
541 2.406761e-08
542 1.725591e-08
543 1.178856e-08
544 7.650884e-09
545 4.687802e-09
546 2.862862e-09
547 1.769056e-09
548 1.124694e-09
549 7.307396e-10
550 4.752928e-10
551 3.020126e-10
552 1.836907e-10
553 1.055368e-10
554 5.695240e-11
555 3.338752e-08
556 2.582406e-08
557 1.859127e-08
558 1.274084e-08
559 8.303694e-09
560 5.092191e-09
561 3.104887e-09
562 1.912944e-09
563 1.212489e-09
564 7.863998e-10
565 5.117209e-10
566 3.259639e-10
567 1.990397e-10
568 1.148976e-10
569 6.230721e-11
570 3.534097e-08
571 2.746988e-08
572 1.984302e-08
573 1.363478e-08
574 8.916721e-09
575 5.472337e-09
576 3.332096e-09
577 2.047712e-09
578 1.294786e-09
579 8.386265e-10
580 5.459158e-10
581 3.484437e-10
582 2.134444e-10
583 1.236843e-10
584 6.733408e-11
585 3.764461e-08
586 2.940565e-08
587 2.131426e-08
588 1.468502e-08
589 9.634707e-09
590 5.918014e-09
591 3.598511e-09
592 2.205816e-09
593 1.391250e-09
594 8.998358e-10
595 5.859865e-10
596 3.747954e-10
597 2.303330e-10
598 1.339842e-10
599 7.322601e-11
600 3.277847e-08
601 2.540831e-08
602 1.833494e-08
603 1.257588e-08
604 8.210636e-09
605 5.055033e-09
606 3.079950e-09
607 1.896690e-09
608 1.200124e-09
609 7.767352e-10
610 5.045948e-10
611 3.211979e-10
612 1.962201e-10
613 1.134598e-10
614 6.169691e-11
615 3.601921e-08
616 2.824081e-08
617 2.055469e-08
618 1.418546e-08
619 9.332153e-09
620 5.776505e-09
621 3.507807e-09
622 2.150543e-09
623 1.351984e-09
624 8.709815e-10
625 5.652705e-10
626 3.609120e-10
627 2.218788e-10
628 1.294007e-10
629 7.105015e-11
630 3.887139e-08
631 3.073695e-08
632 2.251509e-08
633 1.560452e-08
634 1.032257e-08
635 6.413908e-09
636 3.886299e-09
637 2.375051e-09
638 1.486421e-09
639 9.542086e-10
640 6.188101e-10
641 3.959408e-10
642 2.445103e-10
643 1.434653e-10
644 7.930762e-11
645 4.154040e-08
646 3.307336e-08
647 2.434964e-08
648 1.693541e-08
649 1.125013e-08
650 7.011091e-09
651 4.240517e-09
652 2.585525e-09
653 1.612177e-09
654 1.032142e-09
655 6.689575e-10
656 4.287490e-10
657 2.657053e-10
658 1.566371e-10
659 8.703977e-11
660 4.468677e-08
661 3.582019e-08
662 2.650675e-08
663 1.849799e-08
664 1.233873e-08
665 7.712334e-09
666 4.656849e-09
667 2.832297e-09
668 1.759813e-09
669 1.123657e-09
670 7.278170e-10
671 4.672640e-10
672 2.905909e-10
673 1.721020e-10
674 9.611920e-11
675 4.019071e-08
676 3.199659e-08
677 2.358130e-08
678 1.640899e-08
679 1.089804e-08
680 6.812336e-09
681 4.123574e-09
682 2.516593e-09
683 1.567861e-09
684 1.002339e-09
685 6.485039e-10
686 4.149623e-10
687 2.568959e-10
688 1.514113e-10
689 8.420632e-11
690 4.395572e-08
691 3.540091e-08
692 2.634888e-08
693 1.845006e-08
694 1.233777e-08
695 7.770002e-09
696 4.696188e-09
697 2.856953e-09
698 1.768094e-09
699 1.123569e-09
700 7.249156e-10
701 4.644412e-10
702 2.889161e-10
703 1.715656e-10
704 9.628453e-11
705 4.747726e-08
706 3.859808e-08
707 2.894207e-08
708 2.036955e-08
709 1.369071e-08
710 8.670578e-09
711 5.234818e-09
712 3.176950e-09
713 1.956308e-09
714 1.237479e-09
715 7.967224e-10
716 5.109021e-10
717 3.189756e-10
718 1.904866e-10
719 1.076307e-10
720 5.162589e-08
721 4.235732e-08
722 3.198467e-08
723 2.262062e-08
724 1.527707e-08
725 9.727295e-09
726 5.866995e-09
727 3.552768e-09
728 2.177055e-09
729 1.371217e-09
730 8.809221e-10
731 5.653947e-10
732 3.542365e-10
733 2.126799e-10
734 1.209395e-10
735 4.875773e-08
736 3.987669e-08
737 3.008463e-08
738 2.126863e-08
739 1.434175e-08
740 9.134873e-09
741 5.526930e-09
742 3.349532e-09
743 2.054457e-09
744 1.294090e-09
745 8.303363e-10
746 5.317940e-10
747 3.323790e-10
748 1.991217e-10
749 1.130607e-10
750 5.334936e-08
751 4.418365e-08
752 3.371056e-08
753 2.401417e-08
754 1.629762e-08
755 1.047030e-08
756 6.346506e-09
757 3.833974e-09
758 2.336251e-09
759 1.461403e-09
760 9.332748e-10
761 5.972700e-10
762 3.745247e-10
763 2.258387e-10
764 1.293577e-10
765 5.875771e-08
766 4.925320e-08
767 3.796358e-08
768 2.723946e-08
769 1.859718e-08
770 1.204147e-08
771 7.311766e-09
772 4.404745e-09
773 2.667772e-09
774 1.658259e-09
775 1.054303e-09
776 6.742404e-10
777 4.240659e-10
778 2.572421e-10
779 1.485160e-10
780 5.925958e-08
781 4.988548e-08
782 3.866165e-08
783 2.786578e-08
784 1.907354e-08
785 1.239811e-08
786 7.567675e-09
787 4.550878e-09
788 2.752130e-09
789 1.704312e-09
790 1.079391e-09
791 6.884107e-10
792 4.326180e-10
793 2.627247e-10
794 1.521242e-10
795 6.635452e-08
796 5.675964e-08
797 4.466034e-08
798 3.256332e-08
799 2.247209e-08
800 1.476215e-08
801 9.078434e-09
802 5.437724e-09
803 3.267832e-09
804 2.004206e-09
805 1.258845e-09
806 7.997465e-10
807 5.032940e-10
808 3.075149e-10
809 1.797842e-10
810 7.616074e-08
811 6.660809e-08
812 5.364845e-08
813 3.989502e-08
814 2.789920e-08
815 1.859183e-08
816 1.163059e-08
817 6.949134e-09
818 4.151873e-09
819 2.508180e-09
820 1.551107e-09
821 9.751275e-10
822 6.119113e-10
823 3.756731e-10
824 2.221022e-10
825 5.052075e-07
826 3.690063e-07
827 2.734257e-07
828 1.701960e-07
829 1.036820e-07
830 6.142335e-08
831 3.750561e-08
832 2.406141e-08
833 1.624279e-08
834 0.000000e+00
835 0.000000e+00
836 0.000000e+00
837 0.000000e+00
838 0.000000e+00
839 0.000000e+00
840 7.609663e-07
841 5.559539e-07
842 4.123961e-07
843 2.596334e-07
844 1.577813e-07
845 9.335642e-08
846 5.689688e-08
847 3.636660e-08
848 2.448232e-08
849 0.000000e+00
850 0.000000e+00
851 0.000000e+00
852 0.000000e+00
853 0.000000e+00
854 0.000000e+00
855 9.034708e-07
856 6.601393e-07
857 4.898344e-07
858 3.095543e-07
859 1.879543e-07
860 1.111685e-07
861 6.771198e-08
862 4.322638e-08
863 2.907417e-08
864 0.000000e+00
865 0.000000e+00
866 0.000000e+00
867 0.000000e+00
868 0.000000e+00
869 0.000000e+00
870 9.993278e-07
871 7.302182e-07
872 5.419243e-07
873 3.431341e-07
874 2.082519e-07
875 1.231503e-07
876 7.498702e-08
877 4.784112e-08
878 3.216291e-08
879 0.000000e+00
880 0.000000e+00
881 0.000000e+00
882 0.000000e+00
883 0.000000e+00
884 0.000000e+00
885 1.071193e-06
886 7.827614e-07
887 5.809742e-07
888 3.683088e-07
889 2.234694e-07
890 1.321335e-07
891 8.044121e-08
892 5.130076e-08
893 3.447879e-08
894 0.000000e+00
895 0.000000e+00
896 0.000000e+00
897 0.000000e+00
898 0.000000e+00
899 0.000000e+00
900 1.129439e-06
901 8.253442e-07
902 6.126261e-07
903 3.887123e-07
904 2.358020e-07
905 1.394142e-07
906 8.486152e-08
907 5.410480e-08
908 3.635564e-08
909 0.000000e+00
910 0.000000e+00
911 0.000000e+00
912 0.000000e+00
913 0.000000e+00
914 0.000000e+00
915 1.180573e-06
916 8.627267e-07
917 6.404113e-07
918 4.066258e-07
919 2.466297e-07
920 1.458053e-07
921 8.874229e-08
922 5.656629e-08
923 3.800331e-08
924 0.000000e+00
925 0.000000e+00
926 0.000000e+00
927 0.000000e+00
928 0.000000e+00
929 0.000000e+00
930 1.228460e-06
931 8.977376e-07
932 6.664337e-07
933 4.234011e-07
934 2.567693e-07
935 1.517905e-07
936 9.237652e-08
937 5.887147e-08
938 3.954628e-08
939 0.000000e+00
940 0.000000e+00
941 0.000000e+00
942 0.000000e+00
943 0.000000e+00
944 0.000000e+00
945 1.284683e-06
946 9.388454e-07
947 6.969857e-07
948 4.430983e-07
949 2.686743e-07
950 1.588185e-07
951 9.664394e-08
952 6.157795e-08
953 4.135810e-08
954 0.000000e+00
955 0.000000e+00
956 0.000000e+00
957 0.000000e+00
958 0.000000e+00
959 0.000000e+00
960 3.374232e-07
961 2.687398e-07
962 1.949462e-07
963 1.461942e-07
964 9.045589e-08
965 5.536955e-08
966 3.218322e-08
967 1.924384e-08
968 1.205967e-08
969 7.984280e-09
970 0.000000e+00
971 0.000000e+00
972 0.000000e+00
973 0.000000e+00
974 0.000000e+00
975 5.201706e-07
976 4.171114e-07
977 3.028588e-07
978 2.269099e-07
979 1.422100e-07
980 8.670955e-08
981 5.036341e-08
982 3.007452e-08
983 1.877928e-08
984 1.239708e-08
985 0.000000e+00
986 0.000000e+00
987 0.000000e+00
988 0.000000e+00
989 0.000000e+00
990 6.448120e-07
991 5.183992e-07
992 3.765467e-07
993 2.820115e-07
994 1.775998e-07
995 1.081223e-07
996 6.278598e-08
997 3.747520e-08
998 2.336911e-08
999 1.541004e-08
1000 0.000000e+00
1001 0.000000e+00
1002 0.000000e+00
1003 0.000000e+00
1004 0.000000e+00
1005 7.382357e-07
1006 5.943126e-07
1007 4.317715e-07
1008 3.233096e-07
1009 2.041234e-07
1010 1.241698e-07
1011 7.209649e-08
1012 4.302199e-08
1013 2.680897e-08
1014 1.766814e-08
1015 0.000000e+00
1016 0.000000e+00
1017 0.000000e+00
1018 0.000000e+00
1019 0.000000e+00
1020 8.139596e-07
1021 6.558390e-07
1022 4.765327e-07
1023 3.567807e-07
1024 2.256220e-07
1025 1.371778e-07
1026 7.964314e-08
1027 4.751755e-08
1028 2.959718e-08
1029 1.949827e-08
1030 0.000000e+00
1031 0.000000e+00
1032 0.000000e+00
1033 0.000000e+00
1034 0.000000e+00
1035 8.804220e-07
1036 7.098466e-07
1037 5.158261e-07
1038 3.861610e-07
1039 2.444920e-07
1040 1.485952e-07
1041 8.626697e-08
1042 5.146384e-08
1043 3.204456e-08
1044 2.110493e-08
1045 0.000000e+00
1046 0.000000e+00
1047 0.000000e+00
1048 0.000000e+00
1049 0.000000e+00
1050 9.426736e-07
1051 7.604327e-07
1052 5.526249e-07
1053 4.136780e-07
1054 2.621647e-07
1055 1.592896e-07
1056 9.247120e-08
1057 5.515972e-08
1058 3.433673e-08
1059 2.260959e-08
1060 0.000000e+00
1061 0.000000e+00
1062 0.000000e+00
1063 0.000000e+00
1064 0.000000e+00
1065 1.015768e-06
1066 8.198310e-07
1067 5.958365e-07
1068 4.459927e-07
1069 2.829175e-07
1070 1.718473e-07
1071 9.975607e-08
1072 5.949995e-08
1073 3.702828e-08
1074 2.437647e-08
1075 0.000000e+00
1076 0.000000e+00
1077 0.000000e+00
1078 0.000000e+00
1079 0.000000e+00
1080 1.984268e-07
1081 1.804705e-07
1082 1.390429e-07
1083 1.005490e-07
1084 7.534629e-08
1085 4.355664e-08
1086 2.669583e-08
1087 1.539173e-08
1088 9.101497e-09
1089 5.662297e-09
1090 0.000000e+00
1091 0.000000e+00
1092 0.000000e+00
1093 0.000000e+00
1094 0.000000e+00
1095 3.303307e-07
1096 3.017550e-07
1097 2.334341e-07
1098 1.687029e-07
1099 1.266025e-07
1100 7.359265e-08
1101 4.522330e-08
1102 2.601247e-08
1103 1.532735e-08
1104 9.513848e-09
1105 0.000000e+00
1106 0.000000e+00
1107 0.000000e+00
1108 0.000000e+00
1109 0.000000e+00
1110 4.306281e-07
1111 3.940343e-07
1112 3.052904e-07
1113 2.205837e-07
1114 1.656231e-07
1115 9.648069e-08
1116 5.934315e-08
1117 3.410488e-08
1118 2.006900e-08
1119 1.244631e-08
1120 0.000000e+00
1121 0.000000e+00
1122 0.000000e+00
1123 0.000000e+00
1124 0.000000e+00
1125 5.118675e-07
1126 4.687719e-07
1127 3.634880e-07
1128 2.626035e-07
1129 1.972257e-07
1130 1.150174e-07
1131 7.077884e-08
1132 4.065897e-08
1133 2.390921e-08
1134 1.482137e-08
1135 0.000000e+00
1136 0.000000e+00
1137 0.000000e+00
1138 0.000000e+00
1139 0.000000e+00
1140 5.831746e-07
1141 5.343792e-07
1142 4.145735e-07
1143 2.994885e-07
1144 2.249675e-07
1145 1.312891e-07
1146 8.081737e-08
1147 4.641227e-08
1148 2.728022e-08
1149 1.690615e-08
1150 0.000000e+00
1151 0.000000e+00
1152 0.000000e+00
1153 0.000000e+00
1154 0.000000e+00
1155 6.499630e-07
1156 5.958254e-07
1157 4.624212e-07
1158 3.340351e-07
1159 2.509506e-07
1160 1.465295e-07
1161 9.021925e-08
1162 5.180077e-08
1163 3.043750e-08
1164 1.885873e-08
1165 0.000000e+00
1166 0.000000e+00
1167 0.000000e+00
1168 0.000000e+00
1169 0.000000e+00
1170 7.283846e-07
1171 6.679733e-07
1172 5.186008e-07
1173 3.745984e-07
1174 2.814577e-07
1175 1.644239e-07
1176 1.012585e-07
1177 5.812754e-08
1178 3.414473e-08
1179 2.115149e-08
1180 0.000000e+00
1181 0.000000e+00
1182 0.000000e+00
1183 0.000000e+00
1184 0.000000e+00
1185 1.317915e-07
1186 1.300902e-07
1187 1.093980e-07
1188 7.991514e-08
1189 5.936739e-08
1190 4.035191e-08
1191 2.381128e-08
1192 1.356670e-08
1193 7.842947e-09
1194 4.634540e-09
1195 2.903033e-09
1196 0.000000e+00
1197 0.000000e+00
1198 0.000000e+00
1199 0.000000e+00
1200 2.310191e-07
1201 2.286863e-07
1202 1.930326e-07
1203 1.412563e-07
1204 1.047642e-07
1205 7.171076e-08
1206 4.210606e-08
1207 2.402394e-08
1208 1.390717e-08
1209 8.203194e-09
1210 5.127825e-09
1211 0.000000e+00
1212 0.000000e+00
1213 0.000000e+00
1214 0.000000e+00
1215 3.123231e-07
1216 3.095005e-07
1217 2.616147e-07
1218 1.915693e-07
1219 1.419926e-07
1220 9.744470e-08
1221 5.711209e-08
1222 3.260331e-08
1223 1.888242e-08
1224 1.113064e-08
1225 6.952518e-09
1226 0.000000e+00
1227 0.000000e+00
1228 0.000000e+00
1229 0.000000e+00
1230 3.836188e-07
1231 3.803660e-07
1232 3.217491e-07
1233 2.356847e-07
1234 1.746347e-07
1235 1.200103e-07
1236 7.026973e-08
1237 4.012608e-08
1238 2.324500e-08
1239 1.369763e-08
1240 8.552418e-09
1241 0.000000e+00
1242 0.000000e+00
1243 0.000000e+00
1244 0.000000e+00
1245 4.503977e-07
1246 4.467362e-07
1247 3.780737e-07
1248 2.770046e-07
1249 2.052095e-07
1250 1.411454e-07
1251 8.259382e-08
1252 4.717229e-08
1253 2.733118e-08
1254 1.610194e-08
1255 1.005098e-08
1256 0.000000e+00
1257 0.000000e+00
1258 0.000000e+00
1259 0.000000e+00
1260 5.288015e-07
1261 5.246659e-07
1262 4.442070e-07
1263 3.255223e-07
1264 2.411084e-07
1265 1.659601e-07
1266 9.706421e-08
1267 5.544503e-08
1268 3.212871e-08
1269 1.892488e-08
1270 1.181051e-08
1271 0.000000e+00
1272 0.000000e+00
1273 0.000000e+00
1274 0.000000e+00
1275 9.476136e-08
1276 9.866946e-08
1277 8.929138e-08
1278 6.831156e-08
1279 4.937863e-08
1280 3.698756e-08
1281 2.089943e-08
1282 1.262180e-08
1283 7.131699e-09
1284 4.119113e-09
1285 2.465978e-09
1286 0.000000e+00
1287 0.000000e+00
1288 0.000000e+00
1289 0.000000e+00
1290 1.734341e-07
1291 1.809658e-07
1292 1.642772e-07
1293 1.260243e-07
1294 9.103753e-08
1295 6.829955e-08
1296 3.870300e-08
1297 2.345066e-08
1298 1.322051e-08
1299 7.617358e-09
1300 4.551251e-09
1301 0.000000e+00
1302 0.000000e+00
1303 0.000000e+00
1304 0.000000e+00
1305 2.428778e-07
1306 2.536226e-07
1307 2.304962e-07
1308 1.770023e-07
1309 1.278343e-07
1310 9.595941e-08
1311 5.443632e-08
1312 3.302260e-08
1313 1.860177e-08
1314 1.070813e-08
1315 6.393312e-09
1316 0.000000e+00
1317 0.000000e+00
1318 0.000000e+00
1319 0.000000e+00
1320 3.078577e-07
1321 3.216065e-07
1322 2.924568e-07
1323 2.247029e-07
1324 1.622652e-07
1325 1.218404e-07
1326 6.915697e-08
1327 4.197839e-08
1328 2.363663e-08
1329 1.359998e-08
1330 8.116900e-09
1331 0.000000e+00
1332 0.000000e+00
1333 0.000000e+00
1334 0.000000e+00
1335 3.841561e-07
1336 4.014323e-07
1337 3.652105e-07
1338 2.807097e-07
1339 2.026908e-07
1340 1.522281e-07
1341 8.644124e-08
1342 5.249408e-08
1343 2.954836e-08
1344 1.699550e-08
1345 1.014064e-08
1346 0.000000e+00
1347 0.000000e+00
1348 0.000000e+00
1349 0.000000e+00
1350 7.250749e-08
1351 7.848346e-08
1352 7.526090e-08
1353 6.099087e-08
1354 4.400112e-08
1355 3.317080e-08
1356 2.072151e-08
1357 1.270450e-08
1358 7.053156e-09
1359 3.883835e-09
1360 2.244687e-09
1361 1.365080e-09
1362 0.000000e+00
1363 0.000000e+00
1364 0.000000e+00
1365 1.388425e-07
1366 1.505336e-07
1367 1.447177e-07
1368 1.176273e-07
1369 8.491630e-08
1370 6.395338e-08
1371 4.022417e-08
1372 2.458899e-08
1373 1.365391e-08
1374 7.522313e-09
1375 4.337561e-09
1376 2.632036e-09
1377 0.000000e+00
1378 0.000000e+00
1379 0.000000e+00
1380 2.010031e-07
1381 2.180563e-07
1382 2.098198e-07
1383 1.707216e-07
1384 1.232755e-07
1385 9.281020e-08
1386 5.851418e-08
1387 3.573215e-08
1388 1.984300e-08
1389 1.093430e-08
1390 6.299816e-09
1391 3.819753e-09
1392 0.000000e+00
1393 0.000000e+00
1394 0.000000e+00
1395 2.739546e-07
1396 2.973002e-07
1397 2.862206e-07
1398 2.330303e-07
1399 1.682909e-07
1400 1.266749e-07
1401 7.997821e-08
1402 4.880901e-08
1403 2.710609e-08
1404 1.493828e-08
1405 8.602574e-09
1406 5.213599e-09
1407 0.000000e+00
1408 0.000000e+00
1409 0.000000e+00
1410 5.934170e-08
1411 6.623013e-08
1412 6.653623e-08
1413 5.715404e-08
1414 4.212862e-08
1415 3.102897e-08
1416 2.186034e-08
1417 1.247219e-08
1418 7.021731e-09
1419 3.973247e-09
1420 2.210073e-09
1421 1.288918e-09
1422 0.000000e+00
1423 0.000000e+00
1424 0.000000e+00
1425 1.179163e-07
1426 1.317881e-07
1427 1.326792e-07
1428 1.143051e-07
1429 8.439808e-08
1430 6.208355e-08
1431 4.394633e-08
1432 2.499095e-08
1433 1.409999e-08
1434 7.977343e-09
1435 4.434917e-09
1436 2.581353e-09
1437 0.000000e+00
1438 0.000000e+00
1439 0.000000e+00
1440 1.864659e-07
1441 2.085133e-07
1442 2.100928e-07
1443 1.811975e-07
1444 1.338744e-07
1445 9.843172e-08
1446 6.979941e-08
1447 3.964442e-08
1448 2.238585e-08
1449 1.266432e-08
1450 7.039246e-09
1451 4.094128e-09
1452 0.000000e+00
1453 0.000000e+00
1454 0.000000e+00
1455 5.137075e-08
1456 5.886937e-08
1457 6.153354e-08
1458 5.590924e-08
1459 4.287626e-08
1460 3.096764e-08
1461 2.325982e-08
1462 1.304028e-08
1463 7.800026e-09
1464 4.273463e-09
1465 2.355859e-09
1466 1.315425e-09
1467 0.000000e+00
1468 0.000000e+00
1469 0.000000e+00
1470 1.144184e-07
1471 1.312916e-07
1472 1.375004e-07
1473 1.252950e-07
1474 9.633717e-08
1475 6.954074e-08
1476 5.230452e-08
1477 2.941266e-08
1478 1.765429e-08
1479 9.654142e-09
1480 5.309452e-09
1481 2.958532e-09
1482 0.000000e+00
1483 0.000000e+00
1484 0.000000e+00
1485 5.364067e-08
1486 6.303070e-08
1487 6.834274e-08
1488 6.561229e-08
1489 5.320033e-08
1490 3.838718e-08
1491 2.895900e-08
1492 1.800663e-08
1493 1.095827e-08
1494 5.946635e-09
1495 3.132159e-09
1496 1.689872e-09
1497 9.410572e-10
1498 0.000000e+00
1499 0.000000e+00
1500 1.109684e-04
1501 8.086786e-05
1502 6.035546e-05
1503 3.805236e-05
1504 2.321989e-05
1505 1.369104e-05
1506 8.324421e-06
1507 5.304277e-06
1508 3.565556e-06
1509 0.000000e+00
1510 0.000000e+00
1511 0.000000e+00
1512 0.000000e+00
1513 0.000000e+00
1514 0.000000e+00
1515 5.757601e-05
1516 4.644359e-05
1517 3.369791e-05
1518 2.528332e-05
1519 1.597668e-05
1520 9.754545e-06
1521 5.648866e-06
1522 3.364481e-06
1523 2.093966e-06
1524 1.379138e-06
1525 0.000000e+00
1526 0.000000e+00
1527 0.000000e+00
1528 0.000000e+00
1529 0.000000e+00
1530 4.047788e-05
1531 3.713775e-05
1532 2.882267e-05
1533 2.080348e-05
1534 1.566222e-05
1535 9.111532e-06
1536 5.625604e-06
1537 3.225263e-06
1538 1.896511e-06
1539 1.174730e-06
1540 0.000000e+00
1541 0.000000e+00
1542 0.000000e+00
1543 0.000000e+00
1544 0.000000e+00
1545 2.912801e-05
1546 2.891312e-05
1547 2.448503e-05
1548 1.793535e-05
1549 1.328396e-05
1550 9.154542e-06
1551 5.351144e-06
1552 3.053081e-06
1553 1.771954e-06
1554 1.042590e-06
1555 6.506122e-07
1556 0.000000e+00
1557 0.000000e+00
1558 0.000000e+00
1559 0.000000e+00
1560 2.085098e-05
1561 2.179680e-05
1562 1.983793e-05
1563 1.524768e-05
1564 1.100576e-05
1565 8.274949e-06
1566 4.689296e-06
1567 2.850415e-06
1568 1.602925e-06
1569 9.233707e-07
1570 5.506294e-07
1571 0.000000e+00
1572 0.000000e+00
1573 0.000000e+00
1574 0.000000e+00
1575 1.487210e-05
1576 1.614453e-05
1577 1.554949e-05
1578 1.266314e-05
1579 9.143013e-06
1580 6.883420e-06
1581 4.347301e-06
1582 2.655947e-06
1583 1.474901e-06
1584 8.112783e-07
1585 4.673052e-07
1586 2.832009e-07
1587 0.000000e+00
1588 0.000000e+00
1589 0.000000e+00
1590 1.001028e-05
1591 1.119728e-05
1592 1.128693e-05
1593 9.739022e-06
1594 7.195644e-06
1595 5.289411e-06
1596 3.755371e-06
1597 2.130464e-06
1598 1.202339e-06
1599 6.811759e-07
1600 3.783133e-07
1601 2.200058e-07
1602 0.000000e+00
1603 0.000000e+00
1604 0.000000e+00
1605 6.201116e-06
1606 7.118100e-06
1607 7.458527e-06
1608 6.801106e-06
1609 5.231433e-06
1610 3.775220e-06
1611 2.841823e-06
1612 1.597077e-06
1613 9.596537e-07
1614 5.242846e-07
1615 2.885232e-07
1616 1.606418e-07
1617 0.000000e+00
1618 0.000000e+00
1619 0.000000e+00
1620 3.163407e-06
1621 3.720115e-06
1622 4.038202e-06
1623 3.883392e-06
1624 3.154630e-06
1625 2.276770e-06
1626 1.716871e-06
1627 1.071974e-06
1628 6.518364e-07
1629 3.538249e-07
1630 1.861971e-07
1631 1.003484e-07
1632 5.578990e-08
1633 0.000000e+00
1634 0.000000e+00
1635 8.891198e-07
1636 1.072208e-06
1637 1.206146e-06
1638 1.224576e-06
1639 1.066696e-06
1640 7.933436e-07
1641 5.815894e-07
1642 4.169104e-07
1643 2.343421e-07
1644 1.314261e-07
1645 7.164692e-08
1646 3.730540e-08
1647 1.958823e-08
1648 0.000000e+00
1649 0.000000e+00
