0 2.266067e-09
1 1.473517e-09
2 9.271320e-10
3 5.838378e-10
4 3.751105e-10
5 2.467043e-10
6 1.639996e-10
7 1.077507e-10
8 6.832784e-11
9 4.107201e-11
10 2.319006e-11
11 1.226645e-11
12 6.121644e-12
13 2.914858e-12
14 1.340665e-12
15 3.819957e-09
16 2.542278e-09
17 1.616685e-09
18 1.007764e-09
19 6.370830e-10
20 4.123752e-10
21 2.727055e-10
22 1.808442e-10
23 1.173023e-10
24 7.281013e-11
25 4.259686e-11
26 2.333250e-11
27 1.199662e-11
28 5.843518e-12
29 2.729916e-12
30 4.382399e-09
31 2.936474e-09
32 1.878260e-09
33 1.169637e-09
34 7.363268e-10
35 4.740665e-10
36 3.125167e-10
37 2.073255e-10
38 1.351279e-10
39 8.454263e-11
40 4.995120e-11
41 2.765346e-11
42 1.436030e-11
43 7.048754e-12
44 3.311295e-12
45 4.692634e-09
46 3.154526e-09
47 2.023053e-09
48 1.259267e-09
49 7.912001e-10
50 5.082106e-10
51 3.345083e-10
52 2.220092e-10
53 1.450206e-10
54 9.106951e-11
55 5.404403e-11
56 3.005760e-11
57 1.567029e-11
58 7.717976e-12
59 3.634257e-12
60 4.901732e-09
61 3.301228e-09
62 2.120344e-09
63 1.319705e-09
64 8.281928e-10
65 5.311816e-10
66 3.492981e-10
67 2.318355e-10
68 1.516239e-10
69 9.542100e-11
70 5.678246e-11
71 3.166970e-11
72 1.655240e-11
73 8.168581e-12
74 3.851772e-12
75 5.058569e-09
76 3.411066e-09
77 2.193275e-09
78 1.364761e-09
79 8.558858e-10
80 5.483932e-10
81 3.604082e-10
82 2.391925e-10
83 1.565984e-10
84 9.869616e-11
85 5.883705e-11
86 3.287672e-11
87 1.721113e-11
88 8.505019e-12
89 4.014350e-12
90 5.185242e-09
91 3.499610e-09
92 2.251962e-09
93 1.401352e-09
94 8.782750e-10
95 5.623753e-10
96 3.693784e-10
97 2.452525e-10
98 1.606607e-10
99 1.013735e-10
100 6.051609e-11
101 3.386315e-11
102 1.775057e-11
103 8.780131e-12
104 4.146375e-12
105 5.295815e-09
106 3.577133e-09
107 2.303379e-09
108 1.433573e-09
109 8.977592e-10
110 5.744522e-10
111 3.772756e-10
112 2.504470e-10
113 1.641439e-10
114 1.036584e-10
115 6.195494e-11
116 3.470715e-11
117 1.821106e-11
118 9.014200e-12
119 4.259949e-12
120 5.401229e-09
121 3.651706e-09
122 2.352667e-09
123 1.463765e-09
124 9.165264e-10
125 5.861014e-10
126 3.846429e-10
127 2.554328e-10
128 1.674814e-10
129 1.058604e-10
130 6.334337e-11
131 3.552716e-11
132 1.865991e-11
133 9.244323e-12
134 4.370892e-12
135 5.523947e-09
136 3.737439e-09
137 2.410162e-09
138 1.499400e-09
139 9.382002e-10
140 5.995640e-10
141 3.934005e-10
142 2.611596e-10
143 1.714301e-10
144 1.084607e-10
145 6.496828e-11
146 3.647928e-11
147 1.918087e-11
148 9.510731e-12
149 4.499758e-12
150 7.901101e-09
151 5.440789e-09
152 3.573715e-09
153 2.232327e-09
154 1.384192e-09
155 8.728403e-10
156 5.659599e-10
157 3.745510e-10
158 2.476205e-10
159 1.594110e-10
160 9.777388e-11
161 5.635124e-11
162 3.037866e-11
163 1.538011e-11
164 7.390308e-12
165 9.983055e-09
166 6.960877e-09
167 4.637983e-09
168 2.927681e-09
169 1.806092e-09
170 1.129635e-09
171 7.244957e-10
172 4.763577e-10
173 3.153786e-10
174 2.049311e-10
175 1.276580e-10
176 7.500622e-11
177 4.124748e-11
178 2.125967e-11
179 1.035946e-11
180 1.119967e-08
181 7.854434e-09
182 5.264933e-09
183 3.341362e-09
184 2.058352e-09
185 1.282796e-09
186 8.184434e-10
187 5.364778e-10
188 3.551907e-10
189 2.316501e-10
190 1.452426e-10
191 8.603270e-11
192 4.772205e-11
193 2.479251e-11
194 1.215867e-11
195 1.201684e-08
196 8.456131e-09
197 5.687853e-09
198 3.619840e-09
199 2.228214e-09
200 1.386171e-09
201 8.820626e-10
202 5.770006e-10
203 3.820873e-10
204 2.496849e-10
205 1.571021e-10
206 9.347137e-11
207 5.208667e-11
208 2.717420e-11
209 1.337209e-11
210 1.263241e-08
211 8.908337e-09
212 6.005010e-09
213 3.829210e-09
214 2.355524e-09
215 1.463540e-09
216 9.295872e-10
217 6.074735e-10
218 4.022638e-10
219 2.632208e-10
220 1.660037e-10
221 9.905456e-11
222 5.537018e-11
223 2.896570e-11
224 1.428328e-11
225 1.313043e-08
226 9.273304e-09
227 6.261373e-09
228 3.998177e-09
229 2.458819e-09
230 1.526234e-09
231 9.679826e-10
232 6.320048e-10
233 4.185318e-10
234 2.741306e-10
235 1.731974e-10
236 1.035654e-10
237 5.801693e-11
238 3.041148e-11
239 1.502146e-11
240 1.356504e-08
241 9.592495e-09
242 6.485854e-09
243 4.146317e-09
244 2.548871e-09
245 1.581007e-09
246 1.001695e-09
247 6.535341e-10
248 4.327665e-10
249 2.837127e-10
250 1.794859e-10
251 1.075150e-10
252 6.033391e-11
253 3.167382e-11
254 1.566329e-11
255 1.397859e-08
256 9.896803e-09
257 6.699596e-09
258 4.286674e-09
259 2.634402e-09
260 1.633235e-09
261 1.033750e-09
262 6.740021e-10
263 4.463726e-10
264 2.928190e-10
265 1.854858e-10
266 1.112793e-10
267 6.254687e-11
268 3.288326e-11
269 1.627961e-11
270 1.445649e-08
271 1.024875e-08
272 6.946204e-09
273 4.450617e-09
274 2.733760e-09
275 1.694096e-09
276 1.071062e-09
277 6.979091e-10
278 4.620970e-10
279 3.033432e-10
280 1.924119e-10
281 1.156304e-10
282 6.510086e-11
283 3.427597e-11
284 1.699209e-11
285 1.362427e-08
286 9.689479e-09
287 6.580603e-09
288 4.245777e-09
289 2.616383e-09
290 1.620240e-09
291 1.021715e-09
292 6.629098e-10
293 4.373356e-10
294 2.866369e-10
295 1.819767e-10
296 1.097425e-10
297 6.214308e-11
298 3.294597e-11
299 1.643841e-11
300 1.602189e-08
301 1.152737e-08
302 7.899575e-09
303 5.154722e-09
304 3.189149e-09
305 1.965481e-09
306 1.229566e-09
307 7.915353e-10
308 5.202679e-10
309 3.417600e-10
310 2.186817e-10
311 1.334616e-10
312 7.666385e-11
313 4.123839e-11
314 2.084125e-11
315 1.767201e-08
316 1.279861e-08
317 8.813754e-09
318 5.786132e-09
319 3.589694e-09
320 2.206013e-09
321 1.374749e-09
322 8.813013e-10
323 5.779206e-10
324 3.799993e-10
325 2.441317e-10
326 1.499365e-10
327 8.676897e-11
328 4.703033e-11
329 2.392946e-11
330 1.891480e-08
331 1.375300e-08
332 9.500417e-09
333 6.261621e-09
334 3.890383e-09
335 2.387080e-09
336 1.483771e-09
337 9.486290e-10
338 6.213527e-10
339 4.087091e-10
340 2.632389e-10
341 1.623025e-10
342 9.435859e-11
343 5.138049e-11
344 2.624942e-11
345 1.992053e-08
346 1.452786e-08
347 1.005729e-08
348 6.645121e-09
349 4.133879e-09
350 2.532869e-09
351 1.572215e-09
352 1.003130e-09
353 6.562959e-10
354 4.319335e-10
355 2.787040e-10
356 1.723129e-10
357 1.005022e-10
358 5.490313e-11
359 2.812750e-11
360 2.079786e-08
361 1.520337e-08
362 1.054347e-08
363 6.980270e-09
364 4.345740e-09
365 2.660759e-09
366 1.648976e-09
367 1.050624e-09
368 6.868144e-10
369 4.522057e-10
370 2.921801e-10
371 1.810333e-10
372 1.058519e-10
373 5.796912e-11
374 2.976180e-11
375 2.163018e-08
376 1.584381e-08
377 1.100377e-08
378 7.298229e-09
379 4.547214e-09
380 2.782488e-09
381 1.722194e-09
382 1.095730e-09
383 7.158611e-10
384 4.714733e-10
385 3.050176e-10
386 1.893409e-10
387 1.109484e-10
388 6.089121e-11
389 3.131967e-11
390 2.260001e-08
391 1.659120e-08
392 1.154062e-08
393 7.669275e-09
394 4.782452e-09
395 2.923709e-09
396 1.807533e-09
397 1.148571e-09
398 7.497368e-10
399 4.939496e-10
400 3.199798e-10
401 1.990248e-10
402 1.168936e-10
403 6.429240e-11
404 3.313304e-11
405 1.961887e-08
406 1.437337e-08
407 9.973682e-09
408 6.610568e-09
409 4.136980e-09
410 2.533618e-09
411 1.571113e-09
412 9.991168e-10
413 6.513934e-10
414 4.278295e-10
415 2.760003e-10
416 1.709759e-10
417 1.001156e-10
418 5.498895e-11
419 2.834066e-11
420 2.227028e-08
421 1.650615e-08
422 1.154195e-08
423 7.713507e-09
424 4.868457e-09
425 2.973146e-09
426 1.835953e-09
427 1.158954e-09
428 7.513337e-10
429 4.928711e-10
430 3.191533e-10
431 1.992727e-10
432 1.179373e-10
433 6.555661e-11
434 3.418190e-11
435 2.427214e-08
436 1.812434e-08
437 1.273203e-08
438 8.554128e-09
439 5.425898e-09
440 3.309500e-09
441 2.038460e-09
442 1.280832e-09
443 8.275953e-10
444 5.423430e-10
445 3.519509e-10
446 2.207820e-10
447 1.314976e-10
448 7.361023e-11
449 3.864249e-11
450 2.590584e-08
451 1.943774e-08
452 1.369902e-08
453 9.235357e-09
454 5.878000e-09
455 3.581959e-09
456 2.202516e-09
457 1.379513e-09
458 8.892018e-10
459 5.824532e-10
460 3.785461e-10
461 2.382260e-10
462 1.424954e-10
463 8.014231e-11
464 4.226012e-11
465 2.732325e-08
466 2.058033e-08
467 1.454342e-08
468 9.829393e-09
469 6.271566e-09
470 3.819503e-09
471 2.345426e-09
472 1.465669e-09
473 9.430325e-10
474 6.174396e-10
475 4.017262e-10
476 2.534298e-10
477 1.520788e-10
478 8.583315e-11
479 4.541131e-11
480 2.866738e-08
481 2.166155e-08
482 1.534170e-08
483 1.039047e-08
484 6.645649e-09
485 4.045602e-09
486 2.481422e-09
487 1.547362e-09
488 9.941203e-10
489 6.505639e-10
490 4.237107e-10
491 2.678451e-10
492 1.611645e-10
493 9.122771e-11
494 4.840547e-11
495 3.024623e-08
496 2.293020e-08
497 1.627547e-08
498 1.104927e-08
499 7.082223e-09
500 4.308259e-09
501 2.639226e-09
502 1.642641e-09
503 1.053606e-09
504 6.892748e-10
505 4.493573e-10
506 2.846699e-10
507 1.717840e-10
508 9.753480e-11
509 5.189162e-11
510 2.594209e-08
511 1.955725e-08
512 1.383295e-08
513 9.343107e-09
514 5.976796e-09
515 3.649589e-09
516 2.242268e-09
517 1.400775e-09
518 8.998504e-10
519 5.879389e-10
520 3.817614e-10
521 2.405067e-10
522 1.442781e-10
523 8.150775e-11
524 4.321321e-11
525 2.884685e-08
526 2.199753e-08
527 1.568280e-08
528 1.066216e-08
529 6.880098e-09
530 4.208483e-09
531 2.576638e-09
532 1.599021e-09
533 1.021234e-09
534 6.650097e-10
535 4.322846e-10
536 2.737382e-10
537 1.655652e-10
538 9.447433e-11
539 5.061836e-11
540 3.121163e-08
541 2.398629e-08
542 1.719128e-08
543 1.174051e-08
544 7.618041e-09
545 4.665862e-09
546 2.850110e-09
547 1.761281e-09
548 1.120111e-09
549 7.279505e-10
550 4.735100e-10
551 3.008510e-10
552 1.829381e-10
553 1.050651e-10
554 5.667175e-11
555 3.327295e-08
556 2.572017e-08
557 1.850847e-08
558 1.268038e-08
559 8.260569e-09
560 5.063569e-09
561 3.087809e-09
562 1.902590e-09
563 1.206590e-09
564 7.828151e-10
565 5.094475e-10
566 3.244877e-10
567 1.980814e-10
568 1.142954e-10
569 6.194682e-11
570 3.522706e-08
571 2.736719e-08
572 1.975646e-08
573 1.356982e-08
574 8.871101e-09
575 5.442022e-09
576 3.314046e-09
577 2.036877e-09
578 1.288473e-09
579 8.348413e-10
580 5.435411e-10
581 3.469087e-10
582 2.124458e-10
583 1.230507e-10
584 6.695068e-11
585 3.751610e-08
586 2.928567e-08
587 2.121465e-08
588 1.461083e-08
589 9.581926e-09
590 5.882027e-09
591 3.577089e-09
592 2.193108e-09
593 1.383854e-09
594 8.954171e-10
595 5.832311e-10
596 3.730191e-10
597 2.291781e-10
598 1.332488e-10
599 7.277812e-11
600 3.268887e-08
601 2.533058e-08
602 1.827313e-08
603 1.253024e-08
604 8.179155e-09
605 5.034475e-09
606 3.067369e-09
607 1.889223e-09
608 1.195836e-09
609 7.740445e-10
610 5.028769e-10
611 3.200763e-10
612 1.954932e-10
613 1.130044e-10
614 6.142673e-11
615 3.591983e-08
616 2.815001e-08
617 2.048308e-08
618 1.412986e-08
619 9.294424e-09
620 5.750796e-09
621 3.492611e-09
622 2.141352e-09
623 1.346585e-09
624 8.677435e-10
625 5.632310e-10
626 3.595917e-10
627 2.210249e-10
628 1.288633e-10
629 7.072768e-11
630 3.873663e-08
631 3.061223e-08
632 2.241261e-08
633 1.552797e-08
634 1.026804e-08
635 6.376858e-09
636 3.863941e-09
637 2.361750e-09
638 1.478710e-09
639 9.496225e-10
640 6.159515e-10
641 3.941064e-10
642 2.433236e-10
643 1.427147e-10
644 7.885252e-11
645 4.140510e-08
646 3.294647e-08
647 2.424283e-08
648 1.685329e-08
649 1.119206e-08
650 6.971127e-09
651 4.216102e-09
652 2.570767e-09
653 1.603711e-09
654 1.027193e-09
655 6.659215e-10
656 4.268222e-10
657 2.644603e-10
658 1.558426e-10
659 8.655265e-11
660 4.453166e-08
661 3.567113e-08
662 2.637527e-08
663 1.839976e-08
664 1.226849e-08
665 7.663227e-09
666 4.626849e-09
667 2.814441e-09
668 1.749543e-09
669 1.117636e-09
670 7.241566e-10
671 4.649506e-10
672 2.890998e-10
673 1.711487e-10
674 9.552990e-11
675 4.008217e-08
676 3.189604e-08
677 2.349889e-08
678 1.634634e-08
679 1.085452e-08
680 6.782691e-09
681 4.105759e-09
682 2.505842e-09
683 1.561619e-09
684 9.986194e-10
685 6.461846e-10
686 4.134729e-10
687 2.559367e-10
688 1.508141e-10
689 8.383937e-11
690 4.380745e-08
691 3.526223e-08
692 2.623341e-08
693 1.836199e-08
694 1.227512e-08
695 7.727410e-09
696 4.669818e-09
697 2.841337e-09
698 1.759153e-09
699 1.118285e-09
700 7.216378e-10
701 4.623558e-10
702 2.875726e-10
703 1.707148e-10
704 9.576561e-11
705 4.733137e-08
706 3.845729e-08
707 2.881974e-08
708 2.027478e-08
709 1.362286e-08
710 8.623931e-09
711 5.205192e-09
712 3.159347e-09
713 1.946232e-09
714 1.231632e-09
715 7.931642e-10
716 5.086763e-10
717 3.175520e-10
718 1.895811e-10
719 1.070722e-10
720 5.145224e-08
721 4.218697e-08
722 3.183372e-08
723 2.250130e-08
724 1.519132e-08
725 9.666983e-09
726 5.828285e-09
727 3.530111e-09
728 2.164012e-09
729 1.363639e-09
730 8.764202e-10
731 5.626086e-10
732 3.524653e-10
733 2.115515e-10
734 1.202371e-10
735 4.856528e-08
736 3.969475e-08
737 2.993090e-08
738 2.115059e-08
739 1.425765e-08
740 9.077072e-09
741 5.490744e-09
742 3.328229e-09
743 2.042242e-09
744 1.286924e-09
745 8.259188e-10
746 5.290020e-10
747 3.305869e-10
748 1.979858e-10
749 1.123649e-10
750 5.316029e-08
751 4.400022e-08
752 3.355004e-08
753 2.388864e-08
754 1.620722e-08
755 1.040778e-08
756 6.306586e-09
757 3.810454e-09
758 2.322611e-09
759 1.453515e-09
760 9.285056e-10
761 5.943104e-10
762 3.726433e-10
763 2.246455e-10
764 1.286216e-10
765 5.852572e-08
766 4.902323e-08
767 3.775911e-08
768 2.707583e-08
769 1.847661e-08
770 1.195631e-08
771 7.256079e-09
772 4.372313e-09
773 2.648885e-09
774 1.647400e-09
775 1.047909e-09
776 6.703418e-10
777 4.216166e-10
778 2.556901e-10
779 1.475502e-10
780 5.909906e-08
781 4.972774e-08
782 3.852209e-08
783 2.775529e-08
784 1.899339e-08
785 1.234257e-08
786 7.531705e-09
787 4.529602e-09
788 2.739711e-09
789 1.697123e-09
790 1.075137e-09
791 6.857990e-10
792 4.309701e-10
793 2.616831e-10
794 1.514810e-10
795 6.616073e-08
796 5.655925e-08
797 4.448322e-08
798 3.241868e-08
799 2.236498e-08
800 1.468674e-08
801 9.028020e-09
802 5.407945e-09
803 3.250326e-09
804 1.994241e-09
805 1.253073e-09
806 7.962838e-10
807 5.011523e-10
808 3.061728e-10
809 1.789517e-10
810 7.594538e-08
811 6.638937e-08
812 5.344592e-08
813 3.972681e-08
814 2.777282e-08
815 1.850230e-08
816 1.157015e-08
817 6.912625e-09
818 4.130557e-09
819 2.496084e-09
820 1.544155e-09
821 9.710259e-10
822 6.094109e-10
823 3.741216e-10
824 2.211437e-10
825 5.054725e-07
826 3.692041e-07
827 2.735713e-07
828 1.703018e-07
829 1.037436e-07
830 6.145949e-08
831 3.752737e-08
832 2.407469e-08
833 1.625143e-08
834 0.000000e+00
835 0.000000e+00
836 0.000000e+00
837 0.000000e+00
838 0.000000e+00
839 0.000000e+00
840 7.603986e-07
841 5.555386e-07
842 4.120876e-07
843 2.594333e-07
844 1.576607e-07
845 9.328493e-08
846 5.685369e-08
847 3.633922e-08
848 2.446401e-08
849 0.000000e+00
850 0.000000e+00
851 0.000000e+00
852 0.000000e+00
853 0.000000e+00
854 0.000000e+00
855 9.027922e-07
856 6.596431e-07
857 4.894656e-07
858 3.093165e-07
859 1.878105e-07
860 1.110838e-07
861 6.766047e-08
862 4.319371e-08
863 2.905237e-08
864 0.000000e+00
865 0.000000e+00
866 0.000000e+00
867 0.000000e+00
868 0.000000e+00
869 0.000000e+00
870 9.986162e-07
871 7.296980e-07
872 5.415376e-07
873 3.428848e-07
874 2.081012e-07
875 1.230614e-07
876 7.493301e-08
877 4.780686e-08
878 3.213998e-08
879 0.000000e+00
880 0.000000e+00
881 0.000000e+00
882 0.000000e+00
883 0.000000e+00
884 0.000000e+00
885 1.070489e-06
886 7.822465e-07
887 5.805915e-07
888 3.680621e-07
889 2.233203e-07
890 1.320454e-07
891 8.038776e-08
892 5.126685e-08
893 3.445609e-08
894 0.000000e+00
895 0.000000e+00
896 0.000000e+00
897 0.000000e+00
898 0.000000e+00
899 0.000000e+00
900 1.128758e-06
901 8.248462e-07
902 6.122560e-07
903 3.884737e-07
904 2.356578e-07
905 1.393290e-07
906 8.480983e-08
907 5.407201e-08
908 3.633370e-08
909 0.000000e+00
910 0.000000e+00
911 0.000000e+00
912 0.000000e+00
913 0.000000e+00
914 0.000000e+00
915 1.179624e-06
916 8.620328e-07
917 6.398956e-07
918 4.062932e-07
919 2.464287e-07
920 1.456866e-07
921 8.867026e-08
922 5.652060e-08
923 3.797273e-08
924 0.000000e+00
925 0.000000e+00
926 0.000000e+00
927 0.000000e+00
928 0.000000e+00
929 0.000000e+00
930 1.227853e-06
931 8.972939e-07
932 6.661039e-07
933 4.231885e-07
934 2.566408e-07
935 1.517147e-07
936 9.233046e-08
937 5.884226e-08
938 3.952672e-08
939 0.000000e+00
940 0.000000e+00
941 0.000000e+00
942 0.000000e+00
943 0.000000e+00
944 0.000000e+00
945 1.284102e-06
946 9.384204e-07
947 6.966698e-07
948 4.428946e-07
949 2.685512e-07
950 1.587459e-07
951 9.659982e-08
952 6.154996e-08
953 4.133937e-08
954 0.000000e+00
955 0.000000e+00
956 0.000000e+00
957 0.000000e+00
958 0.000000e+00
959 0.000000e+00
960 3.365466e-07
961 2.680362e-07
962 1.944348e-07
963 1.458107e-07
964 9.021437e-08
965 5.522178e-08
966 3.209771e-08
967 1.919287e-08
968 1.202786e-08
969 7.963384e-09
970 0.000000e+00
971 0.000000e+00
972 0.000000e+00
973 0.000000e+00
974 0.000000e+00
975 5.192169e-07
976 4.163328e-07
977 3.022914e-07
978 2.264863e-07
979 1.419357e-07
980 8.654418e-08
981 5.026745e-08
982 3.001735e-08
983 1.874394e-08
984 1.237389e-08
985 0.000000e+00
986 0.000000e+00
987 0.000000e+00
988 0.000000e+00
989 0.000000e+00
990 6.438904e-07
991 5.176502e-07
992 3.760018e-07
993 2.816043e-07
994 1.773380e-07
995 1.079640e-07
996 6.269412e-08
997 3.742047e-08
998 2.333517e-08
999 1.538776e-08
1000 0.000000e+00
1001 0.000000e+00
1002 0.000000e+00
1003 0.000000e+00
1004 0.000000e+00
1005 7.373197e-07
1006 5.935682e-07
1007 4.312299e-07
1008 3.229046e-07
1009 2.038632e-07
1010 1.240124e-07
1011 7.200517e-08
1012 4.296759e-08
1013 2.677523e-08
1014 1.764599e-08
1015 0.000000e+00
1016 0.000000e+00
1017 0.000000e+00
1018 0.000000e+00
1019 0.000000e+00
1020 8.130741e-07
1021 6.551194e-07
1022 4.760092e-07
1023 3.563892e-07
1024 2.253706e-07
1025 1.370257e-07
1026 7.955488e-08
1027 4.746489e-08
1028 2.956458e-08
1029 1.947687e-08
1030 0.000000e+00
1031 0.000000e+00
1032 0.000000e+00
1033 0.000000e+00
1034 0.000000e+00
1035 8.791785e-07
1036 7.088363e-07
1037 5.150910e-07
1038 3.856113e-07
1039 2.441390e-07
1040 1.483816e-07
1041 8.614305e-08
1042 5.139001e-08
1043 3.199877e-08
1044 2.107488e-08
1045 0.000000e+00
1046 0.000000e+00
1047 0.000000e+00
1048 0.000000e+00
1049 0.000000e+00
1050 9.418808e-07
1051 7.597885e-07
1052 5.521563e-07
1053 4.133276e-07
1054 2.619397e-07
1055 1.591534e-07
1056 9.239219e-08
1057 5.511265e-08
1058 3.430754e-08
1059 2.259043e-08
1060 0.000000e+00
1061 0.000000e+00
1062 0.000000e+00
1063 0.000000e+00
1064 0.000000e+00
1065 1.015011e-06
1066 8.192164e-07
1067 5.953894e-07
1068 4.456583e-07
1069 2.827029e-07
1070 1.717174e-07
1071 9.968070e-08
1072 5.945505e-08
1073 3.700043e-08
1074 2.435819e-08
1075 0.000000e+00
1076 0.000000e+00
1077 0.000000e+00
1078 0.000000e+00
1079 0.000000e+00
1080 1.970077e-07
1081 1.791646e-07
1082 1.380269e-07
1083 9.981587e-08
1084 7.479467e-08
1085 4.323349e-08
1086 2.649663e-08
1087 1.527764e-08
1088 9.034498e-09
1089 5.620827e-09
1090 0.000000e+00
1091 0.000000e+00
1092 0.000000e+00
1093 0.000000e+00
1094 0.000000e+00
1095 3.292174e-07
1096 3.007281e-07
1097 2.326325e-07
1098 1.681240e-07
1099 1.261669e-07
1100 7.333568e-08
1101 4.506473e-08
1102 2.592171e-08
1103 1.527431e-08
1104 9.481080e-09
1105 0.000000e+00
1106 0.000000e+00
1107 0.000000e+00
1108 0.000000e+00
1109 0.000000e+00
1110 4.296440e-07
1111 3.931290e-07
1112 3.045854e-07
1113 2.200746e-07
1114 1.652403e-07
1115 9.625611e-08
1116 5.920461e-08
1117 3.402548e-08
1118 2.002248e-08
1119 1.241753e-08
1120 0.000000e+00
1121 0.000000e+00
1122 0.000000e+00
1123 0.000000e+00
1124 0.000000e+00
1125 5.109163e-07
1126 4.678969e-07
1127 3.628066e-07
1128 2.621115e-07
1129 1.968557e-07
1130 1.148005e-07
1131 7.064493e-08
1132 4.058222e-08
1133 2.386424e-08
1134 1.479356e-08
1135 0.000000e+00
1136 0.000000e+00
1137 0.000000e+00
1138 0.000000e+00
1139 0.000000e+00
1140 5.818438e-07
1141 5.331548e-07
1142 4.136201e-07
1143 2.988007e-07
1144 2.244500e-07
1145 1.309854e-07
1146 8.063004e-08
1147 4.630491e-08
1148 2.721731e-08
1149 1.686725e-08
1150 0.000000e+00
1151 0.000000e+00
1152 0.000000e+00
1153 0.000000e+00
1154 0.000000e+00
1155 6.491140e-07
1156 5.950443e-07
1157 4.618129e-07
1158 3.335960e-07
1159 2.506203e-07
1160 1.463357e-07
1161 9.009971e-08
1162 5.173227e-08
1163 3.039736e-08
1164 1.883391e-08
1165 0.000000e+00
1166 0.000000e+00
1167 0.000000e+00
1168 0.000000e+00
1169 0.000000e+00
1170 7.275712e-07
1171 6.672250e-07
1172 5.180172e-07
1173 3.741777e-07
1174 2.811413e-07
1175 1.642384e-07
1176 1.011440e-07
1177 5.806192e-08
1178 3.410629e-08
1179 2.112771e-08
1180 0.000000e+00
1181 0.000000e+00
1182 0.000000e+00
1183 0.000000e+00
1184 0.000000e+00
1185 1.300842e-07
1186 1.283909e-07
1187 1.079532e-07
1188 7.885458e-08
1189 5.858316e-08
1190 3.980822e-08
1191 2.349481e-08
1192 1.338574e-08
1193 7.737874e-09
1194 4.572791e-09
1195 2.864592e-09
1196 0.000000e+00
1197 0.000000e+00
1198 0.000000e+00
1199 0.000000e+00
1200 2.298987e-07
1201 2.275698e-07
1202 1.920825e-07
1203 1.405581e-07
1204 1.042486e-07
1205 7.135227e-08
1206 4.189783e-08
1207 2.390482e-08
1208 1.383797e-08
1209 8.162528e-09
1210 5.102530e-09
1211 0.000000e+00
1212 0.000000e+00
1213 0.000000e+00
1214 0.000000e+00
1215 3.113705e-07
1216 3.085540e-07
1217 2.608112e-07
1218 1.909801e-07
1219 1.415564e-07
1220 9.714316e-08
1221 5.693627e-08
1222 3.250278e-08
1223 1.882412e-08
1224 1.109633e-08
1225 6.931123e-09
1226 0.000000e+00
1227 0.000000e+00
1228 0.000000e+00
1229 0.000000e+00
1230 3.822858e-07
1231 3.790411e-07
1232 3.206248e-07
1233 2.348602e-07
1234 1.740244e-07
1235 1.195884e-07
1236 7.002371e-08
1237 3.998548e-08
1238 2.316343e-08
1239 1.364962e-08
1240 8.522503e-09
1241 0.000000e+00
1242 0.000000e+00
1243 0.000000e+00
1244 0.000000e+00
1245 4.495464e-07
1246 4.458900e-07
1247 3.773556e-07
1248 2.764778e-07
1249 2.048197e-07
1250 1.408762e-07
1251 8.243671e-08
1252 4.708246e-08
1253 2.727909e-08
1254 1.607129e-08
1255 1.003187e-08
1256 0.000000e+00
1257 0.000000e+00
1258 0.000000e+00
1259 0.000000e+00
1260 5.279914e-07
1261 5.238614e-07
1262 4.435236e-07
1263 3.250210e-07
1264 2.407375e-07
1265 1.657037e-07
1266 9.691457e-08
1267 5.535954e-08
1268 3.207914e-08
1269 1.889571e-08
1270 1.179233e-08
1271 0.000000e+00
1272 0.000000e+00
1273 0.000000e+00
1274 0.000000e+00
1275 9.297682e-08
1276 9.679952e-08
1277 8.758356e-08
1278 6.699466e-08
1279 4.842838e-08
1280 3.627260e-08
1281 2.049213e-08
1282 1.237342e-08
1283 6.992294e-09
1284 4.039146e-09
1285 2.418381e-09
1286 0.000000e+00
1287 0.000000e+00
1288 0.000000e+00
1289 0.000000e+00
1290 1.723893e-07
1291 1.798713e-07
1292 1.632772e-07
1293 1.252530e-07
1294 9.048105e-08
1295 6.788098e-08
1296 3.846422e-08
1297 2.330514e-08
1298 1.313876e-08
1299 7.570505e-09
1300 4.523371e-09
1301 0.000000e+00
1302 0.000000e+00
1303 0.000000e+00
1304 0.000000e+00
1305 2.415798e-07
1306 2.522647e-07
1307 2.292587e-07
1308 1.760497e-07
1309 1.271466e-07
1310 9.544248e-08
1311 5.414229e-08
1312 3.284375e-08
1313 1.850121e-08
1314 1.065037e-08
1315 6.358886e-09
1316 0.000000e+00
1317 0.000000e+00
1318 0.000000e+00
1319 0.000000e+00
1320 3.070301e-07
1321 3.207406e-07
1322 2.916675e-07
1323 2.240954e-07
1324 1.618268e-07
1325 1.215108e-07
1326 6.896947e-08
1327 4.186431e-08
1328 2.357250e-08
1329 1.356314e-08
1330 8.094946e-09
1331 0.000000e+00
1332 0.000000e+00
1333 0.000000e+00
1334 0.000000e+00
1335 3.833662e-07
1336 4.006059e-07
1337 3.644574e-07
1338 2.801294e-07
1339 2.022723e-07
1340 1.519134e-07
1341 8.626230e-08
1342 5.238522e-08
1343 2.948716e-08
1344 1.696035e-08
1345 1.011969e-08
1346 0.000000e+00
1347 0.000000e+00
1348 0.000000e+00
1349 0.000000e+00
1350 7.083606e-08
1351 7.666502e-08
1352 7.350447e-08
1353 5.955483e-08
1354 4.296313e-08
1355 3.239044e-08
1356 2.022415e-08
1357 1.240220e-08
1358 6.885243e-09
1359 3.791221e-09
1360 2.191528e-09
1361 1.332961e-09
1362 0.000000e+00
1363 0.000000e+00
1364 0.000000e+00
1365 1.375340e-07
1366 1.491111e-07
1367 1.433452e-07
1368 1.165067e-07
1369 8.410672e-08
1370 6.334431e-08
1371 3.983725e-08
1372 2.435359e-08
1373 1.352314e-08
1374 7.450177e-09
1375 4.296117e-09
1376 2.606971e-09
1377 0.000000e+00
1378 0.000000e+00
1379 0.000000e+00
1380 2.002122e-07
1381 2.171973e-07
1382 2.089915e-07
1383 1.700462e-07
1384 1.227875e-07
1385 9.244307e-08
1386 5.828150e-08
1387 3.559039e-08
1388 1.976425e-08
1389 1.089087e-08
1390 6.274851e-09
1391 3.804643e-09
1392 0.000000e+00
1393 0.000000e+00
1394 0.000000e+00
1395 2.731993e-07
1396 2.964798e-07
1397 2.854296e-07
1398 2.323852e-07
1399 1.678250e-07
1400 1.263243e-07
1401 7.975604e-08
1402 4.867362e-08
1403 2.703090e-08
1404 1.489684e-08
1405 8.578745e-09
1406 5.199165e-09
1407 0.000000e+00
1408 0.000000e+00
1409 0.000000e+00
1410 5.752933e-08
1411 6.419913e-08
1412 6.448351e-08
1413 5.537628e-08
1414 4.081181e-08
1415 3.006253e-08
1416 2.117044e-08
1417 1.208211e-08
1418 6.800850e-09
1419 3.848308e-09
1420 2.140673e-09
1421 1.248665e-09
1422 0.000000e+00
1423 0.000000e+00
1424 0.000000e+00
1425 1.171514e-07
1426 1.309318e-07
1427 1.318147e-07
1428 1.135576e-07
1429 8.384509e-08
1430 6.167732e-08
1431 4.365716e-08
1432 2.482714e-08
1433 1.400731e-08
1434 7.924917e-09
1435 4.405803e-09
1436 2.564443e-09
1437 0.000000e+00
1438 0.000000e+00
1439 0.000000e+00
1440 1.857561e-07
1441 2.077189e-07
1442 2.092913e-07
1443 1.805049e-07
1444 1.333621e-07
1445 9.805538e-08
1446 6.953174e-08
1447 3.949270e-08
1448 2.230006e-08
1449 1.261579e-08
1450 7.012282e-09
1451 4.078465e-09
1452 0.000000e+00
1453 0.000000e+00
1454 0.000000e+00
1455 5.028342e-08
1456 5.761846e-08
1457 6.021854e-08
1458 5.470441e-08
1459 4.194516e-08
1460 3.029626e-08
1461 2.275365e-08
1462 1.275398e-08
1463 7.627043e-09
1464 4.179215e-09
1465 2.304264e-09
1466 1.286780e-09
1467 0.000000e+00
1468 0.000000e+00
1469 0.000000e+00
1470 1.137660e-07
1471 1.305424e-07
1472 1.367146e-07
1473 1.245773e-07
1474 9.578396e-08
1475 6.914165e-08
1476 5.200401e-08
1477 2.924328e-08
1478 1.755232e-08
1479 9.598463e-09
1480 5.278892e-09
1481 2.941536e-09
1482 0.000000e+00
1483 0.000000e+00
1484 0.000000e+00
1485 5.294457e-08
1486 6.221024e-08
1487 6.744935e-08
1488 6.474866e-08
1489 5.249474e-08
1490 3.787717e-08
1491 2.857531e-08
1492 1.776367e-08
1493 1.081148e-08
1494 5.866886e-09
1495 3.090035e-09
1496 1.667284e-09
1497 9.285696e-10
1498 0.000000e+00
1499 0.000000e+00
1500 1.109684e-04
1501 8.086786e-05
1502 6.035546e-05
1503 3.805236e-05
1504 2.321989e-05
1505 1.369104e-05
1506 8.324421e-06
1507 5.304277e-06
1508 3.565556e-06
1509 0.000000e+00
1510 0.000000e+00
1511 0.000000e+00
1512 0.000000e+00
1513 0.000000e+00
1514 0.000000e+00
1515 5.757601e-05
1516 4.644359e-05
1517 3.369791e-05
1518 2.528332e-05
1519 1.597668e-05
1520 9.754545e-06
1521 5.648866e-06
1522 3.364481e-06
1523 2.093966e-06
1524 1.379138e-06
1525 0.000000e+00
1526 0.000000e+00
1527 0.000000e+00
1528 0.000000e+00
1529 0.000000e+00
1530 4.047788e-05
1531 3.713775e-05
1532 2.882267e-05
1533 2.080348e-05
1534 1.566222e-05
1535 9.111532e-06
1536 5.625604e-06
1537 3.225263e-06
1538 1.896511e-06
1539 1.174730e-06
1540 0.000000e+00
1541 0.000000e+00
1542 0.000000e+00
1543 0.000000e+00
1544 0.000000e+00
1545 2.912801e-05
1546 2.891312e-05
1547 2.448503e-05
1548 1.793535e-05
1549 1.328396e-05
1550 9.154542e-06
1551 5.351144e-06
1552 3.053081e-06
1553 1.771954e-06
1554 1.042590e-06
1555 6.506122e-07
1556 0.000000e+00
1557 0.000000e+00
1558 0.000000e+00
1559 0.000000e+00
1560 2.085098e-05
1561 2.179680e-05
1562 1.983793e-05
1563 1.524768e-05
1564 1.100576e-05
1565 8.274949e-06
1566 4.689296e-06
1567 2.850415e-06
1568 1.602925e-06
1569 9.233707e-07
1570 5.506294e-07
1571 0.000000e+00
1572 0.000000e+00
1573 0.000000e+00
1574 0.000000e+00
1575 1.487210e-05
1576 1.614453e-05
1577 1.554949e-05
1578 1.266314e-05
1579 9.143013e-06
1580 6.883420e-06
1581 4.347301e-06
1582 2.655947e-06
1583 1.474901e-06
1584 8.112783e-07
1585 4.673052e-07
1586 2.832009e-07
1587 0.000000e+00
1588 0.000000e+00
1589 0.000000e+00
1590 1.001028e-05
1591 1.119728e-05
1592 1.128693e-05
1593 9.739022e-06
1594 7.195644e-06
1595 5.289411e-06
1596 3.755371e-06
1597 2.130464e-06
1598 1.202339e-06
1599 6.811759e-07
1600 3.783133e-07
1601 2.200058e-07
1602 0.000000e+00
1603 0.000000e+00
1604 0.000000e+00
1605 6.201116e-06
1606 7.118100e-06
1607 7.458527e-06
1608 6.801106e-06
1609 5.231433e-06
1610 3.775220e-06
1611 2.841823e-06
1612 1.597077e-06
1613 9.596537e-07
1614 5.242846e-07
1615 2.885232e-07
1616 1.606418e-07
1617 0.000000e+00
1618 0.000000e+00
1619 0.000000e+00
1620 3.163407e-06
1621 3.720115e-06
1622 4.038202e-06
1623 3.883392e-06
1624 3.154630e-06
1625 2.276770e-06
1626 1.716871e-06
1627 1.071974e-06
1628 6.518364e-07
1629 3.538249e-07
1630 1.861971e-07
1631 1.003484e-07
1632 5.578990e-08
1633 0.000000e+00
1634 0.000000e+00
1635 8.891198e-07
1636 1.072208e-06
1637 1.206146e-06
1638 1.224576e-06
1639 1.066696e-06
1640 7.933436e-07
1641 5.815894e-07
1642 4.169104e-07
1643 2.343421e-07
1644 1.314261e-07
1645 7.164692e-08
1646 3.730540e-08
1647 1.958823e-08
1648 0.000000e+00
1649 0.000000e+00
