0 2.184231e-09
1 1.417694e-09
2 8.911072e-10
3 5.617293e-10
4 3.614314e-10
5 2.380227e-10
6 1.582777e-10
7 1.039010e-10
8 6.575934e-11
9 3.942874e-11
10 2.218157e-11
11 1.169465e-11
12 5.819290e-12
13 2.764645e-12
14 1.269535e-12
15 3.712437e-09
16 2.466389e-09
17 1.565550e-09
18 9.757612e-10
19 6.176007e-10
20 4.003486e-10
21 2.650539e-10
22 1.757728e-10
23 1.138928e-10
24 7.055543e-11
25 4.115368e-11
26 2.247202e-11
27 1.151954e-11
28 5.596598e-12
29 2.609570e-12
30 4.241939e-09
31 2.836530e-09
32 1.809804e-09
33 1.126386e-09
34 7.100059e-10
35 4.579272e-10
36 3.022968e-10
37 2.006790e-10
38 1.306545e-10
39 8.155748e-11
40 4.803163e-11
41 2.649523e-11
42 1.370151e-11
43 6.703724e-12
44 3.142029e-12
45 4.532597e-09
46 3.039789e-09
47 1.943970e-09
48 1.209174e-09
49 7.607844e-10
50 4.895962e-10
51 3.227895e-10
52 2.143378e-10
53 1.398760e-10
54 8.760648e-11
55 5.182234e-11
56 2.870710e-11
57 1.490466e-11
58 7.314325e-12
59 3.434856e-12
60 4.727986e-09
61 3.176394e-09
62 2.034304e-09
63 1.265005e-09
64 7.950609e-10
65 5.109484e-10
66 3.365796e-10
67 2.235606e-10
68 1.460574e-10
69 9.169169e-11
70 5.436683e-11
71 3.019413e-11
72 1.571111e-11
73 7.724994e-12
74 3.632452e-12
75 4.874069e-09
76 3.278673e-09
77 2.101727e-09
78 1.306650e-09
79 8.205678e-10
80 5.268364e-10
81 3.468862e-10
82 2.304336e-10
83 1.507026e-10
84 9.473398e-11
85 5.626968e-11
86 3.130697e-11
87 1.631779e-11
88 8.032586e-12
89 3.779760e-12
90 4.992487e-09
91 3.361654e-09
92 2.156642e-09
93 1.340635e-09
94 8.413889e-10
95 5.398271e-10
96 3.553030e-10
97 2.360291e-10
98 1.544524e-10
99 9.720392e-11
100 5.781767e-11
101 3.220719e-11
102 1.681025e-11
103 8.282037e-12
104 3.900171e-12
105 5.096390e-09
106 3.434100e-09
107 2.204296e-09
108 1.369901e-09
109 8.593856e-10
110 5.510405e-10
111 3.625508e-10
112 2.408968e-10
113 1.577495e-10
114 9.937122e-11
115 5.916685e-11
116 3.299562e-11
117 1.723405e-11
118 8.500354e-12
119 4.004939e-12
120 5.195025e-09
121 3.503613e-09
122 2.250411e-09
123 1.397945e-09
124 8.767286e-10
125 5.618334e-10
126 3.694978e-10
127 2.455916e-10
128 1.608427e-10
129 1.014063e-10
130 6.045965e-11
131 3.375229e-11
132 1.764413e-11
133 8.705911e-12
134 4.104221e-12
135 5.309460e-09
136 3.583046e-09
137 2.303293e-09
138 1.431031e-09
139 8.968745e-10
140 5.744047e-10
141 3.776137e-10
142 2.509517e-10
143 1.645391e-10
144 1.038537e-10
145 6.196839e-11
146 3.463504e-11
147 1.812490e-11
148 8.947777e-12
149 4.220109e-12
150 7.868677e-09
151 5.415758e-09
152 3.555433e-09
153 2.219453e-09
154 1.376454e-09
155 8.680832e-10
156 5.631752e-10
157 3.728036e-10
158 2.465215e-10
159 1.586705e-10
160 9.726978e-11
161 5.602209e-11
162 3.017145e-11
163 1.525928e-11
164 7.325508e-12
165 9.943150e-09
166 6.929008e-09
167 4.614889e-09
168 2.910181e-09
169 1.795132e-09
170 1.123019e-09
171 7.205786e-10
172 4.740594e-10
173 3.139721e-10
174 2.039824e-10
175 1.270093e-10
176 7.455929e-11
177 4.095893e-11
178 2.108702e-11
179 1.026557e-11
180 1.113649e-08
181 7.802424e-09
182 5.227553e-09
183 3.312999e-09
184 2.040288e-09
185 1.271972e-09
186 8.123889e-10
187 5.327867e-10
188 3.529082e-10
189 2.301587e-10
190 1.442187e-10
191 8.533835e-11
192 4.727128e-11
193 2.452023e-11
194 1.200875e-11
195 1.193823e-08
196 8.391197e-09
197 5.640158e-09
198 3.584429e-09
199 2.205196e-09
200 1.372249e-09
201 8.739880e-10
202 5.723292e-10
203 3.791621e-10
204 2.477623e-10
205 1.557939e-10
206 9.258353e-11
207 5.151329e-11
208 2.682931e-11
209 1.318130e-11
210 1.253713e-08
211 8.831620e-09
212 5.949163e-09
213 3.787601e-09
214 2.328902e-09
215 1.447457e-09
216 9.202031e-10
217 6.019174e-10
218 3.987870e-10
219 2.609492e-10
220 1.644658e-10
221 9.801087e-11
222 5.469145e-11
223 2.855789e-11
224 1.405988e-11
225 1.302720e-08
226 9.190238e-09
227 6.200216e-09
228 3.952676e-09
229 2.429303e-09
230 1.508678e-09
231 9.579152e-10
232 6.259604e-10
233 4.147471e-10
234 2.716527e-10
235 1.715010e-10
236 1.024161e-10
237 5.727109e-11
238 2.996267e-11
239 1.477312e-11
240 1.345113e-08
241 9.499845e-09
242 6.418415e-09
243 4.095314e-09
244 2.516242e-09
245 1.561449e-09
246 9.903182e-10
247 6.468154e-10
248 4.286382e-10
249 2.809733e-10
250 1.776292e-10
251 1.062575e-10
252 5.952167e-11
253 3.118366e-11
254 1.538807e-11
255 1.385301e-08
256 9.795955e-09
257 6.625816e-09
258 4.233311e-09
259 2.600011e-09
260 1.611940e-09
261 1.021290e-09
262 6.666430e-10
263 4.417932e-10
264 2.897986e-10
265 1.834490e-10
266 1.098898e-10
267 6.164750e-11
268 3.234273e-11
269 1.598006e-11
270 1.432686e-08
271 1.014243e-08
272 6.868503e-09
273 4.391926e-09
274 2.696512e-09
275 1.671133e-09
276 1.058085e-09
277 6.900505e-10
278 4.572776e-10
279 3.002100e-10
280 1.902712e-10
281 1.141729e-10
282 6.416522e-11
283 3.371247e-11
284 1.667365e-11
285 1.363984e-08
286 9.702092e-09
287 6.588831e-09
288 4.250435e-09
289 2.618560e-09
290 1.622140e-09
291 1.022680e-09
292 6.635681e-10
293 4.378288e-10
294 2.869894e-10
295 1.822140e-10
296 1.098879e-10
297 6.222271e-11
298 3.298413e-11
299 1.645452e-11
300 1.604309e-08
301 1.153939e-08
302 7.908331e-09
303 5.160535e-09
304 3.191605e-09
305 1.967029e-09
306 1.230501e-09
307 7.922803e-10
308 5.207996e-10
309 3.421594e-10
310 2.189530e-10
311 1.336326e-10
312 7.675104e-11
313 4.127749e-11
314 2.085585e-11
315 1.768670e-08
316 1.280481e-08
317 8.816209e-09
318 5.788504e-09
319 3.588463e-09
320 2.205251e-09
321 1.374405e-09
322 8.811988e-10
323 5.780215e-10
324 3.801389e-10
325 2.442378e-10
326 1.499894e-10
327 8.677975e-11
328 4.701925e-11
329 2.391313e-11
330 1.892026e-08
331 1.375307e-08
332 9.497995e-09
333 6.257179e-09
334 3.885816e-09
335 2.384311e-09
336 1.482195e-09
337 9.478784e-10
338 6.210050e-10
339 4.086074e-10
340 2.631900e-10
341 1.622530e-10
342 9.430009e-11
343 5.132500e-11
344 2.620630e-11
345 1.991933e-08
346 1.452090e-08
347 1.004955e-08
348 6.639763e-09
349 4.126784e-09
350 2.529415e-09
351 1.569541e-09
352 1.001898e-09
353 6.556725e-10
354 4.316265e-10
355 2.785361e-10
356 1.721808e-10
357 1.003876e-10
358 5.481077e-11
359 2.806371e-11
360 2.079275e-08
361 1.519274e-08
362 1.053254e-08
363 6.972282e-09
364 4.337094e-09
365 2.656254e-09
366 1.645943e-09
367 1.049091e-09
368 6.860660e-10
369 4.518058e-10
370 2.919411e-10
371 1.808525e-10
372 1.057067e-10
373 5.785706e-11
374 2.968492e-11
375 2.161717e-08
376 1.582503e-08
377 1.098743e-08
378 7.286936e-09
379 4.535879e-09
380 2.775852e-09
381 1.718107e-09
382 1.093623e-09
383 7.147427e-10
384 4.708400e-10
385 3.046230e-10
386 1.890509e-10
387 1.107317e-10
388 6.073357e-11
389 3.121621e-11
390 2.258775e-08
391 1.657208e-08
392 1.152356e-08
393 7.656313e-09
394 4.770188e-09
395 2.917308e-09
396 1.803147e-09
397 1.146296e-09
398 7.485155e-10
399 4.932995e-10
400 3.195676e-10
401 1.987076e-10
402 1.166530e-10
403 6.412214e-11
404 3.302186e-11
405 1.968166e-08
406 1.442268e-08
407 1.000847e-08
408 6.635338e-09
409 4.153184e-09
410 2.542842e-09
411 1.576842e-09
412 1.002624e-09
413 6.536038e-10
414 4.293087e-10
415 2.769663e-10
416 1.716095e-10
417 1.005180e-10
418 5.522352e-11
419 2.846762e-11
420 2.234263e-08
421 1.656282e-08
422 1.158298e-08
423 7.742930e-09
424 4.887135e-09
425 2.984015e-09
426 1.842625e-09
427 1.162981e-09
428 7.538638e-10
429 4.945556e-10
430 3.202822e-10
431 2.000144e-10
432 1.184021e-10
433 6.582907e-11
434 3.432989e-11
435 2.435043e-08
436 1.818189e-08
437 1.277322e-08
438 8.583498e-09
439 5.444964e-09
440 3.320294e-09
441 2.045106e-09
442 1.284849e-09
443 8.301280e-10
444 5.440761e-10
445 3.531202e-10
446 2.215535e-10
447 1.319803e-10
448 7.389192e-11
449 3.879464e-11
450 2.597742e-08
451 1.949479e-08
452 1.374215e-08
453 9.266185e-09
454 5.896940e-09
455 3.593068e-09
456 2.209147e-09
457 1.383578e-09
458 8.918574e-10
459 5.841804e-10
460 3.797134e-10
461 2.389976e-10
462 1.429769e-10
463 8.042011e-11
464 4.240908e-11
465 2.739965e-08
466 2.063819e-08
467 1.458580e-08
468 9.858926e-09
469 6.291126e-09
470 3.830820e-09
471 2.352029e-09
472 1.469902e-09
473 9.457011e-10
474 6.191948e-10
475 4.029194e-10
476 2.542154e-10
477 1.525706e-10
478 8.611944e-11
479 4.556532e-11
480 2.874362e-08
481 2.172250e-08
482 1.538333e-08
483 1.042024e-08
484 6.665069e-09
485 4.055285e-09
486 2.487462e-09
487 1.551353e-09
488 9.966260e-10
489 6.522839e-10
490 4.249039e-10
491 2.686323e-10
492 1.616577e-10
493 9.150478e-11
494 4.854602e-11
495 3.032750e-08
496 2.299651e-08
497 1.632306e-08
498 1.108315e-08
499 7.104159e-09
500 4.320408e-09
501 2.646950e-09
502 1.647444e-09
503 1.056601e-09
504 6.912829e-10
505 4.507300e-10
506 2.855516e-10
507 1.723348e-10
508 9.785448e-11
509 5.206259e-11
510 2.604752e-08
511 1.964311e-08
512 1.389930e-08
513 9.389695e-09
514 6.008689e-09
515 3.669201e-09
516 2.254211e-09
517 1.407754e-09
518 9.041420e-10
519 5.906877e-10
520 3.835821e-10
521 2.417025e-10
522 1.450430e-10
523 8.197106e-11
524 4.347720e-11
525 2.896344e-08
526 2.209690e-08
527 1.575688e-08
528 1.071719e-08
529 6.917516e-09
530 4.231398e-09
531 2.590523e-09
532 1.607269e-09
533 1.026181e-09
534 6.681887e-10
535 4.343726e-10
536 2.751145e-10
537 1.664503e-10
538 9.501638e-11
539 5.092987e-11
540 3.133741e-08
541 2.409447e-08
542 1.727306e-08
543 1.180051e-08
544 7.658065e-09
545 4.690966e-09
546 2.865057e-09
547 1.770295e-09
548 1.125683e-09
549 7.313799e-10
550 4.757610e-10
551 3.023348e-10
552 1.838930e-10
553 1.056512e-10
554 5.700938e-11
555 3.340757e-08
556 2.583725e-08
557 1.859916e-08
558 1.274451e-08
559 8.305510e-09
560 5.092046e-09
561 3.104875e-09
562 1.912682e-09
563 1.212563e-09
564 7.865665e-10
565 5.118896e-10
566 3.260930e-10
567 1.991180e-10
568 1.149354e-10
569 6.231838e-11
570 3.536574e-08
571 2.748511e-08
572 1.984952e-08
573 1.363681e-08
574 8.918402e-09
575 5.470917e-09
576 3.331555e-09
577 2.047385e-09
578 1.294749e-09
579 8.387452e-10
580 5.460761e-10
581 3.485763e-10
582 2.135244e-10
583 1.237179e-10
584 6.733842e-11
585 3.768119e-08
586 2.942832e-08
587 2.132346e-08
588 1.469185e-08
589 9.638665e-09
590 5.917730e-09
591 3.598771e-09
592 2.205795e-09
593 1.391470e-09
594 9.001541e-10
595 5.862947e-10
596 3.750297e-10
597 2.304780e-10
598 1.340549e-10
599 7.324903e-11
600 3.283296e-08
601 2.545957e-08
602 1.836971e-08
603 1.260251e-08
604 8.229515e-09
605 5.067183e-09
606 3.086600e-09
607 1.900763e-09
608 1.202651e-09
609 7.783083e-10
610 5.056236e-10
611 3.218771e-10
612 1.966573e-10
613 1.137284e-10
614 6.185245e-11
615 3.607926e-08
616 2.829307e-08
617 2.059559e-08
618 1.421404e-08
619 9.351279e-09
620 5.788934e-09
621 3.514828e-09
622 2.154665e-09
623 1.354554e-09
624 8.725917e-10
625 5.663335e-10
626 3.616188e-10
627 2.223364e-10
628 1.296828e-10
629 7.121281e-11
630 3.891299e-08
631 3.077211e-08
632 2.254163e-08
633 1.562185e-08
634 1.033392e-08
635 6.421052e-09
636 3.889984e-09
637 2.377363e-09
638 1.487763e-09
639 9.551303e-10
640 6.194656e-10
641 3.963887e-10
642 2.448029e-10
643 1.436447e-10
644 7.940812e-11
645 4.159521e-08
646 3.311810e-08
647 2.438130e-08
648 1.695695e-08
649 1.126500e-08
650 7.019524e-09
651 4.245351e-09
652 2.587968e-09
653 1.613876e-09
654 1.033290e-09
655 6.697706e-10
656 4.293142e-10
657 2.660774e-10
658 1.568631e-10
659 8.716480e-11
660 4.475985e-08
661 3.588697e-08
662 2.654941e-08
663 1.852655e-08
664 1.235838e-08
665 7.723450e-09
666 4.662863e-09
667 2.835733e-09
668 1.762050e-09
669 1.125190e-09
670 7.288960e-10
671 4.680125e-10
672 2.910840e-10
673 1.724026e-10
674 9.628583e-11
675 4.026674e-08
676 3.206543e-08
677 2.363576e-08
678 1.644996e-08
679 1.092553e-08
680 6.831104e-09
681 4.134345e-09
682 2.523025e-09
683 1.571729e-09
684 1.004674e-09
685 6.499981e-10
686 4.159602e-10
687 2.575440e-10
688 1.518181e-10
689 8.444227e-11
690 4.400778e-08
691 3.545445e-08
692 2.638951e-08
693 1.847981e-08
694 1.235799e-08
695 7.784002e-09
696 4.704020e-09
697 2.861865e-09
698 1.770903e-09
699 1.125279e-09
700 7.260174e-10
701 4.651665e-10
702 2.893890e-10
703 1.718639e-10
704 9.646185e-11
705 4.755570e-08
706 3.866817e-08
707 2.899720e-08
708 2.040756e-08
709 1.371854e-08
710 8.688360e-09
711 5.245234e-09
712 3.183236e-09
713 1.959943e-09
714 1.239815e-09
715 7.981832e-10
716 5.118745e-10
717 3.196152e-10
718 1.908896e-10
719 1.078697e-10
720 5.173396e-08
721 4.244633e-08
722 3.206445e-08
723 2.267447e-08
724 1.531502e-08
725 9.751907e-09
726 5.880653e-09
727 3.561174e-09
728 2.181977e-09
729 1.374256e-09
730 8.828972e-10
731 5.667120e-10
732 3.551049e-10
733 2.132291e-10
734 1.212657e-10
735 4.878932e-08
736 3.991290e-08
737 3.011242e-08
738 2.128882e-08
739 1.435603e-08
740 9.144921e-09
741 5.532487e-09
742 3.353196e-09
743 2.056479e-09
744 1.295366e-09
745 8.311021e-10
746 5.322921e-10
747 3.327018e-10
748 1.993266e-10
749 1.131841e-10
750 5.341345e-08
751 4.424310e-08
752 3.375922e-08
753 2.405074e-08
754 1.632319e-08
755 1.048745e-08
756 6.356500e-09
757 3.840311e-09
758 2.339731e-09
759 1.463570e-09
760 9.346074e-10
761 5.981373e-10
762 3.750920e-10
763 2.261991e-10
764 1.295763e-10
765 5.885639e-08
766 4.934088e-08
767 3.803547e-08
768 2.729323e-08
769 1.863361e-08
770 1.206591e-08
771 7.325618e-09
772 4.413151e-09
773 2.672548e-09
774 1.661191e-09
775 1.056165e-09
776 6.754737e-10
777 4.248799e-10
778 2.577615e-10
779 1.488310e-10
780 5.937805e-08
781 5.000029e-08
782 3.876074e-08
783 2.794343e-08
784 1.912927e-08
785 1.243658e-08
786 7.591941e-09
787 4.565383e-09
788 2.760391e-09
789 1.709165e-09
790 1.082325e-09
791 6.902415e-10
792 4.337877e-10
793 2.634668e-10
794 1.525819e-10
795 6.653280e-08
796 5.693294e-08
797 4.481205e-08
798 3.268127e-08
799 2.255757e-08
800 1.482177e-08
801 9.116435e-09
802 5.459858e-09
803 3.280525e-09
804 2.011674e-09
805 1.263325e-09
806 8.025354e-10
807 5.050719e-10
808 3.086467e-10
809 1.804858e-10
810 7.645670e-08
811 6.690641e-08
812 5.392147e-08
813 4.011865e-08
814 2.806517e-08
815 1.870911e-08
816 1.170901e-08
817 6.995725e-09
818 4.179149e-09
819 2.523703e-09
820 1.560083e-09
821 9.804936e-10
822 6.152238e-10
823 3.777473e-10
824 2.233893e-10
825 5.039064e-07
826 3.680499e-07
827 2.727172e-07
828 1.697046e-07
829 1.033926e-07
830 6.125265e-08
831 3.740267e-08
832 2.399734e-08
833 1.620059e-08
834 0.000000e+00
835 0.000000e+00
836 0.000000e+00
837 0.000000e+00
838 0.000000e+00
839 0.000000e+00
840 7.613912e-07
841 5.562646e-07
842 4.126270e-07
843 2.597825e-07
844 1.578714e-07
845 9.340959e-08
846 5.692916e-08
847 3.638706e-08
848 2.449601e-08
849 0.000000e+00
850 0.000000e+00
851 0.000000e+00
852 0.000000e+00
853 0.000000e+00
854 0.000000e+00
855 9.040079e-07
856 6.605319e-07
857 4.901262e-07
858 3.097425e-07
859 1.880680e-07
860 1.112357e-07
861 6.775275e-08
862 4.325221e-08
863 2.909147e-08
864 0.000000e+00
865 0.000000e+00
866 0.000000e+00
867 0.000000e+00
868 0.000000e+00
869 0.000000e+00
870 9.998918e-07
871 7.306305e-07
872 5.422307e-07
873 3.433316e-07
874 2.083713e-07
875 1.232208e-07
876 7.502981e-08
877 4.786827e-08
878 3.218108e-08
879 0.000000e+00
880 0.000000e+00
881 0.000000e+00
882 0.000000e+00
883 0.000000e+00
884 0.000000e+00
885 1.071752e-06
886 7.831699e-07
887 5.812778e-07
888 3.685045e-07
889 2.235877e-07
890 1.322033e-07
891 8.048360e-08
892 5.132765e-08
893 3.449679e-08
894 0.000000e+00
895 0.000000e+00
896 0.000000e+00
897 0.000000e+00
898 0.000000e+00
899 0.000000e+00
900 1.129983e-06
901 8.257420e-07
902 6.129217e-07
903 3.889029e-07
904 2.359172e-07
905 1.394822e-07
906 8.490282e-08
907 5.413099e-08
908 3.637318e-08
909 0.000000e+00
910 0.000000e+00
911 0.000000e+00
912 0.000000e+00
913 0.000000e+00
914 0.000000e+00
915 1.180783e-06
916 8.628806e-07
917 6.405257e-07
918 4.066996e-07
919 2.466743e-07
920 1.458316e-07
921 8.875828e-08
922 5.657642e-08
923 3.801010e-08
924 0.000000e+00
925 0.000000e+00
926 0.000000e+00
927 0.000000e+00
928 0.000000e+00
929 0.000000e+00
930 1.228946e-06
931 8.980933e-07
932 6.666981e-07
933 4.235715e-07
934 2.568723e-07
935 1.518513e-07
936 9.241344e-08
937 5.889489e-08
938 3.956196e-08
939 0.000000e+00
940 0.000000e+00
941 0.000000e+00
942 0.000000e+00
943 0.000000e+00
944 0.000000e+00
945 1.285517e-06
946 9.394559e-07
947 6.974395e-07
948 4.433909e-07
949 2.688516e-07
950 1.589229e-07
951 9.670732e-08
952 6.161815e-08
953 4.138501e-08
954 0.000000e+00
955 0.000000e+00
956 0.000000e+00
957 0.000000e+00
958 0.000000e+00
959 0.000000e+00
960 3.371015e-07
961 2.684446e-07
962 1.947250e-07
963 1.460336e-07
964 9.032964e-08
965 5.529947e-08
966 3.214253e-08
967 1.921959e-08
968 1.204538e-08
969 7.975349e-09
970 0.000000e+00
971 0.000000e+00
972 0.000000e+00
973 0.000000e+00
974 0.000000e+00
975 5.208792e-07
976 4.176868e-07
977 3.032781e-07
978 2.272233e-07
979 1.424116e-07
980 8.683146e-08
981 5.043414e-08
982 3.011668e-08
983 1.880540e-08
984 1.241422e-08
985 0.000000e+00
986 0.000000e+00
987 0.000000e+00
988 0.000000e+00
989 0.000000e+00
990 6.455439e-07
991 5.189935e-07
992 3.769790e-07
993 2.823350e-07
994 1.778074e-07
995 1.082480e-07
996 6.285888e-08
997 3.751862e-08
998 2.339604e-08
999 1.542772e-08
1000 0.000000e+00
1001 0.000000e+00
1002 0.000000e+00
1003 0.000000e+00
1004 0.000000e+00
1005 7.389614e-07
1006 5.949022e-07
1007 4.322005e-07
1008 3.236303e-07
1009 2.043294e-07
1010 1.242944e-07
1011 7.216891e-08
1012 4.306506e-08
1013 2.683563e-08
1014 1.768568e-08
1015 0.000000e+00
1016 0.000000e+00
1017 0.000000e+00
1018 0.000000e+00
1019 0.000000e+00
1020 8.146620e-07
1021 6.564100e-07
1022 4.769479e-07
1023 3.570912e-07
1024 2.258214e-07
1025 1.372984e-07
1026 7.971313e-08
1027 4.755925e-08
1028 2.962304e-08
1029 1.951525e-08
1030 0.000000e+00
1031 0.000000e+00
1032 0.000000e+00
1033 0.000000e+00
1034 0.000000e+00
1035 8.806982e-07
1036 7.100710e-07
1037 5.159893e-07
1038 3.862830e-07
1039 2.445703e-07
1040 1.486426e-07
1041 8.629447e-08
1042 5.148022e-08
1043 3.205472e-08
1044 2.111161e-08
1045 0.000000e+00
1046 0.000000e+00
1047 0.000000e+00
1048 0.000000e+00
1049 0.000000e+00
1050 9.433055e-07
1051 7.609462e-07
1052 5.529985e-07
1053 4.139573e-07
1054 2.623441e-07
1055 1.593981e-07
1056 9.253417e-08
1057 5.519723e-08
1058 3.436000e-08
1059 2.262487e-08
1060 0.000000e+00
1061 0.000000e+00
1062 0.000000e+00
1063 0.000000e+00
1064 0.000000e+00
1065 1.016853e-06
1066 8.207129e-07
1067 5.964781e-07
1068 4.464725e-07
1069 2.832257e-07
1070 1.720337e-07
1071 9.986423e-08
1072 5.956439e-08
1073 3.706824e-08
1074 2.440268e-08
1075 0.000000e+00
1076 0.000000e+00
1077 0.000000e+00
1078 0.000000e+00
1079 0.000000e+00
1080 1.984156e-07
1081 1.804391e-07
1082 1.390036e-07
1083 1.005217e-07
1084 7.532409e-08
1085 4.353542e-08
1086 2.668181e-08
1087 1.538448e-08
1088 9.098098e-09
1089 5.660518e-09
1090 0.000000e+00
1091 0.000000e+00
1092 0.000000e+00
1093 0.000000e+00
1094 0.000000e+00
1095 3.311359e-07
1096 3.024960e-07
1097 2.340117e-07
1098 1.691199e-07
1099 1.269162e-07
1100 7.377681e-08
1101 4.533695e-08
1102 2.607758e-08
1103 1.536547e-08
1104 9.537409e-09
1105 0.000000e+00
1106 0.000000e+00
1107 0.000000e+00
1108 0.000000e+00
1109 0.000000e+00
1110 4.314054e-07
1111 3.947495e-07
1112 3.058470e-07
1113 2.209857e-07
1114 1.659255e-07
1115 9.665806e-08
1116 5.945258e-08
1117 3.416759e-08
1118 2.010575e-08
1119 1.246903e-08
1120 0.000000e+00
1121 0.000000e+00
1122 0.000000e+00
1123 0.000000e+00
1124 0.000000e+00
1125 5.126229e-07
1126 4.694669e-07
1127 3.640292e-07
1128 2.629943e-07
1129 1.975196e-07
1130 1.151897e-07
1131 7.088518e-08
1132 4.071991e-08
1133 2.394492e-08
1134 1.484346e-08
1135 0.000000e+00
1136 0.000000e+00
1137 0.000000e+00
1138 0.000000e+00
1139 0.000000e+00
1140 5.834702e-07
1141 5.346516e-07
1142 4.147853e-07
1143 2.996416e-07
1144 2.250825e-07
1145 1.313566e-07
1146 8.085900e-08
1147 4.643613e-08
1148 2.729420e-08
1149 1.691480e-08
1150 0.000000e+00
1151 0.000000e+00
1152 0.000000e+00
1153 0.000000e+00
1154 0.000000e+00
1155 6.506378e-07
1156 5.964462e-07
1157 4.629046e-07
1158 3.343842e-07
1159 2.512131e-07
1160 1.466834e-07
1161 9.031423e-08
1162 5.185521e-08
1163 3.046939e-08
1164 1.887846e-08
1165 0.000000e+00
1166 0.000000e+00
1167 0.000000e+00
1168 0.000000e+00
1169 0.000000e+00
1170 7.295491e-07
1171 6.690458e-07
1172 5.194351e-07
1173 3.752007e-07
1174 2.819107e-07
1175 1.646897e-07
1176 1.014225e-07
1177 5.822150e-08
1178 3.419979e-08
1179 2.118554e-08
1180 0.000000e+00
1181 0.000000e+00
1182 0.000000e+00
1183 0.000000e+00
1184 0.000000e+00
1185 1.319883e-07
1186 1.302752e-07
1187 1.095425e-07
1188 8.001636e-08
1189 5.944538e-08
1190 4.039741e-08
1191 2.384124e-08
1192 1.358312e-08
1193 7.852227e-09
1194 4.640217e-09
1195 2.906775e-09
1196 0.000000e+00
1197 0.000000e+00
1198 0.000000e+00
1199 0.000000e+00
1200 2.318245e-07
1201 2.294867e-07
1202 1.937124e-07
1203 1.417550e-07
1204 1.051334e-07
1205 7.196625e-08
1206 4.225490e-08
1207 2.410914e-08
1208 1.395655e-08
1209 8.232225e-09
1210 5.145920e-09
1211 0.000000e+00
1212 0.000000e+00
1213 0.000000e+00
1214 0.000000e+00
1215 3.130784e-07
1216 3.102512e-07
1217 2.622518e-07
1218 1.920367e-07
1219 1.423384e-07
1220 9.768374e-08
1221 5.725148e-08
1222 3.268300e-08
1223 1.892863e-08
1224 1.115783e-08
1225 6.969470e-09
1226 0.000000e+00
1227 0.000000e+00
1228 0.000000e+00
1229 0.000000e+00
1230 3.839127e-07
1231 3.806581e-07
1232 3.219967e-07
1233 2.358666e-07
1234 1.747693e-07
1235 1.201033e-07
1236 7.032395e-08
1237 4.015708e-08
1238 2.326298e-08
1239 1.370821e-08
1240 8.559011e-09
1241 0.000000e+00
1242 0.000000e+00
1243 0.000000e+00
1244 0.000000e+00
1245 4.510749e-07
1246 4.474092e-07
1247 3.786448e-07
1248 2.774236e-07
1249 2.055195e-07
1250 1.413597e-07
1251 8.271879e-08
1252 4.724373e-08
1253 2.737261e-08
1254 1.612632e-08
1255 1.006617e-08
1256 0.000000e+00
1257 0.000000e+00
1258 0.000000e+00
1259 0.000000e+00
1260 5.299667e-07
1261 5.258240e-07
1262 4.451897e-07
1263 3.262437e-07
1264 2.416419e-07
1265 1.663288e-07
1266 9.727924e-08
1267 5.556796e-08
1268 3.220001e-08
1269 1.896683e-08
1270 1.183665e-08
1271 0.000000e+00
1272 0.000000e+00
1273 0.000000e+00
1274 0.000000e+00
1275 9.509899e-08
1276 9.901676e-08
1277 8.959924e-08
1278 6.854220e-08
1279 4.954599e-08
1280 3.711189e-08
1281 2.096782e-08
1282 1.266213e-08
1283 7.154840e-09
1284 4.132788e-09
1285 2.474271e-09
1286 0.000000e+00
1287 0.000000e+00
1288 0.000000e+00
1289 0.000000e+00
1290 1.741925e-07
1291 1.817600e-07
1292 1.650010e-07
1293 1.265818e-07
1294 9.143988e-08
1295 6.860210e-08
1296 3.887521e-08
1297 2.355553e-08
1298 1.327943e-08
1299 7.651179e-09
1300 4.571392e-09
1301 0.000000e+00
1302 0.000000e+00
1303 0.000000e+00
1304 0.000000e+00
1305 2.431631e-07
1306 2.539207e-07
1307 2.307681e-07
1308 1.772117e-07
1309 1.279854e-07
1310 9.607303e-08
1311 5.450095e-08
1312 3.306192e-08
1313 1.862387e-08
1314 1.072083e-08
1315 6.400879e-09
1316 0.000000e+00
1317 0.000000e+00
1318 0.000000e+00
1319 0.000000e+00
1320 3.085153e-07
1321 3.222949e-07
1322 2.930845e-07
1323 2.251859e-07
1324 1.626141e-07
1325 1.221025e-07
1326 6.930604e-08
1327 4.206902e-08
1328 2.368761e-08
1329 1.362926e-08
1330 8.134353e-09
1331 0.000000e+00
1332 0.000000e+00
1333 0.000000e+00
1334 0.000000e+00
1335 3.852905e-07
1336 4.026194e-07
1337 3.662921e-07
1338 2.815423e-07
1339 2.032918e-07
1340 1.526798e-07
1341 8.669819e-08
1342 5.265041e-08
1343 2.963625e-08
1344 1.704598e-08
1345 1.017073e-08
1346 0.000000e+00
1347 0.000000e+00
1348 0.000000e+00
1349 0.000000e+00
1350 7.293289e-08
1351 7.894153e-08
1352 7.569746e-08
1353 6.134117e-08
1354 4.425314e-08
1355 3.336144e-08
1356 2.083810e-08
1357 1.277680e-08
1358 7.093273e-09
1359 3.905809e-09
1360 2.257494e-09
1361 1.372920e-09
1362 0.000000e+00
1363 0.000000e+00
1364 0.000000e+00
1365 1.391300e-07
1366 1.508462e-07
1367 1.450193e-07
1368 1.178734e-07
1369 8.509421e-08
1370 6.408703e-08
1371 4.030905e-08
1372 2.464071e-08
1373 1.368262e-08
1374 7.538155e-09
1375 4.346666e-09
1376 2.637544e-09
1377 0.000000e+00
1378 0.000000e+00
1379 0.000000e+00
1380 2.016322e-07
1381 2.187396e-07
1382 2.104778e-07
1383 1.712589e-07
1384 1.236636e-07
1385 9.310218e-08
1386 5.869925e-08
1387 3.584491e-08
1388 1.990563e-08
1389 1.096883e-08
1390 6.319671e-09
1391 3.831772e-09
1392 0.000000e+00
1393 0.000000e+00
1394 0.000000e+00
1395 2.750372e-07
1396 2.984761e-07
1397 2.873543e-07
1398 2.339550e-07
1399 1.689589e-07
1400 1.271775e-07
1401 8.029673e-08
1402 4.900313e-08
1403 2.721388e-08
1404 1.499770e-08
1405 8.636746e-09
1406 5.234283e-09
1407 0.000000e+00
1408 0.000000e+00
1409 0.000000e+00
1410 5.945287e-08
1411 6.635246e-08
1412 6.665655e-08
1413 5.725424e-08
1414 4.220112e-08
1415 3.108298e-08
1416 2.189673e-08
1417 1.249356e-08
1418 7.033455e-09
1419 3.979958e-09
1420 2.213807e-09
1421 1.291139e-09
1422 0.000000e+00
1423 0.000000e+00
1424 0.000000e+00
1425 1.185118e-07
1426 1.324548e-07
1427 1.333520e-07
1428 1.148864e-07
1429 8.482809e-08
1430 6.239944e-08
1431 4.417110e-08
1432 2.511832e-08
1433 1.417202e-08
1434 8.018083e-09
1435 4.457554e-09
1436 2.594499e-09
1437 0.000000e+00
1438 0.000000e+00
1439 0.000000e+00
1440 1.874845e-07
1441 2.096533e-07
1442 2.112432e-07
1443 1.821915e-07
1444 1.346098e-07
1445 9.897183e-08
1446 7.018348e-08
1447 3.986212e-08
1448 2.250896e-08
1449 1.273396e-08
1450 7.077941e-09
1451 4.116611e-09
1452 0.000000e+00
1453 0.000000e+00
1454 0.000000e+00
1455 5.184194e-08
1456 5.940946e-08
1457 6.209838e-08
1458 5.642308e-08
1459 4.327045e-08
1460 3.125228e-08
1461 2.347381e-08
1462 1.316017e-08
1463 7.871814e-09
1464 4.312771e-09
1465 2.377538e-09
1466 1.327518e-09
1467 0.000000e+00
1468 0.000000e+00
1469 0.000000e+00
1470 1.153532e-07
1471 1.323654e-07
1472 1.386269e-07
1473 1.263238e-07
1474 9.712993e-08
1475 7.011302e-08
1476 5.273521e-08
1477 2.965547e-08
1478 1.780045e-08
1479 9.733962e-09
1480 5.353251e-09
1481 2.982897e-09
1482 0.000000e+00
1483 0.000000e+00
1484 0.000000e+00
1485 5.444075e-08
1486 6.397208e-08
1487 6.936601e-08
1488 6.659758e-08
1489 5.400265e-08
1490 3.896652e-08
1491 2.939554e-08
1492 1.828055e-08
1493 1.112440e-08
1494 6.036849e-09
1495 3.179703e-09
1496 1.715450e-09
1497 9.552489e-10
1498 0.000000e+00
1499 0.000000e+00
1500 1.109684e-04
1501 8.086786e-05
1502 6.035546e-05
1503 3.805236e-05
1504 2.321989e-05
1505 1.369104e-05
1506 8.324421e-06
1507 5.304277e-06
1508 3.565556e-06
1509 0.000000e+00
1510 0.000000e+00
1511 0.000000e+00
1512 0.000000e+00
1513 0.000000e+00
1514 0.000000e+00
1515 5.757601e-05
1516 4.644359e-05
1517 3.369791e-05
1518 2.528332e-05
1519 1.597668e-05
1520 9.754545e-06
1521 5.648866e-06
1522 3.364481e-06
1523 2.093966e-06
1524 1.379138e-06
1525 0.000000e+00
1526 0.000000e+00
1527 0.000000e+00
1528 0.000000e+00
1529 0.000000e+00
1530 4.047788e-05
1531 3.713775e-05
1532 2.882267e-05
1533 2.080348e-05
1534 1.566222e-05
1535 9.111532e-06
1536 5.625604e-06
1537 3.225263e-06
1538 1.896511e-06
1539 1.174730e-06
1540 0.000000e+00
1541 0.000000e+00
1542 0.000000e+00
1543 0.000000e+00
1544 0.000000e+00
1545 2.912801e-05
1546 2.891312e-05
1547 2.448503e-05
1548 1.793535e-05
1549 1.328396e-05
1550 9.154542e-06
1551 5.351144e-06
1552 3.053081e-06
1553 1.771954e-06
1554 1.042590e-06
1555 6.506122e-07
1556 0.000000e+00
1557 0.000000e+00
1558 0.000000e+00
1559 0.000000e+00
1560 2.085098e-05
1561 2.179680e-05
1562 1.983793e-05
1563 1.524768e-05
1564 1.100576e-05
1565 8.274949e-06
1566 4.689296e-06
1567 2.850415e-06
1568 1.602925e-06
1569 9.233707e-07
1570 5.506294e-07
1571 0.000000e+00
1572 0.000000e+00
1573 0.000000e+00
1574 0.000000e+00
1575 1.487210e-05
1576 1.614453e-05
1577 1.554949e-05
1578 1.266314e-05
1579 9.143013e-06
1580 6.883420e-06
1581 4.347301e-06
1582 2.655947e-06
1583 1.474901e-06
1584 8.112783e-07
1585 4.673052e-07
1586 2.832009e-07
1587 0.000000e+00
1588 0.000000e+00
1589 0.000000e+00
1590 1.001028e-05
1591 1.119728e-05
1592 1.128693e-05
1593 9.739022e-06
1594 7.195644e-06
1595 5.289411e-06
1596 3.755371e-06
1597 2.130464e-06
1598 1.202339e-06
1599 6.811759e-07
1600 3.783133e-07
1601 2.200058e-07
1602 0.000000e+00
1603 0.000000e+00
1604 0.000000e+00
1605 6.201116e-06
1606 7.118100e-06
1607 7.458527e-06
1608 6.801106e-06
1609 5.231433e-06
1610 3.775220e-06
1611 2.841823e-06
1612 1.597077e-06
1613 9.596537e-07
1614 5.242846e-07
1615 2.885232e-07
1616 1.606418e-07
1617 0.000000e+00
1618 0.000000e+00
1619 0.000000e+00
1620 3.163407e-06
1621 3.720115e-06
1622 4.038202e-06
1623 3.883392e-06
1624 3.154630e-06
1625 2.276770e-06
1626 1.716871e-06
1627 1.071974e-06
1628 6.518364e-07
1629 3.538249e-07
1630 1.861971e-07
1631 1.003484e-07
1632 5.578990e-08
1633 0.000000e+00
1634 0.000000e+00
1635 8.891198e-07
1636 1.072208e-06
1637 1.206146e-06
1638 1.224576e-06
1639 1.066696e-06
1640 7.933436e-07
1641 5.815894e-07
1642 4.169104e-07
1643 2.343421e-07
1644 1.314261e-07
1645 7.164692e-08
1646 3.730540e-08
1647 1.958823e-08
1648 0.000000e+00
1649 0.000000e+00
