0 2.239283e-09
1 1.455533e-09
2 9.154900e-10
3 5.766149e-10
4 3.705974e-10
5 2.438338e-10
6 1.621494e-10
7 1.065014e-10
8 6.749589e-11
9 4.054899e-11
10 2.286460e-11
11 1.208375e-11
12 6.025699e-12
13 2.867464e-12
14 1.318500e-12
15 3.787549e-09
16 2.519494e-09
17 1.601715e-09
18 9.984128e-10
19 6.313065e-10
20 4.088017e-10
21 2.704336e-10
22 1.793309e-10
23 1.162803e-10
24 7.213670e-11
25 4.216464e-11
26 2.307772e-11
27 1.185657e-11
28 5.771623e-12
29 2.695076e-12
30 4.342079e-09
31 2.908223e-09
32 1.859168e-09
33 1.157778e-09
34 7.290477e-10
35 4.695776e-10
36 3.096099e-10
37 2.054740e-10
38 1.338724e-10
39 8.371104e-11
40 4.942619e-11
41 2.734247e-11
42 1.418274e-11
43 6.957799e-12
44 3.266783e-12
45 4.648200e-09
46 3.122934e-09
47 2.001467e-09
48 1.245917e-09
49 7.830933e-10
50 5.031698e-10
51 3.313017e-10
52 2.198778e-10
53 1.435776e-10
54 9.009768e-11
55 5.342943e-11
56 2.968939e-11
57 1.546738e-11
58 7.613464e-12
59 3.583289e-12
60 4.853335e-09
61 3.266998e-09
62 2.096787e-09
63 1.304991e-09
64 8.192994e-10
65 5.257495e-10
66 3.458599e-10
67 2.295835e-10
68 1.500780e-10
69 9.438862e-11
70 5.613084e-11
71 3.127916e-11
72 1.633134e-11
73 8.053506e-12
74 3.796444e-12
75 5.007511e-09
76 3.374888e-09
77 2.168448e-09
78 1.349264e-09
79 8.464857e-10
80 5.426867e-10
81 3.567655e-10
82 2.368458e-10
83 1.550017e-10
84 9.762804e-11
85 5.814573e-11
86 3.246047e-11
87 1.697965e-11
88 8.384606e-12
89 3.955579e-12
90 5.132240e-09
91 3.462623e-09
92 2.226481e-09
93 1.385482e-09
94 8.686438e-10
95 5.564066e-10
96 3.656396e-10
97 2.427588e-10
98 1.589874e-10
99 1.002445e-10
100 5.979645e-11
101 3.342868e-11
102 1.750717e-11
103 8.653623e-12
104 4.085519e-12
105 5.242105e-09
106 3.539256e-09
107 2.277723e-09
108 1.417157e-09
109 8.879942e-10
110 5.684646e-10
111 3.733878e-10
112 2.479288e-10
113 1.623959e-10
114 1.024940e-10
115 6.120297e-11
116 3.426811e-11
117 1.796916e-11
118 8.889409e-12
119 4.196054e-12
120 5.346214e-09
121 3.612655e-09
122 2.326306e-09
123 1.447152e-09
124 9.063950e-10
125 5.798727e-10
126 3.807154e-10
127 2.528374e-10
128 1.657544e-10
129 1.047036e-10
130 6.259994e-11
131 3.507368e-11
132 1.840630e-11
133 9.112549e-12
134 4.307071e-12
135 5.464659e-09
136 3.695309e-09
137 2.381728e-09
138 1.481529e-09
139 9.274330e-10
140 5.930146e-10
141 3.892032e-10
142 2.584118e-10
143 1.695468e-10
144 1.072200e-10
145 6.416961e-11
146 3.599637e-11
147 1.891062e-11
148 9.368063e-12
149 4.430246e-12
150 7.897741e-09
151 5.437620e-09
152 3.571695e-09
153 2.231192e-09
154 1.383556e-09
155 8.722586e-10
156 5.656599e-10
157 3.743331e-10
158 2.474932e-10
159 1.593306e-10
160 9.772101e-11
161 5.632162e-11
162 3.035867e-11
163 1.536683e-11
164 7.383047e-12
165 9.982360e-09
166 6.960126e-09
167 4.637853e-09
168 2.927563e-09
169 1.806113e-09
170 1.129340e-09
171 7.244565e-10
172 4.763086e-10
173 3.153733e-10
174 2.049128e-10
175 1.276442e-10
176 7.499563e-11
177 4.123910e-11
178 2.125408e-11
179 1.035614e-11
180 1.119714e-08
181 7.852251e-09
182 5.263552e-09
183 3.339941e-09
184 2.057375e-09
185 1.282340e-09
186 8.183842e-10
187 5.363573e-10
188 3.551600e-10
189 2.316268e-10
190 1.452192e-10
191 8.600782e-11
192 4.770194e-11
193 2.477905e-11
194 1.215140e-11
195 1.201572e-08
196 8.454453e-09
197 5.686229e-09
198 3.618658e-09
199 2.227448e-09
200 1.385684e-09
201 8.817806e-10
202 5.769677e-10
203 3.820390e-10
204 2.496648e-10
205 1.570855e-10
206 9.345684e-11
207 5.207775e-11
208 2.716658e-11
209 1.336755e-11
210 1.262885e-08
211 8.905341e-09
212 6.003617e-09
213 3.826892e-09
214 2.354846e-09
215 1.463135e-09
216 9.293769e-10
217 6.073261e-10
218 4.021278e-10
219 2.631413e-10
220 1.659441e-10
221 9.902556e-11
222 5.534772e-11
223 2.895019e-11
224 1.427777e-11
225 1.312749e-08
226 9.271101e-09
227 6.259592e-09
228 3.996641e-09
229 2.457872e-09
230 1.525899e-09
231 9.678551e-10
232 6.319733e-10
233 4.184569e-10
234 2.740839e-10
235 1.731493e-10
236 1.035274e-10
237 5.798900e-11
238 3.039424e-11
239 1.501285e-11
240 1.355961e-08
241 9.589083e-09
242 6.483362e-09
243 4.144192e-09
244 2.548207e-09
245 1.580770e-09
246 1.001417e-09
247 6.533365e-10
248 4.327030e-10
249 2.836365e-10
250 1.794326e-10
251 1.074671e-10
252 6.030729e-11
253 3.165913e-11
254 1.565230e-11
255 1.397251e-08
256 9.892493e-09
257 6.696874e-09
258 4.285271e-09
259 2.633776e-09
260 1.632773e-09
261 1.033417e-09
262 6.737595e-10
263 4.462506e-10
264 2.927225e-10
265 1.854115e-10
266 1.112241e-10
267 6.251045e-11
268 3.285781e-11
269 1.626692e-11
270 1.445036e-08
271 1.024362e-08
272 6.943183e-09
273 4.447188e-09
274 2.732448e-09
275 1.693254e-09
276 1.070692e-09
277 6.975420e-10
278 4.618948e-10
279 3.032246e-10
280 1.923365e-10
281 1.155689e-10
282 6.505412e-11
283 3.424821e-11
284 1.697495e-11
285 1.364293e-08
286 9.706384e-09
287 6.592455e-09
288 4.253885e-09
289 2.621671e-09
290 1.623704e-09
291 1.023731e-09
292 6.640948e-10
293 4.380956e-10
294 2.871324e-10
295 1.823093e-10
296 1.099617e-10
297 6.227975e-11
298 3.302466e-11
299 1.648034e-11
300 1.605212e-08
301 1.155108e-08
302 7.916879e-09
303 5.166858e-09
304 3.196524e-09
305 1.969988e-09
306 1.232331e-09
307 7.932345e-10
308 5.213575e-10
309 3.424809e-10
310 2.191646e-10
311 1.337815e-10
312 7.685838e-11
313 4.135180e-11
314 2.090301e-11
315 1.770936e-08
316 1.282778e-08
317 8.835766e-09
318 5.802608e-09
319 3.599638e-09
320 2.212076e-09
321 1.378514e-09
322 8.834837e-10
323 5.793216e-10
324 3.809038e-10
325 2.447329e-10
326 1.503324e-10
327 8.701897e-11
328 4.717801e-11
329 2.401121e-11
330 1.895558e-08
331 1.378751e-08
332 9.524351e-09
333 6.277666e-09
334 3.901882e-09
335 2.393835e-09
336 1.488089e-09
337 9.511823e-10
338 6.229143e-10
339 4.097466e-10
340 2.639098e-10
341 1.627441e-10
342 9.464091e-11
343 5.155094e-11
344 2.634465e-11
345 1.996501e-08
346 1.456492e-08
347 1.008512e-08
348 6.665689e-09
349 4.147062e-09
350 2.541330e-09
351 1.576921e-09
352 1.006051e-09
353 6.580886e-10
354 4.330834e-10
355 2.794625e-10
356 1.728102e-10
357 1.008184e-10
358 5.509574e-11
359 2.823639e-11
360 2.084626e-08
361 1.524400e-08
362 1.057414e-08
363 7.002273e-09
364 4.360654e-09
365 2.670039e-09
366 1.654386e-09
367 1.053883e-09
368 6.888245e-10
369 4.534792e-10
370 2.930205e-10
371 1.815856e-10
372 1.062059e-10
373 5.818363e-11
374 2.988377e-11
375 2.167960e-08
376 1.588574e-08
377 1.103549e-08
378 7.321814e-09
379 4.562763e-09
380 2.791759e-09
381 1.727812e-09
382 1.099174e-09
383 7.179417e-10
384 4.727843e-10
385 3.058786e-10
386 1.899047e-10
387 1.113113e-10
388 6.111112e-11
389 3.144548e-11
390 2.265125e-08
391 1.663493e-08
392 1.157408e-08
393 7.694063e-09
394 4.799113e-09
395 2.934390e-09
396 1.813773e-09
397 1.152267e-09
398 7.519315e-10
399 4.953561e-10
400 3.208958e-10
401 1.996271e-10
402 1.172814e-10
403 6.452993e-11
404 3.327056e-11
405 1.966521e-08
406 1.441105e-08
407 1.000088e-08
408 6.629761e-09
409 4.149436e-09
410 2.541169e-09
411 1.575891e-09
412 1.001996e-09
413 6.531791e-10
414 4.289878e-10
415 2.767688e-10
416 1.714791e-10
417 1.004341e-10
418 5.518007e-11
419 2.844801e-11
420 2.232630e-08
421 1.655270e-08
422 1.157727e-08
423 7.739193e-09
424 4.885501e-09
425 2.983820e-09
426 1.842400e-09
427 1.162702e-09
428 7.536392e-10
429 4.943270e-10
430 3.201111e-10
431 1.999054e-10
432 1.183435e-10
433 6.580325e-11
434 3.432233e-11
435 2.433892e-08
436 1.818122e-08
437 1.277572e-08
438 8.585838e-09
439 5.447669e-09
440 3.322763e-09
441 2.046829e-09
442 1.285632e-09
443 8.305240e-10
444 5.441970e-10
445 3.531589e-10
446 2.215782e-10
447 1.320118e-10
448 7.392759e-11
449 3.882628e-11
450 2.598204e-08
451 1.950261e-08
452 1.375198e-08
453 9.273988e-09
454 5.904055e-09
455 3.598696e-09
456 2.212497e-09
457 1.385570e-09
458 8.926917e-10
459 5.846516e-10
460 3.799670e-10
461 2.391588e-10
462 1.430991e-10
463 8.051632e-11
464 4.247935e-11
465 2.740940e-08
466 2.065711e-08
467 1.460315e-08
468 9.872145e-09
469 6.302197e-09
470 3.839369e-09
471 2.356918e-09
472 1.472585e-09
473 9.471354e-10
474 6.199637e-10
475 4.033546e-10
476 2.544970e-10
477 1.527733e-10
478 8.626723e-11
479 4.566818e-11
480 2.876008e-08
481 2.174452e-08
482 1.540782e-08
483 1.043856e-08
484 6.679385e-09
485 4.066538e-09
486 2.493839e-09
487 1.554830e-09
488 9.985154e-10
489 6.533350e-10
490 4.254980e-10
491 2.690163e-10
492 1.619276e-10
493 9.170218e-11
494 4.867997e-11
495 3.033648e-08
496 2.301624e-08
497 1.634509e-08
498 1.110003e-08
499 7.118430e-09
500 4.331579e-09
501 2.653292e-09
502 1.650954e-09
503 1.058477e-09
504 6.922654e-10
505 4.512846e-10
506 2.859094e-10
507 1.725929e-10
508 9.804554e-11
509 5.219690e-11
510 2.601014e-08
511 1.961529e-08
512 1.387792e-08
513 9.374676e-09
514 5.998680e-09
515 3.663800e-09
516 2.250804e-09
517 1.405662e-09
518 9.028601e-10
519 5.898115e-10
520 3.829951e-10
521 2.413158e-10
522 1.447994e-10
523 8.182626e-11
524 4.339791e-11
525 2.892510e-08
526 2.206651e-08
527 1.573688e-08
528 1.070177e-08
529 6.907410e-09
530 4.225934e-09
531 2.587394e-09
532 1.605298e-09
533 1.024960e-09
534 6.673319e-10
535 4.337829e-10
536 2.747195e-10
537 1.662011e-10
538 9.487072e-11
539 5.085144e-11
540 3.130559e-08
541 2.407082e-08
542 1.725876e-08
543 1.179072e-08
544 7.652453e-09
545 4.688951e-09
546 2.863519e-09
547 1.769447e-09
548 1.124917e-09
549 7.308685e-10
550 4.753708e-10
551 3.020624e-10
552 1.837236e-10
553 1.055585e-10
554 5.696614e-11
555 3.337940e-08
556 2.581787e-08
557 1.858745e-08
558 1.273828e-08
559 8.302063e-09
560 5.091451e-09
561 3.104398e-09
562 1.912605e-09
563 1.212273e-09
564 7.862540e-10
565 5.116166e-10
566 3.258931e-10
567 1.989956e-10
568 1.148733e-10
569 6.229513e-11
570 3.534620e-08
571 2.747527e-08
572 1.984784e-08
573 1.363844e-08
574 8.919387e-09
575 5.474297e-09
576 3.333220e-09
577 2.048384e-09
578 1.295156e-09
579 8.388465e-10
580 5.460485e-10
581 3.485283e-10
582 2.135001e-10
583 1.237210e-10
584 6.735741e-11
585 3.764408e-08
586 2.940643e-08
587 2.131575e-08
588 1.468636e-08
589 9.635811e-09
590 5.919081e-09
591 3.599090e-09
592 2.206166e-09
593 1.391428e-09
594 8.999214e-10
595 5.860285e-10
596 3.748195e-10
597 2.303503e-10
598 1.339981e-10
599 7.323686e-11
600 3.277923e-08
601 2.540898e-08
602 1.833568e-08
603 1.257645e-08
604 8.211054e-09
605 5.055348e-09
606 3.080133e-09
607 1.896801e-09
608 1.200186e-09
609 7.767706e-10
610 5.046158e-10
611 3.212111e-10
612 1.962287e-10
613 1.134654e-10
614 6.170054e-11
615 3.602015e-08
616 2.824180e-08
617 2.055561e-08
618 1.418618e-08
619 9.332678e-09
620 5.776901e-09
621 3.508040e-09
622 2.150686e-09
623 1.352064e-09
624 8.710264e-10
625 5.652970e-10
626 3.609284e-10
627 2.218895e-10
628 1.294077e-10
629 7.105468e-11
630 3.885583e-08
631 3.072363e-08
632 2.250486e-08
633 1.559720e-08
634 1.031748e-08
635 6.410740e-09
636 3.884414e-09
637 2.373942e-09
638 1.485742e-09
639 9.537807e-10
640 6.185327e-10
641 3.957578e-10
642 2.443921e-10
643 1.433925e-10
644 7.926547e-11
645 4.154227e-08
646 3.307534e-08
647 2.435148e-08
648 1.693686e-08
649 1.125118e-08
650 7.011879e-09
651 4.240981e-09
652 2.585812e-09
653 1.612336e-09
654 1.032231e-09
655 6.690100e-10
656 4.287817e-10
657 2.657265e-10
658 1.566511e-10
659 8.704879e-11
660 4.467963e-08
661 3.581438e-08
662 2.650256e-08
663 1.849510e-08
664 1.233676e-08
665 7.711213e-09
666 4.656177e-09
667 2.831913e-09
668 1.759568e-09
669 1.123493e-09
670 7.277054e-10
671 4.671888e-10
672 2.905425e-10
673 1.720729e-10
674 9.610315e-11
675 4.019086e-08
676 3.199676e-08
677 2.358147e-08
678 1.640912e-08
679 1.089813e-08
680 6.812403e-09
681 4.123615e-09
682 2.516618e-09
683 1.567875e-09
684 1.002347e-09
685 6.485090e-10
686 4.149651e-10
687 2.568977e-10
688 1.514126e-10
689 8.420717e-11
690 4.393318e-08
691 3.538047e-08
692 2.633224e-08
693 1.843774e-08
694 1.232907e-08
695 7.764219e-09
696 4.692708e-09
697 2.854976e-09
698 1.766882e-09
699 1.122833e-09
700 7.244539e-10
701 4.641428e-10
702 2.887232e-10
703 1.714442e-10
704 9.621167e-11
705 4.747689e-08
706 3.859766e-08
707 2.894162e-08
708 2.036913e-08
709 1.369038e-08
710 8.670345e-09
711 5.234634e-09
712 3.176852e-09
713 1.956250e-09
714 1.237446e-09
715 7.967045e-10
716 5.108922e-10
717 3.189699e-10
718 1.904830e-10
719 1.076284e-10
720 5.161252e-08
721 4.234502e-08
722 3.197445e-08
723 2.261290e-08
724 1.527157e-08
725 9.723598e-09
726 5.864700e-09
727 3.551423e-09
728 2.176263e-09
729 1.370743e-09
730 8.806293e-10
731 5.652085e-10
732 3.541173e-10
733 2.126050e-10
734 1.208942e-10
735 4.869439e-08
736 3.982166e-08
737 3.003831e-08
738 2.123352e-08
739 1.431672e-08
740 9.117790e-09
741 5.516427e-09
742 3.343329e-09
743 2.050847e-09
744 1.291948e-09
745 8.290198e-10
746 5.309565e-10
747 3.318399e-10
748 1.987800e-10
749 1.128521e-10
750 5.331164e-08
751 4.414726e-08
752 3.367895e-08
753 2.398958e-08
754 1.627991e-08
755 1.045800e-08
756 6.338709e-09
757 3.829399e-09
758 2.333599e-09
759 1.459853e-09
760 9.323424e-10
761 5.966884e-10
762 3.741539e-10
763 2.256032e-10
764 1.292124e-10
765 5.869299e-08
766 4.919018e-08
767 3.790813e-08
768 2.719587e-08
769 1.856577e-08
770 1.201954e-08
771 7.297716e-09
772 4.396518e-09
773 2.662976e-09
774 1.655487e-09
775 1.052642e-09
776 6.732152e-10
777 4.234151e-10
778 2.568274e-10
779 1.482591e-10
780 5.925872e-08
781 4.988448e-08
782 3.866058e-08
783 2.786477e-08
784 1.907274e-08
785 1.239754e-08
786 7.567239e-09
787 4.550618e-09
788 2.751971e-09
789 1.704226e-09
790 1.079346e-09
791 6.883857e-10
792 4.326038e-10
793 2.627162e-10
794 1.521189e-10
795 6.633024e-08
796 5.673557e-08
797 4.463862e-08
798 3.254570e-08
799 2.245906e-08
800 1.475302e-08
801 9.072374e-09
802 5.434116e-09
803 3.265711e-09
804 2.002994e-09
805 1.258140e-09
806 7.993222e-10
807 5.030313e-10
808 3.073506e-10
809 1.796828e-10
810 7.609812e-08
811 6.654461e-08
812 5.358980e-08
813 3.984645e-08
814 2.786281e-08
815 1.856605e-08
816 1.161322e-08
817 6.938673e-09
818 4.145766e-09
819 2.504712e-09
820 1.549112e-09
821 9.739467e-10
822 6.111897e-10
823 3.752245e-10
824 2.218249e-10
825 5.054547e-07
826 3.691881e-07
827 2.735603e-07
828 1.702872e-07
829 1.037365e-07
830 6.145549e-08
831 3.752494e-08
832 2.407354e-08
833 1.625080e-08
834 0.000000e+00
835 0.000000e+00
836 0.000000e+00
837 0.000000e+00
838 0.000000e+00
839 0.000000e+00
840 7.609683e-07
841 5.559554e-07
842 4.123972e-07
843 2.596342e-07
844 1.577818e-07
845 9.335670e-08
846 5.689704e-08
847 3.636670e-08
848 2.448238e-08
849 0.000000e+00
850 0.000000e+00
851 0.000000e+00
852 0.000000e+00
853 0.000000e+00
854 0.000000e+00
855 9.034708e-07
856 6.601393e-07
857 4.898344e-07
858 3.095543e-07
859 1.879543e-07
860 1.111685e-07
861 6.771198e-08
862 4.322638e-08
863 2.907417e-08
864 0.000000e+00
865 0.000000e+00
866 0.000000e+00
867 0.000000e+00
868 0.000000e+00
869 0.000000e+00
870 9.993278e-07
871 7.302182e-07
872 5.419243e-07
873 3.431341e-07
874 2.082519e-07
875 1.231503e-07
876 7.498702e-08
877 4.784112e-08
878 3.216291e-08
879 0.000000e+00
880 0.000000e+00
881 0.000000e+00
882 0.000000e+00
883 0.000000e+00
884 0.000000e+00
885 1.071193e-06
886 7.827614e-07
887 5.809742e-07
888 3.683088e-07
889 2.234694e-07
890 1.321335e-07
891 8.044121e-08
892 5.130076e-08
893 3.447879e-08
894 0.000000e+00
895 0.000000e+00
896 0.000000e+00
897 0.000000e+00
898 0.000000e+00
899 0.000000e+00
900 1.129439e-06
901 8.253442e-07
902 6.126261e-07
903 3.887123e-07
904 2.358020e-07
905 1.394142e-07
906 8.486152e-08
907 5.410480e-08
908 3.635564e-08
909 0.000000e+00
910 0.000000e+00
911 0.000000e+00
912 0.000000e+00
913 0.000000e+00
914 0.000000e+00
915 1.180268e-06
916 8.625041e-07
917 6.402459e-07
918 4.065191e-07
919 2.465652e-07
920 1.457672e-07
921 8.871918e-08
922 5.655163e-08
923 3.799350e-08
924 0.000000e+00
925 0.000000e+00
926 0.000000e+00
927 0.000000e+00
928 0.000000e+00
929 0.000000e+00
930 1.228460e-06
931 8.977376e-07
932 6.664337e-07
933 4.234011e-07
934 2.567693e-07
935 1.517905e-07
936 9.237652e-08
937 5.887147e-08
938 3.954628e-08
939 0.000000e+00
940 0.000000e+00
941 0.000000e+00
942 0.000000e+00
943 0.000000e+00
944 0.000000e+00
945 1.284513e-06
946 9.387208e-07
947 6.968931e-07
948 4.430386e-07
949 2.686382e-07
950 1.587972e-07
951 9.663101e-08
952 6.156975e-08
953 4.135262e-08
954 0.000000e+00
955 0.000000e+00
956 0.000000e+00
957 0.000000e+00
958 0.000000e+00
959 0.000000e+00
960 3.376107e-07
961 2.688987e-07
962 1.950614e-07
963 1.462801e-07
964 9.051466e-08
965 5.540422e-08
966 3.220332e-08
967 1.925577e-08
968 1.206696e-08
969 7.988997e-09
970 0.000000e+00
971 0.000000e+00
972 0.000000e+00
973 0.000000e+00
974 0.000000e+00
975 5.201755e-07
976 4.171156e-07
977 3.028619e-07
978 2.269122e-07
979 1.422116e-07
980 8.671049e-08
981 5.036396e-08
982 3.007485e-08
983 1.877948e-08
984 1.239721e-08
985 0.000000e+00
986 0.000000e+00
987 0.000000e+00
988 0.000000e+00
989 0.000000e+00
990 6.448120e-07
991 5.183992e-07
992 3.765467e-07
993 2.820115e-07
994 1.775998e-07
995 1.081223e-07
996 6.278598e-08
997 3.747520e-08
998 2.336911e-08
999 1.541004e-08
1000 0.000000e+00
1001 0.000000e+00
1002 0.000000e+00
1003 0.000000e+00
1004 0.000000e+00
1005 7.382357e-07
1006 5.943126e-07
1007 4.317715e-07
1008 3.233096e-07
1009 2.041234e-07
1010 1.241698e-07
1011 7.209649e-08
1012 4.302199e-08
1013 2.680897e-08
1014 1.766814e-08
1015 0.000000e+00
1016 0.000000e+00
1017 0.000000e+00
1018 0.000000e+00
1019 0.000000e+00
1020 8.139596e-07
1021 6.558390e-07
1022 4.765327e-07
1023 3.567807e-07
1024 2.256220e-07
1025 1.371778e-07
1026 7.964314e-08
1027 4.751755e-08
1028 2.959718e-08
1029 1.949827e-08
1030 0.000000e+00
1031 0.000000e+00
1032 0.000000e+00
1033 0.000000e+00
1034 0.000000e+00
1035 8.800254e-07
1036 7.095243e-07
1037 5.155916e-07
1038 3.859857e-07
1039 2.443794e-07
1040 1.485270e-07
1041 8.622743e-08
1042 5.144028e-08
1043 3.202995e-08
1044 2.109535e-08
1045 0.000000e+00
1046 0.000000e+00
1047 0.000000e+00
1048 0.000000e+00
1049 0.000000e+00
1050 9.426736e-07
1051 7.604327e-07
1052 5.526249e-07
1053 4.136780e-07
1054 2.621647e-07
1055 1.592896e-07
1056 9.247120e-08
1057 5.515972e-08
1058 3.433673e-08
1059 2.260959e-08
1060 0.000000e+00
1061 0.000000e+00
1062 0.000000e+00
1063 0.000000e+00
1064 0.000000e+00
1065 1.015546e-06
1066 8.196510e-07
1067 5.957056e-07
1068 4.458948e-07
1069 2.828547e-07
1070 1.718092e-07
1071 9.973400e-08
1072 5.948680e-08
1073 3.702013e-08
1074 2.437112e-08
1075 0.000000e+00
1076 0.000000e+00
1077 0.000000e+00
1078 0.000000e+00
1079 0.000000e+00
1080 1.985978e-07
1081 1.806311e-07
1082 1.391707e-07
1083 1.006410e-07
1084 7.541601e-08
1085 4.359837e-08
1086 2.672194e-08
1087 1.540667e-08
1088 9.110005e-09
1089 5.667525e-09
1090 0.000000e+00
1091 0.000000e+00
1092 0.000000e+00
1093 0.000000e+00
1094 0.000000e+00
1095 3.303376e-07
1096 3.017616e-07
1097 2.334394e-07
1098 1.687067e-07
1099 1.266054e-07
1100 7.359442e-08
1101 4.522440e-08
1102 2.601309e-08
1103 1.532771e-08
1104 9.514065e-09
1105 0.000000e+00
1106 0.000000e+00
1107 0.000000e+00
1108 0.000000e+00
1109 0.000000e+00
1110 4.306281e-07
1111 3.940343e-07
1112 3.052904e-07
1113 2.205837e-07
1114 1.656231e-07
1115 9.648069e-08
1116 5.934316e-08
1117 3.410488e-08
1118 2.006901e-08
1119 1.244631e-08
1120 0.000000e+00
1121 0.000000e+00
1122 0.000000e+00
1123 0.000000e+00
1124 0.000000e+00
1125 5.118675e-07
1126 4.687719e-07
1127 3.634880e-07
1128 2.626035e-07
1129 1.972257e-07
1130 1.150174e-07
1131 7.077884e-08
1132 4.065897e-08
1133 2.390921e-08
1134 1.482137e-08
1135 0.000000e+00
1136 0.000000e+00
1137 0.000000e+00
1138 0.000000e+00
1139 0.000000e+00
1140 5.827486e-07
1141 5.339873e-07
1142 4.142683e-07
1143 2.992682e-07
1144 2.248018e-07
1145 1.311919e-07
1146 8.075741e-08
1147 4.637790e-08
1148 2.726008e-08
1149 1.689370e-08
1150 0.000000e+00
1151 0.000000e+00
1152 0.000000e+00
1153 0.000000e+00
1154 0.000000e+00
1155 6.499630e-07
1156 5.958254e-07
1157 4.624212e-07
1158 3.340351e-07
1159 2.509506e-07
1160 1.465295e-07
1161 9.021925e-08
1162 5.180077e-08
1163 3.043750e-08
1164 1.885873e-08
1165 0.000000e+00
1166 0.000000e+00
1167 0.000000e+00
1168 0.000000e+00
1169 0.000000e+00
1170 7.281457e-07
1171 6.677535e-07
1172 5.184296e-07
1173 3.744748e-07
1174 2.813647e-07
1175 1.643694e-07
1176 1.012249e-07
1177 5.810827e-08
1178 3.413344e-08
1179 2.114450e-08
1180 0.000000e+00
1181 0.000000e+00
1182 0.000000e+00
1183 0.000000e+00
1184 0.000000e+00
1185 1.319278e-07
1186 1.302271e-07
1187 1.095159e-07
1188 8.000227e-08
1189 5.943137e-08
1190 4.039742e-08
1191 2.383729e-08
1192 1.358166e-08
1193 7.851662e-09
1194 4.639632e-09
1195 2.906189e-09
1196 0.000000e+00
1197 0.000000e+00
1198 0.000000e+00
1199 0.000000e+00
1200 2.310249e-07
1201 2.286922e-07
1202 1.930379e-07
1203 1.412601e-07
1204 1.047670e-07
1205 7.171279e-08
1206 4.210721e-08
1207 2.402464e-08
1208 1.390756e-08
1209 8.203419e-09
1210 5.127963e-09
1211 0.000000e+00
1212 0.000000e+00
1213 0.000000e+00
1214 0.000000e+00
1215 3.123231e-07
1216 3.095005e-07
1217 2.616147e-07
1218 1.915693e-07
1219 1.419926e-07
1220 9.744470e-08
1221 5.711210e-08
1222 3.260331e-08
1223 1.888242e-08
1224 1.113064e-08
1225 6.952518e-09
1226 0.000000e+00
1227 0.000000e+00
1228 0.000000e+00
1229 0.000000e+00
1230 3.831935e-07
1231 3.799432e-07
1232 3.213903e-07
1233 2.354215e-07
1234 1.744400e-07
1235 1.198757e-07
1236 7.019122e-08
1237 4.008120e-08
1238 2.321897e-08
1239 1.368230e-08
1240 8.542871e-09
1241 0.000000e+00
1242 0.000000e+00
1243 0.000000e+00
1244 0.000000e+00
1245 4.503977e-07
1246 4.467362e-07
1247 3.780737e-07
1248 2.770046e-07
1249 2.052095e-07
1250 1.411454e-07
1251 8.259382e-08
1252 4.717229e-08
1253 2.733118e-08
1254 1.610194e-08
1255 1.005098e-08
1256 0.000000e+00
1257 0.000000e+00
1258 0.000000e+00
1259 0.000000e+00
1260 5.285630e-07
1261 5.244295e-07
1262 4.440057e-07
1263 3.253747e-07
1264 2.409992e-07
1265 1.658846e-07
1266 9.702018e-08
1267 5.541985e-08
1268 3.211411e-08
1269 1.891629e-08
1270 1.180515e-08
1271 0.000000e+00
1272 0.000000e+00
1273 0.000000e+00
1274 0.000000e+00
1275 9.483723e-08
1276 9.874942e-08
1277 8.936489e-08
1278 6.836860e-08
1279 4.941971e-08
1280 3.701857e-08
1281 2.091720e-08
1282 1.263267e-08
1283 7.137790e-09
1284 4.122601e-09
1285 2.468042e-09
1286 0.000000e+00
1287 0.000000e+00
1288 0.000000e+00
1289 0.000000e+00
1290 1.734367e-07
1291 1.809685e-07
1292 1.642797e-07
1293 1.260263e-07
1294 9.103898e-08
1295 6.830065e-08
1296 3.870364e-08
1297 2.345108e-08
1298 1.322073e-08
1299 7.617483e-09
1300 4.551324e-09
1301 0.000000e+00
1302 0.000000e+00
1303 0.000000e+00
1304 0.000000e+00
1305 2.424635e-07
1306 2.531894e-07
1307 2.301014e-07
1308 1.766983e-07
1309 1.276148e-07
1310 9.579447e-08
1311 5.434250e-08
1312 3.296556e-08
1313 1.856968e-08
1314 1.068970e-08
1315 6.382328e-09
1316 0.000000e+00
1317 0.000000e+00
1318 0.000000e+00
1319 0.000000e+00
1320 3.078577e-07
1321 3.216065e-07
1322 2.924568e-07
1323 2.247029e-07
1324 1.622652e-07
1325 1.218404e-07
1326 6.915697e-08
1327 4.197839e-08
1328 2.363663e-08
1329 1.359998e-08
1330 8.116900e-09
1331 0.000000e+00
1332 0.000000e+00
1333 0.000000e+00
1334 0.000000e+00
1335 3.839239e-07
1336 4.011894e-07
1337 3.649891e-07
1338 2.805392e-07
1339 2.025678e-07
1340 1.521356e-07
1341 8.638863e-08
1342 5.246207e-08
1343 2.953036e-08
1344 1.698517e-08
1345 1.013448e-08
1346 0.000000e+00
1347 0.000000e+00
1348 0.000000e+00
1349 0.000000e+00
1350 7.252640e-08
1351 7.850402e-08
1352 7.528098e-08
1353 6.100724e-08
1354 4.401295e-08
1355 3.317963e-08
1356 2.072719e-08
1357 1.270793e-08
1358 7.055065e-09
1359 3.884888e-09
1360 2.245291e-09
1361 1.365446e-09
1362 0.000000e+00
1363 0.000000e+00
1364 0.000000e+00
1365 1.384457e-07
1366 1.501027e-07
1367 1.443022e-07
1368 1.172884e-07
1369 8.467145e-08
1370 6.376918e-08
1371 4.010741e-08
1372 2.451786e-08
1373 1.361440e-08
1374 7.500533e-09
1375 4.325035e-09
1376 2.624455e-09
1377 0.000000e+00
1378 0.000000e+00
1379 0.000000e+00
1380 2.010031e-07
1381 2.180563e-07
1382 2.098198e-07
1383 1.707216e-07
1384 1.232755e-07
1385 9.281020e-08
1386 5.851418e-08
1387 3.573215e-08
1388 1.984300e-08
1389 1.093430e-08
1390 6.299816e-09
1391 3.819753e-09
1392 0.000000e+00
1393 0.000000e+00
1394 0.000000e+00
1395 2.737322e-07
1396 2.970585e-07
1397 2.859876e-07
1398 2.328403e-07
1399 1.681536e-07
1400 1.265717e-07
1401 7.991277e-08
1402 4.876913e-08
1403 2.708395e-08
1404 1.492607e-08
1405 8.595553e-09
1406 5.209346e-09
1407 0.000000e+00
1408 0.000000e+00
1409 0.000000e+00
1410 5.895742e-08
1411 6.579986e-08
1412 6.610194e-08
1413 5.677881e-08
1414 4.185113e-08
1415 3.082505e-08
1416 2.171526e-08
1417 1.238996e-08
1418 6.975225e-09
1419 3.946956e-09
1420 2.195461e-09
1421 1.280432e-09
1422 0.000000e+00
1423 0.000000e+00
1424 0.000000e+00
1425 1.179161e-07
1426 1.317878e-07
1427 1.326789e-07
1428 1.143049e-07
1429 8.439791e-08
1430 6.208343e-08
1431 4.394624e-08
1432 2.499090e-08
1433 1.409996e-08
1434 7.977327e-09
1435 4.434908e-09
1436 2.581348e-09
1437 0.000000e+00
1438 0.000000e+00
1439 0.000000e+00
1440 1.862573e-07
1441 2.082798e-07
1442 2.098573e-07
1443 1.809940e-07
1444 1.337238e-07
1445 9.832113e-08
1446 6.972075e-08
1447 3.959984e-08
1448 2.236064e-08
1449 1.265006e-08
1450 7.031323e-09
1451 4.089525e-09
1452 0.000000e+00
1453 0.000000e+00
1454 0.000000e+00
1455 5.133910e-08
1456 5.883282e-08
1457 6.149477e-08
1458 5.587333e-08
1459 4.284823e-08
1460 3.094743e-08
1461 2.324454e-08
1462 1.303149e-08
1463 7.794655e-09
1464 4.270559e-09
1465 2.354282e-09
1466 1.314560e-09
1467 0.000000e+00
1468 0.000000e+00
1469 0.000000e+00
1470 1.142270e-07
1471 1.310718e-07
1472 1.372698e-07
1473 1.250844e-07
1474 9.617488e-08
1475 6.942365e-08
1476 5.221635e-08
1477 2.936296e-08
1478 1.762438e-08
1479 9.637808e-09
1480 5.300487e-09
1481 2.953545e-09
1482 0.000000e+00
1483 0.000000e+00
1484 0.000000e+00
1485 5.345533e-08
1486 6.281235e-08
1487 6.810520e-08
1488 6.538256e-08
1489 5.301290e-08
1490 3.825182e-08
1491 2.885707e-08
1492 1.794221e-08
1493 1.091934e-08
1494 5.925481e-09
1495 3.120984e-09
1496 1.683875e-09
1497 9.377397e-10
1498 0.000000e+00
1499 0.000000e+00
1500 1.109684e-04
1501 8.086786e-05
1502 6.035546e-05
1503 3.805236e-05
1504 2.321989e-05
1505 1.369104e-05
1506 8.324421e-06
1507 5.304277e-06
1508 3.565556e-06
1509 0.000000e+00
1510 0.000000e+00
1511 0.000000e+00
1512 0.000000e+00
1513 0.000000e+00
1514 0.000000e+00
1515 5.757601e-05
1516 4.644359e-05
1517 3.369791e-05
1518 2.528332e-05
1519 1.597668e-05
1520 9.754545e-06
1521 5.648866e-06
1522 3.364481e-06
1523 2.093966e-06
1524 1.379138e-06
1525 0.000000e+00
1526 0.000000e+00
1527 0.000000e+00
1528 0.000000e+00
1529 0.000000e+00
1530 4.047788e-05
1531 3.713775e-05
1532 2.882267e-05
1533 2.080348e-05
1534 1.566222e-05
1535 9.111532e-06
1536 5.625604e-06
1537 3.225263e-06
1538 1.896511e-06
1539 1.174730e-06
1540 0.000000e+00
1541 0.000000e+00
1542 0.000000e+00
1543 0.000000e+00
1544 0.000000e+00
1545 2.912801e-05
1546 2.891312e-05
1547 2.448503e-05
1548 1.793535e-05
1549 1.328396e-05
1550 9.154542e-06
1551 5.351144e-06
1552 3.053081e-06
1553 1.771954e-06
1554 1.042590e-06
1555 6.506122e-07
1556 0.000000e+00
1557 0.000000e+00
1558 0.000000e+00
1559 0.000000e+00
1560 2.085098e-05
1561 2.179680e-05
1562 1.983793e-05
1563 1.524768e-05
1564 1.100576e-05
1565 8.274949e-06
1566 4.689296e-06
1567 2.850415e-06
1568 1.602925e-06
1569 9.233707e-07
1570 5.506294e-07
1571 0.000000e+00
1572 0.000000e+00
1573 0.000000e+00
1574 0.000000e+00
1575 1.487210e-05
1576 1.614453e-05
1577 1.554949e-05
1578 1.266314e-05
1579 9.143013e-06
1580 6.883420e-06
1581 4.347301e-06
1582 2.655947e-06
1583 1.474901e-06
1584 8.112783e-07
1585 4.673052e-07
1586 2.832009e-07
1587 0.000000e+00
1588 0.000000e+00
1589 0.000000e+00
1590 1.001028e-05
1591 1.119728e-05
1592 1.128693e-05
1593 9.739022e-06
1594 7.195644e-06
1595 5.289411e-06
1596 3.755371e-06
1597 2.130464e-06
1598 1.202339e-06
1599 6.811759e-07
1600 3.783133e-07
1601 2.200058e-07
1602 0.000000e+00
1603 0.000000e+00
1604 0.000000e+00
1605 6.201116e-06
1606 7.118100e-06
1607 7.458527e-06
1608 6.801106e-06
1609 5.231433e-06
1610 3.775220e-06
1611 2.841823e-06
1612 1.597077e-06
1613 9.596537e-07
1614 5.242846e-07
1615 2.885232e-07
1616 1.606418e-07
1617 0.000000e+00
1618 0.000000e+00
1619 0.000000e+00
1620 3.163407e-06
1621 3.720115e-06
1622 4.038202e-06
1623 3.883392e-06
1624 3.154630e-06
1625 2.276770e-06
1626 1.716871e-06
1627 1.071974e-06
1628 6.518364e-07
1629 3.538249e-07
1630 1.861971e-07
1631 1.003484e-07
1632 5.578990e-08
1633 0.000000e+00
1634 0.000000e+00
1635 8.891198e-07
1636 1.072208e-06
1637 1.206146e-06
1638 1.224576e-06
1639 1.066696e-06
1640 7.933436e-07
1641 5.815894e-07
1642 4.169104e-07
1643 2.343421e-07
1644 1.314261e-07
1645 7.164692e-08
1646 3.730540e-08
1647 1.958823e-08
1648 0.000000e+00
1649 0.000000e+00
