0 2.185752e-09
1 1.418787e-09
2 8.917830e-10
3 5.621629e-10
4 3.617009e-10
5 2.381919e-10
6 1.584054e-10
7 1.039833e-10
8 6.580949e-11
9 3.946103e-11
10 2.220131e-11
11 1.170599e-11
12 5.825265e-12
13 2.767619e-12
14 1.270974e-12
15 3.714709e-09
16 2.467988e-09
17 1.566624e-09
18 9.764357e-10
19 6.180142e-10
20 4.006039e-10
21 2.652156e-10
22 1.758800e-10
23 1.139638e-10
24 7.060302e-11
25 4.118412e-11
26 2.249035e-11
27 1.152974e-11
28 5.601949e-12
29 2.612142e-12
30 4.244796e-09
31 2.838629e-09
32 1.811280e-09
33 1.127306e-09
34 7.105458e-10
35 4.582566e-10
36 3.025084e-10
37 2.008209e-10
38 1.307534e-10
39 8.162087e-11
40 4.807507e-11
41 2.651938e-11
42 1.371570e-11
43 6.711189e-12
44 3.145191e-12
45 4.535937e-09
46 3.042171e-09
47 1.945677e-09
48 1.210231e-09
49 7.614067e-10
50 4.899937e-10
51 3.230389e-10
52 2.144987e-10
53 1.399823e-10
54 8.769108e-11
55 5.186915e-11
56 2.873573e-11
57 1.492116e-11
58 7.323008e-12
59 3.439107e-12
60 4.731630e-09
61 3.179046e-09
62 2.036114e-09
63 1.266148e-09
64 7.957595e-10
65 5.113742e-10
66 3.368491e-10
67 2.237361e-10
68 1.461738e-10
69 9.177011e-11
70 5.441806e-11
71 3.022503e-11
72 1.572912e-11
73 7.734942e-12
74 3.637200e-12
75 4.878046e-09
76 3.281514e-09
77 2.103732e-09
78 1.307959e-09
79 8.213430e-10
80 5.273170e-10
81 3.471783e-10
82 2.306264e-10
83 1.508318e-10
84 9.481970e-11
85 5.632536e-11
86 3.133816e-11
87 1.633779e-11
88 8.043142e-12
89 3.785356e-12
90 4.996655e-09
91 3.364698e-09
92 2.158742e-09
93 1.341870e-09
94 8.421962e-10
95 5.403265e-10
96 3.556101e-10
97 2.362283e-10
98 1.545882e-10
99 9.729659e-11
100 5.787579e-11
101 3.224312e-11
102 1.683133e-11
103 8.292857e-12
104 3.905585e-12
105 5.102471e-09
106 3.438533e-09
107 2.207308e-09
108 1.371804e-09
109 8.605723e-10
110 5.517642e-10
111 3.629918e-10
112 2.412090e-10
113 1.579441e-10
114 9.950113e-11
115 5.925092e-11
116 3.304642e-11
117 1.726269e-11
118 8.512927e-12
119 4.011306e-12
120 5.199510e-09
121 3.506811e-09
122 2.252653e-09
123 1.399365e-09
124 8.775953e-10
125 5.623591e-10
126 3.698254e-10
127 2.458333e-10
128 1.609848e-10
129 1.015027e-10
130 6.052272e-11
131 3.379113e-11
132 1.766616e-11
133 8.718276e-12
134 4.110128e-12
135 5.313359e-09
136 3.585881e-09
137 2.305291e-09
138 1.432324e-09
139 8.976555e-10
140 5.748779e-10
141 3.778798e-10
142 2.511400e-10
143 1.646650e-10
144 1.039388e-10
145 6.202443e-11
146 3.467001e-11
147 1.814522e-11
148 8.958700e-12
149 4.225589e-12
150 7.869255e-09
151 5.416198e-09
152 3.555770e-09
153 2.219689e-09
154 1.376600e-09
155 8.681697e-10
156 5.632187e-10
157 3.728364e-10
158 2.465422e-10
159 1.586845e-10
160 9.727951e-11
161 5.602855e-11
162 3.017559e-11
163 1.526173e-11
164 7.326850e-12
165 9.944501e-09
166 6.930011e-09
167 4.615629e-09
168 2.910793e-09
169 1.795461e-09
170 1.123189e-09
171 7.206975e-10
172 4.741326e-10
173 3.140188e-10
174 2.040140e-10
175 1.270309e-10
176 7.457515e-11
177 4.096806e-11
178 2.109249e-11
179 1.026844e-11
180 1.113825e-08
181 7.803747e-09
182 5.227996e-09
183 3.313680e-09
184 2.040769e-09
185 1.272279e-09
186 8.125687e-10
187 5.328963e-10
188 3.529744e-10
189 2.302017e-10
190 1.442480e-10
191 8.535592e-11
192 4.728233e-11
193 2.452764e-11
194 1.201258e-11
195 1.194041e-08
196 8.392922e-09
197 5.641575e-09
198 3.585374e-09
199 2.205777e-09
200 1.372629e-09
201 8.741946e-10
202 5.724079e-10
203 3.792403e-10
204 2.478143e-10
205 1.558294e-10
206 9.260753e-11
207 5.152894e-11
208 2.683811e-11
209 1.318635e-11
210 1.254043e-08
211 8.833449e-09
212 5.950474e-09
213 3.788854e-09
214 2.329667e-09
215 1.447918e-09
216 9.205384e-10
217 6.020553e-10
218 3.988715e-10
219 2.610042e-10
220 1.645030e-10
221 9.803610e-11
222 5.470793e-11
223 2.856790e-11
224 1.406717e-11
225 1.302993e-08
226 9.192410e-09
227 6.201812e-09
228 3.953875e-09
229 2.430011e-09
230 1.509099e-09
231 9.581638e-10
232 6.261036e-10
233 4.148371e-10
234 2.717180e-10
235 1.715454e-10
236 1.024460e-10
237 5.728973e-11
238 2.997317e-11
239 1.477893e-11
240 1.346215e-08
241 9.508117e-09
242 6.423827e-09
243 4.099406e-09
244 2.518729e-09
245 1.562994e-09
246 9.912489e-10
247 6.473814e-10
248 4.290188e-10
249 2.812262e-10
250 1.777969e-10
251 1.063654e-10
252 5.958733e-11
253 3.122056e-11
254 1.540763e-11
255 1.385694e-08
256 9.798519e-09
257 6.627995e-09
258 4.234693e-09
259 2.601049e-09
260 1.612653e-09
261 1.021669e-09
262 6.668873e-10
263 4.419120e-10
264 2.899145e-10
265 1.835088e-10
266 1.099249e-10
267 6.167038e-11
268 3.235668e-11
269 1.598790e-11
270 1.432772e-08
271 1.014336e-08
272 6.869157e-09
273 4.392443e-09
274 2.696907e-09
275 1.671397e-09
276 1.058217e-09
277 6.901293e-10
278 4.573196e-10
279 3.002340e-10
280 1.902910e-10
281 1.141882e-10
282 6.417558e-11
283 3.371999e-11
284 1.667762e-11
285 1.363979e-08
286 9.702130e-09
287 6.588877e-09
288 4.250491e-09
289 2.618629e-09
290 1.622172e-09
291 1.022693e-09
292 6.635715e-10
293 4.378320e-10
294 2.869913e-10
295 1.822155e-10
296 1.098890e-10
297 6.222360e-11
298 3.298483e-11
299 1.645499e-11
300 1.604344e-08
301 1.153975e-08
302 7.908578e-09
303 5.160739e-09
304 3.191751e-09
305 1.967115e-09
306 1.230568e-09
307 7.923152e-10
308 5.208088e-10
309 3.421697e-10
310 2.189604e-10
311 1.336378e-10
312 7.675470e-11
313 4.128002e-11
314 2.085726e-11
315 1.768722e-08
316 1.280534e-08
317 8.816706e-09
318 5.788884e-09
319 3.588768e-09
320 2.205456e-09
321 1.374521e-09
322 8.812703e-10
323 5.780440e-10
324 3.801609e-10
325 2.442516e-10
326 1.499989e-10
327 8.678632e-11
328 4.702362e-11
329 2.391596e-11
330 1.892160e-08
331 1.375435e-08
332 9.499018e-09
333 6.257957e-09
334 3.886400e-09
335 2.384660e-09
336 1.482412e-09
337 9.480009e-10
338 6.210749e-10
339 4.086488e-10
340 2.632183e-10
341 1.622715e-10
342 9.431268e-11
343 5.133337e-11
344 2.621135e-11
345 1.992102e-08
346 1.452238e-08
347 1.005091e-08
348 6.640761e-09
349 4.127493e-09
350 2.529829e-09
351 1.569793e-09
352 1.002041e-09
353 6.557594e-10
354 4.316814e-10
355 2.785691e-10
356 1.722034e-10
357 1.004029e-10
358 5.482144e-11
359 2.807001e-11
360 2.081201e-08
361 1.520654e-08
362 1.054251e-08
363 6.979251e-09
364 4.341639e-09
365 2.659187e-09
366 1.647498e-09
367 1.050073e-09
368 6.866937e-10
369 4.522169e-10
370 2.922130e-10
371 1.810309e-10
372 1.058167e-10
373 5.792075e-11
374 2.971958e-11
375 2.161885e-08
376 1.582672e-08
377 1.098879e-08
378 7.287943e-09
379 4.536746e-09
380 2.775927e-09
381 1.718392e-09
382 1.093781e-09
383 7.148342e-10
384 4.708954e-10
385 3.046587e-10
386 1.890751e-10
387 1.107482e-10
388 6.074433e-11
389 3.122277e-11
390 2.258414e-08
391 1.656985e-08
392 1.152219e-08
393 7.655445e-09
394 4.770184e-09
395 2.917115e-09
396 1.803036e-09
397 1.146156e-09
398 7.484401e-10
399 4.932404e-10
400 3.195262e-10
401 1.986824e-10
402 1.166400e-10
403 6.411669e-11
404 3.301906e-11
405 1.968117e-08
406 1.442233e-08
407 1.000822e-08
408 6.635179e-09
409 4.153095e-09
410 2.542779e-09
411 1.576814e-09
412 1.002605e-09
413 6.535915e-10
414 4.293001e-10
415 2.769599e-10
416 1.716053e-10
417 1.005156e-10
418 5.522230e-11
419 2.846710e-11
420 2.234225e-08
421 1.656259e-08
422 1.158291e-08
423 7.742908e-09
424 4.887145e-09
425 2.984057e-09
426 1.842640e-09
427 1.162988e-09
428 7.538663e-10
429 4.945540e-10
430 3.202808e-10
431 2.000136e-10
432 1.184018e-10
433 6.582928e-11
434 3.433026e-11
435 2.435002e-08
436 1.818167e-08
437 1.277314e-08
438 8.583467e-09
439 5.444952e-09
440 3.320323e-09
441 2.045127e-09
442 1.284858e-09
443 8.301296e-10
444 5.440737e-10
445 3.531173e-10
446 2.215517e-10
447 1.319794e-10
448 7.389181e-11
449 3.879486e-11
450 2.597778e-08
451 1.949510e-08
452 1.374237e-08
453 9.266691e-09
454 5.897276e-09
455 3.593233e-09
456 2.209237e-09
457 1.383694e-09
458 8.918859e-10
459 5.841974e-10
460 3.797296e-10
461 2.390064e-10
462 1.429832e-10
463 8.042250e-11
464 4.241093e-11
465 2.742599e-08
466 2.066249e-08
467 1.460172e-08
468 9.870185e-09
469 6.298658e-09
470 3.835370e-09
471 2.354783e-09
472 1.471539e-09
473 9.467142e-10
474 6.198550e-10
475 4.033541e-10
476 2.545007e-10
477 1.527516e-10
478 8.622756e-11
479 4.562574e-11
480 2.874380e-08
481 2.172290e-08
482 1.538381e-08
483 1.042062e-08
484 6.665369e-09
485 4.055548e-09
486 2.487610e-09
487 1.551432e-09
488 9.966325e-10
489 6.523065e-10
490 4.249164e-10
491 2.686402e-10
492 1.616633e-10
493 9.150896e-11
494 4.854902e-11
495 3.031803e-08
496 2.298926e-08
497 1.631798e-08
498 1.107964e-08
499 7.101911e-09
500 4.319169e-09
501 2.646177e-09
502 1.646973e-09
503 1.056298e-09
504 6.910766e-10
505 4.505894e-10
506 2.854587e-10
507 1.722772e-10
508 9.782153e-11
509 5.204532e-11
510 2.604659e-08
511 1.964236e-08
512 1.389875e-08
513 9.389337e-09
514 6.008450e-09
515 3.669079e-09
516 2.254134e-09
517 1.407711e-09
518 9.041127e-10
519 5.906670e-10
520 3.835683e-10
521 2.416933e-10
522 1.450372e-10
523 8.196767e-11
524 4.347542e-11
525 2.896218e-08
526 2.209590e-08
527 1.575615e-08
528 1.071670e-08
529 6.917160e-09
530 4.231198e-09
531 2.590410e-09
532 1.607207e-09
533 1.026138e-09
534 6.681598e-10
535 4.343528e-10
536 2.751016e-10
537 1.664420e-10
538 9.501145e-11
539 5.092713e-11
540 3.133643e-08
541 2.409367e-08
542 1.727260e-08
543 1.180022e-08
544 7.657862e-09
545 4.690879e-09
546 2.865002e-09
547 1.770267e-09
548 1.125661e-09
549 7.313634e-10
550 4.757482e-10
551 3.023260e-10
552 1.838875e-10
553 1.056480e-10
554 5.700790e-11
555 3.344476e-08
556 2.586861e-08
557 1.862316e-08
558 1.276162e-08
559 8.317308e-09
560 5.099320e-09
561 3.109321e-09
562 1.915179e-09
563 1.214166e-09
564 7.875655e-10
565 5.125420e-10
566 3.265219e-10
567 1.993939e-10
568 1.151038e-10
569 6.241508e-11
570 3.536559e-08
571 2.748523e-08
572 1.984981e-08
573 1.363708e-08
574 8.918610e-09
575 5.471147e-09
576 3.331678e-09
577 2.047458e-09
578 1.294784e-09
579 8.387624e-10
580 5.460841e-10
581 3.485808e-10
582 2.135277e-10
583 1.237206e-10
584 6.734060e-11
585 3.766542e-08
586 2.941524e-08
587 2.131368e-08
588 1.468493e-08
589 9.633937e-09
590 5.914877e-09
591 3.597059e-09
592 2.204786e-09
593 1.390846e-09
594 8.997525e-10
595 5.860287e-10
596 3.748537e-10
597 2.303652e-10
598 1.339866e-10
599 7.321044e-11
600 3.283111e-08
601 2.545802e-08
602 1.836849e-08
603 1.260165e-08
604 8.228889e-09
605 5.066793e-09
606 3.086379e-09
607 1.900633e-09
608 1.202569e-09
609 7.782577e-10
610 5.055906e-10
611 3.218556e-10
612 1.966434e-10
613 1.137198e-10
614 6.184737e-11
615 3.607754e-08
616 2.829157e-08
617 2.059449e-08
618 1.421326e-08
619 9.350728e-09
620 5.788581e-09
621 3.514641e-09
622 2.154552e-09
623 1.354483e-09
624 8.725467e-10
625 5.663032e-10
626 3.615988e-10
627 2.223234e-10
628 1.296748e-10
629 7.120822e-11
630 3.896328e-08
631 3.081607e-08
632 2.257626e-08
633 1.564700e-08
634 1.035153e-08
635 6.432314e-09
636 3.896893e-09
637 2.381351e-09
638 1.490143e-09
639 9.566032e-10
640 6.204122e-10
641 3.970080e-10
642 2.452029e-10
643 1.438931e-10
644 7.955417e-11
645 4.159367e-08
646 3.311684e-08
647 2.438049e-08
648 1.695642e-08
649 1.126459e-08
650 7.019342e-09
651 4.245256e-09
652 2.587908e-09
653 1.613836e-09
654 1.033259e-09
655 6.697487e-10
656 4.292989e-10
657 2.660673e-10
658 1.568571e-10
659 8.716152e-11
660 4.473821e-08
661 3.586825e-08
662 2.653492e-08
663 1.851615e-08
664 1.235115e-08
665 7.718866e-09
666 4.660167e-09
667 2.834140e-09
668 1.761086e-09
669 1.124587e-09
670 7.285038e-10
671 4.677540e-10
672 2.909166e-10
673 1.722989e-10
674 9.622545e-11
675 4.026462e-08
676 3.206061e-08
677 2.363418e-08
678 1.644880e-08
679 1.092470e-08
680 6.830544e-09
681 4.134032e-09
682 2.522834e-09
683 1.571614e-09
684 1.004603e-09
685 6.499538e-10
686 4.159315e-10
687 2.575254e-10
688 1.518064e-10
689 8.443534e-11
690 4.407427e-08
691 3.551454e-08
692 2.643843e-08
693 1.851594e-08
694 1.238356e-08
695 7.800907e-09
696 4.714180e-09
697 2.867911e-09
698 1.774438e-09
699 1.127415e-09
700 7.273687e-10
701 4.660410e-10
702 2.899548e-10
703 1.722199e-10
704 9.667549e-11
705 4.755321e-08
706 3.866591e-08
707 2.899538e-08
708 2.040619e-08
709 1.371759e-08
710 8.687727e-09
711 5.244860e-09
712 3.183015e-09
713 1.959814e-09
714 1.239734e-09
715 7.981332e-10
716 5.118421e-10
717 3.195942e-10
718 1.908763e-10
719 1.078617e-10
720 5.170447e-08
721 4.241909e-08
722 3.204285e-08
723 2.265856e-08
724 1.530381e-08
725 9.744452e-09
726 5.876223e-09
727 3.558535e-09
728 2.180425e-09
729 1.373315e-09
730 8.823026e-10
731 5.663262e-10
732 3.548548e-10
733 2.130716e-10
734 1.211713e-10
735 4.896547e-08
736 4.007755e-08
737 3.025088e-08
738 2.139366e-08
739 1.443079e-08
740 9.195845e-09
741 5.563749e-09
742 3.371701e-09
743 2.067207e-09
744 1.301735e-09
745 8.350292e-10
746 5.347920e-10
747 3.343122e-10
748 2.003476e-10
749 1.138070e-10
750 5.352271e-08
751 4.434810e-08
752 3.384985e-08
753 2.412080e-08
754 1.637352e-08
755 1.052237e-08
756 6.378428e-09
757 3.853195e-09
758 2.347186e-09
759 1.467936e-09
760 9.372495e-10
761 5.997940e-10
762 3.761519e-10
763 2.268732e-10
764 1.299919e-10
765 5.895793e-08
766 4.944190e-08
767 3.812563e-08
768 2.736478e-08
769 1.868565e-08
770 1.210265e-08
771 7.349333e-09
772 4.427007e-09
773 2.680537e-09
774 1.665799e-09
775 1.058892e-09
776 6.771520e-10
777 4.259416e-10
778 2.584389e-10
779 1.492541e-10
780 5.937454e-08
781 4.999680e-08
782 3.875777e-08
783 2.794112e-08
784 1.912759e-08
785 1.243543e-08
786 7.591208e-09
787 4.564946e-09
788 2.760140e-09
789 1.709019e-09
790 1.082237e-09
791 6.901866e-10
792 4.337527e-10
793 2.634446e-10
794 1.525681e-10
795 6.648264e-08
796 5.688435e-08
797 4.476958e-08
798 3.264803e-08
799 2.253354e-08
800 1.480505e-08
801 9.105763e-09
802 5.453600e-09
803 3.277025e-09
804 2.009557e-09
805 1.262058e-09
806 8.017487e-10
807 5.045722e-10
808 3.083298e-10
809 1.802900e-10
810 7.632047e-08
811 6.676891e-08
812 5.379526e-08
813 4.001494e-08
814 2.798806e-08
815 1.865454e-08
816 1.167245e-08
817 6.973947e-09
818 4.166393e-09
819 2.516448e-09
820 1.555894e-09
821 9.779964e-10
822 6.136867e-10
823 3.767868e-10
824 2.227939e-10
825 5.039499e-07
826 3.680820e-07
827 2.727409e-07
828 1.697211e-07
829 1.034023e-07
830 6.125837e-08
831 3.740612e-08
832 2.399949e-08
833 1.620200e-08
834 0.000000e+00
835 0.000000e+00
836 0.000000e+00
837 0.000000e+00
838 0.000000e+00
839 0.000000e+00
840 7.613787e-07
841 5.562555e-07
842 4.126202e-07
843 2.597781e-07
844 1.578687e-07
845 9.340803e-08
846 5.692821e-08
847 3.638646e-08
848 2.449561e-08
849 0.000000e+00
850 0.000000e+00
851 0.000000e+00
852 0.000000e+00
853 0.000000e+00
854 0.000000e+00
855 9.039919e-07
856 6.605202e-07
857 4.901175e-07
858 3.097369e-07
859 1.880646e-07
860 1.112337e-07
861 6.775153e-08
862 4.325143e-08
863 2.909096e-08
864 0.000000e+00
865 0.000000e+00
866 0.000000e+00
867 0.000000e+00
868 0.000000e+00
869 0.000000e+00
870 9.998757e-07
871 7.306187e-07
872 5.422220e-07
873 3.433260e-07
874 2.083679e-07
875 1.232188e-07
876 7.502860e-08
877 4.786749e-08
878 3.218057e-08
879 0.000000e+00
880 0.000000e+00
881 0.000000e+00
882 0.000000e+00
883 0.000000e+00
884 0.000000e+00
885 1.071736e-06
886 7.831580e-07
887 5.812690e-07
888 3.684988e-07
889 2.235843e-07
890 1.322013e-07
891 8.048238e-08
892 5.132687e-08
893 3.449627e-08
894 0.000000e+00
895 0.000000e+00
896 0.000000e+00
897 0.000000e+00
898 0.000000e+00
899 0.000000e+00
900 1.129967e-06
901 8.257304e-07
902 6.129131e-07
903 3.888973e-07
904 2.359138e-07
905 1.394802e-07
906 8.490162e-08
907 5.413023e-08
908 3.637267e-08
909 0.000000e+00
910 0.000000e+00
911 0.000000e+00
912 0.000000e+00
913 0.000000e+00
914 0.000000e+00
915 1.181700e-06
916 8.635508e-07
917 6.410243e-07
918 4.070206e-07
919 2.468684e-07
920 1.459462e-07
921 8.882790e-08
922 5.662055e-08
923 3.803963e-08
924 0.000000e+00
925 0.000000e+00
926 0.000000e+00
927 0.000000e+00
928 0.000000e+00
929 0.000000e+00
930 1.228932e-06
931 8.980829e-07
932 6.666903e-07
933 4.235665e-07
934 2.568693e-07
935 1.518495e-07
936 9.241236e-08
937 5.889421e-08
938 3.956150e-08
939 0.000000e+00
940 0.000000e+00
941 0.000000e+00
942 0.000000e+00
943 0.000000e+00
944 0.000000e+00
945 1.285138e-06
946 9.391774e-07
947 6.972325e-07
948 4.432573e-07
949 2.687709e-07
950 1.588753e-07
951 9.667840e-08
952 6.159981e-08
953 4.137273e-08
954 0.000000e+00
955 0.000000e+00
956 0.000000e+00
957 0.000000e+00
958 0.000000e+00
959 0.000000e+00
960 3.371151e-07
961 2.684568e-07
962 1.947340e-07
963 1.460402e-07
964 9.033467e-08
965 5.530240e-08
966 3.214420e-08
967 1.922054e-08
968 1.204594e-08
969 7.975717e-09
970 0.000000e+00
971 0.000000e+00
972 0.000000e+00
973 0.000000e+00
974 0.000000e+00
975 5.208580e-07
976 4.176696e-07
977 3.032656e-07
978 2.272140e-07
979 1.424056e-07
980 8.682782e-08
981 5.043203e-08
982 3.011542e-08
983 1.880462e-08
984 1.241371e-08
985 0.000000e+00
986 0.000000e+00
987 0.000000e+00
988 0.000000e+00
989 0.000000e+00
990 6.455226e-07
991 5.189763e-07
992 3.769665e-07
993 2.823256e-07
994 1.778014e-07
995 1.082443e-07
996 6.285676e-08
997 3.751736e-08
998 2.339525e-08
999 1.542721e-08
1000 0.000000e+00
1001 0.000000e+00
1002 0.000000e+00
1003 0.000000e+00
1004 0.000000e+00
1005 7.389395e-07
1006 5.948845e-07
1007 4.321875e-07
1008 3.236207e-07
1009 2.043232e-07
1010 1.242906e-07
1011 7.216673e-08
1012 4.306377e-08
1013 2.683482e-08
1014 1.768515e-08
1015 0.000000e+00
1016 0.000000e+00
1017 0.000000e+00
1018 0.000000e+00
1019 0.000000e+00
1020 8.146414e-07
1021 6.563933e-07
1022 4.769357e-07
1023 3.570820e-07
1024 2.258155e-07
1025 1.372949e-07
1026 7.971107e-08
1027 4.755803e-08
1028 2.962228e-08
1029 1.951475e-08
1030 0.000000e+00
1031 0.000000e+00
1032 0.000000e+00
1033 0.000000e+00
1034 0.000000e+00
1035 8.818891e-07
1036 7.110393e-07
1037 5.166933e-07
1038 3.868095e-07
1039 2.449085e-07
1040 1.488472e-07
1041 8.641317e-08
1042 5.155093e-08
1043 3.209857e-08
1044 2.114039e-08
1045 0.000000e+00
1046 0.000000e+00
1047 0.000000e+00
1048 0.000000e+00
1049 0.000000e+00
1050 9.432874e-07
1051 7.609315e-07
1052 5.529878e-07
1053 4.139493e-07
1054 2.623390e-07
1055 1.593950e-07
1056 9.253236e-08
1057 5.519615e-08
1058 3.435933e-08
1059 2.262443e-08
1060 0.000000e+00
1061 0.000000e+00
1062 0.000000e+00
1063 0.000000e+00
1064 0.000000e+00
1065 1.016358e-06
1066 8.203107e-07
1067 5.961855e-07
1068 4.462536e-07
1069 2.830852e-07
1070 1.719487e-07
1071 9.981491e-08
1072 5.953500e-08
1073 3.705002e-08
1074 2.439074e-08
1075 0.000000e+00
1076 0.000000e+00
1077 0.000000e+00
1078 0.000000e+00
1079 0.000000e+00
1080 1.984193e-07
1081 1.804432e-07
1082 1.390073e-07
1083 1.005244e-07
1084 7.532613e-08
1085 4.353689e-08
1086 2.668273e-08
1087 1.538500e-08
1088 9.098376e-09
1089 5.660675e-09
1090 0.000000e+00
1091 0.000000e+00
1092 0.000000e+00
1093 0.000000e+00
1094 0.000000e+00
1095 3.311125e-07
1096 3.024744e-07
1097 2.339949e-07
1098 1.691078e-07
1099 1.269070e-07
1100 7.377144e-08
1101 4.533364e-08
1102 2.607568e-08
1103 1.536436e-08
1104 9.536722e-09
1105 0.000000e+00
1106 0.000000e+00
1107 0.000000e+00
1108 0.000000e+00
1109 0.000000e+00
1110 4.313820e-07
1111 3.947279e-07
1112 3.058302e-07
1113 2.209736e-07
1114 1.659164e-07
1115 9.665272e-08
1116 5.944928e-08
1117 3.416570e-08
1118 2.010464e-08
1119 1.246835e-08
1120 0.000000e+00
1121 0.000000e+00
1122 0.000000e+00
1123 0.000000e+00
1124 0.000000e+00
1125 5.126006e-07
1126 4.694464e-07
1127 3.640132e-07
1128 2.629827e-07
1129 1.975109e-07
1130 1.151846e-07
1131 7.088203e-08
1132 4.071811e-08
1133 2.394386e-08
1134 1.484280e-08
1135 0.000000e+00
1136 0.000000e+00
1137 0.000000e+00
1138 0.000000e+00
1139 0.000000e+00
1140 5.847463e-07
1141 5.358256e-07
1142 4.156994e-07
1143 3.003017e-07
1144 2.255792e-07
1145 1.316477e-07
1146 8.103862e-08
1147 4.653908e-08
1148 2.735452e-08
1149 1.695210e-08
1150 0.000000e+00
1151 0.000000e+00
1152 0.000000e+00
1153 0.000000e+00
1154 0.000000e+00
1155 6.506178e-07
1156 5.964278e-07
1157 4.628902e-07
1158 3.343738e-07
1159 2.512053e-07
1160 1.466789e-07
1161 9.031141e-08
1162 5.185359e-08
1163 3.046845e-08
1164 1.887787e-08
1165 0.000000e+00
1166 0.000000e+00
1167 0.000000e+00
1168 0.000000e+00
1169 0.000000e+00
1170 7.290186e-07
1171 6.685578e-07
1172 5.190550e-07
1173 3.749263e-07
1174 2.817043e-07
1175 1.645686e-07
1176 1.013478e-07
1177 5.817870e-08
1178 3.417471e-08
1179 2.117003e-08
1180 0.000000e+00
1181 0.000000e+00
1182 0.000000e+00
1183 0.000000e+00
1184 0.000000e+00
1185 1.319850e-07
1186 1.302722e-07
1187 1.095404e-07
1188 8.001502e-08
1189 5.944428e-08
1190 4.039699e-08
1191 2.384085e-08
1192 1.358292e-08
1193 7.852118e-09
1194 4.640146e-09
1195 2.906724e-09
1196 0.000000e+00
1197 0.000000e+00
1198 0.000000e+00
1199 0.000000e+00
1200 2.318009e-07
1201 2.294633e-07
1202 1.936926e-07
1203 1.417404e-07
1204 1.051226e-07
1205 7.195878e-08
1206 4.225055e-08
1207 2.410665e-08
1208 1.395510e-08
1209 8.231375e-09
1210 5.145391e-09
1211 0.000000e+00
1212 0.000000e+00
1213 0.000000e+00
1214 0.000000e+00
1215 3.130558e-07
1216 3.102287e-07
1217 2.622327e-07
1218 1.920227e-07
1219 1.423281e-07
1220 9.767660e-08
1221 5.724732e-08
1222 3.268062e-08
1223 1.892725e-08
1224 1.115702e-08
1225 6.968964e-09
1226 0.000000e+00
1227 0.000000e+00
1228 0.000000e+00
1229 0.000000e+00
1230 3.851908e-07
1231 3.819279e-07
1232 3.230743e-07
1233 2.366571e-07
1234 1.753542e-07
1235 1.205077e-07
1236 7.055973e-08
1237 4.029189e-08
1238 2.334115e-08
1239 1.375421e-08
1240 8.587681e-09
1241 0.000000e+00
1242 0.000000e+00
1243 0.000000e+00
1244 0.000000e+00
1245 4.510548e-07
1246 4.473892e-07
1247 3.786279e-07
1248 2.774112e-07
1249 2.055103e-07
1250 1.413534e-07
1251 8.271508e-08
1252 4.724161e-08
1253 2.737138e-08
1254 1.612560e-08
1255 1.006572e-08
1256 0.000000e+00
1257 0.000000e+00
1258 0.000000e+00
1259 0.000000e+00
1260 5.294368e-07
1261 5.252973e-07
1262 4.447428e-07
1263 3.259154e-07
1264 2.413993e-07
1265 1.661611e-07
1266 9.718144e-08
1267 5.551205e-08
1268 3.216758e-08
1269 1.894775e-08
1270 1.182476e-08
1271 0.000000e+00
1272 0.000000e+00
1273 0.000000e+00
1274 0.000000e+00
1275 9.509048e-08
1276 9.900808e-08
1277 8.959161e-08
1278 6.853654e-08
1279 4.954187e-08
1280 3.710885e-08
1281 2.096617e-08
1282 1.266117e-08
1283 7.154283e-09
1284 4.132447e-09
1285 2.474068e-09
1286 0.000000e+00
1287 0.000000e+00
1288 0.000000e+00
1289 0.000000e+00
1290 1.741701e-07
1291 1.817365e-07
1292 1.649796e-07
1293 1.265653e-07
1294 9.142799e-08
1295 6.859316e-08
1296 3.887012e-08
1297 2.355243e-08
1298 1.327769e-08
1299 7.650180e-09
1300 4.570797e-09
1301 0.000000e+00
1302 0.000000e+00
1303 0.000000e+00
1304 0.000000e+00
1305 2.444062e-07
1306 2.552214e-07
1307 2.319538e-07
1308 1.781244e-07
1309 1.286440e-07
1310 9.656829e-08
1311 5.478271e-08
1312 3.323326e-08
1313 1.872020e-08
1314 1.077615e-08
1315 6.433855e-09
1316 0.000000e+00
1317 0.000000e+00
1318 0.000000e+00
1319 0.000000e+00
1320 3.084957e-07
1321 3.222743e-07
1322 2.930654e-07
1323 2.251715e-07
1324 1.626036e-07
1325 1.220947e-07
1326 6.930158e-08
1327 4.206631e-08
1328 2.368609e-08
1329 1.362838e-08
1330 8.133832e-09
1331 0.000000e+00
1332 0.000000e+00
1333 0.000000e+00
1334 0.000000e+00
1335 3.847740e-07
1336 4.020790e-07
1337 3.657995e-07
1338 2.811631e-07
1339 2.030181e-07
1340 1.524741e-07
1341 8.658117e-08
1342 5.257922e-08
1343 2.959622e-08
1344 1.702299e-08
1345 1.015703e-08
1346 0.000000e+00
1347 0.000000e+00
1348 0.000000e+00
1349 0.000000e+00
1350 7.292085e-08
1351 7.892857e-08
1352 7.568515e-08
1353 6.133131e-08
1354 4.424605e-08
1355 3.335606e-08
1356 2.083486e-08
1357 1.277476e-08
1358 7.092146e-09
1359 3.905191e-09
1360 2.257133e-09
1361 1.372699e-09
1362 0.000000e+00
1363 0.000000e+00
1364 0.000000e+00
1365 1.403198e-07
1366 1.521391e-07
1367 1.462653e-07
1368 1.188897e-07
1369 8.582866e-08
1370 6.463944e-08
1371 4.065918e-08
1372 2.485402e-08
1373 1.380109e-08
1374 7.603469e-09
1375 4.384222e-09
1376 2.660276e-09
1377 0.000000e+00
1378 0.000000e+00
1379 0.000000e+00
1380 2.016134e-07
1381 2.187192e-07
1382 2.104581e-07
1383 1.712429e-07
1384 1.236520e-07
1385 9.309347e-08
1386 5.869374e-08
1387 3.584154e-08
1388 1.990376e-08
1389 1.096780e-08
1390 6.319079e-09
1391 3.831413e-09
1392 0.000000e+00
1393 0.000000e+00
1394 0.000000e+00
1395 2.745441e-07
1396 2.979405e-07
1397 2.868379e-07
1398 2.335338e-07
1399 1.686546e-07
1400 1.269486e-07
1401 8.015164e-08
1402 4.891467e-08
1403 2.716478e-08
1404 1.497063e-08
1405 8.621181e-09
1406 5.224862e-09
1407 0.000000e+00
1408 0.000000e+00
1409 0.000000e+00
1410 6.056898e-08
1411 6.760138e-08
1412 6.791632e-08
1413 5.834247e-08
1414 4.300564e-08
1415 3.167426e-08
1416 2.231695e-08
1417 1.273182e-08
1418 7.168138e-09
1419 4.056141e-09
1420 2.256139e-09
1421 1.315742e-09
1422 0.000000e+00
1423 0.000000e+00
1424 0.000000e+00
1425 1.184941e-07
1426 1.324350e-07
1427 1.333320e-07
1428 1.148691e-07
1429 8.481530e-08
1430 6.239004e-08
1431 4.416442e-08
1432 2.511453e-08
1433 1.416987e-08
1434 8.016871e-09
1435 4.456880e-09
1436 2.594108e-09
1437 0.000000e+00
1438 0.000000e+00
1439 0.000000e+00
1440 1.870206e-07
1441 2.091341e-07
1442 2.107192e-07
1443 1.817388e-07
1444 1.342750e-07
1445 9.872584e-08
1446 7.000861e-08
1447 3.976295e-08
1448 2.245287e-08
1449 1.270224e-08
1450 7.060320e-09
1451 4.106373e-09
1452 0.000000e+00
1453 0.000000e+00
1454 0.000000e+00
1455 5.182753e-08
1456 5.939294e-08
1457 6.208110e-08
1458 5.640736e-08
1459 4.325838e-08
1460 3.124357e-08
1461 2.346725e-08
1462 1.315650e-08
1463 7.869613e-09
1464 4.311566e-09
1465 2.376874e-09
1466 1.327147e-09
1467 0.000000e+00
1468 0.000000e+00
1469 0.000000e+00
1470 1.149276e-07
1471 1.318764e-07
1472 1.381140e-07
1473 1.258554e-07
1474 9.676896e-08
1475 6.985232e-08
1476 5.253910e-08
1477 2.954494e-08
1478 1.773391e-08
1479 9.697630e-09
1480 5.333308e-09
1481 2.971804e-09
1482 0.000000e+00
1483 0.000000e+00
1484 0.000000e+00
1485 5.406594e-08
1486 6.353099e-08
1487 6.888635e-08
1488 6.613513e-08
1489 5.362575e-08
1490 3.869433e-08
1491 2.919049e-08
1492 1.815163e-08
1493 1.104628e-08
1494 5.994422e-09
1495 3.157325e-09
1496 1.703422e-09
1497 9.485826e-10
1498 0.000000e+00
1499 0.000000e+00
1500 1.109684e-04
1501 8.086786e-05
1502 6.035546e-05
1503 3.805236e-05
1504 2.321989e-05
1505 1.369104e-05
1506 8.324421e-06
1507 5.304277e-06
1508 3.565556e-06
1509 0.000000e+00
1510 0.000000e+00
1511 0.000000e+00
1512 0.000000e+00
1513 0.000000e+00
1514 0.000000e+00
1515 5.757601e-05
1516 4.644359e-05
1517 3.369791e-05
1518 2.528332e-05
1519 1.597668e-05
1520 9.754545e-06
1521 5.648866e-06
1522 3.364481e-06
1523 2.093966e-06
1524 1.379138e-06
1525 0.000000e+00
1526 0.000000e+00
1527 0.000000e+00
1528 0.000000e+00
1529 0.000000e+00
1530 4.047788e-05
1531 3.713775e-05
1532 2.882267e-05
1533 2.080348e-05
1534 1.566222e-05
1535 9.111532e-06
1536 5.625604e-06
1537 3.225263e-06
1538 1.896511e-06
1539 1.174730e-06
1540 0.000000e+00
1541 0.000000e+00
1542 0.000000e+00
1543 0.000000e+00
1544 0.000000e+00
1545 2.912801e-05
1546 2.891312e-05
1547 2.448503e-05
1548 1.793535e-05
1549 1.328396e-05
1550 9.154542e-06
1551 5.351144e-06
1552 3.053081e-06
1553 1.771954e-06
1554 1.042590e-06
1555 6.506122e-07
1556 0.000000e+00
1557 0.000000e+00
1558 0.000000e+00
1559 0.000000e+00
1560 2.085098e-05
1561 2.179680e-05
1562 1.983793e-05
1563 1.524768e-05
1564 1.100576e-05
1565 8.274949e-06
1566 4.689296e-06
1567 2.850415e-06
1568 1.602925e-06
1569 9.233707e-07
1570 5.506294e-07
1571 0.000000e+00
1572 0.000000e+00
1573 0.000000e+00
1574 0.000000e+00
1575 1.487210e-05
1576 1.614453e-05
1577 1.554949e-05
1578 1.266314e-05
1579 9.143013e-06
1580 6.883420e-06
1581 4.347301e-06
1582 2.655947e-06
1583 1.474901e-06
1584 8.112783e-07
1585 4.673052e-07
1586 2.832009e-07
1587 0.000000e+00
1588 0.000000e+00
1589 0.000000e+00
1590 1.001028e-05
1591 1.119728e-05
1592 1.128693e-05
1593 9.739022e-06
1594 7.195644e-06
1595 5.289411e-06
1596 3.755371e-06
1597 2.130464e-06
1598 1.202339e-06
1599 6.811759e-07
1600 3.783133e-07
1601 2.200058e-07
1602 0.000000e+00
1603 0.000000e+00
1604 0.000000e+00
1605 6.201116e-06
1606 7.118100e-06
1607 7.458527e-06
1608 6.801106e-06
1609 5.231433e-06
1610 3.775220e-06
1611 2.841823e-06
1612 1.597077e-06
1613 9.596537e-07
1614 5.242846e-07
1615 2.885232e-07
1616 1.606418e-07
1617 0.000000e+00
1618 0.000000e+00
1619 0.000000e+00
1620 3.163407e-06
1621 3.720115e-06
1622 4.038202e-06
1623 3.883392e-06
1624 3.154630e-06
1625 2.276770e-06
1626 1.716871e-06
1627 1.071974e-06
1628 6.518364e-07
1629 3.538249e-07
1630 1.861971e-07
1631 1.003484e-07
1632 5.578990e-08
1633 0.000000e+00
1634 0.000000e+00
1635 8.891198e-07
1636 1.072208e-06
1637 1.206146e-06
1638 1.224576e-06
1639 1.066696e-06
1640 7.933436e-07
1641 5.815894e-07
1642 4.169104e-07
1643 2.343421e-07
1644 1.314261e-07
1645 7.164692e-08
1646 3.730540e-08
1647 1.958823e-08
1648 0.000000e+00
1649 0.000000e+00
