0 1.967751e-09
1 1.269451e-09
2 7.958942e-10
3 5.033417e-10
4 3.252483e-10
5 2.150902e-10
6 1.432230e-10
7 9.374546e-11
8 5.895020e-11
9 3.502686e-11
10 1.949964e-11
11 1.017528e-11
12 5.018622e-12
13 2.368107e-12
14 1.082699e-12
15 3.384870e-09
16 2.233316e-09
17 1.407636e-09
18 8.774034e-10
19 5.574707e-10
20 3.634337e-10
21 2.415926e-10
22 1.602776e-10
23 1.034381e-10
24 6.358220e-11
25 3.669792e-11
26 1.979852e-11
27 1.002865e-11
28 4.823625e-12
29 2.232322e-12
30 3.789548e-09
31 2.511372e-09
32 1.586039e-09
33 9.842619e-10
34 6.235502e-10
35 4.050744e-10
36 2.691144e-10
37 1.790372e-10
38 1.161251e-10
39 7.182946e-11
40 4.173854e-11
41 2.265100e-11
42 1.151825e-11
43 5.550903e-12
44 2.570097e-12
45 4.008916e-09
46 2.661890e-09
47 1.682358e-09
48 1.041909e-09
49 6.591180e-10
50 4.275403e-10
51 2.840497e-10
52 1.891406e-10
53 1.229828e-10
54 7.628632e-11
55 4.445710e-11
56 2.417947e-11
57 1.231542e-11
58 5.938765e-12
59 2.749654e-12
60 4.155724e-09
61 2.762388e-09
62 1.746571e-09
63 1.080292e-09
64 6.828267e-10
65 4.425703e-10
66 2.940156e-10
67 1.959402e-10
68 1.275606e-10
69 7.927821e-11
70 4.628810e-11
71 2.521384e-11
72 1.284903e-11
73 6.196568e-12
74 2.869548e-12
75 4.265658e-09
76 2.838023e-09
77 1.795208e-09
78 1.109240e-09
79 7.007434e-10
80 4.539278e-10
81 3.015149e-10
82 2.010430e-10
83 1.310330e-10
84 8.153709e-11
85 4.765376e-11
86 2.598667e-11
87 1.325272e-11
88 6.393161e-12
89 2.960284e-12
90 4.355703e-09
91 2.899573e-09
92 1.834414e-09
93 1.133018e-09
94 7.153401e-10
95 4.630776e-10
96 3.076172e-10
97 2.052052e-10
98 1.338786e-10
99 8.337930e-11
100 4.878591e-11
101 2.661886e-11
102 1.358143e-11
103 6.552728e-12
104 3.033697e-12
105 4.433866e-09
106 2.952798e-09
107 1.868864e-09
108 1.153577e-09
109 7.280403e-10
110 4.710805e-10
111 3.129082e-10
112 2.087952e-10
113 1.362422e-10
114 8.491884e-11
115 4.971604e-11
116 2.715764e-11
117 1.386635e-11
118 6.690998e-12
119 3.094268e-12
120 4.509512e-09
121 3.005076e-09
122 1.902363e-09
123 1.173410e-09
124 7.401764e-10
125 4.787625e-10
126 3.179784e-10
127 2.122860e-10
128 1.386625e-10
129 8.649500e-11
130 5.069182e-11
131 2.769250e-11
132 1.414245e-11
133 6.825993e-12
134 3.159527e-12
135 4.593412e-09
136 3.062270e-09
137 1.939489e-09
138 1.195726e-09
139 7.539702e-10
140 4.875036e-10
141 3.237607e-10
142 2.161601e-10
143 1.413310e-10
144 8.824899e-11
145 5.174849e-11
146 2.828980e-11
147 1.445285e-11
148 6.975144e-12
149 3.228950e-12
150 7.733964e-09
151 5.313274e-09
152 3.480697e-09
153 2.166204e-09
154 1.344699e-09
155 8.487233e-10
156 5.517472e-10
157 3.658139e-10
158 2.419840e-10
159 1.556104e-10
160 9.518348e-11
161 5.464169e-11
162 2.931508e-11
163 1.477034e-11
164 7.068766e-12
165 9.731550e-09
166 6.762952e-09
167 4.493827e-09
168 2.822240e-09
169 1.740628e-09
170 1.089597e-09
171 7.012773e-10
172 4.623136e-10
173 3.065241e-10
174 1.990235e-10
175 1.236382e-10
176 7.231775e-11
177 3.954051e-11
178 2.025464e-11
179 9.815639e-12
180 1.080922e-08
181 7.541914e-09
182 5.035960e-09
183 3.173122e-09
184 1.951081e-09
185 1.218379e-09
186 7.808697e-10
187 5.138660e-10
188 3.410795e-10
189 2.223277e-10
190 1.389263e-10
191 8.178238e-11
192 4.500280e-11
193 2.317407e-11
194 1.127246e-11
195 1.153186e-08
196 8.064872e-09
197 5.400263e-09
198 3.408810e-09
199 2.092421e-09
200 1.304611e-09
201 8.341232e-10
202 5.485069e-10
203 3.642757e-10
204 2.379776e-10
205 1.491726e-10
206 8.814843e-11
207 4.867451e-11
208 2.513480e-11
209 1.224715e-11
210 1.207119e-08
211 8.454594e-09
212 5.672014e-09
213 3.583484e-09
214 2.197974e-09
215 1.368775e-09
216 8.738442e-10
217 5.743133e-10
218 3.815725e-10
219 2.496072e-10
220 1.567880e-10
221 9.288000e-11
222 5.139694e-11
223 2.658465e-11
224 1.297696e-11
225 1.250999e-08
226 8.770972e-09
227 5.891961e-09
228 3.726528e-09
229 2.282855e-09
230 1.420912e-09
231 9.060714e-10
232 5.951173e-10
233 3.955329e-10
234 2.590670e-10
235 1.629894e-10
236 9.670638e-11
237 5.360299e-11
238 2.776490e-11
239 1.355963e-11
240 1.288983e-08
241 9.045516e-09
242 6.083652e-09
243 3.850647e-09
244 2.357253e-09
245 1.466434e-09
246 9.340840e-10
247 6.132199e-10
248 4.077754e-10
249 2.673022e-10
250 1.683917e-10
251 1.000534e-10
252 5.553963e-11
253 2.879844e-11
254 1.406824e-11
255 1.325936e-08
256 9.312477e-09
257 6.269866e-09
258 3.971508e-09
259 2.429369e-09
260 1.510379e-09
261 9.613639e-10
262 6.308723e-10
263 4.195392e-10
264 2.752853e-10
265 1.736259e-10
266 1.033056e-10
267 5.741224e-11
268 2.979441e-11
269 1.456979e-11
270 1.367621e-08
271 9.613873e-09
272 6.479526e-09
273 4.106588e-09
274 2.509995e-09
275 1.560032e-09
276 9.922579e-10
277 6.508734e-10
278 4.329535e-10
279 2.842903e-10
280 1.795445e-10
281 1.069739e-10
282 5.951888e-11
283 3.092002e-11
284 1.512931e-11
285 1.353141e-08
286 9.610702e-09
287 6.521355e-09
288 4.201564e-09
289 2.584940e-09
290 1.602258e-09
291 1.011035e-09
292 6.566163e-10
293 4.335710e-10
294 2.842370e-10
295 1.803710e-10
296 1.086501e-10
297 6.141716e-11
298 3.249065e-11
299 1.617521e-11
300 1.588440e-08
301 1.140248e-08
302 7.803960e-09
303 5.084471e-09
304 3.136756e-09
305 1.934919e-09
306 1.211199e-09
307 7.809605e-10
308 5.140317e-10
309 3.378754e-10
310 2.161193e-10
311 1.317266e-10
312 7.549733e-11
313 4.049636e-11
314 2.040425e-11
315 1.743700e-08
316 1.258250e-08
317 8.646994e-09
318 5.665119e-09
319 3.498995e-09
320 2.152169e-09
321 1.342294e-09
322 8.625443e-10
323 5.669140e-10
324 3.731759e-10
325 2.396610e-10
326 1.469198e-10
327 8.475369e-11
328 4.574468e-11
329 2.316651e-11
330 1.860108e-08
331 1.346667e-08
332 9.276014e-09
333 6.096882e-09
334 3.769214e-09
335 2.314129e-09
336 1.439920e-09
337 9.234225e-10
338 6.064816e-10
339 3.995729e-10
340 2.572458e-10
341 1.582653e-10
342 9.166566e-11
343 4.966382e-11
344 2.522944e-11
345 1.954402e-08
346 1.418265e-08
347 9.787351e-09
348 6.448968e-09
349 3.987798e-09
350 2.445553e-09
351 1.519015e-09
352 9.726500e-10
353 6.383810e-10
354 4.208637e-10
355 2.714771e-10
356 1.674471e-10
357 9.725426e-11
358 5.283216e-11
359 2.689606e-11
360 2.036460e-08
361 1.480568e-08
362 1.023326e-08
363 6.754202e-09
364 4.178165e-09
365 2.560035e-09
366 1.587877e-09
367 1.015533e-09
368 6.662213e-10
369 4.394808e-10
370 2.838827e-10
371 1.754514e-10
372 1.021283e-10
373 5.559156e-11
374 2.834685e-11
375 2.115059e-08
376 1.540238e-08
377 1.065863e-08
378 7.047350e-09
379 4.360416e-09
380 2.669588e-09
381 1.653952e-09
382 1.056635e-09
383 6.929071e-10
384 4.573086e-10
385 2.957860e-10
386 1.831277e-10
387 1.068009e-10
388 5.823884e-11
389 2.973908e-11
390 2.205266e-08
391 1.608826e-08
392 1.114769e-08
393 7.383772e-09
394 4.570431e-09
395 2.796144e-09
396 1.730168e-09
397 1.104103e-09
398 7.235833e-10
399 4.778334e-10
400 3.094741e-10
401 1.919630e-10
402 1.121835e-10
403 6.128444e-11
404 3.134231e-11
405 1.958670e-08
406 1.433697e-08
407 9.941599e-09
408 6.586898e-09
409 4.117254e-09
410 2.521284e-09
411 1.563712e-09
412 9.950620e-10
413 6.491603e-10
414 4.265434e-10
415 2.751962e-10
416 1.704287e-10
417 9.973176e-11
418 5.472706e-11
419 2.817399e-11
420 2.220707e-08
421 1.643757e-08
422 1.148268e-08
423 7.670351e-09
424 4.834125e-09
425 2.950393e-09
426 1.822366e-09
427 1.151271e-09
428 7.470233e-10
429 4.903630e-10
430 3.175983e-10
431 1.982423e-10
432 1.172323e-10
433 6.508109e-11
434 3.387931e-11
435 2.413842e-08
436 1.798549e-08
437 1.261265e-08
438 8.466441e-09
439 5.358961e-09
440 3.263591e-09
441 2.011781e-09
442 1.265513e-09
443 8.189014e-10
444 5.372797e-10
445 3.488105e-10
446 2.187170e-10
447 1.301029e-10
448 7.268339e-11
449 3.805798e-11
450 2.571324e-08
451 1.923912e-08
452 1.353132e-08
453 9.112063e-09
454 5.783940e-09
455 3.517903e-09
456 2.164811e-09
457 1.358080e-09
458 8.768474e-10
459 5.752490e-10
460 3.740740e-10
461 2.352898e-10
462 1.405194e-10
463 7.883312e-11
464 4.143748e-11
465 2.708035e-08
466 2.033381e-08
467 1.433117e-08
468 9.672183e-09
469 6.154076e-09
470 3.739260e-09
471 2.297952e-09
472 1.438637e-09
473 9.275530e-10
474 6.083360e-10
475 3.960836e-10
476 2.497295e-10
477 1.495956e-10
478 8.419278e-11
479 4.438195e-11
480 2.838830e-08
481 2.137600e-08
482 1.509642e-08
483 1.020922e-08
484 6.509136e-09
485 3.950823e-09
486 2.425773e-09
487 1.515618e-09
488 9.759454e-10
489 6.399998e-10
490 4.171753e-10
491 2.635637e-10
492 1.582884e-10
493 8.932448e-11
494 4.719859e-11
495 2.988759e-08
496 2.257311e-08
497 1.597118e-08
498 1.082474e-08
499 6.914481e-09
500 4.192860e-09
501 2.571763e-09
502 1.603929e-09
503 1.031373e-09
504 6.762319e-10
505 4.412801e-10
506 2.793593e-10
507 1.682273e-10
508 9.519170e-11
509 5.042395e-11
510 2.595338e-08
511 1.955815e-08
512 1.382855e-08
513 9.338049e-09
514 5.971785e-09
515 3.644699e-09
516 2.239852e-09
517 1.399305e-09
518 8.991903e-10
519 5.876607e-10
520 3.816741e-10
521 2.404558e-10
522 1.442292e-10
523 8.145151e-11
524 4.316174e-11
525 2.883816e-08
526 2.197755e-08
527 1.565824e-08
528 1.064249e-08
529 6.864210e-09
530 4.194440e-09
531 2.569417e-09
532 1.594649e-09
533 1.018877e-09
534 6.638019e-10
535 4.316394e-10
536 2.733456e-10
537 1.652925e-10
538 9.427250e-11
539 5.047245e-11
540 3.115669e-08
541 2.391726e-08
542 1.712145e-08
543 1.168623e-08
544 7.576497e-09
545 4.633122e-09
546 2.831415e-09
547 1.750275e-09
548 1.114028e-09
549 7.245907e-10
550 4.715876e-10
551 2.996549e-10
552 1.821377e-10
553 1.045143e-10
554 5.630216e-11
555 3.317417e-08
556 2.560559e-08
557 1.839730e-08
558 1.259306e-08
559 8.196596e-09
560 5.013699e-09
561 3.059554e-09
562 1.885749e-09
563 1.197054e-09
564 7.774763e-10
565 5.063560e-10
566 3.225543e-10
567 1.967997e-10
568 1.134276e-10
569 6.137449e-11
570 3.510943e-08
571 2.722575e-08
572 1.962064e-08
573 1.346385e-08
574 8.792243e-09
575 5.379634e-09
576 3.278613e-09
577 2.015640e-09
578 1.276676e-09
579 8.282856e-10
580 5.397427e-10
581 3.445410e-10
582 2.108759e-10
583 1.219856e-10
584 6.624506e-11
585 3.733118e-08
586 2.908046e-08
587 2.102091e-08
588 1.446014e-08
589 9.471524e-09
590 5.797362e-09
591 3.528696e-09
592 2.163896e-09
593 1.367527e-09
594 8.862334e-10
595 5.778345e-10
596 3.696360e-10
597 2.269453e-10
598 1.317540e-10
599 7.180380e-11
600 3.274026e-08
601 2.536801e-08
602 1.829789e-08
603 1.254699e-08
604 8.189807e-09
605 5.039351e-09
606 3.070742e-09
607 1.891049e-09
608 1.196998e-09
609 7.749491e-10
610 5.035475e-10
611 3.205432e-10
612 1.957930e-10
613 1.131784e-10
614 6.151607e-11
615 3.595888e-08
616 2.817641e-08
617 2.049416e-08
618 1.413736e-08
619 9.297447e-09
620 5.750368e-09
621 3.492035e-09
622 2.140897e-09
623 1.346607e-09
624 8.679732e-10
625 5.635124e-10
626 3.598280e-10
627 2.211788e-10
628 1.289408e-10
629 7.075340e-11
630 3.874831e-08
631 3.060820e-08
632 2.239546e-08
633 1.550944e-08
634 1.025406e-08
635 6.363052e-09
636 3.855067e-09
637 2.356101e-09
638 1.475799e-09
639 9.482236e-10
640 6.153065e-10
641 3.937827e-10
642 2.431234e-10
643 1.425608e-10
644 7.872818e-11
645 4.141896e-08
646 3.293634e-08
647 2.421484e-08
648 1.682513e-08
649 1.117008e-08
650 6.949839e-09
651 4.202559e-09
652 2.562425e-09
653 1.599399e-09
654 1.025097e-09
655 6.649344e-10
656 4.263036e-10
657 2.641401e-10
658 1.556042e-10
659 8.636347e-11
660 4.448469e-08
661 3.560241e-08
662 2.629914e-08
663 1.833035e-08
664 1.221744e-08
665 7.621240e-09
666 4.600043e-09
667 2.797893e-09
668 1.740639e-09
669 1.112952e-09
670 7.216295e-10
671 4.634941e-10
672 2.881785e-10
673 1.705230e-10
674 9.509828e-11
675 4.016589e-08
676 3.196944e-08
677 2.355484e-08
678 1.638711e-08
679 1.088216e-08
680 6.800453e-09
681 4.115812e-09
682 2.511951e-09
683 1.565280e-09
684 1.000902e-09
685 6.476867e-10
686 4.144723e-10
687 2.565863e-10
688 1.512098e-10
689 8.407561e-11
690 4.389222e-08
691 3.533525e-08
692 2.628755e-08
693 1.840012e-08
694 1.230155e-08
695 7.743787e-09
696 4.678865e-09
697 2.846881e-09
698 1.762344e-09
699 1.120294e-09
700 7.230235e-10
701 4.632971e-10
702 2.881955e-10
703 1.711031e-10
704 9.599043e-11
705 4.744195e-08
706 3.855095e-08
707 2.888864e-08
708 2.032096e-08
709 1.365440e-08
710 8.642622e-09
711 5.214686e-09
712 3.165360e-09
713 1.949873e-09
714 1.233967e-09
715 7.948385e-10
716 5.098429e-10
717 3.183329e-10
718 1.900679e-10
719 1.073492e-10
720 5.151206e-08
721 4.223091e-08
722 3.185841e-08
723 2.251275e-08
724 1.519767e-08
725 9.668629e-09
726 5.826503e-09
727 3.529319e-09
728 2.163819e-09
729 1.363799e-09
730 8.767639e-10
731 5.629585e-10
732 3.527301e-10
733 2.117141e-10
734 1.203137e-10
735 4.868051e-08
736 3.980602e-08
737 3.002235e-08
738 2.121951e-08
739 1.430625e-08
740 9.110143e-09
741 5.510875e-09
742 3.340214e-09
743 2.049058e-09
744 1.290944e-09
745 8.284619e-10
746 5.306364e-10
747 3.316462e-10
748 1.986572e-10
749 1.127728e-10
750 5.333883e-08
751 4.416791e-08
752 3.369111e-08
753 2.399501e-08
754 1.628271e-08
755 1.045909e-08
756 6.337689e-09
757 3.829089e-09
758 2.333400e-09
759 1.459868e-09
760 9.324641e-10
761 5.968366e-10
762 3.742761e-10
763 2.256829e-10
764 1.292540e-10
765 5.866325e-08
766 4.915301e-08
767 3.786671e-08
768 2.715699e-08
769 1.853569e-08
770 1.199742e-08
771 7.280735e-09
772 4.387053e-09
773 2.657389e-09
774 1.652436e-09
775 1.050997e-09
776 6.723129e-10
777 4.228869e-10
778 2.565019e-10
779 1.480473e-10
780 5.938808e-08
781 5.000879e-08
782 3.876796e-08
783 2.794782e-08
784 1.913246e-08
785 1.243897e-08
786 7.593298e-09
787 4.565941e-09
788 2.760829e-09
789 1.709423e-09
790 1.082487e-09
791 6.903509e-10
792 4.338603e-10
793 2.635149e-10
794 1.526116e-10
795 6.643393e-08
796 5.683719e-08
797 4.472848e-08
798 3.261662e-08
799 2.251055e-08
800 1.478909e-08
801 9.095554e-09
802 5.447751e-09
803 3.273604e-09
804 2.007567e-09
805 1.260860e-09
806 8.009998e-10
807 5.040934e-10
808 3.080245e-10
809 1.801006e-10
810 7.616277e-08
811 6.661055e-08
812 5.365123e-08
813 3.989785e-08
814 2.790169e-08
815 1.859369e-08
816 1.163194e-08
817 6.950119e-09
818 4.152422e-09
819 2.508489e-09
820 1.551276e-09
821 9.752153e-10
822 6.119572e-10
823 3.756978e-10
824 2.221162e-10
825 4.938633e-07
826 3.606787e-07
827 2.672429e-07
828 1.659842e-07
829 1.011800e-07
830 5.994910e-08
831 3.661566e-08
832 2.350576e-08
833 1.587542e-08
834 0.000000e+00
835 0.000000e+00
836 0.000000e+00
837 0.000000e+00
838 0.000000e+00
839 0.000000e+00
840 7.608744e-07
841 5.558855e-07
842 4.123459e-07
843 2.595972e-07
844 1.577605e-07
845 9.334374e-08
846 5.688944e-08
847 3.636197e-08
848 2.447931e-08
849 0.000000e+00
850 0.000000e+00
851 0.000000e+00
852 0.000000e+00
853 0.000000e+00
854 0.000000e+00
855 9.034708e-07
856 6.601392e-07
857 4.898343e-07
858 3.095543e-07
859 1.879543e-07
860 1.111685e-07
861 6.771198e-08
862 4.322638e-08
863 2.907417e-08
864 0.000000e+00
865 0.000000e+00
866 0.000000e+00
867 0.000000e+00
868 0.000000e+00
869 0.000000e+00
870 9.993278e-07
871 7.302182e-07
872 5.419243e-07
873 3.431341e-07
874 2.082519e-07
875 1.231503e-07
876 7.498702e-08
877 4.784112e-08
878 3.216291e-08
879 0.000000e+00
880 0.000000e+00
881 0.000000e+00
882 0.000000e+00
883 0.000000e+00
884 0.000000e+00
885 1.071193e-06
886 7.827614e-07
887 5.809742e-07
888 3.683088e-07
889 2.234694e-07
890 1.321335e-07
891 8.044121e-08
892 5.130076e-08
893 3.447879e-08
894 0.000000e+00
895 0.000000e+00
896 0.000000e+00
897 0.000000e+00
898 0.000000e+00
899 0.000000e+00
900 1.129439e-06
901 8.253442e-07
902 6.126261e-07
903 3.887123e-07
904 2.358020e-07
905 1.394142e-07
906 8.486152e-08
907 5.410480e-08
908 3.635564e-08
909 0.000000e+00
910 0.000000e+00
911 0.000000e+00
912 0.000000e+00
913 0.000000e+00
914 0.000000e+00
915 1.180268e-06
916 8.625041e-07
917 6.402459e-07
918 4.065191e-07
919 2.465652e-07
920 1.457672e-07
921 8.871918e-08
922 5.655163e-08
923 3.799350e-08
924 0.000000e+00
925 0.000000e+00
926 0.000000e+00
927 0.000000e+00
928 0.000000e+00
929 0.000000e+00
930 1.228994e-06
931 8.981285e-07
932 6.667243e-07
933 4.235884e-07
934 2.568825e-07
935 1.518573e-07
936 9.241710e-08
937 5.889721e-08
938 3.956351e-08
939 0.000000e+00
940 0.000000e+00
941 0.000000e+00
942 0.000000e+00
943 0.000000e+00
944 0.000000e+00
945 1.284683e-06
946 9.388454e-07
947 6.969857e-07
948 4.430983e-07
949 2.686743e-07
950 1.588185e-07
951 9.664394e-08
952 6.157795e-08
953 4.135810e-08
954 0.000000e+00
955 0.000000e+00
956 0.000000e+00
957 0.000000e+00
958 0.000000e+00
959 0.000000e+00
960 3.292235e-07
961 2.618511e-07
962 1.898998e-07
963 1.424489e-07
964 8.789995e-08
965 5.385879e-08
966 3.130705e-08
967 1.872324e-08
968 1.174197e-08
969 7.778640e-09
970 0.000000e+00
971 0.000000e+00
972 0.000000e+00
973 0.000000e+00
974 0.000000e+00
975 5.199582e-07
976 4.169290e-07
977 3.027240e-07
978 2.268108e-07
979 1.421393e-07
980 8.666882e-08
981 5.033963e-08
982 3.006035e-08
983 1.877076e-08
984 1.239158e-08
985 0.000000e+00
986 0.000000e+00
987 0.000000e+00
988 0.000000e+00
989 0.000000e+00
990 6.448117e-07
991 5.183989e-07
992 3.765465e-07
993 2.820114e-07
994 1.775997e-07
995 1.081223e-07
996 6.278595e-08
997 3.747518e-08
998 2.336909e-08
999 1.541003e-08
1000 0.000000e+00
1001 0.000000e+00
1002 0.000000e+00
1003 0.000000e+00
1004 0.000000e+00
1005 7.382357e-07
1006 5.943126e-07
1007 4.317715e-07
1008 3.233096e-07
1009 2.041234e-07
1010 1.241698e-07
1011 7.209649e-08
1012 4.302199e-08
1013 2.680897e-08
1014 1.766814e-08
1015 0.000000e+00
1016 0.000000e+00
1017 0.000000e+00
1018 0.000000e+00
1019 0.000000e+00
1020 8.139596e-07
1021 6.558390e-07
1022 4.765327e-07
1023 3.567807e-07
1024 2.256220e-07
1025 1.371778e-07
1026 7.964314e-08
1027 4.751755e-08
1028 2.959718e-08
1029 1.949827e-08
1030 0.000000e+00
1031 0.000000e+00
1032 0.000000e+00
1033 0.000000e+00
1034 0.000000e+00
1035 8.800254e-07
1036 7.095243e-07
1037 5.155916e-07
1038 3.859857e-07
1039 2.443794e-07
1040 1.485270e-07
1041 8.622743e-08
1042 5.144028e-08
1043 3.202995e-08
1044 2.109535e-08
1045 0.000000e+00
1046 0.000000e+00
1047 0.000000e+00
1048 0.000000e+00
1049 0.000000e+00
1050 9.433689e-07
1051 7.609977e-07
1052 5.530359e-07
1053 4.139854e-07
1054 2.623621e-07
1055 1.594090e-07
1056 9.254048e-08
1057 5.520099e-08
1058 3.436233e-08
1059 2.262640e-08
1060 0.000000e+00
1061 0.000000e+00
1062 0.000000e+00
1063 0.000000e+00
1064 0.000000e+00
1065 1.015768e-06
1066 8.198310e-07
1067 5.958365e-07
1068 4.459927e-07
1069 2.829175e-07
1070 1.718473e-07
1071 9.975607e-08
1072 5.949995e-08
1073 3.702828e-08
1074 2.437647e-08
1075 0.000000e+00
1076 0.000000e+00
1077 0.000000e+00
1078 0.000000e+00
1079 0.000000e+00
1080 1.912217e-07
1081 1.737184e-07
1082 1.336966e-07
1083 9.669597e-08
1084 7.243590e-08
1085 4.180686e-08
1086 2.560794e-08
1087 1.477320e-08
1088 8.744201e-09
1089 5.443271e-09
1090 0.000000e+00
1091 0.000000e+00
1092 0.000000e+00
1093 0.000000e+00
1094 0.000000e+00
1095 3.300429e-07
1096 3.014825e-07
1097 2.332154e-07
1098 1.685448e-07
1099 1.264829e-07
1100 7.351852e-08
1101 4.517739e-08
1102 2.598640e-08
1103 1.531249e-08
1104 9.504814e-09
1105 0.000000e+00
1106 0.000000e+00
1107 0.000000e+00
1108 0.000000e+00
1109 0.000000e+00
1110 4.306274e-07
1111 3.940337e-07
1112 3.052899e-07
1113 2.205833e-07
1114 1.656228e-07
1115 9.648051e-08
1116 5.934305e-08
1117 3.410482e-08
1118 2.006897e-08
1119 1.244629e-08
1120 0.000000e+00
1121 0.000000e+00
1122 0.000000e+00
1123 0.000000e+00
1124 0.000000e+00
1125 5.118675e-07
1126 4.687719e-07
1127 3.634880e-07
1128 2.626035e-07
1129 1.972257e-07
1130 1.150174e-07
1131 7.077884e-08
1132 4.065897e-08
1133 2.390921e-08
1134 1.482137e-08
1135 0.000000e+00
1136 0.000000e+00
1137 0.000000e+00
1138 0.000000e+00
1139 0.000000e+00
1140 5.827486e-07
1141 5.339873e-07
1142 4.142683e-07
1143 2.992682e-07
1144 2.248018e-07
1145 1.311919e-07
1146 8.075741e-08
1147 4.637790e-08
1148 2.726008e-08
1149 1.689370e-08
1150 0.000000e+00
1151 0.000000e+00
1152 0.000000e+00
1153 0.000000e+00
1154 0.000000e+00
1155 6.507063e-07
1156 5.965093e-07
1157 4.629537e-07
1158 3.344196e-07
1159 2.512398e-07
1160 1.466991e-07
1161 9.032388e-08
1162 5.186074e-08
1163 3.047263e-08
1164 1.888046e-08
1165 0.000000e+00
1166 0.000000e+00
1167 0.000000e+00
1168 0.000000e+00
1169 0.000000e+00
1170 7.283846e-07
1171 6.679733e-07
1172 5.186008e-07
1173 3.745984e-07
1174 2.814577e-07
1175 1.644239e-07
1176 1.012585e-07
1177 5.812754e-08
1178 3.414473e-08
1179 2.115149e-08
1180 0.000000e+00
1181 0.000000e+00
1182 0.000000e+00
1183 0.000000e+00
1184 0.000000e+00
1185 1.261373e-07
1186 1.244114e-07
1187 1.045127e-07
1188 7.630818e-08
1189 5.671418e-08
1190 3.847269e-08
1191 2.273427e-08
1192 1.294750e-08
1193 7.482405e-09
1194 4.423630e-09
1195 2.772540e-09
1196 0.000000e+00
1197 0.000000e+00
1198 0.000000e+00
1199 0.000000e+00
1200 2.307764e-07
1201 2.284399e-07
1202 1.928178e-07
1203 1.410964e-07
1204 1.046476e-07
1205 7.162629e-08
1206 4.205832e-08
1207 2.399635e-08
1208 1.389103e-08
1209 8.193795e-09
1210 5.122063e-09
1211 0.000000e+00
1212 0.000000e+00
1213 0.000000e+00
1214 0.000000e+00
1215 3.123227e-07
1216 3.095000e-07
1217 2.616143e-07
1218 1.915690e-07
1219 1.419924e-07
1220 9.744453e-08
1221 5.711200e-08
1222 3.260325e-08
1223 1.888239e-08
1224 1.113062e-08
1225 6.952506e-09
1226 0.000000e+00
1227 0.000000e+00
1228 0.000000e+00
1229 0.000000e+00
1230 3.831935e-07
1231 3.799432e-07
1232 3.213903e-07
1233 2.354215e-07
1234 1.744400e-07
1235 1.198757e-07
1236 7.019122e-08
1237 4.008120e-08
1238 2.321897e-08
1239 1.368230e-08
1240 8.542871e-09
1241 0.000000e+00
1242 0.000000e+00
1243 0.000000e+00
1244 0.000000e+00
1245 4.511410e-07
1246 4.474749e-07
1247 3.787006e-07
1248 2.774645e-07
1249 2.055498e-07
1250 1.413807e-07
1251 8.273100e-08
1252 4.725071e-08
1253 2.737666e-08
1254 1.612870e-08
1255 1.006766e-08
1256 0.000000e+00
1257 0.000000e+00
1258 0.000000e+00
1259 0.000000e+00
1260 5.288015e-07
1261 5.246659e-07
1262 4.442070e-07
1263 3.255223e-07
1264 2.411084e-07
1265 1.659601e-07
1266 9.706421e-08
1267 5.544503e-08
1268 3.212871e-08
1269 1.892488e-08
1270 1.181051e-08
1271 0.000000e+00
1272 0.000000e+00
1273 0.000000e+00
1274 0.000000e+00
1275 9.083299e-08
1276 9.452982e-08
1277 8.547874e-08
1278 6.534965e-08
1279 4.724479e-08
1280 3.537614e-08
1281 1.997350e-08
1282 1.205265e-08
1283 6.813938e-09
1284 3.938140e-09
1285 2.358790e-09
1286 0.000000e+00
1287 0.000000e+00
1288 0.000000e+00
1289 0.000000e+00
1290 1.732880e-07
1291 1.808110e-07
1292 1.641327e-07
1293 1.259108e-07
1294 9.095596e-08
1295 6.823767e-08
1296 3.866690e-08
1297 2.342831e-08
1298 1.320805e-08
1299 7.610346e-09
1300 4.547136e-09
1301 0.000000e+00
1302 0.000000e+00
1303 0.000000e+00
1304 0.000000e+00
1305 2.424633e-07
1306 2.531892e-07
1307 2.301013e-07
1308 1.766982e-07
1309 1.276148e-07
1310 9.579442e-08
1311 5.434247e-08
1312 3.296554e-08
1313 1.856967e-08
1314 1.068970e-08
1315 6.382324e-09
1316 0.000000e+00
1317 0.000000e+00
1318 0.000000e+00
1319 0.000000e+00
1320 3.085807e-07
1321 3.223634e-07
1322 2.931469e-07
1323 2.252339e-07
1324 1.626487e-07
1325 1.221286e-07
1326 6.932085e-08
1327 4.207803e-08
1328 2.369268e-08
1329 1.363217e-08
1330 8.136088e-09
1331 0.000000e+00
1332 0.000000e+00
1333 0.000000e+00
1334 0.000000e+00
1335 3.841561e-07
1336 4.014323e-07
1337 3.652105e-07
1338 2.807097e-07
1339 2.026908e-07
1340 1.522281e-07
1341 8.644124e-08
1342 5.249408e-08
1343 2.954836e-08
1344 1.699550e-08
1345 1.014064e-08
1346 0.000000e+00
1347 0.000000e+00
1348 0.000000e+00
1349 0.000000e+00
1350 7.018099e-08
1351 7.594245e-08
1352 7.279095e-08
1353 5.895677e-08
1354 4.252819e-08
1355 3.206640e-08
1356 2.000608e-08
1357 1.227284e-08
1358 6.813264e-09
1359 3.751266e-09
1360 2.169015e-09
1361 1.319610e-09
1362 0.000000e+00
1363 0.000000e+00
1364 0.000000e+00
1365 1.383939e-07
1366 1.500456e-07
1367 1.442464e-07
1368 1.172418e-07
1369 8.463783e-08
1370 6.374393e-08
1371 4.009054e-08
1372 2.450788e-08
1373 1.360887e-08
1374 7.497435e-09
1375 4.323297e-09
1376 2.623417e-09
1377 0.000000e+00
1378 0.000000e+00
1379 0.000000e+00
1380 2.016950e-07
1381 2.188079e-07
1382 2.105436e-07
1383 1.713126e-07
1384 1.237024e-07
1385 9.313136e-08
1386 5.871774e-08
1387 3.585619e-08
1388 1.991189e-08
1389 1.097228e-08
1390 6.321655e-09
1391 3.832973e-09
1392 0.000000e+00
1393 0.000000e+00
1394 0.000000e+00
1395 2.739546e-07
1396 2.973002e-07
1397 2.862206e-07
1398 2.330303e-07
1399 1.682909e-07
1400 1.266749e-07
1401 7.997821e-08
1402 4.880901e-08
1403 2.710609e-08
1404 1.493828e-08
1405 8.602574e-09
1406 5.213599e-09
1407 0.000000e+00
1408 0.000000e+00
1409 0.000000e+00
1410 5.787955e-08
1411 6.458768e-08
1412 6.486973e-08
1413 5.570336e-08
1414 4.105096e-08
1415 3.023970e-08
1416 2.129247e-08
1417 1.215282e-08
1418 6.840175e-09
1419 3.870627e-09
1420 2.153116e-09
1421 1.255990e-09
1422 0.000000e+00
1423 0.000000e+00
1424 0.000000e+00
1425 1.185595e-07
1426 1.325080e-07
1427 1.334055e-07
1428 1.149325e-07
1429 8.486202e-08
1430 6.242442e-08
1431 4.418873e-08
1432 2.512836e-08
1433 1.417767e-08
1434 8.021285e-09
1435 4.459333e-09
1436 2.595537e-09
1437 0.000000e+00
1438 0.000000e+00
1439 0.000000e+00
1440 1.864659e-07
1441 2.085133e-07
1442 2.100928e-07
1443 1.811975e-07
1444 1.338744e-07
1445 9.843172e-08
1446 6.979941e-08
1447 3.964442e-08
1448 2.238585e-08
1449 1.266432e-08
1450 7.039246e-09
1451 4.094128e-09
1452 0.000000e+00
1453 0.000000e+00
1454 0.000000e+00
1455 5.166384e-08
1456 5.920418e-08
1457 6.188180e-08
1458 5.622353e-08
1459 4.311563e-08
1460 3.114073e-08
1461 2.338947e-08
1462 1.311228e-08
1463 7.842720e-09
1464 4.296976e-09
1465 2.368908e-09
1466 1.322751e-09
1467 0.000000e+00
1468 0.000000e+00
1469 0.000000e+00
1470 1.144183e-07
1471 1.312915e-07
1472 1.375003e-07
1473 1.252949e-07
1474 9.633708e-08
1475 6.954068e-08
1476 5.230447e-08
1477 2.941263e-08
1478 1.765428e-08
1479 9.654133e-09
1480 5.309448e-09
1481 2.958530e-09
1482 0.000000e+00
1483 0.000000e+00
1484 0.000000e+00
1485 5.363657e-08
1486 6.302569e-08
1487 6.833748e-08
1488 6.560724e-08
1489 5.319639e-08
1490 3.838441e-08
1491 2.895688e-08
1492 1.800539e-08
1493 1.095747e-08
1494 5.946200e-09
1495 3.131938e-09
1496 1.689750e-09
1497 9.409880e-10
1498 0.000000e+00
1499 0.000000e+00
1500 1.109684e-04
1501 8.086786e-05
1502 6.035546e-05
1503 3.805236e-05
1504 2.321989e-05
1505 1.369104e-05
1506 8.324421e-06
1507 5.304277e-06
1508 3.565556e-06
1509 0.000000e+00
1510 0.000000e+00
1511 0.000000e+00
1512 0.000000e+00
1513 0.000000e+00
1514 0.000000e+00
1515 5.757601e-05
1516 4.644359e-05
1517 3.369791e-05
1518 2.528332e-05
1519 1.597668e-05
1520 9.754545e-06
1521 5.648866e-06
1522 3.364481e-06
1523 2.093966e-06
1524 1.379138e-06
1525 0.000000e+00
1526 0.000000e+00
1527 0.000000e+00
1528 0.000000e+00
1529 0.000000e+00
1530 4.047788e-05
1531 3.713775e-05
1532 2.882267e-05
1533 2.080348e-05
1534 1.566222e-05
1535 9.111532e-06
1536 5.625604e-06
1537 3.225263e-06
1538 1.896511e-06
1539 1.174730e-06
1540 0.000000e+00
1541 0.000000e+00
1542 0.000000e+00
1543 0.000000e+00
1544 0.000000e+00
1545 2.912801e-05
1546 2.891312e-05
1547 2.448503e-05
1548 1.793535e-05
1549 1.328396e-05
1550 9.154542e-06
1551 5.351144e-06
1552 3.053081e-06
1553 1.771954e-06
1554 1.042590e-06
1555 6.506122e-07
1556 0.000000e+00
1557 0.000000e+00
1558 0.000000e+00
1559 0.000000e+00
1560 2.085098e-05
1561 2.179680e-05
1562 1.983793e-05
1563 1.524768e-05
1564 1.100576e-05
1565 8.274949e-06
1566 4.689296e-06
1567 2.850415e-06
1568 1.602925e-06
1569 9.233707e-07
1570 5.506294e-07
1571 0.000000e+00
1572 0.000000e+00
1573 0.000000e+00
1574 0.000000e+00
1575 1.487210e-05
1576 1.614453e-05
1577 1.554949e-05
1578 1.266314e-05
1579 9.143013e-06
1580 6.883420e-06
1581 4.347301e-06
1582 2.655947e-06
1583 1.474901e-06
1584 8.112783e-07
1585 4.673052e-07
1586 2.832009e-07
1587 0.000000e+00
1588 0.000000e+00
1589 0.000000e+00
1590 1.001028e-05
1591 1.119728e-05
1592 1.128693e-05
1593 9.739022e-06
1594 7.195644e-06
1595 5.289411e-06
1596 3.755371e-06
1597 2.130464e-06
1598 1.202339e-06
1599 6.811759e-07
1600 3.783133e-07
1601 2.200058e-07
1602 0.000000e+00
1603 0.000000e+00
1604 0.000000e+00
1605 6.201116e-06
1606 7.118100e-06
1607 7.458527e-06
1608 6.801106e-06
1609 5.231433e-06
1610 3.775220e-06
1611 2.841823e-06
1612 1.597077e-06
1613 9.596537e-07
1614 5.242846e-07
1615 2.885232e-07
1616 1.606418e-07
1617 0.000000e+00
1618 0.000000e+00
1619 0.000000e+00
1620 3.163407e-06
1621 3.720115e-06
1622 4.038202e-06
1623 3.883392e-06
1624 3.154630e-06
1625 2.276770e-06
1626 1.716871e-06
1627 1.071974e-06
1628 6.518364e-07
1629 3.538249e-07
1630 1.861971e-07
1631 1.003484e-07
1632 5.578990e-08
1633 0.000000e+00
1634 0.000000e+00
1635 8.891198e-07
1636 1.072208e-06
1637 1.206146e-06
1638 1.224576e-06
1639 1.066696e-06
1640 7.933436e-07
1641 5.815894e-07
1642 4.169104e-07
1643 2.343421e-07
1644 1.314261e-07
1645 7.164692e-08
1646 3.730540e-08
1647 1.958823e-08
1648 0.000000e+00
1649 0.000000e+00
