0 2.246129e-09
1 1.460129e-09
2 9.183753e-10
3 5.783864e-10
4 3.717045e-10
5 2.445464e-10
6 1.626261e-10
7 1.068244e-10
8 6.771000e-11
9 4.068444e-11
10 2.294508e-11
11 1.212796e-11
12 6.048485e-12
13 2.878514e-12
14 1.323631e-12
15 3.794163e-09
16 2.523999e-09
17 1.604589e-09
18 1.000135e-09
19 6.323743e-10
20 4.094787e-10
21 2.708820e-10
22 1.796367e-10
23 1.164874e-10
24 7.227076e-11
25 4.224588e-11
26 2.312334e-11
27 1.188021e-11
28 5.783047e-12
29 2.700432e-12
30 4.349339e-09
31 2.913140e-09
32 1.862305e-09
33 1.159596e-09
34 7.301871e-10
35 4.702962e-10
36 3.100885e-10
37 2.058068e-10
38 1.340978e-10
39 8.385786e-11
40 4.951490e-11
41 2.739192e-11
42 1.420803e-11
43 6.969726e-12
44 3.272157e-12
45 4.655704e-09
46 3.128007e-09
47 2.004678e-09
48 1.247760e-09
49 7.842310e-10
50 5.038976e-10
51 3.317940e-10
52 2.202188e-10
53 1.438093e-10
54 9.024958e-11
55 5.352008e-11
56 2.974048e-11
57 1.549313e-11
58 7.625319e-12
59 3.588452e-12
60 4.882162e-09
61 3.286446e-09
62 2.109202e-09
63 1.312529e-09
64 8.240095e-10
65 5.287639e-10
66 3.478587e-10
67 2.309298e-10
68 1.509697e-10
69 9.495441e-11
70 5.646885e-11
71 3.146700e-11
72 1.642776e-11
73 8.100298e-12
74 3.819482e-12
75 5.015309e-09
76 3.380158e-09
77 2.171718e-09
78 1.351142e-09
79 8.476313e-10
80 5.434127e-10
81 3.572528e-10
82 2.371885e-10
83 1.552414e-10
84 9.778576e-11
85 5.823924e-11
86 3.251185e-11
87 1.700498e-11
88 8.395683e-12
89 3.960446e-12
90 5.140213e-09
91 3.467954e-09
92 2.229811e-09
93 1.387351e-09
94 8.698005e-10
95 5.571362e-10
96 3.661388e-10
97 2.431083e-10
98 1.592297e-10
99 1.004023e-10
100 5.989152e-11
101 3.348063e-11
102 1.753221e-11
103 8.664915e-12
104 4.090199e-12
105 5.250165e-09
106 3.544623e-09
107 2.281105e-09
108 1.419031e-09
109 8.891276e-10
110 5.691829e-10
111 3.738869e-10
112 2.482791e-10
113 1.626411e-10
114 1.026548e-10
115 6.129875e-11
116 3.431966e-11
117 1.799437e-11
118 8.900691e-12
119 4.200648e-12
120 5.354351e-09
121 3.618136e-09
122 2.329741e-09
123 1.449022e-09
124 9.075264e-10
125 5.805911e-10
126 3.812179e-10
127 2.531948e-10
128 1.660024e-10
129 1.048654e-10
130 6.269693e-11
131 3.512628e-11
132 1.843126e-11
133 9.123709e-12
134 4.311609e-12
135 5.473252e-09
136 3.701042e-09
137 2.385363e-09
138 1.483544e-09
139 9.286554e-10
140 5.937842e-10
141 3.897325e-10
142 2.587882e-10
143 1.698093e-10
144 1.073914e-10
145 6.427318e-11
146 3.605176e-11
147 1.893724e-11
148 9.379733e-12
149 4.435018e-12
150 7.895857e-09
151 5.436097e-09
152 3.570602e-09
153 2.230319e-09
154 1.383016e-09
155 8.719257e-10
156 5.654671e-10
157 3.742206e-10
158 2.474240e-10
159 1.592857e-10
160 9.769045e-11
161 5.630070e-11
162 3.034463e-11
163 1.535855e-11
164 7.378460e-12
165 9.977480e-09
166 6.956062e-09
167 4.634873e-09
168 2.925333e-09
169 1.804627e-09
170 1.128470e-09
171 7.239158e-10
172 4.759915e-10
173 3.151858e-10
174 2.047911e-10
175 1.275620e-10
176 7.493998e-11
177 4.120270e-11
178 2.123140e-11
179 1.034320e-11
180 1.118815e-08
181 7.844700e-09
182 5.257945e-09
183 3.335764e-09
184 2.054531e-09
185 1.280652e-09
186 8.173914e-10
187 5.357727e-10
188 3.548043e-10
189 2.313990e-10
190 1.450662e-10
191 8.590425e-11
192 4.763407e-11
193 2.473707e-11
194 1.212759e-11
195 1.205579e-08
196 8.480647e-09
197 5.703231e-09
198 3.628684e-09
199 2.233223e-09
200 1.389378e-09
201 8.842522e-10
202 5.786670e-10
203 3.832089e-10
204 2.504301e-10
205 1.575538e-10
206 9.371792e-11
207 5.220883e-11
208 2.722671e-11
209 1.339263e-11
210 1.261404e-08
211 8.893149e-09
212 5.994273e-09
213 3.819945e-09
214 2.350063e-09
215 1.460285e-09
216 9.277518e-10
217 6.063428e-10
218 4.015504e-10
219 2.627714e-10
220 1.656875e-10
221 9.885807e-11
222 5.523773e-11
223 2.888010e-11
224 1.423776e-11
225 1.311057e-08
226 9.256720e-09
227 6.248875e-09
228 3.988711e-09
229 2.452374e-09
230 1.522668e-09
231 9.659411e-10
232 6.308354e-10
233 4.177727e-10
234 2.736465e-10
235 1.728568e-10
236 1.033297e-10
237 5.785905e-11
238 3.031380e-11
239 1.496720e-11
240 1.354108e-08
241 9.573052e-09
242 6.471482e-09
243 4.135416e-09
244 2.542079e-09
245 1.577145e-09
246 9.992713e-10
247 6.520764e-10
248 4.319438e-10
249 2.831516e-10
250 1.791091e-10
251 1.072480e-10
252 6.016327e-11
253 3.156993e-11
254 1.560125e-11
255 1.395228e-08
256 9.875119e-09
257 6.683906e-09
258 4.275720e-09
259 2.627108e-09
260 1.628823e-09
261 1.031076e-09
262 6.723880e-10
263 4.454215e-10
264 2.921932e-10
265 1.850579e-10
266 1.109851e-10
267 6.235328e-11
268 3.276037e-11
269 1.621115e-11
270 1.442957e-08
271 1.022550e-08
272 6.929670e-09
273 4.437150e-09
274 2.725426e-09
275 1.689086e-09
276 1.068235e-09
277 6.961110e-10
278 4.610300e-10
279 3.026770e-10
280 1.919686e-10
281 1.153193e-10
282 6.488897e-11
283 3.414578e-11
284 1.691596e-11
285 1.363694e-08
286 9.701074e-09
287 6.588450e-09
288 4.250955e-09
289 2.619547e-09
290 1.622468e-09
291 1.022986e-09
292 6.636621e-10
293 4.378369e-10
294 2.869693e-10
295 1.822010e-10
296 1.098885e-10
297 6.223127e-11
298 3.299427e-11
299 1.646267e-11
300 1.604162e-08
301 1.154154e-08
302 7.909490e-09
303 5.161494e-09
304 3.192553e-09
305 1.967636e-09
306 1.230896e-09
307 7.924082e-10
308 5.208714e-10
309 3.421787e-10
310 2.189668e-10
311 1.336485e-10
312 7.676983e-11
313 4.129552e-11
314 2.086969e-11
315 1.776803e-08
316 1.286662e-08
317 8.860866e-09
318 5.818165e-09
319 3.608099e-09
320 2.217335e-09
321 1.381860e-09
322 8.858061e-10
323 5.809497e-10
324 3.820122e-10
325 2.454414e-10
326 1.507477e-10
327 8.723838e-11
328 4.728187e-11
329 2.405486e-11
330 1.893045e-08
331 1.376416e-08
332 9.505676e-09
333 6.264103e-09
334 3.891920e-09
335 2.387739e-09
336 1.484383e-09
337 9.490577e-10
338 6.216713e-10
339 4.089845e-10
340 2.634114e-10
341 1.624105e-10
342 9.441860e-11
343 5.140854e-11
344 2.625931e-11
345 1.993423e-08
346 1.453624e-08
347 1.006237e-08
348 6.649167e-09
349 4.134773e-09
350 2.533756e-09
351 1.572335e-09
352 1.003420e-09
353 6.565518e-10
354 4.321437e-10
355 2.788557e-10
356 1.724047e-10
357 1.005480e-10
358 5.492227e-11
359 2.813214e-11
360 2.081051e-08
361 1.521062e-08
362 1.054760e-08
363 6.982985e-09
364 4.346306e-09
365 2.661095e-09
366 1.649016e-09
367 1.050803e-09
368 6.870265e-10
369 4.523812e-10
370 2.923124e-10
371 1.811127e-10
372 1.058906e-10
373 5.798117e-11
374 2.976191e-11
375 2.163925e-08
376 1.584802e-08
377 1.100548e-08
378 7.300035e-09
379 4.546542e-09
380 2.781692e-09
381 1.721737e-09
382 1.095691e-09
383 7.159030e-10
384 4.715405e-10
385 3.050770e-10
386 1.893690e-10
387 1.109541e-10
388 6.088232e-11
389 3.130765e-11
390 2.260850e-08
391 1.659442e-08
392 1.154160e-08
393 7.670402e-09
394 4.781380e-09
395 2.923360e-09
396 1.807104e-09
397 1.148455e-09
398 7.497171e-10
399 4.940117e-10
400 3.200316e-10
401 1.990495e-10
402 1.168946e-10
403 6.428008e-11
404 3.311921e-11
405 1.965656e-08
406 1.440276e-08
407 9.994069e-09
408 6.624821e-09
409 4.145736e-09
410 2.538821e-09
411 1.574472e-09
412 1.001188e-09
413 6.527083e-10
414 4.287068e-10
415 2.765882e-10
416 1.713602e-10
417 1.003545e-10
418 5.512803e-11
419 2.841623e-11
420 2.240898e-08
421 1.661053e-08
422 1.161578e-08
423 7.764191e-09
424 4.900308e-09
425 2.992478e-09
426 1.847859e-09
427 1.166297e-09
428 7.560725e-10
429 4.959754e-10
430 3.211883e-10
431 2.005675e-10
432 1.187197e-10
433 6.599900e-11
434 3.441563e-11
435 2.431305e-08
436 1.815562e-08
437 1.275403e-08
438 8.569900e-09
439 5.435852e-09
440 3.314668e-09
441 2.042085e-09
442 1.282900e-09
443 8.289451e-10
444 5.432673e-10
445 3.525798e-10
446 2.211987e-10
447 1.317591e-10
448 7.376223e-11
449 3.872364e-11
450 2.594592e-08
451 1.946671e-08
452 1.372138e-08
453 9.251371e-09
454 5.887365e-09
455 3.587151e-09
456 2.205761e-09
457 1.381657e-09
458 8.904447e-10
459 5.833283e-10
460 3.791459e-10
461 2.386236e-10
462 1.427429e-10
463 8.028310e-11
464 4.233384e-11
465 2.736408e-08
466 2.061193e-08
467 1.456495e-08
468 9.843757e-09
469 6.281341e-09
470 3.824680e-09
471 2.348406e-09
472 1.467637e-09
473 9.443069e-10
474 6.183005e-10
475 4.023281e-10
476 2.538288e-10
477 1.523288e-10
478 8.597612e-11
479 4.548586e-11
480 2.870619e-08
481 2.169072e-08
482 1.536173e-08
483 1.040438e-08
484 6.654211e-09
485 4.048991e-09
486 2.483625e-09
487 1.548895e-09
488 9.951020e-10
489 6.513299e-10
490 4.242580e-10
491 2.682101e-10
492 1.613916e-10
493 9.135097e-11
494 4.846035e-11
495 3.027717e-08
496 2.295604e-08
497 1.629296e-08
498 1.106123e-08
499 7.089725e-09
500 4.311394e-09
501 2.641571e-09
502 1.644147e-09
503 1.054577e-09
504 6.899874e-10
505 4.498827e-10
506 2.849992e-10
507 1.719863e-10
508 9.764592e-11
509 5.194546e-11
510 2.622648e-08
511 1.977563e-08
512 1.398954e-08
513 9.449384e-09
514 6.045835e-09
515 3.692020e-09
516 2.268308e-09
517 1.416675e-09
518 9.100192e-10
519 5.945388e-10
520 3.860808e-10
521 2.432562e-10
522 1.459532e-10
523 8.246801e-11
524 4.373095e-11
525 2.903314e-08
526 2.214410e-08
527 1.578886e-08
528 1.073578e-08
529 6.928349e-09
530 4.237595e-09
531 2.594810e-09
532 1.609985e-09
533 1.028115e-09
534 6.694829e-10
535 4.352168e-10
536 2.756260e-10
537 1.667338e-10
538 9.515798e-11
539 5.099280e-11
540 3.140911e-08
541 2.414149e-08
542 1.730298e-08
543 1.181828e-08
544 7.668542e-09
545 4.696577e-09
546 2.868588e-09
547 1.772695e-09
548 1.127298e-09
549 7.326095e-10
550 4.765790e-10
551 3.028335e-10
552 1.841666e-10
553 1.057830e-10
554 5.706404e-11
555 3.347790e-08
556 2.588137e-08
557 1.862385e-08
558 1.275937e-08
559 8.313310e-09
560 5.095095e-09
561 3.107139e-09
562 1.914411e-09
563 1.213877e-09
564 7.875844e-10
565 5.125968e-10
566 3.265268e-10
567 1.993480e-10
568 1.150351e-10
569 6.234992e-11
570 3.543985e-08
571 2.753187e-08
572 1.987673e-08
573 1.365330e-08
574 8.925979e-09
575 5.474119e-09
576 3.333669e-09
577 2.048826e-09
578 1.296020e-09
579 8.397812e-10
580 5.468092e-10
581 3.490297e-10
582 2.137653e-10
583 1.238224e-10
584 6.737081e-11
585 3.773895e-08
586 2.946071e-08
587 2.134020e-08
588 1.469703e-08
589 9.639070e-09
590 5.915735e-09
591 3.597749e-09
592 2.205474e-09
593 1.391713e-09
594 9.005735e-10
595 5.866506e-10
596 3.752443e-10
597 2.305636e-10
598 1.340594e-10
599 7.321919e-11
600 3.276734e-08
601 2.539650e-08
602 1.832408e-08
603 1.256733e-08
604 8.204474e-09
605 5.050385e-09
606 3.077208e-09
607 1.895005e-09
608 1.199185e-09
609 7.762071e-10
610 5.042840e-10
611 3.210048e-10
612 1.960948e-10
613 1.133773e-10
614 6.164377e-11
615 3.599941e-08
616 2.821953e-08
617 2.053450e-08
618 1.416926e-08
619 9.320459e-09
620 5.767701e-09
621 3.502394e-09
622 2.147239e-09
623 1.350145e-09
624 8.699573e-10
625 5.646758e-10
626 3.605479e-10
627 2.216449e-10
628 1.292473e-10
629 7.095097e-11
630 3.881621e-08
631 3.068080e-08
632 2.246385e-08
633 1.556393e-08
634 1.029339e-08
635 6.392657e-09
636 3.873033e-09
637 2.367065e-09
638 1.481910e-09
639 9.516438e-10
640 6.173014e-10
641 3.950102e-10
642 2.439149e-10
643 1.430805e-10
644 7.906359e-11
645 4.148437e-08
646 3.301225e-08
647 2.429083e-08
648 1.688742e-08
649 1.121535e-08
650 6.985016e-09
651 4.223926e-09
652 2.575537e-09
653 1.606608e-09
654 1.029037e-09
655 6.671749e-10
656 4.276711e-10
657 2.650196e-10
658 1.561895e-10
659 8.675001e-11
660 4.460880e-08
661 3.573550e-08
662 2.642506e-08
663 1.843114e-08
664 1.229024e-08
665 7.676011e-09
666 4.633643e-09
667 2.818335e-09
668 1.752026e-09
669 1.119324e-09
670 7.253285e-10
671 4.657624e-10
672 2.896375e-10
673 1.714801e-10
674 9.571651e-11
675 4.017858e-08
676 3.198329e-08
677 2.356826e-08
678 1.639814e-08
679 1.089015e-08
680 6.806445e-09
681 4.119674e-09
682 2.514278e-09
683 1.566574e-09
684 1.001620e-09
685 6.480971e-10
686 4.147193e-10
687 2.567429e-10
688 1.513120e-10
689 8.414186e-11
690 4.390884e-08
691 3.535347e-08
692 2.630536e-08
693 1.841491e-08
694 1.231230e-08
695 7.751813e-09
696 4.684155e-09
697 2.850028e-09
698 1.764102e-09
699 1.121271e-09
700 7.235795e-10
701 4.636283e-10
702 2.884042e-10
703 1.712388e-10
704 9.607849e-11
705 4.742771e-08
706 3.854281e-08
707 2.888657e-08
708 2.032184e-08
709 1.365543e-08
710 8.644602e-09
711 5.216574e-09
712 3.166502e-09
713 1.950381e-09
714 1.234154e-09
715 7.948654e-10
716 5.098209e-10
717 3.183113e-10
718 1.900613e-10
719 1.073554e-10
720 5.154672e-08
721 4.226883e-08
722 3.189536e-08
723 2.254353e-08
724 1.521993e-08
725 9.685288e-09
726 5.837308e-09
727 3.535816e-09
728 2.167403e-09
729 1.365809e-09
730 8.779057e-10
731 5.636439e-10
732 3.531642e-10
733 2.119950e-10
734 1.204964e-10
735 4.868147e-08
736 3.980708e-08
737 3.002339e-08
738 2.122036e-08
739 1.430686e-08
740 9.110603e-09
741 5.511175e-09
742 3.340398e-09
743 2.049153e-09
744 1.291000e-09
745 8.284929e-10
746 5.306553e-10
747 3.316582e-10
748 1.986651e-10
749 1.127780e-10
750 5.328141e-08
751 4.411276e-08
752 3.364311e-08
753 2.395730e-08
754 1.625529e-08
755 1.044016e-08
756 6.325441e-09
757 3.821934e-09
758 2.329176e-09
759 1.457415e-09
760 9.309994e-10
761 5.959332e-10
762 3.737070e-10
763 2.253251e-10
764 1.290343e-10
765 5.864194e-08
766 4.912825e-08
767 3.784030e-08
768 2.713228e-08
769 1.851635e-08
770 1.198352e-08
771 7.270187e-09
772 4.380940e-09
773 2.653656e-09
774 1.650409e-09
775 1.049907e-09
776 6.717134e-10
777 4.225469e-10
778 2.562935e-10
779 1.479161e-10
780 5.924482e-08
781 4.986834e-08
782 3.864336e-08
783 2.784864e-08
784 1.906001e-08
785 1.238837e-08
786 7.560303e-09
787 4.546549e-09
788 2.749477e-09
789 1.702875e-09
790 1.078624e-09
791 6.879897e-10
792 4.323776e-10
793 2.625799e-10
794 1.520333e-10
795 6.630936e-08
796 5.670670e-08
797 4.460313e-08
798 3.250867e-08
799 2.242798e-08
800 1.473031e-08
801 9.054425e-09
802 5.422914e-09
803 3.258848e-09
804 1.999329e-09
805 1.256257e-09
806 7.983481e-10
807 5.025120e-10
808 3.070544e-10
809 1.795000e-10
810 7.613962e-08
811 6.658277e-08
812 5.362021e-08
813 3.986670e-08
814 2.787495e-08
815 1.857397e-08
816 1.161740e-08
817 6.939936e-09
818 4.146625e-09
819 2.505275e-09
820 1.549530e-09
821 9.743028e-10
822 6.114728e-10
823 3.754305e-10
824 2.219610e-10
825 5.054580e-07
826 3.691899e-07
827 2.735621e-07
828 1.702863e-07
829 1.037367e-07
830 6.145550e-08
831 3.752496e-08
832 2.407361e-08
833 1.625088e-08
834 0.000000e+00
835 0.000000e+00
836 0.000000e+00
837 0.000000e+00
838 0.000000e+00
839 0.000000e+00
840 7.609679e-07
841 5.559551e-07
842 4.123970e-07
843 2.596340e-07
844 1.577817e-07
845 9.335664e-08
846 5.689701e-08
847 3.636668e-08
848 2.448237e-08
849 0.000000e+00
850 0.000000e+00
851 0.000000e+00
852 0.000000e+00
853 0.000000e+00
854 0.000000e+00
855 9.034708e-07
856 6.601393e-07
857 4.898344e-07
858 3.095543e-07
859 1.879543e-07
860 1.111685e-07
861 6.771198e-08
862 4.322638e-08
863 2.907417e-08
864 0.000000e+00
865 0.000000e+00
866 0.000000e+00
867 0.000000e+00
868 0.000000e+00
869 0.000000e+00
870 1.003680e-06
871 7.333986e-07
872 5.442846e-07
873 3.446286e-07
874 2.091589e-07
875 1.236867e-07
876 7.531362e-08
877 4.804949e-08
878 3.230300e-08
879 0.000000e+00
880 0.000000e+00
881 0.000000e+00
882 0.000000e+00
883 0.000000e+00
884 0.000000e+00
885 1.071193e-06
886 7.827614e-07
887 5.809742e-07
888 3.683088e-07
889 2.234694e-07
890 1.321335e-07
891 8.044121e-08
892 5.130076e-08
893 3.447879e-08
894 0.000000e+00
895 0.000000e+00
896 0.000000e+00
897 0.000000e+00
898 0.000000e+00
899 0.000000e+00
900 1.129439e-06
901 8.253442e-07
902 6.126261e-07
903 3.887123e-07
904 2.358020e-07
905 1.394142e-07
906 8.486152e-08
907 5.410480e-08
908 3.635564e-08
909 0.000000e+00
910 0.000000e+00
911 0.000000e+00
912 0.000000e+00
913 0.000000e+00
914 0.000000e+00
915 1.180268e-06
916 8.625041e-07
917 6.402459e-07
918 4.065191e-07
919 2.465652e-07
920 1.457672e-07
921 8.871918e-08
922 5.655163e-08
923 3.799350e-08
924 0.000000e+00
925 0.000000e+00
926 0.000000e+00
927 0.000000e+00
928 0.000000e+00
929 0.000000e+00
930 1.228460e-06
931 8.977376e-07
932 6.664337e-07
933 4.234011e-07
934 2.567693e-07
935 1.517905e-07
936 9.237652e-08
937 5.887147e-08
938 3.954628e-08
939 0.000000e+00
940 0.000000e+00
941 0.000000e+00
942 0.000000e+00
943 0.000000e+00
944 0.000000e+00
945 1.284683e-06
946 9.388454e-07
947 6.969857e-07
948 4.430983e-07
949 2.686743e-07
950 1.588185e-07
951 9.664394e-08
952 6.157795e-08
953 4.135810e-08
954 0.000000e+00
955 0.000000e+00
956 0.000000e+00
957 0.000000e+00
958 0.000000e+00
959 0.000000e+00
960 3.373052e-07
961 2.686383e-07
962 1.948713e-07
963 1.461389e-07
964 9.041662e-08
965 5.534690e-08
966 3.217002e-08
967 1.923597e-08
968 1.205491e-08
969 7.981234e-09
970 0.000000e+00
971 0.000000e+00
972 0.000000e+00
973 0.000000e+00
974 0.000000e+00
975 5.201659e-07
976 4.171072e-07
977 3.028558e-07
978 2.269077e-07
979 1.422084e-07
980 8.670865e-08
981 5.036288e-08
982 3.007420e-08
983 1.877909e-08
984 1.239696e-08
985 0.000000e+00
986 0.000000e+00
987 0.000000e+00
988 0.000000e+00
989 0.000000e+00
990 6.476204e-07
991 5.206570e-07
992 3.781867e-07
993 2.832398e-07
994 1.783733e-07
995 1.085933e-07
996 6.305944e-08
997 3.763842e-08
998 2.347089e-08
999 1.547716e-08
1000 0.000000e+00
1001 0.000000e+00
1002 0.000000e+00
1003 0.000000e+00
1004 0.000000e+00
1005 7.382357e-07
1006 5.943126e-07
1007 4.317715e-07
1008 3.233096e-07
1009 2.041234e-07
1010 1.241698e-07
1011 7.209649e-08
1012 4.302199e-08
1013 2.680897e-08
1014 1.766814e-08
1015 0.000000e+00
1016 0.000000e+00
1017 0.000000e+00
1018 0.000000e+00
1019 0.000000e+00
1020 8.139596e-07
1021 6.558390e-07
1022 4.765327e-07
1023 3.567807e-07
1024 2.256220e-07
1025 1.371778e-07
1026 7.964314e-08
1027 4.751755e-08
1028 2.959718e-08
1029 1.949827e-08
1030 0.000000e+00
1031 0.000000e+00
1032 0.000000e+00
1033 0.000000e+00
1034 0.000000e+00
1035 8.800254e-07
1036 7.095243e-07
1037 5.155916e-07
1038 3.859857e-07
1039 2.443794e-07
1040 1.485270e-07
1041 8.622743e-08
1042 5.144028e-08
1043 3.202995e-08
1044 2.109535e-08
1045 0.000000e+00
1046 0.000000e+00
1047 0.000000e+00
1048 0.000000e+00
1049 0.000000e+00
1050 9.426736e-07
1051 7.604327e-07
1052 5.526249e-07
1053 4.136780e-07
1054 2.621647e-07
1055 1.592896e-07
1056 9.247120e-08
1057 5.515972e-08
1058 3.433673e-08
1059 2.260959e-08
1060 0.000000e+00
1061 0.000000e+00
1062 0.000000e+00
1063 0.000000e+00
1064 0.000000e+00
1065 1.015768e-06
1066 8.198310e-07
1067 5.958365e-07
1068 4.459927e-07
1069 2.829175e-07
1070 1.718473e-07
1071 9.975607e-08
1072 5.949995e-08
1073 3.702828e-08
1074 2.437647e-08
1075 0.000000e+00
1076 0.000000e+00
1077 0.000000e+00
1078 0.000000e+00
1079 0.000000e+00
1080 1.979620e-07
1081 1.800312e-07
1082 1.386941e-07
1083 1.002978e-07
1084 7.515656e-08
1085 4.344139e-08
1086 2.662439e-08
1087 1.535118e-08
1088 9.078072e-09
1089 5.647970e-09
1090 0.000000e+00
1091 0.000000e+00
1092 0.000000e+00
1093 0.000000e+00
1094 0.000000e+00
1095 3.317478e-07
1096 3.030484e-07
1097 2.344342e-07
1098 1.694257e-07
1099 1.271448e-07
1100 7.390753e-08
1101 4.541677e-08
1102 2.612378e-08
1103 1.539298e-08
1104 9.554598e-09
1105 0.000000e+00
1106 0.000000e+00
1107 0.000000e+00
1108 0.000000e+00
1109 0.000000e+00
1110 4.306280e-07
1111 3.940343e-07
1112 3.052904e-07
1113 2.205836e-07
1114 1.656231e-07
1115 9.648067e-08
1116 5.934314e-08
1117 3.410487e-08
1118 2.006900e-08
1119 1.244630e-08
1120 0.000000e+00
1121 0.000000e+00
1122 0.000000e+00
1123 0.000000e+00
1124 0.000000e+00
1125 5.118675e-07
1126 4.687719e-07
1127 3.634880e-07
1128 2.626035e-07
1129 1.972257e-07
1130 1.150174e-07
1131 7.077884e-08
1132 4.065897e-08
1133 2.390921e-08
1134 1.482137e-08
1135 0.000000e+00
1136 0.000000e+00
1137 0.000000e+00
1138 0.000000e+00
1139 0.000000e+00
1140 5.827486e-07
1141 5.339873e-07
1142 4.142683e-07
1143 2.992682e-07
1144 2.248018e-07
1145 1.311919e-07
1146 8.075741e-08
1147 4.637790e-08
1148 2.726008e-08
1149 1.689370e-08
1150 0.000000e+00
1151 0.000000e+00
1152 0.000000e+00
1153 0.000000e+00
1154 0.000000e+00
1155 6.499630e-07
1156 5.958254e-07
1157 4.624212e-07
1158 3.340351e-07
1159 2.509506e-07
1160 1.465295e-07
1161 9.021925e-08
1162 5.180077e-08
1163 3.043750e-08
1164 1.885873e-08
1165 0.000000e+00
1166 0.000000e+00
1167 0.000000e+00
1168 0.000000e+00
1169 0.000000e+00
1170 7.283846e-07
1171 6.679733e-07
1172 5.186008e-07
1173 3.745984e-07
1174 2.814577e-07
1175 1.644239e-07
1176 1.012585e-07
1177 5.812754e-08
1178 3.414473e-08
1179 2.115149e-08
1180 0.000000e+00
1181 0.000000e+00
1182 0.000000e+00
1183 0.000000e+00
1184 0.000000e+00
1185 1.315848e-07
1186 1.298708e-07
1187 1.091959e-07
1188 7.976075e-08
1189 5.925710e-08
1190 4.026477e-08
1191 2.376489e-08
1192 1.353934e-08
1193 7.826738e-09
1194 4.625291e-09
1195 2.897522e-09
1196 0.000000e+00
1197 0.000000e+00
1198 0.000000e+00
1199 0.000000e+00
1200 2.309818e-07
1201 2.286483e-07
1202 1.929994e-07
1203 1.412314e-07
1204 1.047463e-07
1205 7.169778e-08
1206 4.209868e-08
1207 2.401970e-08
1208 1.390465e-08
1209 8.201753e-09
1210 5.126935e-09
1211 0.000000e+00
1212 0.000000e+00
1213 0.000000e+00
1214 0.000000e+00
1215 3.123230e-07
1216 3.095004e-07
1217 2.616146e-07
1218 1.915693e-07
1219 1.419926e-07
1220 9.744467e-08
1221 5.711208e-08
1222 3.260330e-08
1223 1.888241e-08
1224 1.113063e-08
1225 6.952516e-09
1226 0.000000e+00
1227 0.000000e+00
1228 0.000000e+00
1229 0.000000e+00
1230 3.831935e-07
1231 3.799432e-07
1232 3.213903e-07
1233 2.354215e-07
1234 1.744400e-07
1235 1.198757e-07
1236 7.019122e-08
1237 4.008120e-08
1238 2.321897e-08
1239 1.368230e-08
1240 8.542871e-09
1241 0.000000e+00
1242 0.000000e+00
1243 0.000000e+00
1244 0.000000e+00
1245 4.503977e-07
1246 4.467362e-07
1247 3.780737e-07
1248 2.770046e-07
1249 2.052095e-07
1250 1.411454e-07
1251 8.259382e-08
1252 4.717229e-08
1253 2.733118e-08
1254 1.610194e-08
1255 1.005098e-08
1256 0.000000e+00
1257 0.000000e+00
1258 0.000000e+00
1259 0.000000e+00
1260 5.288015e-07
1261 5.246659e-07
1262 4.442070e-07
1263 3.255223e-07
1264 2.411084e-07
1265 1.659601e-07
1266 9.706421e-08
1267 5.544503e-08
1268 3.212871e-08
1269 1.892488e-08
1270 1.181051e-08
1271 0.000000e+00
1272 0.000000e+00
1273 0.000000e+00
1274 0.000000e+00
1275 9.376708e-08
1276 9.762029e-08
1277 8.832279e-08
1278 6.755703e-08
1279 4.883523e-08
1280 3.657693e-08
1281 2.066268e-08
1282 1.247592e-08
1283 7.050390e-09
1284 4.072925e-09
1285 2.438656e-09
1286 0.000000e+00
1287 0.000000e+00
1288 0.000000e+00
1289 0.000000e+00
1290 1.733932e-07
1291 1.809223e-07
1292 1.642364e-07
1293 1.259925e-07
1294 9.101468e-08
1295 6.828214e-08
1296 3.869276e-08
1297 2.344435e-08
1298 1.321698e-08
1299 7.615388e-09
1300 4.550085e-09
1301 0.000000e+00
1302 0.000000e+00
1303 0.000000e+00
1304 0.000000e+00
1305 2.424634e-07
1306 2.531893e-07
1307 2.301013e-07
1308 1.766983e-07
1309 1.276148e-07
1310 9.579446e-08
1311 5.434249e-08
1312 3.296555e-08
1313 1.856967e-08
1314 1.068970e-08
1315 6.382326e-09
1316 0.000000e+00
1317 0.000000e+00
1318 0.000000e+00
1319 0.000000e+00
1320 3.078577e-07
1321 3.216065e-07
1322 2.924568e-07
1323 2.247029e-07
1324 1.622652e-07
1325 1.218404e-07
1326 6.915697e-08
1327 4.197839e-08
1328 2.363663e-08
1329 1.359998e-08
1330 8.116900e-09
1331 0.000000e+00
1332 0.000000e+00
1333 0.000000e+00
1334 0.000000e+00
1335 3.841561e-07
1336 4.014323e-07
1337 3.652105e-07
1338 2.807097e-07
1339 2.026908e-07
1340 1.522281e-07
1341 8.644124e-08
1342 5.249408e-08
1343 2.954836e-08
1344 1.699550e-08
1345 1.014064e-08
1346 0.000000e+00
1347 0.000000e+00
1348 0.000000e+00
1349 0.000000e+00
1350 7.145550e-08
1351 7.733274e-08
1352 7.414035e-08
1353 6.006584e-08
1354 4.333083e-08
1355 3.266865e-08
1356 2.039445e-08
1357 1.250772e-08
1358 6.943782e-09
1359 3.823311e-09
1360 2.210207e-09
1361 1.344399e-09
1362 0.000000e+00
1363 0.000000e+00
1364 0.000000e+00
1365 1.384193e-07
1366 1.500736e-07
1367 1.442737e-07
1368 1.172649e-07
1369 8.465427e-08
1370 6.375629e-08
1371 4.009887e-08
1372 2.451276e-08
1373 1.361157e-08
1374 7.498952e-09
1375 4.324152e-09
1376 2.623921e-09
1377 0.000000e+00
1378 0.000000e+00
1379 0.000000e+00
1380 2.010031e-07
1381 2.180563e-07
1382 2.098198e-07
1383 1.707216e-07
1384 1.232755e-07
1385 9.281020e-08
1386 5.851418e-08
1387 3.573215e-08
1388 1.984300e-08
1389 1.093430e-08
1390 6.299816e-09
1391 3.819753e-09
1392 0.000000e+00
1393 0.000000e+00
1394 0.000000e+00
1395 2.739546e-07
1396 2.973002e-07
1397 2.862206e-07
1398 2.330303e-07
1399 1.682909e-07
1400 1.266749e-07
1401 7.997821e-08
1402 4.880901e-08
1403 2.710609e-08
1404 1.493828e-08
1405 8.602574e-09
1406 5.213599e-09
1407 0.000000e+00
1408 0.000000e+00
1409 0.000000e+00
1410 5.802208e-08
1411 6.474648e-08
1412 6.502940e-08
1413 5.583981e-08
1414 4.115132e-08
1415 3.031371e-08
1416 2.134451e-08
1417 1.218251e-08
1418 6.856783e-09
1419 3.880077e-09
1420 2.158359e-09
1421 1.259060e-09
1422 0.000000e+00
1423 0.000000e+00
1424 0.000000e+00
1425 1.179083e-07
1426 1.317790e-07
1427 1.326698e-07
1428 1.142968e-07
1429 8.439183e-08
1430 6.207900e-08
1431 4.394298e-08
1432 2.498909e-08
1433 1.409892e-08
1434 7.976741e-09
1435 4.434583e-09
1436 2.581163e-09
1437 0.000000e+00
1438 0.000000e+00
1439 0.000000e+00
1440 1.864659e-07
1441 2.085133e-07
1442 2.100928e-07
1443 1.811975e-07
1444 1.338744e-07
1445 9.843172e-08
1446 6.979941e-08
1447 3.964442e-08
1448 2.238585e-08
1449 1.266432e-08
1450 7.039246e-09
1451 4.094128e-09
1452 0.000000e+00
1453 0.000000e+00
1454 0.000000e+00
1455 5.070698e-08
1456 5.810198e-08
1457 6.072086e-08
1458 5.515680e-08
1459 4.228931e-08
1460 3.054518e-08
1461 2.293994e-08
1462 1.285712e-08
1463 7.688123e-09
1464 4.212831e-09
1465 2.322982e-09
1466 1.297291e-09
1467 0.000000e+00
1468 0.000000e+00
1469 0.000000e+00
1470 1.144181e-07
1471 1.312913e-07
1472 1.375001e-07
1473 1.252947e-07
1474 9.633693e-08
1475 6.954058e-08
1476 5.230439e-08
1477 2.941258e-08
1478 1.765425e-08
1479 9.654117e-09
1480 5.309439e-09
1481 2.958525e-09
1482 0.000000e+00
1483 0.000000e+00
1484 0.000000e+00
1485 5.339071e-08
1486 6.273412e-08
1487 6.801663e-08
1488 6.529165e-08
1489 5.293391e-08
1490 3.819369e-08
1491 2.881444e-08
1492 1.791111e-08
1493 1.090167e-08
1494 5.915792e-09
1495 3.115702e-09
1496 1.681178e-09
1497 9.363306e-10
1498 0.000000e+00
1499 0.000000e+00
1500 1.109684e-04
1501 8.086786e-05
1502 6.035546e-05
1503 3.805236e-05
1504 2.321989e-05
1505 1.369104e-05
1506 8.324421e-06
1507 5.304277e-06
1508 3.565556e-06
1509 0.000000e+00
1510 0.000000e+00
1511 0.000000e+00
1512 0.000000e+00
1513 0.000000e+00
1514 0.000000e+00
1515 5.757601e-05
1516 4.644359e-05
1517 3.369791e-05
1518 2.528332e-05
1519 1.597668e-05
1520 9.754545e-06
1521 5.648866e-06
1522 3.364481e-06
1523 2.093966e-06
1524 1.379138e-06
1525 0.000000e+00
1526 0.000000e+00
1527 0.000000e+00
1528 0.000000e+00
1529 0.000000e+00
1530 4.047788e-05
1531 3.713775e-05
1532 2.882267e-05
1533 2.080348e-05
1534 1.566222e-05
1535 9.111532e-06
1536 5.625604e-06
1537 3.225263e-06
1538 1.896511e-06
1539 1.174730e-06
1540 0.000000e+00
1541 0.000000e+00
1542 0.000000e+00
1543 0.000000e+00
1544 0.000000e+00
1545 2.912801e-05
1546 2.891312e-05
1547 2.448503e-05
1548 1.793535e-05
1549 1.328396e-05
1550 9.154542e-06
1551 5.351144e-06
1552 3.053081e-06
1553 1.771954e-06
1554 1.042590e-06
1555 6.506122e-07
1556 0.000000e+00
1557 0.000000e+00
1558 0.000000e+00
1559 0.000000e+00
1560 2.085098e-05
1561 2.179680e-05
1562 1.983793e-05
1563 1.524768e-05
1564 1.100576e-05
1565 8.274949e-06
1566 4.689296e-06
1567 2.850415e-06
1568 1.602925e-06
1569 9.233707e-07
1570 5.506294e-07
1571 0.000000e+00
1572 0.000000e+00
1573 0.000000e+00
1574 0.000000e+00
1575 1.487210e-05
1576 1.614453e-05
1577 1.554949e-05
1578 1.266314e-05
1579 9.143013e-06
1580 6.883420e-06
1581 4.347301e-06
1582 2.655947e-06
1583 1.474901e-06
1584 8.112783e-07
1585 4.673052e-07
1586 2.832009e-07
1587 0.000000e+00
1588 0.000000e+00
1589 0.000000e+00
1590 1.001028e-05
1591 1.119728e-05
1592 1.128693e-05
1593 9.739022e-06
1594 7.195644e-06
1595 5.289411e-06
1596 3.755371e-06
1597 2.130464e-06
1598 1.202339e-06
1599 6.811759e-07
1600 3.783133e-07
1601 2.200058e-07
1602 0.000000e+00
1603 0.000000e+00
1604 0.000000e+00
1605 6.201116e-06
1606 7.118100e-06
1607 7.458527e-06
1608 6.801106e-06
1609 5.231433e-06
1610 3.775220e-06
1611 2.841823e-06
1612 1.597077e-06
1613 9.596537e-07
1614 5.242846e-07
1615 2.885232e-07
1616 1.606418e-07
1617 0.000000e+00
1618 0.000000e+00
1619 0.000000e+00
1620 3.163407e-06
1621 3.720115e-06
1622 4.038202e-06
1623 3.883392e-06
1624 3.154630e-06
1625 2.276770e-06
1626 1.716871e-06
1627 1.071974e-06
1628 6.518364e-07
1629 3.538249e-07
1630 1.861971e-07
1631 1.003484e-07
1632 5.578990e-08
1633 0.000000e+00
1634 0.000000e+00
1635 8.891198e-07
1636 1.072208e-06
1637 1.206146e-06
1638 1.224576e-06
1639 1.066696e-06
1640 7.933436e-07
1641 5.815894e-07
1642 4.169104e-07
1643 2.343421e-07
1644 1.314261e-07
1645 7.164692e-08
1646 3.730540e-08
1647 1.958823e-08
1648 0.000000e+00
1649 0.000000e+00
