0 2.233584e-09
1 1.451735e-09
2 9.131052e-10
3 5.751465e-10
4 3.696790e-10
5 2.432398e-10
6 1.617516e-10
7 1.062330e-10
8 6.731802e-11
9 4.043705e-11
10 2.279829e-11
11 1.204730e-11
12 6.007066e-12
13 2.858455e-12
14 1.314295e-12
15 3.782131e-09
16 2.515771e-09
17 1.599355e-09
18 9.970014e-10
19 6.304307e-10
20 4.082440e-10
21 2.700619e-10
22 1.790776e-10
23 1.161099e-10
24 7.202680e-11
25 4.209810e-11
26 2.304044e-11
27 1.183715e-11
28 5.762228e-12
29 2.690736e-12
30 4.336107e-09
31 2.904133e-09
32 1.856582e-09
33 1.156237e-09
34 7.280916e-10
35 4.689706e-10
36 3.092022e-10
37 2.052000e-10
38 1.336850e-10
39 8.358981e-11
40 4.935270e-11
41 2.730140e-11
42 1.416191e-11
43 6.947751e-12
44 3.262211e-12
45 4.641895e-09
46 3.118665e-09
47 1.998777e-09
48 1.244333e-09
49 7.821182e-10
50 5.025529e-10
51 3.308873e-10
52 2.195926e-10
53 1.433825e-10
54 8.997104e-11
55 5.335292e-11
56 2.964739e-11
57 1.544576e-11
58 7.603396e-12
59 3.578757e-12
60 4.846903e-09
61 3.262650e-09
62 2.094045e-09
63 1.303415e-09
64 8.183147e-10
65 5.251286e-10
66 3.454410e-10
67 2.292929e-10
68 1.498791e-10
69 9.425943e-11
70 5.605294e-11
71 3.123619e-11
72 1.631003e-11
73 8.043570e-12
74 3.791996e-12
75 5.000878e-09
76 3.370468e-09
77 2.165628e-09
78 1.347674e-09
79 8.455040e-10
80 5.420606e-10
81 3.563410e-10
82 2.365498e-10
83 1.547995e-10
84 9.749544e-11
85 5.806601e-11
86 3.241732e-11
87 1.695776e-11
88 8.374666e-12
89 3.951367e-12
90 5.125580e-09
91 3.458104e-09
92 2.223643e-09
93 1.383870e-09
94 8.676614e-10
95 5.557741e-10
96 3.652136e-10
97 2.424584e-10
98 1.587815e-10
99 1.001093e-10
100 5.971573e-11
101 3.338473e-11
102 1.748550e-11
103 8.643703e-12
104 4.081195e-12
105 5.235339e-09
106 3.534666e-09
107 2.274844e-09
108 1.415540e-09
109 8.869953e-10
110 5.678265e-10
111 3.729575e-10
112 2.476251e-10
113 1.621873e-10
114 1.023579e-10
115 6.112032e-11
116 3.422389e-11
117 1.794723e-11
118 8.879514e-12
119 4.191752e-12
120 5.339047e-09
121 3.607835e-09
122 2.323286e-09
123 1.445426e-09
124 9.053326e-10
125 5.792015e-10
126 3.802607e-10
127 2.525183e-10
128 1.655325e-10
129 1.045592e-10
130 6.251349e-11
131 3.502637e-11
132 1.838280e-11
133 9.102013e-12
134 4.302522e-12
135 5.458016e-09
136 3.690865e-09
137 2.378964e-09
138 1.480015e-09
139 9.264866e-10
140 5.924128e-10
141 3.887895e-10
142 2.581214e-10
143 1.693441e-10
144 1.070882e-10
145 6.409067e-11
146 3.595362e-11
147 1.888988e-11
148 9.358943e-12
149 4.426488e-12
150 7.899060e-09
151 5.438668e-09
152 3.572475e-09
153 2.231783e-09
154 1.383929e-09
155 8.724884e-10
156 5.657922e-10
157 3.744104e-10
158 2.475408e-10
159 1.593619e-10
160 9.774237e-11
161 5.633606e-11
162 3.036814e-11
163 1.537273e-11
164 7.386229e-12
165 9.985687e-09
166 6.962893e-09
167 4.639888e-09
168 2.929081e-09
169 1.807129e-09
170 1.129944e-09
171 7.248087e-10
172 4.765165e-10
173 3.155009e-10
174 2.049954e-10
175 1.277001e-10
176 7.503350e-11
177 4.126383e-11
178 2.126857e-11
179 1.036487e-11
180 1.120328e-08
181 7.857320e-09
182 5.267272e-09
183 3.342730e-09
184 2.059269e-09
185 1.283467e-09
186 8.190485e-10
187 5.367404e-10
188 3.553998e-10
189 2.317772e-10
190 1.453203e-10
191 8.607673e-11
192 4.774704e-11
193 2.480705e-11
194 1.216726e-11
195 1.202386e-08
196 8.461370e-09
197 5.691485e-09
198 3.622463e-09
199 2.230059e-09
200 1.387234e-09
201 8.826948e-10
202 5.775131e-10
203 3.823654e-10
204 2.498741e-10
205 1.572259e-10
206 9.355180e-11
207 5.214007e-11
208 2.720585e-11
209 1.338943e-11
210 1.263866e-08
211 8.913713e-09
212 6.009807e-09
213 3.831498e-09
214 2.358007e-09
215 1.465020e-09
216 9.304841e-10
217 6.079761e-10
218 4.025405e-10
219 2.633962e-10
220 1.661149e-10
221 9.913952e-11
222 5.542325e-11
223 2.899471e-11
224 1.430422e-11
225 1.313856e-08
226 9.280625e-09
227 6.266679e-09
228 4.001884e-09
229 2.461499e-09
230 1.528068e-09
231 9.691350e-10
232 6.327026e-10
233 4.189089e-10
234 2.743732e-10
235 1.733429e-10
236 1.036583e-10
237 5.807500e-11
238 3.044741e-11
239 1.504321e-11
240 1.357190e-08
241 9.599604e-09
242 6.491210e-09
243 4.150047e-09
244 2.552221e-09
245 1.583155e-09
246 1.002829e-09
247 6.541639e-10
248 4.332038e-10
249 2.839588e-10
250 1.796487e-10
251 1.076132e-10
252 6.040333e-11
253 3.171803e-11
254 1.568596e-11
255 1.398477e-08
256 9.903155e-09
257 6.704858e-09
258 4.291052e-09
259 2.637924e-09
260 1.635231e-09
261 1.034872e-09
262 6.746070e-10
263 4.467604e-10
264 2.930473e-10
265 1.856289e-10
266 1.113718e-10
267 6.260817e-11
268 3.291874e-11
269 1.630199e-11
270 1.446652e-08
271 1.025733e-08
272 6.953344e-09
273 4.454686e-09
274 2.737579e-09
275 1.696301e-09
276 1.072503e-09
277 6.986088e-10
278 4.625439e-10
279 3.036409e-10
280 1.926174e-10
281 1.157572e-10
282 6.517677e-11
283 3.432313e-11
284 1.701755e-11
285 1.364693e-08
286 9.709912e-09
287 6.595131e-09
288 4.255834e-09
289 2.623089e-09
290 1.624528e-09
291 1.024226e-09
292 6.643830e-10
293 4.382685e-10
294 2.872415e-10
295 1.823814e-10
296 1.100104e-10
297 6.231199e-11
298 3.304495e-11
299 1.649214e-11
300 1.605888e-08
301 1.155722e-08
302 7.921629e-09
303 5.170307e-09
304 3.199075e-09
305 1.971487e-09
306 1.233252e-09
307 7.937652e-10
308 5.216675e-10
309 3.426752e-10
310 2.192918e-10
311 1.338671e-10
312 7.691531e-11
313 4.138797e-11
314 2.092441e-11
315 1.772091e-08
316 1.283841e-08
317 8.844104e-09
318 5.808661e-09
319 3.604138e-09
320 2.214793e-09
321 1.380159e-09
322 8.844285e-10
323 5.798802e-10
324 3.812465e-10
325 2.449557e-10
326 1.504818e-10
327 8.711846e-11
328 4.724156e-11
329 2.404892e-11
330 1.897128e-08
331 1.380206e-08
332 9.535848e-09
333 6.286015e-09
334 3.908077e-09
335 2.397626e-09
336 1.490390e-09
337 9.525005e-10
338 6.236867e-10
339 4.102279e-10
340 2.642168e-10
341 1.629495e-10
342 9.477781e-11
343 5.163859e-11
344 2.639708e-11
345 1.998453e-08
346 1.458274e-08
347 1.009923e-08
348 6.675940e-09
349 4.154682e-09
350 2.546011e-09
351 1.579757e-09
352 1.007677e-09
353 6.590399e-10
354 4.336658e-10
355 2.798391e-10
356 1.730621e-10
357 1.009862e-10
358 5.520335e-11
359 2.830098e-11
360 2.086848e-08
361 1.526471e-08
362 1.059058e-08
363 7.014215e-09
364 4.369533e-09
365 2.675514e-09
366 1.657699e-09
367 1.055784e-09
368 6.899353e-10
369 4.541583e-10
370 2.934590e-10
371 1.818787e-10
372 1.064013e-10
373 5.830897e-11
374 2.995910e-11
375 2.170246e-08
376 1.590742e-08
377 1.105284e-08
378 7.334481e-09
379 4.572272e-09
380 2.797634e-09
381 1.731382e-09
382 1.101213e-09
383 7.191256e-10
384 4.735039e-10
385 3.063414e-10
386 1.902140e-10
387 1.115187e-10
388 6.124524e-11
389 3.152668e-11
390 2.268256e-08
391 1.666369e-08
392 1.159679e-08
393 7.710507e-09
394 4.811220e-09
395 2.941874e-09
396 1.818298e-09
397 1.154875e-09
398 7.534630e-10
399 4.962964e-10
400 3.215035e-10
401 2.000319e-10
402 1.175497e-10
403 6.470101e-11
404 3.337283e-11
405 1.967067e-08
406 1.441629e-08
407 1.000515e-08
408 6.632861e-09
409 4.151757e-09
410 2.542658e-09
411 1.576790e-09
412 1.002507e-09
413 6.534750e-10
414 4.291658e-10
415 2.768822e-10
416 1.715544e-10
417 1.004844e-10
418 5.521269e-11
419 2.846795e-11
420 2.233509e-08
421 1.656130e-08
422 1.158445e-08
423 7.744452e-09
424 4.889409e-09
425 2.986441e-09
426 1.843948e-09
427 1.163589e-09
428 7.541520e-10
429 4.946318e-10
430 3.203025e-10
431 2.000313e-10
432 1.184275e-10
433 6.585809e-11
434 3.435624e-11
435 2.435417e-08
436 1.819630e-08
437 1.278847e-08
438 8.595229e-09
439 5.454617e-09
440 3.327496e-09
441 2.049614e-09
442 1.287238e-09
443 8.314506e-10
444 5.447446e-10
445 3.535001e-10
446 2.218014e-10
447 1.321605e-10
448 7.402483e-11
449 3.888675e-11
450 2.600325e-08
451 1.952368e-08
452 1.376990e-08
453 9.287228e-09
454 5.913831e-09
455 3.605440e-09
456 2.216442e-09
457 1.387857e-09
458 8.940054e-10
459 5.854258e-10
460 3.804478e-10
461 2.394723e-10
462 1.433078e-10
463 8.065294e-11
464 4.256453e-11
465 2.743597e-08
466 2.068356e-08
467 1.462573e-08
468 9.888759e-09
469 6.314522e-09
470 3.847852e-09
471 2.361854e-09
472 1.475457e-09
473 9.487973e-10
474 6.209371e-10
475 4.039613e-10
476 2.548921e-10
477 1.530361e-10
478 8.643934e-11
479 4.577518e-11
480 2.878800e-08
481 2.177306e-08
482 1.543259e-08
483 1.045699e-08
484 6.693101e-09
485 4.076173e-09
486 2.499444e-09
487 1.558076e-09
488 1.000371e-09
489 6.544171e-10
490 4.261625e-10
491 2.694482e-10
492 1.622162e-10
493 9.189310e-11
494 4.880035e-11
495 3.037875e-08
496 2.305753e-08
497 1.638000e-08
498 1.112582e-08
499 7.137283e-09
500 4.344596e-09
501 2.660886e-09
502 1.655378e-09
503 1.061035e-09
504 6.937795e-10
505 4.522260e-10
506 2.865218e-10
507 1.729983e-10
508 9.830918e-11
509 5.236040e-11
510 2.601663e-08
511 1.962190e-08
512 1.388372e-08
513 9.379020e-09
514 6.001854e-09
515 3.666096e-09
516 2.252114e-09
517 1.406431e-09
518 9.033018e-10
519 5.900689e-10
520 3.831521e-10
521 2.414169e-10
522 1.448664e-10
523 8.187038e-11
524 4.342579e-11
525 2.893556e-08
526 2.207731e-08
527 1.574655e-08
528 1.070912e-08
529 6.912751e-09
530 4.229873e-09
531 2.589649e-09
532 1.606647e-09
533 1.025726e-09
534 6.677736e-10
535 4.340490e-10
536 2.748888e-10
537 1.663126e-10
538 9.494420e-11
539 5.089820e-11
540 3.132413e-08
541 2.409010e-08
542 1.727621e-08
543 1.180412e-08
544 7.662170e-09
545 4.696159e-09
546 2.867688e-09
547 1.771957e-09
548 1.126335e-09
549 7.316809e-10
550 4.758567e-10
551 3.023694e-10
552 1.839250e-10
553 1.056911e-10
554 5.705082e-11
555 3.340581e-08
556 2.584543e-08
557 1.861251e-08
558 1.275762e-08
559 8.316070e-09
560 5.101866e-09
561 3.110453e-09
562 1.916259e-09
563 1.214339e-09
564 7.874307e-10
565 5.123182e-10
566 3.263350e-10
567 1.992849e-10
568 1.150638e-10
569 6.241691e-11
570 3.537466e-08
571 2.750612e-08
572 1.987665e-08
573 1.366093e-08
574 8.935765e-09
575 5.486702e-09
576 3.340439e-09
577 2.052760e-09
578 1.297604e-09
579 8.402246e-10
580 5.468602e-10
581 3.490358e-10
582 2.138328e-10
583 1.239420e-10
584 6.750042e-11
585 3.769381e-08
586 2.945705e-08
587 2.136110e-08
588 1.472124e-08
589 9.660937e-09
590 5.937530e-09
591 3.609890e-09
592 2.212688e-09
593 1.395123e-09
594 9.020438e-10
595 5.873014e-10
596 3.756223e-10
597 2.308739e-10
598 1.343403e-10
599 7.345377e-11
600 3.278636e-08
601 2.541668e-08
602 1.834288e-08
603 1.258205e-08
604 8.215087e-09
605 5.058387e-09
606 3.081937e-09
607 1.897908e-09
608 1.200804e-09
609 7.771172e-10
610 5.048195e-10
611 3.213373e-10
612 1.963117e-10
613 1.135201e-10
614 6.173574e-11
615 3.603200e-08
616 2.825453e-08
617 2.056769e-08
618 1.419588e-08
619 9.339680e-09
620 5.782171e-09
621 3.511284e-09
622 2.152663e-09
623 1.353165e-09
624 8.716400e-10
625 5.656532e-10
626 3.611464e-10
627 2.220295e-10
628 1.294995e-10
629 7.111403e-11
630 3.887761e-08
631 3.074716e-08
632 2.252738e-08
633 1.561546e-08
634 1.033069e-08
635 6.420660e-09
636 3.890648e-09
637 2.377711e-09
638 1.487842e-09
639 9.549518e-10
640 6.192078e-10
641 3.961679e-10
642 2.446540e-10
643 1.435638e-10
644 7.937629e-11
645 4.156690e-08
646 3.310320e-08
647 2.437958e-08
648 1.696019e-08
649 1.126820e-08
650 7.024917e-09
651 4.249318e-09
652 2.590837e-09
653 1.615113e-09
654 1.033760e-09
655 6.698741e-10
656 4.292982e-10
657 2.660546e-10
658 1.568672e-10
659 8.719088e-11
660 4.473311e-08
661 3.587040e-08
662 2.655502e-08
663 1.853733e-08
664 1.236725e-08
665 7.733716e-09
666 4.670435e-09
667 2.840474e-09
668 1.764372e-09
669 1.126200e-09
670 7.292780e-10
671 4.681480e-10
672 2.911536e-10
673 1.724693e-10
674 9.635699e-11
675 4.019830e-08
676 3.200493e-08
677 2.358948e-08
678 1.641581e-08
679 1.090300e-08
680 6.816033e-09
681 4.126038e-09
682 2.518048e-09
683 1.568675e-09
684 1.002793e-09
685 6.487610e-10
686 4.151150e-10
687 2.569918e-10
688 1.514737e-10
689 8.424680e-11
690 4.394651e-08
691 3.539525e-08
692 2.634697e-08
693 1.845027e-08
694 1.233827e-08
695 7.771026e-09
696 4.697406e-09
697 2.857693e-09
698 1.768408e-09
699 1.123691e-09
700 7.249347e-10
701 4.644251e-10
702 2.888981e-10
703 1.715568e-10
704 9.628467e-11
705 4.749301e-08
706 3.861764e-08
707 2.896333e-08
708 2.038860e-08
709 1.370495e-08
710 8.681348e-09
711 5.242593e-09
712 3.181383e-09
713 1.958800e-09
714 1.238854e-09
715 7.974683e-10
716 5.113248e-10
717 3.192320e-10
718 1.906519e-10
719 1.077402e-10
720 5.166625e-08
721 4.240236e-08
722 3.202974e-08
723 2.265951e-08
724 1.530584e-08
725 9.748476e-09
726 5.881891e-09
727 3.561297e-09
728 2.181899e-09
729 1.373932e-09
730 8.824382e-10
731 5.662766e-10
732 3.547765e-10
733 2.130254e-10
734 1.211630e-10
735 4.870193e-08
736 3.983021e-08
737 3.004708e-08
738 2.124128e-08
739 1.432256e-08
740 9.122040e-09
741 5.519544e-09
742 3.345073e-09
743 2.051860e-09
744 1.292513e-09
745 8.293332e-10
746 5.311351e-10
747 3.319472e-10
748 1.988477e-10
749 1.128957e-10
750 5.331440e-08
751 4.415298e-08
752 3.368723e-08
753 2.399845e-08
754 1.628706e-08
755 1.046340e-08
756 6.343207e-09
757 3.831866e-09
758 2.335075e-09
759 1.460636e-09
760 9.327428e-10
761 5.968925e-10
762 3.742654e-10
763 2.256712e-10
764 1.292582e-10
765 5.874264e-08
766 4.924360e-08
767 3.796079e-08
768 2.724175e-08
769 1.860046e-08
770 1.204435e-08
771 7.315618e-09
772 4.406741e-09
773 2.669051e-09
774 1.658867e-09
775 1.054534e-09
776 6.743012e-10
777 4.240663e-10
778 2.572324e-10
779 1.485148e-10
780 5.923310e-08
781 4.986109e-08
782 3.864190e-08
783 2.785160e-08
784 1.906382e-08
785 1.239151e-08
786 7.563985e-09
787 4.548722e-09
788 2.750936e-09
789 1.703569e-09
790 1.078904e-09
791 6.880824e-10
792 4.323969e-10
793 2.625809e-10
794 1.520360e-10
795 6.634934e-08
796 5.675739e-08
797 4.466179e-08
798 3.256764e-08
799 2.247672e-08
800 1.476570e-08
801 9.081895e-09
802 5.440003e-09
803 3.269290e-09
804 2.004942e-09
805 1.259177e-09
806 7.998857e-10
807 5.033472e-10
808 3.075365e-10
809 1.797969e-10
810 7.616746e-08
811 6.661615e-08
812 5.365744e-08
813 3.990402e-08
814 2.790690e-08
815 1.859750e-08
816 1.163478e-08
817 6.952052e-09
818 4.153541e-09
819 2.509102e-09
820 1.551608e-09
821 9.753893e-10
822 6.120506e-10
823 3.757502e-10
824 2.221472e-10
825 5.054513e-07
826 3.691858e-07
827 2.735583e-07
828 1.702873e-07
829 1.037362e-07
830 6.145536e-08
831 3.752485e-08
832 2.407343e-08
833 1.625071e-08
834 0.000000e+00
835 0.000000e+00
836 0.000000e+00
837 0.000000e+00
838 0.000000e+00
839 0.000000e+00
840 7.609686e-07
841 5.559556e-07
842 4.123974e-07
843 2.596343e-07
844 1.577818e-07
845 9.335674e-08
846 5.689707e-08
847 3.636671e-08
848 2.448239e-08
849 0.000000e+00
850 0.000000e+00
851 0.000000e+00
852 0.000000e+00
853 0.000000e+00
854 0.000000e+00
855 9.034708e-07
856 6.601393e-07
857 4.898344e-07
858 3.095543e-07
859 1.879543e-07
860 1.111685e-07
861 6.771198e-08
862 4.322638e-08
863 2.907417e-08
864 0.000000e+00
865 0.000000e+00
866 0.000000e+00
867 0.000000e+00
868 0.000000e+00
869 0.000000e+00
870 9.993278e-07
871 7.302182e-07
872 5.419243e-07
873 3.431341e-07
874 2.082519e-07
875 1.231503e-07
876 7.498702e-08
877 4.784112e-08
878 3.216291e-08
879 0.000000e+00
880 0.000000e+00
881 0.000000e+00
882 0.000000e+00
883 0.000000e+00
884 0.000000e+00
885 1.071193e-06
886 7.827614e-07
887 5.809742e-07
888 3.683088e-07
889 2.234694e-07
890 1.321335e-07
891 8.044121e-08
892 5.130076e-08
893 3.447879e-08
894 0.000000e+00
895 0.000000e+00
896 0.000000e+00
897 0.000000e+00
898 0.000000e+00
899 0.000000e+00
900 1.129439e-06
901 8.253442e-07
902 6.126261e-07
903 3.887123e-07
904 2.358020e-07
905 1.394142e-07
906 8.486152e-08
907 5.410480e-08
908 3.635564e-08
909 0.000000e+00
910 0.000000e+00
911 0.000000e+00
912 0.000000e+00
913 0.000000e+00
914 0.000000e+00
915 1.180268e-06
916 8.625041e-07
917 6.402459e-07
918 4.065191e-07
919 2.465652e-07
920 1.457672e-07
921 8.871918e-08
922 5.655163e-08
923 3.799350e-08
924 0.000000e+00
925 0.000000e+00
926 0.000000e+00
927 0.000000e+00
928 0.000000e+00
929 0.000000e+00
930 1.228328e-06
931 8.976415e-07
932 6.663623e-07
933 4.233551e-07
934 2.567415e-07
935 1.517741e-07
936 9.236655e-08
937 5.886515e-08
938 3.954205e-08
939 0.000000e+00
940 0.000000e+00
941 0.000000e+00
942 0.000000e+00
943 0.000000e+00
944 0.000000e+00
945 1.284683e-06
946 9.388454e-07
947 6.969857e-07
948 4.430983e-07
949 2.686743e-07
950 1.588185e-07
951 9.664394e-08
952 6.157795e-08
953 4.135810e-08
954 0.000000e+00
955 0.000000e+00
956 0.000000e+00
957 0.000000e+00
958 0.000000e+00
959 0.000000e+00
960 3.378151e-07
961 2.690720e-07
962 1.951884e-07
963 1.463743e-07
964 9.058027e-08
965 5.544265e-08
966 3.222565e-08
967 1.926905e-08
968 1.207499e-08
969 7.994169e-09
970 0.000000e+00
971 0.000000e+00
972 0.000000e+00
973 0.000000e+00
974 0.000000e+00
975 5.201818e-07
976 4.171210e-07
977 3.028660e-07
978 2.269151e-07
979 1.422137e-07
980 8.671170e-08
981 5.036467e-08
982 3.007527e-08
983 1.877973e-08
984 1.239737e-08
985 0.000000e+00
986 0.000000e+00
987 0.000000e+00
988 0.000000e+00
989 0.000000e+00
990 6.448120e-07
991 5.183992e-07
992 3.765467e-07
993 2.820115e-07
994 1.775998e-07
995 1.081223e-07
996 6.278598e-08
997 3.747520e-08
998 2.336911e-08
999 1.541004e-08
1000 0.000000e+00
1001 0.000000e+00
1002 0.000000e+00
1003 0.000000e+00
1004 0.000000e+00
1005 7.382357e-07
1006 5.943126e-07
1007 4.317715e-07
1008 3.233096e-07
1009 2.041234e-07
1010 1.241698e-07
1011 7.209649e-08
1012 4.302199e-08
1013 2.680897e-08
1014 1.766814e-08
1015 0.000000e+00
1016 0.000000e+00
1017 0.000000e+00
1018 0.000000e+00
1019 0.000000e+00
1020 8.139596e-07
1021 6.558390e-07
1022 4.765327e-07
1023 3.567807e-07
1024 2.256220e-07
1025 1.371778e-07
1026 7.964314e-08
1027 4.751755e-08
1028 2.959718e-08
1029 1.949827e-08
1030 0.000000e+00
1031 0.000000e+00
1032 0.000000e+00
1033 0.000000e+00
1034 0.000000e+00
1035 8.800254e-07
1036 7.095243e-07
1037 5.155916e-07
1038 3.859857e-07
1039 2.443794e-07
1040 1.485270e-07
1041 8.622743e-08
1042 5.144028e-08
1043 3.202995e-08
1044 2.109535e-08
1045 0.000000e+00
1046 0.000000e+00
1047 0.000000e+00
1048 0.000000e+00
1049 0.000000e+00
1050 9.425026e-07
1051 7.602938e-07
1052 5.525239e-07
1053 4.136024e-07
1054 2.621162e-07
1055 1.592602e-07
1056 9.245416e-08
1057 5.514956e-08
1058 3.433043e-08
1059 2.260546e-08
1060 0.000000e+00
1061 0.000000e+00
1062 0.000000e+00
1063 0.000000e+00
1064 0.000000e+00
1065 1.015768e-06
1066 8.198310e-07
1067 5.958365e-07
1068 4.459927e-07
1069 2.829175e-07
1070 1.718473e-07
1071 9.975607e-08
1072 5.949995e-08
1073 3.702828e-08
1074 2.437647e-08
1075 0.000000e+00
1076 0.000000e+00
1077 0.000000e+00
1078 0.000000e+00
1079 0.000000e+00
1080 1.989912e-07
1081 1.809995e-07
1082 1.394649e-07
1083 1.008525e-07
1084 7.557577e-08
1085 4.369536e-08
1086 2.678225e-08
1087 1.544094e-08
1088 9.129697e-09
1089 5.679575e-09
1090 0.000000e+00
1091 0.000000e+00
1092 0.000000e+00
1093 0.000000e+00
1094 0.000000e+00
1095 3.303550e-07
1096 3.017781e-07
1097 2.334527e-07
1098 1.687164e-07
1099 1.266126e-07
1100 7.359894e-08
1101 4.522721e-08
1102 2.601468e-08
1103 1.532860e-08
1104 9.514614e-09
1105 0.000000e+00
1106 0.000000e+00
1107 0.000000e+00
1108 0.000000e+00
1109 0.000000e+00
1110 4.306281e-07
1111 3.940344e-07
1112 3.052904e-07
1113 2.205837e-07
1114 1.656231e-07
1115 9.648070e-08
1116 5.934316e-08
1117 3.410488e-08
1118 2.006901e-08
1119 1.244631e-08
1120 0.000000e+00
1121 0.000000e+00
1122 0.000000e+00
1123 0.000000e+00
1124 0.000000e+00
1125 5.118675e-07
1126 4.687719e-07
1127 3.634880e-07
1128 2.626035e-07
1129 1.972257e-07
1130 1.150174e-07
1131 7.077884e-08
1132 4.065897e-08
1133 2.390921e-08
1134 1.482137e-08
1135 0.000000e+00
1136 0.000000e+00
1137 0.000000e+00
1138 0.000000e+00
1139 0.000000e+00
1140 5.827486e-07
1141 5.339873e-07
1142 4.142683e-07
1143 2.992682e-07
1144 2.248018e-07
1145 1.311919e-07
1146 8.075741e-08
1147 4.637790e-08
1148 2.726008e-08
1149 1.689370e-08
1150 0.000000e+00
1151 0.000000e+00
1152 0.000000e+00
1153 0.000000e+00
1154 0.000000e+00
1155 6.497794e-07
1156 5.956565e-07
1157 4.622896e-07
1158 3.339401e-07
1159 2.508792e-07
1160 1.464876e-07
1161 9.019339e-08
1162 5.178596e-08
1163 3.042881e-08
1164 1.885336e-08
1165 0.000000e+00
1166 0.000000e+00
1167 0.000000e+00
1168 0.000000e+00
1169 0.000000e+00
1170 7.283846e-07
1171 6.679733e-07
1172 5.186008e-07
1173 3.745984e-07
1174 2.814577e-07
1175 1.644239e-07
1176 1.012585e-07
1177 5.812754e-08
1178 3.414473e-08
1179 2.115149e-08
1180 0.000000e+00
1181 0.000000e+00
1182 0.000000e+00
1183 0.000000e+00
1184 0.000000e+00
1185 1.324555e-07
1186 1.307579e-07
1187 1.099736e-07
1188 8.034057e-08
1189 5.967995e-08
1190 4.057443e-08
1191 2.393837e-08
1192 1.363985e-08
1193 7.885547e-09
1194 4.659448e-09
1195 2.918424e-09
1196 0.000000e+00
1197 0.000000e+00
1198 0.000000e+00
1199 0.000000e+00
1200 2.310497e-07
1201 2.287171e-07
1202 1.930596e-07
1203 1.412763e-07
1204 1.047790e-07
1205 7.172145e-08
1206 4.211209e-08
1207 2.402757e-08
1208 1.390921e-08
1209 8.204381e-09
1210 5.128553e-09
1211 0.000000e+00
1212 0.000000e+00
1213 0.000000e+00
1214 0.000000e+00
1215 3.123232e-07
1216 3.095005e-07
1217 2.616148e-07
1218 1.915694e-07
1219 1.419926e-07
1220 9.744472e-08
1221 5.711211e-08
1222 3.260331e-08
1223 1.888242e-08
1224 1.113064e-08
1225 6.952519e-09
1226 0.000000e+00
1227 0.000000e+00
1228 0.000000e+00
1229 0.000000e+00
1230 3.831935e-07
1231 3.799432e-07
1232 3.213903e-07
1233 2.354215e-07
1234 1.744400e-07
1235 1.198757e-07
1236 7.019122e-08
1237 4.008120e-08
1238 2.321897e-08
1239 1.368230e-08
1240 8.542871e-09
1241 0.000000e+00
1242 0.000000e+00
1243 0.000000e+00
1244 0.000000e+00
1245 4.502140e-07
1246 4.465535e-07
1247 3.779187e-07
1248 2.768909e-07
1249 2.051254e-07
1250 1.410873e-07
1251 8.255985e-08
1252 4.715290e-08
1253 2.731994e-08
1254 1.609533e-08
1255 1.004685e-08
1256 0.000000e+00
1257 0.000000e+00
1258 0.000000e+00
1259 0.000000e+00
1260 5.288015e-07
1261 5.246659e-07
1262 4.442070e-07
1263 3.255223e-07
1264 2.411084e-07
1265 1.659601e-07
1266 9.706421e-08
1267 5.544503e-08
1268 3.212871e-08
1269 1.892488e-08
1270 1.181051e-08
1271 0.000000e+00
1272 0.000000e+00
1273 0.000000e+00
1274 0.000000e+00
1275 9.543988e-08
1276 9.938545e-08
1277 8.995170e-08
1278 6.882569e-08
1279 4.974879e-08
1280 3.726739e-08
1281 2.106053e-08
1282 1.272091e-08
1283 7.187016e-09
1284 4.150566e-09
1285 2.484588e-09
1286 0.000000e+00
1287 0.000000e+00
1288 0.000000e+00
1289 0.000000e+00
1290 1.734608e-07
1291 1.809946e-07
1292 1.643039e-07
1293 1.260453e-07
1294 9.105265e-08
1295 6.831104e-08
1296 3.870970e-08
1297 2.345483e-08
1298 1.322284e-08
1299 7.618662e-09
1300 4.552009e-09
1301 0.000000e+00
1302 0.000000e+00
1303 0.000000e+00
1304 0.000000e+00
1305 2.424635e-07
1306 2.531894e-07
1307 2.301014e-07
1308 1.766983e-07
1309 1.276149e-07
1310 9.579448e-08
1311 5.434251e-08
1312 3.296556e-08
1313 1.856968e-08
1314 1.068970e-08
1315 6.382328e-09
1316 0.000000e+00
1317 0.000000e+00
1318 0.000000e+00
1319 0.000000e+00
1320 3.076788e-07
1321 3.214192e-07
1322 2.922861e-07
1323 2.245715e-07
1324 1.621706e-07
1325 1.217691e-07
1326 6.911643e-08
1327 4.195372e-08
1328 2.362276e-08
1329 1.359201e-08
1330 8.112152e-09
1331 0.000000e+00
1332 0.000000e+00
1333 0.000000e+00
1334 0.000000e+00
1335 3.841561e-07
1336 4.014323e-07
1337 3.652105e-07
1338 2.807097e-07
1339 2.026908e-07
1340 1.522281e-07
1341 8.644124e-08
1342 5.249408e-08
1343 2.954836e-08
1344 1.699550e-08
1345 1.014064e-08
1346 0.000000e+00
1347 0.000000e+00
1348 0.000000e+00
1349 0.000000e+00
1350 7.310882e-08
1351 7.914060e-08
1352 7.590083e-08
1353 6.151858e-08
1354 4.438344e-08
1355 3.345738e-08
1356 2.090777e-08
1357 1.281666e-08
1358 7.115513e-09
1359 3.918304e-09
1360 2.264340e-09
1361 1.376882e-09
1362 0.000000e+00
1363 0.000000e+00
1364 0.000000e+00
1365 1.384597e-07
1366 1.501183e-07
1367 1.443175e-07
1368 1.173012e-07
1369 8.468076e-08
1370 6.377613e-08
1371 4.011204e-08
1372 2.452061e-08
1373 1.361593e-08
1374 7.501385e-09
1375 4.325517e-09
1376 2.624741e-09
1377 0.000000e+00
1378 0.000000e+00
1379 0.000000e+00
1380 2.008320e-07
1381 2.178706e-07
1382 2.096406e-07
1383 1.705756e-07
1384 1.231699e-07
1385 9.273081e-08
1386 5.846386e-08
1387 3.570149e-08
1388 1.982598e-08
1389 1.092492e-08
1390 6.294417e-09
1391 3.816486e-09
1392 0.000000e+00
1393 0.000000e+00
1394 0.000000e+00
1395 2.739546e-07
1396 2.973002e-07
1397 2.862206e-07
1398 2.330303e-07
1399 1.682909e-07
1400 1.266749e-07
1401 7.997821e-08
1402 4.880901e-08
1403 2.710609e-08
1404 1.493828e-08
1405 8.602574e-09
1406 5.213599e-09
1407 0.000000e+00
1408 0.000000e+00
1409 0.000000e+00
1410 5.944054e-08
1411 6.634394e-08
1412 6.665573e-08
1413 5.726356e-08
1414 4.221219e-08
1415 3.108898e-08
1416 2.190664e-08
1417 1.249700e-08
1418 7.036346e-09
1419 3.981465e-09
1420 2.214608e-09
1421 1.291461e-09
1422 0.000000e+00
1423 0.000000e+00
1424 0.000000e+00
1425 1.177593e-07
1426 1.316124e-07
1427 1.325020e-07
1428 1.141521e-07
1429 8.428508e-08
1430 6.200041e-08
1431 4.388725e-08
1432 2.495744e-08
1433 1.408106e-08
1434 7.966630e-09
1435 4.428964e-09
1436 2.577894e-09
1437 0.000000e+00
1438 0.000000e+00
1439 0.000000e+00
1440 1.864659e-07
1441 2.085133e-07
1442 2.100928e-07
1443 1.811975e-07
1444 1.338744e-07
1445 9.843172e-08
1446 6.979941e-08
1447 3.964442e-08
1448 2.238585e-08
1449 1.266432e-08
1450 7.039246e-09
1451 4.094128e-09
1452 0.000000e+00
1453 0.000000e+00
1454 0.000000e+00
1455 5.149936e-08
1456 5.901886e-08
1457 6.169334e-08
1458 5.605942e-08
1459 4.299475e-08
1460 3.105282e-08
1461 2.332470e-08
1462 1.307797e-08
1463 7.823373e-09
1464 4.286038e-09
1465 2.362588e-09
1466 1.319103e-09
1467 0.000000e+00
1468 0.000000e+00
1469 0.000000e+00
1470 1.144185e-07
1471 1.312917e-07
1472 1.375006e-07
1473 1.252951e-07
1474 9.633726e-08
1475 6.954081e-08
1476 5.230457e-08
1477 2.941269e-08
1478 1.765431e-08
1479 9.654152e-09
1480 5.309458e-09
1481 2.958535e-09
1482 0.000000e+00
1483 0.000000e+00
1484 0.000000e+00
1485 5.372365e-08
1486 6.312897e-08
1487 6.845111e-08
1488 6.571855e-08
1489 5.328878e-08
1490 3.845132e-08
1491 2.900707e-08
1492 1.803824e-08
1493 1.097702e-08
1494 5.956844e-09
1495 3.137599e-09
1496 1.692757e-09
1497 9.426264e-10
1498 0.000000e+00
1499 0.000000e+00
1500 1.109684e-04
1501 8.086786e-05
1502 6.035546e-05
1503 3.805236e-05
1504 2.321989e-05
1505 1.369104e-05
1506 8.324421e-06
1507 5.304277e-06
1508 3.565556e-06
1509 0.000000e+00
1510 0.000000e+00
1511 0.000000e+00
1512 0.000000e+00
1513 0.000000e+00
1514 0.000000e+00
1515 5.757601e-05
1516 4.644359e-05
1517 3.369791e-05
1518 2.528332e-05
1519 1.597668e-05
1520 9.754545e-06
1521 5.648866e-06
1522 3.364481e-06
1523 2.093966e-06
1524 1.379138e-06
1525 0.000000e+00
1526 0.000000e+00
1527 0.000000e+00
1528 0.000000e+00
1529 0.000000e+00
1530 4.047788e-05
1531 3.713775e-05
1532 2.882267e-05
1533 2.080348e-05
1534 1.566222e-05
1535 9.111532e-06
1536 5.625604e-06
1537 3.225263e-06
1538 1.896511e-06
1539 1.174730e-06
1540 0.000000e+00
1541 0.000000e+00
1542 0.000000e+00
1543 0.000000e+00
1544 0.000000e+00
1545 2.912801e-05
1546 2.891312e-05
1547 2.448503e-05
1548 1.793535e-05
1549 1.328396e-05
1550 9.154542e-06
1551 5.351144e-06
1552 3.053081e-06
1553 1.771954e-06
1554 1.042590e-06
1555 6.506122e-07
1556 0.000000e+00
1557 0.000000e+00
1558 0.000000e+00
1559 0.000000e+00
1560 2.085098e-05
1561 2.179680e-05
1562 1.983793e-05
1563 1.524768e-05
1564 1.100576e-05
1565 8.274949e-06
1566 4.689296e-06
1567 2.850415e-06
1568 1.602925e-06
1569 9.233707e-07
1570 5.506294e-07
1571 0.000000e+00
1572 0.000000e+00
1573 0.000000e+00
1574 0.000000e+00
1575 1.487210e-05
1576 1.614453e-05
1577 1.554949e-05
1578 1.266314e-05
1579 9.143013e-06
1580 6.883420e-06
1581 4.347301e-06
1582 2.655947e-06
1583 1.474901e-06
1584 8.112783e-07
1585 4.673052e-07
1586 2.832009e-07
1587 0.000000e+00
1588 0.000000e+00
1589 0.000000e+00
1590 1.001028e-05
1591 1.119728e-05
1592 1.128693e-05
1593 9.739022e-06
1594 7.195644e-06
1595 5.289411e-06
1596 3.755371e-06
1597 2.130464e-06
1598 1.202339e-06
1599 6.811759e-07
1600 3.783133e-07
1601 2.200058e-07
1602 0.000000e+00
1603 0.000000e+00
1604 0.000000e+00
1605 6.201116e-06
1606 7.118100e-06
1607 7.458527e-06
1608 6.801106e-06
1609 5.231433e-06
1610 3.775220e-06
1611 2.841823e-06
1612 1.597077e-06
1613 9.596537e-07
1614 5.242846e-07
1615 2.885232e-07
1616 1.606418e-07
1617 0.000000e+00
1618 0.000000e+00
1619 0.000000e+00
1620 3.163407e-06
1621 3.720115e-06
1622 4.038202e-06
1623 3.883392e-06
1624 3.154630e-06
1625 2.276770e-06
1626 1.716871e-06
1627 1.071974e-06
1628 6.518364e-07
1629 3.538249e-07
1630 1.861971e-07
1631 1.003484e-07
1632 5.578990e-08
1633 0.000000e+00
1634 0.000000e+00
1635 8.891198e-07
1636 1.072208e-06
1637 1.206146e-06
1638 1.224576e-06
1639 1.066696e-06
1640 7.933436e-07
1641 5.815894e-07
1642 4.169104e-07
1643 2.343421e-07
1644 1.314261e-07
1645 7.164692e-08
1646 3.730540e-08
1647 1.958823e-08
1648 0.000000e+00
1649 0.000000e+00
