0 2.182253e-09
1 1.416304e-09
2 8.902154e-10
3 5.612020e-10
4 3.610900e-10
5 2.378067e-10
6 1.581343e-10
7 1.038048e-10
8 6.569762e-11
9 3.938709e-11
10 2.215606e-11
11 1.168020e-11
12 5.812378e-12
13 2.761230e-12
14 1.267918e-12
15 3.709574e-09
16 2.464402e-09
17 1.564188e-09
18 9.749305e-10
19 6.170852e-10
20 4.000279e-10
21 2.648488e-10
22 1.756410e-10
23 1.137972e-10
24 7.049613e-11
25 4.111588e-11
26 2.244960e-11
27 1.150695e-11
28 5.590091e-12
29 2.606394e-12
30 4.238204e-09
31 2.833895e-09
32 1.807954e-09
33 1.125215e-09
34 7.092698e-10
35 4.574880e-10
36 3.020305e-10
37 2.005054e-10
38 1.305357e-10
39 8.147682e-11
40 4.798413e-11
41 2.646332e-11
42 1.368372e-11
43 6.695241e-12
44 3.137560e-12
45 4.528196e-09
46 3.036669e-09
47 1.941798e-09
48 1.207799e-09
49 7.599434e-10
50 4.890960e-10
51 3.224854e-10
52 2.141282e-10
53 1.397350e-10
54 8.751208e-11
55 5.176166e-11
56 2.866993e-11
57 1.488347e-11
58 7.302674e-12
59 3.429277e-12
60 4.723112e-09
61 3.172991e-09
62 2.031959e-09
63 1.263434e-09
64 7.941144e-10
65 5.103718e-10
66 3.362347e-10
67 2.233255e-10
68 1.459019e-10
69 9.158645e-11
70 5.429969e-11
71 3.015148e-11
72 1.568812e-11
73 7.712276e-12
74 3.626048e-12
75 4.869072e-09
76 3.275068e-09
77 2.099238e-09
78 1.305017e-09
79 8.195771e-10
80 5.262419e-10
81 3.465101e-10
82 2.301943e-10
83 1.505427e-10
84 9.462556e-11
85 5.619955e-11
86 3.126325e-11
87 1.629255e-11
88 8.019014e-12
89 3.773178e-12
90 4.986270e-09
91 3.357180e-09
92 2.153559e-09
93 1.338674e-09
94 8.401812e-10
95 5.390862e-10
96 3.548470e-10
97 2.357316e-10
98 1.542531e-10
99 9.707208e-11
100 5.773073e-11
101 3.215429e-11
102 1.678012e-11
103 8.266112e-12
104 3.892133e-12
105 5.090926e-09
106 3.430306e-09
107 2.201532e-09
108 1.368121e-09
109 8.583151e-10
110 5.503775e-10
111 3.621432e-10
112 2.406336e-10
113 1.575734e-10
114 9.925292e-11
115 5.908970e-11
116 3.294805e-11
117 1.720668e-11
118 8.485760e-12
119 3.997662e-12
120 5.189362e-09
121 3.499513e-09
122 2.247579e-09
123 1.396111e-09
124 8.756097e-10
125 5.611523e-10
126 3.690761e-10
127 2.453182e-10
128 1.606596e-10
129 1.012846e-10
130 6.038014e-11
131 3.370268e-11
132 1.761551e-11
133 8.690975e-12
134 4.096659e-12
135 5.302825e-09
136 3.578268e-09
137 2.299977e-09
138 1.428912e-09
139 8.955885e-10
140 5.736205e-10
141 3.770977e-10
142 2.506328e-10
143 1.643258e-10
144 1.037106e-10
145 6.187533e-11
146 3.457784e-11
147 1.809217e-11
148 8.930344e-12
149 4.211487e-12
150 7.867594e-09
151 5.414930e-09
152 3.554809e-09
153 2.219015e-09
154 1.376183e-09
155 8.679362e-10
156 5.630798e-10
157 3.727434e-10
158 2.464836e-10
159 1.586448e-10
160 9.725179e-11
161 5.601028e-11
162 3.016405e-11
163 1.525498e-11
164 7.323226e-12
165 9.941695e-09
166 6.927747e-09
167 4.614088e-09
168 2.909629e-09
169 1.794783e-09
170 1.122791e-09
171 7.204588e-10
172 4.739806e-10
173 3.139209e-10
174 2.039488e-10
175 1.269868e-10
176 7.454536e-11
177 4.094815e-11
178 2.108151e-11
179 1.026263e-11
180 1.113412e-08
181 7.800454e-09
182 5.226251e-09
183 3.311906e-09
184 2.039655e-09
185 1.271595e-09
186 8.121699e-10
187 5.326542e-10
188 3.528253e-10
189 2.301041e-10
190 1.441816e-10
191 8.531121e-11
192 4.725352e-11
193 2.451038e-11
194 1.200335e-11
195 1.193534e-08
196 8.388851e-09
197 5.638445e-09
198 3.583129e-09
199 2.204354e-09
200 1.371753e-09
201 8.736864e-10
202 5.721552e-10
203 3.790508e-10
204 2.476920e-10
205 1.557456e-10
206 9.255093e-11
207 5.149231e-11
208 2.681570e-11
209 1.317397e-11
210 1.253421e-08
211 8.829131e-09
212 5.946591e-09
213 3.785852e-09
214 2.327870e-09
215 1.446810e-09
216 9.197881e-10
217 6.016755e-10
218 3.986413e-10
219 2.608535e-10
220 1.644009e-10
221 9.796712e-11
222 5.466282e-11
223 2.854070e-11
224 1.405211e-11
225 1.301906e-08
226 9.183862e-09
227 6.195624e-09
228 3.949435e-09
229 2.427208e-09
230 1.507418e-09
231 9.571628e-10
232 6.254985e-10
233 4.144522e-10
234 2.714616e-10
235 1.713734e-10
236 1.023328e-10
237 5.721939e-11
238 2.993203e-11
239 1.475669e-11
240 1.344763e-08
241 9.497049e-09
242 6.416349e-09
243 4.093793e-09
244 2.515266e-09
245 1.560933e-09
246 9.899489e-10
247 6.465861e-10
248 4.285034e-10
249 2.808884e-10
250 1.775716e-10
251 1.062186e-10
252 5.949112e-11
253 3.116758e-11
254 1.537942e-11
255 1.384822e-08
256 9.791996e-09
257 6.622931e-09
258 4.231048e-09
259 2.598600e-09
260 1.611195e-09
261 1.020920e-09
262 6.664163e-10
263 4.416144e-10
264 2.896742e-10
265 1.833466e-10
266 1.098356e-10
267 6.161050e-11
268 3.232070e-11
269 1.596799e-11
270 1.431900e-08
271 1.013617e-08
272 6.863908e-09
273 4.388704e-09
274 2.694439e-09
275 1.669941e-09
276 1.057356e-09
277 6.896148e-10
278 4.569935e-10
279 3.000197e-10
280 1.901458e-10
281 1.140904e-10
282 6.410478e-11
283 3.368257e-11
284 1.665734e-11
285 1.363986e-08
286 9.701999e-09
287 6.588738e-09
288 4.250337e-09
289 2.618452e-09
290 1.622086e-09
291 1.022654e-09
292 6.635477e-10
293 4.378223e-10
294 2.869862e-10
295 1.822116e-10
296 1.098860e-10
297 6.222129e-11
298 3.298300e-11
299 1.645376e-11
300 1.604269e-08
301 1.153895e-08
302 7.907980e-09
303 5.160500e-09
304 3.191387e-09
305 1.966919e-09
306 1.230461e-09
307 7.922632e-10
308 5.207666e-10
309 3.421447e-10
310 2.189434e-10
311 1.336260e-10
312 7.674629e-11
313 4.127424e-11
314 2.085379e-11
315 1.768587e-08
316 1.280403e-08
317 8.815494e-09
318 5.787957e-09
319 3.588022e-09
320 2.205031e-09
321 1.374233e-09
322 8.811190e-10
323 5.779685e-10
324 3.801097e-10
325 2.442176e-10
326 1.499756e-10
327 8.677028e-11
328 4.701300e-11
329 2.390942e-11
330 1.891870e-08
331 1.375156e-08
332 9.496819e-09
333 6.256290e-09
334 3.885132e-09
335 2.383904e-09
336 1.481954e-09
337 9.477362e-10
338 6.209218e-10
339 4.085582e-10
340 2.631588e-10
341 1.622312e-10
342 9.428519e-11
343 5.131532e-11
344 2.620039e-11
345 1.990977e-08
346 1.451324e-08
347 1.004392e-08
348 6.635825e-09
349 4.124156e-09
350 2.527816e-09
351 1.568579e-09
352 1.001317e-09
353 6.553099e-10
354 4.313927e-10
355 2.783817e-10
356 1.720799e-10
357 1.003241e-10
358 5.477318e-11
359 2.804291e-11
360 2.079022e-08
361 1.519042e-08
362 1.053063e-08
363 6.970847e-09
364 4.336040e-09
365 2.655608e-09
366 1.645569e-09
367 1.048863e-09
368 6.859464e-10
369 4.517320e-10
370 2.918927e-10
371 1.808208e-10
372 1.056837e-10
373 5.784219e-11
374 2.967598e-11
375 2.161422e-08
376 1.582285e-08
377 1.098576e-08
378 7.285703e-09
379 4.534945e-09
380 2.775294e-09
381 1.717735e-09
382 1.093431e-09
383 7.146322e-10
384 4.707726e-10
385 3.045792e-10
386 1.890211e-10
387 1.107114e-10
388 6.072036e-11
389 3.120819e-11
390 2.257887e-08
391 1.656481e-08
392 1.151819e-08
393 7.652522e-09
394 4.767610e-09
395 2.915776e-09
396 1.802217e-09
397 1.145732e-09
398 7.481795e-10
399 4.930822e-10
400 3.194204e-10
401 1.986108e-10
402 1.165915e-10
403 6.408723e-11
404 3.300120e-11
405 1.968233e-08
406 1.442316e-08
407 1.000880e-08
408 6.635570e-09
409 4.153321e-09
410 2.542939e-09
411 1.576887e-09
412 1.002652e-09
413 6.536219e-10
414 4.293217e-10
415 2.769749e-10
416 1.716152e-10
417 1.005215e-10
418 5.522542e-11
419 2.846848e-11
420 2.234320e-08
421 1.656321e-08
422 1.158323e-08
423 7.743077e-09
424 4.887211e-09
425 2.984025e-09
426 1.842635e-09
427 1.162990e-09
428 7.538796e-10
429 4.945637e-10
430 3.202878e-10
431 2.000181e-10
432 1.184042e-10
433 6.583000e-11
434 3.432992e-11
435 2.435070e-08
436 1.818195e-08
437 1.277316e-08
438 8.583422e-09
439 5.444887e-09
440 3.320211e-09
441 2.045048e-09
442 1.284821e-09
443 8.301161e-10
444 5.440733e-10
445 3.531198e-10
446 2.215529e-10
447 1.319794e-10
448 7.389080e-11
449 3.879363e-11
450 2.596424e-08
451 1.948368e-08
452 1.373370e-08
453 9.260184e-09
454 5.892786e-09
455 3.590529e-09
456 2.207696e-09
457 1.382752e-09
458 8.912999e-10
459 5.838277e-10
460 3.794822e-10
461 2.388471e-10
462 1.428812e-10
463 8.036183e-11
464 4.237526e-11
465 2.739894e-08
466 2.063723e-08
467 1.458483e-08
468 9.858198e-09
469 6.290535e-09
470 3.830393e-09
471 2.351792e-09
472 1.469763e-09
473 9.456217e-10
474 6.191560e-10
475 4.028948e-10
476 2.541994e-10
477 1.525594e-10
478 8.611155e-11
479 4.556000e-11
480 2.874263e-08
481 2.172131e-08
482 1.538225e-08
483 1.041943e-08
484 6.664431e-09
485 4.054834e-09
486 2.487190e-09
487 1.551209e-09
488 9.965448e-10
489 6.522383e-10
490 4.248759e-10
491 2.686138e-10
492 1.616448e-10
493 9.149586e-11
494 4.854015e-11
495 3.031615e-08
496 2.298691e-08
497 1.631573e-08
498 1.107794e-08
499 7.100578e-09
500 4.318172e-09
501 2.645585e-09
502 1.646652e-09
503 1.056110e-09
504 6.909723e-10
505 4.505305e-10
506 2.854207e-10
507 1.722509e-10
508 9.780319e-11
509 5.203313e-11
510 2.604888e-08
511 1.964424e-08
512 1.390016e-08
513 9.390281e-09
514 6.009092e-09
515 3.669427e-09
516 2.254348e-09
517 1.407834e-09
518 9.041935e-10
519 5.907210e-10
520 3.836038e-10
521 2.417169e-10
522 1.450522e-10
523 8.197655e-11
524 4.348022e-11
525 2.896479e-08
526 2.209791e-08
527 1.575757e-08
528 1.071764e-08
529 6.917841e-09
530 4.231559e-09
531 2.590613e-09
532 1.607322e-09
533 1.026216e-09
534 6.682154e-10
535 4.343914e-10
536 2.751270e-10
537 1.664581e-10
538 9.502089e-11
539 5.093225e-11
540 3.131948e-08
541 2.407923e-08
542 1.726143e-08
543 1.179217e-08
544 7.652341e-09
545 4.687381e-09
546 2.862914e-09
547 1.769024e-09
548 1.124913e-09
549 7.308927e-10
550 4.754436e-10
551 3.021265e-10
552 1.837594e-10
553 1.055694e-10
554 5.696231e-11
555 3.340881e-08
556 2.583816e-08
557 1.859968e-08
558 1.274482e-08
559 8.305693e-09
560 5.092117e-09
561 3.105010e-09
562 1.912694e-09
563 1.212612e-09
564 7.865833e-10
565 5.119031e-10
566 3.261026e-10
567 1.991241e-10
568 1.149387e-10
569 6.231983e-11
570 3.536655e-08
571 2.748554e-08
572 1.984961e-08
573 1.363678e-08
574 8.918373e-09
575 5.470784e-09
576 3.331484e-09
577 2.047349e-09
578 1.294733e-09
579 8.387410e-10
580 5.460774e-10
581 3.485786e-10
582 2.135257e-10
583 1.237180e-10
584 6.733779e-11
585 3.766668e-08
586 2.941579e-08
587 2.131538e-08
588 1.468482e-08
589 9.633810e-09
590 5.914610e-09
591 3.596929e-09
592 2.204699e-09
593 1.390809e-09
594 8.997414e-10
595 5.860285e-10
596 3.748556e-10
597 2.303660e-10
598 1.339857e-10
599 7.320875e-11
600 3.283517e-08
601 2.546140e-08
602 1.837115e-08
603 1.260351e-08
604 8.230243e-09
605 5.067632e-09
606 3.086846e-09
607 1.900907e-09
608 1.202743e-09
609 7.783676e-10
610 5.056623e-10
611 3.219024e-10
612 1.966737e-10
613 1.137385e-10
614 6.185834e-11
615 3.605534e-08
616 2.827211e-08
617 2.057912e-08
618 1.420208e-08
619 9.342946e-09
620 5.783565e-09
621 3.511634e-09
622 2.152769e-09
623 1.353422e-09
624 8.718911e-10
625 5.658833e-10
626 3.613245e-10
627 2.221463e-10
628 1.295647e-10
629 7.114341e-11
630 3.891494e-08
631 3.077373e-08
632 2.254277e-08
633 1.562264e-08
634 1.033444e-08
635 6.421384e-09
636 3.890161e-09
637 2.377458e-09
638 1.487826e-09
639 9.551748e-10
640 6.194961e-10
641 3.964094e-10
642 2.448163e-10
643 1.436527e-10
644 7.941254e-11
645 4.159717e-08
646 3.311969e-08
647 2.438236e-08
648 1.695637e-08
649 1.126551e-08
650 7.019768e-09
651 4.245472e-09
652 2.588254e-09
653 1.613929e-09
654 1.033329e-09
655 6.697988e-10
656 4.293339e-10
657 2.660903e-10
658 1.568711e-10
659 8.716912e-11
660 4.474129e-08
661 3.587054e-08
662 2.653636e-08
663 1.851698e-08
664 1.235170e-08
665 7.719089e-09
666 4.660249e-09
667 2.834178e-09
668 1.761117e-09
669 1.124624e-09
670 7.285358e-10
671 4.677786e-10
672 2.909335e-10
673 1.723086e-10
674 9.623026e-11
675 4.020055e-08
676 3.200546e-08
677 2.358714e-08
678 1.641407e-08
679 1.090023e-08
680 6.814280e-09
681 4.124295e-09
682 2.517049e-09
683 1.568216e-09
684 1.002546e-09
685 6.486558e-10
686 4.150908e-10
687 2.569813e-10
688 1.514639e-10
689 8.422996e-11
690 4.396740e-08
691 3.541698e-08
692 2.635826e-08
693 1.845635e-08
694 1.234130e-08
695 7.772692e-09
696 4.697167e-09
697 2.857787e-09
698 1.768537e-09
699 1.123869e-09
700 7.251417e-10
701 4.646054e-10
702 2.890263e-10
703 1.716339e-10
704 9.632197e-11
705 4.750692e-08
706 3.862203e-08
707 2.895810e-08
708 2.037794e-08
709 1.369737e-08
710 8.673792e-09
711 5.236357e-09
712 3.178087e-09
713 1.956894e-09
714 1.238015e-09
715 7.970746e-10
716 5.111709e-10
717 3.191606e-10
718 1.906000e-10
719 1.076921e-10
720 5.164853e-08
721 4.236587e-08
722 3.199658e-08
723 2.262308e-08
724 1.527840e-08
725 9.726760e-09
726 5.865326e-09
727 3.552078e-09
728 2.176710e-09
729 1.371137e-09
730 8.809788e-10
731 5.654897e-10
732 3.543158e-10
733 2.127271e-10
734 1.209584e-10
735 4.879293e-08
736 3.991633e-08
737 3.011526e-08
738 2.129095e-08
739 1.435750e-08
740 9.145981e-09
741 5.533112e-09
742 3.353560e-09
743 2.056698e-09
744 1.295497e-09
745 8.311812e-10
746 5.323426e-10
747 3.327347e-10
748 1.993475e-10
749 1.131968e-10
750 5.341716e-08
751 4.424658e-08
752 3.376210e-08
753 2.405289e-08
754 1.632472e-08
755 1.048848e-08
756 6.357112e-09
757 3.840683e-09
758 2.339942e-09
759 1.463702e-09
760 9.346868e-10
761 5.981886e-10
762 3.751254e-10
763 2.262204e-10
764 1.295892e-10
765 5.882524e-08
766 4.931172e-08
767 3.801092e-08
768 2.727461e-08
769 1.862032e-08
770 1.205685e-08
771 7.320023e-09
772 4.409850e-09
773 2.670623e-09
774 1.660050e-09
775 1.055464e-09
776 6.750289e-10
777 4.245942e-10
778 2.575806e-10
779 1.487206e-10
780 5.938253e-08
781 5.000463e-08
782 3.876449e-08
783 2.794634e-08
784 1.913138e-08
785 1.243802e-08
786 7.592853e-09
787 4.565923e-09
788 2.760702e-09
789 1.709347e-09
790 1.082436e-09
791 6.903106e-10
792 4.338318e-10
793 2.634948e-10
794 1.525991e-10
795 6.649169e-08
796 5.689316e-08
797 4.477735e-08
798 3.265413e-08
799 2.253794e-08
800 1.480838e-08
801 9.107730e-09
802 5.454744e-09
803 3.277550e-09
804 2.009942e-09
805 1.262289e-09
806 8.018919e-10
807 5.046634e-10
808 3.083878e-10
809 1.803261e-10
810 7.633174e-08
811 6.678024e-08
812 5.380567e-08
813 4.002347e-08
814 2.799431e-08
815 1.865901e-08
816 1.167543e-08
817 6.975692e-09
818 4.167432e-09
819 2.517040e-09
820 1.556237e-09
821 9.782012e-10
822 6.138131e-10
823 3.768659e-10
824 2.228430e-10
825 5.038509e-07
826 3.680091e-07
827 2.726869e-07
828 1.696835e-07
829 1.033802e-07
830 6.124536e-08
831 3.739827e-08
832 2.399461e-08
833 1.619879e-08
834 0.000000e+00
835 0.000000e+00
836 0.000000e+00
837 0.000000e+00
838 0.000000e+00
839 0.000000e+00
840 7.614076e-07
841 5.562766e-07
842 4.126359e-07
843 2.597882e-07
844 1.578748e-07
845 9.341164e-08
846 5.693040e-08
847 3.638785e-08
848 2.449654e-08
849 0.000000e+00
850 0.000000e+00
851 0.000000e+00
852 0.000000e+00
853 0.000000e+00
854 0.000000e+00
855 9.040285e-07
856 6.605469e-07
857 4.901374e-07
858 3.097497e-07
859 1.880724e-07
860 1.112382e-07
861 6.775431e-08
862 4.325319e-08
863 2.909214e-08
864 0.000000e+00
865 0.000000e+00
866 0.000000e+00
867 0.000000e+00
868 0.000000e+00
869 0.000000e+00
870 9.999138e-07
871 7.306466e-07
872 5.422427e-07
873 3.433393e-07
874 2.083760e-07
875 1.232235e-07
876 7.503149e-08
877 4.786933e-08
878 3.218179e-08
879 0.000000e+00
880 0.000000e+00
881 0.000000e+00
882 0.000000e+00
883 0.000000e+00
884 0.000000e+00
885 1.071773e-06
886 7.831853e-07
887 5.812893e-07
888 3.685119e-07
889 2.235922e-07
890 1.322059e-07
891 8.048521e-08
892 5.132867e-08
893 3.449747e-08
894 0.000000e+00
895 0.000000e+00
896 0.000000e+00
897 0.000000e+00
898 0.000000e+00
899 0.000000e+00
900 1.129533e-06
901 8.254131e-07
902 6.126773e-07
903 3.887453e-07
904 2.358219e-07
905 1.394259e-07
906 8.486868e-08
907 5.410934e-08
908 3.635868e-08
909 0.000000e+00
910 0.000000e+00
911 0.000000e+00
912 0.000000e+00
913 0.000000e+00
914 0.000000e+00
915 1.180803e-06
916 8.628951e-07
917 6.405365e-07
918 4.067065e-07
919 2.466785e-07
920 1.458341e-07
921 8.875978e-08
922 5.657738e-08
923 3.801074e-08
924 0.000000e+00
925 0.000000e+00
926 0.000000e+00
927 0.000000e+00
928 0.000000e+00
929 0.000000e+00
930 1.228965e-06
931 8.981068e-07
932 6.667081e-07
933 4.235780e-07
934 2.568762e-07
935 1.518536e-07
936 9.241485e-08
937 5.889579e-08
938 3.956255e-08
939 0.000000e+00
940 0.000000e+00
941 0.000000e+00
942 0.000000e+00
943 0.000000e+00
944 0.000000e+00
945 1.285167e-06
946 9.391999e-07
947 6.972492e-07
948 4.432681e-07
949 2.687774e-07
950 1.588791e-07
951 9.668073e-08
952 6.160129e-08
953 4.137372e-08
954 0.000000e+00
955 0.000000e+00
956 0.000000e+00
957 0.000000e+00
958 0.000000e+00
959 0.000000e+00
960 3.370847e-07
961 2.684295e-07
962 1.947137e-07
963 1.460254e-07
964 9.032337e-08
965 5.529595e-08
966 3.214048e-08
967 1.921837e-08
968 1.204466e-08
969 7.974894e-09
970 0.000000e+00
971 0.000000e+00
972 0.000000e+00
973 0.000000e+00
974 0.000000e+00
975 5.209057e-07
976 4.177084e-07
977 3.032938e-07
978 2.272351e-07
979 1.424191e-07
980 8.683603e-08
981 5.043679e-08
982 3.011826e-08
983 1.880638e-08
984 1.241487e-08
985 0.000000e+00
986 0.000000e+00
987 0.000000e+00
988 0.000000e+00
989 0.000000e+00
990 6.455710e-07
991 5.190155e-07
992 3.769950e-07
993 2.823469e-07
994 1.778151e-07
995 1.082526e-07
996 6.286157e-08
997 3.752023e-08
998 2.339703e-08
999 1.542837e-08
1000 0.000000e+00
1001 0.000000e+00
1002 0.000000e+00
1003 0.000000e+00
1004 0.000000e+00
1005 7.389888e-07
1006 5.949245e-07
1007 4.322160e-07
1008 3.236424e-07
1009 2.043372e-07
1010 1.242991e-07
1011 7.217165e-08
1012 4.306669e-08
1013 2.683664e-08
1014 1.768634e-08
1015 0.000000e+00
1016 0.000000e+00
1017 0.000000e+00
1018 0.000000e+00
1019 0.000000e+00
1020 8.140761e-07
1021 6.559339e-07
1022 4.766015e-07
1023 3.568321e-07
1024 2.256550e-07
1025 1.371978e-07
1026 7.965474e-08
1027 4.752446e-08
1028 2.960147e-08
1029 1.950109e-08
1030 0.000000e+00
1031 0.000000e+00
1032 0.000000e+00
1033 0.000000e+00
1034 0.000000e+00
1035 8.807236e-07
1036 7.100916e-07
1037 5.160043e-07
1038 3.862943e-07
1039 2.445775e-07
1040 1.486469e-07
1041 8.629700e-08
1042 5.148173e-08
1043 3.205566e-08
1044 2.111222e-08
1045 0.000000e+00
1046 0.000000e+00
1047 0.000000e+00
1048 0.000000e+00
1049 0.000000e+00
1050 9.433296e-07
1051 7.609658e-07
1052 5.530127e-07
1053 4.139680e-07
1054 2.623510e-07
1055 1.594023e-07
1056 9.253657e-08
1057 5.519866e-08
1058 3.436088e-08
1059 2.262545e-08
1060 0.000000e+00
1061 0.000000e+00
1062 0.000000e+00
1063 0.000000e+00
1064 0.000000e+00
1065 1.016400e-06
1066 8.203449e-07
1067 5.962104e-07
1068 4.462723e-07
1069 2.830971e-07
1070 1.719559e-07
1071 9.981911e-08
1072 5.953750e-08
1073 3.705157e-08
1074 2.439176e-08
1075 0.000000e+00
1076 0.000000e+00
1077 0.000000e+00
1078 0.000000e+00
1079 0.000000e+00
1080 1.984113e-07
1081 1.804342e-07
1082 1.389991e-07
1083 1.005185e-07
1084 7.532161e-08
1085 4.353363e-08
1086 2.668066e-08
1087 1.538388e-08
1088 9.097768e-09
1089 5.660329e-09
1090 0.000000e+00
1091 0.000000e+00
1092 0.000000e+00
1093 0.000000e+00
1094 0.000000e+00
1095 3.311662e-07
1096 3.025238e-07
1097 2.340334e-07
1098 1.691356e-07
1099 1.269280e-07
1100 7.378373e-08
1101 4.534122e-08
1102 2.608003e-08
1103 1.536690e-08
1104 9.538295e-09
1105 0.000000e+00
1106 0.000000e+00
1107 0.000000e+00
1108 0.000000e+00
1109 0.000000e+00
1110 4.314350e-07
1111 3.947767e-07
1112 3.058682e-07
1113 2.210010e-07
1114 1.659370e-07
1115 9.666480e-08
1116 5.945673e-08
1117 3.416997e-08
1118 2.010715e-08
1119 1.246990e-08
1120 0.000000e+00
1121 0.000000e+00
1122 0.000000e+00
1123 0.000000e+00
1124 0.000000e+00
1125 5.119933e-07
1126 4.688877e-07
1127 3.635781e-07
1128 2.626686e-07
1129 1.972747e-07
1130 1.150460e-07
1131 7.079654e-08
1132 4.066911e-08
1133 2.391515e-08
1134 1.482505e-08
1135 0.000000e+00
1136 0.000000e+00
1137 0.000000e+00
1138 0.000000e+00
1139 0.000000e+00
1140 5.834970e-07
1141 5.346762e-07
1142 4.148045e-07
1143 2.996555e-07
1144 2.250929e-07
1145 1.313627e-07
1146 8.086278e-08
1147 4.643829e-08
1148 2.729546e-08
1149 1.691558e-08
1150 0.000000e+00
1151 0.000000e+00
1152 0.000000e+00
1153 0.000000e+00
1154 0.000000e+00
1155 6.506636e-07
1156 5.964699e-07
1157 4.629231e-07
1158 3.343975e-07
1159 2.512232e-07
1160 1.466893e-07
1161 9.031786e-08
1162 5.185729e-08
1163 3.047061e-08
1164 1.887921e-08
1165 0.000000e+00
1166 0.000000e+00
1167 0.000000e+00
1168 0.000000e+00
1169 0.000000e+00
1170 7.290629e-07
1171 6.685985e-07
1172 5.190867e-07
1173 3.749492e-07
1174 2.817216e-07
1175 1.645787e-07
1176 1.013540e-07
1177 5.818227e-08
1178 3.417680e-08
1179 2.117132e-08
1180 0.000000e+00
1181 0.000000e+00
1182 0.000000e+00
1183 0.000000e+00
1184 0.000000e+00
1185 1.319925e-07
1186 1.302789e-07
1187 1.095452e-07
1188 8.001811e-08
1189 5.944680e-08
1190 4.039804e-08
1191 2.384175e-08
1192 1.358338e-08
1193 7.852370e-09
1194 4.640310e-09
1195 2.906841e-09
1196 0.000000e+00
1197 0.000000e+00
1198 0.000000e+00
1199 0.000000e+00
1200 2.318548e-07
1201 2.295169e-07
1202 1.937381e-07
1203 1.417738e-07
1204 1.051473e-07
1205 7.197588e-08
1206 4.226051e-08
1207 2.411235e-08
1208 1.395841e-08
1209 8.233319e-09
1210 5.146602e-09
1211 0.000000e+00
1212 0.000000e+00
1213 0.000000e+00
1214 0.000000e+00
1215 3.124485e-07
1216 3.096251e-07
1217 2.617205e-07
1218 1.916469e-07
1219 1.420500e-07
1220 9.748441e-08
1221 5.713525e-08
1222 3.261654e-08
1223 1.889010e-08
1224 1.113515e-08
1225 6.955333e-09
1226 0.000000e+00
1227 0.000000e+00
1228 0.000000e+00
1229 0.000000e+00
1230 3.839392e-07
1231 3.806844e-07
1232 3.220190e-07
1233 2.358829e-07
1234 1.747814e-07
1235 1.201117e-07
1236 7.032884e-08
1237 4.015988e-08
1238 2.326460e-08
1239 1.370917e-08
1240 8.559606e-09
1241 0.000000e+00
1242 0.000000e+00
1243 0.000000e+00
1244 0.000000e+00
1245 4.511005e-07
1246 4.474346e-07
1247 3.786664e-07
1248 2.774394e-07
1249 2.055312e-07
1250 1.413678e-07
1251 8.272351e-08
1252 4.724643e-08
1253 2.737418e-08
1254 1.612724e-08
1255 1.006674e-08
1256 0.000000e+00
1257 0.000000e+00
1258 0.000000e+00
1259 0.000000e+00
1260 5.294808e-07
1261 5.253411e-07
1262 4.447799e-07
1263 3.259427e-07
1264 2.414194e-07
1265 1.661750e-07
1266 9.718957e-08
1267 5.551670e-08
1268 3.217027e-08
1269 1.894934e-08
1270 1.182575e-08
1271 0.000000e+00
1272 0.000000e+00
1273 0.000000e+00
1274 0.000000e+00
1275 9.510993e-08
1276 9.902793e-08
1277 8.960905e-08
1278 6.854950e-08
1279 4.955129e-08
1280 3.711581e-08
1281 2.096995e-08
1282 1.266337e-08
1283 7.155559e-09
1284 4.133217e-09
1285 2.474534e-09
1286 0.000000e+00
1287 0.000000e+00
1288 0.000000e+00
1289 0.000000e+00
1290 1.735786e-07
1291 1.811177e-07
1292 1.644158e-07
1293 1.261312e-07
1294 9.111473e-08
1295 6.835768e-08
1296 3.873618e-08
1297 2.347094e-08
1298 1.323185e-08
1299 7.623867e-09
1300 4.555115e-09
1301 0.000000e+00
1302 0.000000e+00
1303 0.000000e+00
1304 0.000000e+00
1305 2.431892e-07
1306 2.539481e-07
1307 2.307931e-07
1308 1.772309e-07
1309 1.279993e-07
1310 9.608344e-08
1311 5.450687e-08
1312 3.306552e-08
1313 1.862590e-08
1314 1.072199e-08
1315 6.401572e-09
1316 0.000000e+00
1317 0.000000e+00
1318 0.000000e+00
1319 0.000000e+00
1320 3.085402e-07
1321 3.223210e-07
1322 2.931082e-07
1323 2.252042e-07
1324 1.626272e-07
1325 1.221124e-07
1326 6.931168e-08
1327 4.207245e-08
1328 2.368954e-08
1329 1.363037e-08
1330 8.135013e-09
1331 0.000000e+00
1332 0.000000e+00
1333 0.000000e+00
1334 0.000000e+00
1335 3.848178e-07
1336 4.021248e-07
1337 3.658413e-07
1338 2.811952e-07
1339 2.030413e-07
1340 1.524915e-07
1341 8.659110e-08
1342 5.258525e-08
1343 2.959962e-08
1344 1.702494e-08
1345 1.015819e-08
1346 0.000000e+00
1347 0.000000e+00
1348 0.000000e+00
1349 0.000000e+00
1350 7.234691e-08
1351 7.830516e-08
1352 7.508406e-08
1353 6.084104e-08
1354 4.389196e-08
1355 3.308965e-08
1356 2.066601e-08
1357 1.267188e-08
1358 7.035013e-09
1359 3.873704e-09
1360 2.239019e-09
1361 1.361734e-09
1362 0.000000e+00
1363 0.000000e+00
1364 0.000000e+00
1365 1.391557e-07
1366 1.508741e-07
1367 1.450462e-07
1368 1.178953e-07
1369 8.511004e-08
1370 6.409894e-08
1371 4.031661e-08
1372 2.464531e-08
1373 1.368517e-08
1374 7.539565e-09
1375 4.347476e-09
1376 2.638034e-09
1377 0.000000e+00
1378 0.000000e+00
1379 0.000000e+00
1380 2.016559e-07
1381 2.187653e-07
1382 2.105026e-07
1383 1.712791e-07
1384 1.236782e-07
1385 9.311317e-08
1386 5.870622e-08
1387 3.584917e-08
1388 1.990798e-08
1389 1.097013e-08
1390 6.320418e-09
1391 3.832224e-09
1392 0.000000e+00
1393 0.000000e+00
1394 0.000000e+00
1395 2.745855e-07
1396 2.979855e-07
1397 2.868813e-07
1398 2.335692e-07
1399 1.686802e-07
1400 1.269678e-07
1401 8.016383e-08
1402 4.892210e-08
1403 2.716891e-08
1404 1.497291e-08
1405 8.622489e-09
1406 5.225653e-09
1407 0.000000e+00
1408 0.000000e+00
1409 0.000000e+00
1410 5.947105e-08
1411 6.637273e-08
1412 6.667688e-08
1413 5.727165e-08
1414 4.221393e-08
1415 3.109245e-08
1416 2.190338e-08
1417 1.249733e-08
1418 7.035582e-09
1419 3.981164e-09
1420 2.214478e-09
1421 1.291531e-09
1422 0.000000e+00
1423 0.000000e+00
1424 0.000000e+00
1425 1.185341e-07
1426 1.324798e-07
1427 1.333772e-07
1428 1.149082e-07
1429 8.484422e-08
1430 6.241129e-08
1431 4.417953e-08
1432 2.512310e-08
1433 1.417472e-08
1434 8.019611e-09
1435 4.458403e-09
1436 2.594992e-09
1437 0.000000e+00
1438 0.000000e+00
1439 0.000000e+00
1440 1.870594e-07
1441 2.091775e-07
1442 2.107631e-07
1443 1.817766e-07
1444 1.343030e-07
1445 9.874642e-08
1446 7.002325e-08
1447 3.977125e-08
1448 2.245757e-08
1449 1.270490e-08
1450 7.061794e-09
1451 4.107230e-09
1452 0.000000e+00
1453 0.000000e+00
1454 0.000000e+00
1455 5.186031e-08
1456 5.943053e-08
1457 6.212042e-08
1458 5.644313e-08
1459 4.328584e-08
1460 3.126339e-08
1461 2.348216e-08
1462 1.316485e-08
1463 7.874621e-09
1464 4.314302e-09
1465 2.378385e-09
1466 1.327990e-09
1467 0.000000e+00
1468 0.000000e+00
1469 0.000000e+00
1470 1.149633e-07
1471 1.319174e-07
1472 1.381570e-07
1473 1.258947e-07
1474 9.679925e-08
1475 6.987418e-08
1476 5.255556e-08
1477 2.955421e-08
1478 1.773950e-08
1479 9.700679e-09
1480 5.334982e-09
1481 2.972735e-09
1482 0.000000e+00
1483 0.000000e+00
1484 0.000000e+00
1485 5.409635e-08
1486 6.356662e-08
1487 6.892523e-08
1488 6.617257e-08
1489 5.365622e-08
1490 3.871632e-08
1491 2.920707e-08
1492 1.816202e-08
1493 1.105258e-08
1494 5.997847e-09
1495 3.159129e-09
1496 1.704393e-09
1497 9.491215e-10
1498 0.000000e+00
1499 0.000000e+00
1500 1.109684e-04
1501 8.086786e-05
1502 6.035546e-05
1503 3.805236e-05
1504 2.321989e-05
1505 1.369104e-05
1506 8.324421e-06
1507 5.304277e-06
1508 3.565556e-06
1509 0.000000e+00
1510 0.000000e+00
1511 0.000000e+00
1512 0.000000e+00
1513 0.000000e+00
1514 0.000000e+00
1515 5.757601e-05
1516 4.644359e-05
1517 3.369791e-05
1518 2.528332e-05
1519 1.597668e-05
1520 9.754545e-06
1521 5.648866e-06
1522 3.364481e-06
1523 2.093966e-06
1524 1.379138e-06
1525 0.000000e+00
1526 0.000000e+00
1527 0.000000e+00
1528 0.000000e+00
1529 0.000000e+00
1530 4.047788e-05
1531 3.713775e-05
1532 2.882267e-05
1533 2.080348e-05
1534 1.566222e-05
1535 9.111532e-06
1536 5.625604e-06
1537 3.225263e-06
1538 1.896511e-06
1539 1.174730e-06
1540 0.000000e+00
1541 0.000000e+00
1542 0.000000e+00
1543 0.000000e+00
1544 0.000000e+00
1545 2.912801e-05
1546 2.891312e-05
1547 2.448503e-05
1548 1.793535e-05
1549 1.328396e-05
1550 9.154542e-06
1551 5.351144e-06
1552 3.053081e-06
1553 1.771954e-06
1554 1.042590e-06
1555 6.506122e-07
1556 0.000000e+00
1557 0.000000e+00
1558 0.000000e+00
1559 0.000000e+00
1560 2.085098e-05
1561 2.179680e-05
1562 1.983793e-05
1563 1.524768e-05
1564 1.100576e-05
1565 8.274949e-06
1566 4.689296e-06
1567 2.850415e-06
1568 1.602925e-06
1569 9.233707e-07
1570 5.506294e-07
1571 0.000000e+00
1572 0.000000e+00
1573 0.000000e+00
1574 0.000000e+00
1575 1.487210e-05
1576 1.614453e-05
1577 1.554949e-05
1578 1.266314e-05
1579 9.143013e-06
1580 6.883420e-06
1581 4.347301e-06
1582 2.655947e-06
1583 1.474901e-06
1584 8.112783e-07
1585 4.673052e-07
1586 2.832009e-07
1587 0.000000e+00
1588 0.000000e+00
1589 0.000000e+00
1590 1.001028e-05
1591 1.119728e-05
1592 1.128693e-05
1593 9.739022e-06
1594 7.195644e-06
1595 5.289411e-06
1596 3.755371e-06
1597 2.130464e-06
1598 1.202339e-06
1599 6.811759e-07
1600 3.783133e-07
1601 2.200058e-07
1602 0.000000e+00
1603 0.000000e+00
1604 0.000000e+00
1605 6.201116e-06
1606 7.118100e-06
1607 7.458527e-06
1608 6.801106e-06
1609 5.231433e-06
1610 3.775220e-06
1611 2.841823e-06
1612 1.597077e-06
1613 9.596537e-07
1614 5.242846e-07
1615 2.885232e-07
1616 1.606418e-07
1617 0.000000e+00
1618 0.000000e+00
1619 0.000000e+00
1620 3.163407e-06
1621 3.720115e-06
1622 4.038202e-06
1623 3.883392e-06
1624 3.154630e-06
1625 2.276770e-06
1626 1.716871e-06
1627 1.071974e-06
1628 6.518364e-07
1629 3.538249e-07
1630 1.861971e-07
1631 1.003484e-07
1632 5.578990e-08
1633 0.000000e+00
1634 0.000000e+00
1635 8.891198e-07
1636 1.072208e-06
1637 1.206146e-06
1638 1.224576e-06
1639 1.066696e-06
1640 7.933436e-07
1641 5.815894e-07
1642 4.169104e-07
1643 2.343421e-07
1644 1.314261e-07
1645 7.164692e-08
1646 3.730540e-08
1647 1.958823e-08
1648 0.000000e+00
1649 0.000000e+00
