0 2.226241e-09
1 1.446672e-09
2 9.098057e-10
3 5.731148e-10
4 3.684408e-10
5 2.424572e-10
6 1.612395e-10
7 1.058891e-10
8 6.708685e-11
9 4.028615e-11
10 2.270651e-11
11 1.199444e-11
12 5.978677e-12
13 2.844213e-12
14 1.307468e-12
15 3.771627e-09
16 2.508270e-09
17 1.594216e-09
18 9.937539e-10
19 6.284559e-10
20 4.070438e-10
21 2.692989e-10
22 1.785777e-10
23 1.157739e-10
24 7.179115e-11
25 4.195310e-11
26 2.295281e-11
27 1.178789e-11
28 5.736277e-12
29 2.677990e-12
30 4.321107e-09
31 2.893271e-09
32 1.849048e-09
33 1.151481e-09
34 7.251686e-10
35 4.671921e-10
36 3.080854e-10
37 2.044767e-10
38 1.332012e-10
39 8.326521e-11
40 4.914132e-11
41 2.717191e-11
42 1.408720e-11
43 6.907436e-12
44 3.242362e-12
45 4.624326e-09
46 3.105845e-09
47 1.989839e-09
48 1.238575e-09
49 7.786114e-10
50 5.004329e-10
51 3.295657e-10
52 2.187366e-10
53 1.428120e-10
54 8.958816e-11
55 5.310177e-11
56 2.949201e-11
57 1.535568e-11
58 7.555121e-12
59 3.554520e-12
60 4.827506e-09
61 3.248496e-09
62 2.084155e-09
63 1.296981e-09
64 8.144045e-10
65 5.227503e-10
66 3.439735e-10
67 2.283471e-10
68 1.492490e-10
69 9.383554e-11
70 5.577468e-11
71 3.106384e-11
72 1.620949e-11
73 7.989528e-12
74 3.764727e-12
75 4.980191e-09
76 3.355320e-09
77 2.154997e-09
78 1.340762e-09
79 8.412943e-10
80 5.395037e-10
81 3.547562e-10
82 2.355355e-10
83 1.541252e-10
84 9.704251e-11
85 5.776823e-11
86 3.223103e-11
87 1.685004e-11
88 8.316153e-12
89 3.921654e-12
90 5.103799e-09
91 3.442201e-09
92 2.212452e-09
93 1.376580e-09
94 8.632081e-10
95 5.530781e-10
96 3.635515e-10
97 2.413938e-10
98 1.580551e-10
99 9.962838e-11
100 5.940144e-11
101 3.318824e-11
102 1.737071e-11
103 8.581669e-12
104 4.049827e-12
105 5.212691e-09
106 3.518020e-09
107 2.263173e-09
108 1.407866e-09
109 8.823349e-10
110 5.649975e-10
111 3.712199e-10
112 2.465077e-10
113 1.614464e-10
114 1.018592e-10
115 6.079349e-11
116 3.401830e-11
117 1.782725e-11
118 8.814381e-12
119 4.158835e-12
120 5.315745e-09
121 3.590705e-09
122 2.311271e-09
123 1.437556e-09
124 9.005478e-10
125 5.762912e-10
126 3.784692e-10
127 2.513720e-10
128 1.647725e-10
129 1.040470e-10
130 6.217548e-11
131 3.481524e-11
132 1.825894e-11
133 9.034712e-12
134 4.268366e-12
135 5.433408e-09
136 3.672778e-09
137 2.366252e-09
138 1.471658e-09
139 9.214125e-10
140 5.893297e-10
141 3.868937e-10
142 2.569088e-10
143 1.685397e-10
144 1.065457e-10
145 6.373405e-11
146 3.572935e-11
147 1.875860e-11
148 9.287470e-12
149 4.390189e-12
150 7.896498e-09
151 5.436607e-09
152 3.570971e-09
153 2.230626e-09
154 1.383197e-09
155 8.720366e-10
156 5.655305e-10
157 3.742584e-10
158 2.474477e-10
159 1.593008e-10
160 9.770074e-11
161 5.630779e-11
162 3.034959e-11
163 1.536128e-11
164 7.380005e-12
165 9.979142e-09
166 6.957447e-09
167 4.635889e-09
168 2.926092e-09
169 1.805175e-09
170 1.128772e-09
171 7.241152e-10
172 4.761070e-10
173 3.152496e-10
174 2.048326e-10
175 1.275900e-10
176 7.495893e-11
177 4.121513e-11
178 2.123895e-11
179 1.034744e-11
180 1.119123e-08
181 7.847302e-09
182 5.259870e-09
183 3.337197e-09
184 2.055508e-09
185 1.281234e-09
186 8.177325e-10
187 5.359735e-10
188 3.549265e-10
189 2.314776e-10
190 1.451189e-10
191 8.593945e-11
192 4.765713e-11
193 2.475148e-11
194 1.213577e-11
195 1.200771e-08
196 8.447449e-09
197 5.681157e-09
198 3.614915e-09
199 2.224895e-09
200 1.384151e-09
201 8.808782e-10
202 5.764364e-10
203 3.817163e-10
204 2.494526e-10
205 1.569433e-10
206 9.336066e-11
207 5.201469e-11
208 2.712857e-11
209 1.334591e-11
210 1.261901e-08
211 8.897469e-09
212 5.997489e-09
213 3.822336e-09
214 2.351710e-09
215 1.461266e-09
216 9.283296e-10
217 6.066815e-10
218 4.017548e-10
219 2.628899e-10
220 1.657758e-10
221 9.891177e-11
222 5.527674e-11
223 2.890423e-11
224 1.425154e-11
225 1.311634e-08
226 9.261671e-09
227 6.252566e-09
228 3.991490e-09
229 2.454269e-09
230 1.523790e-09
231 9.665927e-10
232 6.312245e-10
233 4.180084e-10
234 2.737972e-10
235 1.729575e-10
236 1.033977e-10
237 5.790380e-11
238 3.034151e-11
239 1.498303e-11
240 1.354746e-08
241 9.578537e-09
242 6.475576e-09
243 4.138439e-09
244 2.544185e-09
245 1.578392e-09
246 1.000010e-09
247 6.525142e-10
248 4.322055e-10
249 2.833187e-10
250 1.792208e-10
251 1.073235e-10
252 6.021289e-11
253 3.160067e-11
254 1.561885e-11
255 1.395924e-08
256 9.881104e-09
257 6.688375e-09
258 4.279011e-09
259 2.629408e-09
260 1.630186e-09
261 1.031884e-09
262 6.728611e-10
263 4.457074e-10
264 2.923756e-10
265 1.851797e-10
266 1.110674e-10
267 6.240744e-11
268 3.279394e-11
269 1.623039e-11
270 1.443725e-08
271 1.023208e-08
272 6.934588e-09
273 4.440780e-09
274 2.727947e-09
275 1.690585e-09
276 1.069126e-09
277 6.966322e-10
278 4.613448e-10
279 3.028778e-10
280 1.921027e-10
281 1.154099e-10
282 6.494857e-11
283 3.418221e-11
284 1.693715e-11
285 1.363899e-08
286 9.702893e-09
287 6.589820e-09
288 4.251958e-09
289 2.620275e-09
290 1.622892e-09
291 1.023244e-09
292 6.638105e-10
293 4.379257e-10
294 2.870251e-10
295 1.822380e-10
296 1.099135e-10
297 6.224784e-11
298 3.300470e-11
299 1.646873e-11
300 1.604527e-08
301 1.154486e-08
302 7.912059e-09
303 5.163359e-09
304 3.193934e-09
305 1.968454e-09
306 1.231395e-09
307 7.926956e-10
308 5.210404e-10
309 3.422838e-10
310 2.190355e-10
311 1.336947e-10
312 7.680061e-11
313 4.131509e-11
314 2.088128e-11
315 1.769743e-08
316 1.281678e-08
317 8.827126e-09
318 5.796336e-09
319 3.594980e-09
320 2.209254e-09
321 1.376799e-09
322 8.824994e-10
323 5.787440e-10
324 3.805484e-10
325 2.445022e-10
326 1.501778e-10
327 8.691593e-11
328 4.711215e-11
329 2.397188e-11
330 1.893929e-08
331 1.377237e-08
332 9.512187e-09
333 6.268832e-09
334 3.895432e-09
335 2.389882e-09
336 1.485690e-09
337 9.498073e-10
338 6.221092e-10
339 4.092532e-10
340 2.635851e-10
341 1.625307e-10
342 9.449871e-11
343 5.145983e-11
344 2.628911e-11
345 1.994507e-08
346 1.454635e-08
347 1.007040e-08
348 6.654997e-09
349 4.139110e-09
350 2.536432e-09
351 1.573956e-09
352 1.004349e-09
353 6.570945e-10
354 4.324754e-10
355 2.790698e-10
356 1.725478e-10
357 1.006434e-10
358 5.498348e-11
359 2.816894e-11
360 2.082311e-08
361 1.522239e-08
362 1.055697e-08
363 6.989797e-09
364 4.351374e-09
365 2.664238e-09
366 1.650915e-09
367 1.051892e-09
368 6.876621e-10
369 4.527691e-10
370 2.925624e-10
371 1.812797e-10
372 1.060020e-10
373 5.805267e-11
374 2.980497e-11
375 2.165348e-08
376 1.586133e-08
377 1.101610e-08
378 7.307747e-09
379 4.552237e-09
380 2.785254e-09
381 1.723891e-09
382 1.096926e-09
383 7.166240e-10
384 4.719802e-10
385 3.053602e-10
386 1.895580e-10
387 1.110801e-10
388 6.096263e-11
389 3.135643e-11
390 2.262463e-08
391 1.660953e-08
392 1.155366e-08
393 7.679167e-09
394 4.787903e-09
395 2.927418e-09
396 1.809557e-09
397 1.149861e-09
398 7.505372e-10
399 4.945113e-10
400 3.203532e-10
401 1.992640e-10
402 1.170377e-10
403 6.437207e-11
404 3.317470e-11
405 1.965958e-08
406 1.440566e-08
407 9.996429e-09
408 6.626533e-09
409 4.147048e-09
410 2.539639e-09
411 1.574967e-09
412 1.001470e-09
413 6.528713e-10
414 4.288048e-10
415 2.766522e-10
416 1.714017e-10
417 1.003823e-10
418 5.514648e-11
419 2.842724e-11
420 2.231696e-08
421 1.654355e-08
422 1.156963e-08
423 7.733606e-09
424 4.881350e-09
425 2.981038e-09
426 1.840754e-09
427 1.161760e-09
428 7.530945e-10
429 4.940033e-10
430 3.199077e-10
431 1.997716e-10
432 1.182542e-10
433 6.574497e-11
434 3.428629e-11
435 2.432239e-08
436 1.816486e-08
437 1.276187e-08
438 8.575675e-09
439 5.440125e-09
440 3.317599e-09
441 2.043802e-09
442 1.283891e-09
443 8.295166e-10
444 5.436043e-10
445 3.527883e-10
446 2.213359e-10
447 1.318504e-10
448 7.382200e-11
449 3.876058e-11
450 2.595899e-08
451 1.947971e-08
452 1.373247e-08
453 9.259575e-09
454 5.893417e-09
455 3.591343e-09
456 2.208206e-09
457 1.383078e-09
458 8.912605e-10
459 5.838085e-10
460 3.794437e-10
461 2.388176e-10
462 1.428720e-10
463 8.036765e-11
464 4.238661e-11
465 2.738051e-08
466 2.062832e-08
467 1.457878e-08
468 9.854118e-09
469 6.288855e-09
470 3.830011e-09
471 2.351501e-09
472 1.469437e-09
473 9.453406e-10
474 6.189080e-10
475 4.027041e-10
476 2.540695e-10
477 1.524889e-10
478 8.608154e-11
479 4.555246e-11
480 2.872575e-08
481 2.171025e-08
482 1.537849e-08
483 1.041681e-08
484 6.663364e-09
485 4.055381e-09
486 2.487342e-09
487 1.551056e-09
488 9.963447e-10
489 6.520596e-10
490 4.247090e-10
491 2.685032e-10
492 1.615864e-10
493 9.147863e-11
494 4.854021e-11
495 3.030045e-08
496 2.297932e-08
497 1.631296e-08
498 1.107609e-08
499 7.100656e-09
500 4.319044e-09
501 2.646018e-09
502 1.646735e-09
503 1.056065e-09
504 6.908602e-10
505 4.504215e-10
506 2.853490e-10
507 1.722187e-10
508 9.779831e-11
509 5.204086e-11
510 2.600330e-08
511 1.960834e-08
512 1.387184e-08
513 9.370123e-09
514 5.995353e-09
515 3.661396e-09
516 2.249434e-09
517 1.404858e-09
518 9.023984e-10
519 5.895422e-10
520 3.828305e-10
521 2.412097e-10
522 1.447290e-10
523 8.177994e-11
524 4.336867e-11
525 2.891379e-08
526 2.205484e-08
527 1.572644e-08
528 1.069383e-08
529 6.901645e-09
530 4.221683e-09
531 2.584965e-09
532 1.603845e-09
533 1.024135e-09
534 6.668557e-10
535 4.334958e-10
536 2.745367e-10
537 1.660806e-10
538 9.479133e-11
539 5.080094e-11
540 3.128512e-08
541 2.404953e-08
542 1.723949e-08
543 1.177591e-08
544 7.641719e-09
545 4.680987e-09
546 2.858914e-09
547 1.766674e-09
548 1.123350e-09
549 7.299711e-10
550 4.748341e-10
551 3.017233e-10
552 1.835011e-10
553 1.054120e-10
554 5.687261e-11
555 3.335023e-08
556 2.578742e-08
557 1.855975e-08
558 1.271691e-08
559 8.286584e-09
560 5.079940e-09
561 3.097706e-09
562 1.908566e-09
563 1.209994e-09
564 7.849536e-10
565 5.108413e-10
566 3.254048e-10
567 1.986759e-10
568 1.146629e-10
569 6.216056e-11
570 3.530872e-08
571 2.743608e-08
572 1.981210e-08
573 1.361080e-08
574 8.899367e-09
575 5.459393e-09
576 3.324483e-09
577 2.043128e-09
578 1.292194e-09
579 8.371601e-10
580 5.450447e-10
581 3.478972e-10
582 2.130874e-10
583 1.234494e-10
584 6.718359e-11
585 3.760379e-08
586 2.936282e-08
587 2.127500e-08
588 1.465451e-08
589 9.612629e-09
590 5.901535e-09
591 3.588853e-09
592 2.199968e-09
593 1.387961e-09
594 8.979666e-10
595 5.848776e-10
596 3.741006e-10
597 2.298795e-10
598 1.336858e-10
599 7.303478e-11
600 3.277166e-08
601 2.540108e-08
602 1.832833e-08
603 1.257067e-08
604 8.206886e-09
605 5.052205e-09
606 3.078275e-09
607 1.895661e-09
608 1.199550e-09
609 7.764133e-10
610 5.044056e-10
611 3.210804e-10
612 1.961438e-10
613 1.134096e-10
614 6.166457e-11
615 3.600730e-08
616 2.822801e-08
617 2.054254e-08
618 1.417570e-08
619 9.325107e-09
620 5.771201e-09
621 3.504541e-09
622 2.148551e-09
623 1.350875e-09
624 8.703639e-10
625 5.649121e-10
626 3.606927e-10
627 2.217380e-10
628 1.293083e-10
629 7.099043e-11
630 3.883160e-08
631 3.069745e-08
632 2.247980e-08
633 1.557688e-08
634 1.030277e-08
635 6.399696e-09
636 3.877470e-09
637 2.369745e-09
638 1.483404e-09
639 9.524764e-10
640 6.177809e-10
641 3.953011e-10
642 2.441006e-10
643 1.432019e-10
644 7.914212e-11
645 4.150705e-08
646 3.303684e-08
647 2.431449e-08
648 1.690672e-08
649 1.122933e-08
650 6.995503e-09
651 4.230597e-09
652 2.579552e-09
653 1.608847e-09
654 1.030285e-09
655 6.678916e-10
656 4.281046e-10
657 2.652954e-10
658 1.563695e-10
659 8.686657e-11
660 4.464016e-08
661 3.576956e-08
662 2.645790e-08
663 1.845801e-08
664 1.230973e-08
665 7.690611e-09
666 4.642979e-09
667 2.823945e-09
668 1.755155e-09
669 1.121067e-09
670 7.263286e-10
671 4.663660e-10
672 2.900208e-10
673 1.717301e-10
674 9.587840e-11
675 4.018320e-08
676 3.198835e-08
677 2.357321e-08
678 1.640224e-08
679 1.089313e-08
680 6.808672e-09
681 4.121142e-09
682 2.515152e-09
683 1.567060e-09
684 1.001891e-09
685 6.482508e-10
686 4.148111e-10
687 2.568008e-10
688 1.513497e-10
689 8.416632e-11
690 4.391845e-08
691 3.536412e-08
692 2.631597e-08
693 1.842392e-08
694 1.231891e-08
695 7.756707e-09
696 4.687529e-09
697 2.851980e-09
698 1.765198e-09
699 1.121887e-09
700 7.239246e-10
701 4.638312e-10
702 2.885300e-10
703 1.713199e-10
704 9.613104e-11
705 4.744752e-08
706 3.856490e-08
707 2.890876e-08
708 2.034091e-08
709 1.366953e-08
710 8.654985e-09
711 5.223866e-09
712 3.170678e-09
713 1.952750e-09
714 1.235483e-09
715 7.956077e-10
716 5.102531e-10
717 3.185769e-10
718 1.902313e-10
719 1.074654e-10
720 5.157843e-08
721 4.230428e-08
722 3.193106e-08
723 2.257435e-08
724 1.524277e-08
725 9.702079e-09
726 5.849174e-09
727 3.542592e-09
728 2.171261e-09
729 1.367971e-09
730 8.791115e-10
731 5.643438e-10
732 3.535929e-10
733 2.122688e-10
734 1.206735e-10
735 4.868644e-08
736 3.981268e-08
737 3.002912e-08
738 2.122540e-08
739 1.431063e-08
740 9.113354e-09
741 5.513182e-09
742 3.341515e-09
743 2.049798e-09
744 1.291361e-09
745 8.286939e-10
746 5.307705e-10
747 3.317278e-10
748 1.987092e-10
749 1.128065e-10
750 5.329383e-08
751 4.412694e-08
752 3.365784e-08
753 2.397057e-08
754 1.626541e-08
755 1.044749e-08
756 6.330895e-09
757 3.825002e-09
758 2.330993e-09
759 1.458417e-09
760 9.315513e-10
761 5.962436e-10
762 3.738907e-10
763 2.254394e-10
764 1.291075e-10
765 5.867009e-08
766 4.916050e-08
767 3.787402e-08
768 2.716294e-08
769 1.853992e-08
770 1.200056e-08
771 7.282899e-09
772 4.388179e-09
773 2.657980e-09
774 1.652783e-09
775 1.051202e-09
776 6.724389e-10
777 4.229725e-10
778 2.565563e-10
779 1.480836e-10
780 5.925042e-08
781 4.987483e-08
782 3.865028e-08
783 2.785512e-08
784 1.906511e-08
785 1.239204e-08
786 7.563082e-09
787 4.548173e-09
788 2.750473e-09
789 1.703415e-09
790 1.078912e-09
791 6.881482e-10
792 4.324683e-10
793 2.626346e-10
794 1.520677e-10
795 6.632766e-08
796 5.672815e-08
797 4.462631e-08
798 3.253081e-08
799 2.244585e-08
800 1.474322e-08
801 9.064154e-09
802 5.428917e-09
803 3.262489e-09
804 2.001306e-09
805 1.257306e-09
806 7.989148e-10
807 5.028289e-10
808 3.072410e-10
809 1.796151e-10
810 7.614816e-08
811 6.659302e-08
812 5.363164e-08
813 3.987815e-08
814 2.788475e-08
815 1.858119e-08
816 1.162273e-08
817 6.943651e-09
818 4.148745e-09
819 2.506448e-09
820 1.550167e-09
821 9.746358e-10
822 6.116500e-10
823 3.755286e-10
824 2.220181e-10
825 5.054571e-07
826 3.691895e-07
827 2.735616e-07
828 1.702866e-07
829 1.037366e-07
830 6.145552e-08
831 3.752497e-08
832 2.407360e-08
833 1.625086e-08
834 0.000000e+00
835 0.000000e+00
836 0.000000e+00
837 0.000000e+00
838 0.000000e+00
839 0.000000e+00
840 7.609680e-07
841 5.559552e-07
842 4.123971e-07
843 2.596340e-07
844 1.577817e-07
845 9.335666e-08
846 5.689702e-08
847 3.636668e-08
848 2.448237e-08
849 0.000000e+00
850 0.000000e+00
851 0.000000e+00
852 0.000000e+00
853 0.000000e+00
854 0.000000e+00
855 9.034708e-07
856 6.601393e-07
857 4.898344e-07
858 3.095543e-07
859 1.879543e-07
860 1.111685e-07
861 6.771198e-08
862 4.322638e-08
863 2.907417e-08
864 0.000000e+00
865 0.000000e+00
866 0.000000e+00
867 0.000000e+00
868 0.000000e+00
869 0.000000e+00
870 9.993278e-07
871 7.302182e-07
872 5.419243e-07
873 3.431341e-07
874 2.082519e-07
875 1.231503e-07
876 7.498702e-08
877 4.784112e-08
878 3.216291e-08
879 0.000000e+00
880 0.000000e+00
881 0.000000e+00
882 0.000000e+00
883 0.000000e+00
884 0.000000e+00
885 1.071193e-06
886 7.827614e-07
887 5.809742e-07
888 3.683088e-07
889 2.234694e-07
890 1.321335e-07
891 8.044121e-08
892 5.130076e-08
893 3.447879e-08
894 0.000000e+00
895 0.000000e+00
896 0.000000e+00
897 0.000000e+00
898 0.000000e+00
899 0.000000e+00
900 1.129439e-06
901 8.253442e-07
902 6.126261e-07
903 3.887123e-07
904 2.358020e-07
905 1.394142e-07
906 8.486152e-08
907 5.410480e-08
908 3.635564e-08
909 0.000000e+00
910 0.000000e+00
911 0.000000e+00
912 0.000000e+00
913 0.000000e+00
914 0.000000e+00
915 1.180268e-06
916 8.625041e-07
917 6.402459e-07
918 4.065191e-07
919 2.465652e-07
920 1.457672e-07
921 8.871918e-08
922 5.655163e-08
923 3.799350e-08
924 0.000000e+00
925 0.000000e+00
926 0.000000e+00
927 0.000000e+00
928 0.000000e+00
929 0.000000e+00
930 1.228460e-06
931 8.977376e-07
932 6.664337e-07
933 4.234011e-07
934 2.567693e-07
935 1.517905e-07
936 9.237652e-08
937 5.887147e-08
938 3.954628e-08
939 0.000000e+00
940 0.000000e+00
941 0.000000e+00
942 0.000000e+00
943 0.000000e+00
944 0.000000e+00
945 1.284683e-06
946 9.388454e-07
947 6.969857e-07
948 4.430983e-07
949 2.686743e-07
950 1.588185e-07
951 9.664394e-08
952 6.157795e-08
953 4.135810e-08
954 0.000000e+00
955 0.000000e+00
956 0.000000e+00
957 0.000000e+00
958 0.000000e+00
959 0.000000e+00
960 3.374101e-07
961 2.687281e-07
962 1.949365e-07
963 1.461872e-07
964 9.045022e-08
965 5.536656e-08
966 3.218142e-08
967 1.924277e-08
968 1.205905e-08
969 7.983896e-09
970 0.000000e+00
971 0.000000e+00
972 0.000000e+00
973 0.000000e+00
974 0.000000e+00
975 5.201692e-07
976 4.171108e-07
977 3.028579e-07
978 2.269092e-07
979 1.422095e-07
980 8.670928e-08
981 5.036325e-08
982 3.007442e-08
983 1.877922e-08
984 1.239705e-08
985 0.000000e+00
986 0.000000e+00
987 0.000000e+00
988 0.000000e+00
989 0.000000e+00
990 6.448120e-07
991 5.183992e-07
992 3.765467e-07
993 2.820115e-07
994 1.775998e-07
995 1.081223e-07
996 6.278598e-08
997 3.747520e-08
998 2.336911e-08
999 1.541004e-08
1000 0.000000e+00
1001 0.000000e+00
1002 0.000000e+00
1003 0.000000e+00
1004 0.000000e+00
1005 7.382357e-07
1006 5.943126e-07
1007 4.317715e-07
1008 3.233096e-07
1009 2.041234e-07
1010 1.241698e-07
1011 7.209649e-08
1012 4.302199e-08
1013 2.680897e-08
1014 1.766814e-08
1015 0.000000e+00
1016 0.000000e+00
1017 0.000000e+00
1018 0.000000e+00
1019 0.000000e+00
1020 8.139596e-07
1021 6.558390e-07
1022 4.765327e-07
1023 3.567807e-07
1024 2.256220e-07
1025 1.371778e-07
1026 7.964314e-08
1027 4.751755e-08
1028 2.959718e-08
1029 1.949827e-08
1030 0.000000e+00
1031 0.000000e+00
1032 0.000000e+00
1033 0.000000e+00
1034 0.000000e+00
1035 8.800254e-07
1036 7.095243e-07
1037 5.155916e-07
1038 3.859857e-07
1039 2.443794e-07
1040 1.485270e-07
1041 8.622743e-08
1042 5.144028e-08
1043 3.202995e-08
1044 2.109535e-08
1045 0.000000e+00
1046 0.000000e+00
1047 0.000000e+00
1048 0.000000e+00
1049 0.000000e+00
1050 9.426736e-07
1051 7.604327e-07
1052 5.526249e-07
1053 4.136780e-07
1054 2.621647e-07
1055 1.592896e-07
1056 9.247120e-08
1057 5.515972e-08
1058 3.433673e-08
1059 2.260959e-08
1060 0.000000e+00
1061 0.000000e+00
1062 0.000000e+00
1063 0.000000e+00
1064 0.000000e+00
1065 1.015768e-06
1066 8.198310e-07
1067 5.958365e-07
1068 4.459927e-07
1069 2.829175e-07
1070 1.718473e-07
1071 9.975607e-08
1072 5.949995e-08
1073 3.702828e-08
1074 2.437647e-08
1075 0.000000e+00
1076 0.000000e+00
1077 0.000000e+00
1078 0.000000e+00
1079 0.000000e+00
1080 1.981859e-07
1081 1.802434e-07
1082 1.388623e-07
1083 1.004190e-07
1084 7.524788e-08
1085 4.349671e-08
1086 2.665881e-08
1087 1.537070e-08
1088 9.089330e-09
1089 5.654857e-09
1090 0.000000e+00
1091 0.000000e+00
1092 0.000000e+00
1093 0.000000e+00
1094 0.000000e+00
1095 3.303193e-07
1096 3.017439e-07
1097 2.334253e-07
1098 1.686966e-07
1099 1.265977e-07
1100 7.358965e-08
1101 4.522144e-08
1102 2.601141e-08
1103 1.532675e-08
1104 9.513484e-09
1105 0.000000e+00
1106 0.000000e+00
1107 0.000000e+00
1108 0.000000e+00
1109 0.000000e+00
1110 4.306280e-07
1111 3.940343e-07
1112 3.052904e-07
1113 2.205837e-07
1114 1.656231e-07
1115 9.648068e-08
1116 5.934315e-08
1117 3.410488e-08
1118 2.006900e-08
1119 1.244631e-08
1120 0.000000e+00
1121 0.000000e+00
1122 0.000000e+00
1123 0.000000e+00
1124 0.000000e+00
1125 5.118675e-07
1126 4.687719e-07
1127 3.634880e-07
1128 2.626035e-07
1129 1.972257e-07
1130 1.150174e-07
1131 7.077884e-08
1132 4.065897e-08
1133 2.390921e-08
1134 1.482137e-08
1135 0.000000e+00
1136 0.000000e+00
1137 0.000000e+00
1138 0.000000e+00
1139 0.000000e+00
1140 5.827486e-07
1141 5.339873e-07
1142 4.142683e-07
1143 2.992682e-07
1144 2.248018e-07
1145 1.311919e-07
1146 8.075741e-08
1147 4.637790e-08
1148 2.726008e-08
1149 1.689370e-08
1150 0.000000e+00
1151 0.000000e+00
1152 0.000000e+00
1153 0.000000e+00
1154 0.000000e+00
1155 6.499630e-07
1156 5.958254e-07
1157 4.624212e-07
1158 3.340351e-07
1159 2.509506e-07
1160 1.465295e-07
1161 9.021925e-08
1162 5.180077e-08
1163 3.043750e-08
1164 1.885873e-08
1165 0.000000e+00
1166 0.000000e+00
1167 0.000000e+00
1168 0.000000e+00
1169 0.000000e+00
1170 7.283846e-07
1171 6.679733e-07
1172 5.186008e-07
1173 3.745984e-07
1174 2.814577e-07
1175 1.644239e-07
1176 1.012585e-07
1177 5.812754e-08
1178 3.414473e-08
1179 2.115149e-08
1180 0.000000e+00
1181 0.000000e+00
1182 0.000000e+00
1183 0.000000e+00
1184 0.000000e+00
1185 1.313459e-07
1186 1.296416e-07
1187 1.090103e-07
1188 7.962836e-08
1189 5.915678e-08
1190 4.020181e-08
1191 2.372560e-08
1192 1.351734e-08
1193 7.814168e-09
1194 4.617723e-09
1195 2.892672e-09
1196 0.000000e+00
1197 0.000000e+00
1198 0.000000e+00
1199 0.000000e+00
1200 2.309975e-07
1201 2.286643e-07
1202 1.930134e-07
1203 1.412420e-07
1204 1.047539e-07
1205 7.170330e-08
1206 4.210179e-08
1207 2.402151e-08
1208 1.390573e-08
1209 8.202353e-09
1210 5.127312e-09
1211 0.000000e+00
1212 0.000000e+00
1213 0.000000e+00
1214 0.000000e+00
1215 3.123231e-07
1216 3.095004e-07
1217 2.616147e-07
1218 1.915693e-07
1219 1.419926e-07
1220 9.744468e-08
1221 5.711208e-08
1222 3.260330e-08
1223 1.888242e-08
1224 1.113063e-08
1225 6.952517e-09
1226 0.000000e+00
1227 0.000000e+00
1228 0.000000e+00
1229 0.000000e+00
1230 3.831935e-07
1231 3.799432e-07
1232 3.213903e-07
1233 2.354215e-07
1234 1.744400e-07
1235 1.198757e-07
1236 7.019122e-08
1237 4.008120e-08
1238 2.321897e-08
1239 1.368230e-08
1240 8.542871e-09
1241 0.000000e+00
1242 0.000000e+00
1243 0.000000e+00
1244 0.000000e+00
1245 4.503977e-07
1246 4.467362e-07
1247 3.780737e-07
1248 2.770046e-07
1249 2.052095e-07
1250 1.411454e-07
1251 8.259382e-08
1252 4.717229e-08
1253 2.733118e-08
1254 1.610194e-08
1255 1.005098e-08
1256 0.000000e+00
1257 0.000000e+00
1258 0.000000e+00
1259 0.000000e+00
1260 5.288015e-07
1261 5.246659e-07
1262 4.442070e-07
1263 3.255223e-07
1264 2.411084e-07
1265 1.659601e-07
1266 9.706421e-08
1267 5.544503e-08
1268 3.212871e-08
1269 1.892488e-08
1270 1.181051e-08
1271 0.000000e+00
1272 0.000000e+00
1273 0.000000e+00
1274 0.000000e+00
1275 9.417194e-08
1276 9.804765e-08
1277 8.871735e-08
1278 6.786426e-08
1279 4.905645e-08
1280 3.674418e-08
1281 2.075916e-08
1282 1.253533e-08
1283 7.083489e-09
1284 4.091744e-09
1285 2.449785e-09
1286 0.000000e+00
1287 0.000000e+00
1288 0.000000e+00
1289 0.000000e+00
1290 1.734098e-07
1291 1.809399e-07
1292 1.642530e-07
1293 1.260053e-07
1294 9.102398e-08
1295 6.828919e-08
1296 3.869696e-08
1297 2.344696e-08
1298 1.321840e-08
1299 7.616189e-09
1300 4.550563e-09
1301 0.000000e+00
1302 0.000000e+00
1303 0.000000e+00
1304 0.000000e+00
1305 2.424634e-07
1306 2.531893e-07
1307 2.301013e-07
1308 1.766983e-07
1309 1.276148e-07
1310 9.579446e-08
1311 5.434250e-08
1312 3.296555e-08
1313 1.856968e-08
1314 1.068970e-08
1315 6.382327e-09
1316 0.000000e+00
1317 0.000000e+00
1318 0.000000e+00
1319 0.000000e+00
1320 3.078577e-07
1321 3.216065e-07
1322 2.924568e-07
1323 2.247029e-07
1324 1.622652e-07
1325 1.218404e-07
1326 6.915697e-08
1327 4.197839e-08
1328 2.363663e-08
1329 1.359998e-08
1330 8.116900e-09
1331 0.000000e+00
1332 0.000000e+00
1333 0.000000e+00
1334 0.000000e+00
1335 3.841561e-07
1336 4.014323e-07
1337 3.652105e-07
1338 2.807097e-07
1339 2.026908e-07
1340 1.522281e-07
1341 8.644124e-08
1342 5.249408e-08
1343 2.954836e-08
1344 1.699550e-08
1345 1.014064e-08
1346 0.000000e+00
1347 0.000000e+00
1348 0.000000e+00
1349 0.000000e+00
1350 7.187705e-08
1351 7.779365e-08
1352 7.458933e-08
1353 6.043608e-08
1354 4.359910e-08
1355 3.286966e-08
1356 2.052535e-08
1357 1.258652e-08
1358 6.987590e-09
1359 3.847547e-09
1360 2.224009e-09
1361 1.352680e-09
1362 0.000000e+00
1363 0.000000e+00
1364 0.000000e+00
1365 1.384298e-07
1366 1.500851e-07
1367 1.442850e-07
1368 1.172741e-07
1369 8.466102e-08
1370 6.376140e-08
1371 4.010223e-08
1372 2.451476e-08
1373 1.361269e-08
1374 7.499577e-09
1375 4.324487e-09
1376 2.624131e-09
1377 0.000000e+00
1378 0.000000e+00
1379 0.000000e+00
1380 2.010031e-07
1381 2.180563e-07
1382 2.098198e-07
1383 1.707216e-07
1384 1.232755e-07
1385 9.281020e-08
1386 5.851418e-08
1387 3.573215e-08
1388 1.984300e-08
1389 1.093430e-08
1390 6.299816e-09
1391 3.819753e-09
1392 0.000000e+00
1393 0.000000e+00
1394 0.000000e+00
1395 2.739546e-07
1396 2.973002e-07
1397 2.862206e-07
1398 2.330303e-07
1399 1.682909e-07
1400 1.266749e-07
1401 7.997821e-08
1402 4.880901e-08
1403 2.710609e-08
1404 1.493828e-08
1405 8.602574e-09
1406 5.213599e-09
1407 0.000000e+00
1408 0.000000e+00
1409 0.000000e+00
1410 5.840282e-08
1411 6.517555e-08
1412 6.546608e-08
1413 5.622244e-08
1414 4.143640e-08
1415 3.052203e-08
1416 2.149567e-08
1417 1.226702e-08
1418 6.905120e-09
1419 3.907328e-09
1420 2.173476e-09
1421 1.267766e-09
1422 0.000000e+00
1423 0.000000e+00
1424 0.000000e+00
1425 1.179115e-07
1426 1.317827e-07
1427 1.326735e-07
1428 1.143001e-07
1429 8.439432e-08
1430 6.208081e-08
1431 4.394432e-08
1432 2.498983e-08
1433 1.409935e-08
1434 7.976981e-09
1435 4.434716e-09
1436 2.581239e-09
1437 0.000000e+00
1438 0.000000e+00
1439 0.000000e+00
1440 1.864659e-07
1441 2.085133e-07
1442 2.100928e-07
1443 1.811975e-07
1444 1.338744e-07
1445 9.843172e-08
1446 6.979941e-08
1447 3.964442e-08
1448 2.238585e-08
1449 1.266432e-08
1450 7.039246e-09
1451 4.094128e-09
1452 0.000000e+00
1453 0.000000e+00
1454 0.000000e+00
1455 5.097411e-08
1456 5.841071e-08
1457 6.104793e-08
1458 5.545970e-08
1459 4.252543e-08
1460 3.071514e-08
1461 2.306868e-08
1462 1.293084e-08
1463 7.733131e-09
1464 4.237215e-09
1465 2.336212e-09
1466 1.304589e-09
1467 0.000000e+00
1468 0.000000e+00
1469 0.000000e+00
1470 1.144182e-07
1471 1.312914e-07
1472 1.375002e-07
1473 1.252948e-07
1474 9.633703e-08
1475 6.954064e-08
1476 5.230444e-08
1477 2.941261e-08
1478 1.765427e-08
1479 9.654127e-09
1480 5.309445e-09
1481 2.958528e-09
1482 0.000000e+00
1483 0.000000e+00
1484 0.000000e+00
1485 5.349352e-08
1486 6.285601e-08
1487 6.815063e-08
1488 6.542343e-08
1489 5.304331e-08
1490 3.827328e-08
1491 2.887382e-08
1492 1.795046e-08
1493 1.092491e-08
1494 5.928485e-09
1495 3.122470e-09
1496 1.684751e-09
1497 9.382717e-10
1498 0.000000e+00
1499 0.000000e+00
1500 1.109684e-04
1501 8.086786e-05
1502 6.035546e-05
1503 3.805236e-05
1504 2.321989e-05
1505 1.369104e-05
1506 8.324421e-06
1507 5.304277e-06
1508 3.565556e-06
1509 0.000000e+00
1510 0.000000e+00
1511 0.000000e+00
1512 0.000000e+00
1513 0.000000e+00
1514 0.000000e+00
1515 5.757601e-05
1516 4.644359e-05
1517 3.369791e-05
1518 2.528332e-05
1519 1.597668e-05
1520 9.754545e-06
1521 5.648866e-06
1522 3.364481e-06
1523 2.093966e-06
1524 1.379138e-06
1525 0.000000e+00
1526 0.000000e+00
1527 0.000000e+00
1528 0.000000e+00
1529 0.000000e+00
1530 4.047788e-05
1531 3.713775e-05
1532 2.882267e-05
1533 2.080348e-05
1534 1.566222e-05
1535 9.111532e-06
1536 5.625604e-06
1537 3.225263e-06
1538 1.896511e-06
1539 1.174730e-06
1540 0.000000e+00
1541 0.000000e+00
1542 0.000000e+00
1543 0.000000e+00
1544 0.000000e+00
1545 2.912801e-05
1546 2.891312e-05
1547 2.448503e-05
1548 1.793535e-05
1549 1.328396e-05
1550 9.154542e-06
1551 5.351144e-06
1552 3.053081e-06
1553 1.771954e-06
1554 1.042590e-06
1555 6.506122e-07
1556 0.000000e+00
1557 0.000000e+00
1558 0.000000e+00
1559 0.000000e+00
1560 2.085098e-05
1561 2.179680e-05
1562 1.983793e-05
1563 1.524768e-05
1564 1.100576e-05
1565 8.274949e-06
1566 4.689296e-06
1567 2.850415e-06
1568 1.602925e-06
1569 9.233707e-07
1570 5.506294e-07
1571 0.000000e+00
1572 0.000000e+00
1573 0.000000e+00
1574 0.000000e+00
1575 1.487210e-05
1576 1.614453e-05
1577 1.554949e-05
1578 1.266314e-05
1579 9.143013e-06
1580 6.883420e-06
1581 4.347301e-06
1582 2.655947e-06
1583 1.474901e-06
1584 8.112783e-07
1585 4.673052e-07
1586 2.832009e-07
1587 0.000000e+00
1588 0.000000e+00
1589 0.000000e+00
1590 1.001028e-05
1591 1.119728e-05
1592 1.128693e-05
1593 9.739022e-06
1594 7.195644e-06
1595 5.289411e-06
1596 3.755371e-06
1597 2.130464e-06
1598 1.202339e-06
1599 6.811759e-07
1600 3.783133e-07
1601 2.200058e-07
1602 0.000000e+00
1603 0.000000e+00
1604 0.000000e+00
1605 6.201116e-06
1606 7.118100e-06
1607 7.458527e-06
1608 6.801106e-06
1609 5.231433e-06
1610 3.775220e-06
1611 2.841823e-06
1612 1.597077e-06
1613 9.596537e-07
1614 5.242846e-07
1615 2.885232e-07
1616 1.606418e-07
1617 0.000000e+00
1618 0.000000e+00
1619 0.000000e+00
1620 3.163407e-06
1621 3.720115e-06
1622 4.038202e-06
1623 3.883392e-06
1624 3.154630e-06
1625 2.276770e-06
1626 1.716871e-06
1627 1.071974e-06
1628 6.518364e-07
1629 3.538249e-07
1630 1.861971e-07
1631 1.003484e-07
1632 5.578990e-08
1633 0.000000e+00
1634 0.000000e+00
1635 8.891198e-07
1636 1.072208e-06
1637 1.206146e-06
1638 1.224576e-06
1639 1.066696e-06
1640 7.933436e-07
1641 5.815894e-07
1642 4.169104e-07
1643 2.343421e-07
1644 1.314261e-07
1645 7.164692e-08
1646 3.730540e-08
1647 1.958823e-08
1648 0.000000e+00
1649 0.000000e+00
