0 2.266967e-09
1 1.474720e-09
2 9.279945e-10
3 5.842988e-10
4 3.753317e-10
5 2.468075e-10
6 1.640894e-10
7 1.078034e-10
8 6.837076e-11
9 4.111979e-11
10 2.321719e-11
11 1.228689e-11
12 6.134582e-12
13 2.922140e-12
14 1.344568e-12
15 3.844923e-09
16 2.560317e-09
17 1.629328e-09
18 1.015694e-09
19 6.418698e-10
20 4.153327e-10
21 2.745559e-10
22 1.820501e-10
23 1.181180e-10
24 7.335644e-11
25 4.294484e-11
26 2.354631e-11
27 1.211822e-11
28 5.907458e-12
29 2.761562e-12
30 4.397208e-09
31 2.948023e-09
32 1.886763e-09
33 1.175404e-09
34 7.397481e-10
35 4.760998e-10
36 3.136832e-10
37 2.081240e-10
38 1.356483e-10
39 8.490336e-11
40 5.020208e-11
41 2.781949e-11
42 1.445580e-11
43 7.102911e-12
44 3.339013e-12
45 4.712570e-09
46 3.169610e-09
47 2.034005e-09
48 1.266856e-09
49 7.957984e-10
50 5.109025e-10
51 3.361084e-10
52 2.229891e-10
53 1.456586e-10
54 9.149648e-11
55 5.434355e-11
56 3.025523e-11
57 1.579344e-11
58 7.787908e-12
59 3.670561e-12
60 4.923978e-09
61 3.318365e-09
62 2.132698e-09
63 1.328191e-09
64 8.333731e-10
65 5.343068e-10
66 3.511649e-10
67 2.330089e-10
68 1.523664e-10
69 9.592783e-11
70 5.713921e-11
71 3.190522e-11
72 1.669360e-11
73 8.248053e-12
74 3.894058e-12
75 5.082795e-09
76 3.429725e-09
77 2.206842e-09
78 1.374147e-09
79 8.615793e-10
80 5.518580e-10
81 3.624391e-10
82 2.405036e-10
83 1.574436e-10
84 9.927114e-11
85 5.922324e-11
86 3.313106e-11
87 1.736856e-11
88 8.593881e-12
89 4.060838e-12
90 5.211328e-09
91 3.520253e-09
92 2.266880e-09
93 1.411705e-09
94 8.845525e-10
95 5.660688e-10
96 3.716145e-10
97 2.466055e-10
98 1.615538e-10
99 1.019715e-10
100 6.093047e-11
101 3.413532e-11
102 1.791776e-11
103 8.874968e-12
104 4.196933e-12
105 5.324570e-09
106 3.599395e-09
107 2.319929e-09
108 1.444590e-09
109 9.046318e-10
110 5.785673e-10
111 3.796299e-10
112 2.519442e-10
113 1.650742e-10
114 1.042969e-10
115 6.238763e-11
116 3.500717e-11
117 1.839916e-11
118 9.121453e-12
119 4.312965e-12
120 5.431817e-09
121 3.675138e-09
122 2.370201e-09
123 1.475703e-09
124 9.237153e-10
125 5.903877e-10
126 3.872060e-10
127 2.570105e-10
128 1.685357e-10
129 1.065762e-10
130 6.383149e-11
131 3.584275e-11
132 1.885411e-11
133 9.354533e-12
134 4.429098e-12
135 5.554269e-09
136 3.760767e-09
137 2.427744e-09
138 1.511506e-09
139 9.456133e-10
140 6.040497e-10
141 3.960099e-10
142 2.627849e-10
143 1.724611e-10
144 1.091820e-10
145 6.546064e-11
146 3.680298e-11
147 1.938084e-11
148 9.622346e-12
149 4.558606e-12
150 8.038862e-09
151 5.541383e-09
152 3.644461e-09
153 2.279088e-09
154 1.412622e-09
155 8.899389e-10
156 5.765267e-10
157 3.812794e-10
158 2.521011e-10
159 1.624272e-10
160 9.976296e-11
161 5.760213e-11
162 3.110923e-11
163 1.577620e-11
164 7.590893e-12
165 1.010919e-08
166 7.055724e-09
167 4.706150e-09
168 2.974310e-09
169 1.834858e-09
170 1.146781e-09
171 7.349444e-10
172 4.828681e-10
173 3.196606e-10
174 2.077748e-10
175 1.295526e-10
176 7.622310e-11
177 4.198223e-11
178 2.167169e-11
179 1.057457e-11
180 1.136476e-08
181 7.979925e-09
182 5.355292e-09
183 3.403739e-09
184 2.097016e-09
185 1.306299e-09
186 8.327439e-10
187 5.452360e-10
188 3.608575e-10
189 2.354520e-10
190 1.477771e-10
191 8.766648e-11
192 4.871829e-11
193 2.535863e-11
194 1.245809e-11
195 1.221213e-08
196 8.605582e-09
197 5.795321e-09
198 3.694660e-09
199 2.274958e-09
200 1.414369e-09
201 8.989726e-10
202 5.875628e-10
203 3.888544e-10
204 2.541959e-10
205 1.601189e-10
206 9.543179e-11
207 5.329505e-11
208 2.786621e-11
209 1.374007e-11
210 1.284750e-08
211 9.074316e-09
212 6.125181e-09
213 3.912363e-09
214 2.408415e-09
215 1.495520e-09
216 9.487400e-10
217 6.191922e-10
218 4.097530e-10
219 2.681952e-10
220 1.693587e-10
221 1.012412e-10
222 5.671343e-11
223 2.973769e-11
224 1.469866e-11
225 1.336395e-08
226 9.454391e-09
227 6.392152e-09
228 4.089631e-09
229 2.516478e-09
230 1.561180e-09
231 9.889548e-10
232 6.448926e-10
233 4.267355e-10
234 2.795842e-10
235 1.768407e-10
236 1.059363e-10
237 5.948212e-11
238 3.125642e-11
239 1.547466e-11
240 1.381212e-08
241 9.785393e-09
242 6.625316e-09
243 4.244214e-09
244 2.611199e-09
245 1.618753e-09
246 1.024074e-09
247 6.672071e-10
248 4.415694e-10
249 2.895212e-10
250 1.833769e-10
251 1.100485e-10
252 6.190994e-11
253 3.258666e-11
254 1.614990e-11
255 1.423925e-08
256 1.009995e-08
257 6.847181e-09
258 4.390923e-09
259 2.700667e-09
260 1.673036e-09
261 1.057418e-09
262 6.884582e-10
263 4.556318e-10
264 2.989489e-10
265 1.895864e-10
266 1.139582e-10
267 6.421045e-11
268 3.384330e-11
269 1.679608e-11
270 1.473490e-08
271 1.046587e-08
272 7.104278e-09
273 4.560765e-09
274 2.804451e-09
275 1.736538e-09
276 1.096533e-09
277 7.133409e-10
278 4.719596e-10
279 3.098992e-10
280 1.968136e-10
281 1.185037e-10
282 6.688038e-11
283 3.530810e-11
284 1.754585e-11
285 1.366095e-08
286 9.722061e-09
287 6.604221e-09
288 4.262508e-09
289 2.627817e-09
290 1.627298e-09
291 1.025872e-09
292 6.653488e-10
293 4.388504e-10
294 2.876119e-10
295 1.826285e-10
296 1.101774e-10
297 6.242206e-11
298 3.311338e-11
299 1.653149e-11
300 1.607797e-08
301 1.157420e-08
302 7.934579e-09
303 5.179752e-09
304 3.205939e-09
305 1.975542e-09
306 1.235692e-09
307 7.951807e-10
308 5.225117e-10
309 3.432040e-10
310 2.196407e-10
311 1.341024e-10
312 7.707120e-11
313 4.148612e-11
314 2.098179e-11
315 1.775039e-08
316 1.286494e-08
317 8.864535e-09
318 5.823542e-09
319 3.615017e-09
320 2.221277e-09
321 1.384082e-09
322 8.866964e-10
323 5.812215e-10
324 3.820829e-10
325 2.455046e-10
326 1.508511e-10
327 8.736364e-11
328 4.739669e-11
329 2.414039e-11
330 1.900965e-08
331 1.383679e-08
332 9.562717e-09
333 6.305576e-09
334 3.922439e-09
335 2.406253e-09
336 1.495602e-09
337 9.555049e-10
338 6.254652e-10
339 4.113255e-10
340 2.649378e-10
341 1.634341e-10
342 9.509973e-11
343 5.184276e-11
344 2.651781e-11
345 2.002991e-08
346 1.462426e-08
347 1.013146e-08
348 6.699397e-09
349 4.171918e-09
350 2.556377e-09
351 1.586024e-09
352 1.011292e-09
353 6.611730e-10
354 4.349885e-10
355 2.807034e-10
356 1.736425e-10
357 1.013720e-10
358 5.544833e-11
359 2.844604e-11
360 2.092062e-08
361 1.531214e-08
362 1.062747e-08
363 7.041065e-09
364 4.389283e-09
365 2.687420e-09
366 1.664898e-09
367 1.059934e-09
368 6.923817e-10
369 4.556734e-10
370 2.944481e-10
371 1.825426e-10
372 1.068426e-10
373 5.858951e-11
374 3.012544e-11
375 2.176289e-08
376 1.596216e-08
377 1.109536e-08
378 7.365378e-09
379 4.594921e-09
380 2.811311e-09
381 1.739642e-09
382 1.105983e-09
383 7.219423e-10
384 4.752499e-10
385 3.074815e-10
386 1.909786e-10
387 1.120259e-10
388 6.156690e-11
389 3.171708e-11
390 2.274766e-08
391 1.672310e-08
392 1.164311e-08
393 7.744214e-09
394 4.836048e-09
395 2.956884e-09
396 1.827375e-09
397 1.160105e-09
398 7.565424e-10
399 4.982004e-10
400 3.227446e-10
401 2.008646e-10
402 1.181034e-10
403 6.505339e-11
404 3.358212e-11
405 1.968065e-08
406 1.442579e-08
407 1.001282e-08
408 6.638418e-09
409 4.155919e-09
410 2.545282e-09
411 1.578381e-09
412 1.003414e-09
413 6.539985e-10
414 4.294838e-10
415 2.770857e-10
416 1.716899e-10
417 1.005749e-10
418 5.527125e-11
419 2.850354e-11
420 2.234873e-08
421 1.657451e-08
422 1.159535e-08
423 7.752396e-09
424 4.895330e-09
425 2.990321e-09
426 1.846265e-09
427 1.164914e-09
428 7.549182e-10
429 4.950900e-10
430 3.205922e-10
431 2.002227e-10
432 1.185554e-10
433 6.594125e-11
434 3.440735e-11
435 2.437590e-08
436 1.821751e-08
437 1.280614e-08
438 8.608169e-09
439 5.464230e-09
440 3.333918e-09
441 2.053412e-09
442 1.289419e-09
443 8.327103e-10
444 5.454943e-10
445 3.539713e-10
446 2.221114e-10
447 1.323674e-10
448 7.415966e-11
449 3.897001e-11
450 2.603239e-08
451 1.955224e-08
452 1.379382e-08
453 9.304782e-09
454 5.926852e-09
455 3.614202e-09
456 2.221609e-09
457 1.390837e-09
458 8.957232e-10
459 5.864456e-10
460 3.810866e-10
461 2.398918e-10
462 1.435875e-10
463 8.083540e-11
464 4.267748e-11
465 2.747170e-08
466 2.071867e-08
467 1.465522e-08
468 9.910487e-09
469 6.330582e-09
470 3.858721e-09
471 2.368268e-09
472 1.479154e-09
473 9.509208e-10
474 6.222005e-10
475 4.047517e-10
476 2.554090e-10
477 1.533806e-10
478 8.666425e-11
479 4.591496e-11
480 2.883348e-08
481 2.181716e-08
482 1.546940e-08
483 1.048399e-08
484 6.712964e-09
485 4.089561e-09
486 2.507328e-09
487 1.562633e-09
488 1.003010e-09
489 6.559882e-10
490 4.271489e-10
491 2.700946e-10
492 1.626454e-10
493 9.217163e-11
494 4.897214e-11
495 3.042794e-08
496 2.310600e-08
497 1.642086e-08
498 1.115589e-08
499 7.159545e-09
500 4.359730e-09
501 2.669781e-09
502 1.660511e-09
503 1.063994e-09
504 6.955313e-10
505 4.533195e-10
506 2.872377e-10
507 1.734752e-10
508 9.862075e-11
509 5.255384e-11
510 2.602387e-08
511 1.962922e-08
512 1.389010e-08
513 9.383778e-09
514 6.005339e-09
515 3.668592e-09
516 2.253544e-09
517 1.407267e-09
518 9.037826e-10
519 5.903497e-10
520 3.833243e-10
521 2.415282e-10
522 1.449403e-10
523 8.191894e-11
524 4.345637e-11
525 2.894551e-08
526 2.208751e-08
527 1.575559e-08
528 1.071596e-08
529 6.917729e-09
530 4.233510e-09
531 2.591729e-09
532 1.607883e-09
533 1.026431e-09
534 6.681816e-10
535 4.342962e-10
536 2.750470e-10
537 1.664171e-10
538 9.501299e-11
539 5.094183e-11
540 3.134034e-08
541 2.410681e-08
542 1.729116e-08
543 1.181550e-08
544 7.670440e-09
545 4.702238e-09
546 2.871184e-09
547 1.774045e-09
548 1.127521e-09
549 7.323644e-10
550 4.762686e-10
551 3.026315e-10
552 1.840976e-10
553 1.058048e-10
554 5.712311e-11
555 3.342810e-08
556 2.586848e-08
557 1.863321e-08
558 1.277343e-08
559 8.327556e-09
560 5.110335e-09
561 3.115337e-09
562 1.919185e-09
563 1.215994e-09
564 7.883841e-10
565 5.128911e-10
566 3.266986e-10
567 1.995240e-10
568 1.152213e-10
569 6.251718e-11
570 3.540820e-08
571 2.753982e-08
572 1.990636e-08
573 1.368350e-08
574 8.952047e-09
575 5.498522e-09
576 3.347289e-09
577 2.056866e-09
578 1.299945e-09
579 8.415825e-10
580 5.476829e-10
581 3.495594e-10
582 2.141759e-10
583 1.241659e-10
584 6.764155e-11
585 3.772864e-08
586 2.949320e-08
587 2.139371e-08
588 1.474623e-08
589 9.679072e-09
590 5.950938e-09
591 3.617648e-09
592 2.217346e-09
593 1.397759e-09
594 9.035554e-10
595 5.882074e-10
596 3.761957e-10
597 2.312504e-10
598 1.345882e-10
599 7.361183e-11
600 3.279130e-08
601 2.542191e-08
602 1.834765e-08
603 1.258587e-08
604 8.217842e-09
605 5.060462e-09
606 3.083158e-09
607 1.898655e-09
608 1.201222e-09
609 7.773528e-10
610 5.049584e-10
611 3.214238e-10
612 1.963668e-10
613 1.135563e-10
614 6.175908e-11
615 3.603896e-08
616 2.826198e-08
617 2.057470e-08
618 1.420146e-08
619 9.343706e-09
620 5.785201e-09
621 3.513120e-09
622 2.153784e-09
623 1.353790e-09
624 8.719898e-10
625 5.658573e-10
626 3.612721e-10
627 2.221106e-10
628 1.295528e-10
629 7.114838e-11
630 3.888934e-08
631 3.075975e-08
632 2.253931e-08
633 1.562503e-08
634 1.033761e-08
635 6.425862e-09
636 3.893849e-09
637 2.379657e-09
638 1.488927e-09
639 9.555579e-10
640 6.195597e-10
641 3.963834e-10
642 2.447924e-10
643 1.436545e-10
644 7.943490e-11
645 4.159088e-08
646 3.312772e-08
647 2.440163e-08
648 1.697754e-08
649 1.128063e-08
650 7.033985e-09
651 4.254895e-09
652 2.594214e-09
653 1.617019e-09
654 1.034844e-09
655 6.705158e-10
656 4.296960e-10
657 2.663100e-10
658 1.570326e-10
659 8.729560e-11
660 4.475540e-08
661 3.589442e-08
662 2.657791e-08
663 1.855581e-08
664 1.238062e-08
665 7.743756e-09
666 4.676691e-09
667 2.844264e-09
668 1.766484e-09
669 1.127379e-09
670 7.299597e-10
671 4.685636e-10
672 2.914196e-10
673 1.726434e-10
674 9.646955e-11
675 4.020139e-08
676 3.200832e-08
677 2.359279e-08
678 1.641856e-08
679 1.090501e-08
680 6.817529e-09
681 4.127021e-09
682 2.518635e-09
683 1.569001e-09
684 1.002975e-09
685 6.488644e-10
686 4.151768e-10
687 2.570307e-10
688 1.514990e-10
689 8.426317e-11
690 4.395105e-08
691 3.540028e-08
692 2.635193e-08
693 1.845446e-08
694 1.234133e-08
695 7.773299e-09
696 4.698949e-09
697 2.858595e-09
698 1.768915e-09
699 1.123974e-09
700 7.250940e-10
701 4.645193e-10
702 2.889568e-10
703 1.715948e-10
704 9.630926e-11
705 4.751072e-08
706 3.863530e-08
707 2.897929e-08
708 2.040137e-08
709 1.371417e-08
710 8.687890e-09
711 5.246868e-09
712 3.183887e-09
713 1.960230e-09
714 1.239679e-09
715 7.979532e-10
716 5.116216e-10
717 3.194195e-10
718 1.907714e-10
719 1.078152e-10
720 5.167843e-08
721 4.241589e-08
722 3.204332e-08
723 2.267097e-08
724 1.531427e-08
725 9.754707e-09
726 5.886194e-09
727 3.563785e-09
728 2.183303e-09
729 1.374719e-09
730 8.828791e-10
731 5.665353e-10
732 3.549381e-10
733 2.131293e-10
734 1.212303e-10
735 4.870353e-08
736 3.983201e-08
737 3.004892e-08
738 2.124290e-08
739 1.432377e-08
740 9.122925e-09
741 5.520188e-09
742 3.345435e-09
743 2.052068e-09
744 1.292629e-09
745 8.293979e-10
746 5.311722e-10
747 3.319696e-10
748 1.988618e-10
749 1.129048e-10
750 5.332950e-08
751 4.416763e-08
752 3.370007e-08
753 2.400858e-08
754 1.629438e-08
755 1.046849e-08
756 6.346502e-09
757 3.833785e-09
758 2.336192e-09
759 1.461285e-09
760 9.331311e-10
761 5.971323e-10
762 3.744170e-10
763 2.257671e-10
764 1.293174e-10
765 5.874722e-08
766 4.924880e-08
767 3.796617e-08
768 2.724656e-08
769 1.860410e-08
770 1.204699e-08
771 7.317572e-09
772 4.407837e-09
773 2.669695e-09
774 1.659224e-09
775 1.054731e-09
776 6.744127e-10
777 4.241327e-10
778 2.572740e-10
779 1.485415e-10
780 5.926650e-08
781 4.989352e-08
782 3.867024e-08
783 2.787382e-08
784 1.907990e-08
785 1.240269e-08
786 7.571142e-09
787 4.552921e-09
788 2.753379e-09
789 1.704990e-09
790 1.079754e-09
791 6.886090e-10
792 4.327311e-10
793 2.627926e-10
794 1.521668e-10
795 6.637148e-08
796 5.677949e-08
797 4.468174e-08
798 3.258370e-08
799 2.248848e-08
800 1.477398e-08
801 9.087360e-09
802 5.443188e-09
803 3.271152e-09
804 2.006008e-09
805 1.259801e-09
806 8.002648e-10
807 5.035848e-10
808 3.076867e-10
809 1.798905e-10
810 7.616657e-08
811 6.661508e-08
812 5.365624e-08
813 3.990281e-08
814 2.790586e-08
815 1.859673e-08
816 1.163421e-08
817 6.951649e-09
818 4.153313e-09
819 2.508975e-09
820 1.551539e-09
821 9.753532e-10
822 6.120316e-10
823 3.757398e-10
824 2.221412e-10
825 5.141169e-07
826 3.755226e-07
827 2.782692e-07
828 1.733332e-07
829 1.055758e-07
830 6.254091e-08
831 3.818367e-08
832 2.449090e-08
833 1.653000e-08
834 0.000000e+00
835 0.000000e+00
836 0.000000e+00
837 0.000000e+00
838 0.000000e+00
839 0.000000e+00
840 7.609788e-07
841 5.559632e-07
842 4.124030e-07
843 2.596383e-07
844 1.577842e-07
845 9.335813e-08
846 5.689790e-08
847 3.636723e-08
848 2.448273e-08
849 0.000000e+00
850 0.000000e+00
851 0.000000e+00
852 0.000000e+00
853 0.000000e+00
854 0.000000e+00
855 9.034708e-07
856 6.601393e-07
857 4.898344e-07
858 3.095543e-07
859 1.879543e-07
860 1.111685e-07
861 6.771198e-08
862 4.322638e-08
863 2.907417e-08
864 0.000000e+00
865 0.000000e+00
866 0.000000e+00
867 0.000000e+00
868 0.000000e+00
869 0.000000e+00
870 9.993278e-07
871 7.302182e-07
872 5.419243e-07
873 3.431341e-07
874 2.082519e-07
875 1.231503e-07
876 7.498702e-08
877 4.784112e-08
878 3.216291e-08
879 0.000000e+00
880 0.000000e+00
881 0.000000e+00
882 0.000000e+00
883 0.000000e+00
884 0.000000e+00
885 1.071193e-06
886 7.827614e-07
887 5.809742e-07
888 3.683088e-07
889 2.234694e-07
890 1.321335e-07
891 8.044121e-08
892 5.130076e-08
893 3.447879e-08
894 0.000000e+00
895 0.000000e+00
896 0.000000e+00
897 0.000000e+00
898 0.000000e+00
899 0.000000e+00
900 1.129439e-06
901 8.253442e-07
902 6.126261e-07
903 3.887123e-07
904 2.358020e-07
905 1.394142e-07
906 8.486152e-08
907 5.410480e-08
908 3.635564e-08
909 0.000000e+00
910 0.000000e+00
911 0.000000e+00
912 0.000000e+00
913 0.000000e+00
914 0.000000e+00
915 1.180268e-06
916 8.625041e-07
917 6.402459e-07
918 4.065191e-07
919 2.465652e-07
920 1.457672e-07
921 8.871918e-08
922 5.655163e-08
923 3.799350e-08
924 0.000000e+00
925 0.000000e+00
926 0.000000e+00
927 0.000000e+00
928 0.000000e+00
929 0.000000e+00
930 1.228460e-06
931 8.977376e-07
932 6.664337e-07
933 4.234011e-07
934 2.567693e-07
935 1.517905e-07
936 9.237652e-08
937 5.887147e-08
938 3.954628e-08
939 0.000000e+00
940 0.000000e+00
941 0.000000e+00
942 0.000000e+00
943 0.000000e+00
944 0.000000e+00
945 1.284683e-06
946 9.388454e-07
947 6.969857e-07
948 4.430983e-07
949 2.686743e-07
950 1.588185e-07
951 9.664394e-08
952 6.157795e-08
953 4.135810e-08
954 0.000000e+00
955 0.000000e+00
956 0.000000e+00
957 0.000000e+00
958 0.000000e+00
959 0.000000e+00
960 3.387235e-07
961 2.698365e-07
962 1.957475e-07
963 1.467898e-07
964 9.086435e-08
965 5.561019e-08
966 3.232291e-08
967 1.932682e-08
968 1.211019e-08
969 8.016972e-09
970 0.000000e+00
971 0.000000e+00
972 0.000000e+00
973 0.000000e+00
974 0.000000e+00
975 5.202053e-07
976 4.171413e-07
977 3.028809e-07
978 2.269261e-07
979 1.422215e-07
980 8.671621e-08
981 5.036731e-08
982 3.007684e-08
983 1.878068e-08
984 1.239798e-08
985 0.000000e+00
986 0.000000e+00
987 0.000000e+00
988 0.000000e+00
989 0.000000e+00
990 6.448121e-07
991 5.183992e-07
992 3.765467e-07
993 2.820115e-07
994 1.775998e-07
995 1.081224e-07
996 6.278599e-08
997 3.747520e-08
998 2.336911e-08
999 1.541004e-08
1000 0.000000e+00
1001 0.000000e+00
1002 0.000000e+00
1003 0.000000e+00
1004 0.000000e+00
1005 7.382357e-07
1006 5.943126e-07
1007 4.317715e-07
1008 3.233096e-07
1009 2.041234e-07
1010 1.241698e-07
1011 7.209649e-08
1012 4.302199e-08
1013 2.680897e-08
1014 1.766814e-08
1015 0.000000e+00
1016 0.000000e+00
1017 0.000000e+00
1018 0.000000e+00
1019 0.000000e+00
1020 8.139596e-07
1021 6.558390e-07
1022 4.765327e-07
1023 3.567807e-07
1024 2.256220e-07
1025 1.371778e-07
1026 7.964314e-08
1027 4.751755e-08
1028 2.959718e-08
1029 1.949827e-08
1030 0.000000e+00
1031 0.000000e+00
1032 0.000000e+00
1033 0.000000e+00
1034 0.000000e+00
1035 8.800254e-07
1036 7.095243e-07
1037 5.155916e-07
1038 3.859857e-07
1039 2.443794e-07
1040 1.485270e-07
1041 8.622743e-08
1042 5.144028e-08
1043 3.202995e-08
1044 2.109535e-08
1045 0.000000e+00
1046 0.000000e+00
1047 0.000000e+00
1048 0.000000e+00
1049 0.000000e+00
1050 9.426736e-07
1051 7.604327e-07
1052 5.526249e-07
1053 4.136780e-07
1054 2.621647e-07
1055 1.592896e-07
1056 9.247120e-08
1057 5.515972e-08
1058 3.433673e-08
1059 2.260959e-08
1060 0.000000e+00
1061 0.000000e+00
1062 0.000000e+00
1063 0.000000e+00
1064 0.000000e+00
1065 1.015768e-06
1066 8.198310e-07
1067 5.958365e-07
1068 4.459927e-07
1069 2.829175e-07
1070 1.718473e-07
1071 9.975607e-08
1072 5.949995e-08
1073 3.702828e-08
1074 2.437647e-08
1075 0.000000e+00
1076 0.000000e+00
1077 0.000000e+00
1078 0.000000e+00
1079 0.000000e+00
1080 1.997876e-07
1081 1.817475e-07
1082 1.400572e-07
1083 1.012798e-07
1084 7.589858e-08
1085 4.388921e-08
1086 2.690295e-08
1087 1.550944e-08
1088 9.169311e-09
1089 5.703825e-09
1090 0.000000e+00
1091 0.000000e+00
1092 0.000000e+00
1093 0.000000e+00
1094 0.000000e+00
1095 3.303867e-07
1096 3.018085e-07
1097 2.334770e-07
1098 1.687339e-07
1099 1.266259e-07
1100 7.360712e-08
1101 4.523229e-08
1102 2.601756e-08
1103 1.533025e-08
1104 9.515603e-09
1105 0.000000e+00
1106 0.000000e+00
1107 0.000000e+00
1108 0.000000e+00
1109 0.000000e+00
1110 4.306282e-07
1111 3.940345e-07
1112 3.052905e-07
1113 2.205837e-07
1114 1.656232e-07
1115 9.648072e-08
1116 5.934318e-08
1117 3.410489e-08
1118 2.006901e-08
1119 1.244631e-08
1120 0.000000e+00
1121 0.000000e+00
1122 0.000000e+00
1123 0.000000e+00
1124 0.000000e+00
1125 5.118675e-07
1126 4.687719e-07
1127 3.634880e-07
1128 2.626035e-07
1129 1.972257e-07
1130 1.150174e-07
1131 7.077884e-08
1132 4.065897e-08
1133 2.390921e-08
1134 1.482137e-08
1135 0.000000e+00
1136 0.000000e+00
1137 0.000000e+00
1138 0.000000e+00
1139 0.000000e+00
1140 5.827486e-07
1141 5.339873e-07
1142 4.142683e-07
1143 2.992682e-07
1144 2.248018e-07
1145 1.311919e-07
1146 8.075741e-08
1147 4.637790e-08
1148 2.726008e-08
1149 1.689370e-08
1150 0.000000e+00
1151 0.000000e+00
1152 0.000000e+00
1153 0.000000e+00
1154 0.000000e+00
1155 6.499630e-07
1156 5.958254e-07
1157 4.624212e-07
1158 3.340351e-07
1159 2.509506e-07
1160 1.465295e-07
1161 9.021925e-08
1162 5.180077e-08
1163 3.043750e-08
1164 1.885873e-08
1165 0.000000e+00
1166 0.000000e+00
1167 0.000000e+00
1168 0.000000e+00
1169 0.000000e+00
1170 7.283846e-07
1171 6.679733e-07
1172 5.186008e-07
1173 3.745984e-07
1174 2.814577e-07
1175 1.644239e-07
1176 1.012585e-07
1177 5.812754e-08
1178 3.414473e-08
1179 2.115149e-08
1180 0.000000e+00
1181 0.000000e+00
1182 0.000000e+00
1183 0.000000e+00
1184 0.000000e+00
1185 1.330836e-07
1186 1.313897e-07
1187 1.105167e-07
1188 8.074184e-08
1189 5.997506e-08
1190 4.078345e-08
1191 2.405817e-08
1192 1.370872e-08
1193 7.925628e-09
1194 4.682899e-09
1195 2.932940e-09
1196 0.000000e+00
1197 0.000000e+00
1198 0.000000e+00
1199 0.000000e+00
1200 2.310768e-07
1201 2.287444e-07
1202 1.930834e-07
1203 1.412939e-07
1204 1.047921e-07
1205 7.173086e-08
1206 4.211747e-08
1207 2.403060e-08
1208 1.391100e-08
1209 8.205425e-09
1210 5.129195e-09
1211 0.000000e+00
1212 0.000000e+00
1213 0.000000e+00
1214 0.000000e+00
1215 3.123232e-07
1216 3.095006e-07
1217 2.616148e-07
1218 1.915694e-07
1219 1.419927e-07
1220 9.744474e-08
1221 5.711212e-08
1222 3.260332e-08
1223 1.888243e-08
1224 1.113064e-08
1225 6.952520e-09
1226 0.000000e+00
1227 0.000000e+00
1228 0.000000e+00
1229 0.000000e+00
1230 3.831935e-07
1231 3.799432e-07
1232 3.213903e-07
1233 2.354215e-07
1234 1.744400e-07
1235 1.198757e-07
1236 7.019122e-08
1237 4.008120e-08
1238 2.321897e-08
1239 1.368230e-08
1240 8.542871e-09
1241 0.000000e+00
1242 0.000000e+00
1243 0.000000e+00
1244 0.000000e+00
1245 4.503977e-07
1246 4.467362e-07
1247 3.780737e-07
1248 2.770046e-07
1249 2.052095e-07
1250 1.411454e-07
1251 8.259382e-08
1252 4.717229e-08
1253 2.733118e-08
1254 1.610194e-08
1255 1.005098e-08
1256 0.000000e+00
1257 0.000000e+00
1258 0.000000e+00
1259 0.000000e+00
1260 5.288015e-07
1261 5.246659e-07
1262 4.442070e-07
1263 3.255223e-07
1264 2.411084e-07
1265 1.659601e-07
1266 9.706421e-08
1267 5.544503e-08
1268 3.212871e-08
1269 1.892488e-08
1270 1.181051e-08
1271 0.000000e+00
1272 0.000000e+00
1273 0.000000e+00
1274 0.000000e+00
1275 9.587695e-08
1276 9.984573e-08
1277 9.037591e-08
1278 6.915519e-08
1279 4.998612e-08
1280 3.744670e-08
1281 2.116357e-08
1282 1.278424e-08
1283 7.222366e-09
1284 4.170691e-09
1285 2.496514e-09
1286 0.000000e+00
1287 0.000000e+00
1288 0.000000e+00
1289 0.000000e+00
1290 1.734771e-07
1291 1.810119e-07
1292 1.643200e-07
1293 1.260579e-07
1294 9.106171e-08
1295 6.831790e-08
1296 3.871374e-08
1297 2.345736e-08
1298 1.322422e-08
1299 7.619438e-09
1300 4.552466e-09
1301 0.000000e+00
1302 0.000000e+00
1303 0.000000e+00
1304 0.000000e+00
1305 2.424635e-07
1306 2.531894e-07
1307 2.301014e-07
1308 1.766983e-07
1309 1.276149e-07
1310 9.579449e-08
1311 5.434251e-08
1312 3.296556e-08
1313 1.856968e-08
1314 1.068970e-08
1315 6.382328e-09
1316 0.000000e+00
1317 0.000000e+00
1318 0.000000e+00
1319 0.000000e+00
1320 3.078577e-07
1321 3.216065e-07
1322 2.924568e-07
1323 2.247029e-07
1324 1.622652e-07
1325 1.218404e-07
1326 6.915697e-08
1327 4.197839e-08
1328 2.363663e-08
1329 1.359998e-08
1330 8.116900e-09
1331 0.000000e+00
1332 0.000000e+00
1333 0.000000e+00
1334 0.000000e+00
1335 3.841561e-07
1336 4.014323e-07
1337 3.652105e-07
1338 2.807097e-07
1339 2.026908e-07
1340 1.522281e-07
1341 8.644124e-08
1342 5.249408e-08
1343 2.954836e-08
1344 1.699550e-08
1345 1.014064e-08
1346 0.000000e+00
1347 0.000000e+00
1348 0.000000e+00
1349 0.000000e+00
1350 7.336447e-08
1351 7.941998e-08
1352 7.617244e-08
1353 6.174231e-08
1354 4.454537e-08
1355 3.357877e-08
1356 2.098635e-08
1357 1.286409e-08
1358 7.141881e-09
1359 3.932867e-09
1360 2.272653e-09
1361 1.381881e-09
1362 0.000000e+00
1363 0.000000e+00
1364 0.000000e+00
1365 1.384653e-07
1366 1.501245e-07
1367 1.443236e-07
1368 1.173063e-07
1369 8.468444e-08
1370 6.377888e-08
1371 4.011387e-08
1372 2.452170e-08
1373 1.361654e-08
1374 7.501721e-09
1375 4.325711e-09
1376 2.624855e-09
1377 0.000000e+00
1378 0.000000e+00
1379 0.000000e+00
1380 2.010031e-07
1381 2.180563e-07
1382 2.098198e-07
1383 1.707216e-07
1384 1.232755e-07
1385 9.281020e-08
1386 5.851418e-08
1387 3.573215e-08
1388 1.984300e-08
1389 1.093430e-08
1390 6.299816e-09
1391 3.819753e-09
1392 0.000000e+00
1393 0.000000e+00
1394 0.000000e+00
1395 2.739546e-07
1396 2.973002e-07
1397 2.862206e-07
1398 2.330303e-07
1399 1.682909e-07
1400 1.266749e-07
1401 7.997821e-08
1402 4.880901e-08
1403 2.710609e-08
1404 1.493828e-08
1405 8.602574e-09
1406 5.213599e-09
1407 0.000000e+00
1408 0.000000e+00
1409 0.000000e+00
1410 5.955553e-08
1411 6.647326e-08
1412 6.678732e-08
1413 5.737825e-08
1414 4.229750e-08
1415 3.115138e-08
1416 2.195167e-08
1417 1.252231e-08
1418 7.050741e-09
1419 3.989602e-09
1420 2.219121e-09
1421 1.294066e-09
1422 0.000000e+00
1423 0.000000e+00
1424 0.000000e+00
1425 1.179210e-07
1426 1.317933e-07
1427 1.326846e-07
1428 1.143099e-07
1429 8.440165e-08
1430 6.208614e-08
1431 4.394824e-08
1432 2.499201e-08
1433 1.410060e-08
1434 7.977686e-09
1435 4.435108e-09
1436 2.581462e-09
1437 0.000000e+00
1438 0.000000e+00
1439 0.000000e+00
1440 1.864659e-07
1441 2.085133e-07
1442 2.100928e-07
1443 1.811975e-07
1444 1.338744e-07
1445 9.843172e-08
1446 6.979941e-08
1447 3.964442e-08
1448 2.238585e-08
1449 1.266432e-08
1450 7.039246e-09
1451 4.094128e-09
1452 0.000000e+00
1453 0.000000e+00
1454 0.000000e+00
1455 5.166772e-08
1456 5.921245e-08
1457 6.189650e-08
1458 5.624518e-08
1459 4.313794e-08
1460 3.115607e-08
1461 2.340251e-08
1462 1.312187e-08
1463 7.849814e-09
1464 4.300467e-09
1465 2.370506e-09
1466 1.323505e-09
1467 0.000000e+00
1468 0.000000e+00
1469 0.000000e+00
1470 1.144185e-07
1471 1.312917e-07
1472 1.375006e-07
1473 1.252951e-07
1474 9.633726e-08
1475 6.954081e-08
1476 5.230457e-08
1477 2.941269e-08
1478 1.765431e-08
1479 9.654152e-09
1480 5.309458e-09
1481 2.958535e-09
1482 0.000000e+00
1483 0.000000e+00
1484 0.000000e+00
1485 5.371787e-08
1486 6.312210e-08
1487 6.844353e-08
1488 6.571109e-08
1489 5.328254e-08
1490 3.844679e-08
1491 2.900368e-08
1492 1.803599e-08
1493 1.097569e-08
1494 5.956119e-09
1495 3.137212e-09
1496 1.692552e-09
1497 9.425156e-10
1498 0.000000e+00
1499 0.000000e+00
1500 1.109684e-04
1501 8.086786e-05
1502 6.035546e-05
1503 3.805236e-05
1504 2.321989e-05
1505 1.369104e-05
1506 8.324421e-06
1507 5.304277e-06
1508 3.565556e-06
1509 0.000000e+00
1510 0.000000e+00
1511 0.000000e+00
1512 0.000000e+00
1513 0.000000e+00
1514 0.000000e+00
1515 5.757601e-05
1516 4.644359e-05
1517 3.369791e-05
1518 2.528332e-05
1519 1.597668e-05
1520 9.754545e-06
1521 5.648866e-06
1522 3.364481e-06
1523 2.093966e-06
1524 1.379138e-06
1525 0.000000e+00
1526 0.000000e+00
1527 0.000000e+00
1528 0.000000e+00
1529 0.000000e+00
1530 4.047788e-05
1531 3.713775e-05
1532 2.882267e-05
1533 2.080348e-05
1534 1.566222e-05
1535 9.111532e-06
1536 5.625604e-06
1537 3.225263e-06
1538 1.896511e-06
1539 1.174730e-06
1540 0.000000e+00
1541 0.000000e+00
1542 0.000000e+00
1543 0.000000e+00
1544 0.000000e+00
1545 2.912801e-05
1546 2.891312e-05
1547 2.448503e-05
1548 1.793535e-05
1549 1.328396e-05
1550 9.154542e-06
1551 5.351144e-06
1552 3.053081e-06
1553 1.771954e-06
1554 1.042590e-06
1555 6.506122e-07
1556 0.000000e+00
1557 0.000000e+00
1558 0.000000e+00
1559 0.000000e+00
1560 2.085098e-05
1561 2.179680e-05
1562 1.983793e-05
1563 1.524768e-05
1564 1.100576e-05
1565 8.274949e-06
1566 4.689296e-06
1567 2.850415e-06
1568 1.602925e-06
1569 9.233707e-07
1570 5.506294e-07
1571 0.000000e+00
1572 0.000000e+00
1573 0.000000e+00
1574 0.000000e+00
1575 1.487210e-05
1576 1.614453e-05
1577 1.554949e-05
1578 1.266314e-05
1579 9.143013e-06
1580 6.883420e-06
1581 4.347301e-06
1582 2.655947e-06
1583 1.474901e-06
1584 8.112783e-07
1585 4.673052e-07
1586 2.832009e-07
1587 0.000000e+00
1588 0.000000e+00
1589 0.000000e+00
1590 1.001028e-05
1591 1.119728e-05
1592 1.128693e-05
1593 9.739022e-06
1594 7.195644e-06
1595 5.289411e-06
1596 3.755371e-06
1597 2.130464e-06
1598 1.202339e-06
1599 6.811759e-07
1600 3.783133e-07
1601 2.200058e-07
1602 0.000000e+00
1603 0.000000e+00
1604 0.000000e+00
1605 6.201116e-06
1606 7.118100e-06
1607 7.458527e-06
1608 6.801106e-06
1609 5.231433e-06
1610 3.775220e-06
1611 2.841823e-06
1612 1.597077e-06
1613 9.596537e-07
1614 5.242846e-07
1615 2.885232e-07
1616 1.606418e-07
1617 0.000000e+00
1618 0.000000e+00
1619 0.000000e+00
1620 3.163407e-06
1621 3.720115e-06
1622 4.038202e-06
1623 3.883392e-06
1624 3.154630e-06
1625 2.276770e-06
1626 1.716871e-06
1627 1.071974e-06
1628 6.518364e-07
1629 3.538249e-07
1630 1.861971e-07
1631 1.003484e-07
1632 5.578990e-08
1633 0.000000e+00
1634 0.000000e+00
1635 8.891198e-07
1636 1.072208e-06
1637 1.206146e-06
1638 1.224576e-06
1639 1.066696e-06
1640 7.933436e-07
1641 5.815894e-07
1642 4.169104e-07
1643 2.343421e-07
1644 1.314261e-07
1645 7.164692e-08
1646 3.730540e-08
1647 1.958823e-08
1648 0.000000e+00
1649 0.000000e+00
