0 2.285417e-09
1 1.487517e-09
2 9.363460e-10
3 5.894337e-10
4 3.784946e-10
5 2.487928e-10
6 1.653834e-10
7 1.086713e-10
8 6.895401e-11
9 4.150056e-11
10 2.345267e-11
11 1.242274e-11
12 6.207504e-12
13 2.958805e-12
14 1.362065e-12
15 3.854218e-09
16 2.567164e-09
17 1.634345e-09
18 1.018936e-09
19 6.437963e-10
20 4.164460e-10
21 2.752585e-10
22 1.824998e-10
23 1.184138e-10
24 7.356326e-11
25 4.308333e-11
26 2.363439e-11
27 1.217004e-11
28 5.935743e-12
29 2.775820e-12
30 4.433387e-09
31 2.974142e-09
32 1.904873e-09
33 1.186972e-09
34 7.467705e-10
35 4.803801e-10
36 3.163563e-10
37 2.098632e-10
38 1.368137e-10
39 8.568585e-11
40 5.071128e-11
41 2.813255e-11
42 1.463500e-11
43 7.198144e-12
44 3.386416e-12
45 4.754814e-09
46 3.200243e-09
47 2.055359e-09
48 1.280598e-09
49 8.041364e-10
50 5.159772e-10
51 3.392629e-10
52 2.250310e-10
53 1.470242e-10
54 9.241447e-11
55 5.494345e-11
56 3.062657e-11
57 1.600743e-11
58 7.902390e-12
59 3.727836e-12
60 4.970338e-09
61 3.352075e-09
62 2.156264e-09
63 1.343416e-09
64 8.426093e-10
65 5.399227e-10
66 3.546464e-10
67 2.352570e-10
68 1.538682e-10
69 9.693796e-11
70 5.780097e-11
71 3.231609e-11
72 1.693134e-11
73 8.375729e-12
74 3.958118e-12
75 5.132202e-09
76 3.465713e-09
77 2.232039e-09
78 1.390478e-09
79 8.714848e-10
80 5.578768e-10
81 3.661626e-10
82 2.429040e-10
83 1.590462e-10
84 1.003495e-10
85 5.993037e-11
86 3.357115e-11
87 1.762379e-11
88 8.731223e-12
89 4.129916e-12
90 5.263230e-09
91 3.558075e-09
92 2.293393e-09
93 1.428915e-09
94 8.949929e-10
95 5.724098e-10
96 3.755357e-10
97 2.491300e-10
98 1.632380e-10
99 1.031048e-10
100 6.167470e-11
101 3.459907e-11
102 1.818721e-11
103 9.020231e-12
104 4.270051e-12
105 5.377988e-09
106 3.638453e-09
107 2.347276e-09
108 1.462373e-09
109 9.154153e-10
110 5.851139e-10
111 3.836740e-10
112 2.545451e-10
113 1.668074e-10
114 1.054642e-10
115 6.315485e-11
116 3.548671e-11
117 1.867824e-11
118 9.273512e-12
119 4.389494e-12
120 5.487995e-09
121 3.716145e-09
122 2.399008e-09
123 1.494441e-09
124 9.350822e-10
125 5.972884e-10
126 3.914657e-10
127 2.597492e-10
128 1.703610e-10
129 1.078052e-10
130 6.463973e-11
131 3.634747e-11
132 1.914799e-11
133 9.513340e-12
134 4.509181e-12
135 5.612837e-09
136 3.803556e-09
137 2.457832e-09
138 1.531110e-09
139 9.575020e-10
140 6.112653e-10
141 4.004599e-10
142 2.656436e-10
143 1.743659e-10
144 1.104646e-10
145 6.630474e-11
146 3.733047e-11
147 1.968842e-11
148 9.788708e-12
149 4.642595e-12
150 7.934171e-09
151 5.465631e-09
152 3.592192e-09
153 2.245965e-09
154 1.392518e-09
155 8.776928e-10
156 5.688601e-10
157 3.762785e-10
158 2.487404e-10
159 1.601685e-10
160 9.829206e-11
161 5.670093e-11
162 3.059623e-11
163 1.550437e-11
164 7.456286e-12
165 1.003506e-08
166 7.001963e-09
167 4.668462e-09
168 2.949987e-09
169 1.820255e-09
170 1.137893e-09
171 7.294501e-10
172 4.793119e-10
173 3.172622e-10
174 2.061636e-10
175 1.284937e-10
176 7.556459e-11
177 4.160172e-11
178 2.146833e-11
179 1.047308e-11
180 1.127699e-08
181 7.916493e-09
182 5.310689e-09
183 3.374592e-09
184 2.079628e-09
185 1.295716e-09
186 8.262290e-10
187 5.410482e-10
188 3.580876e-10
189 2.335529e-10
190 1.465236e-10
191 8.688313e-11
192 4.826324e-11
193 2.511433e-11
194 1.233593e-11
195 1.211635e-08
196 8.536068e-09
197 5.746332e-09
198 3.662745e-09
199 2.256078e-09
200 1.402845e-09
201 8.918738e-10
202 5.829881e-10
203 3.857845e-10
204 2.521162e-10
205 1.587431e-10
206 9.457007e-11
207 5.279372e-11
208 2.759671e-11
209 1.360544e-11
210 1.274554e-08
211 9.000393e-09
212 6.073403e-09
213 3.878341e-09
214 2.388313e-09
215 1.483239e-09
216 9.412103e-10
217 6.143472e-10
218 4.064972e-10
219 2.659995e-10
220 1.678750e-10
221 1.003229e-10
222 5.618344e-11
223 2.945135e-11
224 1.455566e-11
225 1.325707e-08
226 9.376954e-09
227 6.337580e-09
228 4.053946e-09
229 2.495407e-09
230 1.548357e-09
231 9.810764e-10
232 6.398273e-10
233 4.233318e-10
234 2.772692e-10
235 1.752999e-10
236 1.049727e-10
237 5.892088e-11
238 3.095547e-11
239 1.532459e-11
240 1.369779e-08
241 9.702272e-09
242 6.566922e-09
243 4.205754e-09
244 2.588625e-09
245 1.604948e-09
246 1.015658e-09
247 6.617884e-10
248 4.379294e-10
249 2.870478e-10
250 1.817364e-10
251 1.090174e-10
252 6.130883e-11
253 3.226365e-11
254 1.599358e-11
255 1.412402e-08
256 1.001657e-08
257 6.788373e-09
258 4.352423e-09
259 2.678009e-09
260 1.659228e-09
261 1.049003e-09
262 6.830172e-10
263 4.519785e-10
264 2.964595e-10
265 1.879328e-10
266 1.129191e-10
267 6.360470e-11
268 3.351808e-11
269 1.663447e-11
270 1.461573e-08
271 1.037915e-08
272 7.043135e-09
273 4.520643e-09
274 2.780831e-09
275 1.722183e-09
276 1.087748e-09
277 7.076711e-10
278 4.681574e-10
279 3.073100e-10
280 1.950914e-10
281 1.174203e-10
282 6.624927e-11
283 3.496956e-11
284 1.737676e-11
285 1.367317e-08
286 9.732713e-09
287 6.612226e-09
288 4.268373e-09
289 2.632004e-09
290 1.629748e-09
291 1.027334e-09
292 6.662041e-10
293 4.393647e-10
294 2.879382e-10
295 1.828455e-10
296 1.103240e-10
297 6.251885e-11
298 3.317378e-11
299 1.656635e-11
300 1.609515e-08
301 1.158959e-08
302 7.946373e-09
303 5.188344e-09
304 3.212215e-09
305 1.979250e-09
306 1.237935e-09
307 7.964795e-10
308 5.232817e-10
309 3.436860e-10
310 2.199579e-10
311 1.343161e-10
312 7.721298e-11
313 4.157564e-11
314 2.103432e-11
315 1.777731e-08
316 1.288933e-08
317 8.883414e-09
318 5.837280e-09
319 3.625110e-09
320 2.227315e-09
321 1.387736e-09
322 8.888047e-10
323 5.824666e-10
324 3.828567e-10
325 2.460111e-10
326 1.511915e-10
327 8.758983e-11
328 4.754020e-11
329 2.422516e-11
330 1.904514e-08
331 1.386912e-08
332 9.587893e-09
333 6.323890e-09
334 3.935928e-09
335 2.414402e-09
336 1.500532e-09
337 9.583413e-10
338 6.271392e-10
339 4.123615e-10
340 2.656124e-10
341 1.638869e-10
342 9.540081e-11
343 5.203426e-11
344 2.663144e-11
345 2.007250e-08
346 1.466320e-08
347 1.016187e-08
348 6.721515e-09
349 4.188228e-09
350 2.566250e-09
351 1.591997e-09
352 1.014732e-09
353 6.631969e-10
354 4.362385e-10
355 2.815176e-10
356 1.741887e-10
357 1.017353e-10
358 5.567970e-11
359 2.858361e-11
360 2.096369e-08
361 1.535243e-08
362 1.065930e-08
363 7.064304e-09
364 4.406675e-09
365 2.697971e-09
366 1.671284e-09
367 1.063590e-09
368 6.945136e-10
369 4.569797e-10
370 2.952959e-10
371 1.831129e-10
372 1.072249e-10
373 5.883540e-11
374 3.027305e-11
375 2.181754e-08
376 1.601231e-08
377 1.113465e-08
378 7.393962e-09
379 4.616022e-09
380 2.824140e-09
381 1.747405e-09
382 1.110450e-09
383 7.245672e-10
384 4.768677e-10
385 3.085332e-10
386 1.916832e-10
387 1.124948e-10
388 6.186595e-11
389 3.189529e-11
390 2.280899e-08
391 1.677946e-08
392 1.168734e-08
393 7.776377e-09
394 4.859812e-09
395 2.971359e-09
396 1.836129e-09
397 1.165142e-09
398 7.595000e-10
399 5.000217e-10
400 3.239278e-10
401 2.016572e-10
402 1.186309e-10
403 6.539006e-11
404 3.378293e-11
405 1.969122e-08
406 1.443589e-08
407 1.002101e-08
408 6.644367e-09
409 4.160372e-09
410 2.548119e-09
411 1.580095e-09
412 1.004391e-09
413 6.545650e-10
414 4.298249e-10
415 2.773034e-10
416 1.718345e-10
417 1.006716e-10
418 5.533387e-11
419 2.854172e-11
420 2.236370e-08
421 1.658908e-08
422 1.160744e-08
423 7.761227e-09
424 4.901900e-09
425 2.994673e-09
426 1.848852e-09
427 1.166395e-09
428 7.557745e-10
429 4.956006e-10
430 3.209140e-10
431 2.004349e-10
432 1.186970e-10
433 6.603350e-11
434 3.446421e-11
435 2.440012e-08
436 1.824128e-08
437 1.282607e-08
438 8.622795e-09
439 5.475077e-09
440 3.341224e-09
441 2.057724e-09
442 1.291899e-09
443 8.341420e-10
444 5.463438e-10
445 3.545035e-10
446 2.224607e-10
447 1.326003e-10
448 7.431167e-11
449 3.906416e-11
450 2.606535e-08
451 1.958473e-08
452 1.382121e-08
453 9.324938e-09
454 5.941773e-09
455 3.624350e-09
456 2.227573e-09
457 1.394284e-09
458 8.977071e-10
459 5.876197e-10
460 3.818194e-10
461 2.403716e-10
462 1.439072e-10
463 8.104428e-11
464 4.280717e-11
465 2.750334e-08
466 2.075156e-08
467 1.468384e-08
468 9.931720e-09
469 6.346602e-09
470 3.869810e-09
471 2.374755e-09
472 1.482886e-09
473 9.530480e-10
474 6.234374e-10
475 4.055134e-10
476 2.559072e-10
477 1.537159e-10
478 8.688706e-11
479 4.605577e-11
480 2.888152e-08
481 2.186470e-08
482 1.550968e-08
483 1.051371e-08
484 6.734930e-09
485 4.104617e-09
486 2.516150e-09
487 1.567735e-09
488 1.005949e-09
489 6.577234e-10
490 4.282288e-10
491 2.708000e-10
492 1.631151e-10
493 9.247874e-11
494 4.916326e-11
495 3.048465e-08
496 2.316219e-08
497 1.646856e-08
498 1.119111e-08
499 7.185562e-09
500 4.377609e-09
501 2.680245e-09
502 1.666567e-09
503 1.067483e-09
504 6.975894e-10
505 4.545989e-10
506 2.880728e-10
507 1.740311e-10
508 9.898437e-11
509 5.278029e-11
510 2.603330e-08
511 1.963880e-08
512 1.389848e-08
513 9.390055e-09
514 6.009928e-09
515 3.671901e-09
516 2.255436e-09
517 1.408378e-09
518 9.044202e-10
519 5.907212e-10
520 3.835513e-10
521 2.416745e-10
522 1.450373e-10
523 8.198274e-11
524 4.349665e-11
525 2.895903e-08
526 2.210143e-08
527 1.576801e-08
528 1.072538e-08
529 6.924581e-09
530 4.238542e-09
531 2.594611e-09
532 1.609602e-09
533 1.027408e-09
534 6.687462e-10
535 4.346372e-10
536 2.752643e-10
537 1.665605e-10
538 9.510740e-11
539 5.100182e-11
540 3.136286e-08
541 2.413013e-08
542 1.731214e-08
543 1.183154e-08
544 7.682086e-09
545 4.710839e-09
546 2.876144e-09
547 1.777020e-09
548 1.129206e-09
549 7.333326e-10
550 4.768498e-10
551 3.030001e-10
552 1.843399e-10
553 1.059643e-10
554 5.722476e-11
555 3.344624e-08
556 2.588996e-08
557 1.865415e-08
558 1.278994e-08
559 8.339787e-09
560 5.119871e-09
561 3.120817e-09
562 1.922505e-09
563 1.217830e-09
564 7.893979e-10
565 5.134781e-10
566 3.270638e-10
567 1.997661e-10
568 1.153853e-10
569 6.262576e-11
570 3.544830e-08
571 2.758156e-08
572 1.994418e-08
573 1.371260e-08
574 8.973145e-09
575 5.514167e-09
576 3.356371e-09
577 2.062339e-09
578 1.303036e-09
579 8.433490e-10
580 5.487385e-10
581 3.502256e-10
582 2.146126e-10
583 1.244534e-10
584 6.782514e-11
585 3.777879e-08
586 2.954547e-08
587 2.144117e-08
588 1.478282e-08
589 9.705590e-09
590 5.970625e-09
591 3.629097e-09
592 2.224246e-09
593 1.401653e-09
594 9.057801e-10
595 5.895351e-10
596 3.770325e-10
597 2.317985e-10
598 1.349490e-10
599 7.384239e-11
600 3.279949e-08
601 2.543062e-08
602 1.835580e-08
603 1.259229e-08
604 8.222474e-09
605 5.063951e-09
606 3.085229e-09
607 1.899924e-09
608 1.201930e-09
609 7.777509e-10
610 5.051923e-10
611 3.215689e-10
612 1.964609e-10
613 1.136182e-10
614 6.179895e-11
615 3.605119e-08
616 2.827509e-08
617 2.058712e-08
618 1.421140e-08
619 9.350889e-09
620 5.790606e-09
621 3.516433e-09
622 2.155803e-09
623 1.354914e-09
624 8.726177e-10
625 5.662223e-10
626 3.614959e-10
627 2.222545e-10
628 1.296472e-10
629 7.120936e-11
630 3.889246e-08
631 3.076674e-08
632 2.254864e-08
633 1.563357e-08
634 1.034403e-08
635 6.431339e-09
636 3.897385e-09
637 2.381828e-09
638 1.490085e-09
639 9.561523e-10
640 6.198676e-10
641 3.965559e-10
642 2.449015e-10
643 1.437307e-10
644 7.948945e-11
645 4.162171e-08
646 3.316094e-08
647 2.443341e-08
648 1.700331e-08
649 1.129930e-08
650 7.047989e-09
651 4.263701e-09
652 2.599534e-09
653 1.619984e-09
654 1.036499e-09
655 6.714695e-10
656 4.302753e-10
657 2.666799e-10
658 1.572744e-10
659 8.745203e-11
660 4.479738e-08
661 3.593984e-08
662 2.662147e-08
663 1.859123e-08
664 1.240628e-08
665 7.763003e-09
666 4.688860e-09
667 2.851601e-09
668 1.770574e-09
669 1.129661e-09
670 7.312728e-10
671 4.693595e-10
672 2.919269e-10
673 1.729749e-10
674 9.668404e-11
675 4.020843e-08
676 3.201606e-08
677 2.360040e-08
678 1.642491e-08
679 1.090963e-08
680 6.820976e-09
681 4.129320e-09
682 2.519992e-09
683 1.569760e-09
684 1.003398e-09
685 6.491038e-10
686 4.153192e-10
687 2.571200e-10
688 1.515569e-10
689 8.430079e-11
690 4.393853e-08
691 3.539120e-08
692 2.634685e-08
693 1.845204e-08
694 1.233995e-08
695 7.772936e-09
696 4.699243e-09
697 2.858624e-09
698 1.768927e-09
699 1.123926e-09
700 7.250134e-10
701 4.644434e-10
702 2.889014e-10
703 1.715621e-10
704 9.629427e-11
705 4.753172e-08
706 3.865867e-08
707 2.900267e-08
708 2.042137e-08
709 1.372892e-08
710 8.698774e-09
711 5.254451e-09
712 3.188249e-09
713 1.962698e-09
714 1.241063e-09
715 7.987275e-10
716 5.120740e-10
717 3.196985e-10
718 1.909504e-10
719 1.079311e-10
720 5.171150e-08
721 4.245275e-08
722 3.208026e-08
723 2.270270e-08
724 1.533773e-08
725 9.771981e-09
726 5.898306e-09
727 3.570731e-09
728 2.187244e-09
729 1.376927e-09
730 8.841133e-10
731 5.672542e-10
732 3.553800e-10
733 2.134123e-10
734 1.214135e-10
735 4.865280e-08
736 3.978146e-08
737 3.000777e-08
738 2.121265e-08
739 1.430249e-08
740 9.108603e-09
741 5.511824e-09
742 3.340406e-09
743 2.049148e-09
744 1.290864e-09
745 8.282823e-10
746 5.304452e-10
747 3.314953e-10
748 1.985608e-10
749 1.127232e-10
750 5.330202e-08
751 4.414330e-08
752 3.368129e-08
753 2.399574e-08
754 1.628567e-08
755 1.046274e-08
756 6.343648e-09
757 3.831985e-09
758 2.335184e-09
759 1.460637e-09
760 9.326918e-10
761 5.968250e-10
762 3.742073e-10
763 2.256317e-10
764 1.292364e-10
765 5.872230e-08
766 4.922826e-08
767 3.795238e-08
768 2.723908e-08
769 1.859974e-08
770 1.204439e-08
771 7.317408e-09
772 4.407538e-09
773 2.669632e-09
774 1.659077e-09
775 1.054551e-09
776 6.742368e-10
777 4.239934e-10
778 2.571793e-10
779 1.484865e-10
780 5.927136e-08
781 4.989918e-08
782 3.867628e-08
783 2.787950e-08
784 1.908440e-08
785 1.240593e-08
786 7.573592e-09
787 4.554370e-09
788 2.754265e-09
789 1.705470e-09
790 1.080010e-09
791 6.887493e-10
792 4.328110e-10
793 2.628406e-10
794 1.521968e-10
795 6.638309e-08
796 5.679308e-08
797 4.469641e-08
798 3.259767e-08
799 2.249973e-08
800 1.478210e-08
801 9.093483e-09
802 5.446943e-09
803 3.273433e-09
804 2.007246e-09
805 1.260459e-09
806 8.006206e-10
807 5.037843e-10
808 3.078045e-10
809 1.799633e-10
810 7.617093e-08
811 6.662030e-08
812 5.366206e-08
813 3.990864e-08
814 2.791084e-08
815 1.860040e-08
816 1.163692e-08
817 6.953534e-09
818 4.154391e-09
819 2.509572e-09
820 1.551862e-09
821 9.755224e-10
822 6.121216e-10
823 3.757896e-10
824 2.221703e-10
825 5.075513e-07
826 3.707294e-07
827 2.747047e-07
828 1.710676e-07
829 1.041997e-07
830 6.172829e-08
831 3.768964e-08
832 2.417639e-08
833 1.631878e-08
834 0.000000e+00
835 0.000000e+00
836 0.000000e+00
837 0.000000e+00
838 0.000000e+00
839 0.000000e+00
840 7.609858e-07
841 5.559684e-07
842 4.124068e-07
843 2.596410e-07
844 1.577857e-07
845 9.335906e-08
846 5.689846e-08
847 3.636758e-08
848 2.448296e-08
849 0.000000e+00
850 0.000000e+00
851 0.000000e+00
852 0.000000e+00
853 0.000000e+00
854 0.000000e+00
855 9.034708e-07
856 6.601393e-07
857 4.898344e-07
858 3.095543e-07
859 1.879543e-07
860 1.111685e-07
861 6.771198e-08
862 4.322638e-08
863 2.907417e-08
864 0.000000e+00
865 0.000000e+00
866 0.000000e+00
867 0.000000e+00
868 0.000000e+00
869 0.000000e+00
870 9.993278e-07
871 7.302182e-07
872 5.419243e-07
873 3.431341e-07
874 2.082519e-07
875 1.231503e-07
876 7.498702e-08
877 4.784112e-08
878 3.216291e-08
879 0.000000e+00
880 0.000000e+00
881 0.000000e+00
882 0.000000e+00
883 0.000000e+00
884 0.000000e+00
885 1.071193e-06
886 7.827614e-07
887 5.809742e-07
888 3.683088e-07
889 2.234694e-07
890 1.321335e-07
891 8.044121e-08
892 5.130076e-08
893 3.447879e-08
894 0.000000e+00
895 0.000000e+00
896 0.000000e+00
897 0.000000e+00
898 0.000000e+00
899 0.000000e+00
900 1.129439e-06
901 8.253442e-07
902 6.126261e-07
903 3.887123e-07
904 2.358020e-07
905 1.394142e-07
906 8.486152e-08
907 5.410480e-08
908 3.635564e-08
909 0.000000e+00
910 0.000000e+00
911 0.000000e+00
912 0.000000e+00
913 0.000000e+00
914 0.000000e+00
915 1.179947e-06
916 8.622694e-07
917 6.400714e-07
918 4.064066e-07
919 2.464972e-07
920 1.457271e-07
921 8.869481e-08
922 5.653618e-08
923 3.798316e-08
924 0.000000e+00
925 0.000000e+00
926 0.000000e+00
927 0.000000e+00
928 0.000000e+00
929 0.000000e+00
930 1.228460e-06
931 8.977376e-07
932 6.664337e-07
933 4.234011e-07
934 2.567693e-07
935 1.517905e-07
936 9.237652e-08
937 5.887147e-08
938 3.954628e-08
939 0.000000e+00
940 0.000000e+00
941 0.000000e+00
942 0.000000e+00
943 0.000000e+00
944 0.000000e+00
945 1.284683e-06
946 9.388454e-07
947 6.969857e-07
948 4.430983e-07
949 2.686743e-07
950 1.588185e-07
951 9.664394e-08
952 6.157795e-08
953 4.135810e-08
954 0.000000e+00
955 0.000000e+00
956 0.000000e+00
957 0.000000e+00
958 0.000000e+00
959 0.000000e+00
960 3.394541e-07
961 2.704520e-07
962 1.961990e-07
963 1.471246e-07
964 9.109354e-08
965 5.574541e-08
966 3.240139e-08
967 1.937341e-08
968 1.213861e-08
969 8.035346e-09
970 0.000000e+00
971 0.000000e+00
972 0.000000e+00
973 0.000000e+00
974 0.000000e+00
975 5.202249e-07
976 4.171581e-07
977 3.028934e-07
978 2.269353e-07
979 1.422282e-07
980 8.671997e-08
981 5.036952e-08
982 3.007815e-08
983 1.878147e-08
984 1.239849e-08
985 0.000000e+00
986 0.000000e+00
987 0.000000e+00
988 0.000000e+00
989 0.000000e+00
990 6.448121e-07
991 5.183993e-07
992 3.765467e-07
993 2.820116e-07
994 1.775998e-07
995 1.081224e-07
996 6.278599e-08
997 3.747521e-08
998 2.336911e-08
999 1.541004e-08
1000 0.000000e+00
1001 0.000000e+00
1002 0.000000e+00
1003 0.000000e+00
1004 0.000000e+00
1005 7.382357e-07
1006 5.943126e-07
1007 4.317715e-07
1008 3.233096e-07
1009 2.041234e-07
1010 1.241698e-07
1011 7.209649e-08
1012 4.302199e-08
1013 2.680897e-08
1014 1.766814e-08
1015 0.000000e+00
1016 0.000000e+00
1017 0.000000e+00
1018 0.000000e+00
1019 0.000000e+00
1020 8.139596e-07
1021 6.558390e-07
1022 4.765327e-07
1023 3.567807e-07
1024 2.256220e-07
1025 1.371778e-07
1026 7.964314e-08
1027 4.751755e-08
1028 2.959718e-08
1029 1.949827e-08
1030 0.000000e+00
1031 0.000000e+00
1032 0.000000e+00
1033 0.000000e+00
1034 0.000000e+00
1035 8.796073e-07
1036 7.091847e-07
1037 5.153445e-07
1038 3.858009e-07
1039 2.442607e-07
1040 1.484552e-07
1041 8.618578e-08
1042 5.141547e-08
1043 3.201456e-08
1044 2.108524e-08
1045 0.000000e+00
1046 0.000000e+00
1047 0.000000e+00
1048 0.000000e+00
1049 0.000000e+00
1050 9.426736e-07
1051 7.604327e-07
1052 5.526249e-07
1053 4.136780e-07
1054 2.621647e-07
1055 1.592896e-07
1056 9.247120e-08
1057 5.515972e-08
1058 3.433673e-08
1059 2.260959e-08
1060 0.000000e+00
1061 0.000000e+00
1062 0.000000e+00
1063 0.000000e+00
1064 0.000000e+00
1065 1.015768e-06
1066 8.198310e-07
1067 5.958365e-07
1068 4.459927e-07
1069 2.829175e-07
1070 1.718473e-07
1071 9.975607e-08
1072 5.949995e-08
1073 3.702828e-08
1074 2.437647e-08
1075 0.000000e+00
1076 0.000000e+00
1077 0.000000e+00
1078 0.000000e+00
1079 0.000000e+00
1080 2.005685e-07
1081 1.824799e-07
1082 1.406374e-07
1083 1.016978e-07
1084 7.621464e-08
1085 4.408008e-08
1086 2.702167e-08
1087 1.557694e-08
1088 9.208135e-09
1089 5.727606e-09
1090 0.000000e+00
1091 0.000000e+00
1092 0.000000e+00
1093 0.000000e+00
1094 0.000000e+00
1095 3.304190e-07
1096 3.018398e-07
1097 2.335021e-07
1098 1.687515e-07
1099 1.266393e-07
1100 7.361546e-08
1101 4.523747e-08
1102 2.602043e-08
1103 1.533192e-08
1104 9.516620e-09
1105 0.000000e+00
1106 0.000000e+00
1107 0.000000e+00
1108 0.000000e+00
1109 0.000000e+00
1110 4.306283e-07
1111 3.940345e-07
1112 3.052906e-07
1113 2.205838e-07
1114 1.656232e-07
1115 9.648074e-08
1116 5.934319e-08
1117 3.410490e-08
1118 2.006902e-08
1119 1.244631e-08
1120 0.000000e+00
1121 0.000000e+00
1122 0.000000e+00
1123 0.000000e+00
1124 0.000000e+00
1125 5.118675e-07
1126 4.687719e-07
1127 3.634880e-07
1128 2.626035e-07
1129 1.972257e-07
1130 1.150174e-07
1131 7.077884e-08
1132 4.065897e-08
1133 2.390921e-08
1134 1.482137e-08
1135 0.000000e+00
1136 0.000000e+00
1137 0.000000e+00
1138 0.000000e+00
1139 0.000000e+00
1140 5.823007e-07
1141 5.335752e-07
1142 4.139474e-07
1143 2.990370e-07
1144 2.246275e-07
1145 1.310897e-07
1146 8.069436e-08
1147 4.634177e-08
1148 2.723891e-08
1149 1.688060e-08
1150 0.000000e+00
1151 0.000000e+00
1152 0.000000e+00
1153 0.000000e+00
1154 0.000000e+00
1155 6.499630e-07
1156 5.958254e-07
1157 4.624212e-07
1158 3.340351e-07
1159 2.509506e-07
1160 1.465295e-07
1161 9.021925e-08
1162 5.180077e-08
1163 3.043750e-08
1164 1.885873e-08
1165 0.000000e+00
1166 0.000000e+00
1167 0.000000e+00
1168 0.000000e+00
1169 0.000000e+00
1170 7.283846e-07
1171 6.679733e-07
1172 5.186008e-07
1173 3.745984e-07
1174 2.814577e-07
1175 1.644239e-07
1176 1.012585e-07
1177 5.812754e-08
1178 3.414473e-08
1179 2.115149e-08
1180 0.000000e+00
1181 0.000000e+00
1182 0.000000e+00
1183 0.000000e+00
1184 0.000000e+00
1185 1.338411e-07
1186 1.321510e-07
1187 1.111732e-07
1188 8.122698e-08
1189 6.033160e-08
1190 4.103654e-08
1191 2.420300e-08
1192 1.379205e-08
1193 7.974175e-09
1194 4.711274e-09
1195 2.950496e-09
1196 0.000000e+00
1197 0.000000e+00
1198 0.000000e+00
1199 0.000000e+00
1200 2.311107e-07
1201 2.287787e-07
1202 1.931134e-07
1203 1.413163e-07
1204 1.048084e-07
1205 7.174268e-08
1206 4.212414e-08
1207 2.403447e-08
1208 1.391325e-08
1209 8.206739e-09
1210 5.130001e-09
1211 0.000000e+00
1212 0.000000e+00
1213 0.000000e+00
1214 0.000000e+00
1215 3.123233e-07
1216 3.095007e-07
1217 2.616149e-07
1218 1.915694e-07
1219 1.419927e-07
1220 9.744477e-08
1221 5.711213e-08
1222 3.260333e-08
1223 1.888243e-08
1224 1.113064e-08
1225 6.952522e-09
1226 0.000000e+00
1227 0.000000e+00
1228 0.000000e+00
1229 0.000000e+00
1230 3.827453e-07
1231 3.794978e-07
1232 3.210123e-07
1233 2.351442e-07
1234 1.742348e-07
1235 1.197338e-07
1236 7.010851e-08
1237 4.003397e-08
1238 2.319155e-08
1239 1.366616e-08
1240 8.532815e-09
1241 0.000000e+00
1242 0.000000e+00
1243 0.000000e+00
1244 0.000000e+00
1245 4.503977e-07
1246 4.467362e-07
1247 3.780737e-07
1248 2.770046e-07
1249 2.052095e-07
1250 1.411454e-07
1251 8.259382e-08
1252 4.717229e-08
1253 2.733118e-08
1254 1.610194e-08
1255 1.005098e-08
1256 0.000000e+00
1257 0.000000e+00
1258 0.000000e+00
1259 0.000000e+00
1260 5.288015e-07
1261 5.246659e-07
1262 4.442070e-07
1263 3.255223e-07
1264 2.411084e-07
1265 1.659601e-07
1266 9.706421e-08
1267 5.544503e-08
1268 3.212871e-08
1269 1.892488e-08
1270 1.181051e-08
1271 0.000000e+00
1272 0.000000e+00
1273 0.000000e+00
1274 0.000000e+00
1275 9.654598e-08
1276 1.005515e-07
1277 9.102666e-08
1278 6.966125e-08
1279 5.035073e-08
1280 3.772221e-08
1281 2.132202e-08
1282 1.288178e-08
1283 7.276811e-09
1284 4.201651e-09
1285 2.514834e-09
1286 0.000000e+00
1287 0.000000e+00
1288 0.000000e+00
1289 0.000000e+00
1290 1.735031e-07
1291 1.810396e-07
1292 1.643458e-07
1293 1.260780e-07
1294 9.107629e-08
1295 6.832894e-08
1296 3.872024e-08
1297 2.346138e-08
1298 1.322645e-08
1299 7.620686e-09
1300 4.553201e-09
1301 0.000000e+00
1302 0.000000e+00
1303 0.000000e+00
1304 0.000000e+00
1305 2.420275e-07
1306 2.527332e-07
1307 2.296856e-07
1308 1.763784e-07
1309 1.273838e-07
1310 9.562083e-08
1311 5.424373e-08
1312 3.290547e-08
1313 1.853591e-08
1314 1.067030e-08
1315 6.370763e-09
1316 0.000000e+00
1317 0.000000e+00
1318 0.000000e+00
1319 0.000000e+00
1320 3.078577e-07
1321 3.216065e-07
1322 2.924568e-07
1323 2.247029e-07
1324 1.622652e-07
1325 1.218404e-07
1326 6.915697e-08
1327 4.197839e-08
1328 2.363663e-08
1329 1.359998e-08
1330 8.116900e-09
1331 0.000000e+00
1332 0.000000e+00
1333 0.000000e+00
1334 0.000000e+00
1335 3.841561e-07
1336 4.014323e-07
1337 3.652105e-07
1338 2.807097e-07
1339 2.026908e-07
1340 1.522281e-07
1341 8.644124e-08
1342 5.249408e-08
1343 2.954836e-08
1344 1.699550e-08
1345 1.014064e-08
1346 0.000000e+00
1347 0.000000e+00
1348 0.000000e+00
1349 0.000000e+00
1350 7.389259e-08
1351 7.999722e-08
1352 7.673443e-08
1353 6.220544e-08
1354 4.488073e-08
1355 3.383016e-08
1356 2.114971e-08
1357 1.296250e-08
1358 7.196570e-09
1359 3.963115e-09
1360 2.289905e-09
1361 1.392234e-09
1362 0.000000e+00
1363 0.000000e+00
1364 0.000000e+00
1365 1.380606e-07
1366 1.496850e-07
1367 1.439003e-07
1368 1.169614e-07
1369 8.443528e-08
1370 6.359134e-08
1371 3.999523e-08
1372 2.444935e-08
1373 1.357636e-08
1374 7.479576e-09
1375 4.312970e-09
1376 2.617133e-09
1377 0.000000e+00
1378 0.000000e+00
1379 0.000000e+00
1380 2.010031e-07
1381 2.180563e-07
1382 2.098198e-07
1383 1.707216e-07
1384 1.232755e-07
1385 9.281020e-08
1386 5.851418e-08
1387 3.573215e-08
1388 1.984300e-08
1389 1.093430e-08
1390 6.299816e-09
1391 3.819753e-09
1392 0.000000e+00
1393 0.000000e+00
1394 0.000000e+00
1395 2.739546e-07
1396 2.973002e-07
1397 2.862206e-07
1398 2.330303e-07
1399 1.682909e-07
1400 1.266749e-07
1401 7.997821e-08
1402 4.880901e-08
1403 2.710609e-08
1404 1.493828e-08
1405 8.602574e-09
1406 5.213599e-09
1407 0.000000e+00
1408 0.000000e+00
1409 0.000000e+00
1410 5.955477e-08
1411 6.647511e-08
1412 6.679335e-08
1413 5.738793e-08
1414 4.230693e-08
1415 3.115711e-08
1416 2.195874e-08
1417 1.252519e-08
1418 7.052842e-09
1419 3.990748e-09
1420 2.219727e-09
1421 1.294343e-09
1422 0.000000e+00
1423 0.000000e+00
1424 0.000000e+00
1425 1.179239e-07
1426 1.317967e-07
1427 1.326880e-07
1428 1.143130e-07
1429 8.440393e-08
1430 6.208781e-08
1431 4.394946e-08
1432 2.499269e-08
1433 1.410100e-08
1434 7.977906e-09
1435 4.435230e-09
1436 2.581532e-09
1437 0.000000e+00
1438 0.000000e+00
1439 0.000000e+00
1440 1.864659e-07
1441 2.085133e-07
1442 2.100928e-07
1443 1.811975e-07
1444 1.338744e-07
1445 9.843172e-08
1446 6.979941e-08
1447 3.964442e-08
1448 2.238585e-08
1449 1.266432e-08
1450 7.039246e-09
1451 4.094128e-09
1452 0.000000e+00
1453 0.000000e+00
1454 0.000000e+00
1455 5.186460e-08
1456 5.943995e-08
1457 6.213717e-08
1458 5.646799e-08
1459 4.331153e-08
1460 3.128105e-08
1461 2.349709e-08
1462 1.317598e-08
1463 7.882854e-09
1464 4.318383e-09
1465 2.380226e-09
1466 1.328863e-09
1467 0.000000e+00
1468 0.000000e+00
1469 0.000000e+00
1470 1.144185e-07
1471 1.312918e-07
1472 1.375007e-07
1473 1.252952e-07
1474 9.633733e-08
1475 6.954086e-08
1476 5.230460e-08
1477 2.941271e-08
1478 1.765433e-08
1479 9.654159e-09
1480 5.309462e-09
1481 2.958537e-09
1482 0.000000e+00
1483 0.000000e+00
1484 0.000000e+00
1485 5.377247e-08
1486 6.318699e-08
1487 6.851507e-08
1488 6.578104e-08
1489 5.334078e-08
1490 3.848908e-08
1491 2.903528e-08
1492 1.805682e-08
1493 1.098801e-08
1494 5.962834e-09
1495 3.140796e-09
1496 1.694447e-09
1497 9.435462e-10
1498 0.000000e+00
1499 0.000000e+00
1500 1.109684e-04
1501 8.086786e-05
1502 6.035546e-05
1503 3.805236e-05
1504 2.321989e-05
1505 1.369104e-05
1506 8.324421e-06
1507 5.304277e-06
1508 3.565556e-06
1509 0.000000e+00
1510 0.000000e+00
1511 0.000000e+00
1512 0.000000e+00
1513 0.000000e+00
1514 0.000000e+00
1515 5.757601e-05
1516 4.644359e-05
1517 3.369791e-05
1518 2.528332e-05
1519 1.597668e-05
1520 9.754545e-06
1521 5.648866e-06
1522 3.364481e-06
1523 2.093966e-06
1524 1.379138e-06
1525 0.000000e+00
1526 0.000000e+00
1527 0.000000e+00
1528 0.000000e+00
1529 0.000000e+00
1530 4.047788e-05
1531 3.713775e-05
1532 2.882267e-05
1533 2.080348e-05
1534 1.566222e-05
1535 9.111532e-06
1536 5.625604e-06
1537 3.225263e-06
1538 1.896511e-06
1539 1.174730e-06
1540 0.000000e+00
1541 0.000000e+00
1542 0.000000e+00
1543 0.000000e+00
1544 0.000000e+00
1545 2.912801e-05
1546 2.891312e-05
1547 2.448503e-05
1548 1.793535e-05
1549 1.328396e-05
1550 9.154542e-06
1551 5.351144e-06
1552 3.053081e-06
1553 1.771954e-06
1554 1.042590e-06
1555 6.506122e-07
1556 0.000000e+00
1557 0.000000e+00
1558 0.000000e+00
1559 0.000000e+00
1560 2.085098e-05
1561 2.179680e-05
1562 1.983793e-05
1563 1.524768e-05
1564 1.100576e-05
1565 8.274949e-06
1566 4.689296e-06
1567 2.850415e-06
1568 1.602925e-06
1569 9.233707e-07
1570 5.506294e-07
1571 0.000000e+00
1572 0.000000e+00
1573 0.000000e+00
1574 0.000000e+00
1575 1.487210e-05
1576 1.614453e-05
1577 1.554949e-05
1578 1.266314e-05
1579 9.143013e-06
1580 6.883420e-06
1581 4.347301e-06
1582 2.655947e-06
1583 1.474901e-06
1584 8.112783e-07
1585 4.673052e-07
1586 2.832009e-07
1587 0.000000e+00
1588 0.000000e+00
1589 0.000000e+00
1590 1.001028e-05
1591 1.119728e-05
1592 1.128693e-05
1593 9.739022e-06
1594 7.195644e-06
1595 5.289411e-06
1596 3.755371e-06
1597 2.130464e-06
1598 1.202339e-06
1599 6.811759e-07
1600 3.783133e-07
1601 2.200058e-07
1602 0.000000e+00
1603 0.000000e+00
1604 0.000000e+00
1605 6.201116e-06
1606 7.118100e-06
1607 7.458527e-06
1608 6.801106e-06
1609 5.231433e-06
1610 3.775220e-06
1611 2.841823e-06
1612 1.597077e-06
1613 9.596537e-07
1614 5.242846e-07
1615 2.885232e-07
1616 1.606418e-07
1617 0.000000e+00
1618 0.000000e+00
1619 0.000000e+00
1620 3.163407e-06
1621 3.720115e-06
1622 4.038202e-06
1623 3.883392e-06
1624 3.154630e-06
1625 2.276770e-06
1626 1.716871e-06
1627 1.071974e-06
1628 6.518364e-07
1629 3.538249e-07
1630 1.861971e-07
1631 1.003484e-07
1632 5.578990e-08
1633 0.000000e+00
1634 0.000000e+00
1635 8.891198e-07
1636 1.072208e-06
1637 1.206146e-06
1638 1.224576e-06
1639 1.066696e-06
1640 7.933436e-07
1641 5.815894e-07
1642 4.169104e-07
1643 2.343421e-07
1644 1.314261e-07
1645 7.164692e-08
1646 3.730540e-08
1647 1.958823e-08
1648 0.000000e+00
1649 0.000000e+00
