0 2.249592e-09
1 1.462456e-09
2 9.198421e-10
3 5.792871e-10
4 3.722665e-10
5 2.449084e-10
6 1.628671e-10
7 1.069871e-10
8 6.781813e-11
9 4.075322e-11
10 2.298608e-11
11 1.215056e-11
12 6.060153e-12
13 2.884170e-12
14 1.326262e-12
15 3.797530e-09
16 2.526309e-09
17 1.606058e-09
18 1.001014e-09
19 6.329182e-10
20 4.098222e-10
21 2.711108e-10
22 1.797916e-10
23 1.165925e-10
24 7.233896e-11
25 4.228743e-11
26 2.314683e-11
27 1.189223e-11
28 5.788975e-12
29 2.703161e-12
30 4.327935e-09
31 2.898853e-09
32 1.853151e-09
33 1.153832e-09
34 7.265432e-10
35 4.679452e-10
36 3.085445e-10
37 2.047872e-10
38 1.334384e-10
39 8.344857e-11
40 4.927502e-11
41 2.725892e-11
42 1.413864e-11
43 6.935595e-12
44 3.255960e-12
45 4.659449e-09
46 3.130587e-09
47 2.006313e-09
48 1.248682e-09
49 7.847924e-10
50 5.042519e-10
51 3.320368e-10
52 2.203869e-10
53 1.439270e-10
54 9.032620e-11
55 5.356693e-11
56 2.976558e-11
57 1.550560e-11
58 7.631105e-12
59 3.590914e-12
60 4.864838e-09
61 3.274771e-09
62 2.101684e-09
63 1.307738e-09
64 8.209910e-10
65 5.268239e-10
66 3.465929e-10
67 2.300966e-10
68 1.504325e-10
69 9.461986e-11
70 5.627055e-11
71 3.135534e-11
72 1.636915e-11
73 8.073645e-12
74 3.805228e-12
75 5.019170e-09
76 3.382727e-09
77 2.173368e-09
78 1.352044e-09
79 8.481957e-10
80 5.437765e-10
81 3.574928e-10
82 2.373586e-10
83 1.553569e-10
84 9.786243e-11
85 5.828601e-11
86 3.253714e-11
87 1.701728e-11
88 8.401169e-12
89 3.962643e-12
90 5.144182e-09
91 3.470611e-09
92 2.231471e-09
93 1.388251e-09
94 8.703427e-10
95 5.574843e-10
96 3.663825e-10
97 2.432813e-10
98 1.593489e-10
99 1.004818e-10
100 5.993897e-11
101 3.350540e-11
102 1.754434e-11
103 8.670190e-12
104 4.092324e-12
105 5.254149e-09
106 3.547279e-09
107 2.282729e-09
108 1.419924e-09
109 8.896711e-10
110 5.695281e-10
111 3.741256e-10
112 2.484527e-10
113 1.627610e-10
114 1.027340e-10
115 6.134575e-11
116 3.434516e-11
117 1.800654e-11
118 8.905864e-12
119 4.202715e-12
120 5.358384e-09
121 3.620786e-09
122 2.331403e-09
123 1.449916e-09
124 9.080974e-10
125 5.809431e-10
126 3.814630e-10
127 2.533683e-10
128 1.661237e-10
129 1.049448e-10
130 6.274457e-11
131 3.515168e-11
132 1.844322e-11
133 9.128781e-12
134 4.313592e-12
135 5.477324e-09
136 3.703778e-09
137 2.387023e-09
138 1.484431e-09
139 9.292018e-10
140 5.941314e-10
141 3.899740e-10
142 2.589629e-10
143 1.699309e-10
144 1.074712e-10
145 6.432083e-11
146 3.607711e-11
147 1.894924e-11
148 9.384616e-12
149 4.436964e-12
150 7.894766e-09
151 5.435182e-09
152 3.569940e-09
153 2.229822e-09
154 1.382700e-09
155 8.717341e-10
156 5.653548e-10
157 3.741520e-10
158 2.473830e-10
159 1.592586e-10
160 9.767198e-11
161 5.628784e-11
162 3.033653e-11
163 1.535366e-11
164 7.375667e-12
165 9.917090e-09
166 6.913555e-09
167 4.606392e-09
168 2.907148e-09
169 1.793342e-09
170 1.121437e-09
171 7.194588e-10
172 4.730666e-10
173 3.132581e-10
174 2.035386e-10
175 1.267780e-10
176 7.447491e-11
177 4.094385e-11
178 2.109485e-11
179 1.027615e-11
180 1.118275e-08
181 7.840026e-09
182 5.254485e-09
183 3.333190e-09
184 2.052753e-09
185 1.279627e-09
186 8.167779e-10
187 5.354115e-10
188 3.545848e-10
189 2.312579e-10
190 1.449714e-10
191 8.584014e-11
192 4.759203e-11
193 2.471117e-11
194 1.211275e-11
195 1.199597e-08
196 8.437428e-09
197 5.673710e-09
198 3.609406e-09
199 2.221107e-09
200 1.381903e-09
201 8.795612e-10
202 5.756526e-10
203 3.812420e-10
204 2.491487e-10
205 1.567397e-10
206 9.322300e-11
207 5.192430e-11
208 2.707274e-11
209 1.331420e-11
210 1.260491e-08
211 8.885361e-09
212 5.988471e-09
213 3.815668e-09
214 2.347119e-09
215 1.458622e-09
216 9.267080e-10
217 6.057260e-10
218 4.011800e-10
219 2.625345e-10
220 1.655381e-10
221 9.875101e-11
222 5.516737e-11
223 2.883656e-11
224 1.421314e-11
225 1.310017e-08
226 9.247788e-09
227 6.242210e-09
228 3.983789e-09
229 2.448963e-09
230 1.520642e-09
231 9.647452e-10
232 6.301319e-10
233 4.173527e-10
234 2.733745e-10
235 1.726751e-10
236 1.032068e-10
237 5.777826e-11
238 3.026437e-11
239 1.493866e-11
240 1.352943e-08
241 9.563151e-09
242 6.464086e-09
243 4.129957e-09
244 2.538271e-09
245 1.574890e-09
246 9.979338e-10
247 6.512965e-10
248 4.314674e-10
249 2.828497e-10
250 1.789075e-10
251 1.071118e-10
252 6.007366e-11
253 3.151437e-11
254 1.556941e-11
255 1.393973e-08
256 9.864311e-09
257 6.675827e-09
258 4.269776e-09
259 2.622945e-09
260 1.626355e-09
261 1.029614e-09
262 6.715319e-10
263 4.449044e-10
264 2.918634e-10
265 1.848378e-10
266 1.108363e-10
267 6.225542e-11
268 3.269967e-11
269 1.617635e-11
270 1.441565e-08
271 1.021360e-08
272 6.920777e-09
273 4.430588e-09
274 2.720824e-09
275 1.686379e-09
276 1.066622e-09
277 6.951672e-10
278 4.604703e-10
279 3.023140e-10
280 1.917284e-10
281 1.151570e-10
282 6.478215e-11
283 3.407893e-11
284 1.687760e-11
285 1.347667e-08
286 9.586458e-09
287 6.510357e-09
288 4.200366e-09
289 2.588174e-09
290 1.603088e-09
291 1.010788e-09
292 6.557784e-10
293 4.326518e-10
294 2.835748e-10
295 1.800430e-10
296 1.085822e-10
297 6.148724e-11
298 3.259693e-11
299 1.626289e-11
300 1.594263e-08
301 1.146906e-08
302 7.859278e-09
303 5.128387e-09
304 3.171661e-09
305 1.954820e-09
306 1.222902e-09
307 7.873233e-10
308 5.175651e-10
309 3.400202e-10
310 2.175810e-10
311 1.327949e-10
312 7.627186e-11
313 4.102219e-11
314 2.072847e-11
315 1.757721e-08
316 1.272605e-08
317 8.763035e-09
318 5.753291e-09
319 3.567094e-09
320 2.192168e-09
321 1.366221e-09
322 8.758966e-10
323 5.745194e-10
324 3.778090e-10
325 2.427387e-10
326 1.490748e-10
327 8.625670e-11
328 4.673979e-11
329 2.377318e-11
330 1.880505e-08
331 1.366968e-08
332 9.438870e-09
333 6.219268e-09
334 3.862999e-09
335 2.369986e-09
336 1.473407e-09
337 9.422012e-10
338 6.172777e-10
339 4.061313e-10
340 2.615725e-10
341 1.612600e-10
342 9.373137e-11
343 5.102048e-11
344 2.605283e-11
345 1.979936e-08
346 1.443380e-08
347 9.989532e-09
348 6.600055e-09
349 4.102910e-09
350 2.514188e-09
351 1.560268e-09
352 9.959143e-10
353 6.517623e-10
354 4.290392e-10
355 2.768525e-10
356 1.711465e-10
357 9.979202e-11
358 5.449236e-11
359 2.790175e-11
360 2.066730e-08
361 1.510116e-08
362 1.046943e-08
363 6.930112e-09
364 4.311855e-09
365 2.639996e-09
366 1.635985e-09
367 1.042724e-09
368 6.818875e-10
369 4.490549e-10
370 2.901644e-10
371 1.797597e-10
372 1.050741e-10
373 5.751438e-11
374 2.951044e-11
375 2.148824e-08
376 1.573196e-08
377 1.092237e-08
378 7.243653e-09
379 4.509685e-09
380 2.759034e-09
381 1.707809e-09
382 1.087081e-09
383 7.104373e-10
384 4.680113e-10
385 3.027962e-10
386 1.879289e-10
387 1.100821e-10
388 6.038118e-11
389 3.103657e-11
390 2.244838e-08
391 1.647078e-08
392 1.145270e-08
393 7.609918e-09
394 4.741703e-09
395 2.898957e-09
396 1.792125e-09
397 1.139220e-09
398 7.438717e-10
399 4.902365e-10
400 3.175902e-10
401 1.975042e-10
402 1.159553e-10
403 6.373871e-11
404 3.282516e-11
405 1.965104e-08
406 1.439747e-08
407 9.989762e-09
408 6.621701e-09
409 4.143397e-09
410 2.537353e-09
411 1.573571e-09
412 1.000675e-09
413 6.524114e-10
414 4.285282e-10
415 2.764741e-10
416 1.712833e-10
417 1.003031e-10
418 5.509513e-11
419 2.839615e-11
420 2.230211e-08
421 1.652901e-08
422 1.155749e-08
423 7.724729e-09
424 4.874752e-09
425 2.976616e-09
426 1.838140e-09
427 1.160264e-09
428 7.522292e-10
429 4.934891e-10
430 3.195847e-10
431 1.995590e-10
432 1.181123e-10
433 6.565234e-11
434 3.422900e-11
435 2.429511e-08
436 1.813783e-08
437 1.273900e-08
438 8.558774e-09
439 5.427661e-09
440 3.309015e-09
441 2.038791e-09
442 1.280990e-09
443 8.278481e-10
444 5.426176e-10
445 3.521758e-10
446 2.209358e-10
447 1.315839e-10
448 7.364765e-11
449 3.865201e-11
450 2.592073e-08
451 1.944162e-08
452 1.369994e-08
453 9.235505e-09
454 5.875674e-09
455 3.579040e-09
456 2.201034e-09
457 1.378907e-09
458 8.888682e-10
459 5.823999e-10
460 3.785701e-10
461 2.382489e-10
462 1.424937e-10
463 8.011968e-11
464 4.223181e-11
465 2.733236e-08
466 2.058050e-08
467 1.453789e-08
468 9.823700e-09
469 6.266566e-09
470 3.814426e-09
471 2.342389e-09
472 1.464174e-09
473 9.423036e-10
474 6.171237e-10
475 4.016004e-10
476 2.533557e-10
477 1.520143e-10
478 8.576998e-11
479 4.535695e-11
480 2.866840e-08
481 2.165293e-08
482 1.532929e-08
483 1.038030e-08
484 6.636479e-09
485 4.036592e-09
486 2.476415e-09
487 1.544700e-09
488 9.926908e-10
489 6.499149e-10
490 4.233841e-10
491 2.676426e-10
492 1.610144e-10
493 9.110373e-11
494 4.830560e-11
495 3.023215e-08
496 2.291096e-08
497 1.625419e-08
498 1.103243e-08
499 7.068530e-09
500 4.296537e-09
501 2.632941e-09
502 1.639121e-09
503 1.051689e-09
504 6.882935e-10
505 4.488378e-10
506 2.843211e-10
507 1.715357e-10
508 9.735053e-11
509 5.176044e-11
510 2.599247e-08
511 1.959735e-08
512 1.386224e-08
513 9.362963e-09
514 5.990116e-09
515 3.657620e-09
516 2.247287e-09
517 1.403602e-09
518 9.016752e-10
519 5.891196e-10
520 3.825718e-10
521 2.410426e-10
522 1.446181e-10
523 8.170692e-11
524 4.332261e-11
525 2.889457e-08
526 2.203501e-08
527 1.570871e-08
528 1.068035e-08
529 6.891860e-09
530 4.214464e-09
531 2.580848e-09
532 1.601382e-09
533 1.022736e-09
534 6.660478e-10
535 4.330087e-10
536 2.742264e-10
537 1.658760e-10
538 9.465651e-11
539 5.071516e-11
540 3.124856e-08
541 2.401144e-08
542 1.720494e-08
543 1.174932e-08
544 7.622451e-09
545 4.666672e-09
546 2.850622e-09
547 1.761675e-09
548 1.120529e-09
549 7.283568e-10
550 4.738699e-10
551 3.011150e-10
552 1.831023e-10
553 1.051494e-10
554 5.670482e-11
555 3.329775e-08
556 2.573257e-08
557 1.850975e-08
558 1.267825e-08
559 8.258591e-09
560 5.059099e-09
561 3.085565e-09
562 1.901211e-09
563 1.205865e-09
564 7.825969e-10
565 5.094381e-10
566 3.245224e-10
567 1.980986e-10
568 1.142828e-10
569 6.191742e-11
570 3.524103e-08
571 2.736520e-08
572 1.974731e-08
573 1.356058e-08
574 8.863015e-09
575 5.432300e-09
576 3.308630e-09
577 2.033540e-09
578 1.286797e-09
579 8.340909e-10
580 5.432206e-10
581 3.467522e-10
582 2.123392e-10
583 1.229570e-10
584 6.686831e-11
585 3.751820e-08
586 2.927307e-08
587 2.119279e-08
588 1.459068e-08
589 9.566430e-09
590 5.867073e-09
591 3.568663e-09
592 2.187748e-09
593 1.381087e-09
594 8.940582e-10
595 5.825577e-10
596 3.726463e-10
597 2.289301e-10
598 1.330610e-10
599 7.263452e-11
600 3.275927e-08
601 2.538797e-08
602 1.831615e-08
603 1.256114e-08
604 8.200019e-09
605 5.047022e-09
606 3.075249e-09
607 1.893796e-09
608 1.198510e-09
609 7.758277e-10
610 5.040597e-10
611 3.208649e-10
612 1.960035e-10
613 1.133171e-10
614 6.160505e-11
615 3.598370e-08
616 2.820268e-08
617 2.051854e-08
618 1.415648e-08
619 9.311235e-09
620 5.760752e-09
621 3.498142e-09
622 2.144638e-09
623 1.348698e-09
624 8.691516e-10
625 5.642072e-10
626 3.602606e-10
627 2.214601e-10
628 1.291259e-10
629 7.087255e-11
630 3.878442e-08
631 3.064640e-08
632 2.243085e-08
633 1.553711e-08
634 1.027398e-08
635 6.378087e-09
636 3.863833e-09
637 2.361511e-09
638 1.478816e-09
639 9.499185e-10
640 6.163083e-10
641 3.944079e-10
642 2.435309e-10
643 1.428295e-10
644 7.890114e-11
645 4.143738e-08
646 3.296127e-08
647 2.424175e-08
648 1.684735e-08
649 1.118629e-08
650 6.963240e-09
651 4.210049e-09
652 2.567189e-09
653 1.601955e-09
654 1.026441e-09
655 6.656856e-10
656 4.267710e-10
657 2.644473e-10
658 1.558159e-10
659 8.650815e-11
660 4.454369e-08
661 3.566476e-08
662 2.635678e-08
663 1.837524e-08
664 1.224967e-08
665 7.645635e-09
666 4.614184e-09
667 2.806652e-09
668 1.745510e-09
669 1.115693e-09
670 7.232535e-10
671 4.645067e-10
672 2.888405e-10
673 1.709603e-10
674 9.537993e-11
675 4.017001e-08
676 3.197391e-08
677 2.355914e-08
678 1.639062e-08
679 1.088470e-08
680 6.802365e-09
681 4.117017e-09
682 2.512684e-09
683 1.565691e-09
684 1.001128e-09
685 6.478174e-10
686 4.145513e-10
687 2.566366e-10
688 1.512426e-10
689 8.409677e-11
690 4.388902e-08
691 3.533150e-08
692 2.628351e-08
693 1.839636e-08
694 1.229869e-08
695 7.741742e-09
696 4.677224e-09
697 2.846028e-09
698 1.761851e-09
699 1.120005e-09
700 7.228704e-10
701 4.632109e-10
702 2.881451e-10
703 1.710718e-10
704 9.597017e-11
705 4.738512e-08
706 3.849529e-08
707 2.883883e-08
708 2.028076e-08
709 1.362505e-08
710 8.622237e-09
711 5.200846e-09
712 3.157501e-09
713 1.945271e-09
714 1.231288e-09
715 7.932653e-10
716 5.088898e-10
717 3.177395e-10
718 1.896954e-10
719 1.071186e-10
720 5.147832e-08
721 4.219235e-08
722 3.181829e-08
723 2.247694e-08
724 1.517055e-08
725 9.648999e-09
726 5.811630e-09
727 3.521162e-09
728 2.159056e-09
729 1.361132e-09
730 8.752976e-10
731 5.621311e-10
732 3.522382e-10
733 2.114038e-10
734 1.201141e-10
735 4.867229e-08
736 3.979674e-08
737 3.001287e-08
738 2.121117e-08
739 1.430003e-08
740 9.105613e-09
741 5.507557e-09
742 3.338383e-09
743 2.048009e-09
744 1.290353e-09
745 8.281317e-10
746 5.304471e-10
747 3.315314e-10
748 1.985844e-10
749 1.127257e-10
750 5.325435e-08
751 4.408190e-08
752 3.361106e-08
753 2.392846e-08
754 1.623331e-08
755 1.042424e-08
756 6.313592e-09
757 3.815275e-09
758 2.325233e-09
759 1.455240e-09
760 9.298006e-10
761 5.952592e-10
762 3.733079e-10
763 2.250765e-10
764 1.288751e-10
765 5.857858e-08
766 4.905562e-08
767 3.776435e-08
768 2.706317e-08
769 1.846328e-08
770 1.194507e-08
771 7.241444e-09
772 4.364630e-09
773 2.643887e-09
774 1.645076e-09
775 1.046977e-09
776 6.700884e-10
777 4.215873e-10
778 2.557012e-10
779 1.475387e-10
780 5.923393e-08
781 4.985571e-08
782 3.862996e-08
783 2.783618e-08
784 1.905026e-08
785 1.238136e-08
786 7.554985e-09
787 4.543489e-09
788 2.747595e-09
789 1.701855e-09
790 1.078077e-09
791 6.876884e-10
792 4.322042e-10
793 2.624746e-10
794 1.519668e-10
795 6.626643e-08
796 5.665636e-08
797 4.454872e-08
798 3.245667e-08
799 2.238599e-08
800 1.470000e-08
801 9.031572e-09
802 5.408806e-09
803 3.250289e-09
804 1.994682e-09
805 1.253793e-09
806 7.970166e-10
807 5.017676e-10
808 3.066162e-10
809 1.792297e-10
810 7.611970e-08
811 6.655891e-08
812 5.359362e-08
813 3.984009e-08
814 2.785222e-08
815 1.855727e-08
816 1.160506e-08
817 6.931357e-09
818 4.141724e-09
819 2.502572e-09
820 1.548062e-09
821 9.735343e-10
822 6.110633e-10
823 3.752033e-10
824 2.218282e-10
825 5.054590e-07
826 3.691904e-07
827 2.735627e-07
828 1.702856e-07
829 1.037366e-07
830 6.145547e-08
831 3.752492e-08
832 2.407362e-08
833 1.625091e-08
834 0.000000e+00
835 0.000000e+00
836 0.000000e+00
837 0.000000e+00
838 0.000000e+00
839 0.000000e+00
840 7.565855e-07
841 5.527533e-07
842 4.100220e-07
843 2.581388e-07
844 1.568730e-07
845 9.281900e-08
846 5.656934e-08
847 3.615724e-08
848 2.434138e-08
849 0.000000e+00
850 0.000000e+00
851 0.000000e+00
852 0.000000e+00
853 0.000000e+00
854 0.000000e+00
855 9.034708e-07
856 6.601393e-07
857 4.898344e-07
858 3.095543e-07
859 1.879543e-07
860 1.111685e-07
861 6.771198e-08
862 4.322638e-08
863 2.907417e-08
864 0.000000e+00
865 0.000000e+00
866 0.000000e+00
867 0.000000e+00
868 0.000000e+00
869 0.000000e+00
870 9.993278e-07
871 7.302182e-07
872 5.419243e-07
873 3.431341e-07
874 2.082519e-07
875 1.231503e-07
876 7.498702e-08
877 4.784112e-08
878 3.216291e-08
879 0.000000e+00
880 0.000000e+00
881 0.000000e+00
882 0.000000e+00
883 0.000000e+00
884 0.000000e+00
885 1.071193e-06
886 7.827614e-07
887 5.809742e-07
888 3.683088e-07
889 2.234694e-07
890 1.321335e-07
891 8.044121e-08
892 5.130076e-08
893 3.447879e-08
894 0.000000e+00
895 0.000000e+00
896 0.000000e+00
897 0.000000e+00
898 0.000000e+00
899 0.000000e+00
900 1.129439e-06
901 8.253442e-07
902 6.126261e-07
903 3.887123e-07
904 2.358020e-07
905 1.394142e-07
906 8.486152e-08
907 5.410480e-08
908 3.635564e-08
909 0.000000e+00
910 0.000000e+00
911 0.000000e+00
912 0.000000e+00
913 0.000000e+00
914 0.000000e+00
915 1.180268e-06
916 8.625041e-07
917 6.402459e-07
918 4.065191e-07
919 2.465652e-07
920 1.457672e-07
921 8.871918e-08
922 5.655163e-08
923 3.799350e-08
924 0.000000e+00
925 0.000000e+00
926 0.000000e+00
927 0.000000e+00
928 0.000000e+00
929 0.000000e+00
930 1.228460e-06
931 8.977376e-07
932 6.664337e-07
933 4.234011e-07
934 2.567693e-07
935 1.517905e-07
936 9.237652e-08
937 5.887147e-08
938 3.954628e-08
939 0.000000e+00
940 0.000000e+00
941 0.000000e+00
942 0.000000e+00
943 0.000000e+00
944 0.000000e+00
945 1.284683e-06
946 9.388454e-07
947 6.969857e-07
948 4.430983e-07
949 2.686743e-07
950 1.588185e-07
951 9.664394e-08
952 6.157795e-08
953 4.135810e-08
954 0.000000e+00
955 0.000000e+00
956 0.000000e+00
957 0.000000e+00
958 0.000000e+00
959 0.000000e+00
960 3.351762e-07
961 2.669326e-07
962 1.936325e-07
963 1.452110e-07
964 8.983617e-08
965 5.499310e-08
966 3.196439e-08
967 1.911307e-08
968 1.197811e-08
969 7.930536e-09
970 0.000000e+00
971 0.000000e+00
972 0.000000e+00
973 0.000000e+00
974 0.000000e+00
975 5.201600e-07
976 4.171021e-07
977 3.028520e-07
978 2.269049e-07
979 1.422064e-07
980 8.670750e-08
981 5.036221e-08
982 3.007381e-08
983 1.877885e-08
984 1.239681e-08
985 0.000000e+00
986 0.000000e+00
987 0.000000e+00
988 0.000000e+00
989 0.000000e+00
990 6.448120e-07
991 5.183992e-07
992 3.765467e-07
993 2.820115e-07
994 1.775998e-07
995 1.081223e-07
996 6.278598e-08
997 3.747520e-08
998 2.336911e-08
999 1.541004e-08
1000 0.000000e+00
1001 0.000000e+00
1002 0.000000e+00
1003 0.000000e+00
1004 0.000000e+00
1005 7.382357e-07
1006 5.943126e-07
1007 4.317715e-07
1008 3.233096e-07
1009 2.041234e-07
1010 1.241698e-07
1011 7.209649e-08
1012 4.302199e-08
1013 2.680897e-08
1014 1.766814e-08
1015 0.000000e+00
1016 0.000000e+00
1017 0.000000e+00
1018 0.000000e+00
1019 0.000000e+00
1020 8.139596e-07
1021 6.558390e-07
1022 4.765327e-07
1023 3.567807e-07
1024 2.256220e-07
1025 1.371778e-07
1026 7.964314e-08
1027 4.751755e-08
1028 2.959718e-08
1029 1.949827e-08
1030 0.000000e+00
1031 0.000000e+00
1032 0.000000e+00
1033 0.000000e+00
1034 0.000000e+00
1035 8.800254e-07
1036 7.095243e-07
1037 5.155916e-07
1038 3.859857e-07
1039 2.443794e-07
1040 1.485270e-07
1041 8.622743e-08
1042 5.144028e-08
1043 3.202995e-08
1044 2.109535e-08
1045 0.000000e+00
1046 0.000000e+00
1047 0.000000e+00
1048 0.000000e+00
1049 0.000000e+00
1050 9.426736e-07
1051 7.604327e-07
1052 5.526249e-07
1053 4.136780e-07
1054 2.621647e-07
1055 1.592896e-07
1056 9.247120e-08
1057 5.515972e-08
1058 3.433673e-08
1059 2.260959e-08
1060 0.000000e+00
1061 0.000000e+00
1062 0.000000e+00
1063 0.000000e+00
1064 0.000000e+00
1065 1.015768e-06
1066 8.198310e-07
1067 5.958365e-07
1068 4.459927e-07
1069 2.829175e-07
1070 1.718473e-07
1071 9.975607e-08
1072 5.949995e-08
1073 3.702828e-08
1074 2.437647e-08
1075 0.000000e+00
1076 0.000000e+00
1077 0.000000e+00
1078 0.000000e+00
1079 0.000000e+00
1080 1.975425e-07
1081 1.796374e-07
1082 1.383810e-07
1083 1.000723e-07
1084 7.498615e-08
1085 4.333789e-08
1086 2.656014e-08
1087 1.531471e-08
1088 9.057110e-09
1089 5.635120e-09
1090 0.000000e+00
1091 0.000000e+00
1092 0.000000e+00
1093 0.000000e+00
1094 0.000000e+00
1095 3.302903e-07
1096 3.017159e-07
1097 2.334030e-07
1098 1.686806e-07
1099 1.265856e-07
1100 7.358211e-08
1101 4.521676e-08
1102 2.600876e-08
1103 1.532524e-08
1104 9.512565e-09
1105 0.000000e+00
1106 0.000000e+00
1107 0.000000e+00
1108 0.000000e+00
1109 0.000000e+00
1110 4.306280e-07
1111 3.940342e-07
1112 3.052903e-07
1113 2.205836e-07
1114 1.656231e-07
1115 9.648066e-08
1116 5.934314e-08
1117 3.410487e-08
1118 2.006900e-08
1119 1.244630e-08
1120 0.000000e+00
1121 0.000000e+00
1122 0.000000e+00
1123 0.000000e+00
1124 0.000000e+00
1125 5.118675e-07
1126 4.687719e-07
1127 3.634880e-07
1128 2.626035e-07
1129 1.972257e-07
1130 1.150174e-07
1131 7.077884e-08
1132 4.065897e-08
1133 2.390921e-08
1134 1.482137e-08
1135 0.000000e+00
1136 0.000000e+00
1137 0.000000e+00
1138 0.000000e+00
1139 0.000000e+00
1140 5.827486e-07
1141 5.339873e-07
1142 4.142683e-07
1143 2.992682e-07
1144 2.248018e-07
1145 1.311919e-07
1146 8.075741e-08
1147 4.637790e-08
1148 2.726008e-08
1149 1.689370e-08
1150 0.000000e+00
1151 0.000000e+00
1152 0.000000e+00
1153 0.000000e+00
1154 0.000000e+00
1155 6.499630e-07
1156 5.958254e-07
1157 4.624212e-07
1158 3.340351e-07
1159 2.509506e-07
1160 1.465295e-07
1161 9.021925e-08
1162 5.180077e-08
1163 3.043750e-08
1164 1.885873e-08
1165 0.000000e+00
1166 0.000000e+00
1167 0.000000e+00
1168 0.000000e+00
1169 0.000000e+00
1170 7.283846e-07
1171 6.679733e-07
1172 5.186008e-07
1173 3.745984e-07
1174 2.814577e-07
1175 1.644239e-07
1176 1.012585e-07
1177 5.812754e-08
1178 3.414473e-08
1179 2.115149e-08
1180 0.000000e+00
1181 0.000000e+00
1182 0.000000e+00
1183 0.000000e+00
1184 0.000000e+00
1185 1.303711e-07
1186 1.286599e-07
1187 1.081635e-07
1188 7.900158e-08
1189 5.869659e-08
1190 3.987391e-08
1191 2.353844e-08
1192 1.340954e-08
1193 7.751395e-09
1194 4.581051e-09
1195 2.870011e-09
1196 0.000000e+00
1197 0.000000e+00
1198 0.000000e+00
1199 0.000000e+00
1200 2.309510e-07
1201 2.286171e-07
1202 1.929721e-07
1203 1.412111e-07
1204 1.047314e-07
1205 7.168700e-08
1206 4.209260e-08
1207 2.401611e-08
1208 1.390260e-08
1209 8.200557e-09
1210 5.126198e-09
1211 0.000000e+00
1212 0.000000e+00
1213 0.000000e+00
1214 0.000000e+00
1215 3.123230e-07
1216 3.095003e-07
1217 2.616146e-07
1218 1.915692e-07
1219 1.419925e-07
1220 9.744465e-08
1221 5.711207e-08
1222 3.260329e-08
1223 1.888241e-08
1224 1.113063e-08
1225 6.952514e-09
1226 0.000000e+00
1227 0.000000e+00
1228 0.000000e+00
1229 0.000000e+00
1230 3.831935e-07
1231 3.799432e-07
1232 3.213903e-07
1233 2.354215e-07
1234 1.744400e-07
1235 1.198757e-07
1236 7.019122e-08
1237 4.008120e-08
1238 2.321897e-08
1239 1.368230e-08
1240 8.542871e-09
1241 0.000000e+00
1242 0.000000e+00
1243 0.000000e+00
1244 0.000000e+00
1245 4.503977e-07
1246 4.467362e-07
1247 3.780737e-07
1248 2.770046e-07
1249 2.052095e-07
1250 1.411454e-07
1251 8.259382e-08
1252 4.717229e-08
1253 2.733118e-08
1254 1.610194e-08
1255 1.005098e-08
1256 0.000000e+00
1257 0.000000e+00
1258 0.000000e+00
1259 0.000000e+00
1260 5.288015e-07
1261 5.246659e-07
1262 4.442070e-07
1263 3.255223e-07
1264 2.411084e-07
1265 1.659601e-07
1266 9.706421e-08
1267 5.544503e-08
1268 3.212871e-08
1269 1.892488e-08
1270 1.181051e-08
1271 0.000000e+00
1272 0.000000e+00
1273 0.000000e+00
1274 0.000000e+00
1275 9.295200e-08
1276 9.675954e-08
1277 8.752833e-08
1278 6.693896e-08
1279 4.839006e-08
1280 3.624040e-08
1281 2.046864e-08
1282 1.235639e-08
1283 6.983741e-09
1284 4.035066e-09
1285 2.416280e-09
1286 0.000000e+00
1287 0.000000e+00
1288 0.000000e+00
1289 0.000000e+00
1290 1.733596e-07
1291 1.808866e-07
1292 1.642031e-07
1293 1.259659e-07
1294 9.099572e-08
1295 6.826781e-08
1296 3.868445e-08
1297 2.343914e-08
1298 1.321410e-08
1299 7.613752e-09
1300 4.549130e-09
1301 0.000000e+00
1302 0.000000e+00
1303 0.000000e+00
1304 0.000000e+00
1305 2.424634e-07
1306 2.531893e-07
1307 2.301013e-07
1308 1.766982e-07
1309 1.276148e-07
1310 9.579444e-08
1311 5.434249e-08
1312 3.296555e-08
1313 1.856967e-08
1314 1.068970e-08
1315 6.382326e-09
1316 0.000000e+00
1317 0.000000e+00
1318 0.000000e+00
1319 0.000000e+00
1320 3.078577e-07
1321 3.216065e-07
1322 2.924568e-07
1323 2.247029e-07
1324 1.622652e-07
1325 1.218404e-07
1326 6.915697e-08
1327 4.197839e-08
1328 2.363663e-08
1329 1.359998e-08
1330 8.116900e-09
1331 0.000000e+00
1332 0.000000e+00
1333 0.000000e+00
1334 0.000000e+00
1335 3.841561e-07
1336 4.014323e-07
1337 3.652105e-07
1338 2.807097e-07
1339 2.026908e-07
1340 1.522281e-07
1341 8.644124e-08
1342 5.249408e-08
1343 2.954836e-08
1344 1.699550e-08
1345 1.014064e-08
1346 0.000000e+00
1347 0.000000e+00
1348 0.000000e+00
1349 0.000000e+00
1350 7.057513e-08
1351 7.637017e-08
1352 7.320228e-08
1353 5.929134e-08
1354 4.276972e-08
1355 3.224825e-08
1356 2.012065e-08
1357 1.234300e-08
1358 6.852204e-09
1359 3.772648e-09
1360 2.181354e-09
1361 1.327087e-09
1362 0.000000e+00
1363 0.000000e+00
1364 0.000000e+00
1365 1.383974e-07
1366 1.500494e-07
1367 1.442501e-07
1368 1.172448e-07
1369 8.463998e-08
1370 6.374555e-08
1371 4.009171e-08
1372 2.450851e-08
1373 1.360922e-08
1374 7.497626e-09
1375 4.323407e-09
1376 2.623482e-09
1377 0.000000e+00
1378 0.000000e+00
1379 0.000000e+00
1380 2.010031e-07
1381 2.180563e-07
1382 2.098198e-07
1383 1.707216e-07
1384 1.232755e-07
1385 9.281020e-08
1386 5.851418e-08
1387 3.573215e-08
1388 1.984300e-08
1389 1.093430e-08
1390 6.299815e-09
1391 3.819753e-09
1392 0.000000e+00
1393 0.000000e+00
1394 0.000000e+00
1395 2.739546e-07
1396 2.973002e-07
1397 2.862206e-07
1398 2.330303e-07
1399 1.682909e-07
1400 1.266749e-07
1401 7.997821e-08
1402 4.880901e-08
1403 2.710609e-08
1404 1.493828e-08
1405 8.602574e-09
1406 5.213599e-09
1407 0.000000e+00
1408 0.000000e+00
1409 0.000000e+00
1410 5.719088e-08
1411 6.381041e-08
1412 6.407608e-08
1413 5.500548e-08
1414 4.052963e-08
1415 2.985931e-08
1416 2.101492e-08
1417 1.199818e-08
1418 6.751462e-09
1419 3.820652e-09
1420 2.125380e-09
1421 1.240071e-09
1422 0.000000e+00
1423 0.000000e+00
1424 0.000000e+00
1425 1.179012e-07
1426 1.317710e-07
1427 1.326615e-07
1428 1.142894e-07
1429 8.438633e-08
1430 6.207500e-08
1431 4.394004e-08
1432 2.498744e-08
1433 1.409798e-08
1434 7.976212e-09
1435 4.434294e-09
1436 2.580995e-09
1437 0.000000e+00
1438 0.000000e+00
1439 0.000000e+00
1440 1.864659e-07
1441 2.085133e-07
1442 2.100928e-07
1443 1.811975e-07
1444 1.338744e-07
1445 9.843172e-08
1446 6.979941e-08
1447 3.964442e-08
1448 2.238585e-08
1449 1.266432e-08
1450 7.039246e-09
1451 4.094128e-09
1452 0.000000e+00
1453 0.000000e+00
1454 0.000000e+00
1455 5.009533e-08
1456 5.739512e-08
1457 5.997263e-08
1458 5.446433e-08
1459 4.174874e-08
1460 3.015612e-08
1461 2.264530e-08
1462 1.268836e-08
1463 7.585013e-09
1464 4.156954e-09
1465 2.292692e-09
1466 1.280596e-09
1467 0.000000e+00
1468 0.000000e+00
1469 0.000000e+00
1470 1.144179e-07
1471 1.312911e-07
1472 1.374998e-07
1473 1.252944e-07
1474 9.633672e-08
1475 6.954042e-08
1476 5.230427e-08
1477 2.941251e-08
1478 1.765420e-08
1479 9.654094e-09
1480 5.309427e-09
1481 2.958518e-09
1482 0.000000e+00
1483 0.000000e+00
1484 0.000000e+00
1485 5.313955e-08
1486 6.243593e-08
1487 6.768868e-08
1488 6.496966e-08
1489 5.266564e-08
1490 3.799898e-08
1491 2.866873e-08
1492 1.781498e-08
1493 1.084474e-08
1494 5.884786e-09
1495 3.099157e-09
1496 1.672431e-09
1497 9.315715e-10
1498 0.000000e+00
1499 0.000000e+00
1500 1.109684e-04
1501 8.086786e-05
1502 6.035546e-05
1503 3.805236e-05
1504 2.321989e-05
1505 1.369104e-05
1506 8.324421e-06
1507 5.304277e-06
1508 3.565556e-06
1509 0.000000e+00
1510 0.000000e+00
1511 0.000000e+00
1512 0.000000e+00
1513 0.000000e+00
1514 0.000000e+00
1515 5.757601e-05
1516 4.644359e-05
1517 3.369791e-05
1518 2.528332e-05
1519 1.597668e-05
1520 9.754545e-06
1521 5.648866e-06
1522 3.364481e-06
1523 2.093966e-06
1524 1.379138e-06
1525 0.000000e+00
1526 0.000000e+00
1527 0.000000e+00
1528 0.000000e+00
1529 0.000000e+00
1530 4.047788e-05
1531 3.713775e-05
1532 2.882267e-05
1533 2.080348e-05
1534 1.566222e-05
1535 9.111532e-06
1536 5.625604e-06
1537 3.225263e-06
1538 1.896511e-06
1539 1.174730e-06
1540 0.000000e+00
1541 0.000000e+00
1542 0.000000e+00
1543 0.000000e+00
1544 0.000000e+00
1545 2.912801e-05
1546 2.891312e-05
1547 2.448503e-05
1548 1.793535e-05
1549 1.328396e-05
1550 9.154542e-06
1551 5.351144e-06
1552 3.053081e-06
1553 1.771954e-06
1554 1.042590e-06
1555 6.506122e-07
1556 0.000000e+00
1557 0.000000e+00
1558 0.000000e+00
1559 0.000000e+00
1560 2.085098e-05
1561 2.179680e-05
1562 1.983793e-05
1563 1.524768e-05
1564 1.100576e-05
1565 8.274949e-06
1566 4.689296e-06
1567 2.850415e-06
1568 1.602925e-06
1569 9.233707e-07
1570 5.506294e-07
1571 0.000000e+00
1572 0.000000e+00
1573 0.000000e+00
1574 0.000000e+00
1575 1.487210e-05
1576 1.614453e-05
1577 1.554949e-05
1578 1.266314e-05
1579 9.143013e-06
1580 6.883420e-06
1581 4.347301e-06
1582 2.655947e-06
1583 1.474901e-06
1584 8.112783e-07
1585 4.673052e-07
1586 2.832009e-07
1587 0.000000e+00
1588 0.000000e+00
1589 0.000000e+00
1590 1.001028e-05
1591 1.119728e-05
1592 1.128693e-05
1593 9.739022e-06
1594 7.195644e-06
1595 5.289411e-06
1596 3.755371e-06
1597 2.130464e-06
1598 1.202339e-06
1599 6.811759e-07
1600 3.783133e-07
1601 2.200058e-07
1602 0.000000e+00
1603 0.000000e+00
1604 0.000000e+00
1605 6.201116e-06
1606 7.118100e-06
1607 7.458527e-06
1608 6.801106e-06
1609 5.231433e-06
1610 3.775220e-06
1611 2.841823e-06
1612 1.597077e-06
1613 9.596537e-07
1614 5.242846e-07
1615 2.885232e-07
1616 1.606418e-07
1617 0.000000e+00
1618 0.000000e+00
1619 0.000000e+00
1620 3.163407e-06
1621 3.720115e-06
1622 4.038202e-06
1623 3.883392e-06
1624 3.154630e-06
1625 2.276770e-06
1626 1.716871e-06
1627 1.071974e-06
1628 6.518364e-07
1629 3.538249e-07
1630 1.861971e-07
1631 1.003484e-07
1632 5.578990e-08
1633 0.000000e+00
1634 0.000000e+00
1635 8.891198e-07
1636 1.072208e-06
1637 1.206146e-06
1638 1.224576e-06
1639 1.066696e-06
1640 7.933436e-07
1641 5.815894e-07
1642 4.169104e-07
1643 2.343421e-07
1644 1.314261e-07
1645 7.164692e-08
1646 3.730540e-08
1647 1.958823e-08
1648 0.000000e+00
1649 0.000000e+00
