0 2.276704e-09
1 1.481399e-09
2 9.322988e-10
3 5.869422e-10
4 3.769677e-10
5 2.478428e-10
6 1.647701e-10
7 1.082618e-10
8 6.867743e-11
9 4.131799e-11
10 2.333817e-11
11 1.235562e-11
12 6.171010e-12
13 2.940253e-12
14 1.353141e-12
15 3.840108e-09
16 2.556966e-09
17 1.627257e-09
18 1.014430e-09
19 6.410639e-10
20 4.147849e-10
21 2.742212e-10
22 1.818243e-10
23 1.179597e-10
24 7.325764e-11
25 4.288399e-11
26 2.351176e-11
27 1.209993e-11
28 5.898533e-12
29 2.757370e-12
30 4.413246e-09
31 2.959441e-09
32 1.894547e-09
33 1.180280e-09
34 7.427252e-10
35 4.779258e-10
36 3.148388e-10
37 2.088864e-10
38 1.361605e-10
39 8.524513e-11
40 5.042121e-11
41 2.795173e-11
42 1.452995e-11
43 7.141552e-12
44 3.357957e-12
45 4.721022e-09
46 3.175874e-09
47 2.038336e-09
48 1.269720e-09
49 7.974976e-10
50 5.119370e-10
51 3.367312e-10
52 2.233948e-10
53 1.459350e-10
54 9.168396e-11
55 5.446552e-11
56 3.033428e-11
57 1.583699e-11
58 7.811293e-12
59 3.682561e-12
60 4.943689e-09
61 3.332516e-09
62 2.142408e-09
63 1.334327e-09
64 8.371027e-10
65 5.365889e-10
66 3.526013e-10
67 2.339508e-10
68 1.529993e-10
69 9.635096e-11
70 5.741261e-11
71 3.207174e-11
72 1.678765e-11
73 8.297542e-12
74 3.919204e-12
75 5.103619e-09
76 3.444687e-09
77 2.217111e-09
78 1.380676e-09
79 8.655429e-10
80 5.542811e-10
81 3.639565e-10
82 2.414964e-10
83 1.581122e-10
84 9.971934e-11
85 5.951230e-11
86 3.330754e-11
87 1.746864e-11
88 8.646446e-12
89 4.086899e-12
90 5.233091e-09
91 3.535865e-09
92 2.277627e-09
93 1.418530e-09
94 8.887017e-10
95 5.686023e-10
96 3.732054e-10
97 2.476439e-10
98 1.622515e-10
99 1.024388e-10
100 6.123298e-11
101 3.432016e-11
102 1.802254e-11
103 8.930322e-12
104 4.224266e-12
105 5.347134e-09
106 3.615593e-09
107 2.331103e-09
108 1.451685e-09
109 9.089325e-10
110 5.811931e-10
111 3.812803e-10
112 2.530211e-10
113 1.657984e-10
114 1.047825e-10
115 6.270182e-11
116 3.519899e-11
117 1.850839e-11
118 9.179186e-12
119 4.341490e-12
120 5.455122e-09
121 3.691918e-09
122 2.381783e-09
123 1.483048e-09
124 9.281674e-10
125 5.931055e-10
126 3.889130e-10
127 2.581259e-10
128 1.692845e-10
129 1.070780e-10
130 6.415679e-11
131 3.604188e-11
132 1.896717e-11
133 9.414424e-12
134 4.458664e-12
135 5.578435e-09
136 3.778159e-09
137 2.439777e-09
138 1.519165e-09
139 9.502544e-10
140 6.068801e-10
141 3.977825e-10
142 2.639420e-10
143 1.732382e-10
144 1.097029e-10
145 6.579904e-11
146 3.700985e-11
147 1.949862e-11
148 9.684642e-12
149 4.589513e-12
150 7.923392e-09
151 5.457274e-09
152 3.586087e-09
153 2.241519e-09
154 1.389807e-09
155 8.760464e-10
156 5.678926e-10
157 3.756934e-10
158 2.483673e-10
159 1.599188e-10
160 9.812202e-11
161 5.658757e-11
162 3.052470e-11
163 1.546280e-11
164 7.433973e-12
165 1.001846e-08
166 6.988664e-09
167 4.658724e-09
168 2.942828e-09
169 1.815685e-09
170 1.135146e-09
171 7.278295e-10
172 4.783420e-10
173 3.166588e-10
174 2.057657e-10
175 1.282239e-10
176 7.538349e-11
177 4.148573e-11
178 2.139911e-11
179 1.043496e-11
180 1.121316e-08
181 7.867591e-09
182 5.275833e-09
183 3.350253e-09
184 2.064306e-09
185 1.286531e-09
186 8.206682e-10
187 5.376090e-10
188 3.558625e-10
189 2.320784e-10
190 1.455485e-10
191 8.625143e-11
192 4.787546e-11
193 2.489219e-11
194 1.221768e-11
195 1.208332e-08
196 8.508896e-09
197 5.726344e-09
198 3.648062e-09
199 2.246422e-09
200 1.397065e-09
201 8.884777e-10
202 5.809640e-10
203 3.845328e-10
204 2.512983e-10
205 1.581912e-10
206 9.419886e-11
207 5.255391e-11
208 2.745217e-11
209 1.352494e-11
210 1.270686e-08
211 8.968767e-09
212 6.049975e-09
213 3.861039e-09
214 2.376902e-09
215 1.476398e-09
216 9.372088e-10
217 6.119648e-10
218 4.050330e-10
219 2.650464e-10
220 1.672324e-10
221 9.989059e-11
222 5.590374e-11
223 2.928140e-11
224 1.446075e-11
225 1.321384e-08
226 9.341299e-09
227 6.311235e-09
228 4.034560e-09
229 2.482537e-09
230 1.540684e-09
231 9.765432e-10
232 6.371405e-10
233 4.216786e-10
234 2.761934e-10
235 1.745753e-10
236 1.044850e-10
237 5.860503e-11
238 3.076398e-11
239 1.521762e-11
240 1.365348e-08
241 9.665319e-09
242 6.539540e-09
243 4.185461e-09
244 2.575078e-09
245 1.596871e-09
246 1.010894e-09
247 6.589775e-10
248 4.362080e-10
249 2.859311e-10
250 1.809838e-10
251 1.085088e-10
252 6.097781e-11
253 3.206196e-11
254 1.587546e-11
255 1.407320e-08
256 9.974470e-09
257 6.757229e-09
258 4.329551e-09
259 2.662719e-09
260 1.650104e-09
261 1.043620e-09
262 6.798309e-10
263 4.500186e-10
264 2.951877e-10
265 1.870769e-10
266 1.123429e-10
267 6.323110e-11
268 3.329112e-11
269 1.650722e-11
270 1.456047e-08
271 1.033332e-08
272 7.009248e-09
273 4.495700e-09
274 2.764155e-09
275 1.712238e-09
276 1.081880e-09
277 7.042010e-10
278 4.660231e-10
279 3.059270e-10
280 1.941610e-10
281 1.167933e-10
282 6.584245e-11
283 3.472250e-11
284 1.723800e-11
285 1.366139e-08
286 9.722382e-09
287 6.604435e-09
288 4.262673e-09
289 2.627907e-09
290 1.627352e-09
291 1.025899e-09
292 6.653668e-10
293 4.388626e-10
294 2.876206e-10
295 1.826347e-10
296 1.101816e-10
297 6.242471e-11
298 3.311488e-11
299 1.653223e-11
300 1.600099e-08
301 1.151486e-08
302 7.891754e-09
303 5.150138e-09
304 3.187074e-09
305 1.964104e-09
306 1.228841e-09
307 7.909601e-10
308 5.198061e-10
309 3.414107e-10
310 2.184498e-10
311 1.333322e-10
312 7.659750e-11
313 4.121374e-11
314 2.083595e-11
315 1.774880e-08
316 1.286330e-08
317 8.863136e-09
318 5.822538e-09
319 3.614231e-09
320 2.220767e-09
321 1.383767e-09
322 8.865199e-10
323 5.811198e-10
324 3.820242e-10
325 2.454681e-10
326 1.508271e-10
327 8.734737e-11
328 4.738608e-11
329 2.413357e-11
330 1.900696e-08
331 1.383403e-08
332 9.560283e-09
333 6.303818e-09
334 3.921147e-09
335 2.405416e-09
336 1.495086e-09
337 9.552129e-10
338 6.252999e-10
339 4.112279e-10
340 2.648738e-10
341 1.633919e-10
342 9.507131e-11
343 5.182403e-11
344 2.650613e-11
345 2.002626e-08
346 1.462057e-08
347 1.012834e-08
348 6.697143e-09
349 4.170191e-09
350 2.555239e-09
351 1.585334e-09
352 1.010902e-09
353 6.609502e-10
354 4.348572e-10
355 2.806214e-10
356 1.735886e-10
357 1.013357e-10
358 5.542438e-11
359 2.843106e-11
360 2.091611e-08
361 1.530760e-08
362 1.062363e-08
363 7.038285e-09
364 4.387162e-09
365 2.686018e-09
366 1.664050e-09
367 1.059454e-09
368 6.921072e-10
369 4.555116e-10
370 2.943470e-10
371 1.824761e-10
372 1.067979e-10
373 5.856005e-11
374 3.010703e-11
375 2.175763e-08
376 1.595685e-08
377 1.109092e-08
378 7.362167e-09
379 4.592464e-09
380 2.809677e-09
381 1.738664e-09
382 1.105428e-09
383 7.216223e-10
384 4.750632e-10
385 3.073648e-10
386 1.909006e-10
387 1.119741e-10
388 6.153277e-11
389 3.169575e-11
390 2.274149e-08
391 1.671690e-08
392 1.163788e-08
393 7.740418e-09
394 4.833162e-09
395 2.954971e-09
396 1.826222e-09
397 1.159450e-09
398 7.561680e-10
399 4.979794e-10
400 3.226065e-10
401 2.007737e-10
402 1.180424e-10
403 6.501326e-11
404 3.355708e-11
405 1.944087e-08
406 1.423351e-08
407 9.871535e-09
408 6.539413e-09
409 4.090581e-09
410 2.505796e-09
411 1.554581e-09
412 9.890480e-10
413 6.450056e-10
414 4.236178e-10
415 2.731934e-10
416 1.691392e-10
417 9.896981e-11
418 5.432092e-11
419 2.797916e-11
420 2.218473e-08
421 1.643891e-08
422 1.149389e-08
423 7.680315e-09
424 4.846446e-09
425 2.960599e-09
426 1.828403e-09
427 1.154269e-09
428 7.483622e-10
429 4.908820e-10
430 3.178157e-10
431 1.983944e-10
432 1.173894e-10
433 6.523734e-11
434 3.401026e-11
435 2.417555e-08
436 1.804895e-08
437 1.267856e-08
438 8.517060e-09
439 5.401710e-09
440 3.295510e-09
441 2.030385e-09
442 1.275775e-09
443 8.243799e-10
444 5.401962e-10
445 3.504906e-10
446 2.198164e-10
447 1.308943e-10
448 7.326124e-11
449 3.845712e-11
450 2.580205e-08
451 1.935583e-08
452 1.364547e-08
453 9.197883e-09
454 5.853007e-09
455 3.568584e-09
456 2.194284e-09
457 1.374710e-09
458 8.859157e-10
459 5.802398e-10
460 3.770213e-10
461 2.372097e-10
462 1.418586e-10
463 7.977579e-11
464 4.206845e-11
465 2.721490e-08
466 2.049880e-08
467 1.448685e-08
468 9.789570e-09
469 6.246696e-09
470 3.806612e-09
471 2.337097e-09
472 1.460784e-09
473 9.398006e-10
474 6.151875e-10
475 4.001680e-10
476 2.523852e-10
477 1.514278e-10
478 8.546179e-11
479 4.522032e-11
480 2.855147e-08
481 2.157440e-08
482 1.528280e-08
483 1.034983e-08
484 6.619868e-09
485 4.031428e-09
486 2.472553e-09
487 1.542151e-09
488 9.906391e-10
489 6.482409e-10
490 4.220755e-10
491 2.667454e-10
492 1.604785e-10
493 9.083829e-11
494 4.819648e-11
495 3.011677e-08
496 2.283665e-08
497 1.621312e-08
498 1.100630e-08
499 7.055028e-09
500 4.294495e-09
501 2.630810e-09
502 1.637587e-09
503 1.050189e-09
504 6.868709e-10
505 4.476757e-10
506 2.835112e-10
507 1.710598e-10
508 9.712497e-11
509 5.168449e-11
510 2.601941e-08
511 1.962465e-08
512 1.388606e-08
513 9.380731e-09
514 6.003119e-09
515 3.666971e-09
516 2.252621e-09
517 1.406722e-09
518 9.034704e-10
519 5.901683e-10
520 3.832142e-10
521 2.414576e-10
522 1.448936e-10
523 8.188817e-11
524 4.343687e-11
525 2.893774e-08
526 2.207945e-08
527 1.574832e-08
528 1.071039e-08
529 6.913697e-09
530 4.230517e-09
531 2.590013e-09
532 1.606850e-09
533 1.025846e-09
534 6.678460e-10
535 4.340949e-10
536 2.749194e-10
537 1.663333e-10
538 9.495773e-11
539 5.090657e-11
540 3.132603e-08
541 2.409185e-08
542 1.727752e-08
543 1.180496e-08
544 7.662812e-09
545 4.696552e-09
546 2.867881e-09
547 1.772048e-09
548 1.126396e-09
549 7.317224e-10
550 4.758863e-10
551 3.023911e-10
552 1.839402e-10
553 1.057011e-10
554 5.705680e-11
555 3.340724e-08
556 2.584660e-08
557 1.861317e-08
558 1.275787e-08
559 8.316296e-09
560 5.101926e-09
561 3.110421e-09
562 1.916197e-09
563 1.214321e-09
564 7.874316e-10
565 5.123258e-10
566 3.263441e-10
567 1.992926e-10
568 1.150689e-10
569 6.241955e-11
570 3.538107e-08
571 2.751131e-08
572 1.988017e-08
573 1.366311e-08
574 8.937298e-09
575 5.487500e-09
576 3.340791e-09
577 2.052939e-09
578 1.297739e-09
579 8.403313e-10
580 5.469416e-10
581 3.490955e-10
582 2.138734e-10
583 1.239668e-10
584 6.751389e-11
585 3.769411e-08
586 2.945686e-08
587 2.136026e-08
588 1.472014e-08
589 9.660207e-09
590 5.936830e-09
591 3.609346e-09
592 2.212309e-09
593 1.394931e-09
594 9.019518e-10
595 5.872584e-10
596 3.756027e-10
597 2.308640e-10
598 1.343339e-10
599 7.344874e-11
600 3.278468e-08
601 2.541486e-08
602 1.834112e-08
603 1.258070e-08
604 8.214114e-09
605 5.057651e-09
606 3.081477e-09
607 1.897624e-09
608 1.200647e-09
609 7.770311e-10
610 5.047698e-10
611 3.213072e-10
612 1.962914e-10
613 1.135067e-10
614 6.172708e-11
615 3.602752e-08
616 2.824965e-08
617 2.056295e-08
618 1.419199e-08
619 9.336865e-09
620 5.780055e-09
621 3.509926e-09
622 2.151841e-09
623 1.352708e-09
624 8.713876e-10
625 5.655087e-10
626 3.610594e-10
627 2.219743e-10
628 1.294635e-10
629 7.109063e-11
630 3.886758e-08
631 3.073617e-08
632 2.251665e-08
633 1.560657e-08
634 1.032423e-08
635 6.415828e-09
636 3.887481e-09
637 2.375820e-09
638 1.486788e-09
639 9.543660e-10
640 6.188748e-10
641 3.959687e-10
642 2.445284e-10
643 1.434820e-10
644 7.932326e-11
645 4.155861e-08
646 3.309246e-08
647 2.436760e-08
648 1.694968e-08
649 1.126042e-08
650 7.018847e-09
651 4.245202e-09
652 2.588392e-09
653 1.613773e-09
654 1.033034e-09
655 6.694787e-10
656 4.290704e-10
657 2.659128e-10
658 1.567735e-10
659 8.712783e-11
660 4.471017e-08
661 3.584520e-08
662 2.653030e-08
663 1.851672e-08
664 1.235230e-08
665 7.722517e-09
666 4.663034e-09
667 2.836068e-09
668 1.761923e-09
669 1.124835e-09
670 7.285045e-10
671 4.676856e-10
672 2.908632e-10
673 1.722809e-10
674 9.623472e-11
675 4.019296e-08
676 3.199904e-08
677 2.358366e-08
678 1.641091e-08
679 1.089943e-08
680 6.813375e-09
681 4.124236e-09
682 2.516995e-09
683 1.568086e-09
684 1.002463e-09
685 6.485754e-10
686 4.150051e-10
687 2.569232e-10
688 1.514292e-10
689 8.421797e-11
690 4.393494e-08
691 3.538236e-08
692 2.633404e-08
693 1.843919e-08
694 1.233011e-08
695 7.765001e-09
696 4.693195e-09
697 2.855280e-09
698 1.767045e-09
699 1.122923e-09
700 7.245066e-10
701 4.641747e-10
702 2.887438e-10
703 1.714579e-10
704 9.622056e-11
705 4.747824e-08
706 3.859903e-08
707 2.894280e-08
708 2.036992e-08
709 1.369088e-08
710 8.670761e-09
711 5.234788e-09
712 3.176984e-09
713 1.956308e-09
714 1.237478e-09
715 7.967255e-10
716 5.109081e-10
717 3.189819e-10
718 1.904917e-10
719 1.076342e-10
720 5.162600e-08
721 4.235720e-08
722 3.198399e-08
723 2.261962e-08
724 1.527615e-08
725 9.726711e-09
726 5.866321e-09
727 3.552465e-09
728 2.176843e-09
729 1.371100e-09
730 8.808624e-10
731 5.653675e-10
732 3.542243e-10
733 2.126740e-10
734 1.209360e-10
735 4.869298e-08
736 3.982006e-08
737 3.003664e-08
738 2.123201e-08
739 1.431557e-08
740 9.116961e-09
741 5.515806e-09
742 3.342986e-09
743 2.050645e-09
744 1.291836e-09
745 8.289577e-10
746 5.309215e-10
747 3.318192e-10
748 1.987671e-10
749 1.128438e-10
750 5.330587e-08
751 4.414062e-08
752 3.367196e-08
753 2.398318e-08
754 1.627496e-08
755 1.045443e-08
756 6.336023e-09
757 3.827878e-09
758 2.332681e-09
759 1.459352e-09
760 9.320686e-10
761 5.965362e-10
762 3.740652e-10
763 2.255486e-10
764 1.291777e-10
765 5.869396e-08
766 4.918772e-08
767 3.790223e-08
768 2.718835e-08
769 1.855926e-08
770 1.201458e-08
771 7.293307e-09
772 4.394034e-09
773 2.661428e-09
774 1.654706e-09
775 1.052255e-09
776 6.730319e-10
777 4.233258e-10
778 2.567751e-10
779 1.482238e-10
780 5.925317e-08
781 4.987801e-08
782 3.865366e-08
783 2.785825e-08
784 1.906756e-08
785 1.239381e-08
786 7.564418e-09
787 4.548944e-09
788 2.750944e-09
789 1.703670e-09
790 1.079050e-09
791 6.882241e-10
792 4.325120e-10
793 2.626612e-10
794 1.520845e-10
795 6.633093e-08
796 5.673191e-08
797 4.463025e-08
798 3.253440e-08
799 2.244859e-08
800 1.474517e-08
801 9.065650e-09
802 5.429722e-09
803 3.262996e-09
804 2.001579e-09
805 1.257452e-09
806 7.989971e-10
807 5.028775e-10
808 3.072713e-10
809 1.796347e-10
810 7.614264e-08
811 6.658636e-08
812 5.362417e-08
813 3.987060e-08
814 2.787821e-08
815 1.857634e-08
816 1.161917e-08
817 6.941116e-09
818 4.147322e-09
819 2.505655e-09
820 1.549734e-09
821 9.744098e-10
822 6.115308e-10
823 3.754635e-10
824 2.219807e-10
825 5.070088e-07
826 3.703302e-07
827 2.744086e-07
828 1.708646e-07
829 1.040793e-07
830 6.165750e-08
831 3.764684e-08
832 2.414968e-08
833 1.630116e-08
834 0.000000e+00
835 0.000000e+00
836 0.000000e+00
837 0.000000e+00
838 0.000000e+00
839 0.000000e+00
840 7.609810e-07
841 5.559648e-07
842 4.124042e-07
843 2.596392e-07
844 1.577847e-07
845 9.335842e-08
846 5.689808e-08
847 3.636734e-08
848 2.448280e-08
849 0.000000e+00
850 0.000000e+00
851 0.000000e+00
852 0.000000e+00
853 0.000000e+00
854 0.000000e+00
855 8.990692e-07
856 6.569213e-07
857 4.874425e-07
858 3.080124e-07
859 1.870222e-07
860 1.106185e-07
861 6.737794e-08
862 4.301456e-08
863 2.893239e-08
864 0.000000e+00
865 0.000000e+00
866 0.000000e+00
867 0.000000e+00
868 0.000000e+00
869 0.000000e+00
870 9.993278e-07
871 7.302182e-07
872 5.419243e-07
873 3.431341e-07
874 2.082519e-07
875 1.231503e-07
876 7.498702e-08
877 4.784112e-08
878 3.216291e-08
879 0.000000e+00
880 0.000000e+00
881 0.000000e+00
882 0.000000e+00
883 0.000000e+00
884 0.000000e+00
885 1.071193e-06
886 7.827614e-07
887 5.809742e-07
888 3.683088e-07
889 2.234694e-07
890 1.321335e-07
891 8.044121e-08
892 5.130076e-08
893 3.447879e-08
894 0.000000e+00
895 0.000000e+00
896 0.000000e+00
897 0.000000e+00
898 0.000000e+00
899 0.000000e+00
900 1.129439e-06
901 8.253442e-07
902 6.126261e-07
903 3.887123e-07
904 2.358020e-07
905 1.394142e-07
906 8.486152e-08
907 5.410480e-08
908 3.635564e-08
909 0.000000e+00
910 0.000000e+00
911 0.000000e+00
912 0.000000e+00
913 0.000000e+00
914 0.000000e+00
915 1.180268e-06
916 8.625041e-07
917 6.402459e-07
918 4.065191e-07
919 2.465652e-07
920 1.457672e-07
921 8.871918e-08
922 5.655163e-08
923 3.799350e-08
924 0.000000e+00
925 0.000000e+00
926 0.000000e+00
927 0.000000e+00
928 0.000000e+00
929 0.000000e+00
930 1.228460e-06
931 8.977376e-07
932 6.664337e-07
933 4.234011e-07
934 2.567693e-07
935 1.517905e-07
936 9.237652e-08
937 5.887147e-08
938 3.954628e-08
939 0.000000e+00
940 0.000000e+00
941 0.000000e+00
942 0.000000e+00
943 0.000000e+00
944 0.000000e+00
945 1.284683e-06
946 9.388454e-07
947 6.969857e-07
948 4.430983e-07
949 2.686743e-07
950 1.588185e-07
951 9.664394e-08
952 6.157795e-08
953 4.135810e-08
954 0.000000e+00
955 0.000000e+00
956 0.000000e+00
957 0.000000e+00
958 0.000000e+00
959 0.000000e+00
960 3.388036e-07
961 2.699024e-07
962 1.957955e-07
963 1.468258e-07
964 9.088820e-08
965 5.562447e-08
966 3.233116e-08
967 1.933170e-08
968 1.211321e-08
969 8.018934e-09
970 0.000000e+00
971 0.000000e+00
972 0.000000e+00
973 0.000000e+00
974 0.000000e+00
975 5.144883e-07
976 4.124986e-07
977 2.995012e-07
978 2.243990e-07
979 1.405981e-07
980 8.573355e-08
981 4.979747e-08
982 2.973732e-08
983 1.857019e-08
984 1.225979e-08
985 0.000000e+00
986 0.000000e+00
987 0.000000e+00
988 0.000000e+00
989 0.000000e+00
990 6.448121e-07
991 5.183992e-07
992 3.765467e-07
993 2.820115e-07
994 1.775998e-07
995 1.081224e-07
996 6.278599e-08
997 3.747520e-08
998 2.336911e-08
999 1.541004e-08
1000 0.000000e+00
1001 0.000000e+00
1002 0.000000e+00
1003 0.000000e+00
1004 0.000000e+00
1005 7.382357e-07
1006 5.943126e-07
1007 4.317715e-07
1008 3.233096e-07
1009 2.041234e-07
1010 1.241698e-07
1011 7.209649e-08
1012 4.302199e-08
1013 2.680897e-08
1014 1.766814e-08
1015 0.000000e+00
1016 0.000000e+00
1017 0.000000e+00
1018 0.000000e+00
1019 0.000000e+00
1020 8.139596e-07
1021 6.558390e-07
1022 4.765327e-07
1023 3.567807e-07
1024 2.256220e-07
1025 1.371778e-07
1026 7.964314e-08
1027 4.751755e-08
1028 2.959718e-08
1029 1.949827e-08
1030 0.000000e+00
1031 0.000000e+00
1032 0.000000e+00
1033 0.000000e+00
1034 0.000000e+00
1035 8.800254e-07
1036 7.095243e-07
1037 5.155916e-07
1038 3.859857e-07
1039 2.443794e-07
1040 1.485270e-07
1041 8.622743e-08
1042 5.144028e-08
1043 3.202995e-08
1044 2.109535e-08
1045 0.000000e+00
1046 0.000000e+00
1047 0.000000e+00
1048 0.000000e+00
1049 0.000000e+00
1050 9.426736e-07
1051 7.604327e-07
1052 5.526249e-07
1053 4.136780e-07
1054 2.621647e-07
1055 1.592896e-07
1056 9.247120e-08
1057 5.515972e-08
1058 3.433673e-08
1059 2.260959e-08
1060 0.000000e+00
1061 0.000000e+00
1062 0.000000e+00
1063 0.000000e+00
1064 0.000000e+00
1065 1.015768e-06
1066 8.198310e-07
1067 5.958365e-07
1068 4.459927e-07
1069 2.829175e-07
1070 1.718473e-07
1071 9.975607e-08
1072 5.949995e-08
1073 3.702828e-08
1074 2.437647e-08
1075 0.000000e+00
1076 0.000000e+00
1077 0.000000e+00
1078 0.000000e+00
1079 0.000000e+00
1080 1.940098e-07
1081 1.764393e-07
1082 1.359308e-07
1083 9.829981e-08
1084 7.365806e-08
1085 4.257818e-08
1086 2.609473e-08
1087 1.504600e-08
1088 8.897353e-09
1089 5.535524e-09
1090 0.000000e+00
1091 0.000000e+00
1092 0.000000e+00
1093 0.000000e+00
1094 0.000000e+00
1095 3.303807e-07
1096 3.018028e-07
1097 2.334724e-07
1098 1.687305e-07
1099 1.266233e-07
1100 7.360554e-08
1101 4.523131e-08
1102 2.601700e-08
1103 1.532993e-08
1104 9.515410e-09
1105 0.000000e+00
1106 0.000000e+00
1107 0.000000e+00
1108 0.000000e+00
1109 0.000000e+00
1110 4.306282e-07
1111 3.940344e-07
1112 3.052905e-07
1113 2.205837e-07
1114 1.656231e-07
1115 9.648072e-08
1116 5.934317e-08
1117 3.410489e-08
1118 2.006901e-08
1119 1.244631e-08
1120 0.000000e+00
1121 0.000000e+00
1122 0.000000e+00
1123 0.000000e+00
1124 0.000000e+00
1125 5.118675e-07
1126 4.687719e-07
1127 3.634880e-07
1128 2.626035e-07
1129 1.972257e-07
1130 1.150174e-07
1131 7.077884e-08
1132 4.065897e-08
1133 2.390921e-08
1134 1.482137e-08
1135 0.000000e+00
1136 0.000000e+00
1137 0.000000e+00
1138 0.000000e+00
1139 0.000000e+00
1140 5.827486e-07
1141 5.339873e-07
1142 4.142683e-07
1143 2.992682e-07
1144 2.248018e-07
1145 1.311919e-07
1146 8.075741e-08
1147 4.637790e-08
1148 2.726008e-08
1149 1.689370e-08
1150 0.000000e+00
1151 0.000000e+00
1152 0.000000e+00
1153 0.000000e+00
1154 0.000000e+00
1155 6.499630e-07
1156 5.958254e-07
1157 4.624212e-07
1158 3.340351e-07
1159 2.509506e-07
1160 1.465295e-07
1161 9.021925e-08
1162 5.180077e-08
1163 3.043750e-08
1164 1.885873e-08
1165 0.000000e+00
1166 0.000000e+00
1167 0.000000e+00
1168 0.000000e+00
1169 0.000000e+00
1170 7.283846e-07
1171 6.679733e-07
1172 5.186008e-07
1173 3.745984e-07
1174 2.814577e-07
1175 1.644239e-07
1176 1.012585e-07
1177 5.812754e-08
1178 3.414473e-08
1179 2.115149e-08
1180 0.000000e+00
1181 0.000000e+00
1182 0.000000e+00
1183 0.000000e+00
1184 0.000000e+00
1185 1.327632e-07
1186 1.310667e-07
1187 1.102379e-07
1188 8.053496e-08
1189 5.982355e-08
1190 4.067504e-08
1191 2.399639e-08
1192 1.367312e-08
1193 7.904907e-09
1194 4.670780e-09
1195 2.925472e-09
1196 0.000000e+00
1197 0.000000e+00
1198 0.000000e+00
1199 0.000000e+00
1200 2.310607e-07
1201 2.287281e-07
1202 1.930691e-07
1203 1.412833e-07
1204 1.047842e-07
1205 7.172519e-08
1206 4.211421e-08
1207 2.402874e-08
1208 1.390992e-08
1209 8.204797e-09
1210 5.128809e-09
1211 0.000000e+00
1212 0.000000e+00
1213 0.000000e+00
1214 0.000000e+00
1215 3.123232e-07
1216 3.095006e-07
1217 2.616148e-07
1218 1.915694e-07
1219 1.419926e-07
1220 9.744473e-08
1221 5.711211e-08
1222 3.260332e-08
1223 1.888243e-08
1224 1.113064e-08
1225 6.952520e-09
1226 0.000000e+00
1227 0.000000e+00
1228 0.000000e+00
1229 0.000000e+00
1230 3.831935e-07
1231 3.799432e-07
1232 3.213903e-07
1233 2.354215e-07
1234 1.744400e-07
1235 1.198757e-07
1236 7.019122e-08
1237 4.008120e-08
1238 2.321897e-08
1239 1.368230e-08
1240 8.542871e-09
1241 0.000000e+00
1242 0.000000e+00
1243 0.000000e+00
1244 0.000000e+00
1245 4.503977e-07
1246 4.467362e-07
1247 3.780737e-07
1248 2.770046e-07
1249 2.052095e-07
1250 1.411454e-07
1251 8.259382e-08
1252 4.717229e-08
1253 2.733118e-08
1254 1.610194e-08
1255 1.005098e-08
1256 0.000000e+00
1257 0.000000e+00
1258 0.000000e+00
1259 0.000000e+00
1260 5.288015e-07
1261 5.246659e-07
1262 4.442070e-07
1263 3.255223e-07
1264 2.411084e-07
1265 1.659601e-07
1266 9.706421e-08
1267 5.544503e-08
1268 3.212871e-08
1269 1.892488e-08
1270 1.181051e-08
1271 0.000000e+00
1272 0.000000e+00
1273 0.000000e+00
1274 0.000000e+00
1275 9.536859e-08
1276 9.930914e-08
1277 8.987965e-08
1278 6.876850e-08
1279 4.970782e-08
1280 3.723613e-08
1281 2.104205e-08
1282 1.270937e-08
1283 7.180640e-09
1284 4.147013e-09
1285 2.482516e-09
1286 0.000000e+00
1287 0.000000e+00
1288 0.000000e+00
1289 0.000000e+00
1290 1.734555e-07
1291 1.809889e-07
1292 1.642986e-07
1293 1.260411e-07
1294 9.104962e-08
1295 6.830874e-08
1296 3.870834e-08
1297 2.345399e-08
1298 1.322235e-08
1299 7.618401e-09
1300 4.551856e-09
1301 0.000000e+00
1302 0.000000e+00
1303 0.000000e+00
1304 0.000000e+00
1305 2.424635e-07
1306 2.531894e-07
1307 2.301014e-07
1308 1.766983e-07
1309 1.276149e-07
1310 9.579448e-08
1311 5.434251e-08
1312 3.296556e-08
1313 1.856968e-08
1314 1.068970e-08
1315 6.382328e-09
1316 0.000000e+00
1317 0.000000e+00
1318 0.000000e+00
1319 0.000000e+00
1320 3.078577e-07
1321 3.216065e-07
1322 2.924568e-07
1323 2.247029e-07
1324 1.622652e-07
1325 1.218404e-07
1326 6.915697e-08
1327 4.197839e-08
1328 2.363663e-08
1329 1.359998e-08
1330 8.116900e-09
1331 0.000000e+00
1332 0.000000e+00
1333 0.000000e+00
1334 0.000000e+00
1335 3.841561e-07
1336 4.014323e-07
1337 3.652105e-07
1338 2.807097e-07
1339 2.026908e-07
1340 1.522281e-07
1341 8.644124e-08
1342 5.249408e-08
1343 2.954836e-08
1344 1.699550e-08
1345 1.014064e-08
1346 0.000000e+00
1347 0.000000e+00
1348 0.000000e+00
1349 0.000000e+00
1350 7.273857e-08
1351 7.873554e-08
1352 7.550522e-08
1353 6.119114e-08
1354 4.414599e-08
1355 3.327954e-08
1356 2.079139e-08
1357 1.274682e-08
1358 7.076679e-09
1359 3.896809e-09
1360 2.252114e-09
1361 1.369559e-09
1362 0.000000e+00
1363 0.000000e+00
1364 0.000000e+00
1365 1.384497e-07
1366 1.501068e-07
1367 1.443064e-07
1368 1.172919e-07
1369 8.467400e-08
1370 6.377109e-08
1371 4.010867e-08
1372 2.451861e-08
1373 1.361482e-08
1374 7.500765e-09
1375 4.325167e-09
1376 2.624533e-09
1377 0.000000e+00
1378 0.000000e+00
1379 0.000000e+00
1380 2.010031e-07
1381 2.180563e-07
1382 2.098198e-07
1383 1.707216e-07
1384 1.232755e-07
1385 9.281020e-08
1386 5.851418e-08
1387 3.573215e-08
1388 1.984300e-08
1389 1.093430e-08
1390 6.299816e-09
1391 3.819753e-09
1392 0.000000e+00
1393 0.000000e+00
1394 0.000000e+00
1395 2.739546e-07
1396 2.973002e-07
1397 2.862206e-07
1398 2.330303e-07
1399 1.682909e-07
1400 1.266749e-07
1401 7.997821e-08
1402 4.880901e-08
1403 2.710609e-08
1404 1.493828e-08
1405 8.602574e-09
1406 5.213599e-09
1407 0.000000e+00
1408 0.000000e+00
1409 0.000000e+00
1410 5.890181e-08
1411 6.573682e-08
1412 6.603704e-08
1413 5.672108e-08
1414 4.180769e-08
1415 3.079351e-08
1416 2.169201e-08
1417 1.237709e-08
1418 6.967786e-09
1419 3.942778e-09
1420 2.193147e-09
1421 1.279106e-09
1422 0.000000e+00
1423 0.000000e+00
1424 0.000000e+00
1425 1.179153e-07
1426 1.317869e-07
1427 1.326779e-07
1428 1.143040e-07
1429 8.439725e-08
1430 6.208294e-08
1431 4.394588e-08
1432 2.499070e-08
1433 1.409985e-08
1434 7.977263e-09
1435 4.434873e-09
1436 2.581328e-09
1437 0.000000e+00
1438 0.000000e+00
1439 0.000000e+00
1440 1.864659e-07
1441 2.085133e-07
1442 2.100928e-07
1443 1.811975e-07
1444 1.338744e-07
1445 9.843172e-08
1446 6.979941e-08
1447 3.964442e-08
1448 2.238585e-08
1449 1.266432e-08
1450 7.039246e-09
1451 4.094128e-09
1452 0.000000e+00
1453 0.000000e+00
1454 0.000000e+00
1455 5.113747e-08
1456 5.859949e-08
1457 6.124757e-08
1458 5.564388e-08
1459 4.266868e-08
1460 3.081832e-08
1461 2.314661e-08
1462 1.297526e-08
1463 7.760212e-09
1464 4.251915e-09
1465 2.344210e-09
1466 1.309012e-09
1467 0.000000e+00
1468 0.000000e+00
1469 0.000000e+00
1470 1.144183e-07
1471 1.312915e-07
1472 1.375003e-07
1473 1.252949e-07
1474 9.633707e-08
1475 6.954067e-08
1476 5.230446e-08
1477 2.941263e-08
1478 1.765427e-08
1479 9.654132e-09
1480 5.309447e-09
1481 2.958529e-09
1482 0.000000e+00
1483 0.000000e+00
1484 0.000000e+00
1485 5.346886e-08
1486 6.282661e-08
1487 6.811809e-08
1488 6.539118e-08
1489 5.301647e-08
1490 3.825364e-08
1491 2.885922e-08
1492 1.794060e-08
1493 1.091918e-08
1494 5.925347e-09
1495 3.120776e-09
1496 1.683862e-09
1497 9.377921e-10
1498 0.000000e+00
1499 0.000000e+00
1500 1.109684e-04
1501 8.086786e-05
1502 6.035546e-05
1503 3.805236e-05
1504 2.321989e-05
1505 1.369104e-05
1506 8.324421e-06
1507 5.304277e-06
1508 3.565556e-06
1509 0.000000e+00
1510 0.000000e+00
1511 0.000000e+00
1512 0.000000e+00
1513 0.000000e+00
1514 0.000000e+00
1515 5.757601e-05
1516 4.644359e-05
1517 3.369791e-05
1518 2.528332e-05
1519 1.597668e-05
1520 9.754545e-06
1521 5.648866e-06
1522 3.364481e-06
1523 2.093966e-06
1524 1.379138e-06
1525 0.000000e+00
1526 0.000000e+00
1527 0.000000e+00
1528 0.000000e+00
1529 0.000000e+00
1530 4.047788e-05
1531 3.713775e-05
1532 2.882267e-05
1533 2.080348e-05
1534 1.566222e-05
1535 9.111532e-06
1536 5.625604e-06
1537 3.225263e-06
1538 1.896511e-06
1539 1.174730e-06
1540 0.000000e+00
1541 0.000000e+00
1542 0.000000e+00
1543 0.000000e+00
1544 0.000000e+00
1545 2.912801e-05
1546 2.891312e-05
1547 2.448503e-05
1548 1.793535e-05
1549 1.328396e-05
1550 9.154542e-06
1551 5.351144e-06
1552 3.053081e-06
1553 1.771954e-06
1554 1.042590e-06
1555 6.506122e-07
1556 0.000000e+00
1557 0.000000e+00
1558 0.000000e+00
1559 0.000000e+00
1560 2.085098e-05
1561 2.179680e-05
1562 1.983793e-05
1563 1.524768e-05
1564 1.100576e-05
1565 8.274949e-06
1566 4.689296e-06
1567 2.850415e-06
1568 1.602925e-06
1569 9.233707e-07
1570 5.506294e-07
1571 0.000000e+00
1572 0.000000e+00
1573 0.000000e+00
1574 0.000000e+00
1575 1.487210e-05
1576 1.614453e-05
1577 1.554949e-05
1578 1.266314e-05
1579 9.143013e-06
1580 6.883420e-06
1581 4.347301e-06
1582 2.655947e-06
1583 1.474901e-06
1584 8.112783e-07
1585 4.673052e-07
1586 2.832009e-07
1587 0.000000e+00
1588 0.000000e+00
1589 0.000000e+00
1590 1.001028e-05
1591 1.119728e-05
1592 1.128693e-05
1593 9.739022e-06
1594 7.195644e-06
1595 5.289411e-06
1596 3.755371e-06
1597 2.130464e-06
1598 1.202339e-06
1599 6.811759e-07
1600 3.783133e-07
1601 2.200058e-07
1602 0.000000e+00
1603 0.000000e+00
1604 0.000000e+00
1605 6.201116e-06
1606 7.118100e-06
1607 7.458527e-06
1608 6.801106e-06
1609 5.231433e-06
1610 3.775220e-06
1611 2.841823e-06
1612 1.597077e-06
1613 9.596537e-07
1614 5.242846e-07
1615 2.885232e-07
1616 1.606418e-07
1617 0.000000e+00
1618 0.000000e+00
1619 0.000000e+00
1620 3.163407e-06
1621 3.720115e-06
1622 4.038202e-06
1623 3.883392e-06
1624 3.154630e-06
1625 2.276770e-06
1626 1.716871e-06
1627 1.071974e-06
1628 6.518364e-07
1629 3.538249e-07
1630 1.861971e-07
1631 1.003484e-07
1632 5.578990e-08
1633 0.000000e+00
1634 0.000000e+00
1635 8.891198e-07
1636 1.072208e-06
1637 1.206146e-06
1638 1.224576e-06
1639 1.066696e-06
1640 7.933436e-07
1641 5.815894e-07
1642 4.169104e-07
1643 2.343421e-07
1644 1.314261e-07
1645 7.164692e-08
1646 3.730540e-08
1647 1.958823e-08
1648 0.000000e+00
1649 0.000000e+00
