0 2.249818e-09
1 1.462608e-09
2 9.199377e-10
3 5.793457e-10
4 3.723030e-10
5 2.449319e-10
6 1.628828e-10
7 1.069977e-10
8 6.782521e-11
9 4.075772e-11
10 2.298875e-11
11 1.215204e-11
12 6.060916e-12
13 2.884533e-12
14 1.326440e-12
15 3.797749e-09
16 2.526459e-09
17 1.606154e-09
18 1.001071e-09
19 6.329538e-10
20 4.098456e-10
21 2.711257e-10
22 1.798017e-10
23 1.165999e-10
24 7.234342e-11
25 4.229015e-11
26 2.314830e-11
27 1.189303e-11
28 5.789361e-12
29 2.703340e-12
30 4.353241e-09
31 2.915808e-09
32 1.863988e-09
33 1.160578e-09
34 7.307881e-10
35 4.706788e-10
36 3.103472e-10
37 2.059842e-10
38 1.342187e-10
39 8.393697e-11
40 4.956335e-11
41 2.741842e-11
42 1.422145e-11
43 6.976150e-12
44 3.275010e-12
45 4.659694e-09
46 3.130752e-09
47 2.006418e-09
48 1.248741e-09
49 7.848288e-10
50 5.042744e-10
51 3.320524e-10
52 2.203981e-10
53 1.439346e-10
54 9.033094e-11
55 5.356991e-11
56 2.976721e-11
57 1.550641e-11
58 7.631423e-12
59 3.591071e-12
60 4.865090e-09
61 3.274923e-09
62 2.101789e-09
63 1.307796e-09
64 8.210239e-10
65 5.268455e-10
66 3.466084e-10
67 2.301075e-10
68 1.504401e-10
69 9.462484e-11
70 5.627354e-11
71 3.135696e-11
72 1.636994e-11
73 8.073992e-12
74 3.805373e-12
75 5.014238e-09
76 3.379301e-09
77 2.170940e-09
78 1.350740e-09
79 8.472992e-10
80 5.432027e-10
81 3.571484e-10
82 2.371278e-10
83 1.552045e-10
84 9.776031e-11
85 5.822234e-11
86 3.250039e-11
87 1.699612e-11
88 8.389980e-12
89 3.957464e-12
90 5.144436e-09
91 3.470780e-09
92 2.231576e-09
93 1.388309e-09
94 8.703792e-10
95 5.575065e-10
96 3.663979e-10
97 2.432923e-10
98 1.593566e-10
99 1.004868e-10
100 5.994199e-11
101 3.350702e-11
102 1.754511e-11
103 8.670521e-12
104 4.092456e-12
105 5.254405e-09
106 3.547449e-09
107 2.282835e-09
108 1.419981e-09
109 8.897060e-10
110 5.695502e-10
111 3.741423e-10
112 2.484638e-10
113 1.627690e-10
114 1.027391e-10
115 6.134879e-11
116 3.434678e-11
117 1.800731e-11
118 8.906185e-12
119 4.202841e-12
120 5.358642e-09
121 3.620957e-09
122 2.331509e-09
123 1.449973e-09
124 9.081178e-10
125 5.809649e-10
126 3.814792e-10
127 2.533794e-10
128 1.661314e-10
129 1.049499e-10
130 6.274761e-11
131 3.515329e-11
132 1.844397e-11
133 9.129058e-12
134 4.313713e-12
135 5.477585e-09
136 3.703950e-09
137 2.387130e-09
138 1.484488e-09
139 9.292360e-10
140 5.941531e-10
141 3.899893e-10
142 2.589740e-10
143 1.699389e-10
144 1.074772e-10
145 6.432389e-11
146 3.607873e-11
147 1.894998e-11
148 9.384922e-12
149 4.437079e-12
150 7.894689e-09
151 5.435119e-09
152 3.569895e-09
153 2.229787e-09
154 1.382678e-09
155 8.717207e-10
156 5.653471e-10
157 3.741474e-10
158 2.473789e-10
159 1.592567e-10
160 9.767070e-11
161 5.628698e-11
162 3.033597e-11
163 1.535332e-11
164 7.375480e-12
165 9.974324e-09
166 6.953427e-09
167 4.632947e-09
168 2.923876e-09
169 1.803667e-09
170 1.127895e-09
171 7.236040e-10
172 4.757937e-10
173 3.150645e-10
174 2.047124e-10
175 1.275089e-10
176 7.490392e-11
177 4.117946e-11
178 2.121610e-11
179 1.033514e-11
180 1.118236e-08
181 7.839697e-09
182 5.254242e-09
183 3.333009e-09
184 2.052629e-09
185 1.279554e-09
186 8.167347e-10
187 5.353861e-10
188 3.545693e-10
189 2.312480e-10
190 1.449648e-10
191 8.583563e-11
192 4.758907e-11
193 2.470934e-11
194 1.211172e-11
195 1.199544e-08
196 8.436974e-09
197 5.673372e-09
198 3.609156e-09
199 2.220934e-09
200 1.381801e-09
201 8.795008e-10
202 5.756172e-10
203 3.812205e-10
204 2.491349e-10
205 1.567305e-10
206 9.321677e-11
207 5.192021e-11
208 2.707021e-11
209 1.331276e-11
210 1.258458e-08
211 8.869558e-09
212 5.977053e-09
213 3.808852e-09
214 2.342482e-09
215 1.455787e-09
216 9.250270e-10
217 6.046437e-10
218 4.004690e-10
219 2.620609e-10
220 1.652257e-10
221 9.855200e-11
222 5.504251e-11
223 2.877128e-11
224 1.417842e-11
225 1.309944e-08
226 9.247158e-09
227 6.241740e-09
228 3.983442e-09
229 2.448721e-09
230 1.520499e-09
231 9.646604e-10
232 6.300823e-10
233 4.173226e-10
234 2.733553e-10
235 1.726623e-10
236 1.031981e-10
237 5.777257e-11
238 3.026085e-11
239 1.493664e-11
240 1.352862e-08
241 9.562452e-09
242 6.463564e-09
243 4.129572e-09
244 2.538002e-09
245 1.574730e-09
246 9.978394e-10
247 6.512412e-10
248 4.314340e-10
249 2.828284e-10
250 1.788933e-10
251 1.071022e-10
252 6.006734e-11
253 3.151045e-11
254 1.556702e-11
255 1.393884e-08
256 9.863548e-09
257 6.675257e-09
258 4.269357e-09
259 2.622651e-09
260 1.626181e-09
261 1.029511e-09
262 6.714714e-10
263 4.448679e-10
264 2.918401e-10
265 1.848223e-10
266 1.108258e-10
267 6.224852e-11
268 3.269538e-11
269 1.617389e-11
270 1.441467e-08
271 1.021276e-08
272 6.920149e-09
273 4.430125e-09
274 2.720500e-09
275 1.686187e-09
276 1.066508e-09
277 6.951005e-10
278 4.604301e-10
279 3.022884e-10
280 1.917113e-10
281 1.151454e-10
282 6.477455e-11
283 3.407421e-11
284 1.687489e-11
285 1.363298e-08
286 9.697601e-09
287 6.585819e-09
288 4.249038e-09
289 2.618151e-09
290 1.621658e-09
291 1.022499e-09
292 6.633784e-10
293 4.376670e-10
294 2.868622e-10
295 1.821300e-10
296 1.098405e-10
297 6.219949e-11
298 3.297432e-11
299 1.645107e-11
300 1.603450e-08
301 1.153506e-08
302 7.904466e-09
303 5.157849e-09
304 3.189852e-09
305 1.966037e-09
306 1.229920e-09
307 7.918462e-10
308 5.205410e-10
309 3.419760e-10
310 2.188323e-10
311 1.335580e-10
312 7.670963e-11
313 4.125725e-11
314 2.084703e-11
315 1.767816e-08
316 1.279897e-08
317 8.813164e-09
318 5.786159e-09
319 3.587417e-09
320 2.204659e-09
321 1.374009e-09
322 8.808969e-10
323 5.778050e-10
324 3.799715e-10
325 2.441279e-10
326 1.499270e-10
327 8.674883e-11
328 4.700574e-11
329 2.390802e-11
330 1.887200e-08
331 1.371674e-08
332 9.470440e-09
333 6.240507e-09
334 3.875102e-09
335 2.377630e-09
336 1.478277e-09
337 9.454309e-10
338 6.193736e-10
339 4.075205e-10
340 2.624472e-10
341 1.617794e-10
342 9.401799e-11
343 5.116878e-11
344 2.612494e-11
345 1.991258e-08
346 1.451604e-08
347 1.004631e-08
348 6.637497e-09
349 4.126089e-09
350 2.528388e-09
351 1.569086e-09
352 1.001557e-09
353 6.554640e-10
354 4.314795e-10
355 2.784272e-10
356 1.721185e-10
357 1.003572e-10
358 5.479974e-11
359 2.805840e-11
360 2.078531e-08
361 1.518704e-08
362 1.052881e-08
363 6.969332e-09
364 4.336145e-09
365 2.654862e-09
366 1.645204e-09
367 1.048617e-09
368 6.857510e-10
369 4.516034e-10
370 2.918113e-10
371 1.807783e-10
372 1.056676e-10
373 5.783786e-11
374 2.967554e-11
375 2.161079e-08
376 1.582128e-08
377 1.098420e-08
378 7.284567e-09
379 4.535030e-09
380 2.774531e-09
381 1.717409e-09
382 1.093210e-09
383 7.144545e-10
384 4.706626e-10
385 3.045118e-10
386 1.889919e-10
387 1.107027e-10
388 6.071998e-11
389 3.120973e-11
390 2.257623e-08
391 1.656414e-08
392 1.151740e-08
393 7.652809e-09
394 4.768284e-09
395 2.915198e-09
396 1.802172e-09
397 1.145627e-09
398 7.480691e-10
399 4.930083e-10
400 3.193863e-10
401 1.986192e-10
402 1.166076e-10
403 6.409545e-11
404 3.300777e-11
405 1.965065e-08
406 1.439710e-08
407 9.989457e-09
408 6.621480e-09
409 4.143232e-09
410 2.537248e-09
411 1.573507e-09
412 1.000639e-09
413 6.523904e-10
414 4.285128e-10
415 2.764660e-10
416 1.712779e-10
417 1.002995e-10
418 5.509280e-11
419 2.839473e-11
420 2.230141e-08
421 1.652832e-08
422 1.155692e-08
423 7.724310e-09
424 4.874441e-09
425 2.976407e-09
426 1.838016e-09
427 1.160193e-09
428 7.521885e-10
429 4.934649e-10
430 3.195695e-10
431 1.995490e-10
432 1.181056e-10
433 6.564797e-11
434 3.422630e-11
435 2.422775e-08
436 1.808340e-08
437 1.269875e-08
438 8.530302e-09
439 5.408738e-09
440 3.297754e-09
441 2.031927e-09
442 1.276843e-09
443 8.252605e-10
444 5.409466e-10
445 3.510659e-10
446 2.202079e-10
447 1.311242e-10
448 7.337434e-11
449 3.850008e-11
450 2.591887e-08
451 1.943977e-08
452 1.369836e-08
453 9.234336e-09
454 5.874812e-09
455 3.578441e-09
456 2.200685e-09
457 1.378704e-09
458 8.887517e-10
459 5.823314e-10
460 3.785277e-10
461 2.382212e-10
462 1.424753e-10
463 8.010765e-11
464 4.222429e-11
465 2.733002e-08
466 2.057816e-08
467 1.453590e-08
468 9.822219e-09
469 6.265475e-09
470 3.813665e-09
471 2.341946e-09
472 1.463916e-09
473 9.421556e-10
474 6.170367e-10
475 4.015467e-10
476 2.533208e-10
477 1.519910e-10
478 8.575477e-11
479 4.534744e-11
480 2.866561e-08
481 2.165014e-08
482 1.532689e-08
483 1.037852e-08
484 6.635169e-09
485 4.035675e-09
486 2.475882e-09
487 1.544390e-09
488 9.925126e-10
489 6.498103e-10
490 4.233196e-10
491 2.676006e-10
492 1.609865e-10
493 9.108547e-11
494 4.829416e-11
495 3.022883e-08
496 2.290763e-08
497 1.625132e-08
498 1.103030e-08
499 7.066963e-09
500 4.295438e-09
501 2.632303e-09
502 1.638749e-09
503 1.051476e-09
504 6.881682e-10
505 4.487605e-10
506 2.842709e-10
507 1.715024e-10
508 9.732870e-11
509 5.174676e-11
510 2.599197e-08
511 1.959684e-08
512 1.386180e-08
513 9.362633e-09
514 5.989875e-09
515 3.657446e-09
516 2.247188e-09
517 1.403544e-09
518 9.016421e-10
519 5.891002e-10
520 3.825598e-10
521 2.410349e-10
522 1.446130e-10
523 8.170355e-11
524 4.332048e-11
525 2.879823e-08
526 2.195390e-08
527 1.564709e-08
528 1.063633e-08
529 6.861743e-09
530 4.195778e-09
531 2.569702e-09
532 1.594758e-09
533 1.018699e-09
534 6.634814e-10
535 4.313279e-10
536 2.731189e-10
537 1.651660e-10
538 9.422369e-11
539 5.046760e-11
540 3.124673e-08
541 2.400953e-08
542 1.720320e-08
543 1.174798e-08
544 7.621484e-09
545 4.665954e-09
546 2.850206e-09
547 1.761424e-09
548 1.120387e-09
549 7.282757e-10
550 4.738215e-10
551 3.010845e-10
552 1.830823e-10
553 1.051362e-10
554 5.669641e-11
555 3.329511e-08
556 2.572982e-08
557 1.850724e-08
558 1.267631e-08
559 8.257183e-09
560 5.058049e-09
561 3.084954e-09
562 1.900841e-09
563 1.205657e-09
564 7.824782e-10
565 5.093675e-10
566 3.244780e-10
567 1.980696e-10
568 1.142637e-10
569 6.190519e-11
570 3.523762e-08
571 2.736164e-08
572 1.974405e-08
573 1.355805e-08
574 8.861183e-09
575 5.430934e-09
576 3.307830e-09
577 2.033056e-09
578 1.286524e-09
579 8.339360e-10
580 5.431287e-10
581 3.466945e-10
582 2.123015e-10
583 1.229322e-10
584 6.685242e-11
585 3.751389e-08
586 2.926855e-08
587 2.118865e-08
588 1.458746e-08
589 9.564098e-09
590 5.865333e-09
591 3.567642e-09
592 2.187130e-09
593 1.380739e-09
594 8.938608e-10
595 5.824406e-10
596 3.725729e-10
597 2.288822e-10
598 1.330295e-10
599 7.261433e-11
600 3.250003e-08
601 2.516195e-08
602 1.813783e-08
603 1.243313e-08
604 8.110887e-09
605 4.990024e-09
606 3.041340e-09
607 1.873696e-09
608 1.186467e-09
609 7.683376e-10
610 4.992290e-10
611 3.177032e-10
612 1.939605e-10
613 1.120492e-10
614 6.086241e-11
615 3.581741e-08
616 2.805359e-08
617 2.039898e-08
618 1.406893e-08
619 9.249650e-09
620 5.720176e-09
621 3.474118e-09
622 2.130364e-09
623 1.340259e-09
624 8.639985e-10
625 5.609304e-10
626 3.581265e-10
627 2.200763e-10
628 1.282569e-10
629 7.035464e-11
630 3.858660e-08
631 3.046618e-08
632 2.228434e-08
633 1.542910e-08
634 1.019761e-08
635 6.327084e-09
636 3.833644e-09
637 2.343549e-09
638 1.468274e-09
639 9.435412e-10
640 6.122831e-10
641 3.917951e-10
642 2.418337e-10
643 1.417571e-10
644 7.825628e-11
645 4.120930e-08
646 3.275118e-08
647 2.406937e-08
648 1.671969e-08
649 1.109573e-08
650 6.902207e-09
651 4.173934e-09
652 2.545689e-09
653 1.589393e-09
654 1.018887e-09
655 6.609409e-10
656 4.236982e-10
657 2.624489e-10
658 1.545482e-10
659 8.574128e-11
660 4.428124e-08
661 3.542085e-08
662 2.615514e-08
663 1.822541e-08
664 1.214315e-08
665 7.573346e-09
666 4.571377e-09
667 2.781175e-09
668 1.730678e-09
669 1.106803e-09
670 7.176934e-10
671 4.609160e-10
672 2.865027e-10
673 1.694724e-10
674 9.447574e-11
675 4.016941e-08
676 3.197326e-08
677 2.355851e-08
678 1.639010e-08
679 1.088433e-08
680 6.802083e-09
681 4.116836e-09
682 2.512574e-09
683 1.565631e-09
684 1.001094e-09
685 6.477983e-10
686 4.145397e-10
687 2.566292e-10
688 1.512378e-10
689 8.409364e-11
690 4.388751e-08
691 3.532982e-08
692 2.628184e-08
693 1.839495e-08
694 1.229765e-08
695 7.740974e-09
696 4.676696e-09
697 2.845722e-09
698 1.761680e-09
699 1.119909e-09
700 7.228163e-10
701 4.631791e-10
702 2.881254e-10
703 1.710591e-10
704 9.596190e-11
705 4.738175e-08
706 3.849153e-08
707 2.883506e-08
708 2.027751e-08
709 1.362265e-08
710 8.620468e-09
711 5.199602e-09
712 3.156789e-09
713 1.944867e-09
714 1.231061e-09
715 7.931388e-10
716 5.088162e-10
717 3.176943e-10
718 1.896665e-10
719 1.070999e-10
720 5.147291e-08
721 4.218630e-08
722 3.181219e-08
723 2.247167e-08
724 1.516664e-08
725 9.646124e-09
726 5.809595e-09
727 3.520001e-09
728 2.158394e-09
729 1.360761e-09
730 8.750909e-10
731 5.620112e-10
732 3.521649e-10
733 2.113570e-10
734 1.200838e-10
735 4.867166e-08
736 3.979603e-08
737 3.001215e-08
738 2.121055e-08
739 1.429958e-08
740 9.105279e-09
741 5.507317e-09
742 3.338250e-09
743 2.047934e-09
744 1.290311e-09
745 8.281079e-10
746 5.304332e-10
747 3.315229e-10
748 1.985790e-10
749 1.127222e-10
750 5.325221e-08
751 4.407946e-08
752 3.360854e-08
753 2.392617e-08
754 1.623157e-08
755 1.042298e-08
756 6.312655e-09
757 3.814749e-09
758 2.324921e-09
759 1.455068e-09
760 9.297059e-10
761 5.952059e-10
762 3.732763e-10
763 2.250568e-10
764 1.288625e-10
765 5.857343e-08
766 4.904972e-08
767 3.775818e-08
768 2.705755e-08
769 1.845896e-08
770 1.194202e-08
771 7.239105e-09
772 4.363301e-09
773 2.643092e-09
774 1.644640e-09
775 1.046738e-09
776 6.699555e-10
777 4.215093e-10
778 2.556530e-10
779 1.475080e-10
780 5.923316e-08
781 4.985483e-08
782 3.862903e-08
783 2.783532e-08
784 1.904959e-08
785 1.238088e-08
786 7.554619e-09
787 4.543282e-09
788 2.747467e-09
789 1.701786e-09
790 1.078040e-09
791 6.876679e-10
792 4.321922e-10
793 2.624673e-10
794 1.519621e-10
795 6.626285e-08
796 5.665217e-08
797 4.454419e-08
798 3.245234e-08
799 2.238250e-08
800 1.469748e-08
801 9.029669e-09
802 5.407631e-09
803 3.249577e-09
804 1.994295e-09
805 1.253588e-09
806 7.969057e-10
807 5.017057e-10
808 3.065797e-10
809 1.792072e-10
810 7.611808e-08
811 6.655698e-08
812 5.359147e-08
813 3.983794e-08
814 2.785039e-08
815 1.855592e-08
816 1.160407e-08
817 6.930668e-09
818 4.141330e-09
819 2.502355e-09
820 1.547944e-09
821 9.734727e-10
822 6.110304e-10
823 3.751850e-10
824 2.218175e-10
825 5.054591e-07
826 3.691905e-07
827 2.735627e-07
828 1.702858e-07
829 1.037366e-07
830 6.145546e-08
831 3.752491e-08
832 2.407362e-08
833 1.625091e-08
834 0.000000e+00
835 0.000000e+00
836 0.000000e+00
837 0.000000e+00
838 0.000000e+00
839 0.000000e+00
840 7.609676e-07
841 5.559549e-07
842 4.123968e-07
843 2.596339e-07
844 1.577816e-07
845 9.335660e-08
846 5.689698e-08
847 3.636666e-08
848 2.448236e-08
849 0.000000e+00
850 0.000000e+00
851 0.000000e+00
852 0.000000e+00
853 0.000000e+00
854 0.000000e+00
855 9.034708e-07
856 6.601393e-07
857 4.898344e-07
858 3.095543e-07
859 1.879543e-07
860 1.111685e-07
861 6.771198e-08
862 4.322638e-08
863 2.907417e-08
864 0.000000e+00
865 0.000000e+00
866 0.000000e+00
867 0.000000e+00
868 0.000000e+00
869 0.000000e+00
870 9.993278e-07
871 7.302182e-07
872 5.419243e-07
873 3.431341e-07
874 2.082519e-07
875 1.231503e-07
876 7.498702e-08
877 4.784112e-08
878 3.216291e-08
879 0.000000e+00
880 0.000000e+00
881 0.000000e+00
882 0.000000e+00
883 0.000000e+00
884 0.000000e+00
885 1.068833e-06
886 7.810362e-07
887 5.796919e-07
888 3.674822e-07
889 2.229698e-07
890 1.318382e-07
891 8.026213e-08
892 5.118725e-08
893 3.440275e-08
894 0.000000e+00
895 0.000000e+00
896 0.000000e+00
897 0.000000e+00
898 0.000000e+00
899 0.000000e+00
900 1.129439e-06
901 8.253442e-07
902 6.126261e-07
903 3.887123e-07
904 2.358020e-07
905 1.394142e-07
906 8.486152e-08
907 5.410480e-08
908 3.635564e-08
909 0.000000e+00
910 0.000000e+00
911 0.000000e+00
912 0.000000e+00
913 0.000000e+00
914 0.000000e+00
915 1.180268e-06
916 8.625041e-07
917 6.402459e-07
918 4.065191e-07
919 2.465652e-07
920 1.457672e-07
921 8.871918e-08
922 5.655163e-08
923 3.799350e-08
924 0.000000e+00
925 0.000000e+00
926 0.000000e+00
927 0.000000e+00
928 0.000000e+00
929 0.000000e+00
930 1.228460e-06
931 8.977376e-07
932 6.664337e-07
933 4.234011e-07
934 2.567693e-07
935 1.517905e-07
936 9.237652e-08
937 5.887147e-08
938 3.954628e-08
939 0.000000e+00
940 0.000000e+00
941 0.000000e+00
942 0.000000e+00
943 0.000000e+00
944 0.000000e+00
945 1.284683e-06
946 9.388454e-07
947 6.969857e-07
948 4.430983e-07
949 2.686743e-07
950 1.588185e-07
951 9.664394e-08
952 6.157795e-08
953 4.135810e-08
954 0.000000e+00
955 0.000000e+00
956 0.000000e+00
957 0.000000e+00
958 0.000000e+00
959 0.000000e+00
960 3.371044e-07
961 2.684675e-07
962 1.947458e-07
963 1.460460e-07
964 9.035226e-08
965 5.530914e-08
966 3.214808e-08
967 1.922291e-08
968 1.204697e-08
969 7.976134e-09
970 0.000000e+00
971 0.000000e+00
972 0.000000e+00
973 0.000000e+00
974 0.000000e+00
975 5.201596e-07
976 4.171018e-07
977 3.028518e-07
978 2.269047e-07
979 1.422062e-07
980 8.670742e-08
981 5.036216e-08
982 3.007378e-08
983 1.877883e-08
984 1.239680e-08
985 0.000000e+00
986 0.000000e+00
987 0.000000e+00
988 0.000000e+00
989 0.000000e+00
990 6.448120e-07
991 5.183992e-07
992 3.765466e-07
993 2.820115e-07
994 1.775998e-07
995 1.081223e-07
996 6.278598e-08
997 3.747520e-08
998 2.336911e-08
999 1.541004e-08
1000 0.000000e+00
1001 0.000000e+00
1002 0.000000e+00
1003 0.000000e+00
1004 0.000000e+00
1005 7.351680e-07
1006 5.918199e-07
1007 4.299581e-07
1008 3.219535e-07
1009 2.032525e-07
1010 1.236427e-07
1011 7.179088e-08
1012 4.283985e-08
1013 2.669602e-08
1014 1.759399e-08
1015 0.000000e+00
1016 0.000000e+00
1017 0.000000e+00
1018 0.000000e+00
1019 0.000000e+00
1020 8.139596e-07
1021 6.558390e-07
1022 4.765327e-07
1023 3.567807e-07
1024 2.256220e-07
1025 1.371778e-07
1026 7.964314e-08
1027 4.751755e-08
1028 2.959718e-08
1029 1.949827e-08
1030 0.000000e+00
1031 0.000000e+00
1032 0.000000e+00
1033 0.000000e+00
1034 0.000000e+00
1035 8.800254e-07
1036 7.095243e-07
1037 5.155916e-07
1038 3.859857e-07
1039 2.443794e-07
1040 1.485270e-07
1041 8.622743e-08
1042 5.144028e-08
1043 3.202995e-08
1044 2.109535e-08
1045 0.000000e+00
1046 0.000000e+00
1047 0.000000e+00
1048 0.000000e+00
1049 0.000000e+00
1050 9.426736e-07
1051 7.604327e-07
1052 5.526249e-07
1053 4.136780e-07
1054 2.621647e-07
1055 1.592896e-07
1056 9.247120e-08
1057 5.515972e-08
1058 3.433673e-08
1059 2.260959e-08
1060 0.000000e+00
1061 0.000000e+00
1062 0.000000e+00
1063 0.000000e+00
1064 0.000000e+00
1065 1.015768e-06
1066 8.198310e-07
1067 5.958365e-07
1068 4.459927e-07
1069 2.829175e-07
1070 1.718473e-07
1071 9.975607e-08
1072 5.949995e-08
1073 3.702828e-08
1074 2.437647e-08
1075 0.000000e+00
1076 0.000000e+00
1077 0.000000e+00
1078 0.000000e+00
1079 0.000000e+00
1080 1.975128e-07
1081 1.796093e-07
1082 1.383581e-07
1083 1.000560e-07
1084 7.497397e-08
1085 4.333042e-08
1086 2.655549e-08
1087 1.531208e-08
1088 9.055587e-09
1089 5.634209e-09
1090 0.000000e+00
1091 0.000000e+00
1092 0.000000e+00
1093 0.000000e+00
1094 0.000000e+00
1095 3.302889e-07
1096 3.017146e-07
1097 2.334019e-07
1098 1.686799e-07
1099 1.265850e-07
1100 7.358175e-08
1101 4.521654e-08
1102 2.600865e-08
1103 1.532517e-08
1104 9.512522e-09
1105 0.000000e+00
1106 0.000000e+00
1107 0.000000e+00
1108 0.000000e+00
1109 0.000000e+00
1110 4.273364e-07
1111 3.910064e-07
1112 3.029328e-07
1113 2.188814e-07
1114 1.643428e-07
1115 9.572983e-08
1116 5.887986e-08
1117 3.383935e-08
1118 1.991342e-08
1119 1.235005e-08
1120 0.000000e+00
1121 0.000000e+00
1122 0.000000e+00
1123 0.000000e+00
1124 0.000000e+00
1125 5.118675e-07
1126 4.687719e-07
1127 3.634880e-07
1128 2.626035e-07
1129 1.972257e-07
1130 1.150174e-07
1131 7.077884e-08
1132 4.065897e-08
1133 2.390921e-08
1134 1.482137e-08
1135 0.000000e+00
1136 0.000000e+00
1137 0.000000e+00
1138 0.000000e+00
1139 0.000000e+00
1140 5.827486e-07
1141 5.339873e-07
1142 4.142683e-07
1143 2.992682e-07
1144 2.248018e-07
1145 1.311919e-07
1146 8.075741e-08
1147 4.637790e-08
1148 2.726008e-08
1149 1.689370e-08
1150 0.000000e+00
1151 0.000000e+00
1152 0.000000e+00
1153 0.000000e+00
1154 0.000000e+00
1155 6.499630e-07
1156 5.958254e-07
1157 4.624212e-07
1158 3.340351e-07
1159 2.509506e-07
1160 1.465295e-07
1161 9.021925e-08
1162 5.180077e-08
1163 3.043750e-08
1164 1.885873e-08
1165 0.000000e+00
1166 0.000000e+00
1167 0.000000e+00
1168 0.000000e+00
1169 0.000000e+00
1170 7.283846e-07
1171 6.679733e-07
1172 5.186008e-07
1173 3.745984e-07
1174 2.814577e-07
1175 1.644239e-07
1176 1.012585e-07
1177 5.812754e-08
1178 3.414473e-08
1179 2.115149e-08
1180 0.000000e+00
1181 0.000000e+00
1182 0.000000e+00
1183 0.000000e+00
1184 0.000000e+00
1185 1.303236e-07
1186 1.286120e-07
1187 1.081222e-07
1188 7.897097e-08
1189 5.867417e-08
1190 3.985790e-08
1191 2.352932e-08
1192 1.340428e-08
1193 7.748332e-09
1194 4.579261e-09
1195 2.868913e-09
1196 0.000000e+00
1197 0.000000e+00
1198 0.000000e+00
1199 0.000000e+00
1200 2.276379e-07
1201 2.253231e-07
1202 1.901764e-07
1203 1.391601e-07
1204 1.032140e-07
1205 7.063756e-08
1206 4.148078e-08
1207 2.366641e-08
1208 1.369973e-08
1209 8.081181e-09
1210 5.051818e-09
1211 0.000000e+00
1212 0.000000e+00
1213 0.000000e+00
1214 0.000000e+00
1215 3.123230e-07
1216 3.095003e-07
1217 2.616146e-07
1218 1.915692e-07
1219 1.419925e-07
1220 9.744465e-08
1221 5.711206e-08
1222 3.260329e-08
1223 1.888241e-08
1224 1.113063e-08
1225 6.952514e-09
1226 0.000000e+00
1227 0.000000e+00
1228 0.000000e+00
1229 0.000000e+00
1230 3.831935e-07
1231 3.799432e-07
1232 3.213903e-07
1233 2.354215e-07
1234 1.744400e-07
1235 1.198757e-07
1236 7.019122e-08
1237 4.008120e-08
1238 2.321897e-08
1239 1.368230e-08
1240 8.542871e-09
1241 0.000000e+00
1242 0.000000e+00
1243 0.000000e+00
1244 0.000000e+00
1245 4.503977e-07
1246 4.467362e-07
1247 3.780737e-07
1248 2.770046e-07
1249 2.052095e-07
1250 1.411454e-07
1251 8.259382e-08
1252 4.717229e-08
1253 2.733118e-08
1254 1.610194e-08
1255 1.005098e-08
1256 0.000000e+00
1257 0.000000e+00
1258 0.000000e+00
1259 0.000000e+00
1260 5.288015e-07
1261 5.246659e-07
1262 4.442070e-07
1263 3.255223e-07
1264 2.411084e-07
1265 1.659601e-07
1266 9.706421e-08
1267 5.544503e-08
1268 3.212871e-08
1269 1.892488e-08
1270 1.181051e-08
1271 0.000000e+00
1272 0.000000e+00
1273 0.000000e+00
1274 0.000000e+00
1275 8.971537e-08
1276 9.337481e-08
1277 8.444546e-08
1278 6.456709e-08
1279 4.667794e-08
1280 3.495371e-08
1281 1.973760e-08
1282 1.191189e-08
1283 6.733766e-09
1284 3.891373e-09
1285 2.330586e-09
1286 0.000000e+00
1287 0.000000e+00
1288 0.000000e+00
1289 0.000000e+00
1290 1.733571e-07
1291 1.808839e-07
1292 1.642006e-07
1293 1.259638e-07
1294 9.099429e-08
1295 6.826672e-08
1296 3.868382e-08
1297 2.343874e-08
1298 1.321388e-08
1299 7.613630e-09
1300 4.549058e-09
1301 0.000000e+00
1302 0.000000e+00
1303 0.000000e+00
1304 0.000000e+00
1305 2.424634e-07
1306 2.531893e-07
1307 2.301013e-07
1308 1.766982e-07
1309 1.276148e-07
1310 9.579444e-08
1311 5.434249e-08
1312 3.296555e-08
1313 1.856967e-08
1314 1.068970e-08
1315 6.382326e-09
1316 0.000000e+00
1317 0.000000e+00
1318 0.000000e+00
1319 0.000000e+00
1320 3.078577e-07
1321 3.216065e-07
1322 2.924568e-07
1323 2.247029e-07
1324 1.622652e-07
1325 1.218404e-07
1326 6.915697e-08
1327 4.197839e-08
1328 2.363663e-08
1329 1.359998e-08
1330 8.116900e-09
1331 0.000000e+00
1332 0.000000e+00
1333 0.000000e+00
1334 0.000000e+00
1335 3.841561e-07
1336 4.014323e-07
1337 3.652105e-07
1338 2.807097e-07
1339 2.026908e-07
1340 1.522281e-07
1341 8.644124e-08
1342 5.249408e-08
1343 2.954836e-08
1344 1.699550e-08
1345 1.014064e-08
1346 0.000000e+00
1347 0.000000e+00
1348 0.000000e+00
1349 0.000000e+00
1350 7.050698e-08
1351 7.629554e-08
1352 7.312977e-08
1353 5.923117e-08
1354 4.272610e-08
1355 3.221559e-08
1356 2.009941e-08
1357 1.233025e-08
1358 6.845107e-09
1359 3.768719e-09
1360 2.179112e-09
1361 1.325745e-09
1362 0.000000e+00
1363 0.000000e+00
1364 0.000000e+00
1365 1.383956e-07
1366 1.500475e-07
1367 1.442482e-07
1368 1.172432e-07
1369 8.463886e-08
1370 6.374471e-08
1371 4.009104e-08
1372 2.450818e-08
1373 1.360903e-08
1374 7.497524e-09
1375 4.323349e-09
1376 2.623448e-09
1377 0.000000e+00
1378 0.000000e+00
1379 0.000000e+00
1380 2.010031e-07
1381 2.180563e-07
1382 2.098198e-07
1383 1.707216e-07
1384 1.232755e-07
1385 9.281020e-08
1386 5.851418e-08
1387 3.573215e-08
1388 1.984300e-08
1389 1.093430e-08
1390 6.299815e-09
1391 3.819753e-09
1392 0.000000e+00
1393 0.000000e+00
1394 0.000000e+00
1395 2.739546e-07
1396 2.973002e-07
1397 2.862206e-07
1398 2.330303e-07
1399 1.682909e-07
1400 1.266749e-07
1401 7.997821e-08
1402 4.880901e-08
1403 2.710609e-08
1404 1.493828e-08
1405 8.602574e-09
1406 5.213599e-09
1407 0.000000e+00
1408 0.000000e+00
1409 0.000000e+00
1410 5.712473e-08
1411 6.373586e-08
1412 6.400010e-08
1413 5.493907e-08
1414 4.047993e-08
1415 2.982305e-08
1416 2.098865e-08
1417 1.198344e-08
1418 6.743073e-09
1419 3.815905e-09
1420 2.122751e-09
1421 1.238556e-09
1422 0.000000e+00
1423 0.000000e+00
1424 0.000000e+00
1425 1.179006e-07
1426 1.317703e-07
1427 1.326608e-07
1428 1.142888e-07
1429 8.438589e-08
1430 6.207468e-08
1431 4.393980e-08
1432 2.498731e-08
1433 1.409790e-08
1434 7.976170e-09
1435 4.434270e-09
1436 2.580981e-09
1437 0.000000e+00
1438 0.000000e+00
1439 0.000000e+00
1440 1.864659e-07
1441 2.085133e-07
1442 2.100928e-07
1443 1.811975e-07
1444 1.338744e-07
1445 9.843172e-08
1446 6.979941e-08
1447 3.964442e-08
1448 2.238585e-08
1449 1.266432e-08
1450 7.039246e-09
1451 4.094128e-09
1452 0.000000e+00
1453 0.000000e+00
1454 0.000000e+00
1455 5.004505e-08
1456 5.733704e-08
1457 5.991129e-08
1458 5.440748e-08
1459 4.170447e-08
1460 3.012421e-08
1461 2.262118e-08
1462 1.267450e-08
1463 7.576529e-09
1464 4.152369e-09
1465 2.290204e-09
1466 1.279224e-09
1467 0.000000e+00
1468 0.000000e+00
1469 0.000000e+00
1470 1.144178e-07
1471 1.312910e-07
1472 1.374998e-07
1473 1.252944e-07
1474 9.633670e-08
1475 6.954041e-08
1476 5.230426e-08
1477 2.941251e-08
1478 1.765420e-08
1479 9.654092e-09
1480 5.309426e-09
1481 2.958518e-09
1482 0.000000e+00
1483 0.000000e+00
1484 0.000000e+00
1485 5.311806e-08
1486 6.241047e-08
1487 6.766062e-08
1488 6.494221e-08
1489 5.264267e-08
1490 3.798228e-08
1491 2.865630e-08
1492 1.780676e-08
1493 1.083989e-08
1494 5.882132e-09
1495 3.097746e-09
1496 1.671682e-09
1497 9.311671e-10
1498 0.000000e+00
1499 0.000000e+00
1500 1.109684e-04
1501 8.086786e-05
1502 6.035546e-05
1503 3.805236e-05
1504 2.321989e-05
1505 1.369104e-05
1506 8.324421e-06
1507 5.304277e-06
1508 3.565556e-06
1509 0.000000e+00
1510 0.000000e+00
1511 0.000000e+00
1512 0.000000e+00
1513 0.000000e+00
1514 0.000000e+00
1515 5.757601e-05
1516 4.644359e-05
1517 3.369791e-05
1518 2.528332e-05
1519 1.597668e-05
1520 9.754545e-06
1521 5.648866e-06
1522 3.364481e-06
1523 2.093966e-06
1524 1.379138e-06
1525 0.000000e+00
1526 0.000000e+00
1527 0.000000e+00
1528 0.000000e+00
1529 0.000000e+00
1530 4.047788e-05
1531 3.713775e-05
1532 2.882267e-05
1533 2.080348e-05
1534 1.566222e-05
1535 9.111532e-06
1536 5.625604e-06
1537 3.225263e-06
1538 1.896511e-06
1539 1.174730e-06
1540 0.000000e+00
1541 0.000000e+00
1542 0.000000e+00
1543 0.000000e+00
1544 0.000000e+00
1545 2.912801e-05
1546 2.891312e-05
1547 2.448503e-05
1548 1.793535e-05
1549 1.328396e-05
1550 9.154542e-06
1551 5.351144e-06
1552 3.053081e-06
1553 1.771954e-06
1554 1.042590e-06
1555 6.506122e-07
1556 0.000000e+00
1557 0.000000e+00
1558 0.000000e+00
1559 0.000000e+00
1560 2.085098e-05
1561 2.179680e-05
1562 1.983793e-05
1563 1.524768e-05
1564 1.100576e-05
1565 8.274949e-06
1566 4.689296e-06
1567 2.850415e-06
1568 1.602925e-06
1569 9.233707e-07
1570 5.506294e-07
1571 0.000000e+00
1572 0.000000e+00
1573 0.000000e+00
1574 0.000000e+00
1575 1.487210e-05
1576 1.614453e-05
1577 1.554949e-05
1578 1.266314e-05
1579 9.143013e-06
1580 6.883420e-06
1581 4.347301e-06
1582 2.655947e-06
1583 1.474901e-06
1584 8.112783e-07
1585 4.673052e-07
1586 2.832009e-07
1587 0.000000e+00
1588 0.000000e+00
1589 0.000000e+00
1590 1.001028e-05
1591 1.119728e-05
1592 1.128693e-05
1593 9.739022e-06
1594 7.195644e-06
1595 5.289411e-06
1596 3.755371e-06
1597 2.130464e-06
1598 1.202339e-06
1599 6.811759e-07
1600 3.783133e-07
1601 2.200058e-07
1602 0.000000e+00
1603 0.000000e+00
1604 0.000000e+00
1605 6.201116e-06
1606 7.118100e-06
1607 7.458527e-06
1608 6.801106e-06
1609 5.231433e-06
1610 3.775220e-06
1611 2.841823e-06
1612 1.597077e-06
1613 9.596537e-07
1614 5.242846e-07
1615 2.885232e-07
1616 1.606418e-07
1617 0.000000e+00
1618 0.000000e+00
1619 0.000000e+00
1620 3.163407e-06
1621 3.720115e-06
1622 4.038202e-06
1623 3.883392e-06
1624 3.154630e-06
1625 2.276770e-06
1626 1.716871e-06
1627 1.071974e-06
1628 6.518364e-07
1629 3.538249e-07
1630 1.861971e-07
1631 1.003484e-07
1632 5.578990e-08
1633 0.000000e+00
1634 0.000000e+00
1635 8.891198e-07
1636 1.072208e-06
1637 1.206146e-06
1638 1.224576e-06
1639 1.066696e-06
1640 7.933436e-07
1641 5.815894e-07
1642 4.169104e-07
1643 2.343421e-07
1644 1.314261e-07
1645 7.164692e-08
1646 3.730540e-08
1647 1.958823e-08
1648 0.000000e+00
1649 0.000000e+00
