0 2.288329e-09
1 1.489537e-09
2 9.376653e-10
3 5.902452e-10
4 3.789943e-10
5 2.491063e-10
6 1.655877e-10
7 1.088083e-10
8 6.904607e-11
9 4.156069e-11
10 2.348987e-11
11 1.244421e-11
12 6.219038e-12
13 2.964607e-12
14 1.364835e-12
15 3.858377e-09
16 2.570139e-09
17 1.636381e-09
18 1.020219e-09
19 6.445764e-10
20 4.169235e-10
21 2.755598e-10
22 1.826976e-10
23 1.185469e-10
24 7.365228e-11
25 4.314067e-11
26 2.366915e-11
27 1.218962e-11
28 5.946005e-12
29 2.780872e-12
30 4.439058e-09
31 2.978236e-09
32 1.907711e-09
33 1.188785e-09
34 7.478711e-10
35 4.810509e-10
36 3.167753e-10
37 2.101357e-10
38 1.369964e-10
39 8.580849e-11
40 5.079109e-11
41 2.818161e-11
42 1.466309e-11
43 7.213070e-12
44 3.393845e-12
45 4.762030e-09
46 3.205464e-09
47 2.058988e-09
48 1.282958e-09
49 8.055521e-10
50 5.168398e-10
51 3.398011e-10
52 2.253795e-10
53 1.472575e-10
54 9.257095e-11
55 5.504528e-11
56 3.068956e-11
57 1.604325e-11
58 7.921550e-12
59 3.737468e-12
60 4.977604e-09
61 3.357358e-09
62 2.159958e-09
63 1.345803e-09
64 8.440568e-10
65 5.408028e-10
66 3.551921e-10
67 2.356093e-10
68 1.541035e-10
69 9.709628e-11
70 5.790468e-11
71 3.238048e-11
72 1.696860e-11
73 8.395740e-12
74 3.968159e-12
75 5.139945e-09
76 3.471353e-09
77 2.235989e-09
78 1.393037e-09
79 8.730373e-10
80 5.588202e-10
81 3.667462e-10
82 2.432803e-10
83 1.592974e-10
84 1.005185e-10
85 6.004120e-11
86 3.364012e-11
87 1.766379e-11
88 8.752748e-12
89 4.140742e-12
90 5.271365e-09
91 3.564002e-09
92 2.297548e-09
93 1.431613e-09
94 8.966292e-10
95 5.734036e-10
96 3.761503e-10
97 2.495256e-10
98 1.635019e-10
99 1.032825e-10
100 6.179134e-11
101 3.467176e-11
102 1.822944e-11
103 9.042997e-12
104 4.281511e-12
105 5.387172e-09
106 3.645048e-09
107 2.351969e-09
108 1.465414e-09
109 9.172619e-10
110 5.862366e-10
111 3.843684e-10
112 2.549923e-10
113 1.671074e-10
114 1.056656e-10
115 6.328693e-11
116 3.556821e-11
117 1.872559e-11
118 9.297605e-12
119 4.401716e-12
120 5.496800e-09
121 3.722571e-09
122 2.403523e-09
123 1.497377e-09
124 9.368637e-10
125 5.983699e-10
126 3.921333e-10
127 2.601784e-10
128 1.706471e-10
129 1.079978e-10
130 6.476640e-11
131 3.642658e-11
132 1.919405e-11
133 9.538230e-12
134 4.521733e-12
135 5.622016e-09
136 3.810263e-09
137 2.462547e-09
138 1.534183e-09
139 9.593653e-10
140 6.123962e-10
141 4.011573e-10
142 2.660916e-10
143 1.746645e-10
144 1.106656e-10
145 6.643703e-11
146 3.741315e-11
147 1.973663e-11
148 9.814782e-12
149 4.655759e-12
150 7.936495e-09
151 5.467421e-09
152 3.593501e-09
153 2.246909e-09
154 1.393092e-09
155 8.780408e-10
156 5.690650e-10
157 3.764030e-10
158 2.488201e-10
159 1.602220e-10
160 9.832853e-11
161 5.672517e-11
162 3.061143e-11
163 1.551318e-11
164 7.460982e-12
165 1.003836e-08
166 7.004587e-09
167 4.670382e-09
168 2.951394e-09
169 1.821144e-09
170 1.138431e-09
171 7.297639e-10
172 4.795005e-10
173 3.173808e-10
174 2.062421e-10
175 1.285470e-10
176 7.560029e-11
177 4.162448e-11
178 2.148179e-11
179 1.048043e-11
180 1.128437e-08
181 7.922238e-09
182 5.314837e-09
183 3.377565e-09
184 2.081498e-09
185 1.296852e-09
186 8.269073e-10
187 5.414550e-10
188 3.583478e-10
189 2.337255e-10
190 1.466396e-10
191 8.695938e-11
192 4.831092e-11
193 2.514210e-11
194 1.235093e-11
195 1.212260e-08
196 8.541137e-09
197 5.750065e-09
198 3.665483e-09
199 2.257856e-09
200 1.403911e-09
201 8.925006e-10
202 5.833620e-10
203 3.860171e-10
204 2.522684e-10
205 1.588460e-10
206 9.463920e-11
207 5.283819e-11
208 2.762343e-11
209 1.362021e-11
210 1.275279e-08
211 9.006296e-09
212 6.077737e-09
213 3.881536e-09
214 2.390392e-09
215 1.484488e-09
216 9.419451e-10
217 6.147832e-10
218 4.067686e-10
219 2.661770e-10
220 1.679949e-10
221 1.004035e-10
222 5.623534e-11
223 2.948248e-11
224 1.457292e-11
225 1.326512e-08
226 9.383528e-09
227 6.342423e-09
228 4.057504e-09
229 2.497738e-09
230 1.549751e-09
231 9.818975e-10
232 6.403151e-10
233 4.236345e-10
234 2.774670e-10
235 1.754335e-10
236 1.050624e-10
237 5.897875e-11
238 3.099032e-11
239 1.534395e-11
240 1.370936e-08
241 9.711516e-09
242 6.573657e-09
243 4.210558e-09
244 2.591766e-09
245 1.606832e-09
246 1.016768e-09
247 6.624594e-10
248 4.383518e-10
249 2.873244e-10
250 1.819220e-10
251 1.091402e-10
252 6.138678e-11
253 3.230991e-11
254 1.601419e-11
255 1.413343e-08
256 1.002428e-08
257 6.794055e-09
258 4.356593e-09
259 2.680755e-09
260 1.660870e-09
261 1.049971e-09
262 6.835921e-10
263 4.523342e-10
264 2.966915e-10
265 1.880894e-10
266 1.130243e-10
267 6.367265e-11
268 3.355908e-11
269 1.665730e-11
270 1.462591e-08
271 1.038750e-08
272 7.049296e-09
273 4.525174e-09
274 2.783817e-09
275 1.723968e-09
276 1.088800e-09
277 7.082957e-10
278 4.685434e-10
279 3.075617e-10
280 1.952611e-10
281 1.175344e-10
282 6.632300e-11
283 3.501410e-11
284 1.740156e-11
285 1.367512e-08
286 9.734409e-09
287 6.613501e-09
288 4.269307e-09
289 2.632672e-09
290 1.630139e-09
291 1.027567e-09
292 6.663405e-10
293 4.394466e-10
294 2.879901e-10
295 1.828801e-10
296 1.103474e-10
297 6.253426e-11
298 3.318340e-11
299 1.657191e-11
300 1.610262e-08
301 1.159569e-08
302 7.950877e-09
303 5.191528e-09
304 3.214361e-09
305 1.980530e-09
306 1.238711e-09
307 7.969445e-10
308 5.235688e-10
309 3.438723e-10
310 2.200814e-10
311 1.343974e-10
312 7.726457e-11
313 4.160654e-11
314 2.105158e-11
315 1.778153e-08
316 1.289315e-08
317 8.886373e-09
318 5.839433e-09
319 3.626692e-09
320 2.228261e-09
321 1.388308e-09
322 8.891352e-10
323 5.826618e-10
324 3.829780e-10
325 2.460904e-10
326 1.512449e-10
327 8.762528e-11
328 4.756269e-11
329 2.423844e-11
330 1.905070e-08
331 1.387419e-08
332 9.591838e-09
333 6.326760e-09
334 3.938042e-09
335 2.415679e-09
336 1.501304e-09
337 9.587859e-10
338 6.274015e-10
339 4.125239e-10
340 2.657181e-10
341 1.639578e-10
342 9.544799e-11
343 5.206427e-11
344 2.664925e-11
345 2.007918e-08
346 1.466930e-08
347 1.016663e-08
348 6.724981e-09
349 4.190785e-09
350 2.567798e-09
351 1.592933e-09
352 1.015271e-09
353 6.635141e-10
354 4.364345e-10
355 2.816453e-10
356 1.742743e-10
357 1.017922e-10
358 5.571596e-11
359 2.860517e-11
360 2.097707e-08
361 1.536387e-08
362 1.066795e-08
363 7.070507e-09
364 4.411013e-09
365 2.700612e-09
366 1.672876e-09
367 1.064527e-09
368 6.950815e-10
369 4.573389e-10
370 2.955316e-10
371 1.832690e-10
372 1.073259e-10
373 5.889758e-11
374 3.030886e-11
375 2.182610e-08
376 1.602017e-08
377 1.114081e-08
378 7.398442e-09
379 4.619329e-09
380 2.826151e-09
381 1.748622e-09
382 1.111150e-09
383 7.249786e-10
384 4.771213e-10
385 3.086981e-10
386 1.917937e-10
387 1.125683e-10
388 6.191282e-11
389 3.192322e-11
390 2.281861e-08
391 1.678830e-08
392 1.169427e-08
393 7.781418e-09
394 4.863536e-09
395 2.973628e-09
396 1.837501e-09
397 1.165932e-09
398 7.599635e-10
399 5.003072e-10
400 3.241133e-10
401 2.017815e-10
402 1.187136e-10
403 6.544283e-11
404 3.381440e-11
405 1.970771e-08
406 1.444938e-08
407 1.003104e-08
408 6.651448e-09
409 4.165132e-09
410 2.551010e-09
411 1.581836e-09
412 1.005433e-09
413 6.552100e-10
414 4.302410e-10
415 2.775783e-10
416 1.720151e-10
417 1.007861e-10
418 5.540249e-11
419 2.858014e-11
420 2.237591e-08
421 1.659948e-08
422 1.161539e-08
423 7.766909e-09
424 4.905834e-09
425 2.997115e-09
426 1.850316e-09
427 1.167258e-09
428 7.562987e-10
429 4.959317e-10
430 3.211303e-10
431 2.005773e-10
432 1.187888e-10
433 6.608983e-11
434 3.449666e-11
435 2.441582e-08
436 1.825494e-08
437 1.283667e-08
438 8.630418e-09
439 5.480419e-09
440 3.344589e-09
441 2.059734e-09
442 1.293084e-09
443 8.348515e-10
444 5.467871e-10
445 3.547912e-10
446 2.226502e-10
447 1.327231e-10
448 7.438793e-11
449 3.910869e-11
450 2.608416e-08
451 1.960133e-08
452 1.383422e-08
453 9.334321e-09
454 5.948395e-09
455 3.628563e-09
456 2.230083e-09
457 1.395752e-09
458 8.985861e-10
459 5.881650e-10
460 3.821716e-10
461 2.406035e-10
462 1.440581e-10
463 8.113858e-11
464 4.286268e-11
465 2.753393e-08
466 2.077805e-08
467 1.470435e-08
468 9.946462e-09
469 6.356872e-09
470 3.876298e-09
471 2.378618e-09
472 1.485166e-09
473 9.544209e-10
474 6.242964e-10
475 4.060703e-10
476 2.562740e-10
477 1.539529e-10
478 8.703378e-11
479 4.614111e-11
480 2.890557e-08
481 2.188625e-08
482 1.552675e-08
483 1.052609e-08
484 6.743725e-09
485 4.110271e-09
486 2.519510e-09
487 1.569698e-09
488 1.007116e-09
489 6.584419e-10
490 4.286908e-10
491 2.711040e-10
492 1.633136e-10
493 9.260371e-11
494 4.923743e-11
495 3.051172e-08
496 2.318658e-08
497 1.648795e-08
498 1.120519e-08
499 7.195600e-09
500 4.384091e-09
501 2.684089e-09
502 1.668814e-09
503 1.068814e-09
504 6.984072e-10
505 4.551236e-10
506 2.884181e-10
507 1.742569e-10
508 9.912684e-11
509 5.286514e-11
510 2.603481e-08
511 1.964033e-08
512 1.389983e-08
513 9.391062e-09
514 6.010664e-09
515 3.672432e-09
516 2.255740e-09
517 1.408557e-09
518 9.045227e-10
519 5.907809e-10
520 3.835878e-10
521 2.416979e-10
522 1.450528e-10
523 8.199298e-11
524 4.350311e-11
525 2.896117e-08
526 2.210363e-08
527 1.576997e-08
528 1.072687e-08
529 6.925665e-09
530 4.239339e-09
531 2.595068e-09
532 1.609874e-09
533 1.027563e-09
534 6.688356e-10
535 4.346911e-10
536 2.752987e-10
537 1.665832e-10
538 9.512233e-11
539 5.101131e-11
540 3.136639e-08
541 2.413379e-08
542 1.731543e-08
543 1.183406e-08
544 7.683911e-09
545 4.712187e-09
546 2.876921e-09
547 1.777486e-09
548 1.129470e-09
549 7.334844e-10
550 4.769409e-10
551 3.030578e-10
552 1.843778e-10
553 1.059893e-10
554 5.724069e-11
555 3.346455e-08
556 2.590636e-08
557 1.866745e-08
558 1.279972e-08
559 8.346621e-09
560 5.124454e-09
561 3.123513e-09
562 1.924101e-09
563 1.218775e-09
564 7.899763e-10
565 5.138441e-10
566 3.273010e-10
567 1.999194e-10
568 1.154815e-10
569 6.268326e-11
570 3.545458e-08
571 2.758810e-08
572 1.995011e-08
573 1.371716e-08
574 8.976451e-09
575 5.516620e-09
576 3.357794e-09
577 2.063197e-09
578 1.303521e-09
579 8.436259e-10
580 5.489039e-10
581 3.503300e-10
582 2.146810e-10
583 1.244985e-10
584 6.785391e-11
585 3.778665e-08
586 2.955366e-08
587 2.144861e-08
588 1.478855e-08
589 9.709746e-09
590 5.973711e-09
591 3.630892e-09
592 2.225327e-09
593 1.402264e-09
594 9.061288e-10
595 5.897432e-10
596 3.771637e-10
597 2.318844e-10
598 1.350055e-10
599 7.387853e-11
600 3.280081e-08
601 2.543201e-08
602 1.835711e-08
603 1.259332e-08
604 8.223220e-09
605 5.064512e-09
606 3.085563e-09
607 1.900128e-09
608 1.202044e-09
609 7.778150e-10
610 5.052299e-10
611 3.215922e-10
612 1.964761e-10
613 1.136282e-10
614 6.180536e-11
615 3.605312e-08
616 2.827717e-08
617 2.058908e-08
618 1.421298e-08
619 9.352026e-09
620 5.791461e-09
621 3.516957e-09
622 2.156123e-09
623 1.355093e-09
624 8.727171e-10
625 5.662801e-10
626 3.615313e-10
627 2.222773e-10
628 1.296621e-10
629 7.121901e-11
630 3.891396e-08
631 3.078629e-08
632 2.256461e-08
633 1.564546e-08
634 1.035239e-08
635 6.436961e-09
636 3.900768e-09
637 2.383850e-09
638 1.491262e-09
639 9.568616e-10
640 6.203133e-10
641 3.968426e-10
642 2.450863e-10
643 1.438469e-10
644 7.955931e-11
645 4.162655e-08
646 3.316615e-08
647 2.443839e-08
648 1.700735e-08
649 1.130222e-08
650 7.050184e-09
651 4.265081e-09
652 2.600368e-09
653 1.620449e-09
654 1.036758e-09
655 6.716189e-10
656 4.303661e-10
657 2.667378e-10
658 1.573123e-10
659 8.747654e-11
660 4.480395e-08
661 3.594695e-08
662 2.662830e-08
663 1.859678e-08
664 1.241031e-08
665 7.766019e-09
666 4.690768e-09
667 2.852751e-09
668 1.771215e-09
669 1.130018e-09
670 7.314786e-10
671 4.694843e-10
672 2.920064e-10
673 1.730269e-10
674 9.671766e-11
675 4.020956e-08
676 3.201731e-08
677 2.360163e-08
678 1.642593e-08
679 1.091038e-08
680 6.821532e-09
681 4.129691e-09
682 2.520212e-09
683 1.569883e-09
684 1.003467e-09
685 6.491425e-10
686 4.153422e-10
687 2.571345e-10
688 1.515662e-10
689 8.430686e-11
690 4.396418e-08
691 3.541482e-08
692 2.636640e-08
693 1.846674e-08
694 1.235035e-08
695 7.779974e-09
696 4.703540e-09
697 2.861256e-09
698 1.770411e-09
699 1.124813e-09
700 7.255650e-10
701 4.647961e-10
702 2.891285e-10
703 1.717054e-10
704 9.638096e-11
705 4.753501e-08
706 3.866234e-08
707 2.900633e-08
708 2.042451e-08
709 1.373123e-08
710 8.700480e-09
711 5.255640e-09
712 3.188933e-09
713 1.963085e-09
714 1.241280e-09
715 7.988489e-10
716 5.121449e-10
717 3.197422e-10
718 1.909785e-10
719 1.079493e-10
720 5.171668e-08
721 4.245853e-08
722 3.208605e-08
723 2.270767e-08
724 1.534140e-08
725 9.774689e-09
726 5.900205e-09
727 3.571820e-09
728 2.187861e-09
729 1.377273e-09
730 8.843067e-10
731 5.673669e-10
732 3.554493e-10
733 2.134566e-10
734 1.214422e-10
735 4.871047e-08
736 3.983987e-08
737 3.005699e-08
738 2.125005e-08
739 1.432915e-08
740 9.126842e-09
741 5.523060e-09
742 3.347045e-09
743 2.053003e-09
744 1.293151e-09
745 8.296869e-10
746 5.313368e-10
747 3.320685e-10
748 1.989241e-10
749 1.129449e-10
750 5.334220e-08
751 4.418210e-08
752 3.371509e-08
753 2.402209e-08
754 1.630467e-08
755 1.047594e-08
756 6.352042e-09
757 3.836905e-09
758 2.338037e-09
759 1.462303e-09
760 9.336919e-10
761 5.974479e-10
762 3.746041e-10
763 2.258836e-10
764 1.293920e-10
765 5.877372e-08
766 4.927911e-08
767 3.799776e-08
768 2.727517e-08
769 1.862602e-08
770 1.206286e-08
771 7.329411e-09
772 4.414542e-09
773 2.673688e-09
774 1.661419e-09
775 1.055934e-09
776 6.750868e-10
777 4.245296e-10
778 2.575199e-10
779 1.486985e-10
780 5.927214e-08
781 4.990009e-08
782 3.867725e-08
783 2.788041e-08
784 1.908512e-08
785 1.240645e-08
786 7.573985e-09
787 4.554603e-09
788 2.754408e-09
789 1.705547e-09
790 1.080051e-09
791 6.887718e-10
792 4.328238e-10
793 2.628483e-10
794 1.522016e-10
795 6.638492e-08
796 5.679522e-08
797 4.469871e-08
798 3.259987e-08
799 2.250150e-08
800 1.478338e-08
801 9.094444e-09
802 5.447533e-09
803 3.273791e-09
804 2.007441e-09
805 1.260562e-09
806 8.006764e-10
807 5.038156e-10
808 3.078230e-10
809 1.799748e-10
810 7.617161e-08
811 6.662112e-08
812 5.366298e-08
813 3.990956e-08
814 2.791163e-08
815 1.860098e-08
816 1.163735e-08
817 6.953832e-09
818 4.154561e-09
819 2.509666e-09
820 1.551913e-09
821 9.755492e-10
822 6.121359e-10
823 3.757975e-10
824 2.221749e-10
825 5.076813e-07
826 3.708249e-07
827 2.747757e-07
828 1.711161e-07
829 1.042284e-07
830 6.174521e-08
831 3.769988e-08
832 2.418276e-08
833 1.632300e-08
834 0.000000e+00
835 0.000000e+00
836 0.000000e+00
837 0.000000e+00
838 0.000000e+00
839 0.000000e+00
840 7.609869e-07
841 5.559692e-07
842 4.124074e-07
843 2.596415e-07
844 1.577860e-07
845 9.335921e-08
846 5.689855e-08
847 3.636763e-08
848 2.448299e-08
849 0.000000e+00
850 0.000000e+00
851 0.000000e+00
852 0.000000e+00
853 0.000000e+00
854 0.000000e+00
855 9.037427e-07
856 6.603380e-07
857 4.899821e-07
858 3.096496e-07
859 1.880118e-07
860 1.112025e-07
861 6.773261e-08
862 4.323947e-08
863 2.908293e-08
864 0.000000e+00
865 0.000000e+00
866 0.000000e+00
867 0.000000e+00
868 0.000000e+00
869 0.000000e+00
870 9.993278e-07
871 7.302182e-07
872 5.419243e-07
873 3.431341e-07
874 2.082519e-07
875 1.231503e-07
876 7.498702e-08
877 4.784112e-08
878 3.216291e-08
879 0.000000e+00
880 0.000000e+00
881 0.000000e+00
882 0.000000e+00
883 0.000000e+00
884 0.000000e+00
885 1.071193e-06
886 7.827614e-07
887 5.809742e-07
888 3.683088e-07
889 2.234694e-07
890 1.321335e-07
891 8.044121e-08
892 5.130076e-08
893 3.447879e-08
894 0.000000e+00
895 0.000000e+00
896 0.000000e+00
897 0.000000e+00
898 0.000000e+00
899 0.000000e+00
900 1.129439e-06
901 8.253442e-07
902 6.126261e-07
903 3.887123e-07
904 2.358020e-07
905 1.394142e-07
906 8.486152e-08
907 5.410480e-08
908 3.635564e-08
909 0.000000e+00
910 0.000000e+00
911 0.000000e+00
912 0.000000e+00
913 0.000000e+00
914 0.000000e+00
915 1.180268e-06
916 8.625041e-07
917 6.402459e-07
918 4.065191e-07
919 2.465652e-07
920 1.457672e-07
921 8.871918e-08
922 5.655163e-08
923 3.799350e-08
924 0.000000e+00
925 0.000000e+00
926 0.000000e+00
927 0.000000e+00
928 0.000000e+00
929 0.000000e+00
930 1.228460e-06
931 8.977376e-07
932 6.664337e-07
933 4.234011e-07
934 2.567693e-07
935 1.517905e-07
936 9.237652e-08
937 5.887147e-08
938 3.954628e-08
939 0.000000e+00
940 0.000000e+00
941 0.000000e+00
942 0.000000e+00
943 0.000000e+00
944 0.000000e+00
945 1.284683e-06
946 9.388454e-07
947 6.969857e-07
948 4.430983e-07
949 2.686743e-07
950 1.588185e-07
951 9.664394e-08
952 6.157795e-08
953 4.135810e-08
954 0.000000e+00
955 0.000000e+00
956 0.000000e+00
957 0.000000e+00
958 0.000000e+00
959 0.000000e+00
960 3.395687e-07
961 2.705488e-07
962 1.962697e-07
963 1.471770e-07
964 9.112944e-08
965 5.576691e-08
966 3.241368e-08
967 1.938075e-08
968 1.214306e-08
969 8.038245e-09
970 0.000000e+00
971 0.000000e+00
972 0.000000e+00
973 0.000000e+00
974 0.000000e+00
975 5.205815e-07
976 4.174480e-07
977 3.031039e-07
978 2.270930e-07
979 1.423296e-07
980 8.678127e-08
981 5.040509e-08
982 3.009934e-08
983 1.879461e-08
984 1.240711e-08
985 0.000000e+00
986 0.000000e+00
987 0.000000e+00
988 0.000000e+00
989 0.000000e+00
990 6.448121e-07
991 5.183993e-07
992 3.765467e-07
993 2.820116e-07
994 1.775998e-07
995 1.081224e-07
996 6.278599e-08
997 3.747521e-08
998 2.336911e-08
999 1.541004e-08
1000 0.000000e+00
1001 0.000000e+00
1002 0.000000e+00
1003 0.000000e+00
1004 0.000000e+00
1005 7.382357e-07
1006 5.943126e-07
1007 4.317715e-07
1008 3.233096e-07
1009 2.041234e-07
1010 1.241698e-07
1011 7.209649e-08
1012 4.302199e-08
1013 2.680897e-08
1014 1.766814e-08
1015 0.000000e+00
1016 0.000000e+00
1017 0.000000e+00
1018 0.000000e+00
1019 0.000000e+00
1020 8.139596e-07
1021 6.558390e-07
1022 4.765327e-07
1023 3.567807e-07
1024 2.256220e-07
1025 1.371778e-07
1026 7.964314e-08
1027 4.751755e-08
1028 2.959718e-08
1029 1.949827e-08
1030 0.000000e+00
1031 0.000000e+00
1032 0.000000e+00
1033 0.000000e+00
1034 0.000000e+00
1035 8.800254e-07
1036 7.095243e-07
1037 5.155916e-07
1038 3.859857e-07
1039 2.443794e-07
1040 1.485270e-07
1041 8.622743e-08
1042 5.144028e-08
1043 3.202995e-08
1044 2.109535e-08
1045 0.000000e+00
1046 0.000000e+00
1047 0.000000e+00
1048 0.000000e+00
1049 0.000000e+00
1050 9.426736e-07
1051 7.604327e-07
1052 5.526249e-07
1053 4.136780e-07
1054 2.621647e-07
1055 1.592896e-07
1056 9.247120e-08
1057 5.515972e-08
1058 3.433673e-08
1059 2.260959e-08
1060 0.000000e+00
1061 0.000000e+00
1062 0.000000e+00
1063 0.000000e+00
1064 0.000000e+00
1065 1.015768e-06
1066 8.198310e-07
1067 5.958365e-07
1068 4.459927e-07
1069 2.829175e-07
1070 1.718473e-07
1071 9.975607e-08
1072 5.949995e-08
1073 3.702828e-08
1074 2.437647e-08
1075 0.000000e+00
1076 0.000000e+00
1077 0.000000e+00
1078 0.000000e+00
1079 0.000000e+00
1080 2.010387e-07
1081 1.829133e-07
1082 1.409758e-07
1083 1.019425e-07
1084 7.639858e-08
1085 4.418854e-08
1086 2.708861e-08
1087 1.561529e-08
1088 9.230549e-09
1089 5.741462e-09
1090 0.000000e+00
1091 0.000000e+00
1092 0.000000e+00
1093 0.000000e+00
1094 0.000000e+00
1095 3.304240e-07
1096 3.018446e-07
1097 2.335059e-07
1098 1.687542e-07
1099 1.266414e-07
1100 7.361676e-08
1101 4.523828e-08
1102 2.602089e-08
1103 1.533218e-08
1104 9.516779e-09
1105 0.000000e+00
1106 0.000000e+00
1107 0.000000e+00
1108 0.000000e+00
1109 0.000000e+00
1110 4.306283e-07
1111 3.940345e-07
1112 3.052906e-07
1113 2.205838e-07
1114 1.656232e-07
1115 9.648075e-08
1116 5.934319e-08
1117 3.410490e-08
1118 2.006902e-08
1119 1.244631e-08
1120 0.000000e+00
1121 0.000000e+00
1122 0.000000e+00
1123 0.000000e+00
1124 0.000000e+00
1125 5.118675e-07
1126 4.687719e-07
1127 3.634880e-07
1128 2.626035e-07
1129 1.972257e-07
1130 1.150174e-07
1131 7.077884e-08
1132 4.065897e-08
1133 2.390921e-08
1134 1.482137e-08
1135 0.000000e+00
1136 0.000000e+00
1137 0.000000e+00
1138 0.000000e+00
1139 0.000000e+00
1140 5.827486e-07
1141 5.339873e-07
1142 4.142683e-07
1143 2.992682e-07
1144 2.248018e-07
1145 1.311919e-07
1146 8.075741e-08
1147 4.637790e-08
1148 2.726008e-08
1149 1.689370e-08
1150 0.000000e+00
1151 0.000000e+00
1152 0.000000e+00
1153 0.000000e+00
1154 0.000000e+00
1155 6.499630e-07
1156 5.958254e-07
1157 4.624212e-07
1158 3.340351e-07
1159 2.509506e-07
1160 1.465295e-07
1161 9.021925e-08
1162 5.180077e-08
1163 3.043750e-08
1164 1.885873e-08
1165 0.000000e+00
1166 0.000000e+00
1167 0.000000e+00
1168 0.000000e+00
1169 0.000000e+00
1170 7.283846e-07
1171 6.679733e-07
1172 5.186008e-07
1173 3.745984e-07
1174 2.814577e-07
1175 1.644239e-07
1176 1.012585e-07
1177 5.812754e-08
1178 3.414473e-08
1179 2.115149e-08
1180 0.000000e+00
1181 0.000000e+00
1182 0.000000e+00
1183 0.000000e+00
1184 0.000000e+00
1185 1.339599e-07
1186 1.322705e-07
1187 1.112761e-07
1188 8.130298e-08
1189 6.038753e-08
1190 4.107619e-08
1191 2.422575e-08
1192 1.380513e-08
1193 7.981793e-09
1194 4.715714e-09
1195 2.953246e-09
1196 0.000000e+00
1197 0.000000e+00
1198 0.000000e+00
1199 0.000000e+00
1200 2.311160e-07
1201 2.287841e-07
1202 1.931181e-07
1203 1.413198e-07
1204 1.048110e-07
1205 7.174454e-08
1206 4.212519e-08
1207 2.403507e-08
1208 1.391360e-08
1209 8.206945e-09
1210 5.130127e-09
1211 0.000000e+00
1212 0.000000e+00
1213 0.000000e+00
1214 0.000000e+00
1215 3.123233e-07
1216 3.095007e-07
1217 2.616149e-07
1218 1.915695e-07
1219 1.419927e-07
1220 9.744477e-08
1221 5.711213e-08
1222 3.260333e-08
1223 1.888243e-08
1224 1.113064e-08
1225 6.952522e-09
1226 0.000000e+00
1227 0.000000e+00
1228 0.000000e+00
1229 0.000000e+00
1230 3.831935e-07
1231 3.799432e-07
1232 3.213903e-07
1233 2.354215e-07
1234 1.744400e-07
1235 1.198757e-07
1236 7.019122e-08
1237 4.008120e-08
1238 2.321897e-08
1239 1.368230e-08
1240 8.542871e-09
1241 0.000000e+00
1242 0.000000e+00
1243 0.000000e+00
1244 0.000000e+00
1245 4.503977e-07
1246 4.467362e-07
1247 3.780737e-07
1248 2.770046e-07
1249 2.052095e-07
1250 1.411454e-07
1251 8.259382e-08
1252 4.717229e-08
1253 2.733118e-08
1254 1.610194e-08
1255 1.005098e-08
1256 0.000000e+00
1257 0.000000e+00
1258 0.000000e+00
1259 0.000000e+00
1260 5.288015e-07
1261 5.246659e-07
1262 4.442070e-07
1263 3.255223e-07
1264 2.411084e-07
1265 1.659601e-07
1266 9.706421e-08
1267 5.544503e-08
1268 3.212871e-08
1269 1.892488e-08
1270 1.181051e-08
1271 0.000000e+00
1272 0.000000e+00
1273 0.000000e+00
1274 0.000000e+00
1275 9.665064e-08
1276 1.006622e-07
1277 9.112857e-08
1278 6.974060e-08
1279 5.040783e-08
1280 3.776545e-08
1281 2.134693e-08
1282 1.289703e-08
1283 7.285326e-09
1284 4.206497e-09
1285 2.517705e-09
1286 0.000000e+00
1287 0.000000e+00
1288 0.000000e+00
1289 0.000000e+00
1290 1.735072e-07
1291 1.810440e-07
1292 1.643498e-07
1293 1.260812e-07
1294 9.107857e-08
1295 6.833067e-08
1296 3.872125e-08
1297 2.346201e-08
1298 1.322680e-08
1299 7.620882e-09
1300 4.553317e-09
1301 0.000000e+00
1302 0.000000e+00
1303 0.000000e+00
1304 0.000000e+00
1305 2.424635e-07
1306 2.531894e-07
1307 2.301014e-07
1308 1.766983e-07
1309 1.276149e-07
1310 9.579450e-08
1311 5.434252e-08
1312 3.296557e-08
1313 1.856968e-08
1314 1.068971e-08
1315 6.382329e-09
1316 0.000000e+00
1317 0.000000e+00
1318 0.000000e+00
1319 0.000000e+00
1320 3.078577e-07
1321 3.216065e-07
1322 2.924568e-07
1323 2.247029e-07
1324 1.622652e-07
1325 1.218404e-07
1326 6.915697e-08
1327 4.197839e-08
1328 2.363663e-08
1329 1.359998e-08
1330 8.116900e-09
1331 0.000000e+00
1332 0.000000e+00
1333 0.000000e+00
1334 0.000000e+00
1335 3.841561e-07
1336 4.014323e-07
1337 3.652105e-07
1338 2.807097e-07
1339 2.026908e-07
1340 1.522281e-07
1341 8.644124e-08
1342 5.249408e-08
1343 2.954836e-08
1344 1.699550e-08
1345 1.014064e-08
1346 0.000000e+00
1347 0.000000e+00
1348 0.000000e+00
1349 0.000000e+00
1350 7.397531e-08
1351 8.008761e-08
1352 7.682294e-08
1353 6.227816e-08
1354 4.493354e-08
1355 3.386968e-08
1356 2.117537e-08
1357 1.297796e-08
1358 7.205168e-09
1359 3.967866e-09
1360 2.292615e-09
1361 1.393859e-09
1362 0.000000e+00
1363 0.000000e+00
1364 0.000000e+00
1365 1.384797e-07
1366 1.501401e-07
1367 1.443392e-07
1368 1.173193e-07
1369 8.469387e-08
1370 6.378577e-08
1371 4.011855e-08
1372 2.452448e-08
1373 1.361806e-08
1374 7.502583e-09
1375 4.326199e-09
1376 2.625145e-09
1377 0.000000e+00
1378 0.000000e+00
1379 0.000000e+00
1380 2.010031e-07
1381 2.180563e-07
1382 2.098198e-07
1383 1.707216e-07
1384 1.232755e-07
1385 9.281020e-08
1386 5.851418e-08
1387 3.573215e-08
1388 1.984300e-08
1389 1.093430e-08
1390 6.299816e-09
1391 3.819753e-09
1392 0.000000e+00
1393 0.000000e+00
1394 0.000000e+00
1395 2.739546e-07
1396 2.973002e-07
1397 2.862206e-07
1398 2.330303e-07
1399 1.682909e-07
1400 1.266749e-07
1401 7.997821e-08
1402 4.880901e-08
1403 2.710609e-08
1404 1.493828e-08
1405 8.602574e-09
1406 5.213599e-09
1407 0.000000e+00
1408 0.000000e+00
1409 0.000000e+00
1410 5.998062e-08
1411 6.695187e-08
1412 6.727476e-08
1413 5.780423e-08
1414 4.261471e-08
1415 3.138327e-08
1416 2.211969e-08
1417 1.261637e-08
1418 7.104438e-09
1419 4.019912e-09
1420 2.235938e-09
1421 1.303754e-09
1422 0.000000e+00
1423 0.000000e+00
1424 0.000000e+00
1425 1.179244e-07
1426 1.317972e-07
1427 1.326886e-07
1428 1.143134e-07
1429 8.440429e-08
1430 6.208807e-08
1431 4.394965e-08
1432 2.499279e-08
1433 1.410106e-08
1434 7.977941e-09
1435 4.435249e-09
1436 2.581543e-09
1437 0.000000e+00
1438 0.000000e+00
1439 0.000000e+00
1440 1.864659e-07
1441 2.085133e-07
1442 2.100928e-07
1443 1.811975e-07
1444 1.338744e-07
1445 9.843172e-08
1446 6.979941e-08
1447 3.964442e-08
1448 2.238585e-08
1449 1.266432e-08
1450 7.039246e-09
1451 4.094128e-09
1452 0.000000e+00
1453 0.000000e+00
1454 0.000000e+00
1455 5.189555e-08
1456 5.947557e-08
1457 6.217488e-08
1458 5.650289e-08
1459 4.333869e-08
1460 3.130064e-08
1461 2.351192e-08
1462 1.318446e-08
1463 7.888031e-09
1464 4.321184e-09
1465 2.381746e-09
1466 1.329703e-09
1467 0.000000e+00
1468 0.000000e+00
1469 0.000000e+00
1470 1.144185e-07
1471 1.312918e-07
1472 1.375007e-07
1473 1.252952e-07
1474 9.633734e-08
1475 6.954087e-08
1476 5.230461e-08
1477 2.941271e-08
1478 1.765433e-08
1479 9.654160e-09
1480 5.309462e-09
1481 2.958538e-09
1482 0.000000e+00
1483 0.000000e+00
1484 0.000000e+00
1485 5.378103e-08
1486 6.319715e-08
1487 6.852625e-08
1488 6.579201e-08
1489 5.334989e-08
1490 3.849570e-08
1491 2.904023e-08
1492 1.806009e-08
1493 1.098995e-08
1494 5.963895e-09
1495 3.141358e-09
1496 1.694744e-09
1497 9.437079e-10
1498 0.000000e+00
1499 0.000000e+00
1500 1.109684e-04
1501 8.086786e-05
1502 6.035546e-05
1503 3.805236e-05
1504 2.321989e-05
1505 1.369104e-05
1506 8.324421e-06
1507 5.304277e-06
1508 3.565556e-06
1509 0.000000e+00
1510 0.000000e+00
1511 0.000000e+00
1512 0.000000e+00
1513 0.000000e+00
1514 0.000000e+00
1515 5.757601e-05
1516 4.644359e-05
1517 3.369791e-05
1518 2.528332e-05
1519 1.597668e-05
1520 9.754545e-06
1521 5.648866e-06
1522 3.364481e-06
1523 2.093966e-06
1524 1.379138e-06
1525 0.000000e+00
1526 0.000000e+00
1527 0.000000e+00
1528 0.000000e+00
1529 0.000000e+00
1530 4.047788e-05
1531 3.713775e-05
1532 2.882267e-05
1533 2.080348e-05
1534 1.566222e-05
1535 9.111532e-06
1536 5.625604e-06
1537 3.225263e-06
1538 1.896511e-06
1539 1.174730e-06
1540 0.000000e+00
1541 0.000000e+00
1542 0.000000e+00
1543 0.000000e+00
1544 0.000000e+00
1545 2.912801e-05
1546 2.891312e-05
1547 2.448503e-05
1548 1.793535e-05
1549 1.328396e-05
1550 9.154542e-06
1551 5.351144e-06
1552 3.053081e-06
1553 1.771954e-06
1554 1.042590e-06
1555 6.506122e-07
1556 0.000000e+00
1557 0.000000e+00
1558 0.000000e+00
1559 0.000000e+00
1560 2.085098e-05
1561 2.179680e-05
1562 1.983793e-05
1563 1.524768e-05
1564 1.100576e-05
1565 8.274949e-06
1566 4.689296e-06
1567 2.850415e-06
1568 1.602925e-06
1569 9.233707e-07
1570 5.506294e-07
1571 0.000000e+00
1572 0.000000e+00
1573 0.000000e+00
1574 0.000000e+00
1575 1.487210e-05
1576 1.614453e-05
1577 1.554949e-05
1578 1.266314e-05
1579 9.143013e-06
1580 6.883420e-06
1581 4.347301e-06
1582 2.655947e-06
1583 1.474901e-06
1584 8.112783e-07
1585 4.673052e-07
1586 2.832009e-07
1587 0.000000e+00
1588 0.000000e+00
1589 0.000000e+00
1590 1.001028e-05
1591 1.119728e-05
1592 1.128693e-05
1593 9.739022e-06
1594 7.195644e-06
1595 5.289411e-06
1596 3.755371e-06
1597 2.130464e-06
1598 1.202339e-06
1599 6.811759e-07
1600 3.783133e-07
1601 2.200058e-07
1602 0.000000e+00
1603 0.000000e+00
1604 0.000000e+00
1605 6.201116e-06
1606 7.118100e-06
1607 7.458527e-06
1608 6.801106e-06
1609 5.231433e-06
1610 3.775220e-06
1611 2.841823e-06
1612 1.597077e-06
1613 9.596537e-07
1614 5.242846e-07
1615 2.885232e-07
1616 1.606418e-07
1617 0.000000e+00
1618 0.000000e+00
1619 0.000000e+00
1620 3.163407e-06
1621 3.720115e-06
1622 4.038202e-06
1623 3.883392e-06
1624 3.154630e-06
1625 2.276770e-06
1626 1.716871e-06
1627 1.071974e-06
1628 6.518364e-07
1629 3.538249e-07
1630 1.861971e-07
1631 1.003484e-07
1632 5.578990e-08
1633 0.000000e+00
1634 0.000000e+00
1635 8.891198e-07
1636 1.072208e-06
1637 1.206146e-06
1638 1.224576e-06
1639 1.066696e-06
1640 7.933436e-07
1641 5.815894e-07
1642 4.169104e-07
1643 2.343421e-07
1644 1.314261e-07
1645 7.164692e-08
1646 3.730540e-08
1647 1.958823e-08
1648 0.000000e+00
1649 0.000000e+00
