0 2.252342e-09
1 1.464573e-09
2 9.212498e-10
3 5.801877e-10
4 3.728631e-10
5 2.452526e-10
6 1.630533e-10
7 1.071125e-10
8 6.790110e-11
9 4.081278e-11
10 2.303048e-11
11 1.217842e-11
12 6.075995e-12
13 2.892543e-12
14 1.330186e-12
15 3.805470e-09
16 2.532341e-09
17 1.610292e-09
18 1.003789e-09
19 6.346159e-10
20 4.108397e-10
21 2.717232e-10
22 1.801840e-10
23 1.168557e-10
24 7.252437e-11
25 4.240984e-11
26 2.322543e-11
27 1.193935e-11
28 5.814504e-12
29 2.716110e-12
30 4.365755e-09
31 2.925173e-09
32 1.870732e-09
33 1.165196e-09
34 7.335384e-10
35 4.723521e-10
36 3.113725e-10
37 2.066121e-10
38 1.346352e-10
39 8.422131e-11
40 4.975284e-11
41 2.753968e-11
42 1.429692e-11
43 7.017084e-12
44 3.296317e-12
45 4.675432e-09
46 3.142767e-09
47 2.015080e-09
48 1.254608e-09
49 7.883696e-10
50 5.064036e-10
51 3.333310e-10
52 2.211910e-10
53 1.444636e-10
54 9.069125e-11
55 5.381502e-11
56 2.992537e-11
57 1.560103e-11
58 7.684357e-12
59 3.618675e-12
60 4.883302e-09
61 3.288299e-09
62 2.111740e-09
63 1.314567e-09
64 8.251345e-10
65 5.292899e-10
66 3.480695e-10
67 2.310261e-10
68 1.510505e-10
69 9.503651e-11
70 5.655193e-11
71 3.153364e-11
72 1.648167e-11
73 8.132788e-12
74 3.835406e-12
75 5.039062e-09
76 3.397760e-09
77 2.184197e-09
78 1.359560e-09
79 8.526542e-10
80 5.464237e-10
81 3.591206e-10
82 2.383670e-10
83 1.560226e-10
84 9.831325e-11
85 5.859562e-11
86 3.273654e-11
87 1.713542e-11
88 8.468165e-12
89 3.997662e-12
90 5.165785e-09
91 3.486590e-09
92 2.243207e-09
93 1.396124e-09
94 8.751378e-10
95 5.603809e-10
96 3.681113e-10
97 2.443680e-10
98 1.600634e-10
99 1.009773e-10
100 6.026858e-11
101 3.372002e-11
102 1.767476e-11
103 8.743089e-12
104 4.130191e-12
105 5.250252e-09
106 3.546481e-09
107 2.283546e-09
108 1.421140e-09
109 8.902837e-10
110 5.697087e-10
111 3.740465e-10
112 2.483281e-10
113 1.627367e-10
114 1.027367e-10
115 6.140420e-11
116 3.441557e-11
117 1.804998e-11
118 8.936591e-12
119 4.224291e-12
120 5.381899e-09
121 3.638460e-09
122 2.344339e-09
123 1.458755e-09
124 9.134209e-10
125 5.841474e-10
126 3.833439e-10
127 2.545557e-10
128 1.669016e-10
129 1.054317e-10
130 6.310454e-11
131 3.538652e-11
132 1.858670e-11
133 9.209175e-12
134 4.355318e-12
135 5.502249e-09
136 3.722597e-09
137 2.400736e-09
138 1.493816e-09
139 9.348658e-10
140 5.974989e-10
141 3.920120e-10
142 2.602292e-10
143 1.707623e-10
144 1.080361e-10
145 6.470308e-11
146 3.632678e-11
147 1.910125e-11
148 9.472059e-12
149 4.481402e-12
150 7.904766e-09
151 5.443182e-09
152 3.575484e-09
153 2.234001e-09
154 1.385271e-09
155 8.733494e-10
156 5.662952e-10
157 3.747178e-10
158 2.477417e-10
159 1.594942e-10
160 9.783338e-11
161 5.639304e-11
162 3.040369e-11
163 1.539418e-11
164 7.397435e-12
165 9.993060e-09
166 6.968382e-09
167 4.643335e-09
168 2.931483e-09
169 1.808599e-09
170 1.130886e-09
171 7.253603e-10
172 4.768562e-10
173 3.157309e-10
174 2.051374e-10
175 1.277967e-10
176 7.509360e-11
177 4.130224e-11
178 2.129134e-11
179 1.037769e-11
180 1.121130e-08
181 7.863805e-09
182 5.272178e-09
183 3.346262e-09
184 2.061383e-09
185 1.284861e-09
186 8.197835e-10
187 5.371268e-10
188 3.556677e-10
189 2.319721e-10
190 1.454552e-10
191 8.616591e-11
192 4.780350e-11
193 2.484000e-11
194 1.218497e-11
195 1.203316e-08
196 8.468638e-09
197 5.697077e-09
198 3.626523e-09
199 2.232455e-09
200 1.388707e-09
201 8.835175e-10
202 5.780224e-10
203 3.827004e-10
204 2.500932e-10
205 1.573754e-10
206 9.365216e-11
207 5.220385e-11
208 2.724225e-11
209 1.340948e-11
210 1.265030e-08
211 8.922797e-09
212 6.015854e-09
213 3.836684e-09
214 2.360831e-09
215 1.466463e-09
216 9.315239e-10
217 6.085664e-10
218 4.029120e-10
219 2.636650e-10
220 1.662986e-10
221 9.926119e-11
222 5.549469e-11
223 2.903941e-11
224 1.432681e-11
225 1.315044e-08
226 9.290004e-09
227 6.273516e-09
228 4.007301e-09
229 2.464709e-09
230 1.529942e-09
231 9.702326e-10
232 6.333695e-10
233 4.193378e-10
234 2.746553e-10
235 1.735368e-10
236 1.037883e-10
237 5.815882e-11
238 3.049650e-11
239 1.507018e-11
240 1.351620e-08
241 9.561034e-09
242 6.466018e-09
243 4.134772e-09
244 2.542534e-09
245 1.577115e-09
246 9.990637e-10
247 6.515711e-10
248 4.314603e-10
249 2.828287e-10
250 1.789502e-10
251 1.072106e-10
252 6.018767e-11
253 3.161082e-11
254 1.563830e-11
255 1.400078e-08
256 9.915592e-09
257 6.713649e-09
258 4.297579e-09
259 2.641764e-09
260 1.637502e-09
261 1.036232e-09
262 6.754420e-10
263 4.472945e-10
264 2.934146e-10
265 1.858798e-10
266 1.115397e-10
267 6.271437e-11
268 3.298504e-11
269 1.633768e-11
270 1.448252e-08
271 1.026982e-08
272 6.962393e-09
273 4.461392e-09
274 2.741668e-09
275 1.698775e-09
276 1.073952e-09
277 6.994816e-10
278 4.630930e-10
279 3.040117e-10
280 1.928686e-10
281 1.159268e-10
282 6.528452e-11
283 3.438649e-11
284 1.705210e-11
285 1.364413e-08
286 9.707731e-09
287 6.593569e-09
288 4.254615e-09
289 2.622266e-09
290 1.624085e-09
291 1.023969e-09
292 6.641885e-10
293 4.381888e-10
294 2.871750e-10
295 1.823365e-10
296 1.099813e-10
297 6.229452e-11
298 3.303534e-11
299 1.648717e-11
300 1.605398e-08
301 1.155349e-08
302 7.918285e-09
303 5.168260e-09
304 3.197731e-09
305 1.970528e-09
306 1.232755e-09
307 7.934668e-10
308 5.214777e-10
309 3.425490e-10
310 2.192099e-10
311 1.338156e-10
312 7.688276e-11
313 4.136866e-11
314 2.091376e-11
315 1.771437e-08
316 1.283346e-08
317 8.839977e-09
318 5.805785e-09
319 3.602228e-09
320 2.213554e-09
321 1.379425e-09
322 8.839858e-10
323 5.796600e-10
324 3.810758e-10
325 2.448436e-10
326 1.504084e-10
327 8.707193e-11
328 4.721397e-11
329 2.403317e-11
330 1.896356e-08
331 1.379583e-08
332 9.530868e-09
333 6.282502e-09
334 3.905683e-09
335 2.396014e-09
336 1.489495e-09
337 9.520104e-10
338 6.233434e-10
339 4.100201e-10
340 2.640822e-10
341 1.628615e-10
342 9.471987e-11
343 5.160339e-11
344 2.637693e-11
345 1.997540e-08
346 1.457514e-08
347 1.009331e-08
348 6.671975e-09
349 4.151781e-09
350 2.544191e-09
351 1.578783e-09
352 1.007052e-09
353 6.586642e-10
354 4.334307e-10
355 2.796866e-10
356 1.729625e-10
357 1.009222e-10
358 5.516194e-11
359 2.827677e-11
360 2.075398e-08
361 1.517974e-08
362 1.053064e-08
363 6.974462e-09
364 4.344276e-09
365 2.660111e-09
366 1.648202e-09
367 1.049703e-09
368 6.860017e-10
369 4.515860e-10
370 2.917967e-10
371 1.808422e-10
372 1.057881e-10
373 5.796768e-11
374 2.978042e-11
375 2.169468e-08
376 1.590002e-08
377 1.104676e-08
378 7.329825e-09
379 4.569118e-09
380 2.795490e-09
381 1.730176e-09
382 1.100502e-09
383 7.187160e-10
384 4.732517e-10
385 3.061798e-10
386 1.901084e-10
387 1.114494e-10
388 6.120117e-11
389 3.150012e-11
390 2.267074e-08
391 1.665309e-08
392 1.158833e-08
393 7.704413e-09
394 4.806902e-09
395 2.939055e-09
396 1.816619e-09
397 1.153894e-09
398 7.528825e-10
399 4.959394e-10
400 3.212751e-10
401 1.998823e-10
402 1.174523e-10
403 6.463985e-11
404 3.333642e-11
405 1.966096e-08
406 1.440831e-08
407 9.999078e-09
408 6.628950e-09
409 4.148741e-09
410 2.540894e-09
411 1.575678e-09
412 1.001852e-09
413 6.530770e-10
414 4.289064e-10
415 2.767137e-10
416 1.714454e-10
417 1.004141e-10
418 5.516973e-11
419 2.844336e-11
420 2.232225e-08
421 1.655013e-08
422 1.157574e-08
423 7.738221e-09
424 4.884672e-09
425 2.983637e-09
426 1.842306e-09
427 1.162616e-09
428 7.535679e-10
429 4.942682e-10
430 3.200664e-10
431 1.998759e-10
432 1.183270e-10
433 6.579633e-11
434 3.432003e-11
435 2.433708e-08
436 1.818111e-08
437 1.277640e-08
438 8.586367e-09
439 5.448400e-09
440 3.323603e-09
441 2.047205e-09
442 1.285815e-09
443 8.306007e-10
444 5.442266e-10
445 3.531685e-10
446 2.215841e-10
447 1.320187e-10
448 7.393582e-11
449 3.883376e-11
450 2.598232e-08
451 1.950647e-08
452 1.375519e-08
453 9.275826e-09
454 5.905789e-09
455 3.600047e-09
456 2.213322e-09
457 1.386046e-09
458 8.929801e-10
459 5.847609e-10
460 3.800257e-10
461 2.391966e-10
462 1.431275e-10
463 8.053953e-11
464 4.249620e-11
465 2.727269e-08
466 2.055627e-08
467 1.453331e-08
468 9.825183e-09
469 6.272943e-09
470 3.821810e-09
471 2.346110e-09
472 1.465770e-09
473 9.426776e-10
474 6.170034e-10
475 4.014166e-10
476 2.532762e-10
477 1.520482e-10
478 8.586608e-11
479 4.546134e-11
480 2.876406e-08
481 2.175010e-08
482 1.541336e-08
483 1.044274e-08
484 6.683139e-09
485 4.069387e-09
486 2.495473e-09
487 1.555734e-09
488 9.990147e-10
489 6.536081e-10
490 4.256430e-10
491 2.691099e-10
492 1.619930e-10
493 9.175364e-11
494 4.871413e-11
495 3.034838e-08
496 2.302885e-08
497 1.635623e-08
498 1.110830e-08
499 7.124674e-09
500 4.336012e-09
501 2.655911e-09
502 1.652427e-09
503 1.059315e-09
504 6.927503e-10
505 4.515808e-10
506 2.861021e-10
507 1.727227e-10
508 9.813226e-11
509 5.225223e-11
510 2.600149e-08
511 1.960847e-08
512 1.387305e-08
513 9.371290e-09
514 5.996417e-09
515 3.662581e-09
516 2.250033e-09
517 1.405192e-09
518 9.025797e-10
519 5.896144e-10
520 3.828609e-10
521 2.412264e-10
522 1.447430e-10
523 8.179387e-11
524 4.338032e-11
525 2.891634e-08
526 2.205970e-08
527 1.573217e-08
528 1.069844e-08
529 6.905279e-09
530 4.224835e-09
531 2.586668e-09
532 1.604922e-09
533 1.024690e-09
534 6.671429e-10
535 4.336518e-10
536 2.746309e-10
537 1.661447e-10
538 9.483813e-11
539 5.083421e-11
540 3.129862e-08
541 2.406584e-08
542 1.725582e-08
543 1.178884e-08
544 7.651416e-09
545 4.688592e-09
546 2.863315e-09
547 1.769310e-09
548 1.124791e-09
549 7.307697e-10
550 4.752922e-10
551 3.020066e-10
552 1.836888e-10
553 1.055402e-10
554 5.695828e-11
555 3.320399e-08
556 2.568305e-08
557 1.849140e-08
558 1.267273e-08
559 8.259526e-09
560 5.065762e-09
561 3.088713e-09
562 1.902937e-09
563 1.206119e-09
564 7.822292e-10
565 5.089788e-10
566 3.242063e-10
567 1.979655e-10
568 1.142816e-10
569 6.197745e-11
570 3.534231e-08
571 2.747376e-08
572 1.984813e-08
573 1.363912e-08
574 8.920071e-09
575 5.475443e-09
576 3.333812e-09
577 2.048787e-09
578 1.295335e-09
579 8.389097e-10
580 5.460648e-10
581 3.485309e-10
582 2.135032e-10
583 1.237276e-10
584 6.736559e-11
585 3.764861e-08
586 2.941242e-08
587 2.132212e-08
588 1.469155e-08
589 9.639695e-09
590 5.922257e-09
591 3.600889e-09
592 2.207277e-09
593 1.392035e-09
594 9.002490e-10
595 5.862117e-10
596 3.749303e-10
597 2.304231e-10
598 1.340482e-10
599 7.327096e-11
600 3.276380e-08
601 2.539832e-08
602 1.832610e-08
603 1.257072e-08
604 8.207196e-09
605 5.053171e-09
606 3.078712e-09
607 1.895965e-09
608 1.199682e-09
609 7.764406e-10
610 5.043970e-10
611 3.210650e-10
612 1.961340e-10
613 1.134078e-10
614 6.166773e-11
615 3.600682e-08
616 2.823041e-08
617 2.054713e-08
618 1.418018e-08
619 9.328825e-09
620 5.774385e-09
621 3.506656e-09
622 2.149846e-09
623 1.351547e-09
624 8.706871e-10
625 5.650708e-10
626 3.607767e-10
627 2.217909e-10
628 1.293475e-10
629 7.102044e-11
630 3.864586e-08
631 3.055718e-08
632 2.238321e-08
633 1.551297e-08
634 1.026169e-08
635 6.376168e-09
636 3.863613e-09
637 2.361257e-09
638 1.477842e-09
639 9.486730e-10
640 6.152045e-10
641 3.936189e-10
642 2.430664e-10
643 1.426130e-10
644 7.883455e-11
645 4.153162e-08
646 3.306685e-08
647 2.434513e-08
648 1.693168e-08
649 1.124892e-08
650 7.010856e-09
651 4.240553e-09
652 2.585511e-09
653 1.612112e-09
654 1.032070e-09
655 6.688814e-10
656 4.286865e-10
657 2.656628e-10
658 1.566133e-10
659 8.702949e-11
660 4.468013e-08
661 3.581653e-08
662 2.650597e-08
663 1.849848e-08
664 1.233927e-08
665 7.713409e-09
666 4.657715e-09
667 2.832861e-09
668 1.760069e-09
669 1.123745e-09
670 7.278321e-10
671 4.672558e-10
672 2.905827e-10
673 1.721006e-10
674 9.612347e-11
675 4.017363e-08
676 3.198123e-08
677 2.356920e-08
678 1.640017e-08
679 1.089204e-08
680 6.808312e-09
681 4.121319e-09
682 2.515213e-09
683 1.567052e-09
684 1.001830e-09
685 6.481764e-10
686 4.147470e-10
687 2.567560e-10
688 1.513236e-10
689 8.415458e-11
690 4.369200e-08
691 3.518472e-08
692 2.618600e-08
693 1.833505e-08
694 1.226018e-08
695 7.720604e-09
696 4.666531e-09
697 2.838968e-09
698 1.757081e-09
699 1.116636e-09
700 7.204426e-10
701 4.615657e-10
702 2.871129e-10
703 1.704830e-10
704 9.566950e-11
705 4.746087e-08
706 3.858386e-08
707 2.893125e-08
708 2.036189e-08
709 1.368549e-08
710 8.667368e-09
711 5.233136e-09
712 3.175875e-09
713 1.955667e-09
714 1.237082e-09
715 7.964467e-10
716 5.107135e-10
717 3.188501e-10
718 1.904093e-10
719 1.075860e-10
720 5.160985e-08
721 4.234371e-08
722 3.197464e-08
723 2.261402e-08
724 1.527258e-08
725 9.724531e-09
726 5.865731e-09
727 3.551953e-09
728 2.176556e-09
729 1.370886e-09
730 8.806876e-10
731 5.652277e-10
732 3.541231e-10
733 2.126085e-10
734 1.208985e-10
735 4.818360e-08
736 3.939784e-08
737 2.971729e-08
738 2.100592e-08
739 1.416319e-08
740 9.019377e-09
741 5.456966e-09
742 3.307313e-09
743 2.028849e-09
744 1.278126e-09
745 8.201610e-10
746 5.252803e-10
747 3.282853e-10
748 1.966440e-10
749 1.116348e-10
750 5.301835e-08
751 4.390208e-08
752 3.349055e-08
753 2.385489e-08
754 1.618826e-08
755 1.039884e-08
756 6.302987e-09
757 3.807798e-09
758 2.320516e-09
759 1.451709e-09
760 9.271406e-10
761 5.933540e-10
762 3.720547e-10
763 2.243305e-10
764 1.284792e-10
765 5.838893e-08
766 4.893535e-08
767 3.771225e-08
768 2.705599e-08
769 1.847064e-08
770 1.195745e-08
771 7.260749e-09
772 4.374145e-09
773 2.649490e-09
774 1.647059e-09
775 1.047267e-09
776 6.697567e-10
777 4.212317e-10
778 2.555000e-10
779 1.474925e-10
780 5.923126e-08
781 4.985794e-08
782 3.863766e-08
783 2.784706e-08
784 1.906014e-08
785 1.238887e-08
786 7.561811e-09
787 4.547397e-09
788 2.750120e-09
789 1.703131e-09
790 1.078685e-09
791 6.879703e-10
792 4.323371e-10
793 2.625463e-10
794 1.520144e-10
795 6.632240e-08
796 5.672214e-08
797 4.463257e-08
798 3.254142e-08
799 2.245621e-08
800 1.475105e-08
801 9.071284e-09
802 5.433536e-09
803 3.265400e-09
804 2.002799e-09
805 1.258008e-09
806 7.992299e-10
807 5.029666e-10
808 3.073070e-10
809 1.796552e-10
810 7.612108e-08
811 6.656803e-08
812 5.361167e-08
813 3.986477e-08
814 2.787666e-08
815 1.857589e-08
816 1.161990e-08
817 6.942746e-09
818 4.148138e-09
819 2.506056e-09
820 1.549881e-09
821 9.743972e-10
822 6.114623e-10
823 3.753928e-10
824 2.219286e-10
825 5.058405e-07
826 3.694728e-07
827 2.737711e-07
828 1.704323e-07
829 1.038223e-07
830 6.150606e-08
831 3.755546e-08
832 2.409255e-08
833 1.626335e-08
834 0.000000e+00
835 0.000000e+00
836 0.000000e+00
837 0.000000e+00
838 0.000000e+00
839 0.000000e+00
840 7.608662e-07
841 5.558807e-07
842 4.123417e-07
843 2.595984e-07
844 1.577602e-07
845 9.334393e-08
846 5.688929e-08
847 3.636178e-08
848 2.447909e-08
849 0.000000e+00
850 0.000000e+00
851 0.000000e+00
852 0.000000e+00
853 0.000000e+00
854 0.000000e+00
855 9.033423e-07
856 6.600453e-07
857 4.897645e-07
858 3.095092e-07
859 1.879270e-07
860 1.111524e-07
861 6.770223e-08
862 4.322019e-08
863 2.907003e-08
864 0.000000e+00
865 0.000000e+00
866 0.000000e+00
867 0.000000e+00
868 0.000000e+00
869 0.000000e+00
870 9.991933e-07
871 7.301199e-07
872 5.418512e-07
873 3.430869e-07
874 2.082234e-07
875 1.231335e-07
876 7.497681e-08
877 4.783464e-08
878 3.215858e-08
879 0.000000e+00
880 0.000000e+00
881 0.000000e+00
882 0.000000e+00
883 0.000000e+00
884 0.000000e+00
885 1.071060e-06
886 7.826638e-07
887 5.809016e-07
888 3.682620e-07
889 2.234411e-07
890 1.321168e-07
891 8.043107e-08
892 5.129432e-08
893 3.447448e-08
894 0.000000e+00
895 0.000000e+00
896 0.000000e+00
897 0.000000e+00
898 0.000000e+00
899 0.000000e+00
900 1.129311e-06
901 8.252510e-07
902 6.125568e-07
903 3.886676e-07
904 2.357750e-07
905 1.393982e-07
906 8.485185e-08
907 5.409866e-08
908 3.635154e-08
909 0.000000e+00
910 0.000000e+00
911 0.000000e+00
912 0.000000e+00
913 0.000000e+00
914 0.000000e+00
915 1.174153e-06
916 8.580354e-07
917 6.369286e-07
918 4.044122e-07
919 2.452874e-07
920 1.450118e-07
921 8.825944e-08
922 5.625861e-08
923 3.779665e-08
924 0.000000e+00
925 0.000000e+00
926 0.000000e+00
927 0.000000e+00
928 0.000000e+00
929 0.000000e+00
930 1.228345e-06
931 8.976540e-07
932 6.663716e-07
933 4.233611e-07
934 2.567451e-07
935 1.517762e-07
936 9.236784e-08
937 5.886597e-08
938 3.954259e-08
939 0.000000e+00
940 0.000000e+00
941 0.000000e+00
942 0.000000e+00
943 0.000000e+00
944 0.000000e+00
945 1.284572e-06
946 9.387642e-07
947 6.969253e-07
948 4.430594e-07
949 2.686508e-07
950 1.588047e-07
951 9.663550e-08
952 6.157260e-08
953 4.135453e-08
954 0.000000e+00
955 0.000000e+00
956 0.000000e+00
957 0.000000e+00
958 0.000000e+00
959 0.000000e+00
960 3.377488e-07
961 2.690204e-07
962 1.951509e-07
963 1.463462e-07
964 9.056339e-08
965 5.543207e-08
966 3.221950e-08
967 1.926538e-08
968 1.207269e-08
969 7.992642e-09
970 0.000000e+00
971 0.000000e+00
972 0.000000e+00
973 0.000000e+00
974 0.000000e+00
975 5.200085e-07
976 4.169799e-07
977 3.027632e-07
978 2.268384e-07
979 1.421642e-07
980 8.668181e-08
981 5.034732e-08
982 3.006493e-08
983 1.877333e-08
984 1.239317e-08
985 0.000000e+00
986 0.000000e+00
987 0.000000e+00
988 0.000000e+00
989 0.000000e+00
990 6.446376e-07
991 5.182575e-07
992 3.764436e-07
993 2.819344e-07
994 1.775503e-07
995 1.080924e-07
996 6.276861e-08
997 3.746485e-08
998 2.336269e-08
999 1.540583e-08
1000 0.000000e+00
1001 0.000000e+00
1002 0.000000e+00
1003 0.000000e+00
1004 0.000000e+00
1005 7.380633e-07
1006 5.941725e-07
1007 4.316695e-07
1008 3.232333e-07
1009 2.040744e-07
1010 1.241401e-07
1011 7.207929e-08
1012 4.301174e-08
1013 2.680262e-08
1014 1.766397e-08
1015 0.000000e+00
1016 0.000000e+00
1017 0.000000e+00
1018 0.000000e+00
1019 0.000000e+00
1020 8.137926e-07
1021 6.557032e-07
1022 4.764340e-07
1023 3.567068e-07
1024 2.255746e-07
1025 1.371491e-07
1026 7.962649e-08
1027 4.750763e-08
1028 2.959103e-08
1029 1.949424e-08
1030 0.000000e+00
1031 0.000000e+00
1032 0.000000e+00
1033 0.000000e+00
1034 0.000000e+00
1035 8.753969e-07
1036 7.057916e-07
1037 5.128790e-07
1038 3.839550e-07
1039 2.430931e-07
1040 1.477454e-07
1041 8.577366e-08
1042 5.116959e-08
1043 3.186142e-08
1044 2.098436e-08
1045 0.000000e+00
1046 0.000000e+00
1047 0.000000e+00
1048 0.000000e+00
1049 0.000000e+00
1050 9.425242e-07
1051 7.603113e-07
1052 5.525366e-07
1053 4.136120e-07
1054 2.621223e-07
1055 1.592639e-07
1056 9.245630e-08
1057 5.515084e-08
1058 3.433123e-08
1059 2.260598e-08
1060 0.000000e+00
1061 0.000000e+00
1062 0.000000e+00
1063 0.000000e+00
1064 0.000000e+00
1065 1.015624e-06
1066 8.197142e-07
1067 5.957516e-07
1068 4.459292e-07
1069 2.828768e-07
1070 1.718226e-07
1071 9.974175e-08
1072 5.949142e-08
1073 3.702299e-08
1074 2.437300e-08
1075 0.000000e+00
1076 0.000000e+00
1077 0.000000e+00
1078 0.000000e+00
1079 0.000000e+00
1080 1.986580e-07
1081 1.806919e-07
1082 1.392221e-07
1083 1.006778e-07
1084 7.544421e-08
1085 4.361694e-08
1086 2.673379e-08
1087 1.541322e-08
1088 9.113605e-09
1089 5.669661e-09
1090 0.000000e+00
1091 0.000000e+00
1092 0.000000e+00
1093 0.000000e+00
1094 0.000000e+00
1095 3.301483e-07
1096 3.015874e-07
1097 2.333037e-07
1098 1.686088e-07
1099 1.265317e-07
1100 7.355122e-08
1101 4.519774e-08
1102 2.599781e-08
1103 1.531876e-08
1104 9.508529e-09
1105 0.000000e+00
1106 0.000000e+00
1107 0.000000e+00
1108 0.000000e+00
1109 0.000000e+00
1110 4.304418e-07
1111 3.938630e-07
1112 3.051570e-07
1113 2.204873e-07
1114 1.655506e-07
1115 9.643819e-08
1116 5.931694e-08
1117 3.408985e-08
1118 2.006020e-08
1119 1.244086e-08
1120 0.000000e+00
1121 0.000000e+00
1122 0.000000e+00
1123 0.000000e+00
1124 0.000000e+00
1125 5.116884e-07
1126 4.686072e-07
1127 3.633597e-07
1128 2.625109e-07
1129 1.971561e-07
1130 1.149765e-07
1131 7.075363e-08
1132 4.064452e-08
1133 2.390074e-08
1134 1.481614e-08
1135 0.000000e+00
1136 0.000000e+00
1137 0.000000e+00
1138 0.000000e+00
1139 0.000000e+00
1140 5.796194e-07
1141 5.311193e-07
1142 4.120429e-07
1143 2.976611e-07
1144 2.235941e-07
1145 1.304869e-07
1146 8.032339e-08
1147 4.612868e-08
1148 2.711362e-08
1149 1.680294e-08
1150 0.000000e+00
1151 0.000000e+00
1152 0.000000e+00
1153 0.000000e+00
1154 0.000000e+00
1155 6.498011e-07
1156 5.956765e-07
1157 4.623052e-07
1158 3.339514e-07
1159 2.508876e-07
1160 1.464925e-07
1161 9.019645e-08
1162 5.178771e-08
1163 3.042984e-08
1164 1.885400e-08
1165 0.000000e+00
1166 0.000000e+00
1167 0.000000e+00
1168 0.000000e+00
1169 0.000000e+00
1170 7.282300e-07
1171 6.678311e-07
1172 5.184900e-07
1173 3.745184e-07
1174 2.813975e-07
1175 1.643887e-07
1176 1.012368e-07
1177 5.811507e-08
1178 3.413743e-08
1179 2.114697e-08
1180 0.000000e+00
1181 0.000000e+00
1182 0.000000e+00
1183 0.000000e+00
1184 0.000000e+00
1185 1.319299e-07
1186 1.302321e-07
1187 1.095234e-07
1188 8.000916e-08
1189 5.943561e-08
1190 4.040261e-08
1191 2.383938e-08
1192 1.358303e-08
1193 7.852513e-09
1194 4.640075e-09
1195 2.906420e-09
1196 0.000000e+00
1197 0.000000e+00
1198 0.000000e+00
1199 0.000000e+00
1200 2.308356e-07
1201 2.285040e-07
1202 1.928780e-07
1203 1.411429e-07
1204 1.046804e-07
1205 7.165293e-08
1206 4.207224e-08
1207 2.400462e-08
1208 1.389596e-08
1209 8.196598e-09
1210 5.123712e-09
1211 0.000000e+00
1212 0.000000e+00
1213 0.000000e+00
1214 0.000000e+00
1215 3.121435e-07
1216 3.093223e-07
1217 2.614632e-07
1218 1.914582e-07
1219 1.419103e-07
1220 9.738784e-08
1221 5.707894e-08
1222 3.258435e-08
1223 1.887143e-08
1224 1.112417e-08
1225 6.948486e-09
1226 0.000000e+00
1227 0.000000e+00
1228 0.000000e+00
1229 0.000000e+00
1230 3.810762e-07
1231 3.778434e-07
1232 3.196137e-07
1233 2.341200e-07
1234 1.734757e-07
1235 1.192127e-07
1236 6.980315e-08
1237 3.985957e-08
1238 2.309057e-08
1239 1.360665e-08
1240 8.495643e-09
1241 0.000000e+00
1242 0.000000e+00
1243 0.000000e+00
1244 0.000000e+00
1245 4.502371e-07
1246 4.465765e-07
1247 3.779382e-07
1248 2.769052e-07
1249 2.051360e-07
1250 1.410946e-07
1251 8.256419e-08
1252 4.715534e-08
1253 2.732136e-08
1254 1.609616e-08
1255 1.004737e-08
1256 0.000000e+00
1257 0.000000e+00
1258 0.000000e+00
1259 0.000000e+00
1260 5.286473e-07
1261 5.245132e-07
1262 4.440768e-07
1263 3.254269e-07
1264 2.410378e-07
1265 1.659112e-07
1266 9.703573e-08
1267 5.542874e-08
1268 3.211927e-08
1269 1.891932e-08
1270 1.180705e-08
1271 0.000000e+00
1272 0.000000e+00
1273 0.000000e+00
1274 0.000000e+00
1275 9.481173e-08
1276 9.872425e-08
1277 8.934464e-08
1278 6.835499e-08
1279 4.940956e-08
1280 3.701150e-08
1281 2.091380e-08
1282 1.263100e-08
1283 7.136700e-09
1284 4.121863e-09
1285 2.467565e-09
1286 0.000000e+00
1287 0.000000e+00
1288 0.000000e+00
1289 0.000000e+00
1290 1.732584e-07
1291 1.807819e-07
1292 1.641096e-07
1293 1.258953e-07
1294 9.094443e-08
1295 6.822954e-08
1296 3.866321e-08
1297 2.342645e-08
1298 1.320690e-08
1299 7.609539e-09
1300 4.546591e-09
1301 0.000000e+00
1302 0.000000e+00
1303 0.000000e+00
1304 0.000000e+00
1305 2.410657e-07
1306 2.517294e-07
1307 2.287741e-07
1308 1.756787e-07
1309 1.268786e-07
1310 9.524168e-08
1311 5.402881e-08
1312 3.277520e-08
1313 1.846248e-08
1314 1.062801e-08
1315 6.345499e-09
1316 0.000000e+00
1317 0.000000e+00
1318 0.000000e+00
1319 0.000000e+00
1320 3.077013e-07
1321 3.214428e-07
1322 2.923076e-07
1323 2.245880e-07
1324 1.621825e-07
1325 1.217781e-07
1326 6.912152e-08
1327 4.195682e-08
1328 2.362450e-08
1329 1.359301e-08
1330 8.112749e-09
1331 0.000000e+00
1332 0.000000e+00
1333 0.000000e+00
1334 0.000000e+00
1335 3.840058e-07
1336 4.012751e-07
1337 3.650672e-07
1338 2.805993e-07
1339 2.026112e-07
1340 1.521682e-07
1341 8.640718e-08
1342 5.247336e-08
1343 2.953671e-08
1344 1.698881e-08
1345 1.013665e-08
1346 0.000000e+00
1347 0.000000e+00
1348 0.000000e+00
1349 0.000000e+00
1350 7.248108e-08
1351 7.845614e-08
1352 7.523631e-08
1353 6.097261e-08
1354 4.398836e-08
1355 3.316074e-08
1356 2.071658e-08
1357 1.270108e-08
1358 7.051275e-09
1359 3.882839e-09
1360 2.244060e-09
1361 1.364670e-09
1362 0.000000e+00
1363 0.000000e+00
1364 0.000000e+00
1365 1.375817e-07
1366 1.491655e-07
1367 1.434008e-07
1368 1.165553e-07
1369 8.414212e-08
1370 6.337061e-08
1371 3.985635e-08
1372 2.436449e-08
1373 1.352923e-08
1374 7.453604e-09
1375 4.297984e-09
1376 2.608051e-09
1377 0.000000e+00
1378 0.000000e+00
1379 0.000000e+00
1380 2.008534e-07
1381 2.178938e-07
1382 2.096630e-07
1383 1.705938e-07
1384 1.231831e-07
1385 9.274073e-08
1386 5.847015e-08
1387 3.570533e-08
1388 1.982810e-08
1389 1.092609e-08
1390 6.295092e-09
1391 3.816894e-09
1392 0.000000e+00
1393 0.000000e+00
1394 0.000000e+00
1395 2.738109e-07
1396 2.971440e-07
1397 2.860701e-07
1398 2.329076e-07
1399 1.682022e-07
1400 1.266082e-07
1401 7.993592e-08
1402 4.878324e-08
1403 2.709178e-08
1404 1.493039e-08
1405 8.598037e-09
1406 5.210852e-09
1407 0.000000e+00
1408 0.000000e+00
1409 0.000000e+00
1410 5.859313e-08
1411 6.539401e-08
1412 6.569514e-08
1413 5.643038e-08
1414 4.159470e-08
1415 3.063600e-08
1416 2.158271e-08
1417 1.231409e-08
1418 6.932639e-09
1419 3.922825e-09
1420 2.182040e-09
1421 1.272586e-09
1422 0.000000e+00
1423 0.000000e+00
1424 0.000000e+00
1425 1.177744e-07
1426 1.316293e-07
1427 1.325188e-07
1428 1.141665e-07
1429 8.429569e-08
1430 6.200823e-08
1431 4.389274e-08
1432 2.496058e-08
1433 1.408282e-08
1434 7.967629e-09
1435 4.429520e-09
1436 2.578219e-09
1437 0.000000e+00
1438 0.000000e+00
1439 0.000000e+00
1440 1.863308e-07
1441 2.083621e-07
1442 2.099403e-07
1443 1.810657e-07
1444 1.337769e-07
1445 9.836010e-08
1446 6.974847e-08
1447 3.961555e-08
1448 2.236952e-08
1449 1.265508e-08
1450 7.034115e-09
1451 4.091147e-09
1452 0.000000e+00
1453 0.000000e+00
1454 0.000000e+00
1455 5.125838e-08
1456 5.874039e-08
1457 6.139862e-08
1458 5.578652e-08
1459 4.278204e-08
1460 3.089965e-08
1461 2.320868e-08
1462 1.301159e-08
1463 7.782825e-09
1464 4.264053e-09
1465 2.350674e-09
1466 1.312533e-09
1467 0.000000e+00
1468 0.000000e+00
1469 0.000000e+00
1470 1.142944e-07
1471 1.311492e-07
1472 1.373510e-07
1473 1.251585e-07
1474 9.623202e-08
1475 6.946488e-08
1476 5.224739e-08
1477 2.938046e-08
1478 1.763491e-08
1479 9.643559e-09
1480 5.303643e-09
1481 2.955301e-09
1482 0.000000e+00
1483 0.000000e+00
1484 0.000000e+00
1485 5.353068e-08
1486 6.290123e-08
1487 6.820199e-08
1488 6.547656e-08
1489 5.308983e-08
1490 3.830737e-08
1491 2.889887e-08
1492 1.796884e-08
1493 1.093537e-08
1494 5.934197e-09
1495 3.125601e-09
1496 1.686343e-09
1497 9.391020e-10
1498 0.000000e+00
1499 0.000000e+00
1500 1.109684e-04
1501 8.086786e-05
1502 6.035546e-05
1503 3.805236e-05
1504 2.321989e-05
1505 1.369104e-05
1506 8.324421e-06
1507 5.304277e-06
1508 3.565556e-06
1509 0.000000e+00
1510 0.000000e+00
1511 0.000000e+00
1512 0.000000e+00
1513 0.000000e+00
1514 0.000000e+00
1515 5.757601e-05
1516 4.644359e-05
1517 3.369791e-05
1518 2.528332e-05
1519 1.597668e-05
1520 9.754545e-06
1521 5.648866e-06
1522 3.364481e-06
1523 2.093966e-06
1524 1.379138e-06
1525 0.000000e+00
1526 0.000000e+00
1527 0.000000e+00
1528 0.000000e+00
1529 0.000000e+00
1530 4.047788e-05
1531 3.713775e-05
1532 2.882267e-05
1533 2.080348e-05
1534 1.566222e-05
1535 9.111532e-06
1536 5.625604e-06
1537 3.225263e-06
1538 1.896511e-06
1539 1.174730e-06
1540 0.000000e+00
1541 0.000000e+00
1542 0.000000e+00
1543 0.000000e+00
1544 0.000000e+00
1545 2.912801e-05
1546 2.891312e-05
1547 2.448503e-05
1548 1.793535e-05
1549 1.328396e-05
1550 9.154542e-06
1551 5.351144e-06
1552 3.053081e-06
1553 1.771954e-06
1554 1.042590e-06
1555 6.506122e-07
1556 0.000000e+00
1557 0.000000e+00
1558 0.000000e+00
1559 0.000000e+00
1560 2.085098e-05
1561 2.179680e-05
1562 1.983793e-05
1563 1.524768e-05
1564 1.100576e-05
1565 8.274949e-06
1566 4.689296e-06
1567 2.850415e-06
1568 1.602925e-06
1569 9.233707e-07
1570 5.506294e-07
1571 0.000000e+00
1572 0.000000e+00
1573 0.000000e+00
1574 0.000000e+00
1575 1.487210e-05
1576 1.614453e-05
1577 1.554949e-05
1578 1.266314e-05
1579 9.143013e-06
1580 6.883420e-06
1581 4.347301e-06
1582 2.655947e-06
1583 1.474901e-06
1584 8.112783e-07
1585 4.673052e-07
1586 2.832009e-07
1587 0.000000e+00
1588 0.000000e+00
1589 0.000000e+00
1590 1.001028e-05
1591 1.119728e-05
1592 1.128693e-05
1593 9.739022e-06
1594 7.195644e-06
1595 5.289411e-06
1596 3.755371e-06
1597 2.130464e-06
1598 1.202339e-06
1599 6.811759e-07
1600 3.783133e-07
1601 2.200058e-07
1602 0.000000e+00
1603 0.000000e+00
1604 0.000000e+00
1605 6.201116e-06
1606 7.118100e-06
1607 7.458527e-06
1608 6.801106e-06
1609 5.231433e-06
1610 3.775220e-06
1611 2.841823e-06
1612 1.597077e-06
1613 9.596537e-07
1614 5.242846e-07
1615 2.885232e-07
1616 1.606418e-07
1617 0.000000e+00
1618 0.000000e+00
1619 0.000000e+00
1620 3.163407e-06
1621 3.720115e-06
1622 4.038202e-06
1623 3.883392e-06
1624 3.154630e-06
1625 2.276770e-06
1626 1.716871e-06
1627 1.071974e-06
1628 6.518364e-07
1629 3.538249e-07
1630 1.861971e-07
1631 1.003484e-07
1632 5.578990e-08
1633 0.000000e+00
1634 0.000000e+00
1635 8.891198e-07
1636 1.072208e-06
1637 1.206146e-06
1638 1.224576e-06
1639 1.066696e-06
1640 7.933436e-07
1641 5.815894e-07
1642 4.169104e-07
1643 2.343421e-07
1644 1.314261e-07
1645 7.164692e-08
1646 3.730540e-08
1647 1.958823e-08
1648 0.000000e+00
1649 0.000000e+00
