0 2.256123e-09
1 1.467272e-09
2 9.230625e-10
3 5.812760e-10
4 3.735191e-10
5 2.456614e-10
6 1.633174e-10
7 1.072874e-10
8 6.801943e-11
9 4.088936e-11
10 2.307847e-11
11 1.220586e-11
12 6.090569e-12
13 2.899824e-12
14 1.333657e-12
15 3.811090e-09
16 2.536311e-09
17 1.612922e-09
18 1.005443e-09
19 6.356518e-10
20 4.114403e-10
21 2.721026e-10
22 1.804289e-10
23 1.170263e-10
24 7.263613e-11
25 4.248096e-11
26 2.326797e-11
27 1.196319e-11
28 5.827041e-12
29 2.722224e-12
30 4.372925e-09
31 2.930136e-09
32 1.874154e-09
33 1.167381e-09
34 7.348722e-10
35 4.731699e-10
36 3.118925e-10
37 2.069432e-10
38 1.348571e-10
39 8.436911e-11
40 4.985685e-11
41 2.759772e-11
42 1.432969e-11
43 7.034772e-12
44 3.305181e-12
45 4.683366e-09
46 3.148649e-09
47 2.019108e-09
48 1.257231e-09
49 7.899426e-10
50 5.073568e-10
51 3.339258e-10
52 2.215921e-10
53 1.447232e-10
54 9.086519e-11
55 5.392501e-11
56 2.999694e-11
57 1.564050e-11
58 7.705446e-12
59 3.629263e-12
60 4.891982e-09
61 3.294540e-09
62 2.116325e-09
63 1.317386e-09
64 8.268486e-10
65 5.303373e-10
66 3.487275e-10
67 2.314424e-10
68 1.513362e-10
69 9.522905e-11
70 5.667630e-11
71 3.161122e-11
72 1.652439e-11
73 8.155931e-12
74 3.846935e-12
75 5.054258e-09
76 3.408643e-09
77 2.191725e-09
78 1.364370e-09
79 8.555853e-10
80 5.482045e-10
81 3.602517e-10
82 2.391052e-10
83 1.565150e-10
84 9.864316e-11
85 5.880793e-11
86 3.286304e-11
87 1.720862e-11
88 8.506448e-12
89 4.016607e-12
90 5.175367e-09
91 3.493478e-09
92 2.247994e-09
93 1.399194e-09
94 8.769924e-10
95 5.615487e-10
96 3.688236e-10
97 2.448316e-10
98 1.603738e-10
99 1.011864e-10
100 6.040454e-11
101 3.380417e-11
102 1.772297e-11
103 8.769124e-12
104 4.143090e-12
105 5.287409e-09
106 3.572093e-09
107 2.300456e-09
108 1.431773e-09
109 8.968609e-10
110 5.738686e-10
111 3.767291e-10
112 2.500930e-10
113 1.639002e-10
114 1.034834e-10
115 6.186339e-11
116 3.466448e-11
117 1.819460e-11
118 9.010247e-12
119 4.259831e-12
120 5.392377e-09
121 3.646065e-09
122 2.349328e-09
123 1.462174e-09
124 9.154955e-10
125 5.854088e-10
126 3.841305e-10
127 2.550642e-10
128 1.672407e-10
129 1.056614e-10
130 6.325402e-11
131 3.547871e-11
132 1.863984e-11
133 9.237583e-12
134 4.369561e-12
135 5.513213e-09
136 3.730546e-09
137 2.406286e-09
138 1.497378e-09
139 9.370635e-10
140 5.988226e-10
141 3.928639e-10
142 2.607596e-10
143 1.711166e-10
144 1.082742e-10
145 6.485886e-11
146 3.642334e-11
147 1.915703e-11
148 9.501962e-12
149 4.496369e-12
150 7.906778e-09
151 5.444777e-09
152 3.576829e-09
153 2.234810e-09
154 1.385772e-09
155 8.736693e-10
156 5.664848e-10
157 3.748353e-10
158 2.478116e-10
159 1.595408e-10
160 9.786495e-11
161 5.641362e-11
162 3.041694e-11
163 1.540245e-11
164 7.401887e-12
165 9.995713e-09
166 6.970472e-09
167 4.644858e-09
168 2.932575e-09
169 1.809278e-09
170 1.131330e-09
171 7.255934e-10
172 4.769972e-10
173 3.158209e-10
174 2.052020e-10
175 1.278406e-10
176 7.512140e-11
177 4.131986e-11
178 2.130185e-11
179 1.038336e-11
180 1.121578e-08
181 7.867383e-09
182 5.274838e-09
183 3.348244e-09
184 2.062619e-09
185 1.285648e-09
186 8.201936e-10
187 5.374130e-10
188 3.558340e-10
189 2.320804e-10
190 1.455285e-10
191 8.621469e-11
192 4.783572e-11
193 2.485927e-11
194 1.219548e-11
195 1.203857e-08
196 8.473102e-09
197 5.700359e-09
198 3.628935e-09
199 2.234137e-09
200 1.389695e-09
201 8.840784e-10
202 5.783568e-10
203 3.829036e-10
204 2.502245e-10
205 1.574642e-10
206 9.371188e-11
207 5.224248e-11
208 2.726553e-11
209 1.342248e-11
210 1.268088e-08
211 8.946147e-09
212 6.032421e-09
213 3.847857e-09
214 2.367845e-09
215 1.470794e-09
216 9.340878e-10
217 6.101522e-10
218 4.039542e-10
219 2.643582e-10
220 1.667570e-10
221 9.955023e-11
222 5.566755e-11
223 2.913961e-11
224 1.437899e-11
225 1.315750e-08
226 9.295747e-09
227 6.277718e-09
228 4.010311e-09
229 2.466620e-09
230 1.531133e-09
231 9.709308e-10
232 6.337838e-10
233 4.195863e-10
234 2.748299e-10
235 1.736535e-10
236 1.038674e-10
237 5.820870e-11
238 3.052743e-11
239 1.508680e-11
240 1.359309e-08
241 9.616287e-09
242 6.503493e-09
243 4.159241e-09
244 2.557720e-09
245 1.586488e-09
246 1.004939e-09
247 6.553795e-10
248 4.339498e-10
249 2.844531e-10
250 1.799865e-10
251 1.078408e-10
252 6.054817e-11
253 3.180440e-11
254 1.573511e-11
255 1.400867e-08
256 9.922184e-09
257 6.718914e-09
258 4.301129e-09
259 2.644127e-09
260 1.638929e-09
261 1.037067e-09
262 6.759299e-10
263 4.476107e-10
264 2.936127e-10
265 1.860140e-10
266 1.116274e-10
267 6.277138e-11
268 3.301942e-11
269 1.635659e-11
270 1.449017e-08
271 1.027677e-08
272 6.967485e-09
273 4.465147e-09
274 2.744201e-09
275 1.700272e-09
276 1.074808e-09
277 7.000179e-10
278 4.634123e-10
279 3.042192e-10
280 1.930084e-10
281 1.160099e-10
282 6.534255e-11
283 3.442512e-11
284 1.707289e-11
285 1.364444e-08
286 9.708040e-09
287 6.593820e-09
288 4.254778e-09
289 2.622471e-09
290 1.624182e-09
291 1.024028e-09
292 6.642329e-10
293 4.382066e-10
294 2.871859e-10
295 1.823434e-10
296 1.099863e-10
297 6.229829e-11
298 3.303808e-11
299 1.648897e-11
300 1.605448e-08
301 1.155420e-08
302 7.918956e-09
303 5.168754e-09
304 3.198157e-09
305 1.970806e-09
306 1.232903e-09
307 7.935488e-10
308 5.215264e-10
309 3.425737e-10
310 2.192258e-10
311 1.338276e-10
312 7.689135e-11
313 4.137449e-11
314 2.091753e-11
315 1.771610e-08
316 1.283528e-08
317 8.841434e-09
318 5.806784e-09
319 3.603103e-09
320 2.214002e-09
321 1.379722e-09
322 8.841514e-10
323 5.797167e-10
324 3.811313e-10
325 2.448816e-10
326 1.504346e-10
327 8.709015e-11
328 4.722628e-11
329 2.404027e-11
330 1.901465e-08
331 1.383593e-08
332 9.561225e-09
333 6.302635e-09
334 3.918688e-09
335 2.404025e-09
336 1.494196e-09
337 9.548385e-10
338 6.251819e-10
339 4.112271e-10
340 2.648846e-10
341 1.633820e-10
342 9.504114e-11
343 5.179011e-11
344 2.647796e-11
345 1.997863e-08
346 1.457827e-08
347 1.009580e-08
348 6.673809e-09
349 4.153205e-09
350 2.545007e-09
351 1.579280e-09
352 1.007356e-09
353 6.588390e-10
354 4.335365e-10
355 2.797550e-10
356 1.730090e-10
357 1.009539e-10
358 5.518263e-11
359 2.828931e-11
360 2.086346e-08
361 1.526069e-08
362 1.058726e-08
363 7.012104e-09
364 4.368159e-09
365 2.674929e-09
366 1.657211e-09
367 1.055486e-09
368 6.896973e-10
369 4.540070e-10
370 2.933612e-10
371 1.818148e-10
372 1.063625e-10
373 5.828731e-11
374 2.994694e-11
375 2.169907e-08
376 1.590447e-08
377 1.104993e-08
378 7.332565e-09
379 4.571027e-09
380 2.796711e-09
381 1.730913e-09
382 1.100923e-09
383 7.189567e-10
384 4.734015e-10
385 3.062767e-10
386 1.901743e-10
387 1.114939e-10
388 6.122834e-11
389 3.151653e-11
390 2.267591e-08
391 1.665805e-08
392 1.159228e-08
393 7.707293e-09
394 4.809102e-09
395 2.940381e-09
396 1.817426e-09
397 1.154352e-09
398 7.531476e-10
399 4.961006e-10
400 3.213794e-10
401 1.999528e-10
402 1.175000e-10
403 6.467090e-11
404 3.335522e-11
405 1.965983e-08
406 1.440760e-08
407 9.998645e-09
408 6.628634e-09
409 4.148599e-09
410 2.540836e-09
411 1.575630e-09
412 1.001817e-09
413 6.530512e-10
414 4.288859e-10
415 2.766991e-10
416 1.714368e-10
417 1.004092e-10
418 5.516727e-11
419 2.844235e-11
420 2.232107e-08
421 1.654942e-08
422 1.157533e-08
423 7.737955e-09
424 4.884555e-09
425 2.983629e-09
426 1.842289e-09
427 1.162595e-09
428 7.535480e-10
429 4.942558e-10
430 3.200545e-10
431 1.998679e-10
432 1.183226e-10
433 6.579457e-11
434 3.431950e-11
435 2.441629e-08
436 1.824551e-08
437 1.282407e-08
438 8.620012e-09
439 5.470898e-09
440 3.337328e-09
441 2.055371e-09
442 1.290832e-09
443 8.336666e-10
444 5.462063e-10
445 3.544774e-10
446 2.224418e-10
447 1.325606e-10
448 7.425902e-11
449 3.901396e-11
450 2.598239e-08
451 1.950700e-08
452 1.375587e-08
453 9.276362e-09
454 5.906546e-09
455 3.600455e-09
456 2.213560e-09
457 1.386116e-09
458 8.930443e-10
459 5.847926e-10
460 3.800426e-10
461 2.392075e-10
462 1.431356e-10
463 8.054633e-11
464 4.250116e-11
465 2.741253e-08
466 2.066209e-08
467 1.460850e-08
468 9.876106e-09
469 6.305654e-09
470 3.841818e-09
471 2.358384e-09
472 1.473421e-09
473 9.475819e-10
474 6.202006e-10
475 4.034926e-10
476 2.545857e-10
477 1.528363e-10
478 8.631335e-11
479 4.569969e-11
480 2.876519e-08
481 2.175170e-08
482 1.541494e-08
483 1.044392e-08
484 6.684114e-09
485 4.070176e-09
486 2.495936e-09
487 1.555986e-09
488 9.991521e-10
489 6.536850e-10
490 4.256844e-10
491 2.691367e-10
492 1.620118e-10
493 9.176704e-11
494 4.872385e-11
495 3.034977e-08
496 2.303063e-08
497 1.635793e-08
498 1.110960e-08
499 7.125707e-09
500 4.336815e-09
501 2.656363e-09
502 1.652694e-09
503 1.059456e-09
504 6.928269e-10
505 4.516251e-10
506 2.861306e-10
507 1.727426e-10
508 9.814642e-11
509 5.226187e-11
510 2.599895e-08
511 1.960652e-08
512 1.387164e-08
513 9.370306e-09
514 5.995766e-09
515 3.662213e-09
516 2.249791e-09
517 1.405058e-09
518 9.024905e-10
519 5.895581e-10
520 3.828227e-10
521 2.412009e-10
522 1.447270e-10
523 8.178462e-11
524 4.337526e-11
525 2.902984e-08
526 2.215535e-08
527 1.580506e-08
528 1.075044e-08
529 6.940990e-09
530 4.247136e-09
531 2.599884e-09
532 1.612771e-09
533 1.029494e-09
534 6.701818e-10
535 4.356380e-10
536 2.759355e-10
537 1.669807e-10
538 9.534852e-11
539 5.112679e-11
540 3.129640e-08
541 2.406420e-08
542 1.725481e-08
543 1.178818e-08
544 7.651033e-09
545 4.688449e-09
546 2.863222e-09
547 1.769255e-09
548 1.124750e-09
549 7.307345e-10
550 4.752653e-10
551 3.019878e-10
552 1.836769e-10
553 1.055337e-10
554 5.695526e-11
555 3.337160e-08
556 2.581290e-08
557 1.858516e-08
558 1.273704e-08
559 8.301478e-09
560 5.091465e-09
561 3.104387e-09
562 1.912611e-09
563 1.212246e-09
564 7.862060e-10
565 5.115607e-10
566 3.258488e-10
567 1.989686e-10
568 1.148614e-10
569 6.229257e-11
570 3.534104e-08
571 2.747557e-08
572 1.984811e-08
573 1.363925e-08
574 8.920213e-09
575 5.475746e-09
576 3.333923e-09
577 2.048865e-09
578 1.295376e-09
579 8.389237e-10
580 5.460669e-10
581 3.485299e-10
582 2.135029e-10
583 1.237288e-10
584 6.736747e-11
585 3.764791e-08
586 2.941249e-08
587 2.132269e-08
588 1.469216e-08
589 9.640190e-09
590 5.922801e-09
591 3.601185e-09
592 2.207469e-09
593 1.392131e-09
594 9.002914e-10
595 5.862305e-10
596 3.749398e-10
597 2.304297e-10
598 1.340539e-10
599 7.327583e-11
600 3.307493e-08
601 2.567001e-08
602 1.853894e-08
603 1.272469e-08
604 8.314623e-09
605 5.122218e-09
606 3.119573e-09
607 1.920184e-09
608 1.214204e-09
609 7.854548e-10
610 5.102041e-10
611 3.248669e-10
612 1.985904e-10
613 1.149336e-10
614 6.256258e-11
615 3.620029e-08
616 2.840372e-08
617 2.068602e-08
618 1.428185e-08
619 9.400378e-09
620 5.821462e-09
621 3.534555e-09
622 2.166408e-09
623 1.361338e-09
624 8.766715e-10
625 5.688771e-10
626 3.632558e-10
627 2.233981e-10
628 1.303564e-10
629 7.162147e-11
630 3.907403e-08
631 3.092343e-08
632 2.266844e-08
633 1.571825e-08
634 1.040323e-08
635 6.468195e-09
636 3.918613e-09
637 2.394284e-09
638 1.497711e-09
639 9.609687e-10
640 6.230472e-10
641 3.986792e-10
642 2.462881e-10
643 1.445923e-10
644 7.998925e-11
645 4.179646e-08
646 3.331236e-08
647 2.454665e-08
648 1.708104e-08
649 1.135488e-08
650 7.082244e-09
651 4.282910e-09
652 2.610680e-09
653 1.626820e-09
654 1.040915e-09
655 6.744373e-10
656 4.322820e-10
657 2.679996e-10
658 1.580952e-10
659 8.792573e-11
660 4.498797e-08
661 3.610274e-08
662 2.674282e-08
663 1.867474e-08
664 1.246464e-08
665 7.798459e-09
666 4.708190e-09
667 2.862912e-09
668 1.777563e-09
669 1.134212e-09
670 7.343723e-10
671 4.714798e-10
672 2.933305e-10
673 1.738488e-10
674 9.718595e-11
675 4.016851e-08
676 3.197661e-08
677 2.356553e-08
678 1.639748e-08
679 1.089019e-08
680 6.807097e-09
681 4.120604e-09
682 2.514781e-09
683 1.566797e-09
684 1.001674e-09
685 6.480761e-10
686 4.146810e-10
687 2.567133e-10
688 1.512967e-10
689 8.413254e-11
690 4.390940e-08
691 3.535922e-08
692 2.631561e-08
693 1.842565e-08
694 1.232067e-08
695 7.758604e-09
696 4.689532e-09
697 2.852970e-09
698 1.765768e-09
699 1.122168e-09
700 7.240097e-10
701 4.638496e-10
702 2.885314e-10
703 1.713237e-10
704 9.614015e-11
705 4.745523e-08
706 3.857879e-08
707 2.892719e-08
708 2.035913e-08
709 1.368359e-08
710 8.666157e-09
711 5.232393e-09
712 3.175453e-09
713 1.955398e-09
714 1.236932e-09
715 7.963466e-10
716 5.106428e-10
717 3.188060e-10
718 1.903799e-10
719 1.075685e-10
720 5.160432e-08
721 4.233891e-08
722 3.197096e-08
723 2.261146e-08
724 1.527079e-08
725 9.723377e-09
726 5.865120e-09
727 3.551576e-09
728 2.176325e-09
729 1.370741e-09
730 8.805940e-10
731 5.651642e-10
732 3.540809e-10
733 2.125818e-10
734 1.208828e-10
735 4.867015e-08
736 3.979488e-08
737 3.001631e-08
738 2.121704e-08
739 1.430541e-08
740 9.109807e-09
741 5.511491e-09
742 3.340502e-09
743 2.049229e-09
744 1.290979e-09
745 8.284143e-10
746 5.305647e-10
747 3.315858e-10
748 1.986189e-10
749 1.127544e-10
750 5.328211e-08
751 4.411969e-08
752 3.365611e-08
753 2.397262e-08
754 1.626807e-08
755 1.045002e-08
756 6.334017e-09
757 3.826543e-09
758 2.331964e-09
759 1.458885e-09
760 9.317250e-10
761 5.962872e-10
762 3.738917e-10
763 2.254359e-10
764 1.291109e-10
765 5.867978e-08
766 4.917841e-08
767 3.789922e-08
768 2.719002e-08
769 1.856192e-08
770 1.201652e-08
771 7.296595e-09
772 4.395786e-09
773 2.662598e-09
774 1.655230e-09
775 1.052457e-09
776 6.730788e-10
777 4.233183e-10
778 2.567634e-10
779 1.482204e-10
780 5.922298e-08
781 4.984989e-08
782 3.863066e-08
783 2.784163e-08
784 1.905626e-08
785 1.238620e-08
786 7.560114e-09
787 4.546393e-09
788 2.749539e-09
789 1.702790e-09
790 1.078480e-09
791 6.878423e-10
792 4.322553e-10
793 2.624943e-10
794 1.519823e-10
795 6.631319e-08
796 5.671314e-08
797 4.462468e-08
798 3.253524e-08
799 2.245175e-08
800 1.474794e-08
801 9.069296e-09
802 5.432387e-09
803 3.264735e-09
804 2.002412e-09
805 1.257774e-09
806 7.990848e-10
807 5.028741e-10
808 3.072481e-10
809 1.796187e-10
810 7.610972e-08
811 6.655660e-08
812 5.360123e-08
813 3.985623e-08
814 2.787034e-08
815 1.857142e-08
816 1.161692e-08
817 6.940981e-09
818 4.147105e-09
819 2.505467e-09
820 1.549540e-09
821 9.741929e-10
822 6.113359e-10
823 3.753135e-10
824 2.218794e-10
825 5.059558e-07
826 3.695575e-07
827 2.738339e-07
828 1.704755e-07
829 1.038478e-07
830 6.152111e-08
831 3.756454e-08
832 2.409821e-08
833 1.626708e-08
834 0.000000e+00
835 0.000000e+00
836 0.000000e+00
837 0.000000e+00
838 0.000000e+00
839 0.000000e+00
840 7.608370e-07
841 5.558594e-07
842 4.123259e-07
843 2.595882e-07
844 1.577540e-07
845 9.334029e-08
846 5.688708e-08
847 3.636038e-08
848 2.447815e-08
849 0.000000e+00
850 0.000000e+00
851 0.000000e+00
852 0.000000e+00
853 0.000000e+00
854 0.000000e+00
855 9.033052e-07
856 6.600182e-07
857 4.897444e-07
858 3.094963e-07
859 1.879192e-07
860 1.111478e-07
861 6.769941e-08
862 4.321840e-08
863 2.906883e-08
864 0.000000e+00
865 0.000000e+00
866 0.000000e+00
867 0.000000e+00
868 0.000000e+00
869 0.000000e+00
870 9.991549e-07
871 7.300917e-07
872 5.418303e-07
873 3.430735e-07
874 2.082153e-07
875 1.231287e-07
876 7.497389e-08
877 4.783279e-08
878 3.215734e-08
879 0.000000e+00
880 0.000000e+00
881 0.000000e+00
882 0.000000e+00
883 0.000000e+00
884 0.000000e+00
885 1.073860e-06
886 7.847107e-07
887 5.824230e-07
888 3.692429e-07
889 2.240340e-07
890 1.324667e-07
891 8.064357e-08
892 5.142911e-08
893 3.456470e-08
894 0.000000e+00
895 0.000000e+00
896 0.000000e+00
897 0.000000e+00
898 0.000000e+00
899 0.000000e+00
900 1.129273e-06
901 8.252231e-07
902 6.125361e-07
903 3.886543e-07
904 2.357669e-07
905 1.393935e-07
906 8.484896e-08
907 5.409683e-08
908 3.635031e-08
909 0.000000e+00
910 0.000000e+00
911 0.000000e+00
912 0.000000e+00
913 0.000000e+00
914 0.000000e+00
915 1.180112e-06
916 8.623897e-07
917 6.401608e-07
918 4.064642e-07
919 2.465320e-07
920 1.457476e-07
921 8.870730e-08
922 5.654409e-08
923 3.798846e-08
924 0.000000e+00
925 0.000000e+00
926 0.000000e+00
927 0.000000e+00
928 0.000000e+00
929 0.000000e+00
930 1.228312e-06
931 8.976298e-07
932 6.663536e-07
933 4.233495e-07
934 2.567381e-07
935 1.517721e-07
936 9.236533e-08
937 5.886438e-08
938 3.954153e-08
939 0.000000e+00
940 0.000000e+00
941 0.000000e+00
942 0.000000e+00
943 0.000000e+00
944 0.000000e+00
945 1.284540e-06
946 9.387403e-07
947 6.969076e-07
948 4.430480e-07
949 2.686439e-07
950 1.588006e-07
951 9.663303e-08
952 6.157103e-08
953 4.135348e-08
954 0.000000e+00
955 0.000000e+00
956 0.000000e+00
957 0.000000e+00
958 0.000000e+00
959 0.000000e+00
960 3.377908e-07
961 2.690572e-07
962 1.951780e-07
963 1.463662e-07
964 9.057810e-08
965 5.544050e-08
966 3.222440e-08
967 1.926829e-08
968 1.207443e-08
969 7.993749e-09
970 0.000000e+00
971 0.000000e+00
972 0.000000e+00
973 0.000000e+00
974 0.000000e+00
975 5.199593e-07
976 4.169399e-07
977 3.027341e-07
978 2.268166e-07
979 1.421502e-07
980 8.667334e-08
981 5.034241e-08
982 3.006201e-08
983 1.877151e-08
984 1.239198e-08
985 0.000000e+00
986 0.000000e+00
987 0.000000e+00
988 0.000000e+00
989 0.000000e+00
990 6.445870e-07
991 5.182164e-07
992 3.764137e-07
993 2.819123e-07
994 1.775359e-07
995 1.080837e-07
996 6.276357e-08
997 3.746185e-08
998 2.336082e-08
999 1.540460e-08
1000 0.000000e+00
1001 0.000000e+00
1002 0.000000e+00
1003 0.000000e+00
1004 0.000000e+00
1005 7.416985e-07
1006 5.971263e-07
1007 4.338175e-07
1008 3.248397e-07
1009 2.051064e-07
1010 1.247645e-07
1011 7.244167e-08
1012 4.322756e-08
1013 2.693645e-08
1014 1.775183e-08
1015 0.000000e+00
1016 0.000000e+00
1017 0.000000e+00
1018 0.000000e+00
1019 0.000000e+00
1020 8.137442e-07
1021 6.556639e-07
1022 4.764053e-07
1023 3.566854e-07
1024 2.255608e-07
1025 1.371407e-07
1026 7.962166e-08
1027 4.750476e-08
1028 2.958925e-08
1029 1.949307e-08
1030 0.000000e+00
1031 0.000000e+00
1032 0.000000e+00
1033 0.000000e+00
1034 0.000000e+00
1035 8.798183e-07
1036 7.093561e-07
1037 5.154692e-07
1038 3.858942e-07
1039 2.443206e-07
1040 1.484915e-07
1041 8.620681e-08
1042 5.142800e-08
1043 3.202233e-08
1044 2.109034e-08
1045 0.000000e+00
1046 0.000000e+00
1047 0.000000e+00
1048 0.000000e+00
1049 0.000000e+00
1050 9.424805e-07
1051 7.602758e-07
1052 5.525108e-07
1053 4.135927e-07
1054 2.621099e-07
1055 1.592564e-07
1056 9.245195e-08
1057 5.514825e-08
1058 3.432962e-08
1059 2.260493e-08
1060 0.000000e+00
1061 0.000000e+00
1062 0.000000e+00
1063 0.000000e+00
1064 0.000000e+00
1065 1.015583e-06
1066 8.196806e-07
1067 5.957271e-07
1068 4.459108e-07
1069 2.828650e-07
1070 1.718155e-07
1071 9.973762e-08
1072 5.948896e-08
1073 3.702146e-08
1074 2.437200e-08
1075 0.000000e+00
1076 0.000000e+00
1077 0.000000e+00
1078 0.000000e+00
1079 0.000000e+00
1080 1.986773e-07
1081 1.807111e-07
1082 1.392382e-07
1083 1.006893e-07
1084 7.545305e-08
1085 4.362271e-08
1086 2.673745e-08
1087 1.541526e-08
1088 9.114729e-09
1089 5.670338e-09
1090 0.000000e+00
1091 0.000000e+00
1092 0.000000e+00
1093 0.000000e+00
1094 0.000000e+00
1095 3.300922e-07
1096 3.015358e-07
1097 2.332636e-07
1098 1.685798e-07
1099 1.265099e-07
1100 7.353844e-08
1101 4.518986e-08
1102 2.599329e-08
1103 1.531611e-08
1104 9.506891e-09
1105 0.000000e+00
1106 0.000000e+00
1107 0.000000e+00
1108 0.000000e+00
1109 0.000000e+00
1110 4.343426e-07
1111 3.974511e-07
1112 3.079508e-07
1113 2.225046e-07
1114 1.670678e-07
1115 9.732812e-08
1116 5.986602e-08
1117 3.440447e-08
1118 2.024460e-08
1119 1.255487e-08
1120 0.000000e+00
1121 0.000000e+00
1122 0.000000e+00
1123 0.000000e+00
1124 0.000000e+00
1125 5.116357e-07
1126 4.685587e-07
1127 3.633219e-07
1128 2.624836e-07
1129 1.971355e-07
1130 1.149645e-07
1131 7.074620e-08
1132 4.064026e-08
1133 2.389825e-08
1134 1.481459e-08
1135 0.000000e+00
1136 0.000000e+00
1137 0.000000e+00
1138 0.000000e+00
1139 0.000000e+00
1140 5.825280e-07
1141 5.337843e-07
1142 4.141103e-07
1143 2.991546e-07
1144 2.247160e-07
1145 1.311416e-07
1146 8.072635e-08
1147 4.636011e-08
1148 2.724965e-08
1149 1.688725e-08
1150 0.000000e+00
1151 0.000000e+00
1152 0.000000e+00
1153 0.000000e+00
1154 0.000000e+00
1155 6.497539e-07
1156 5.956330e-07
1157 4.622714e-07
1158 3.339270e-07
1159 2.508693e-07
1160 1.464817e-07
1161 9.018981e-08
1162 5.178390e-08
1163 3.042761e-08
1164 1.885262e-08
1165 0.000000e+00
1166 0.000000e+00
1167 0.000000e+00
1168 0.000000e+00
1169 0.000000e+00
1170 7.281842e-07
1171 6.677889e-07
1172 5.184572e-07
1173 3.744947e-07
1174 2.813797e-07
1175 1.643782e-07
1176 1.012303e-07
1177 5.811137e-08
1178 3.413526e-08
1179 2.114563e-08
1180 0.000000e+00
1181 0.000000e+00
1182 0.000000e+00
1183 0.000000e+00
1184 0.000000e+00
1185 1.319308e-07
1186 1.302338e-07
1187 1.095259e-07
1188 8.001132e-08
1189 5.943678e-08
1190 4.040426e-08
1191 2.384004e-08
1192 1.358346e-08
1193 7.852782e-09
1194 4.640216e-09
1195 2.906494e-09
1196 0.000000e+00
1197 0.000000e+00
1198 0.000000e+00
1199 0.000000e+00
1200 2.347443e-07
1201 2.323889e-07
1202 1.961750e-07
1203 1.435622e-07
1204 1.064700e-07
1205 7.289023e-08
1206 4.279381e-08
1207 2.441715e-08
1208 1.413518e-08
1209 8.337332e-09
1210 5.211439e-09
1211 0.000000e+00
1212 0.000000e+00
1213 0.000000e+00
1214 0.000000e+00
1215 3.120907e-07
1216 3.092699e-07
1217 2.614186e-07
1218 1.914255e-07
1219 1.418862e-07
1220 9.737113e-08
1221 5.706919e-08
1222 3.257878e-08
1223 1.886820e-08
1224 1.112227e-08
1225 6.947301e-09
1226 0.000000e+00
1227 0.000000e+00
1228 0.000000e+00
1229 0.000000e+00
1230 3.829712e-07
1231 3.797223e-07
1232 3.212029e-07
1233 2.352840e-07
1234 1.743382e-07
1235 1.198053e-07
1236 7.015020e-08
1237 4.005780e-08
1238 2.320537e-08
1239 1.367430e-08
1240 8.537884e-09
1241 0.000000e+00
1242 0.000000e+00
1243 0.000000e+00
1244 0.000000e+00
1245 4.501895e-07
1246 4.465292e-07
1247 3.778981e-07
1248 2.768758e-07
1249 2.051142e-07
1250 1.410795e-07
1251 8.255540e-08
1252 4.715032e-08
1253 2.731844e-08
1254 1.609445e-08
1255 1.004630e-08
1256 0.000000e+00
1257 0.000000e+00
1258 0.000000e+00
1259 0.000000e+00
1260 5.286022e-07
1261 5.244685e-07
1262 4.440388e-07
1263 3.253990e-07
1264 2.410172e-07
1265 1.658970e-07
1266 9.702742e-08
1267 5.542399e-08
1268 3.211652e-08
1269 1.891770e-08
1270 1.180603e-08
1271 0.000000e+00
1272 0.000000e+00
1273 0.000000e+00
1274 0.000000e+00
1275 9.845934e-08
1276 1.025376e-07
1277 9.281671e-08
1278 7.102506e-08
1279 5.133723e-08
1280 3.845997e-08
1281 2.173667e-08
1282 1.313112e-08
1283 7.418033e-09
1284 4.283604e-09
1285 2.564023e-09
1286 0.000000e+00
1287 0.000000e+00
1288 0.000000e+00
1289 0.000000e+00
1290 1.732055e-07
1291 1.807265e-07
1292 1.640591e-07
1293 1.258564e-07
1294 9.091636e-08
1295 6.820844e-08
1296 3.865120e-08
1297 2.341914e-08
1298 1.320278e-08
1299 7.607181e-09
1300 4.545186e-09
1301 0.000000e+00
1302 0.000000e+00
1303 0.000000e+00
1304 0.000000e+00
1305 2.422471e-07
1306 2.529630e-07
1307 2.298950e-07
1308 1.765394e-07
1309 1.275002e-07
1310 9.570829e-08
1311 5.429348e-08
1312 3.293573e-08
1313 1.855292e-08
1314 1.068007e-08
1315 6.376588e-09
1316 0.000000e+00
1317 0.000000e+00
1318 0.000000e+00
1319 0.000000e+00
1320 3.076551e-07
1321 3.213945e-07
1322 2.922635e-07
1323 2.245541e-07
1324 1.621580e-07
1325 1.217597e-07
1326 6.911107e-08
1327 4.195046e-08
1328 2.362093e-08
1329 1.359096e-08
1330 8.111525e-09
1331 0.000000e+00
1332 0.000000e+00
1333 0.000000e+00
1334 0.000000e+00
1335 3.839617e-07
1336 4.012289e-07
1337 3.650251e-07
1338 2.805669e-07
1339 2.025878e-07
1340 1.521506e-07
1341 8.639719e-08
1342 5.246728e-08
1343 2.953329e-08
1344 1.698685e-08
1345 1.013549e-08
1346 0.000000e+00
1347 0.000000e+00
1348 0.000000e+00
1349 0.000000e+00
1350 7.245845e-08
1351 7.843178e-08
1352 7.521324e-08
1353 6.095421e-08
1354 4.397514e-08
1355 3.315075e-08
1356 2.071054e-08
1357 1.269731e-08
1358 7.049206e-09
1359 3.881696e-09
1360 2.243390e-09
1361 1.364258e-09
1362 0.000000e+00
1363 0.000000e+00
1364 0.000000e+00
1365 1.382363e-07
1366 1.498751e-07
1367 1.440828e-07
1368 1.171095e-07
1369 8.454218e-08
1370 6.367193e-08
1371 4.004575e-08
1372 2.448027e-08
1373 1.359354e-08
1374 7.489031e-09
1375 4.318417e-09
1376 2.620452e-09
1377 0.000000e+00
1378 0.000000e+00
1379 0.000000e+00
1380 2.008095e-07
1381 2.178460e-07
1382 2.096170e-07
1383 1.705563e-07
1384 1.231560e-07
1385 9.272033e-08
1386 5.845722e-08
1387 3.569745e-08
1388 1.982373e-08
1389 1.092368e-08
1390 6.293704e-09
1391 3.816054e-09
1392 0.000000e+00
1393 0.000000e+00
1394 0.000000e+00
1395 2.737687e-07
1396 2.970982e-07
1397 2.860259e-07
1398 2.328715e-07
1399 1.681762e-07
1400 1.265886e-07
1401 7.992351e-08
1402 4.877568e-08
1403 2.708758e-08
1404 1.492808e-08
1405 8.596705e-09
1406 5.210044e-09
1407 0.000000e+00
1408 0.000000e+00
1409 0.000000e+00
1410 5.886252e-08
1411 6.569473e-08
1412 6.599734e-08
1413 5.669005e-08
1414 4.178618e-08
1415 3.077700e-08
1416 2.168212e-08
1417 1.237078e-08
1418 6.964570e-09
1419 3.940896e-09
1420 2.192090e-09
1421 1.278444e-09
1422 0.000000e+00
1423 0.000000e+00
1424 0.000000e+00
1425 1.177326e-07
1426 1.315826e-07
1427 1.324716e-07
1428 1.141257e-07
1429 8.426556e-08
1430 6.198609e-08
1431 4.387699e-08
1432 2.495166e-08
1433 1.407777e-08
1434 7.964774e-09
1435 4.427933e-09
1436 2.577297e-09
1437 0.000000e+00
1438 0.000000e+00
1439 0.000000e+00
1440 1.862913e-07
1441 2.083178e-07
1442 2.098957e-07
1443 1.810271e-07
1444 1.337484e-07
1445 9.833915e-08
1446 6.973357e-08
1447 3.960710e-08
1448 2.236475e-08
1449 1.265238e-08
1450 7.032614e-09
1451 4.090275e-09
1452 0.000000e+00
1453 0.000000e+00
1454 0.000000e+00
1455 5.122636e-08
1456 5.870362e-08
1457 6.136023e-08
1458 5.575163e-08
1459 4.275527e-08
1460 3.088032e-08
1461 2.319415e-08
1462 1.300345e-08
1463 7.777951e-09
1464 4.261385e-09
1465 2.349202e-09
1466 1.311712e-09
1467 0.000000e+00
1468 0.000000e+00
1469 0.000000e+00
1470 1.142579e-07
1471 1.311073e-07
1472 1.373071e-07
1473 1.251184e-07
1474 9.620110e-08
1475 6.944257e-08
1476 5.223059e-08
1477 2.937099e-08
1478 1.762921e-08
1479 9.640447e-09
1480 5.301935e-09
1481 2.954351e-09
1482 0.000000e+00
1483 0.000000e+00
1484 0.000000e+00
1485 5.350019e-08
1486 6.286535e-08
1487 6.816302e-08
1488 6.543904e-08
1489 5.305932e-08
1490 3.828534e-08
1491 2.888227e-08
1492 1.795844e-08
1493 1.092905e-08
1494 5.930769e-09
1495 3.123796e-09
1496 1.685371e-09
1497 9.385623e-10
1498 0.000000e+00
1499 0.000000e+00
1500 1.109684e-04
1501 8.086786e-05
1502 6.035546e-05
1503 3.805236e-05
1504 2.321989e-05
1505 1.369104e-05
1506 8.324421e-06
1507 5.304277e-06
1508 3.565556e-06
1509 0.000000e+00
1510 0.000000e+00
1511 0.000000e+00
1512 0.000000e+00
1513 0.000000e+00
1514 0.000000e+00
1515 5.757601e-05
1516 4.644359e-05
1517 3.369791e-05
1518 2.528332e-05
1519 1.597668e-05
1520 9.754545e-06
1521 5.648866e-06
1522 3.364481e-06
1523 2.093966e-06
1524 1.379138e-06
1525 0.000000e+00
1526 0.000000e+00
1527 0.000000e+00
1528 0.000000e+00
1529 0.000000e+00
1530 4.047788e-05
1531 3.713775e-05
1532 2.882267e-05
1533 2.080348e-05
1534 1.566222e-05
1535 9.111532e-06
1536 5.625604e-06
1537 3.225263e-06
1538 1.896511e-06
1539 1.174730e-06
1540 0.000000e+00
1541 0.000000e+00
1542 0.000000e+00
1543 0.000000e+00
1544 0.000000e+00
1545 2.912801e-05
1546 2.891312e-05
1547 2.448503e-05
1548 1.793535e-05
1549 1.328396e-05
1550 9.154542e-06
1551 5.351144e-06
1552 3.053081e-06
1553 1.771954e-06
1554 1.042590e-06
1555 6.506122e-07
1556 0.000000e+00
1557 0.000000e+00
1558 0.000000e+00
1559 0.000000e+00
1560 2.085098e-05
1561 2.179680e-05
1562 1.983793e-05
1563 1.524768e-05
1564 1.100576e-05
1565 8.274949e-06
1566 4.689296e-06
1567 2.850415e-06
1568 1.602925e-06
1569 9.233707e-07
1570 5.506294e-07
1571 0.000000e+00
1572 0.000000e+00
1573 0.000000e+00
1574 0.000000e+00
1575 1.487210e-05
1576 1.614453e-05
1577 1.554949e-05
1578 1.266314e-05
1579 9.143013e-06
1580 6.883420e-06
1581 4.347301e-06
1582 2.655947e-06
1583 1.474901e-06
1584 8.112783e-07
1585 4.673052e-07
1586 2.832009e-07
1587 0.000000e+00
1588 0.000000e+00
1589 0.000000e+00
1590 1.001028e-05
1591 1.119728e-05
1592 1.128693e-05
1593 9.739022e-06
1594 7.195644e-06
1595 5.289411e-06
1596 3.755371e-06
1597 2.130464e-06
1598 1.202339e-06
1599 6.811759e-07
1600 3.783133e-07
1601 2.200058e-07
1602 0.000000e+00
1603 0.000000e+00
1604 0.000000e+00
1605 6.201116e-06
1606 7.118100e-06
1607 7.458527e-06
1608 6.801106e-06
1609 5.231433e-06
1610 3.775220e-06
1611 2.841823e-06
1612 1.597077e-06
1613 9.596537e-07
1614 5.242846e-07
1615 2.885232e-07
1616 1.606418e-07
1617 0.000000e+00
1618 0.000000e+00
1619 0.000000e+00
1620 3.163407e-06
1621 3.720115e-06
1622 4.038202e-06
1623 3.883392e-06
1624 3.154630e-06
1625 2.276770e-06
1626 1.716871e-06
1627 1.071974e-06
1628 6.518364e-07
1629 3.538249e-07
1630 1.861971e-07
1631 1.003484e-07
1632 5.578990e-08
1633 0.000000e+00
1634 0.000000e+00
1635 8.891198e-07
1636 1.072208e-06
1637 1.206146e-06
1638 1.224576e-06
1639 1.066696e-06
1640 7.933436e-07
1641 5.815894e-07
1642 4.169104e-07
1643 2.343421e-07
1644 1.314261e-07
1645 7.164692e-08
1646 3.730540e-08
1647 1.958823e-08
1648 0.000000e+00
1649 0.000000e+00
