0 2.188874e-09
1 1.420946e-09
2 8.930548e-10
3 5.629348e-10
4 3.622238e-10
5 2.385052e-10
6 1.586253e-10
7 1.041318e-10
8 6.591783e-11
9 3.952472e-11
10 2.224044e-11
11 1.172822e-11
12 5.837036e-12
13 2.773423e-12
14 1.273692e-12
15 3.718991e-09
16 2.471024e-09
17 1.568641e-09
18 9.777302e-10
19 6.187792e-10
20 4.010791e-10
21 2.655261e-10
22 1.760839e-10
23 1.141016e-10
24 7.069402e-11
25 4.124196e-11
26 2.252505e-11
27 1.154908e-11
28 5.611830e-12
29 2.617085e-12
30 4.250291e-09
31 2.842751e-09
32 1.814094e-09
33 1.129117e-09
34 7.116353e-10
35 4.589214e-10
36 3.029331e-10
37 2.011085e-10
38 1.309372e-10
39 8.175258e-11
40 4.815481e-11
41 2.656851e-11
42 1.374338e-11
43 6.725749e-12
44 3.152396e-12
45 4.552618e-09
46 3.053847e-09
47 1.953635e-09
48 1.215188e-09
49 7.644554e-10
50 4.918652e-10
51 3.242318e-10
52 2.152992e-10
53 1.405111e-10
54 8.803903e-11
55 5.208807e-11
56 2.886719e-11
57 1.499252e-11
58 7.360950e-12
59 3.457853e-12
60 4.738803e-09
61 3.184211e-09
62 2.039706e-09
63 1.268429e-09
64 7.971405e-10
65 5.122244e-10
66 3.373752e-10
67 2.240791e-10
68 1.464039e-10
69 9.192505e-11
70 5.451887e-11
71 3.028664e-11
72 1.576503e-11
73 7.753662e-12
74 3.647001e-12
75 4.885597e-09
76 3.287134e-09
77 2.107475e-09
78 1.310374e-09
79 8.228154e-10
80 5.281864e-10
81 3.477194e-10
82 2.309905e-10
83 1.510584e-10
84 9.498293e-11
85 5.643495e-11
86 3.140349e-11
87 1.637276e-11
88 8.062673e-12
89 3.795265e-12
90 5.004602e-09
91 3.370917e-09
92 2.162721e-09
93 1.344461e-09
94 8.437385e-10
95 5.412692e-10
96 3.562038e-10
97 2.366127e-10
98 1.548450e-10
99 9.746867e-11
100 5.798756e-11
101 3.231215e-11
102 1.687085e-11
103 8.314168e-12
104 3.916375e-12
105 5.108906e-09
106 3.443188e-09
107 2.210615e-09
108 1.373931e-09
109 8.618589e-10
110 5.525408e-10
111 3.634730e-10
112 2.414992e-10
113 1.581523e-10
114 9.964182e-11
115 5.934400e-11
116 3.310493e-11
117 1.729669e-11
118 8.531018e-12
119 4.020368e-12
120 5.208098e-09
121 3.513072e-09
122 2.257012e-09
123 1.402163e-09
124 8.792949e-10
125 5.634123e-10
126 3.704934e-10
127 2.462466e-10
128 1.613449e-10
129 1.016894e-10
130 6.064527e-11
131 3.386662e-11
132 1.770959e-11
133 8.741197e-12
134 4.121735e-12
135 5.322285e-09
136 3.592332e-09
137 2.309794e-09
138 1.435213e-09
139 8.994077e-10
140 5.759438e-10
141 3.785689e-10
142 2.515467e-10
143 1.649526e-10
144 1.041321e-10
145 6.215077e-11
146 3.474793e-11
147 1.819019e-11
148 8.982712e-12
149 4.237576e-12
150 7.870965e-09
151 5.417428e-09
152 3.556702e-09
153 2.220450e-09
154 1.377008e-09
155 8.684038e-10
156 5.633677e-10
157 3.729287e-10
158 2.466059e-10
159 1.587250e-10
160 9.730546e-11
161 5.604571e-11
162 3.018642e-11
163 1.526871e-11
164 7.330360e-12
165 9.946422e-09
166 6.931572e-09
167 4.616785e-09
168 2.911690e-09
169 1.796091e-09
170 1.123575e-09
171 7.209045e-10
172 4.742548e-10
173 3.140930e-10
174 2.040631e-10
175 1.270650e-10
176 7.459811e-11
177 4.098362e-11
178 2.110236e-11
179 1.027402e-11
180 1.118226e-08
181 7.837082e-09
182 5.251254e-09
183 3.328833e-09
184 2.049939e-09
185 1.278005e-09
186 8.158774e-10
187 5.350681e-10
188 3.544217e-10
189 2.311737e-10
190 1.448889e-10
191 8.576019e-11
192 4.752127e-11
193 2.465823e-11
194 1.207984e-11
195 1.194481e-08
196 8.396432e-09
197 5.644099e-09
198 3.587315e-09
199 2.207126e-09
200 1.373376e-09
201 8.746558e-10
202 5.726733e-10
203 3.794128e-10
204 2.479246e-10
205 1.559056e-10
206 9.265845e-11
207 5.156151e-11
208 2.685766e-11
209 1.319777e-11
210 1.254560e-08
211 8.837901e-09
212 5.953713e-09
213 3.791244e-09
214 2.331216e-09
215 1.448779e-09
216 9.210545e-10
217 6.023812e-10
218 3.990750e-10
219 2.611383e-10
220 1.645940e-10
221 9.809732e-11
222 5.474738e-11
223 2.859157e-11
224 1.408032e-11
225 1.303581e-08
226 9.197006e-09
227 6.205513e-09
228 3.956473e-09
229 2.431844e-09
230 1.510151e-09
231 9.587964e-10
232 6.264953e-10
233 4.150701e-10
234 2.718611e-10
235 1.716424e-10
236 1.025115e-10
237 5.733267e-11
238 3.000042e-11
239 1.479406e-11
240 1.346074e-08
241 9.507583e-09
242 6.424142e-09
243 4.099595e-09
244 2.518852e-09
245 1.563104e-09
246 9.913118e-10
247 6.473762e-10
248 4.289970e-10
249 2.812078e-10
250 1.777883e-10
251 1.063649e-10
252 5.959114e-11
253 3.122528e-11
254 1.541109e-11
255 1.386384e-08
256 9.804173e-09
257 6.631864e-09
258 4.237717e-09
259 2.602898e-09
260 1.613714e-09
261 1.022385e-09
262 6.673046e-10
263 4.421814e-10
264 2.900726e-10
265 1.836160e-10
266 1.100021e-10
267 6.172022e-11
268 3.238665e-11
269 1.600449e-11
270 1.433471e-08
271 1.014906e-08
272 6.873189e-09
273 4.395712e-09
274 2.699043e-09
275 1.672602e-09
276 1.058916e-09
277 6.905999e-10
278 4.575792e-10
279 3.004043e-10
280 1.904063e-10
281 1.142659e-10
282 6.422578e-11
283 3.374498e-11
284 1.669437e-11
285 1.363999e-08
286 9.702441e-09
287 6.589136e-09
288 4.250740e-09
289 2.618850e-09
290 1.622287e-09
291 1.022759e-09
292 6.636035e-10
293 4.378494e-10
294 2.870015e-10
295 1.822228e-10
296 1.098944e-10
297 6.222738e-11
298 3.298744e-11
299 1.645661e-11
300 1.612627e-08
301 1.160525e-08
302 7.954272e-09
303 5.192361e-09
304 3.211776e-09
305 1.978935e-09
306 1.237850e-09
307 7.967985e-10
308 5.237021e-10
309 3.440864e-10
310 2.202351e-10
311 1.344626e-10
312 7.726105e-11
313 4.157050e-11
314 2.101253e-11
315 1.768897e-08
316 1.280705e-08
317 8.817813e-09
318 5.789722e-09
319 3.589417e-09
320 2.205865e-09
321 1.374773e-09
322 8.814096e-10
323 5.781352e-10
324 3.802071e-10
325 2.442823e-10
326 1.500199e-10
327 8.680074e-11
328 4.703317e-11
329 2.392191e-11
330 1.892331e-08
331 1.375605e-08
332 9.500390e-09
333 6.259078e-09
334 3.887202e-09
335 2.385133e-09
336 1.482650e-09
337 9.481699e-10
338 6.211716e-10
339 4.087046e-10
340 2.632542e-10
341 1.622962e-10
342 9.432978e-11
343 5.134477e-11
344 2.621838e-11
345 1.992305e-08
346 1.452452e-08
347 1.005250e-08
348 6.641517e-09
349 4.128842e-09
350 2.530418e-09
351 1.570226e-09
352 1.002253e-09
353 6.558707e-10
354 4.317456e-10
355 2.786127e-10
356 1.722333e-10
357 1.004236e-10
358 5.483436e-11
359 2.807836e-11
360 2.079754e-08
361 1.519731e-08
362 1.053613e-08
363 6.974967e-09
364 4.339150e-09
365 2.657687e-09
366 1.646607e-09
367 1.049501e-09
368 6.863017e-10
369 4.519487e-10
370 2.920337e-10
371 1.809169e-10
372 1.057498e-10
373 5.788509e-11
374 2.970202e-11
375 2.162247e-08
376 1.583014e-08
377 1.099151e-08
378 7.289946e-09
379 4.538269e-09
380 2.776950e-09
381 1.718956e-09
382 1.094118e-09
383 7.150148e-10
384 4.710054e-10
385 3.047301e-10
386 1.891236e-10
387 1.107811e-10
388 6.076574e-11
389 3.123576e-11
390 2.258804e-08
391 1.657362e-08
392 1.152518e-08
393 7.657630e-09
394 4.771867e-09
395 2.918115e-09
396 1.803666e-09
397 1.146560e-09
398 7.486409e-10
399 4.933624e-10
400 3.196052e-10
401 1.987530e-10
402 1.166763e-10
403 6.414035e-11
404 3.303342e-11
405 1.994476e-08
406 1.463382e-08
407 1.016345e-08
408 6.744517e-09
409 4.224954e-09
410 2.586112e-09
411 1.602972e-09
412 1.018436e-09
413 6.634812e-10
414 4.357447e-10
415 2.812380e-10
416 1.744107e-10
417 1.022819e-10
418 5.626844e-11
419 2.904442e-11
420 2.251830e-08
421 1.670782e-08
422 1.169121e-08
423 7.819813e-09
424 4.939239e-09
425 3.015610e-09
426 1.861638e-09
427 1.174311e-09
428 7.608455e-10
429 4.990420e-10
430 3.232466e-10
431 2.019676e-10
432 1.196474e-10
433 6.658036e-11
434 3.475314e-11
435 2.456379e-08
436 1.836078e-08
437 1.290815e-08
438 8.678939e-09
439 5.510925e-09
440 3.360542e-09
441 2.069319e-09
442 1.299191e-09
443 8.388979e-10
444 5.496676e-10
445 3.567996e-10
446 2.239828e-10
447 1.335392e-10
448 7.484123e-11
449 3.933510e-11
450 2.622131e-08
451 1.970081e-08
452 1.389832e-08
453 9.377938e-09
454 5.973818e-09
455 3.640124e-09
456 2.237497e-09
457 1.400331e-09
458 9.020551e-10
459 5.906576e-10
460 3.839681e-10
461 2.418072e-10
462 1.447863e-10
463 8.152918e-11
464 4.304357e-11
465 2.766997e-08
466 2.087111e-08
467 1.476092e-08
468 9.984284e-09
469 6.378069e-09
470 3.884153e-09
471 2.384069e-09
472 1.488767e-09
473 9.571509e-10
474 6.264506e-10
475 4.076797e-10
476 2.573632e-10
477 1.546026e-10
478 8.736726e-11
479 4.628256e-11
480 2.903894e-08
481 2.197395e-08
482 1.557606e-08
483 1.055842e-08
484 6.761138e-09
485 4.114384e-09
486 2.522942e-09
487 1.572212e-09
488 1.009228e-09
489 6.602720e-10
490 4.301038e-10
491 2.720966e-10
492 1.638818e-10
493 9.288373e-11
494 4.934090e-11
495 3.064194e-08
496 2.326725e-08
497 1.653048e-08
498 1.123210e-08
499 7.208244e-09
500 4.384572e-09
501 2.685446e-09
502 1.670035e-09
503 1.070272e-09
504 6.998790e-10
505 4.563572e-10
506 2.892768e-10
507 1.747499e-10
508 9.934676e-11
509 5.292609e-11
510 2.604429e-08
511 1.964045e-08
512 1.389730e-08
513 9.388343e-09
514 6.007761e-09
515 3.668681e-09
516 2.253896e-09
517 1.407572e-09
518 9.040247e-10
519 5.906093e-10
520 3.835309e-10
521 2.416685e-10
522 1.450213e-10
523 8.195807e-11
524 4.347006e-11
525 2.896016e-08
526 2.209434e-08
527 1.575509e-08
528 1.071601e-08
529 6.916665e-09
530 4.230955e-09
531 2.590271e-09
532 1.607121e-09
533 1.026083e-09
534 6.681141e-10
535 4.343239e-10
536 2.750826e-10
537 1.664300e-10
538 9.500457e-11
539 5.092350e-11
540 3.133466e-08
541 2.409245e-08
542 1.727192e-08
543 1.179977e-08
544 7.657584e-09
545 4.690771e-09
546 2.864950e-09
547 1.770216e-09
548 1.125621e-09
549 7.313326e-10
550 4.757293e-10
551 3.023128e-10
552 1.838793e-10
553 1.056437e-10
554 5.700603e-11
555 3.340520e-08
556 2.583564e-08
557 1.859835e-08
558 1.274406e-08
559 8.305299e-09
560 5.092008e-09
561 3.104945e-09
562 1.912586e-09
563 1.212575e-09
564 7.865449e-10
565 5.118692e-10
566 3.260775e-10
567 1.991084e-10
568 1.149305e-10
569 6.231675e-11
570 3.536422e-08
571 2.748442e-08
572 1.984952e-08
573 1.363699e-08
574 8.918557e-09
575 5.471270e-09
576 3.331740e-09
577 2.047489e-09
578 1.294792e-09
579 8.387607e-10
580 5.460774e-10
581 3.485747e-10
582 2.135240e-10
583 1.237193e-10
584 6.734076e-11
585 3.766518e-08
586 2.941562e-08
587 2.131446e-08
588 1.468565e-08
589 9.634505e-09
590 5.915447e-09
591 3.597369e-09
592 2.204982e-09
593 1.390947e-09
594 8.998014e-10
595 5.860526e-10
596 3.748669e-10
597 2.303742e-10
598 1.339936e-10
599 7.321591e-11
600 3.282800e-08
601 2.545541e-08
602 1.836648e-08
603 1.260026e-08
604 8.227877e-09
605 5.066187e-09
606 3.086035e-09
607 1.900431e-09
608 1.202441e-09
609 7.781758e-10
610 5.055362e-10
611 3.218200e-10
612 1.966204e-10
613 1.137057e-10
614 6.183925e-11
615 3.607416e-08
616 2.828866e-08
617 2.059233e-08
618 1.421169e-08
619 9.349643e-09
620 5.787880e-09
621 3.514263e-09
622 2.154324e-09
623 1.354338e-09
624 8.724574e-10
625 5.662439e-10
626 3.615596e-10
627 2.222980e-10
628 1.296591e-10
629 7.119923e-11
630 3.890837e-08
631 3.076826e-08
632 2.253893e-08
633 1.562004e-08
634 1.033273e-08
635 6.420305e-09
636 3.889584e-09
637 2.377137e-09
638 1.487616e-09
639 9.550298e-10
640 6.193955e-10
641 3.963409e-10
642 2.447716e-10
643 1.436255e-10
644 7.939751e-11
645 4.159070e-08
646 3.311443e-08
647 2.437886e-08
648 1.695537e-08
649 1.126382e-08
650 7.018952e-09
651 4.245062e-09
652 2.587783e-09
653 1.613754e-09
654 1.033202e-09
655 6.697065e-10
656 4.292692e-10
657 2.660476e-10
658 1.568453e-10
659 8.715506e-11
660 4.473524e-08
661 3.586613e-08
662 2.653354e-08
663 1.851506e-08
664 1.235040e-08
665 7.718466e-09
666 4.659962e-09
667 2.834025e-09
668 1.761002e-09
669 1.124530e-09
670 7.284625e-10
671 4.677299e-10
672 2.909005e-10
673 1.722893e-10
674 9.622053e-11
675 4.026027e-08
676 3.205671e-08
677 2.363119e-08
678 1.644658e-08
679 1.092315e-08
680 6.829497e-09
681 4.133457e-09
682 2.522481e-09
683 1.571398e-09
684 1.004471e-09
685 6.498714e-10
686 4.158777e-10
687 2.574905e-10
688 1.517845e-10
689 8.442235e-11
690 4.400103e-08
691 3.544828e-08
692 2.638468e-08
693 1.847628e-08
694 1.235557e-08
695 7.782321e-09
696 4.703078e-09
697 2.861308e-09
698 1.770559e-09
699 1.125067e-09
700 7.258851e-10
701 4.650799e-10
702 2.893325e-10
703 1.718282e-10
704 9.644068e-11
705 4.754871e-08
706 3.866186e-08
707 2.899219e-08
708 2.040381e-08
709 1.371597e-08
710 8.687164e-09
711 5.244248e-09
712 3.182650e-09
713 1.959602e-09
714 1.239597e-09
715 7.980493e-10
716 5.117859e-10
717 3.195571e-10
718 1.908530e-10
719 1.078478e-10
720 5.170006e-08
721 4.241523e-08
722 3.203909e-08
723 2.265660e-08
724 1.530245e-08
725 9.743585e-09
726 5.875749e-09
727 3.558259e-09
728 2.180261e-09
729 1.373203e-09
730 8.822317e-10
731 5.662775e-10
732 3.548208e-10
733 2.130501e-10
734 1.211586e-10
735 4.878118e-08
736 3.990518e-08
737 3.010607e-08
738 2.128406e-08
739 1.435271e-08
740 9.142574e-09
741 5.531085e-09
742 3.352380e-09
743 2.055988e-09
744 1.295069e-09
745 8.309226e-10
746 5.321771e-10
747 3.326277e-10
748 1.992796e-10
749 1.131556e-10
750 5.340463e-08
751 4.423480e-08
752 3.375227e-08
753 2.404550e-08
754 1.631943e-08
755 1.048491e-08
756 6.354965e-09
757 3.839383e-09
758 2.339200e-09
759 1.463243e-09
760 9.344118e-10
761 5.980122e-10
762 3.750109e-10
763 2.261477e-10
764 1.295448e-10
765 5.881186e-08
766 4.929918e-08
767 3.800050e-08
768 2.726686e-08
769 1.861485e-08
770 1.205310e-08
771 7.317809e-09
772 4.408541e-09
773 2.669878e-09
774 1.659601e-09
775 1.055184e-09
776 6.748473e-10
777 4.244743e-10
778 2.575039e-10
779 1.486736e-10
780 5.936776e-08
781 4.999024e-08
782 3.875209e-08
783 2.793670e-08
784 1.912438e-08
785 1.243322e-08
786 7.589817e-09
787 4.564108e-09
788 2.759659e-09
789 1.708739e-09
790 1.082068e-09
791 6.900815e-10
792 4.336855e-10
793 2.634021e-10
794 1.525419e-10
795 6.647501e-08
796 5.687687e-08
797 4.476305e-08
798 3.264291e-08
799 2.252985e-08
800 1.480247e-08
801 9.104115e-09
802 5.452642e-09
803 3.276470e-09
804 2.009234e-09
805 1.261865e-09
806 8.016287e-10
807 5.044957e-10
808 3.082811e-10
809 1.802598e-10
810 7.631104e-08
811 6.675937e-08
812 5.378660e-08
813 4.000787e-08
814 2.798274e-08
815 1.865084e-08
816 1.166998e-08
817 6.972456e-09
818 4.165537e-09
819 2.515961e-09
820 1.555613e-09
821 9.778275e-10
822 6.135820e-10
823 3.767211e-10
824 2.227531e-10
825 5.040347e-07
826 3.681441e-07
827 2.727871e-07
828 1.697531e-07
829 1.034211e-07
830 6.126951e-08
831 3.741284e-08
832 2.400367e-08
833 1.620475e-08
834 0.000000e+00
835 0.000000e+00
836 0.000000e+00
837 0.000000e+00
838 0.000000e+00
839 0.000000e+00
840 7.613553e-07
841 5.562383e-07
842 4.126075e-07
843 2.597699e-07
844 1.578638e-07
845 9.340510e-08
846 5.692643e-08
847 3.638533e-08
848 2.449486e-08
849 0.000000e+00
850 0.000000e+00
851 0.000000e+00
852 0.000000e+00
853 0.000000e+00
854 0.000000e+00
855 9.087643e-07
856 6.640097e-07
857 4.927108e-07
858 3.114078e-07
859 1.890749e-07
860 1.118300e-07
861 6.811371e-08
862 4.348117e-08
863 2.924474e-08
864 0.000000e+00
865 0.000000e+00
866 0.000000e+00
867 0.000000e+00
868 0.000000e+00
869 0.000000e+00
870 9.998440e-07
871 7.305955e-07
872 5.422048e-07
873 3.433149e-07
874 2.083612e-07
875 1.232148e-07
876 7.502619e-08
877 4.786597e-08
878 3.217954e-08
879 0.000000e+00
880 0.000000e+00
881 0.000000e+00
882 0.000000e+00
883 0.000000e+00
884 0.000000e+00
885 1.071704e-06
886 7.831348e-07
887 5.812517e-07
888 3.684877e-07
889 2.235776e-07
890 1.321973e-07
891 8.047996e-08
892 5.132534e-08
893 3.449524e-08
894 0.000000e+00
895 0.000000e+00
896 0.000000e+00
897 0.000000e+00
898 0.000000e+00
899 0.000000e+00
900 1.129936e-06
901 8.257080e-07
902 6.128965e-07
903 3.888866e-07
904 2.359073e-07
905 1.394764e-07
906 8.489929e-08
907 5.412876e-08
908 3.637168e-08
909 0.000000e+00
910 0.000000e+00
911 0.000000e+00
912 0.000000e+00
913 0.000000e+00
914 0.000000e+00
915 1.180737e-06
916 8.628466e-07
917 6.405005e-07
918 4.066833e-07
919 2.466644e-07
920 1.458258e-07
921 8.875475e-08
922 5.657419e-08
923 3.800860e-08
924 0.000000e+00
925 0.000000e+00
926 0.000000e+00
927 0.000000e+00
928 0.000000e+00
929 0.000000e+00
930 1.228904e-06
931 8.980624e-07
932 6.666751e-07
933 4.235567e-07
934 2.568634e-07
935 1.518460e-07
936 9.241023e-08
937 5.889286e-08
938 3.956059e-08
939 0.000000e+00
940 0.000000e+00
941 0.000000e+00
942 0.000000e+00
943 0.000000e+00
944 0.000000e+00
945 1.285111e-06
946 9.391577e-07
947 6.972178e-07
948 4.432479e-07
949 2.687652e-07
950 1.588719e-07
951 9.667635e-08
952 6.159851e-08
953 4.137186e-08
954 0.000000e+00
955 0.000000e+00
956 0.000000e+00
957 0.000000e+00
958 0.000000e+00
959 0.000000e+00
960 3.371412e-07
961 2.684803e-07
962 1.947517e-07
963 1.460529e-07
964 9.034438e-08
965 5.530787e-08
966 3.214738e-08
967 1.922243e-08
968 1.204707e-08
969 7.976424e-09
970 0.000000e+00
971 0.000000e+00
972 0.000000e+00
973 0.000000e+00
974 0.000000e+00
975 5.270663e-07
976 4.227136e-07
977 3.069349e-07
978 2.299578e-07
979 1.441681e-07
980 8.789421e-08
981 5.105079e-08
982 3.048392e-08
983 1.903317e-08
984 1.256371e-08
985 0.000000e+00
986 0.000000e+00
987 0.000000e+00
988 0.000000e+00
989 0.000000e+00
990 6.454810e-07
991 5.189424e-07
992 3.769418e-07
993 2.823072e-07
994 1.777895e-07
995 1.082372e-07
996 6.285260e-08
997 3.751489e-08
998 2.339372e-08
999 1.542620e-08
1000 0.000000e+00
1001 0.000000e+00
1002 0.000000e+00
1003 0.000000e+00
1004 0.000000e+00
1005 7.388980e-07
1006 5.948508e-07
1007 4.321630e-07
1008 3.236023e-07
1009 2.043114e-07
1010 1.242835e-07
1011 7.216249e-08
1012 4.306130e-08
1013 2.683329e-08
1014 1.768415e-08
1015 0.000000e+00
1016 0.000000e+00
1017 0.000000e+00
1018 0.000000e+00
1019 0.000000e+00
1020 8.146010e-07
1021 6.563604e-07
1022 4.769118e-07
1023 3.570642e-07
1024 2.258041e-07
1025 1.372879e-07
1026 7.970705e-08
1027 4.755563e-08
1028 2.962080e-08
1029 1.951378e-08
1030 0.000000e+00
1031 0.000000e+00
1032 0.000000e+00
1033 0.000000e+00
1034 0.000000e+00
1035 8.806393e-07
1036 7.100232e-07
1037 5.159545e-07
1038 3.862570e-07
1039 2.445536e-07
1040 1.486325e-07
1041 8.628861e-08
1042 5.147673e-08
1043 3.205256e-08
1044 2.111018e-08
1045 0.000000e+00
1046 0.000000e+00
1047 0.000000e+00
1048 0.000000e+00
1049 0.000000e+00
1050 9.432513e-07
1051 7.609021e-07
1052 5.529664e-07
1053 4.139334e-07
1054 2.623287e-07
1055 1.593888e-07
1056 9.252876e-08
1057 5.519401e-08
1058 3.435800e-08
1059 2.262355e-08
1060 0.000000e+00
1061 0.000000e+00
1062 0.000000e+00
1063 0.000000e+00
1064 0.000000e+00
1065 1.016324e-06
1066 8.202826e-07
1067 5.961651e-07
1068 4.462384e-07
1069 2.830753e-07
1070 1.719428e-07
1071 9.981146e-08
1072 5.953295e-08
1073 3.704875e-08
1074 2.438991e-08
1075 0.000000e+00
1076 0.000000e+00
1077 0.000000e+00
1078 0.000000e+00
1079 0.000000e+00
1080 2.048580e-07
1081 1.863583e-07
1082 1.436084e-07
1083 1.038463e-07
1084 7.782438e-08
1085 4.499899e-08
1086 2.758442e-08
1087 1.590203e-08
1088 9.401652e-09
1089 5.848375e-09
1090 0.000000e+00
1091 0.000000e+00
1092 0.000000e+00
1093 0.000000e+00
1094 0.000000e+00
1095 3.310671e-07
1096 3.024326e-07
1097 2.339623e-07
1098 1.690843e-07
1099 1.268893e-07
1100 7.376106e-08
1101 4.532723e-08
1102 2.607201e-08
1103 1.536221e-08
1104 9.535394e-09
1105 0.000000e+00
1106 0.000000e+00
1107 0.000000e+00
1108 0.000000e+00
1109 0.000000e+00
1110 4.313378e-07
1111 3.946873e-07
1112 3.057986e-07
1113 2.209508e-07
1114 1.658992e-07
1115 9.664264e-08
1116 5.944306e-08
1117 3.416214e-08
1118 2.010255e-08
1119 1.246706e-08
1120 0.000000e+00
1121 0.000000e+00
1122 0.000000e+00
1123 0.000000e+00
1124 0.000000e+00
1125 5.125570e-07
1126 4.694063e-07
1127 3.639819e-07
1128 2.629602e-07
1129 1.974939e-07
1130 1.151747e-07
1131 7.087589e-08
1132 4.071459e-08
1133 2.394180e-08
1134 1.484153e-08
1135 0.000000e+00
1136 0.000000e+00
1137 0.000000e+00
1138 0.000000e+00
1139 0.000000e+00
1140 5.834077e-07
1141 5.345941e-07
1142 4.147405e-07
1143 2.996093e-07
1144 2.250582e-07
1145 1.313423e-07
1146 8.085020e-08
1147 4.643108e-08
1148 2.729124e-08
1149 1.691297e-08
1150 0.000000e+00
1151 0.000000e+00
1152 0.000000e+00
1153 0.000000e+00
1154 0.000000e+00
1155 6.505794e-07
1156 5.963925e-07
1157 4.628627e-07
1158 3.343539e-07
1159 2.511904e-07
1160 1.466701e-07
1161 9.030601e-08
1162 5.185050e-08
1163 3.046663e-08
1164 1.887675e-08
1165 0.000000e+00
1166 0.000000e+00
1167 0.000000e+00
1168 0.000000e+00
1169 0.000000e+00
1170 7.289812e-07
1171 6.685234e-07
1172 5.190282e-07
1173 3.749070e-07
1174 2.816898e-07
1175 1.645601e-07
1176 1.013425e-07
1177 5.817568e-08
1178 3.417294e-08
1179 2.116893e-08
1180 0.000000e+00
1181 0.000000e+00
1182 0.000000e+00
1183 0.000000e+00
1184 0.000000e+00
1185 1.319792e-07
1186 1.302669e-07
1187 1.095368e-07
1188 8.001261e-08
1189 5.944213e-08
1190 4.039611e-08
1191 2.384014e-08
1192 1.358256e-08
1193 7.851926e-09
1194 4.640019e-09
1195 2.906632e-09
1196 0.000000e+00
1197 0.000000e+00
1198 0.000000e+00
1199 0.000000e+00
1200 2.317552e-07
1201 2.294178e-07
1202 1.936539e-07
1203 1.417121e-07
1204 1.051017e-07
1205 7.194427e-08
1206 4.224210e-08
1207 2.410181e-08
1208 1.395230e-08
1209 8.229726e-09
1210 5.144363e-09
1211 0.000000e+00
1212 0.000000e+00
1213 0.000000e+00
1214 0.000000e+00
1215 3.130126e-07
1216 3.101858e-07
1217 2.621963e-07
1218 1.919960e-07
1219 1.423083e-07
1220 9.766293e-08
1221 5.723935e-08
1222 3.267606e-08
1223 1.892461e-08
1224 1.115546e-08
1225 6.967995e-09
1226 0.000000e+00
1227 0.000000e+00
1228 0.000000e+00
1229 0.000000e+00
1230 3.838501e-07
1231 3.805958e-07
1232 3.219438e-07
1233 2.358278e-07
1234 1.747406e-07
1235 1.200835e-07
1236 7.031240e-08
1237 4.015048e-08
1238 2.325914e-08
1239 1.370596e-08
1240 8.557606e-09
1241 0.000000e+00
1242 0.000000e+00
1243 0.000000e+00
1244 0.000000e+00
1245 4.510160e-07
1246 4.473507e-07
1247 3.785951e-07
1248 2.773871e-07
1249 2.054926e-07
1250 1.413411e-07
1251 8.270792e-08
1252 4.723752e-08
1253 2.736901e-08
1254 1.612420e-08
1255 1.006485e-08
1256 0.000000e+00
1257 0.000000e+00
1258 0.000000e+00
1259 0.000000e+00
1260 5.293992e-07
1261 5.252599e-07
1262 4.447110e-07
1263 3.258921e-07
1264 2.413821e-07
1265 1.661492e-07
1266 9.717450e-08
1267 5.550808e-08
1268 3.216528e-08
1269 1.894639e-08
1270 1.182392e-08
1271 0.000000e+00
1272 0.000000e+00
1273 0.000000e+00
1274 0.000000e+00
1275 9.507443e-08
1276 9.899170e-08
1277 8.957715e-08
1278 6.852588e-08
1279 4.953406e-08
1280 3.710312e-08
1281 2.096303e-08
1282 1.265937e-08
1283 7.153236e-09
1284 4.131821e-09
1285 2.473685e-09
1286 0.000000e+00
1287 0.000000e+00
1288 0.000000e+00
1289 0.000000e+00
1290 1.741269e-07
1291 1.816914e-07
1292 1.649384e-07
1293 1.265336e-07
1294 9.140510e-08
1295 6.857595e-08
1296 3.886033e-08
1297 2.354647e-08
1298 1.327434e-08
1299 7.648257e-09
1300 4.569651e-09
1301 0.000000e+00
1302 0.000000e+00
1303 0.000000e+00
1304 0.000000e+00
1305 2.431021e-07
1306 2.538569e-07
1307 2.307100e-07
1308 1.771669e-07
1309 1.279531e-07
1310 9.604872e-08
1311 5.448712e-08
1312 3.305350e-08
1313 1.861914e-08
1314 1.071811e-08
1315 6.399260e-09
1316 0.000000e+00
1317 0.000000e+00
1318 0.000000e+00
1319 0.000000e+00
1320 3.084583e-07
1321 3.222353e-07
1322 2.930299e-07
1323 2.251441e-07
1324 1.625837e-07
1325 1.220798e-07
1326 6.929313e-08
1327 4.206117e-08
1328 2.368320e-08
1329 1.362672e-08
1330 8.132842e-09
1331 0.000000e+00
1332 0.000000e+00
1333 0.000000e+00
1334 0.000000e+00
1335 3.847374e-07
1336 4.020407e-07
1337 3.657647e-07
1338 2.811362e-07
1339 2.029987e-07
1340 1.524595e-07
1341 8.657289e-08
1342 5.257418e-08
1343 2.959339e-08
1344 1.702137e-08
1345 1.015606e-08
1346 0.000000e+00
1347 0.000000e+00
1348 0.000000e+00
1349 0.000000e+00
1350 7.289780e-08
1351 7.890368e-08
1352 7.566153e-08
1353 6.131238e-08
1354 4.423243e-08
1355 3.334581e-08
1356 2.082859e-08
1357 1.277087e-08
1358 7.089984e-09
1359 3.904008e-09
1360 2.256443e-09
1361 1.372275e-09
1362 0.000000e+00
1363 0.000000e+00
1364 0.000000e+00
1365 1.390707e-07
1366 1.507818e-07
1367 1.449572e-07
1368 1.178227e-07
1369 8.505757e-08
1370 6.405947e-08
1371 4.029157e-08
1372 2.463007e-08
1373 1.367670e-08
1374 7.534895e-09
1375 4.344792e-09
1376 2.636409e-09
1377 0.000000e+00
1378 0.000000e+00
1379 0.000000e+00
1380 2.015774e-07
1381 2.186801e-07
1382 2.104204e-07
1383 1.712121e-07
1384 1.236298e-07
1385 9.307677e-08
1386 5.868314e-08
1387 3.583509e-08
1388 1.990018e-08
1389 1.096582e-08
1390 6.317942e-09
1391 3.830725e-09
1392 0.000000e+00
1393 0.000000e+00
1394 0.000000e+00
1395 2.745091e-07
1396 2.979025e-07
1397 2.868013e-07
1398 2.335039e-07
1399 1.686330e-07
1400 1.269323e-07
1401 8.014134e-08
1402 4.890840e-08
1403 2.716130e-08
1404 1.496871e-08
1405 8.620076e-09
1406 5.224193e-09
1407 0.000000e+00
1408 0.000000e+00
1409 0.000000e+00
1410 5.941116e-08
1411 6.630602e-08
1412 6.660999e-08
1413 5.721435e-08
1414 4.217178e-08
1415 3.106135e-08
1416 2.188154e-08
1417 1.248489e-08
1418 7.028582e-09
1419 3.977195e-09
1420 2.212271e-09
1421 1.290244e-09
1422 0.000000e+00
1423 0.000000e+00
1424 0.000000e+00
1425 1.184600e-07
1426 1.323969e-07
1427 1.332936e-07
1428 1.148359e-07
1429 8.479073e-08
1430 6.237199e-08
1431 4.415158e-08
1432 2.510726e-08
1433 1.416576e-08
1434 8.014543e-09
1435 4.455587e-09
1436 2.593357e-09
1437 0.000000e+00
1438 0.000000e+00
1439 0.000000e+00
1440 1.869878e-07
1441 2.090974e-07
1442 2.106822e-07
1443 1.817067e-07
1444 1.342513e-07
1445 9.870844e-08
1446 6.999623e-08
1447 3.975594e-08
1448 2.244893e-08
1449 1.270000e-08
1450 7.059073e-09
1451 4.105649e-09
1452 0.000000e+00
1453 0.000000e+00
1454 0.000000e+00
1455 5.179973e-08
1456 5.936107e-08
1457 6.204775e-08
1458 5.637702e-08
1459 4.323510e-08
1460 3.122676e-08
1461 2.345461e-08
1462 1.314941e-08
1463 7.865366e-09
1464 4.309243e-09
1465 2.375593e-09
1466 1.326433e-09
1467 0.000000e+00
1468 0.000000e+00
1469 0.000000e+00
1470 1.148974e-07
1471 1.318418e-07
1472 1.380776e-07
1473 1.258222e-07
1474 9.674337e-08
1475 6.983386e-08
1476 5.252520e-08
1477 2.953710e-08
1478 1.772919e-08
1479 9.695054e-09
1480 5.331895e-09
1481 2.971017e-09
1482 0.000000e+00
1483 0.000000e+00
1484 0.000000e+00
1485 5.404019e-08
1486 6.350068e-08
1487 6.885342e-08
1488 6.610342e-08
1489 5.359995e-08
1490 3.867569e-08
1491 2.917645e-08
1492 1.814282e-08
1493 1.104094e-08
1494 5.991522e-09
1495 3.155797e-09
1496 1.702600e-09
1497 9.481261e-10
1498 0.000000e+00
1499 0.000000e+00
1500 1.109684e-04
1501 8.086786e-05
1502 6.035546e-05
1503 3.805236e-05
1504 2.321989e-05
1505 1.369104e-05
1506 8.324421e-06
1507 5.304277e-06
1508 3.565556e-06
1509 0.000000e+00
1510 0.000000e+00
1511 0.000000e+00
1512 0.000000e+00
1513 0.000000e+00
1514 0.000000e+00
1515 5.757601e-05
1516 4.644359e-05
1517 3.369791e-05
1518 2.528332e-05
1519 1.597668e-05
1520 9.754545e-06
1521 5.648866e-06
1522 3.364481e-06
1523 2.093966e-06
1524 1.379138e-06
1525 0.000000e+00
1526 0.000000e+00
1527 0.000000e+00
1528 0.000000e+00
1529 0.000000e+00
1530 4.047788e-05
1531 3.713775e-05
1532 2.882267e-05
1533 2.080348e-05
1534 1.566222e-05
1535 9.111532e-06
1536 5.625604e-06
1537 3.225263e-06
1538 1.896511e-06
1539 1.174730e-06
1540 0.000000e+00
1541 0.000000e+00
1542 0.000000e+00
1543 0.000000e+00
1544 0.000000e+00
1545 2.912801e-05
1546 2.891312e-05
1547 2.448503e-05
1548 1.793535e-05
1549 1.328396e-05
1550 9.154542e-06
1551 5.351144e-06
1552 3.053081e-06
1553 1.771954e-06
1554 1.042590e-06
1555 6.506122e-07
1556 0.000000e+00
1557 0.000000e+00
1558 0.000000e+00
1559 0.000000e+00
1560 2.085098e-05
1561 2.179680e-05
1562 1.983793e-05
1563 1.524768e-05
1564 1.100576e-05
1565 8.274949e-06
1566 4.689296e-06
1567 2.850415e-06
1568 1.602925e-06
1569 9.233707e-07
1570 5.506294e-07
1571 0.000000e+00
1572 0.000000e+00
1573 0.000000e+00
1574 0.000000e+00
1575 1.487210e-05
1576 1.614453e-05
1577 1.554949e-05
1578 1.266314e-05
1579 9.143013e-06
1580 6.883420e-06
1581 4.347301e-06
1582 2.655947e-06
1583 1.474901e-06
1584 8.112783e-07
1585 4.673052e-07
1586 2.832009e-07
1587 0.000000e+00
1588 0.000000e+00
1589 0.000000e+00
1590 1.001028e-05
1591 1.119728e-05
1592 1.128693e-05
1593 9.739022e-06
1594 7.195644e-06
1595 5.289411e-06
1596 3.755371e-06
1597 2.130464e-06
1598 1.202339e-06
1599 6.811759e-07
1600 3.783133e-07
1601 2.200058e-07
1602 0.000000e+00
1603 0.000000e+00
1604 0.000000e+00
1605 6.201116e-06
1606 7.118100e-06
1607 7.458527e-06
1608 6.801106e-06
1609 5.231433e-06
1610 3.775220e-06
1611 2.841823e-06
1612 1.597077e-06
1613 9.596537e-07
1614 5.242846e-07
1615 2.885232e-07
1616 1.606418e-07
1617 0.000000e+00
1618 0.000000e+00
1619 0.000000e+00
1620 3.163407e-06
1621 3.720115e-06
1622 4.038202e-06
1623 3.883392e-06
1624 3.154630e-06
1625 2.276770e-06
1626 1.716871e-06
1627 1.071974e-06
1628 6.518364e-07
1629 3.538249e-07
1630 1.861971e-07
1631 1.003484e-07
1632 5.578990e-08
1633 0.000000e+00
1634 0.000000e+00
1635 8.891198e-07
1636 1.072208e-06
1637 1.206146e-06
1638 1.224576e-06
1639 1.066696e-06
1640 7.933436e-07
1641 5.815894e-07
1642 4.169104e-07
1643 2.343421e-07
1644 1.314261e-07
1645 7.164692e-08
1646 3.730540e-08
1647 1.958823e-08
1648 0.000000e+00
1649 0.000000e+00
