0 2.205856e-09
1 1.432476e-09
2 9.005977e-10
3 5.674922e-10
4 3.649620e-10
5 2.402659e-10
6 1.597771e-10
7 1.049127e-10
8 6.644136e-11
9 3.987146e-11
10 2.245033e-11
11 1.185024e-11
12 5.901448e-12
13 2.806344e-12
14 1.289344e-12
15 3.743498e-09
16 2.488336e-09
17 1.580483e-09
18 9.852219e-10
19 6.232475e-10
20 4.038263e-10
21 2.672647e-10
22 1.772239e-10
23 1.148679e-10
24 7.120791e-11
25 4.157118e-11
26 2.272357e-11
27 1.166075e-11
28 5.670143e-12
29 2.645764e-12
30 4.283262e-09
31 2.866518e-09
32 1.830515e-09
33 1.139564e-09
34 7.179520e-10
35 4.627991e-10
36 3.053552e-10
37 2.026764e-10
38 1.320022e-10
39 8.246518e-11
40 4.862836e-11
41 2.685079e-11
42 1.390681e-11
43 6.812591e-12
44 3.195307e-12
45 4.581071e-09
46 3.074737e-09
47 1.968302e-09
48 1.224719e-09
49 7.701808e-10
50 4.953137e-10
51 3.263581e-10
52 2.166618e-10
53 1.414275e-10
54 8.866206e-11
55 5.250457e-11
56 2.912392e-11
57 1.514434e-11
58 7.442369e-12
59 3.498736e-12
60 4.780396e-09
61 3.214442e-09
62 2.060701e-09
63 1.281937e-09
64 8.052774e-10
65 5.171664e-10
66 3.404697e-10
67 2.260728e-10
68 1.477422e-10
69 9.282217e-11
70 5.511008e-11
71 3.065219e-11
72 1.597553e-11
73 7.865752e-12
74 3.702936e-12
75 4.929930e-09
76 3.319224e-09
77 2.129817e-09
78 1.324779e-09
79 8.315396e-10
80 5.334979e-10
81 3.510431e-10
82 2.331195e-10
83 1.524885e-10
84 9.595656e-11
85 5.706527e-11
86 3.179431e-11
87 1.659891e-11
88 8.181995e-12
89 3.855128e-12
90 5.051899e-09
91 3.404814e-09
92 2.186251e-09
93 1.359680e-09
94 8.529379e-10
95 5.468441e-10
96 3.596530e-10
97 2.388959e-10
98 1.563667e-10
99 9.849916e-11
100 5.866724e-11
101 3.273337e-11
102 1.710946e-11
103 8.441890e-12
104 3.979951e-12
105 5.157680e-09
106 3.478365e-09
107 2.235174e-09
108 1.389703e-09
109 8.715661e-10
110 5.583464e-10
111 3.670689e-10
112 2.438544e-10
113 1.596962e-10
114 1.006864e-10
115 6.002891e-11
116 3.352988e-11
117 1.754484e-11
118 8.663602e-12
119 4.086782e-12
120 5.258332e-09
121 3.549525e-09
122 2.282579e-09
123 1.418699e-09
124 8.893060e-10
125 5.694565e-10
126 3.742508e-10
127 2.486655e-10
128 1.629647e-10
129 1.028339e-10
130 6.137142e-11
131 3.431632e-11
132 1.797123e-11
133 8.880636e-12
134 4.190835e-12
135 5.374540e-09
136 3.630257e-09
137 2.336442e-09
138 1.452382e-09
139 9.097855e-10
140 5.822369e-10
141 3.824939e-10
142 2.540673e-10
143 1.666438e-10
144 1.052725e-10
145 6.290016e-11
146 3.521293e-11
147 1.846018e-11
148 9.127463e-12
149 4.310054e-12
150 7.881040e-09
151 5.425044e-09
152 3.562411e-09
153 2.224627e-09
154 1.379486e-09
155 8.699245e-10
156 5.642509e-10
157 3.734774e-10
158 2.469445e-10
159 1.589614e-10
160 9.746898e-11
161 5.615250e-11
162 3.025318e-11
163 1.530659e-11
164 7.351022e-12
165 9.961454e-09
166 6.942818e-09
167 4.625156e-09
168 2.918115e-09
169 1.800119e-09
170 1.125830e-09
171 7.223048e-10
172 4.750474e-10
173 3.146080e-10
174 2.044030e-10
175 1.272987e-10
176 7.476184e-11
177 4.108871e-11
178 2.116153e-11
179 1.030630e-11
180 1.116403e-08
181 7.825326e-09
182 5.243711e-09
183 3.325359e-09
184 2.047986e-09
185 1.276682e-09
186 8.149198e-10
187 5.343361e-10
188 3.539077e-10
189 2.308069e-10
190 1.446591e-10
191 8.563294e-11
192 4.746058e-11
193 2.463434e-11
194 1.207164e-11
195 1.197219e-08
196 8.418819e-09
197 5.660423e-09
198 3.599784e-09
199 2.214939e-09
200 1.378335e-09
201 8.773759e-10
202 5.743099e-10
203 3.804420e-10
204 2.486072e-10
205 1.563688e-10
206 9.297334e-11
207 5.176395e-11
208 2.697924e-11
209 1.326420e-11
210 1.257835e-08
211 8.864240e-09
212 5.973123e-09
213 3.804951e-09
214 2.340473e-09
215 1.454382e-09
216 9.243455e-10
217 6.043381e-10
218 4.002861e-10
219 2.619094e-10
220 1.651158e-10
221 9.846212e-11
222 5.497451e-11
223 2.872842e-11
224 1.415560e-11
225 1.307192e-08
226 9.226199e-09
227 6.227142e-09
228 3.972035e-09
229 2.442186e-09
230 1.516172e-09
231 9.622500e-10
232 6.286244e-10
233 4.163749e-10
234 2.727269e-10
235 1.722292e-10
236 1.029071e-10
237 5.759001e-11
238 3.015609e-11
239 1.488025e-11
240 1.349969e-08
241 9.539471e-09
242 6.446939e-09
243 4.117035e-09
244 2.530216e-09
245 1.569926e-09
246 9.952300e-10
247 6.497308e-10
248 4.304577e-10
249 2.821657e-10
250 1.784370e-10
251 1.068022e-10
252 5.987360e-11
253 3.139810e-11
254 1.550560e-11
255 1.390619e-08
256 9.838902e-09
257 6.657362e-09
258 4.255508e-09
259 2.615005e-09
260 1.621161e-09
261 1.026697e-09
262 6.698372e-10
263 4.437546e-10
264 2.911132e-10
265 1.843216e-10
266 1.104895e-10
267 6.203578e-11
268 3.257158e-11
269 1.610699e-11
270 1.438074e-08
271 1.018673e-08
272 6.900988e-09
273 4.416276e-09
274 2.712211e-09
275 1.680615e-09
276 1.063575e-09
277 6.933096e-10
278 4.592962e-10
279 3.015221e-10
280 1.911836e-10
281 1.147908e-10
282 6.455970e-11
283 3.394640e-11
284 1.680607e-11
285 1.364079e-08
286 9.703720e-09
287 6.590324e-09
288 4.252057e-09
289 2.620061e-09
290 1.622888e-09
291 1.023144e-09
292 6.637768e-10
293 4.379387e-10
294 2.870488e-10
295 1.822564e-10
296 1.099210e-10
297 6.224753e-11
298 3.300149e-11
299 1.646561e-11
300 1.604737e-08
301 1.154532e-08
302 7.911932e-09
303 5.163216e-09
304 3.193712e-09
305 1.968113e-09
306 1.231293e-09
307 7.926969e-10
308 5.210357e-10
309 3.423025e-10
310 2.190451e-10
311 1.336975e-10
312 7.679774e-11
313 4.130991e-11
314 2.087652e-11
315 1.769728e-08
316 1.281496e-08
317 8.824469e-09
318 5.794637e-09
319 3.593256e-09
320 2.208163e-09
321 1.376193e-09
322 8.822178e-10
323 5.785970e-10
324 3.804705e-10
325 2.444532e-10
326 1.501394e-10
327 8.688343e-11
328 4.708815e-11
329 2.395584e-11
330 1.893349e-08
331 1.376681e-08
332 9.510568e-09
333 6.267758e-09
334 3.893039e-09
335 2.388599e-09
336 1.484989e-09
337 9.493794e-10
338 6.218374e-10
339 4.091192e-10
340 2.635205e-10
341 1.624791e-10
342 9.445678e-11
343 5.142857e-11
344 2.626950e-11
345 1.994070e-08
346 1.454153e-08
347 1.006627e-08
348 6.651890e-09
349 4.136152e-09
350 2.534984e-09
351 1.572942e-09
352 1.003785e-09
353 6.568277e-10
354 4.323000e-10
355 2.789563e-10
356 1.724671e-10
357 1.005834e-10
358 5.493919e-11
359 2.814355e-11
360 2.081641e-08
361 1.521531e-08
362 1.055104e-08
363 6.985546e-09
364 4.347618e-09
365 2.662389e-09
366 1.649626e-09
367 1.051214e-09
368 6.872888e-10
369 4.525481e-10
370 2.924195e-10
371 1.811789e-10
372 1.059283e-10
373 5.800204e-11
374 2.977328e-11
375 2.164476e-08
376 1.585252e-08
377 1.100934e-08
378 7.302833e-09
379 4.548103e-09
380 2.782958e-09
381 1.722386e-09
382 1.096131e-09
383 7.161824e-10
384 4.717159e-10
385 3.051891e-10
386 1.894350e-10
387 1.109925e-10
388 6.090339e-11
389 3.131936e-11
390 2.261381e-08
391 1.659838e-08
392 1.154484e-08
393 7.672656e-09
394 4.782553e-09
395 2.924688e-09
396 1.807695e-09
397 1.148838e-09
398 7.499570e-10
399 4.941634e-10
400 3.201247e-10
401 1.991044e-10
402 1.169145e-10
403 6.429696e-11
404 3.313280e-11
405 1.967421e-08
406 1.441751e-08
407 1.000489e-08
408 6.633011e-09
409 4.151824e-09
410 2.541929e-09
411 1.576404e-09
412 1.002384e-09
413 6.534187e-10
414 4.291725e-10
415 2.768927e-10
416 1.715598e-10
417 1.004813e-10
418 5.520463e-11
419 2.845920e-11
420 2.233535e-08
421 1.655824e-08
422 1.158011e-08
423 7.741166e-09
424 4.886270e-09
425 2.983876e-09
426 1.842480e-09
427 1.162854e-09
428 7.537602e-10
429 4.944495e-10
430 3.202049e-10
431 1.999659e-10
432 1.183748e-10
433 6.581669e-11
434 3.432602e-11
435 2.434736e-08
436 1.818133e-08
437 1.277415e-08
438 8.584550e-09
439 5.445987e-09
440 3.321231e-09
441 2.045845e-09
442 1.285217e-09
443 8.303005e-10
444 5.441237e-10
445 3.531321e-10
446 2.215621e-10
447 1.319928e-10
448 7.390663e-11
449 3.880784e-11
450 2.597811e-08
451 1.949835e-08
452 1.374732e-08
453 9.268819e-09
454 5.900159e-09
455 3.595539e-09
456 2.210637e-09
457 1.384598e-09
458 8.922709e-10
459 5.843970e-10
460 3.798284e-10
461 2.390697e-10
462 1.430316e-10
463 8.046526e-11
464 4.244189e-11
465 2.740453e-08
466 2.064871e-08
467 1.459398e-08
468 9.865225e-09
469 6.296323e-09
470 3.834768e-09
471 2.354229e-09
472 1.471132e-09
473 9.463593e-10
474 6.195520e-10
475 4.031235e-10
476 2.543485e-10
477 1.526657e-10
478 8.618841e-11
479 4.561293e-11
480 2.875134e-08
481 2.173204e-08
482 1.539390e-08
483 1.042925e-08
484 6.671422e-09
485 4.060254e-09
486 2.490315e-09
487 1.552903e-09
488 9.974517e-10
489 6.527524e-10
490 4.251773e-10
491 2.688091e-10
492 1.617820e-10
493 9.159266e-11
494 4.860574e-11
495 3.032821e-08
496 2.300230e-08
497 1.633052e-08
498 1.108909e-08
499 7.109396e-09
500 4.324751e-09
501 2.649385e-09
502 1.648772e-09
503 1.057292e-09
504 6.916277e-10
505 4.509158e-10
506 2.856708e-10
507 1.724244e-10
508 9.792446e-11
509 5.211398e-11
510 2.603090e-08
511 1.963180e-08
512 1.388945e-08
513 9.382914e-09
514 6.004356e-09
515 3.666728e-09
516 2.252635e-09
517 1.406818e-09
518 9.035629e-10
519 5.902932e-10
520 3.833199e-10
521 2.415307e-10
522 1.449335e-10
523 8.190580e-11
524 4.344141e-11
525 2.894639e-08
526 2.208345e-08
527 1.574883e-08
528 1.071083e-08
529 6.912976e-09
530 4.228891e-09
531 2.589158e-09
532 1.606437e-09
533 1.025646e-09
534 6.678066e-10
535 4.341125e-10
536 2.749415e-10
537 1.663413e-10
538 9.495266e-11
539 5.089543e-11
540 3.132322e-08
541 2.408396e-08
542 1.726692e-08
543 1.179626e-08
544 7.655553e-09
545 4.689803e-09
546 2.864382e-09
547 1.769943e-09
548 1.125357e-09
549 7.311585e-10
550 4.755889e-10
551 3.022154e-10
552 1.838187e-10
553 1.056106e-10
554 5.699057e-11
555 3.339554e-08
556 2.582915e-08
557 1.859505e-08
558 1.274220e-08
559 8.304280e-09
560 5.091989e-09
561 3.104813e-09
562 1.912619e-09
563 1.212497e-09
564 7.864499e-10
565 5.117804e-10
566 3.260124e-10
567 1.990685e-10
568 1.149112e-10
569 6.231030e-11
570 3.535778e-08
571 2.748145e-08
572 1.984942e-08
573 1.363878e-08
574 8.919192e-09
575 5.472713e-09
576 3.332482e-09
577 2.047921e-09
578 1.294982e-09
579 8.388209e-10
580 5.460809e-10
581 3.485658e-10
582 2.135211e-10
583 1.237241e-10
584 6.735002e-11
585 3.765945e-08
586 2.941365e-08
587 2.131852e-08
588 1.468710e-08
589 9.635817e-09
590 5.917410e-09
591 3.598343e-09
592 2.205627e-09
593 1.391246e-09
594 8.999172e-10
595 5.860885e-10
596 3.748779e-10
597 2.303837e-10
598 1.340068e-10
599 7.323069e-11
600 3.280786e-08
601 2.543840e-08
602 1.835473e-08
603 1.259101e-08
604 8.221219e-09
605 5.062026e-09
606 3.083737e-09
607 1.899043e-09
608 1.201578e-09
609 7.776295e-10
610 5.051769e-10
611 3.215833e-10
612 1.964683e-10
613 1.136124e-10
614 6.178518e-11
615 3.605304e-08
616 2.827040e-08
617 2.057894e-08
618 1.420182e-08
619 9.343047e-09
620 5.783573e-09
621 3.511857e-09
622 2.152997e-09
623 1.353457e-09
624 8.719068e-10
625 5.658768e-10
626 3.613152e-10
627 2.221398e-10
628 1.295619e-10
629 7.114334e-11
630 3.888824e-08
631 3.075128e-08
632 2.252527e-08
633 1.561159e-08
634 1.032727e-08
635 6.416785e-09
636 3.887804e-09
637 2.375981e-09
638 1.486910e-09
639 9.545424e-10
640 6.190712e-10
641 3.961211e-10
642 2.446279e-10
643 1.435378e-10
644 7.934814e-11
645 4.157219e-08
646 3.309950e-08
647 2.436868e-08
648 1.694852e-08
649 1.125905e-08
650 7.016244e-09
651 4.243824e-09
652 2.587014e-09
653 1.613249e-09
654 1.032842e-09
655 6.694451e-10
656 4.290850e-10
657 2.659265e-10
658 1.567721e-10
659 8.711529e-11
660 4.471810e-08
661 3.584656e-08
662 2.652486e-08
663 1.850999e-08
664 1.234700e-08
665 7.716928e-09
666 4.659247e-09
667 2.833679e-09
668 1.760721e-09
669 1.124290e-09
670 7.282695e-10
671 4.675805e-10
672 2.908003e-10
673 1.722297e-10
674 9.618974e-11
675 4.023309e-08
676 3.203224e-08
677 2.361203e-08
678 1.643221e-08
679 1.091334e-08
680 6.822790e-09
681 4.129488e-09
682 2.520204e-09
683 1.570019e-09
684 1.003652e-09
685 6.493411e-10
686 4.155311e-10
687 2.572513e-10
688 1.516439e-10
689 8.433876e-11
690 4.397290e-08
691 3.542266e-08
692 2.636450e-08
693 1.846155e-08
694 1.234530e-08
695 7.775318e-09
696 4.699111e-09
697 2.858907e-09
698 1.769132e-09
699 1.124184e-09
700 7.253340e-10
701 4.647186e-10
702 2.890968e-10
703 1.716800e-10
704 9.635245e-11
705 4.752113e-08
706 3.863736e-08
707 2.897305e-08
708 2.039134e-08
709 1.370636e-08
710 8.680674e-09
711 5.240637e-09
712 3.180508e-09
713 1.958362e-09
714 1.238778e-09
715 7.975463e-10
716 5.114493e-10
717 3.193355e-10
718 1.907133e-10
719 1.077653e-10
720 5.167177e-08
721 4.239816e-08
722 3.201997e-08
723 2.264312e-08
724 1.529304e-08
725 9.737596e-09
726 5.872641e-09
727 3.556306e-09
728 2.179101e-09
729 1.372483e-09
730 8.817485e-10
731 5.659454e-10
732 3.546013e-10
733 2.129118e-10
734 1.210772e-10
735 4.874730e-08
736 3.987319e-08
737 3.007966e-08
738 2.126479e-08
739 1.433874e-08
740 9.132936e-09
741 5.525316e-09
742 3.348926e-09
743 2.053966e-09
744 1.293833e-09
745 8.301816e-10
746 5.317015e-10
747 3.323195e-10
748 1.990844e-10
749 1.130371e-10
750 5.336867e-08
751 4.420111e-08
752 3.372414e-08
753 2.402417e-08
754 1.630435e-08
755 1.047468e-08
756 6.348860e-09
757 3.835533e-09
758 2.337083e-09
759 1.461948e-09
760 9.336252e-10
761 5.975068e-10
762 3.746832e-10
763 2.259391e-10
764 1.294176e-10
765 5.877364e-08
766 4.926339e-08
767 3.797336e-08
768 2.724467e-08
769 1.859920e-08
770 1.204236e-08
771 7.311549e-09
772 4.404733e-09
773 2.667704e-09
774 1.658297e-09
775 1.054372e-09
776 6.743213e-10
777 4.241314e-10
778 2.572842e-10
779 1.485391e-10
780 5.932502e-08
781 4.994874e-08
782 3.871629e-08
783 2.790860e-08
784 1.910418e-08
785 1.241928e-08
786 7.581053e-09
787 4.558848e-09
788 2.756667e-09
789 1.706998e-09
790 1.081006e-09
791 6.894195e-10
792 4.332631e-10
793 2.631339e-10
794 1.523764e-10
795 6.642730e-08
796 5.683041e-08
797 4.472229e-08
798 3.261103e-08
799 2.250688e-08
800 1.478644e-08
801 9.093885e-09
802 5.446694e-09
803 3.273024e-09
804 2.007230e-09
805 1.260662e-09
806 8.008801e-10
807 5.040183e-10
808 3.079769e-10
809 1.800710e-10
810 7.625141e-08
811 6.669924e-08
812 5.373163e-08
813 3.996288e-08
814 2.794942e-08
815 1.862727e-08
816 1.165422e-08
817 6.963109e-09
818 4.160063e-09
819 2.512845e-09
820 1.553810e-09
821 9.767488e-10
822 6.129156e-10
823 3.763035e-10
824 2.224939e-10
825 5.045794e-07
826 3.685445e-07
827 2.730834e-07
828 1.699584e-07
829 1.035422e-07
830 6.134088e-08
831 3.745593e-08
832 2.403047e-08
833 1.622241e-08
834 0.000000e+00
835 0.000000e+00
836 0.000000e+00
837 0.000000e+00
838 0.000000e+00
839 0.000000e+00
840 7.612031e-07
841 5.561271e-07
842 4.125248e-07
843 2.597165e-07
844 1.578315e-07
845 9.338607e-08
846 5.691487e-08
847 3.637800e-08
848 2.448995e-08
849 0.000000e+00
850 0.000000e+00
851 0.000000e+00
852 0.000000e+00
853 0.000000e+00
854 0.000000e+00
855 9.037705e-07
856 6.603584e-07
857 4.899972e-07
858 3.096593e-07
859 1.880177e-07
860 1.112060e-07
861 6.773473e-08
862 4.324081e-08
863 2.908382e-08
864 0.000000e+00
865 0.000000e+00
866 0.000000e+00
867 0.000000e+00
868 0.000000e+00
869 0.000000e+00
870 9.996406e-07
871 7.304469e-07
872 5.420943e-07
873 3.432436e-07
874 2.083181e-07
875 1.231894e-07
876 7.501075e-08
877 4.785618e-08
878 3.217299e-08
879 0.000000e+00
880 0.000000e+00
881 0.000000e+00
882 0.000000e+00
883 0.000000e+00
884 0.000000e+00
885 1.071503e-06
886 7.829878e-07
887 5.811425e-07
888 3.684173e-07
889 2.235350e-07
890 1.321722e-07
891 8.046472e-08
892 5.131566e-08
893 3.448876e-08
894 0.000000e+00
895 0.000000e+00
896 0.000000e+00
897 0.000000e+00
898 0.000000e+00
899 0.000000e+00
900 1.129740e-06
901 8.255644e-07
902 6.127898e-07
903 3.888178e-07
904 2.358657e-07
905 1.394518e-07
906 8.488439e-08
907 5.411930e-08
908 3.636535e-08
909 0.000000e+00
910 0.000000e+00
911 0.000000e+00
912 0.000000e+00
913 0.000000e+00
914 0.000000e+00
915 1.180555e-06
916 8.627138e-07
917 6.404018e-07
918 4.066196e-07
919 2.466260e-07
920 1.458031e-07
921 8.874096e-08
922 5.656544e-08
923 3.800274e-08
924 0.000000e+00
925 0.000000e+00
926 0.000000e+00
927 0.000000e+00
928 0.000000e+00
929 0.000000e+00
930 1.228728e-06
931 8.979338e-07
932 6.665795e-07
933 4.234951e-07
934 2.568261e-07
935 1.518241e-07
936 9.239688e-08
937 5.888439e-08
938 3.955493e-08
939 0.000000e+00
940 0.000000e+00
941 0.000000e+00
942 0.000000e+00
943 0.000000e+00
944 0.000000e+00
945 1.284943e-06
946 9.390354e-07
947 6.971269e-07
948 4.431893e-07
949 2.687293e-07
950 1.588510e-07
951 9.666365e-08
952 6.159046e-08
953 4.136647e-08
954 0.000000e+00
955 0.000000e+00
956 0.000000e+00
957 0.000000e+00
958 0.000000e+00
959 0.000000e+00
960 3.373129e-07
961 2.686344e-07
962 1.948659e-07
963 1.461365e-07
964 9.040781e-08
965 5.534346e-08
966 3.216805e-08
967 1.923480e-08
968 1.205442e-08
969 7.981067e-09
970 0.000000e+00
971 0.000000e+00
972 0.000000e+00
973 0.000000e+00
974 0.000000e+00
975 5.205657e-07
976 4.174319e-07
977 3.030926e-07
978 2.270847e-07
979 1.423224e-07
980 8.677754e-08
981 5.040286e-08
982 3.009802e-08
983 1.879384e-08
984 1.240664e-08
985 0.000000e+00
986 0.000000e+00
987 0.000000e+00
988 0.000000e+00
989 0.000000e+00
990 6.452176e-07
991 5.187288e-07
992 3.767864e-07
993 2.821910e-07
994 1.777149e-07
995 1.081920e-07
996 6.282640e-08
997 3.749928e-08
998 2.338404e-08
999 1.541984e-08
1000 0.000000e+00
1001 0.000000e+00
1002 0.000000e+00
1003 0.000000e+00
1004 0.000000e+00
1005 7.386370e-07
1006 5.946387e-07
1007 4.320087e-07
1008 3.234869e-07
1009 2.042373e-07
1010 1.242387e-07
1011 7.213648e-08
1012 4.304581e-08
1013 2.682369e-08
1014 1.767784e-08
1015 0.000000e+00
1016 0.000000e+00
1017 0.000000e+00
1018 0.000000e+00
1019 0.000000e+00
1020 8.143475e-07
1021 6.561545e-07
1022 4.767620e-07
1023 3.569521e-07
1024 2.257321e-07
1025 1.372444e-07
1026 7.968180e-08
1027 4.754058e-08
1028 2.961147e-08
1029 1.950765e-08
1030 0.000000e+00
1031 0.000000e+00
1032 0.000000e+00
1033 0.000000e+00
1034 0.000000e+00
1035 8.803979e-07
1036 7.098270e-07
1037 5.158118e-07
1038 3.861503e-07
1039 2.444851e-07
1040 1.485910e-07
1041 8.626455e-08
1042 5.146240e-08
1043 3.204367e-08
1044 2.110435e-08
1045 0.000000e+00
1046 0.000000e+00
1047 0.000000e+00
1048 0.000000e+00
1049 0.000000e+00
1050 9.430245e-07
1051 7.607178e-07
1052 5.528323e-07
1053 4.138331e-07
1054 2.622643e-07
1055 1.593498e-07
1056 9.250615e-08
1057 5.518054e-08
1058 3.434965e-08
1059 2.261807e-08
1060 0.000000e+00
1061 0.000000e+00
1062 0.000000e+00
1063 0.000000e+00
1064 0.000000e+00
1065 1.016104e-06
1066 8.201044e-07
1067 5.960354e-07
1068 4.461414e-07
1069 2.830131e-07
1070 1.719051e-07
1071 9.978960e-08
1072 5.951992e-08
1073 3.704067e-08
1074 2.438461e-08
1075 0.000000e+00
1076 0.000000e+00
1077 0.000000e+00
1078 0.000000e+00
1079 0.000000e+00
1080 1.984826e-07
1081 1.805114e-07
1082 1.390678e-07
1083 1.005676e-07
1084 7.535946e-08
1085 4.356026e-08
1086 2.669758e-08
1087 1.539321e-08
1088 9.102747e-09
1089 5.663219e-09
1090 0.000000e+00
1091 0.000000e+00
1092 0.000000e+00
1093 0.000000e+00
1094 0.000000e+00
1095 3.307799e-07
1096 3.021686e-07
1097 2.337564e-07
1098 1.689356e-07
1099 1.267775e-07
1100 7.369542e-08
1101 4.528672e-08
1102 2.604880e-08
1103 1.534862e-08
1104 9.527001e-09
1105 0.000000e+00
1106 0.000000e+00
1107 0.000000e+00
1108 0.000000e+00
1109 0.000000e+00
1110 4.310590e-07
1111 3.944308e-07
1112 3.055991e-07
1113 2.208066e-07
1114 1.657908e-07
1115 9.657903e-08
1116 5.940383e-08
1117 3.413965e-08
1118 2.008938e-08
1119 1.245891e-08
1120 0.000000e+00
1121 0.000000e+00
1122 0.000000e+00
1123 0.000000e+00
1124 0.000000e+00
1125 5.122862e-07
1126 4.691572e-07
1127 3.637880e-07
1128 2.628201e-07
1129 1.973886e-07
1130 1.151129e-07
1131 7.083779e-08
1132 4.069275e-08
1133 2.392900e-08
1134 1.483362e-08
1135 0.000000e+00
1136 0.000000e+00
1137 0.000000e+00
1138 0.000000e+00
1139 0.000000e+00
1140 5.831481e-07
1141 5.343548e-07
1142 4.145545e-07
1143 2.994748e-07
1144 2.249572e-07
1145 1.312831e-07
1146 8.081365e-08
1147 4.641014e-08
1148 2.727897e-08
1149 1.690538e-08
1150 0.000000e+00
1151 0.000000e+00
1152 0.000000e+00
1153 0.000000e+00
1154 0.000000e+00
1155 6.503363e-07
1156 5.961689e-07
1157 4.626886e-07
1158 3.342282e-07
1159 2.510959e-07
1160 1.466147e-07
1161 9.027181e-08
1162 5.183090e-08
1163 3.045514e-08
1164 1.886964e-08
1165 0.000000e+00
1166 0.000000e+00
1167 0.000000e+00
1168 0.000000e+00
1169 0.000000e+00
1170 7.287464e-07
1171 6.683061e-07
1172 5.188600e-07
1173 3.747855e-07
1174 2.815984e-07
1175 1.645065e-07
1176 1.013095e-07
1177 5.815673e-08
1178 3.416184e-08
1179 2.116207e-08
1180 0.000000e+00
1181 0.000000e+00
1182 0.000000e+00
1183 0.000000e+00
1184 0.000000e+00
1185 1.319487e-07
1186 1.302413e-07
1187 1.095200e-07
1188 8.000235e-08
1189 5.943335e-08
1190 4.039353e-08
1191 2.383714e-08
1192 1.358116e-08
1193 7.851220e-09
1194 4.639503e-09
1195 2.906228e-09
1196 0.000000e+00
1197 0.000000e+00
1198 0.000000e+00
1199 0.000000e+00
1200 2.314679e-07
1201 2.291326e-07
1202 1.934115e-07
1203 1.415342e-07
1204 1.049701e-07
1205 7.185320e-08
1206 4.218904e-08
1207 2.407152e-08
1208 1.393470e-08
1209 8.219385e-09
1210 5.137912e-09
1211 0.000000e+00
1212 0.000000e+00
1213 0.000000e+00
1214 0.000000e+00
1215 3.127413e-07
1216 3.099162e-07
1217 2.619675e-07
1218 1.918281e-07
1219 1.421841e-07
1220 9.757707e-08
1221 5.718928e-08
1222 3.264743e-08
1223 1.890801e-08
1224 1.114569e-08
1225 6.961907e-09
1226 0.000000e+00
1227 0.000000e+00
1228 0.000000e+00
1229 0.000000e+00
1230 3.835918e-07
1231 3.803391e-07
1232 3.217263e-07
1233 2.356680e-07
1234 1.746223e-07
1235 1.200017e-07
1236 7.026473e-08
1237 4.012322e-08
1238 2.324334e-08
1239 1.369666e-08
1240 8.551810e-09
1241 0.000000e+00
1242 0.000000e+00
1243 0.000000e+00
1244 0.000000e+00
1245 4.507724e-07
1246 4.471085e-07
1247 3.783896e-07
1248 2.772364e-07
1249 2.053810e-07
1250 1.412640e-07
1251 8.266295e-08
1252 4.721181e-08
1253 2.735410e-08
1254 1.611543e-08
1255 1.005938e-08
1256 0.000000e+00
1257 0.000000e+00
1258 0.000000e+00
1259 0.000000e+00
1260 5.291634e-07
1261 5.250256e-07
1262 4.445121e-07
1263 3.257462e-07
1264 2.412741e-07
1265 1.660746e-07
1266 9.713098e-08
1267 5.548320e-08
1268 3.215085e-08
1269 1.893791e-08
1270 1.181863e-08
1271 0.000000e+00
1272 0.000000e+00
1273 0.000000e+00
1274 0.000000e+00
1275 9.498041e-08
1276 9.889572e-08
1277 8.949304e-08
1278 6.846376e-08
1279 4.948882e-08
1280 3.706972e-08
1281 2.094492e-08
1282 1.264886e-08
1283 7.147143e-09
1284 4.128169e-09
1285 2.471453e-09
1286 0.000000e+00
1287 0.000000e+00
1288 0.000000e+00
1289 0.000000e+00
1290 1.738555e-07
1291 1.814073e-07
1292 1.646797e-07
1293 1.263343e-07
1294 9.126129e-08
1295 6.846783e-08
1296 3.879876e-08
1297 2.350897e-08
1298 1.325329e-08
1299 7.636171e-09
1300 4.562450e-09
1301 0.000000e+00
1302 0.000000e+00
1303 0.000000e+00
1304 0.000000e+00
1305 2.428509e-07
1306 2.535945e-07
1307 2.304706e-07
1308 1.769825e-07
1309 1.278200e-07
1310 9.594870e-08
1311 5.443023e-08
1312 3.301889e-08
1313 1.859968e-08
1314 1.070694e-08
1315 6.392599e-09
1316 0.000000e+00
1317 0.000000e+00
1318 0.000000e+00
1319 0.000000e+00
1320 3.082225e-07
1321 3.219881e-07
1322 2.928046e-07
1323 2.249706e-07
1324 1.624585e-07
1325 1.219857e-07
1326 6.923961e-08
1327 4.202861e-08
1328 2.366489e-08
1329 1.361621e-08
1330 8.126575e-09
1331 0.000000e+00
1332 0.000000e+00
1333 0.000000e+00
1334 0.000000e+00
1335 3.845082e-07
1336 4.018009e-07
1337 3.655461e-07
1338 2.809679e-07
1339 2.028772e-07
1340 1.523682e-07
1341 8.652095e-08
1342 5.254257e-08
1343 2.957562e-08
1344 1.701116e-08
1345 1.014997e-08
1346 0.000000e+00
1347 0.000000e+00
1348 0.000000e+00
1349 0.000000e+00
1350 7.275801e-08
1351 7.875358e-08
1352 7.551882e-08
1353 6.119812e-08
1354 4.415038e-08
1355 3.328359e-08
1356 2.079080e-08
1357 1.274734e-08
1358 7.076942e-09
1359 3.896874e-09
1360 2.252274e-09
1361 1.369719e-09
1362 0.000000e+00
1363 0.000000e+00
1364 0.000000e+00
1365 1.388250e-07
1366 1.505151e-07
1367 1.446999e-07
1368 1.176129e-07
1369 8.490592e-08
1370 6.394555e-08
1371 4.021931e-08
1372 2.458600e-08
1373 1.365223e-08
1374 7.521400e-09
1375 4.337032e-09
1376 2.631714e-09
1377 0.000000e+00
1378 0.000000e+00
1379 0.000000e+00
1380 2.013517e-07
1381 2.184349e-07
1382 2.101848e-07
1383 1.710193e-07
1384 1.234905e-07
1385 9.297200e-08
1386 5.861673e-08
1387 3.579463e-08
1388 1.987770e-08
1389 1.095343e-08
1390 6.310818e-09
1391 3.826413e-09
1392 0.000000e+00
1393 0.000000e+00
1394 0.000000e+00
1395 2.742900e-07
1396 2.976645e-07
1397 2.865719e-07
1398 2.333168e-07
1399 1.684979e-07
1400 1.268306e-07
1401 8.007690e-08
1402 4.886913e-08
1403 2.713949e-08
1404 1.495669e-08
1405 8.613162e-09
1406 5.220007e-09
1407 0.000000e+00
1408 0.000000e+00
1409 0.000000e+00
1410 5.924293e-08
1411 6.611846e-08
1412 6.642179e-08
1413 5.705342e-08
1414 4.205336e-08
1415 3.097401e-08
1416 2.182026e-08
1417 1.244984e-08
1418 7.008908e-09
1419 3.966041e-09
1420 2.206070e-09
1421 1.286619e-09
1422 0.000000e+00
1423 0.000000e+00
1424 0.000000e+00
1425 1.182462e-07
1426 1.321573e-07
1427 1.330519e-07
1428 1.146271e-07
1429 8.463626e-08
1430 6.225852e-08
1431 4.407085e-08
1432 2.506151e-08
1433 1.413989e-08
1434 7.999909e-09
1435 4.447455e-09
1436 2.588634e-09
1437 0.000000e+00
1438 0.000000e+00
1439 0.000000e+00
1440 1.867818e-07
1441 2.088668e-07
1442 2.104496e-07
1443 1.815058e-07
1444 1.341024e-07
1445 9.859923e-08
1446 6.991856e-08
1447 3.971191e-08
1448 2.242403e-08
1449 1.268592e-08
1450 7.051248e-09
1451 4.101104e-09
1452 0.000000e+00
1453 0.000000e+00
1454 0.000000e+00
1455 5.162761e-08
1456 5.916379e-08
1457 6.184123e-08
1458 5.618917e-08
1459 4.309087e-08
1460 3.112266e-08
1461 2.337635e-08
1462 1.310553e-08
1463 7.839095e-09
1464 4.294851e-09
1465 2.367660e-09
1466 1.322010e-09
1467 0.000000e+00
1468 0.000000e+00
1469 0.000000e+00
1470 1.147084e-07
1471 1.316247e-07
1472 1.378499e-07
1473 1.256141e-07
1474 9.658309e-08
1475 6.971823e-08
1476 5.243812e-08
1477 2.948801e-08
1478 1.769965e-08
1479 9.678912e-09
1480 5.323040e-09
1481 2.966091e-09
1482 0.000000e+00
1483 0.000000e+00
1484 0.000000e+00
1485 5.387934e-08
1486 6.331147e-08
1487 6.864776e-08
1488 6.590577e-08
1489 5.343885e-08
1490 3.855938e-08
1491 2.908880e-08
1492 1.808788e-08
1493 1.100759e-08
1494 5.973418e-09
1495 3.146258e-09
1496 1.697466e-09
1497 9.452764e-10
1498 0.000000e+00
1499 0.000000e+00
1500 1.109684e-04
1501 8.086786e-05
1502 6.035546e-05
1503 3.805236e-05
1504 2.321989e-05
1505 1.369104e-05
1506 8.324421e-06
1507 5.304277e-06
1508 3.565556e-06
1509 0.000000e+00
1510 0.000000e+00
1511 0.000000e+00
1512 0.000000e+00
1513 0.000000e+00
1514 0.000000e+00
1515 5.757601e-05
1516 4.644359e-05
1517 3.369791e-05
1518 2.528332e-05
1519 1.597668e-05
1520 9.754545e-06
1521 5.648866e-06
1522 3.364481e-06
1523 2.093966e-06
1524 1.379138e-06
1525 0.000000e+00
1526 0.000000e+00
1527 0.000000e+00
1528 0.000000e+00
1529 0.000000e+00
1530 4.047788e-05
1531 3.713775e-05
1532 2.882267e-05
1533 2.080348e-05
1534 1.566222e-05
1535 9.111532e-06
1536 5.625604e-06
1537 3.225263e-06
1538 1.896511e-06
1539 1.174730e-06
1540 0.000000e+00
1541 0.000000e+00
1542 0.000000e+00
1543 0.000000e+00
1544 0.000000e+00
1545 2.912801e-05
1546 2.891312e-05
1547 2.448503e-05
1548 1.793535e-05
1549 1.328396e-05
1550 9.154542e-06
1551 5.351144e-06
1552 3.053081e-06
1553 1.771954e-06
1554 1.042590e-06
1555 6.506122e-07
1556 0.000000e+00
1557 0.000000e+00
1558 0.000000e+00
1559 0.000000e+00
1560 2.085098e-05
1561 2.179680e-05
1562 1.983793e-05
1563 1.524768e-05
1564 1.100576e-05
1565 8.274949e-06
1566 4.689296e-06
1567 2.850415e-06
1568 1.602925e-06
1569 9.233707e-07
1570 5.506294e-07
1571 0.000000e+00
1572 0.000000e+00
1573 0.000000e+00
1574 0.000000e+00
1575 1.487210e-05
1576 1.614453e-05
1577 1.554949e-05
1578 1.266314e-05
1579 9.143013e-06
1580 6.883420e-06
1581 4.347301e-06
1582 2.655947e-06
1583 1.474901e-06
1584 8.112783e-07
1585 4.673052e-07
1586 2.832009e-07
1587 0.000000e+00
1588 0.000000e+00
1589 0.000000e+00
1590 1.001028e-05
1591 1.119728e-05
1592 1.128693e-05
1593 9.739022e-06
1594 7.195644e-06
1595 5.289411e-06
1596 3.755371e-06
1597 2.130464e-06
1598 1.202339e-06
1599 6.811759e-07
1600 3.783133e-07
1601 2.200058e-07
1602 0.000000e+00
1603 0.000000e+00
1604 0.000000e+00
1605 6.201116e-06
1606 7.118100e-06
1607 7.458527e-06
1608 6.801106e-06
1609 5.231433e-06
1610 3.775220e-06
1611 2.841823e-06
1612 1.597077e-06
1613 9.596537e-07
1614 5.242846e-07
1615 2.885232e-07
1616 1.606418e-07
1617 0.000000e+00
1618 0.000000e+00
1619 0.000000e+00
1620 3.163407e-06
1621 3.720115e-06
1622 4.038202e-06
1623 3.883392e-06
1624 3.154630e-06
1625 2.276770e-06
1626 1.716871e-06
1627 1.071974e-06
1628 6.518364e-07
1629 3.538249e-07
1630 1.861971e-07
1631 1.003484e-07
1632 5.578990e-08
1633 0.000000e+00
1634 0.000000e+00
1635 8.891198e-07
1636 1.072208e-06
1637 1.206146e-06
1638 1.224576e-06
1639 1.066696e-06
1640 7.933436e-07
1641 5.815894e-07
1642 4.169104e-07
1643 2.343421e-07
1644 1.314261e-07
1645 7.164692e-08
1646 3.730540e-08
1647 1.958823e-08
1648 0.000000e+00
1649 0.000000e+00
