0 2.176912e-09
1 1.412549e-09
2 8.876651e-10
3 5.595321e-10
4 3.600468e-10
5 2.371766e-10
6 1.577863e-10
7 1.035678e-10
8 6.552821e-11
9 3.927194e-11
10 2.208123e-11
11 1.163586e-11
12 5.787402e-12
13 2.748552e-12
14 1.262011e-12
15 3.699021e-09
16 2.456432e-09
17 1.558840e-09
18 9.715906e-10
19 6.149549e-10
20 3.987635e-10
21 2.640662e-10
22 1.751325e-10
23 1.134515e-10
24 7.025138e-11
25 4.095710e-11
26 2.235092e-11
27 1.145000e-11
28 5.560031e-12
29 2.591525e-12
30 4.221925e-09
31 2.821783e-09
32 1.799587e-09
33 1.119878e-09
34 7.060126e-10
35 4.555030e-10
36 3.007808e-10
37 1.997129e-10
38 1.300084e-10
39 8.112326e-11
40 4.774920e-11
41 2.631716e-11
42 1.359990e-11
43 6.649472e-12
44 3.113913e-12
45 4.508869e-09
46 3.022302e-09
47 1.931695e-09
48 1.201254e-09
49 7.559754e-10
50 4.866303e-10
51 3.209743e-10
52 2.131708e-10
53 1.390853e-10
54 8.708360e-11
55 5.146833e-11
56 2.848306e-11
57 1.477597e-11
58 7.245615e-12
59 3.400180e-12
60 4.704778e-09
61 3.159283e-09
62 2.021786e-09
63 1.256794e-09
64 7.900252e-10
65 5.079488e-10
66 3.347770e-10
67 2.224028e-10
68 1.452829e-10
69 9.116236e-11
70 5.402535e-11
71 2.997196e-11
72 1.558376e-11
73 7.653901e-12
74 3.598583e-12
75 4.845541e-09
76 3.257550e-09
77 2.086678e-09
78 1.296619e-09
79 8.145302e-10
80 5.232266e-10
81 3.446736e-10
82 2.290182e-10
83 1.497674e-10
84 9.411135e-11
85 5.584989e-11
86 3.104094e-11
87 1.616064e-11
88 7.946655e-12
89 3.736541e-12
90 4.962619e-09
91 3.339473e-09
92 2.140620e-09
93 1.330083e-09
94 8.350449e-10
95 5.359560e-10
96 3.529417e-10
97 2.345431e-10
98 1.534985e-10
99 9.655402e-11
100 5.738443e-11
101 3.193474e-11
102 1.664465e-11
103 8.191299e-12
104 3.853780e-12
105 5.065467e-09
106 3.410925e-09
107 2.188148e-09
108 1.359318e-09
109 8.528931e-10
110 5.471092e-10
111 3.601400e-10
112 2.393684e-10
113 1.566764e-10
114 9.864808e-11
115 5.868571e-11
116 3.270838e-11
117 1.706714e-11
118 8.405393e-12
119 3.953309e-12
120 5.163148e-09
121 3.479532e-09
122 2.233317e-09
123 1.387015e-09
124 8.699023e-10
125 5.576805e-10
126 3.669560e-10
127 2.439535e-10
128 1.598228e-10
129 1.007160e-10
130 5.998864e-11
131 3.345233e-11
132 1.746772e-11
133 8.608768e-12
134 4.053971e-12
135 5.274332e-09
136 3.556847e-09
137 2.284887e-09
138 1.418865e-09
139 8.893895e-10
140 5.698843e-10
141 3.748803e-10
142 2.491730e-10
143 1.633765e-10
144 1.030714e-10
145 6.145063e-11
146 3.430643e-11
147 1.793151e-11
148 8.841463e-12
149 4.165720e-12
150 7.857436e-09
151 5.406784e-09
152 3.549156e-09
153 2.215024e-09
154 1.373811e-09
155 8.663525e-10
156 5.621747e-10
157 3.722062e-10
158 2.461238e-10
159 1.584081e-10
160 9.709213e-11
161 5.590462e-11
162 3.009869e-11
163 1.521738e-11
164 7.303723e-12
165 9.924177e-09
166 6.914220e-09
167 4.604291e-09
168 2.903026e-09
169 1.790779e-09
170 1.120040e-09
171 7.190287e-10
172 4.730359e-10
173 3.133078e-10
174 2.035408e-10
175 1.267116e-10
176 7.437186e-11
177 4.084279e-11
178 2.101986e-11
179 1.022992e-11
180 1.110933e-08
181 7.781797e-09
182 5.211856e-09
183 3.302029e-09
184 2.033201e-09
185 1.267790e-09
186 8.098570e-10
187 5.312334e-10
188 3.519648e-10
189 2.295148e-10
190 1.437853e-10
191 8.504643e-11
192 4.708792e-11
193 2.441389e-11
194 1.195118e-11
195 1.191958e-08
196 8.375585e-09
197 5.628260e-09
198 3.575487e-09
199 2.199246e-09
200 1.368917e-09
201 8.719276e-10
202 5.711670e-10
203 3.784478e-10
204 2.473058e-10
205 1.554824e-10
206 9.237192e-11
207 5.137499e-11
208 2.674339e-11
209 1.313204e-11
210 1.250191e-08
211 8.802573e-09
212 5.928243e-09
213 3.771390e-09
214 2.319020e-09
215 1.441590e-09
216 9.166917e-10
217 5.997886e-10
218 3.974538e-10
219 2.600739e-10
220 1.638579e-10
221 9.762222e-11
222 5.444733e-11
223 2.840858e-11
224 1.398062e-11
225 1.298680e-08
226 9.156996e-09
227 6.175649e-09
228 3.935012e-09
229 2.417832e-09
230 1.501943e-09
231 9.537167e-10
232 6.235430e-10
233 4.132249e-10
234 2.706551e-10
235 1.708313e-10
236 1.019709e-10
237 5.698805e-11
238 2.979371e-11
239 1.468066e-11
240 1.340697e-08
241 9.465076e-09
242 6.392063e-09
243 4.077235e-09
244 2.504543e-09
245 1.554618e-09
246 9.860256e-10
247 6.441704e-10
248 4.270081e-10
249 2.799111e-10
250 1.769155e-10
251 1.057766e-10
252 5.921956e-11
253 3.100496e-11
254 1.529005e-11
255 1.380929e-08
256 9.759287e-09
257 6.598805e-09
258 4.213338e-09
259 2.586792e-09
260 1.604633e-09
261 1.016852e-09
262 6.638999e-10
263 4.401296e-10
264 2.887169e-10
265 1.827053e-10
266 1.094061e-10
267 6.133989e-11
268 3.215421e-11
269 1.587690e-11
270 1.427505e-08
271 1.010067e-08
272 6.837828e-09
273 4.369782e-09
274 2.681772e-09
275 1.662920e-09
276 1.052836e-09
277 6.869261e-10
278 4.553152e-10
279 2.989208e-10
280 1.894339e-10
281 1.136174e-10
282 6.379563e-11
283 3.348980e-11
284 1.655396e-11
285 1.361447e-08
286 9.681795e-09
287 6.574096e-09
288 4.240396e-09
289 2.612135e-09
290 1.618123e-09
291 1.020419e-09
292 6.621493e-10
293 4.369222e-10
294 2.863845e-10
295 1.818099e-10
296 1.096239e-10
297 6.205728e-11
298 3.288650e-11
299 1.640104e-11
300 1.601177e-08
301 1.151521e-08
302 7.889542e-09
303 5.146921e-09
304 3.182032e-09
305 1.961446e-09
306 1.227187e-09
307 7.902501e-10
308 5.195776e-10
309 3.413651e-10
310 2.184279e-10
311 1.332848e-10
312 7.652919e-11
313 4.114460e-11
314 2.078194e-11
315 1.767530e-08
316 1.279257e-08
317 8.807655e-09
318 5.781525e-09
319 3.582979e-09
320 2.202318e-09
321 1.372609e-09
322 8.801497e-10
323 5.774527e-10
324 3.797672e-10
325 2.439934e-10
326 1.498232e-10
327 8.666357e-11
328 4.694244e-11
329 2.386680e-11
330 1.887245e-08
331 1.371221e-08
332 9.466034e-09
333 6.235218e-09
334 3.870696e-09
335 2.375091e-09
336 1.476762e-09
337 9.446545e-10
338 6.190518e-10
339 4.073621e-10
340 2.623453e-10
341 1.616927e-10
342 9.394239e-11
343 5.110771e-11
344 2.608244e-11
345 1.986650e-08
346 1.447480e-08
347 1.001511e-08
348 6.614741e-09
349 4.109600e-09
350 2.518783e-09
351 1.563288e-09
352 9.981884e-10
353 6.534515e-10
354 4.302097e-10
355 2.775854e-10
356 1.715498e-10
357 9.998060e-11
358 5.456346e-11
359 2.792103e-11
360 2.073312e-08
361 1.514097e-08
362 1.049394e-08
363 6.943915e-09
364 4.317700e-09
365 2.644125e-09
366 1.638716e-09
367 1.044850e-09
368 6.835026e-10
369 4.501850e-10
370 2.908711e-10
371 1.801430e-10
372 1.052468e-10
373 5.757370e-11
374 2.952191e-11
375 2.155326e-08
376 1.577050e-08
377 1.094567e-08
378 7.256493e-09
379 4.514639e-09
380 2.762712e-09
381 1.710227e-09
382 1.089039e-09
383 7.119730e-10
384 4.690955e-10
385 3.034731e-10
386 1.882900e-10
387 1.102376e-10
388 6.042799e-11
389 3.103987e-11
390 2.251281e-08
391 1.650805e-08
392 1.147493e-08
393 7.621871e-09
394 4.745791e-09
395 2.902125e-09
396 1.794258e-09
397 1.141036e-09
398 7.453302e-10
399 4.912814e-10
400 3.182418e-10
401 1.978457e-10
402 1.160951e-10
403 6.377354e-11
404 3.282041e-11
405 1.964459e-08
406 1.439150e-08
407 9.985139e-09
408 6.618359e-09
409 4.140888e-09
410 2.535811e-09
411 1.572634e-09
412 1.000140e-09
413 6.521040e-10
414 4.283361e-10
415 2.763510e-10
416 1.712007e-10
417 1.002479e-10
418 5.505980e-11
419 2.837502e-11
420 2.234453e-08
421 1.656254e-08
422 1.158203e-08
423 7.741966e-09
424 4.885902e-09
425 2.983404e-09
426 1.842196e-09
427 1.162732e-09
428 7.537919e-10
429 4.945124e-10
430 3.202637e-10
431 2.000020e-10
432 1.183886e-10
433 6.581444e-11
434 3.431752e-11
435 2.429082e-08
436 1.813424e-08
437 1.273656e-08
438 8.557163e-09
439 5.426367e-09
440 3.308526e-09
441 2.038408e-09
442 1.280797e-09
443 8.277313e-10
444 5.425354e-10
445 3.521147e-10
446 2.208912e-10
447 1.315535e-10
448 7.362883e-11
449 3.864174e-11
450 2.591749e-08
451 1.943931e-08
452 1.369894e-08
453 9.235060e-09
454 5.875183e-09
455 3.579253e-09
456 2.201032e-09
457 1.378958e-09
458 8.888810e-10
459 5.823899e-10
460 3.785504e-10
461 2.382289e-10
462 1.424791e-10
463 8.011174e-11
464 4.222886e-11
465 2.733047e-08
466 2.057927e-08
467 1.453774e-08
468 9.823975e-09
469 6.266575e-09
470 3.815257e-09
471 2.342697e-09
472 1.464388e-09
473 9.424232e-10
474 6.171623e-10
475 4.016059e-10
476 2.533506e-10
477 1.520092e-10
478 8.576836e-11
479 4.535844e-11
480 2.866730e-08
481 2.165318e-08
482 1.533092e-08
483 1.038198e-08
484 6.637488e-09
485 4.038110e-09
486 2.477115e-09
487 1.545187e-09
488 9.929538e-10
489 6.500417e-10
490 4.234406e-10
491 2.676686e-10
492 1.610296e-10
493 9.111564e-11
494 4.831602e-11
495 3.023220e-08
496 2.291259e-08
497 1.625727e-08
498 1.103530e-08
499 7.070365e-09
500 4.298779e-09
501 2.634032e-09
502 1.639853e-09
503 1.052089e-09
504 6.884957e-10
505 4.489365e-10
506 2.843724e-10
507 1.715672e-10
508 9.737345e-11
509 5.177828e-11
510 2.613429e-08
511 1.971689e-08
512 1.395317e-08
513 9.427896e-09
514 6.034622e-09
515 3.685254e-09
516 2.263805e-09
517 1.413402e-09
518 9.076714e-10
519 5.929123e-10
520 3.850534e-10
521 2.426743e-10
522 1.456640e-10
523 8.234544e-11
524 4.368813e-11
525 2.899338e-08
526 2.212183e-08
527 1.577709e-08
528 1.072996e-08
529 6.926486e-09
530 4.236887e-09
531 2.594101e-09
532 1.609247e-09
533 1.027433e-09
534 6.689548e-10
535 4.348759e-10
536 2.754476e-10
537 1.666658e-10
538 9.514841e-11
539 5.100477e-11
540 3.137685e-08
541 2.412759e-08
542 1.729893e-08
543 1.181844e-08
544 7.671168e-09
545 4.699121e-09
546 2.869797e-09
547 1.773089e-09
548 1.127246e-09
549 7.324385e-10
550 4.764516e-10
551 3.027916e-10
552 1.841899e-10
553 1.058347e-10
554 5.711559e-11
555 3.345222e-08
556 2.587474e-08
557 1.862641e-08
558 1.276470e-08
559 8.319818e-09
560 5.100455e-09
561 3.110034e-09
562 1.915860e-09
563 1.214395e-09
564 7.877277e-10
565 5.126530e-10
566 3.266019e-10
567 1.994495e-10
568 1.151392e-10
569 6.243543e-11
570 3.542082e-08
571 2.753260e-08
572 1.988613e-08
573 1.366395e-08
574 8.936462e-09
575 5.482364e-09
576 3.338309e-09
577 2.051247e-09
578 1.297098e-09
579 8.402367e-10
580 5.470559e-10
581 3.492264e-10
582 2.139480e-10
583 1.239809e-10
584 6.749135e-11
585 3.772727e-08
586 2.946958e-08
587 2.135721e-08
588 1.471364e-08
589 9.654090e-09
590 5.927228e-09
591 3.603914e-09
592 2.209005e-09
593 1.393408e-09
594 9.013868e-10
595 5.871095e-10
596 3.755761e-10
597 2.308364e-10
598 1.342783e-10
599 7.337883e-11
600 3.276910e-08
601 2.539841e-08
602 1.832591e-08
603 1.256867e-08
604 8.205442e-09
605 5.051123e-09
606 3.077664e-09
607 1.895288e-09
608 1.199341e-09
609 7.762928e-10
610 5.043336e-10
611 3.210381e-10
612 1.961160e-10
613 1.133912e-10
614 6.165282e-11
615 3.600529e-08
616 2.822595e-08
617 2.054071e-08
618 1.417434e-08
619 9.324130e-09
620 5.770464e-09
621 3.504155e-09
622 2.148310e-09
623 1.350740e-09
624 8.702854e-10
625 5.648639e-10
626 3.606615e-10
627 2.217171e-10
628 1.292945e-10
629 7.098160e-11
630 3.883048e-08
631 3.069644e-08
632 2.247911e-08
633 1.557657e-08
634 1.030258e-08
635 6.399530e-09
636 3.877532e-09
637 2.369755e-09
638 1.483409e-09
639 9.524764e-10
640 6.177749e-10
641 3.952934e-10
642 2.440936e-10
643 1.431968e-10
644 7.913904e-11
645 4.150651e-08
646 3.303700e-08
647 2.431506e-08
648 1.690757e-08
649 1.123000e-08
650 6.995965e-09
651 4.231141e-09
652 2.579836e-09
653 1.609006e-09
654 1.030371e-09
655 6.679320e-10
656 4.281229e-10
657 2.653038e-10
658 1.563742e-10
659 8.686983e-11
660 4.464131e-08
661 3.577121e-08
662 2.646007e-08
663 1.846032e-08
664 1.231148e-08
665 7.691865e-09
666 4.644099e-09
667 2.824571e-09
668 1.755507e-09
669 1.121253e-09
670 7.264272e-10
671 4.664169e-10
672 2.900487e-10
673 1.717470e-10
674 9.588969e-11
675 4.018485e-08
676 3.199017e-08
677 2.357504e-08
678 1.640379e-08
679 1.089426e-08
680 6.809511e-09
681 4.121723e-09
682 2.515488e-09
683 1.567248e-09
684 1.001997e-09
685 6.483098e-10
686 4.148458e-10
687 2.568224e-10
688 1.513636e-10
689 8.417537e-11
690 4.392417e-08
691 3.537053e-08
692 2.632243e-08
693 1.842950e-08
694 1.232304e-08
695 7.759743e-09
696 4.689687e-09
697 2.853206e-09
698 1.765888e-09
699 1.122278e-09
700 7.241409e-10
701 4.639576e-10
702 2.886075e-10
703 1.713694e-10
704 9.616311e-11
705 4.746121e-08
706 3.858030e-08
707 2.892441e-08
708 2.035458e-08
709 1.367972e-08
710 8.662440e-09
711 5.229237e-09
712 3.173710e-09
713 1.954486e-09
714 1.236457e-09
715 7.961488e-10
716 5.105647e-10
717 3.187662e-10
718 1.903516e-10
719 1.075432e-10
720 5.160148e-08
721 4.233024e-08
722 3.195751e-08
723 2.259753e-08
724 1.526022e-08
725 9.714738e-09
726 5.858404e-09
727 3.547797e-09
728 2.174253e-09
729 1.369647e-09
730 8.800414e-10
731 5.648778e-10
732 3.539138e-10
733 2.124723e-10
734 1.208049e-10
735 4.869181e-08
736 3.981877e-08
737 3.003537e-08
738 2.123094e-08
739 1.431480e-08
740 9.116384e-09
741 5.515411e-09
742 3.342758e-09
743 2.050520e-09
744 1.291764e-09
745 8.289178e-10
746 5.308978e-10
747 3.318043e-10
748 1.987574e-10
749 1.128375e-10
750 5.330820e-08
751 4.414337e-08
752 3.367497e-08
753 2.398608e-08
754 1.627729e-08
755 1.045609e-08
756 6.337316e-09
757 3.828622e-09
758 2.333151e-09
759 1.459602e-09
760 9.322028e-10
761 5.966084e-10
762 3.741056e-10
763 2.255726e-10
764 1.291926e-10
765 5.870370e-08
766 4.919915e-08
767 3.791454e-08
768 2.719996e-08
769 1.856850e-08
770 1.202120e-08
771 7.298383e-09
772 4.396998e-09
773 2.663264e-09
774 1.655681e-09
775 1.052784e-09
776 6.733194e-10
777 4.234869e-10
778 2.568728e-10
779 1.482849e-10
780 5.925919e-08
781 4.988504e-08
782 3.866119e-08
783 2.786536e-08
784 1.907323e-08
785 1.239789e-08
786 7.567505e-09
787 4.550787e-09
788 2.752074e-09
789 1.704282e-09
790 1.079375e-09
791 6.884012e-10
792 4.326124e-10
793 2.627211e-10
794 1.521219e-10
795 6.635522e-08
796 5.676048e-08
797 4.466129e-08
798 3.256430e-08
799 2.247294e-08
800 1.476278e-08
801 9.078898e-09
802 5.438055e-09
803 3.268026e-09
804 2.004313e-09
805 1.258900e-09
806 7.997753e-10
807 5.033091e-10
808 3.075231e-10
809 1.797889e-10
810 7.616321e-08
811 6.661107e-08
812 5.365179e-08
813 3.989838e-08
814 2.790210e-08
815 1.859398e-08
816 1.163217e-08
817 6.950252e-09
818 4.152506e-09
819 2.508532e-09
820 1.551299e-09
821 9.752276e-10
822 6.119642e-10
823 3.757021e-10
824 2.221190e-10
825 5.028816e-07
826 3.673001e-07
827 2.721587e-07
828 1.693326e-07
829 1.031694e-07
830 6.112125e-08
831 3.732320e-08
832 2.394749e-08
833 1.616746e-08
834 0.000000e+00
835 0.000000e+00
836 0.000000e+00
837 0.000000e+00
838 0.000000e+00
839 0.000000e+00
840 7.609473e-07
841 5.559398e-07
842 4.123858e-07
843 2.596259e-07
844 1.577770e-07
845 9.335387e-08
846 5.689534e-08
847 3.636564e-08
848 2.448170e-08
849 0.000000e+00
850 0.000000e+00
851 0.000000e+00
852 0.000000e+00
853 0.000000e+00
854 0.000000e+00
855 9.034708e-07
856 6.601393e-07
857 4.898343e-07
858 3.095543e-07
859 1.879543e-07
860 1.111685e-07
861 6.771198e-08
862 4.322638e-08
863 2.907417e-08
864 0.000000e+00
865 0.000000e+00
866 0.000000e+00
867 0.000000e+00
868 0.000000e+00
869 0.000000e+00
870 1.001055e-06
871 7.314809e-07
872 5.428628e-07
873 3.437391e-07
874 2.086176e-07
875 1.233662e-07
876 7.511798e-08
877 4.792430e-08
878 3.221857e-08
879 0.000000e+00
880 0.000000e+00
881 0.000000e+00
882 0.000000e+00
883 0.000000e+00
884 0.000000e+00
885 1.071193e-06
886 7.827614e-07
887 5.809742e-07
888 3.683088e-07
889 2.234694e-07
890 1.321335e-07
891 8.044121e-08
892 5.130076e-08
893 3.447879e-08
894 0.000000e+00
895 0.000000e+00
896 0.000000e+00
897 0.000000e+00
898 0.000000e+00
899 0.000000e+00
900 1.129439e-06
901 8.253442e-07
902 6.126261e-07
903 3.887123e-07
904 2.358020e-07
905 1.394142e-07
906 8.486152e-08
907 5.410480e-08
908 3.635564e-08
909 0.000000e+00
910 0.000000e+00
911 0.000000e+00
912 0.000000e+00
913 0.000000e+00
914 0.000000e+00
915 1.180268e-06
916 8.625041e-07
917 6.402459e-07
918 4.065191e-07
919 2.465652e-07
920 1.457672e-07
921 8.871918e-08
922 5.655163e-08
923 3.799350e-08
924 0.000000e+00
925 0.000000e+00
926 0.000000e+00
927 0.000000e+00
928 0.000000e+00
929 0.000000e+00
930 1.228460e-06
931 8.977376e-07
932 6.664337e-07
933 4.234011e-07
934 2.567693e-07
935 1.517905e-07
936 9.237652e-08
937 5.887147e-08
938 3.954628e-08
939 0.000000e+00
940 0.000000e+00
941 0.000000e+00
942 0.000000e+00
943 0.000000e+00
944 0.000000e+00
945 1.284683e-06
946 9.388454e-07
947 6.969857e-07
948 4.430983e-07
949 2.686743e-07
950 1.588185e-07
951 9.664394e-08
952 6.157795e-08
953 4.135810e-08
954 0.000000e+00
955 0.000000e+00
956 0.000000e+00
957 0.000000e+00
958 0.000000e+00
959 0.000000e+00
960 3.356815e-07
961 2.672786e-07
962 1.938766e-07
963 1.453996e-07
964 8.991320e-08
965 5.504903e-08
966 3.199713e-08
967 1.913324e-08
968 1.199220e-08
969 7.940695e-09
970 0.000000e+00
971 0.000000e+00
972 0.000000e+00
973 0.000000e+00
974 0.000000e+00
975 5.201253e-07
976 4.170723e-07
977 3.028300e-07
978 2.268887e-07
979 1.421949e-07
980 8.670085e-08
981 5.035833e-08
982 3.007150e-08
983 1.877745e-08
984 1.239591e-08
985 0.000000e+00
986 0.000000e+00
987 0.000000e+00
988 0.000000e+00
989 0.000000e+00
990 6.470581e-07
991 5.202231e-07
992 3.778735e-07
993 2.830038e-07
994 1.782373e-07
995 1.085077e-07
996 6.300970e-08
997 3.760846e-08
998 2.345175e-08
999 1.546429e-08
1000 0.000000e+00
1001 0.000000e+00
1002 0.000000e+00
1003 0.000000e+00
1004 0.000000e+00
1005 7.382357e-07
1006 5.943126e-07
1007 4.317715e-07
1008 3.233096e-07
1009 2.041234e-07
1010 1.241698e-07
1011 7.209649e-08
1012 4.302199e-08
1013 2.680897e-08
1014 1.766814e-08
1015 0.000000e+00
1016 0.000000e+00
1017 0.000000e+00
1018 0.000000e+00
1019 0.000000e+00
1020 8.139596e-07
1021 6.558390e-07
1022 4.765327e-07
1023 3.567807e-07
1024 2.256220e-07
1025 1.371778e-07
1026 7.964314e-08
1027 4.751755e-08
1028 2.959718e-08
1029 1.949827e-08
1030 0.000000e+00
1031 0.000000e+00
1032 0.000000e+00
1033 0.000000e+00
1034 0.000000e+00
1035 8.800254e-07
1036 7.095243e-07
1037 5.155916e-07
1038 3.859857e-07
1039 2.443794e-07
1040 1.485270e-07
1041 8.622743e-08
1042 5.144028e-08
1043 3.202995e-08
1044 2.109535e-08
1045 0.000000e+00
1046 0.000000e+00
1047 0.000000e+00
1048 0.000000e+00
1049 0.000000e+00
1050 9.426736e-07
1051 7.604327e-07
1052 5.526249e-07
1053 4.136780e-07
1054 2.621647e-07
1055 1.592896e-07
1056 9.247120e-08
1057 5.515972e-08
1058 3.433673e-08
1059 2.260959e-08
1060 0.000000e+00
1061 0.000000e+00
1062 0.000000e+00
1063 0.000000e+00
1064 0.000000e+00
1065 1.015768e-06
1066 8.198310e-07
1067 5.958365e-07
1068 4.459927e-07
1069 2.829175e-07
1070 1.718473e-07
1071 9.975607e-08
1072 5.949995e-08
1073 3.702828e-08
1074 2.437647e-08
1075 0.000000e+00
1076 0.000000e+00
1077 0.000000e+00
1078 0.000000e+00
1079 0.000000e+00
1080 1.968524e-07
1081 1.789942e-07
1082 1.378743e-07
1083 9.970715e-08
1084 7.471008e-08
1085 4.317383e-08
1086 2.645818e-08
1087 1.525662e-08
1088 9.023383e-09
1089 5.614421e-09
1090 0.000000e+00
1091 0.000000e+00
1092 0.000000e+00
1093 0.000000e+00
1094 0.000000e+00
1095 3.326838e-07
1096 3.039186e-07
1097 2.351188e-07
1098 1.699186e-07
1099 1.275166e-07
1100 7.412791e-08
1101 4.555361e-08
1102 2.620174e-08
1103 1.543836e-08
1104 9.582507e-09
1105 0.000000e+00
1106 0.000000e+00
1107 0.000000e+00
1108 0.000000e+00
1109 0.000000e+00
1110 4.306279e-07
1111 3.940342e-07
1112 3.052903e-07
1113 2.205836e-07
1114 1.656230e-07
1115 9.648065e-08
1116 5.934313e-08
1117 3.410487e-08
1118 2.006900e-08
1119 1.244630e-08
1120 0.000000e+00
1121 0.000000e+00
1122 0.000000e+00
1123 0.000000e+00
1124 0.000000e+00
1125 5.118675e-07
1126 4.687719e-07
1127 3.634880e-07
1128 2.626035e-07
1129 1.972257e-07
1130 1.150174e-07
1131 7.077884e-08
1132 4.065897e-08
1133 2.390921e-08
1134 1.482137e-08
1135 0.000000e+00
1136 0.000000e+00
1137 0.000000e+00
1138 0.000000e+00
1139 0.000000e+00
1140 5.827486e-07
1141 5.339873e-07
1142 4.142683e-07
1143 2.992682e-07
1144 2.248018e-07
1145 1.311919e-07
1146 8.075741e-08
1147 4.637790e-08
1148 2.726008e-08
1149 1.689370e-08
1150 0.000000e+00
1151 0.000000e+00
1152 0.000000e+00
1153 0.000000e+00
1154 0.000000e+00
1155 6.499630e-07
1156 5.958254e-07
1157 4.624212e-07
1158 3.340351e-07
1159 2.509506e-07
1160 1.465295e-07
1161 9.021925e-08
1162 5.180077e-08
1163 3.043750e-08
1164 1.885873e-08
1165 0.000000e+00
1166 0.000000e+00
1167 0.000000e+00
1168 0.000000e+00
1169 0.000000e+00
1170 7.283846e-07
1171 6.679733e-07
1172 5.186008e-07
1173 3.745984e-07
1174 2.814577e-07
1175 1.644239e-07
1176 1.012585e-07
1177 5.812754e-08
1178 3.414473e-08
1179 2.115149e-08
1180 0.000000e+00
1181 0.000000e+00
1182 0.000000e+00
1183 0.000000e+00
1184 0.000000e+00
1185 1.328605e-07
1186 1.311367e-07
1187 1.102678e-07
1188 8.054690e-08
1189 5.983906e-08
1190 4.066602e-08
1191 2.399930e-08
1192 1.367329e-08
1193 7.904384e-09
1194 4.671003e-09
1195 2.926036e-09
1196 0.000000e+00
1197 0.000000e+00
1198 0.000000e+00
1199 0.000000e+00
1200 2.309645e-07
1201 2.286309e-07
1202 1.929843e-07
1203 1.412201e-07
1204 1.047381e-07
1205 7.169185e-08
1206 4.209532e-08
1207 2.401769e-08
1208 1.390352e-08
1209 8.201093e-09
1210 5.126526e-09
1211 0.000000e+00
1212 0.000000e+00
1213 0.000000e+00
1214 0.000000e+00
1215 3.123230e-07
1216 3.095004e-07
1217 2.616146e-07
1218 1.915693e-07
1219 1.419926e-07
1220 9.744466e-08
1221 5.711207e-08
1222 3.260329e-08
1223 1.888241e-08
1224 1.113063e-08
1225 6.952515e-09
1226 0.000000e+00
1227 0.000000e+00
1228 0.000000e+00
1229 0.000000e+00
1230 3.831935e-07
1231 3.799432e-07
1232 3.213903e-07
1233 2.354215e-07
1234 1.744400e-07
1235 1.198757e-07
1236 7.019122e-08
1237 4.008120e-08
1238 2.321897e-08
1239 1.368230e-08
1240 8.542871e-09
1241 0.000000e+00
1242 0.000000e+00
1243 0.000000e+00
1244 0.000000e+00
1245 4.503977e-07
1246 4.467362e-07
1247 3.780737e-07
1248 2.770046e-07
1249 2.052095e-07
1250 1.411454e-07
1251 8.259382e-08
1252 4.717229e-08
1253 2.733118e-08
1254 1.610194e-08
1255 1.005098e-08
1256 0.000000e+00
1257 0.000000e+00
1258 0.000000e+00
1259 0.000000e+00
1260 5.288015e-07
1261 5.246659e-07
1262 4.442070e-07
1263 3.255223e-07
1264 2.411084e-07
1265 1.659601e-07
1266 9.706421e-08
1267 5.544503e-08
1268 3.212871e-08
1269 1.892488e-08
1270 1.181051e-08
1271 0.000000e+00
1272 0.000000e+00
1273 0.000000e+00
1274 0.000000e+00
1275 9.386832e-08
1276 9.772896e-08
1277 8.842539e-08
1278 6.763836e-08
1279 4.889364e-08
1280 3.662137e-08
1281 2.068898e-08
1282 1.249240e-08
1283 7.059485e-09
1284 4.077981e-09
1285 2.441615e-09
1286 0.000000e+00
1287 0.000000e+00
1288 0.000000e+00
1289 0.000000e+00
1290 1.734010e-07
1291 1.809306e-07
1292 1.642442e-07
1293 1.259987e-07
1294 9.101910e-08
1295 6.828549e-08
1296 3.869474e-08
1297 2.344558e-08
1298 1.321766e-08
1299 7.615769e-09
1300 4.550308e-09
1301 0.000000e+00
1302 0.000000e+00
1303 0.000000e+00
1304 0.000000e+00
1305 2.424634e-07
1306 2.531893e-07
1307 2.301013e-07
1308 1.766983e-07
1309 1.276148e-07
1310 9.579446e-08
1311 5.434250e-08
1312 3.296555e-08
1313 1.856968e-08
1314 1.068970e-08
1315 6.382327e-09
1316 0.000000e+00
1317 0.000000e+00
1318 0.000000e+00
1319 0.000000e+00
1320 3.078577e-07
1321 3.216065e-07
1322 2.924568e-07
1323 2.247029e-07
1324 1.622652e-07
1325 1.218404e-07
1326 6.915697e-08
1327 4.197839e-08
1328 2.363663e-08
1329 1.359998e-08
1330 8.116900e-09
1331 0.000000e+00
1332 0.000000e+00
1333 0.000000e+00
1334 0.000000e+00
1335 3.841561e-07
1336 4.014323e-07
1337 3.652105e-07
1338 2.807097e-07
1339 2.026908e-07
1340 1.522281e-07
1341 8.644124e-08
1342 5.249408e-08
1343 2.954836e-08
1344 1.699550e-08
1345 1.014064e-08
1346 0.000000e+00
1347 0.000000e+00
1348 0.000000e+00
1349 0.000000e+00
1350 7.198529e-08
1351 7.791321e-08
1352 7.470705e-08
1353 6.053436e-08
1354 4.367055e-08
1355 3.292298e-08
1356 2.056101e-08
1357 1.260765e-08
1358 6.999337e-09
1359 3.854086e-09
1360 2.227708e-09
1361 1.354874e-09
1362 0.000000e+00
1363 0.000000e+00
1364 0.000000e+00
1365 1.384339e-07
1366 1.500897e-07
1367 1.442895e-07
1368 1.172779e-07
1369 8.466379e-08
1370 6.376346e-08
1371 4.010361e-08
1372 2.451557e-08
1373 1.361315e-08
1374 7.499832e-09
1375 4.324630e-09
1376 2.624216e-09
1377 0.000000e+00
1378 0.000000e+00
1379 0.000000e+00
1380 2.010031e-07
1381 2.180563e-07
1382 2.098198e-07
1383 1.707216e-07
1384 1.232755e-07
1385 9.281020e-08
1386 5.851418e-08
1387 3.573215e-08
1388 1.984300e-08
1389 1.093430e-08
1390 6.299816e-09
1391 3.819753e-09
1392 0.000000e+00
1393 0.000000e+00
1394 0.000000e+00
1395 2.739546e-07
1396 2.973002e-07
1397 2.862206e-07
1398 2.330303e-07
1399 1.682909e-07
1400 1.266749e-07
1401 7.997821e-08
1402 4.880901e-08
1403 2.710609e-08
1404 1.493828e-08
1405 8.602574e-09
1406 5.213599e-09
1407 0.000000e+00
1408 0.000000e+00
1409 0.000000e+00
1410 5.874955e-08
1411 6.556630e-08
1412 6.586468e-08
1413 5.657193e-08
1414 4.169726e-08
1415 3.071242e-08
1416 2.163414e-08
1417 1.234438e-08
1418 6.949310e-09
1419 3.932295e-09
1420 2.187329e-09
1421 1.275731e-09
1422 0.000000e+00
1423 0.000000e+00
1424 0.000000e+00
1425 1.179147e-07
1426 1.317863e-07
1427 1.326773e-07
1428 1.143035e-07
1429 8.439685e-08
1430 6.208265e-08
1431 4.394567e-08
1432 2.499058e-08
1433 1.409978e-08
1434 7.977225e-09
1435 4.434851e-09
1436 2.581316e-09
1437 0.000000e+00
1438 0.000000e+00
1439 0.000000e+00
1440 1.864659e-07
1441 2.085133e-07
1442 2.100928e-07
1443 1.811975e-07
1444 1.338744e-07
1445 9.843172e-08
1446 6.979941e-08
1447 3.964442e-08
1448 2.238585e-08
1449 1.266432e-08
1450 7.039246e-09
1451 4.094128e-09
1452 0.000000e+00
1453 0.000000e+00
1454 0.000000e+00
1455 5.133204e-08
1456 5.882456e-08
1457 6.148641e-08
1458 5.586594e-08
1459 4.284276e-08
1460 3.094349e-08
1461 2.324158e-08
1462 1.302994e-08
1463 7.793734e-09
1464 4.270057e-09
1465 2.353995e-09
1466 1.314393e-09
1467 0.000000e+00
1468 0.000000e+00
1469 0.000000e+00
1470 1.144183e-07
1471 1.312916e-07
1472 1.375004e-07
1473 1.252950e-07
1474 9.633716e-08
1475 6.954074e-08
1476 5.230451e-08
1477 2.941265e-08
1478 1.765429e-08
1479 9.654141e-09
1480 5.309452e-09
1481 2.958532e-09
1482 0.000000e+00
1483 0.000000e+00
1484 0.000000e+00
1485 5.365951e-08
1486 6.305310e-08
1487 6.836742e-08
1488 6.563666e-08
1489 5.322059e-08
1490 3.840196e-08
1491 2.896999e-08
1492 1.801397e-08
1493 1.096258e-08
1494 5.948986e-09
1495 3.133417e-09
1496 1.690534e-09
1497 9.414166e-10
1498 0.000000e+00
1499 0.000000e+00
1500 1.109684e-04
1501 8.086786e-05
1502 6.035546e-05
1503 3.805236e-05
1504 2.321989e-05
1505 1.369104e-05
1506 8.324421e-06
1507 5.304277e-06
1508 3.565556e-06
1509 0.000000e+00
1510 0.000000e+00
1511 0.000000e+00
1512 0.000000e+00
1513 0.000000e+00
1514 0.000000e+00
1515 5.757601e-05
1516 4.644359e-05
1517 3.369791e-05
1518 2.528332e-05
1519 1.597668e-05
1520 9.754545e-06
1521 5.648866e-06
1522 3.364481e-06
1523 2.093966e-06
1524 1.379138e-06
1525 0.000000e+00
1526 0.000000e+00
1527 0.000000e+00
1528 0.000000e+00
1529 0.000000e+00
1530 4.047788e-05
1531 3.713775e-05
1532 2.882267e-05
1533 2.080348e-05
1534 1.566222e-05
1535 9.111532e-06
1536 5.625604e-06
1537 3.225263e-06
1538 1.896511e-06
1539 1.174730e-06
1540 0.000000e+00
1541 0.000000e+00
1542 0.000000e+00
1543 0.000000e+00
1544 0.000000e+00
1545 2.912801e-05
1546 2.891312e-05
1547 2.448503e-05
1548 1.793535e-05
1549 1.328396e-05
1550 9.154542e-06
1551 5.351144e-06
1552 3.053081e-06
1553 1.771954e-06
1554 1.042590e-06
1555 6.506122e-07
1556 0.000000e+00
1557 0.000000e+00
1558 0.000000e+00
1559 0.000000e+00
1560 2.085098e-05
1561 2.179680e-05
1562 1.983793e-05
1563 1.524768e-05
1564 1.100576e-05
1565 8.274949e-06
1566 4.689296e-06
1567 2.850415e-06
1568 1.602925e-06
1569 9.233707e-07
1570 5.506294e-07
1571 0.000000e+00
1572 0.000000e+00
1573 0.000000e+00
1574 0.000000e+00
1575 1.487210e-05
1576 1.614453e-05
1577 1.554949e-05
1578 1.266314e-05
1579 9.143013e-06
1580 6.883420e-06
1581 4.347301e-06
1582 2.655947e-06
1583 1.474901e-06
1584 8.112783e-07
1585 4.673052e-07
1586 2.832009e-07
1587 0.000000e+00
1588 0.000000e+00
1589 0.000000e+00
1590 1.001028e-05
1591 1.119728e-05
1592 1.128693e-05
1593 9.739022e-06
1594 7.195644e-06
1595 5.289411e-06
1596 3.755371e-06
1597 2.130464e-06
1598 1.202339e-06
1599 6.811759e-07
1600 3.783133e-07
1601 2.200058e-07
1602 0.000000e+00
1603 0.000000e+00
1604 0.000000e+00
1605 6.201116e-06
1606 7.118100e-06
1607 7.458527e-06
1608 6.801106e-06
1609 5.231433e-06
1610 3.775220e-06
1611 2.841823e-06
1612 1.597077e-06
1613 9.596537e-07
1614 5.242846e-07
1615 2.885232e-07
1616 1.606418e-07
1617 0.000000e+00
1618 0.000000e+00
1619 0.000000e+00
1620 3.163407e-06
1621 3.720115e-06
1622 4.038202e-06
1623 3.883392e-06
1624 3.154630e-06
1625 2.276770e-06
1626 1.716871e-06
1627 1.071974e-06
1628 6.518364e-07
1629 3.538249e-07
1630 1.861971e-07
1631 1.003484e-07
1632 5.578990e-08
1633 0.000000e+00
1634 0.000000e+00
1635 8.891198e-07
1636 1.072208e-06
1637 1.206146e-06
1638 1.224576e-06
1639 1.066696e-06
1640 7.933436e-07
1641 5.815894e-07
1642 4.169104e-07
1643 2.343421e-07
1644 1.314261e-07
1645 7.164692e-08
1646 3.730540e-08
1647 1.958823e-08
1648 0.000000e+00
1649 0.000000e+00
