0 2.206848e-09
1 1.433078e-09
2 9.008821e-10
3 5.676461e-10
4 3.650688e-10
5 2.403578e-10
6 1.598790e-10
7 1.049765e-10
8 6.647130e-11
9 3.988108e-11
10 2.245265e-11
11 1.184688e-11
12 5.898988e-12
13 2.803948e-12
14 1.288259e-12
15 3.739749e-09
16 2.485333e-09
17 1.578345e-09
18 9.837319e-10
19 6.223712e-10
20 4.033325e-10
21 2.669793e-10
22 1.770607e-10
23 1.147515e-10
24 7.111442e-11
25 4.150662e-11
26 2.267931e-11
27 1.163245e-11
28 5.654403e-12
29 2.637457e-12
30 4.276132e-09
31 2.860612e-09
32 1.826157e-09
33 1.136692e-09
34 7.162473e-10
35 4.617754e-10
36 3.047373e-10
37 2.023038e-10
38 1.317479e-10
39 8.228471e-11
40 4.849802e-11
41 2.677184e-11
42 1.385609e-11
43 6.784207e-12
44 3.180378e-12
45 4.571197e-09
46 3.067096e-09
47 1.962542e-09
48 1.220869e-09
49 7.678947e-10
50 4.939195e-10
51 3.255517e-10
52 2.161558e-10
53 1.410883e-10
54 8.842437e-11
55 5.233592e-11
56 2.901250e-11
57 1.507733e-11
58 7.404786e-12
59 3.478888e-12
60 4.768829e-09
61 3.205551e-09
62 2.053830e-09
63 1.277239e-09
64 8.024637e-10
65 5.155129e-10
66 3.395137e-10
67 2.254858e-10
68 1.473405e-10
69 9.254734e-11
70 5.492458e-11
71 3.053022e-11
72 1.589799e-11
73 7.820777e-12
74 3.679674e-12
75 4.917452e-09
76 3.309289e-09
77 2.122518e-09
78 1.319496e-09
79 8.284300e-10
80 5.317155e-10
81 3.499783e-10
82 2.324701e-10
83 1.520806e-10
84 9.566248e-11
85 5.685676e-11
86 3.165828e-11
87 1.651442e-11
88 8.134260e-12
89 3.829663e-12
90 5.035983e-09
91 3.392297e-09
92 2.177238e-09
93 1.353566e-09
94 8.492844e-10
95 5.446439e-10
96 3.583533e-10
97 2.380661e-10
98 1.558564e-10
99 9.813892e-11
100 5.841518e-11
101 3.256868e-11
102 1.700790e-11
103 8.384777e-12
104 3.950144e-12
105 5.143456e-09
106 3.467315e-09
107 2.227233e-09
108 1.384341e-09
109 8.680913e-10
110 5.563792e-10
111 3.659207e-10
112 2.431253e-10
113 1.591920e-10
114 1.003373e-10
115 5.978582e-11
116 3.338401e-11
117 1.745476e-11
118 8.611824e-12
119 4.056199e-12
120 5.243812e-09
121 3.537909e-09
122 2.273795e-09
123 1.412997e-09
124 8.856755e-10
125 5.672941e-10
126 3.729509e-10
127 2.478453e-10
128 1.624273e-10
129 1.024634e-10
130 6.112668e-11
131 3.415367e-11
132 1.787061e-11
133 8.823074e-12
134 4.161096e-12
135 5.358269e-09
136 3.617569e-09
137 2.327055e-09
138 1.445901e-09
139 9.058271e-10
140 5.799024e-10
141 3.811179e-10
142 2.532184e-10
143 1.660863e-10
144 1.048899e-10
145 6.263582e-11
146 3.503769e-11
147 1.835151e-11
148 9.065604e-12
149 4.277529e-12
150 7.872579e-09
151 5.418330e-09
152 3.557579e-09
153 2.221033e-09
154 1.377417e-09
155 8.685338e-10
156 5.634658e-10
157 3.729975e-10
158 2.466354e-10
159 1.587535e-10
160 9.732760e-11
161 5.606050e-11
162 3.019540e-11
163 1.527251e-11
164 7.332930e-12
165 9.944870e-09
166 6.930410e-09
167 4.616123e-09
168 2.911642e-09
169 1.796097e-09
170 1.123278e-09
171 7.209190e-10
172 4.741798e-10
173 3.140333e-10
174 2.040246e-10
175 1.270408e-10
176 7.459158e-11
177 4.098174e-11
178 2.110219e-11
179 1.027333e-11
180 1.113946e-08
181 7.805851e-09
182 5.229507e-09
183 3.314913e-09
184 2.041303e-09
185 1.272679e-09
186 8.127183e-10
187 5.329693e-10
188 3.530455e-10
189 2.302357e-10
190 1.442771e-10
191 8.537562e-11
192 4.729654e-11
193 2.453689e-11
194 1.201812e-11
195 1.194304e-08
196 8.395505e-09
197 5.642818e-09
198 3.586816e-09
199 2.206769e-09
200 1.373290e-09
201 8.744906e-10
202 5.726194e-10
203 3.793339e-10
204 2.478942e-10
205 1.558883e-10
206 9.265280e-11
207 5.156064e-11
208 2.685591e-11
209 1.319574e-11
210 1.254457e-08
211 8.836689e-09
212 5.953213e-09
213 3.789733e-09
214 2.330673e-09
215 1.448615e-09
216 9.208302e-10
217 6.022550e-10
218 3.989720e-10
219 2.610769e-10
220 1.645495e-10
221 9.808855e-11
222 5.474411e-11
223 2.858822e-11
224 1.407706e-11
225 1.302632e-08
226 9.189237e-09
227 6.199489e-09
228 3.952731e-09
229 2.429219e-09
230 1.508787e-09
231 9.577247e-10
232 6.259280e-10
233 4.146961e-10
234 2.716229e-10
235 1.714907e-10
236 1.024177e-10
237 5.727717e-11
238 2.996790e-11
239 1.477754e-11
240 1.345778e-08
241 9.505825e-09
242 6.421959e-09
243 4.099062e-09
244 2.518585e-09
245 1.563048e-09
246 9.909779e-10
247 6.471328e-10
248 4.288616e-10
249 2.811286e-10
250 1.777398e-10
251 1.063293e-10
252 5.957321e-11
253 3.121659e-11
254 1.540621e-11
255 1.386307e-08
256 9.802877e-09
257 6.630788e-09
258 4.236770e-09
259 2.601829e-09
260 1.613667e-09
261 1.022160e-09
262 6.670731e-10
263 4.421136e-10
264 2.900235e-10
265 1.835905e-10
266 1.099998e-10
267 6.172012e-11
268 3.238092e-11
269 1.600146e-11
270 1.433344e-08
271 1.014758e-08
272 6.872287e-09
273 4.394989e-09
274 2.698024e-09
275 1.672677e-09
276 1.058568e-09
277 6.903508e-10
278 4.574540e-10
279 3.003291e-10
280 1.903831e-10
281 1.142545e-10
282 6.420429e-11
283 3.373452e-11
284 1.668892e-11
285 1.362233e-08
286 9.688509e-09
287 6.579066e-09
288 4.244069e-09
289 2.614689e-09
290 1.619626e-09
291 1.021306e-09
292 6.626728e-10
293 4.372382e-10
294 2.865870e-10
295 1.819459e-10
296 1.097160e-10
297 6.211773e-11
298 3.292376e-11
299 1.642228e-11
300 1.602175e-08
301 1.152396e-08
302 7.896138e-09
303 5.151747e-09
304 3.185496e-09
305 1.963496e-09
306 1.228402e-09
307 7.909585e-10
308 5.200068e-10
309 3.416340e-10
310 2.186065e-10
311 1.334053e-10
312 7.660887e-11
313 4.119443e-11
314 2.081079e-11
315 1.766028e-08
316 1.278333e-08
317 8.801355e-09
318 5.777567e-09
319 3.581242e-09
320 2.201071e-09
321 1.371855e-09
322 8.796408e-10
323 5.770547e-10
324 3.794933e-10
325 2.438098e-10
326 1.497120e-10
327 8.660670e-11
328 4.691644e-11
329 2.385670e-11
330 1.889089e-08
331 1.372858e-08
332 9.478464e-09
333 6.244285e-09
334 3.877295e-09
335 2.378982e-09
336 1.479103e-09
337 9.460125e-10
338 6.198633e-10
339 4.078583e-10
340 2.626804e-10
341 1.619188e-10
342 9.409215e-11
343 5.120190e-11
344 2.613755e-11
345 1.987175e-08
346 1.448177e-08
347 1.002104e-08
348 6.619390e-09
349 4.113547e-09
350 2.521057e-09
351 1.564674e-09
352 9.989453e-10
353 6.538605e-10
354 4.304470e-10
355 2.777401e-10
356 1.716605e-10
357 1.000616e-10
358 5.461928e-11
359 2.795644e-11
360 2.075732e-08
361 1.516250e-08
362 1.051036e-08
363 6.955883e-09
364 4.326417e-09
365 2.649254e-09
366 1.641816e-09
367 1.046646e-09
368 6.845708e-10
369 4.508551e-10
370 2.913133e-10
371 1.804412e-10
372 1.054445e-10
373 5.769825e-11
374 2.959476e-11
375 2.158000e-08
376 1.579435e-08
377 1.096388e-08
378 7.269718e-09
379 4.524307e-09
380 2.768379e-09
381 1.713665e-09
382 1.091032e-09
383 7.131578e-10
384 4.698359e-10
385 3.039617e-10
386 1.886204e-10
387 1.104568e-10
388 6.056609e-11
389 3.112069e-11
390 2.254242e-08
391 1.653448e-08
392 1.149512e-08
393 7.636577e-09
394 4.756520e-09
395 2.908442e-09
396 1.798079e-09
397 1.143248e-09
398 7.466447e-10
399 4.921052e-10
400 3.187850e-10
401 1.982120e-10
402 1.163381e-10
403 6.392672e-11
404 3.291012e-11
405 1.964777e-08
406 1.439447e-08
407 9.987487e-09
408 6.620058e-09
409 4.142163e-09
410 2.536583e-09
411 1.573108e-09
412 1.000410e-09
413 6.522566e-10
414 4.284326e-10
415 2.764135e-10
416 1.712425e-10
417 1.002759e-10
418 5.507774e-11
419 2.838580e-11
420 2.230012e-08
421 1.652726e-08
422 1.155622e-08
423 7.723842e-09
424 4.874067e-09
425 2.976288e-09
426 1.837909e-09
427 1.160135e-09
428 7.521545e-10
429 4.934406e-10
430 3.195514e-10
431 1.995360e-10
432 1.180968e-10
433 6.564263e-11
434 3.422345e-11
435 2.429483e-08
436 1.813795e-08
437 1.273945e-08
438 8.559225e-09
439 5.427931e-09
440 3.309472e-09
441 2.038984e-09
442 1.281119e-09
443 8.279192e-10
444 5.426513e-10
445 3.521906e-10
446 2.209426e-10
447 1.315880e-10
448 7.365097e-11
449 3.865496e-11
450 2.589696e-08
451 1.942330e-08
452 1.368816e-08
453 9.226845e-09
454 5.869966e-09
455 3.576064e-09
456 2.199155e-09
457 1.377829e-09
458 8.881377e-10
459 5.819014e-10
460 3.782255e-10
461 2.380178e-10
462 1.423486e-10
463 8.003606e-11
464 4.218795e-11
465 2.733523e-08
466 2.058384e-08
467 1.454120e-08
468 9.826536e-09
469 6.268429e-09
470 3.816359e-09
471 2.343420e-09
472 1.464775e-09
473 9.426344e-10
474 6.173035e-10
475 4.017005e-10
476 2.534120e-10
477 1.520506e-10
478 8.579487e-11
479 4.537498e-11
480 2.867272e-08
481 2.165809e-08
482 1.533459e-08
483 1.038453e-08
484 6.639454e-09
485 4.039176e-09
486 2.477805e-09
487 1.545559e-09
488 9.931736e-10
489 6.501811e-10
490 4.235350e-10
491 2.677339e-10
492 1.610738e-10
493 9.114385e-11
494 4.833255e-11
495 3.023815e-08
496 2.291794e-08
497 1.626124e-08
498 1.103803e-08
499 7.072478e-09
500 4.299897e-09
501 2.634762e-09
502 1.640242e-09
503 1.052321e-09
504 6.886437e-10
505 4.490376e-10
506 2.844428e-10
507 1.716149e-10
508 9.740388e-11
509 5.179602e-11
510 2.599494e-08
511 1.959991e-08
512 1.386454e-08
513 9.364695e-09
514 5.991370e-09
515 3.658559e-09
516 2.247808e-09
517 1.403912e-09
518 9.018527e-10
519 5.892228e-10
520 3.826341e-10
521 2.410825e-10
522 1.446444e-10
523 8.172434e-11
524 4.333371e-11
525 2.890173e-08
526 2.204250e-08
527 1.571553e-08
528 1.068560e-08
529 6.895649e-09
530 4.217311e-09
531 2.582468e-09
532 1.602366e-09
533 1.023290e-09
534 6.663655e-10
535 4.331982e-10
536 2.743460e-10
537 1.659545e-10
538 9.470833e-11
539 5.074834e-11
540 3.122859e-08
541 2.399812e-08
542 1.719770e-08
543 1.174520e-08
544 7.620140e-09
545 4.666411e-09
546 2.850398e-09
547 1.761594e-09
548 1.120354e-09
549 7.281555e-10
550 4.736889e-10
551 3.009808e-10
552 1.830195e-10
553 1.051080e-10
554 5.668987e-11
555 3.332262e-08
556 2.575889e-08
557 1.853416e-08
558 1.269738e-08
559 8.272398e-09
560 5.069488e-09
561 3.091684e-09
562 1.904962e-09
563 1.207948e-09
564 7.837776e-10
565 5.101340e-10
566 3.249556e-10
567 1.983803e-10
568 1.144683e-10
569 6.203667e-11
570 3.527402e-08
571 2.740016e-08
572 1.977980e-08
573 1.358611e-08
574 8.881441e-09
575 5.446165e-09
576 3.316896e-09
577 2.038548e-09
578 1.289599e-09
579 8.356706e-10
580 5.441502e-10
581 3.473299e-10
582 2.127144e-10
583 1.232038e-10
584 6.702715e-11
585 3.756081e-08
586 2.931826e-08
587 2.123486e-08
588 1.462378e-08
589 9.590326e-09
590 5.885055e-09
591 3.579333e-09
592 2.194255e-09
593 1.384726e-09
594 8.961103e-10
595 5.837640e-10
596 3.733951e-10
597 2.294160e-10
598 1.333807e-10
599 7.284026e-11
600 3.276644e-08
601 2.539558e-08
602 1.832306e-08
603 1.256656e-08
604 8.203922e-09
605 5.049974e-09
606 3.076978e-09
607 1.894865e-09
608 1.199105e-09
609 7.761614e-10
610 5.042565e-10
611 3.209873e-10
612 1.960831e-10
613 1.133696e-10
614 6.163886e-11
615 3.594949e-08
616 2.817590e-08
617 2.050039e-08
618 1.414461e-08
619 9.303329e-09
620 5.756664e-09
621 3.495916e-09
622 2.143385e-09
623 1.347836e-09
624 8.685267e-10
625 5.637519e-10
626 3.599390e-10
627 2.212510e-10
628 1.290025e-10
629 7.080756e-11
630 3.881810e-08
631 3.068298e-08
632 2.246612e-08
633 1.556593e-08
634 1.029487e-08
635 6.393749e-09
636 3.873832e-09
637 2.367529e-09
638 1.482169e-09
639 9.517861e-10
640 6.173793e-10
641 3.950548e-10
642 2.439420e-10
643 1.430979e-10
644 7.907496e-11
645 4.148769e-08
646 3.301657e-08
647 2.429526e-08
648 1.689129e-08
649 1.121818e-08
650 6.987118e-09
651 4.225425e-09
652 2.576412e-09
653 1.607097e-09
654 1.029308e-09
655 6.673244e-10
656 4.277574e-10
657 2.650724e-10
658 1.562234e-10
659 8.677212e-11
660 4.461493e-08
661 3.574243e-08
662 2.643212e-08
663 1.843728e-08
664 1.229474e-08
665 7.679346e-09
666 4.635966e-09
667 2.819712e-09
668 1.752797e-09
669 1.119743e-09
670 7.255656e-10
671 4.658997e-10
672 2.897217e-10
673 1.715342e-10
674 9.575174e-11
675 4.004933e-08
676 3.186668e-08
677 2.347421e-08
678 1.632895e-08
679 1.084149e-08
680 6.774162e-09
681 4.100519e-09
682 2.502869e-09
683 1.559853e-09
684 9.975336e-10
685 6.455097e-10
686 4.130386e-10
687 2.556541e-10
688 1.506273e-10
689 8.373261e-11
690 4.383189e-08
691 3.528312e-08
692 2.624799e-08
693 1.837259e-08
694 1.228240e-08
695 7.731746e-09
696 4.672328e-09
697 2.842950e-09
698 1.759958e-09
699 1.118777e-09
700 7.220056e-10
701 4.626077e-10
702 2.877405e-10
703 1.708186e-10
704 9.582516e-11
705 4.734228e-08
706 3.846461e-08
707 2.882311e-08
708 2.027551e-08
709 1.362274e-08
710 8.622637e-09
711 5.203947e-09
712 3.158845e-09
713 1.945932e-09
714 1.231482e-09
715 7.931605e-10
716 5.087035e-10
717 3.175785e-10
718 1.895947e-10
719 1.070745e-10
720 5.145125e-08
721 4.218129e-08
722 3.182459e-08
723 2.249237e-08
724 1.518402e-08
725 9.661024e-09
726 5.823765e-09
727 3.527523e-09
728 2.162617e-09
729 1.362917e-09
730 8.760523e-10
731 5.624175e-10
732 3.523531e-10
733 2.114757e-10
734 1.201822e-10
735 4.868560e-08
736 3.981174e-08
737 3.002815e-08
738 2.122457e-08
739 1.431001e-08
740 9.112898e-09
741 5.512856e-09
742 3.341330e-09
743 2.049693e-09
744 1.291301e-09
745 8.286612e-10
746 5.307515e-10
747 3.317162e-10
748 1.987018e-10
749 1.128016e-10
750 5.329343e-08
751 4.412650e-08
752 3.365743e-08
753 2.397025e-08
754 1.626520e-08
755 1.044733e-08
756 6.330795e-09
757 3.824949e-09
758 2.330971e-09
759 1.458401e-09
760 9.315420e-10
761 5.962374e-10
762 3.738864e-10
763 2.254364e-10
764 1.291055e-10
765 5.867058e-08
766 4.916114e-08
767 3.787478e-08
768 2.716377e-08
769 1.854066e-08
770 1.200107e-08
771 7.283320e-09
772 4.388440e-09
773 2.658144e-09
774 1.652873e-09
775 1.051248e-09
776 6.724623e-10
777 4.229845e-10
778 2.565628e-10
779 1.480874e-10
780 5.925153e-08
781 4.987613e-08
782 3.865167e-08
783 2.785643e-08
784 1.906616e-08
785 1.239280e-08
786 7.563652e-09
787 4.548513e-09
788 2.750682e-09
789 1.703528e-09
790 1.078972e-09
791 6.881808e-10
792 4.324868e-10
793 2.626457e-10
794 1.520746e-10
795 6.633279e-08
796 5.673419e-08
797 4.463288e-08
798 3.253714e-08
799 2.245101e-08
800 1.474695e-08
801 9.066962e-09
802 5.430686e-09
803 3.263557e-09
804 2.001886e-09
805 1.257613e-09
806 7.990798e-10
807 5.029203e-10
808 3.072943e-10
809 1.796478e-10
810 7.615243e-08
811 6.659813e-08
812 5.363736e-08
813 3.988390e-08
814 2.788969e-08
815 1.858484e-08
816 1.162542e-08
817 6.945540e-09
818 4.149818e-09
819 2.507043e-09
820 1.550491e-09
821 9.748049e-10
822 6.117396e-10
823 3.755780e-10
824 2.220468e-10
825 5.039396e-07
826 3.680759e-07
827 2.727352e-07
828 1.697237e-07
829 1.034021e-07
830 6.125821e-08
831 3.740605e-08
832 2.399928e-08
833 1.620173e-08
834 0.000000e+00
835 0.000000e+00
836 0.000000e+00
837 0.000000e+00
838 0.000000e+00
839 0.000000e+00
840 7.609556e-07
841 5.559460e-07
842 4.123903e-07
843 2.596292e-07
844 1.577789e-07
845 9.335499e-08
846 5.689601e-08
847 3.636606e-08
848 2.448197e-08
849 0.000000e+00
850 0.000000e+00
851 0.000000e+00
852 0.000000e+00
853 0.000000e+00
854 0.000000e+00
855 9.034708e-07
856 6.601393e-07
857 4.898343e-07
858 3.095543e-07
859 1.879543e-07
860 1.111685e-07
861 6.771198e-08
862 4.322638e-08
863 2.907417e-08
864 0.000000e+00
865 0.000000e+00
866 0.000000e+00
867 0.000000e+00
868 0.000000e+00
869 0.000000e+00
870 9.993278e-07
871 7.302182e-07
872 5.419243e-07
873 3.431341e-07
874 2.082519e-07
875 1.231503e-07
876 7.498702e-08
877 4.784112e-08
878 3.216291e-08
879 0.000000e+00
880 0.000000e+00
881 0.000000e+00
882 0.000000e+00
883 0.000000e+00
884 0.000000e+00
885 1.071193e-06
886 7.827614e-07
887 5.809742e-07
888 3.683088e-07
889 2.234694e-07
890 1.321335e-07
891 8.044121e-08
892 5.130076e-08
893 3.447879e-08
894 0.000000e+00
895 0.000000e+00
896 0.000000e+00
897 0.000000e+00
898 0.000000e+00
899 0.000000e+00
900 1.128542e-06
901 8.246885e-07
902 6.121387e-07
903 3.883981e-07
904 2.356121e-07
905 1.393021e-07
906 8.479346e-08
907 5.406163e-08
908 3.632675e-08
909 0.000000e+00
910 0.000000e+00
911 0.000000e+00
912 0.000000e+00
913 0.000000e+00
914 0.000000e+00
915 1.180268e-06
916 8.625041e-07
917 6.402459e-07
918 4.065191e-07
919 2.465652e-07
920 1.457672e-07
921 8.871918e-08
922 5.655163e-08
923 3.799350e-08
924 0.000000e+00
925 0.000000e+00
926 0.000000e+00
927 0.000000e+00
928 0.000000e+00
929 0.000000e+00
930 1.228460e-06
931 8.977376e-07
932 6.664337e-07
933 4.234011e-07
934 2.567693e-07
935 1.517905e-07
936 9.237652e-08
937 5.887147e-08
938 3.954628e-08
939 0.000000e+00
940 0.000000e+00
941 0.000000e+00
942 0.000000e+00
943 0.000000e+00
944 0.000000e+00
945 1.284683e-06
946 9.388454e-07
947 6.969857e-07
948 4.430983e-07
949 2.686743e-07
950 1.588185e-07
951 9.664394e-08
952 6.157795e-08
953 4.135810e-08
954 0.000000e+00
955 0.000000e+00
956 0.000000e+00
957 0.000000e+00
958 0.000000e+00
959 0.000000e+00
960 3.362760e-07
961 2.677761e-07
962 1.942401e-07
963 1.456702e-07
964 9.009744e-08
965 5.515802e-08
966 3.206044e-08
967 1.917091e-08
968 1.201516e-08
969 7.955509e-09
970 0.000000e+00
971 0.000000e+00
972 0.000000e+00
973 0.000000e+00
974 0.000000e+00
975 5.201398e-07
976 4.170847e-07
977 3.028392e-07
978 2.268955e-07
979 1.421997e-07
980 8.670363e-08
981 5.035995e-08
982 3.007246e-08
983 1.877803e-08
984 1.239629e-08
985 0.000000e+00
986 0.000000e+00
987 0.000000e+00
988 0.000000e+00
989 0.000000e+00
990 6.448120e-07
991 5.183992e-07
992 3.765466e-07
993 2.820115e-07
994 1.775998e-07
995 1.081223e-07
996 6.278598e-08
997 3.747520e-08
998 2.336910e-08
999 1.541004e-08
1000 0.000000e+00
1001 0.000000e+00
1002 0.000000e+00
1003 0.000000e+00
1004 0.000000e+00
1005 7.382357e-07
1006 5.943126e-07
1007 4.317715e-07
1008 3.233096e-07
1009 2.041234e-07
1010 1.241698e-07
1011 7.209649e-08
1012 4.302199e-08
1013 2.680897e-08
1014 1.766814e-08
1015 0.000000e+00
1016 0.000000e+00
1017 0.000000e+00
1018 0.000000e+00
1019 0.000000e+00
1020 8.127920e-07
1021 6.548902e-07
1022 4.758425e-07
1023 3.562645e-07
1024 2.252905e-07
1025 1.369772e-07
1026 7.952677e-08
1027 4.744814e-08
1028 2.955419e-08
1029 1.947005e-08
1030 0.000000e+00
1031 0.000000e+00
1032 0.000000e+00
1033 0.000000e+00
1034 0.000000e+00
1035 8.800254e-07
1036 7.095243e-07
1037 5.155916e-07
1038 3.859857e-07
1039 2.443794e-07
1040 1.485270e-07
1041 8.622743e-08
1042 5.144028e-08
1043 3.202995e-08
1044 2.109535e-08
1045 0.000000e+00
1046 0.000000e+00
1047 0.000000e+00
1048 0.000000e+00
1049 0.000000e+00
1050 9.426736e-07
1051 7.604327e-07
1052 5.526249e-07
1053 4.136780e-07
1054 2.621647e-07
1055 1.592896e-07
1056 9.247120e-08
1057 5.515972e-08
1058 3.433673e-08
1059 2.260959e-08
1060 0.000000e+00
1061 0.000000e+00
1062 0.000000e+00
1063 0.000000e+00
1064 0.000000e+00
1065 1.015768e-06
1066 8.198310e-07
1067 5.958365e-07
1068 4.459927e-07
1069 2.829175e-07
1070 1.718473e-07
1071 9.975607e-08
1072 5.949995e-08
1073 3.702828e-08
1074 2.437647e-08
1075 0.000000e+00
1076 0.000000e+00
1077 0.000000e+00
1078 0.000000e+00
1079 0.000000e+00
1080 1.971737e-07
1081 1.792935e-07
1082 1.381113e-07
1083 9.987769e-08
1084 7.483902e-08
1085 4.325063e-08
1086 2.650594e-08
1087 1.528383e-08
1088 9.039149e-09
1089 5.624106e-09
1090 0.000000e+00
1091 0.000000e+00
1092 0.000000e+00
1093 0.000000e+00
1094 0.000000e+00
1095 3.302783e-07
1096 3.017051e-07
1097 2.333944e-07
1098 1.686745e-07
1099 1.265808e-07
1100 7.357923e-08
1101 4.521497e-08
1102 2.600776e-08
1103 1.532466e-08
1104 9.512210e-09
1105 0.000000e+00
1106 0.000000e+00
1107 0.000000e+00
1108 0.000000e+00
1109 0.000000e+00
1110 4.306279e-07
1111 3.940342e-07
1112 3.052903e-07
1113 2.205836e-07
1114 1.656230e-07
1115 9.648065e-08
1116 5.934313e-08
1117 3.410487e-08
1118 2.006900e-08
1119 1.244630e-08
1120 0.000000e+00
1121 0.000000e+00
1122 0.000000e+00
1123 0.000000e+00
1124 0.000000e+00
1125 5.106157e-07
1126 4.676203e-07
1127 3.625912e-07
1128 2.619561e-07
1129 1.967388e-07
1130 1.147319e-07
1131 7.060263e-08
1132 4.055798e-08
1133 2.385004e-08
1134 1.478478e-08
1135 0.000000e+00
1136 0.000000e+00
1137 0.000000e+00
1138 0.000000e+00
1139 0.000000e+00
1140 5.827486e-07
1141 5.339873e-07
1142 4.142683e-07
1143 2.992682e-07
1144 2.248018e-07
1145 1.311919e-07
1146 8.075741e-08
1147 4.637790e-08
1148 2.726008e-08
1149 1.689370e-08
1150 0.000000e+00
1151 0.000000e+00
1152 0.000000e+00
1153 0.000000e+00
1154 0.000000e+00
1155 6.499630e-07
1156 5.958254e-07
1157 4.624212e-07
1158 3.340351e-07
1159 2.509506e-07
1160 1.465295e-07
1161 9.021925e-08
1162 5.180077e-08
1163 3.043750e-08
1164 1.885873e-08
1165 0.000000e+00
1166 0.000000e+00
1167 0.000000e+00
1168 0.000000e+00
1169 0.000000e+00
1170 7.283846e-07
1171 6.679733e-07
1172 5.186008e-07
1173 3.745984e-07
1174 2.814577e-07
1175 1.644239e-07
1176 1.012585e-07
1177 5.812754e-08
1178 3.414473e-08
1179 2.115149e-08
1180 0.000000e+00
1181 0.000000e+00
1182 0.000000e+00
1183 0.000000e+00
1184 0.000000e+00
1185 1.305490e-07
1186 1.288410e-07
1187 1.083218e-07
1188 7.911984e-08
1189 5.878269e-08
1190 3.993682e-08
1191 2.357371e-08
1192 1.343005e-08
1193 7.763358e-09
1194 4.588002e-09
1195 2.874274e-09
1196 0.000000e+00
1197 0.000000e+00
1198 0.000000e+00
1199 0.000000e+00
1200 2.309634e-07
1201 2.286297e-07
1202 1.929832e-07
1203 1.412193e-07
1204 1.047375e-07
1205 7.169140e-08
1206 4.209507e-08
1207 2.401755e-08
1208 1.390344e-08
1209 8.201044e-09
1210 5.126496e-09
1211 0.000000e+00
1212 0.000000e+00
1213 0.000000e+00
1214 0.000000e+00
1215 3.110692e-07
1216 3.082545e-07
1217 2.605570e-07
1218 1.907937e-07
1219 1.414185e-07
1220 9.704782e-08
1221 5.688058e-08
1222 3.247099e-08
1223 1.880569e-08
1224 1.108549e-08
1225 6.924362e-09
1226 0.000000e+00
1227 0.000000e+00
1228 0.000000e+00
1229 0.000000e+00
1230 3.831935e-07
1231 3.799432e-07
1232 3.213903e-07
1233 2.354215e-07
1234 1.744400e-07
1235 1.198757e-07
1236 7.019122e-08
1237 4.008120e-08
1238 2.321897e-08
1239 1.368230e-08
1240 8.542871e-09
1241 0.000000e+00
1242 0.000000e+00
1243 0.000000e+00
1244 0.000000e+00
1245 4.503977e-07
1246 4.467362e-07
1247 3.780737e-07
1248 2.770046e-07
1249 2.052095e-07
1250 1.411454e-07
1251 8.259382e-08
1252 4.717229e-08
1253 2.733118e-08
1254 1.610194e-08
1255 1.005098e-08
1256 0.000000e+00
1257 0.000000e+00
1258 0.000000e+00
1259 0.000000e+00
1260 5.288015e-07
1261 5.246659e-07
1262 4.442070e-07
1263 3.255223e-07
1264 2.411084e-07
1265 1.659601e-07
1266 9.706421e-08
1267 5.544503e-08
1268 3.212871e-08
1269 1.892488e-08
1270 1.181051e-08
1271 0.000000e+00
1272 0.000000e+00
1273 0.000000e+00
1274 0.000000e+00
1275 9.363666e-08
1276 9.748320e-08
1277 8.819772e-08
1278 6.746101e-08
1279 4.876595e-08
1280 3.652475e-08
1281 2.063303e-08
1282 1.245787e-08
1283 7.040256e-09
1284 4.067092e-09
1285 2.435189e-09
1286 0.000000e+00
1287 0.000000e+00
1288 0.000000e+00
1289 0.000000e+00
1290 1.721626e-07
1291 1.796348e-07
1292 1.630628e-07
1293 1.250887e-07
1294 9.036231e-08
1295 6.779181e-08
1296 3.841387e-08
1297 2.327463e-08
1298 1.312155e-08
1299 7.560591e-09
1300 4.517435e-09
1301 0.000000e+00
1302 0.000000e+00
1303 0.000000e+00
1304 0.000000e+00
1305 2.424634e-07
1306 2.531893e-07
1307 2.301013e-07
1308 1.766983e-07
1309 1.276148e-07
1310 9.579446e-08
1311 5.434249e-08
1312 3.296555e-08
1313 1.856967e-08
1314 1.068970e-08
1315 6.382326e-09
1316 0.000000e+00
1317 0.000000e+00
1318 0.000000e+00
1319 0.000000e+00
1320 3.078577e-07
1321 3.216065e-07
1322 2.924568e-07
1323 2.247029e-07
1324 1.622652e-07
1325 1.218404e-07
1326 6.915697e-08
1327 4.197839e-08
1328 2.363663e-08
1329 1.359998e-08
1330 8.116900e-09
1331 0.000000e+00
1332 0.000000e+00
1333 0.000000e+00
1334 0.000000e+00
1335 3.841561e-07
1336 4.014323e-07
1337 3.652105e-07
1338 2.807097e-07
1339 2.026908e-07
1340 1.522281e-07
1341 8.644124e-08
1342 5.249408e-08
1343 2.954836e-08
1344 1.699550e-08
1345 1.014064e-08
1346 0.000000e+00
1347 0.000000e+00
1348 0.000000e+00
1349 0.000000e+00
1350 7.044097e-08
1351 7.623287e-08
1352 7.308296e-08
1353 5.920683e-08
1354 4.271082e-08
1355 3.220162e-08
1356 2.010098e-08
1357 1.232814e-08
1358 6.844065e-09
1359 3.768423e-09
1360 2.178553e-09
1361 1.325183e-09
1362 0.000000e+00
1363 0.000000e+00
1364 0.000000e+00
1365 1.384239e-07
1366 1.500786e-07
1367 1.442786e-07
1368 1.172688e-07
1369 8.465718e-08
1370 6.375852e-08
1371 4.010036e-08
1372 2.451364e-08
1373 1.361206e-08
1374 7.499226e-09
1375 4.324297e-09
1376 2.624013e-09
1377 0.000000e+00
1378 0.000000e+00
1379 0.000000e+00
1380 2.010031e-07
1381 2.180563e-07
1382 2.098198e-07
1383 1.707216e-07
1384 1.232755e-07
1385 9.281020e-08
1386 5.851418e-08
1387 3.573215e-08
1388 1.984300e-08
1389 1.093430e-08
1390 6.299816e-09
1391 3.819753e-09
1392 0.000000e+00
1393 0.000000e+00
1394 0.000000e+00
1395 2.739546e-07
1396 2.973002e-07
1397 2.862206e-07
1398 2.330303e-07
1399 1.682909e-07
1400 1.266749e-07
1401 7.997821e-08
1402 4.880901e-08
1403 2.710609e-08
1404 1.493828e-08
1405 8.602574e-09
1406 5.213599e-09
1407 0.000000e+00
1408 0.000000e+00
1409 0.000000e+00
1410 5.832435e-08
1411 6.508725e-08
1412 6.537668e-08
1413 5.614468e-08
1414 4.137860e-08
1415 3.047973e-08
1416 2.146519e-08
1417 1.224990e-08
1418 6.895403e-09
1419 3.901824e-09
1420 2.170430e-09
1421 1.266002e-09
1422 0.000000e+00
1423 0.000000e+00
1424 0.000000e+00
1425 1.179111e-07
1426 1.317822e-07
1427 1.326730e-07
1428 1.142997e-07
1429 8.439400e-08
1430 6.208058e-08
1431 4.394414e-08
1432 2.498973e-08
1433 1.409929e-08
1434 7.976950e-09
1435 4.434699e-09
1436 2.581229e-09
1437 0.000000e+00
1438 0.000000e+00
1439 0.000000e+00
1440 1.864659e-07
1441 2.085133e-07
1442 2.100928e-07
1443 1.811975e-07
1444 1.338744e-07
1445 9.843172e-08
1446 6.979941e-08
1447 3.964442e-08
1448 2.238585e-08
1449 1.266432e-08
1450 7.039246e-09
1451 4.094128e-09
1452 0.000000e+00
1453 0.000000e+00
1454 0.000000e+00
1455 5.100905e-08
1456 5.845130e-08
1457 6.109094e-08
1458 5.549995e-08
1459 4.255692e-08
1460 3.073780e-08
1461 2.308583e-08
1462 1.294074e-08
1463 7.739226e-09
1464 4.240513e-09
1465 2.337990e-09
1466 1.305568e-09
1467 0.000000e+00
1468 0.000000e+00
1469 0.000000e+00
1470 1.144182e-07
1471 1.312915e-07
1472 1.375003e-07
1473 1.252948e-07
1474 9.633705e-08
1475 6.954066e-08
1476 5.230445e-08
1477 2.941262e-08
1478 1.765427e-08
1479 9.654129e-09
1480 5.309446e-09
1481 2.958529e-09
1482 0.000000e+00
1483 0.000000e+00
1484 0.000000e+00
1485 5.353507e-08
1486 6.290528e-08
1487 6.820484e-08
1488 6.547664e-08
1489 5.308768e-08
1490 3.830557e-08
1491 2.889790e-08
1492 1.796641e-08
1493 1.093439e-08
1494 5.933629e-09
1495 3.125215e-09
1496 1.686198e-09
1497 9.390591e-10
1498 0.000000e+00
1499 0.000000e+00
1500 1.109684e-04
1501 8.086786e-05
1502 6.035546e-05
1503 3.805236e-05
1504 2.321989e-05
1505 1.369104e-05
1506 8.324421e-06
1507 5.304277e-06
1508 3.565556e-06
1509 0.000000e+00
1510 0.000000e+00
1511 0.000000e+00
1512 0.000000e+00
1513 0.000000e+00
1514 0.000000e+00
1515 5.757601e-05
1516 4.644359e-05
1517 3.369791e-05
1518 2.528332e-05
1519 1.597668e-05
1520 9.754545e-06
1521 5.648866e-06
1522 3.364481e-06
1523 2.093966e-06
1524 1.379138e-06
1525 0.000000e+00
1526 0.000000e+00
1527 0.000000e+00
1528 0.000000e+00
1529 0.000000e+00
1530 4.047788e-05
1531 3.713775e-05
1532 2.882267e-05
1533 2.080348e-05
1534 1.566222e-05
1535 9.111532e-06
1536 5.625604e-06
1537 3.225263e-06
1538 1.896511e-06
1539 1.174730e-06
1540 0.000000e+00
1541 0.000000e+00
1542 0.000000e+00
1543 0.000000e+00
1544 0.000000e+00
1545 2.912801e-05
1546 2.891312e-05
1547 2.448503e-05
1548 1.793535e-05
1549 1.328396e-05
1550 9.154542e-06
1551 5.351144e-06
1552 3.053081e-06
1553 1.771954e-06
1554 1.042590e-06
1555 6.506122e-07
1556 0.000000e+00
1557 0.000000e+00
1558 0.000000e+00
1559 0.000000e+00
1560 2.085098e-05
1561 2.179680e-05
1562 1.983793e-05
1563 1.524768e-05
1564 1.100576e-05
1565 8.274949e-06
1566 4.689296e-06
1567 2.850415e-06
1568 1.602925e-06
1569 9.233707e-07
1570 5.506294e-07
1571 0.000000e+00
1572 0.000000e+00
1573 0.000000e+00
1574 0.000000e+00
1575 1.487210e-05
1576 1.614453e-05
1577 1.554949e-05
1578 1.266314e-05
1579 9.143013e-06
1580 6.883420e-06
1581 4.347301e-06
1582 2.655947e-06
1583 1.474901e-06
1584 8.112783e-07
1585 4.673052e-07
1586 2.832009e-07
1587 0.000000e+00
1588 0.000000e+00
1589 0.000000e+00
1590 1.001028e-05
1591 1.119728e-05
1592 1.128693e-05
1593 9.739022e-06
1594 7.195644e-06
1595 5.289411e-06
1596 3.755371e-06
1597 2.130464e-06
1598 1.202339e-06
1599 6.811759e-07
1600 3.783133e-07
1601 2.200058e-07
1602 0.000000e+00
1603 0.000000e+00
1604 0.000000e+00
1605 6.201116e-06
1606 7.118100e-06
1607 7.458527e-06
1608 6.801106e-06
1609 5.231433e-06
1610 3.775220e-06
1611 2.841823e-06
1612 1.597077e-06
1613 9.596537e-07
1614 5.242846e-07
1615 2.885232e-07
1616 1.606418e-07
1617 0.000000e+00
1618 0.000000e+00
1619 0.000000e+00
1620 3.163407e-06
1621 3.720115e-06
1622 4.038202e-06
1623 3.883392e-06
1624 3.154630e-06
1625 2.276770e-06
1626 1.716871e-06
1627 1.071974e-06
1628 6.518364e-07
1629 3.538249e-07
1630 1.861971e-07
1631 1.003484e-07
1632 5.578990e-08
1633 0.000000e+00
1634 0.000000e+00
1635 8.891198e-07
1636 1.072208e-06
1637 1.206146e-06
1638 1.224576e-06
1639 1.066696e-06
1640 7.933436e-07
1641 5.815894e-07
1642 4.169104e-07
1643 2.343421e-07
1644 1.314261e-07
1645 7.164692e-08
1646 3.730540e-08
1647 1.958823e-08
1648 0.000000e+00
1649 0.000000e+00
