0 2.193082e-09
1 1.423681e-09
2 8.948604e-10
3 5.639469e-10
4 3.627753e-10
5 2.388985e-10
6 1.589167e-10
7 1.043282e-10
8 6.603815e-11
9 3.960260e-11
10 2.228381e-11
11 1.175143e-11
12 5.848783e-12
13 2.779143e-12
14 1.276530e-12
15 3.722143e-09
16 2.472887e-09
17 1.570025e-09
18 9.785775e-10
19 6.192192e-10
20 4.013798e-10
21 2.657277e-10
22 1.762285e-10
23 1.141898e-10
24 7.074342e-11
25 4.127203e-11
26 2.254023e-11
27 1.155583e-11
28 5.615104e-12
29 2.618397e-12
30 4.253362e-09
31 2.844392e-09
32 1.815165e-09
33 1.129784e-09
34 7.120297e-10
35 4.591780e-10
36 3.030927e-10
37 2.012189e-10
38 1.310195e-10
39 8.179952e-11
40 4.818744e-11
41 2.658497e-11
42 1.375199e-11
43 6.729928e-12
44 3.153786e-12
45 4.545296e-09
46 3.048599e-09
47 1.949920e-09
48 1.212932e-09
49 7.630605e-10
50 4.909546e-10
51 3.236779e-10
52 2.149239e-10
53 1.402595e-10
54 8.787127e-11
55 5.198059e-11
56 2.879825e-11
57 1.495651e-11
58 7.341603e-12
59 3.447942e-12
60 4.740914e-09
61 3.185545e-09
62 2.040151e-09
63 1.268611e-09
64 7.972016e-10
65 5.122968e-10
66 3.374817e-10
67 2.241546e-10
68 1.464461e-10
69 9.194922e-11
70 5.453923e-11
71 3.029681e-11
72 1.576665e-11
73 7.751740e-12
74 3.645639e-12
75 4.892999e-09
76 3.291838e-09
77 2.110324e-09
78 1.311980e-09
79 8.237757e-10
80 5.288510e-10
81 3.481901e-10
82 2.313037e-10
83 1.512991e-10
84 9.513866e-11
85 5.651833e-11
86 3.145260e-11
87 1.639379e-11
88 8.071055e-12
89 3.798876e-12
90 5.006942e-09
91 3.371630e-09
92 2.163027e-09
93 1.344547e-09
94 8.438144e-10
95 5.412914e-10
96 3.562497e-10
97 2.366881e-10
98 1.549287e-10
99 9.751747e-11
100 5.801400e-11
101 3.232451e-11
102 1.686956e-11
103 8.311801e-12
104 3.914149e-12
105 5.111609e-09
106 3.444449e-09
107 2.211524e-09
108 1.374411e-09
109 8.620506e-10
110 5.526831e-10
111 3.635989e-10
112 2.416035e-10
113 1.581708e-10
114 9.965153e-11
115 5.934340e-11
116 3.311533e-11
117 1.730217e-11
118 8.531524e-12
119 4.016544e-12
120 5.210971e-09
121 3.514304e-09
122 2.257589e-09
123 1.402689e-09
124 8.794294e-10
125 5.634702e-10
126 3.705469e-10
127 2.462751e-10
128 1.613716e-10
129 1.017571e-10
130 6.067017e-11
131 3.387525e-11
132 1.771234e-11
133 8.739927e-12
134 4.119890e-12
135 5.324127e-09
136 3.593061e-09
137 2.310203e-09
138 1.435241e-09
139 8.993292e-10
140 5.759284e-10
141 3.786250e-10
142 2.515889e-10
143 1.649904e-10
144 1.041557e-10
145 6.216129e-11
146 3.474786e-11
147 1.818716e-11
148 8.978859e-12
149 4.234728e-12
150 7.867678e-09
151 5.414598e-09
152 3.554854e-09
153 2.219119e-09
154 1.376275e-09
155 8.678436e-10
156 5.630564e-10
157 3.727454e-10
158 2.464707e-10
159 1.586421e-10
160 9.725168e-11
161 5.601034e-11
162 3.016451e-11
163 1.525522e-11
164 7.323759e-12
165 9.939127e-09
166 6.926004e-09
167 4.612905e-09
168 2.909323e-09
169 1.794711e-09
170 1.122424e-09
171 7.204201e-10
172 4.738751e-10
173 3.138377e-10
174 2.038929e-10
175 1.269510e-10
176 7.453198e-11
177 4.094447e-11
178 2.107976e-11
179 1.026191e-11
180 1.113203e-08
181 7.799977e-09
182 5.225189e-09
183 3.311810e-09
184 2.039435e-09
185 1.271542e-09
186 8.120571e-10
187 5.325534e-10
188 3.527899e-10
189 2.300607e-10
190 1.441561e-10
191 8.529417e-11
192 4.724615e-11
193 2.450808e-11
194 1.200281e-11
195 1.193408e-08
196 8.388628e-09
197 5.637805e-09
198 3.583182e-09
199 2.204582e-09
200 1.371959e-09
201 8.737122e-10
202 5.721589e-10
203 3.790294e-10
204 2.476897e-10
205 1.557486e-10
206 9.255974e-11
207 5.150227e-11
208 2.682207e-11
209 1.317777e-11
210 1.255689e-08
211 8.845497e-09
212 5.958514e-09
213 3.793428e-09
214 2.332626e-09
215 1.449609e-09
216 9.216147e-10
217 6.027388e-10
218 3.993392e-10
219 2.613425e-10
220 1.647180e-10
221 9.818612e-11
222 5.479021e-11
223 2.860842e-11
224 1.408659e-11
225 1.302306e-08
226 9.186411e-09
227 6.197287e-09
228 3.950897e-09
229 2.428148e-09
230 1.508121e-09
231 9.573558e-10
232 6.257363e-10
233 4.145734e-10
234 2.715390e-10
235 1.714289e-10
236 1.023721e-10
237 5.724604e-11
238 2.994846e-11
239 1.476624e-11
240 1.344633e-08
241 9.497041e-09
242 6.415595e-09
243 4.094507e-09
244 2.515789e-09
245 1.561355e-09
246 9.899908e-10
247 6.465321e-10
248 4.284757e-10
249 2.808719e-10
250 1.775649e-10
251 1.062127e-10
252 5.949869e-11
253 3.117351e-11
254 1.538336e-11
255 1.385145e-08
256 9.793619e-09
257 6.624079e-09
258 4.231875e-09
259 2.598894e-09
260 1.611882e-09
261 1.021119e-09
262 6.664400e-10
263 4.417069e-10
264 2.897492e-10
265 1.834028e-10
266 1.098747e-10
267 6.164152e-11
268 3.233547e-11
269 1.597735e-11
270 1.432062e-08
271 1.013779e-08
272 6.865171e-09
273 4.389867e-09
274 2.694899e-09
275 1.670782e-09
276 1.057464e-09
277 6.896793e-10
278 4.570228e-10
279 3.000381e-10
280 1.901867e-10
281 1.141242e-10
282 6.412210e-11
283 3.368625e-11
284 1.666293e-11
285 1.362162e-08
286 9.687962e-09
287 6.578697e-09
288 4.243777e-09
289 2.614522e-09
290 1.619519e-09
291 1.021247e-09
292 6.626358e-10
293 4.372160e-10
294 2.865719e-10
295 1.819350e-10
296 1.097086e-10
297 6.211303e-11
298 3.292111e-11
299 1.642082e-11
300 1.602203e-08
301 1.152433e-08
302 7.896486e-09
303 5.151985e-09
304 3.185712e-09
305 1.963609e-09
306 1.228492e-09
307 7.910074e-10
308 5.200287e-10
309 3.416485e-10
310 2.186151e-10
311 1.334110e-10
312 7.661282e-11
313 4.119722e-11
314 2.081267e-11
315 1.766193e-08
316 1.278505e-08
317 8.802832e-09
318 5.778625e-09
319 3.582090e-09
320 2.201613e-09
321 1.372189e-09
322 8.798284e-10
323 5.771606e-10
324 3.795553e-10
325 2.438483e-10
326 1.497373e-10
327 8.662385e-11
328 4.692789e-11
329 2.386385e-11
330 1.893829e-08
331 1.376604e-08
332 9.505637e-09
333 6.264300e-09
334 3.889480e-09
335 2.386307e-09
336 1.483628e-09
337 9.487966e-10
338 6.215936e-10
339 4.090075e-10
340 2.634336e-10
341 1.624067e-10
342 9.439244e-11
343 5.137666e-11
344 2.623252e-11
345 1.989181e-08
346 1.449786e-08
347 1.003302e-08
348 6.627774e-09
349 4.119182e-09
350 2.524550e-09
351 1.566774e-09
352 1.000199e-09
353 6.546376e-10
354 4.309448e-10
355 2.780657e-10
356 1.718723e-10
357 1.001949e-10
358 5.469962e-11
359 2.800170e-11
360 2.076206e-08
361 1.516733e-08
362 1.051446e-08
363 6.958843e-09
364 4.328686e-09
365 2.650752e-09
366 1.642723e-09
367 1.047160e-09
368 6.848637e-10
369 4.510276e-10
370 2.914209e-10
371 1.805120e-10
372 1.054922e-10
373 5.772971e-11
374 2.961446e-11
375 2.158559e-08
376 1.579998e-08
377 1.096864e-08
378 7.273208e-09
379 4.526947e-09
380 2.770144e-09
381 1.714724e-09
382 1.091631e-09
383 7.134995e-10
384 4.700372e-10
385 3.040887e-10
386 1.887030e-10
387 1.105123e-10
388 6.060271e-11
389 3.114360e-11
390 2.254898e-08
391 1.654109e-08
392 1.150071e-08
393 7.640625e-09
394 4.759611e-09
395 2.910486e-09
396 1.799314e-09
397 1.143949e-09
398 7.470447e-10
399 4.923410e-10
400 3.189322e-10
401 1.983089e-10
402 1.164032e-10
403 6.396963e-11
404 3.293694e-11
405 1.964973e-08
406 1.439637e-08
407 9.989054e-09
408 6.621195e-09
409 4.143015e-09
410 2.537141e-09
411 1.573443e-09
412 1.000601e-09
413 6.523711e-10
414 4.284981e-10
415 2.764550e-10
416 1.712700e-10
417 1.002943e-10
418 5.508971e-11
419 2.839317e-11
420 2.230431e-08
421 1.653141e-08
422 1.155973e-08
423 7.726411e-09
424 4.875971e-09
425 2.977589e-09
426 1.838673e-09
427 1.160573e-09
428 7.524074e-10
429 4.935900e-10
430 3.196447e-10
431 1.995971e-10
432 1.181376e-10
433 6.566934e-11
434 3.424006e-11
435 2.437570e-08
436 1.820486e-08
437 1.278977e-08
438 8.594851e-09
439 5.451987e-09
440 3.324475e-09
441 2.047880e-09
442 1.286428e-09
443 8.311964e-10
444 5.447491e-10
445 3.535674e-10
446 2.218444e-10
447 1.321605e-10
448 7.399614e-11
449 3.884994e-11
450 2.593397e-08
451 1.945548e-08
452 1.371249e-08
453 9.245003e-09
454 5.882557e-09
455 3.584219e-09
456 2.203962e-09
457 1.380647e-09
458 8.898544e-10
459 5.829676e-10
460 3.789122e-10
461 2.384664e-10
462 1.426375e-10
463 8.021506e-11
464 4.229283e-11
465 2.735044e-08
466 2.059916e-08
467 1.455445e-08
468 9.836258e-09
469 6.275676e-09
470 3.821406e-09
471 2.346339e-09
472 1.466478e-09
473 9.436274e-10
474 6.178767e-10
475 4.020527e-10
476 2.536435e-10
477 1.522044e-10
478 8.589581e-11
479 4.543746e-11
480 2.869100e-08
481 2.167651e-08
482 1.535057e-08
483 1.039644e-08
484 6.648194e-09
485 4.045376e-09
486 2.481390e-09
487 1.547652e-09
488 9.943754e-10
489 6.508834e-10
490 4.239664e-10
491 2.680130e-10
492 1.612590e-10
493 9.126551e-11
494 4.840902e-11
495 3.026006e-08
496 2.294007e-08
497 1.628044e-08
498 1.105236e-08
499 7.082991e-09
500 4.307370e-09
501 2.639080e-09
502 1.642766e-09
503 1.053769e-09
504 6.894896e-10
505 4.495567e-10
506 2.847784e-10
507 1.718376e-10
508 9.755014e-11
509 5.188801e-11
510 2.599884e-08
511 1.960388e-08
512 1.386802e-08
513 9.367303e-09
514 5.993274e-09
515 3.659940e-09
516 2.248592e-09
517 1.404372e-09
518 9.021175e-10
519 5.893772e-10
520 3.827283e-10
521 2.411431e-10
522 1.446847e-10
523 8.175084e-11
524 4.335046e-11
525 2.901537e-08
526 2.213959e-08
527 1.579028e-08
528 1.073924e-08
529 6.932639e-09
530 4.240689e-09
531 2.596364e-09
532 1.610618e-09
533 1.028293e-09
534 6.695082e-10
535 4.352395e-10
536 2.756840e-10
537 1.668138e-10
538 9.523625e-11
539 5.105355e-11
540 3.127888e-08
541 2.404327e-08
542 1.723414e-08
543 1.177199e-08
544 7.638838e-09
545 4.678945e-09
546 2.857769e-09
547 1.766014e-09
548 1.122967e-09
549 7.297437e-10
550 4.746928e-10
551 3.016308e-10
552 1.834392e-10
553 1.053712e-10
554 5.684710e-11
555 3.334273e-08
556 2.577996e-08
557 1.855341e-08
558 1.271230e-08
559 8.283194e-09
560 5.077543e-09
561 3.096382e-09
562 1.907806e-09
563 1.209557e-09
564 7.846888e-10
565 5.106756e-10
566 3.252957e-10
567 1.986026e-10
568 1.146146e-10
569 6.213037e-11
570 3.530007e-08
571 2.742749e-08
572 1.980485e-08
573 1.360557e-08
574 8.895517e-09
575 5.456676e-09
576 3.323048e-09
577 2.042307e-09
578 1.291712e-09
579 8.368621e-10
580 5.448572e-10
581 3.477730e-10
582 2.130037e-10
583 1.233942e-10
584 6.714915e-11
585 3.759385e-08
586 2.935298e-08
587 2.126674e-08
588 1.464859e-08
589 9.608273e-09
590 5.898465e-09
591 3.587201e-09
592 2.199024e-09
593 1.387407e-09
594 8.976321e-10
595 5.846660e-10
596 3.739596e-10
597 2.297842e-10
598 1.336230e-10
599 7.299562e-11
600 3.305928e-08
601 2.565467e-08
602 1.852539e-08
603 1.271443e-08
604 8.307142e-09
605 5.116760e-09
606 3.116462e-09
607 1.918291e-09
608 1.213110e-09
609 7.848275e-10
610 5.098266e-10
611 3.246309e-10
612 1.984377e-10
613 1.148345e-10
614 6.250014e-11
615 3.619167e-08
616 2.839353e-08
617 2.067549e-08
618 1.427321e-08
619 9.393717e-09
620 5.816447e-09
621 3.531409e-09
622 2.164512e-09
623 1.360303e-09
624 8.761132e-10
625 5.685629e-10
626 3.630675e-10
627 2.232770e-10
628 1.302748e-10
629 7.156686e-11
630 3.905428e-08
631 3.090118e-08
632 2.264636e-08
633 1.570026e-08
634 1.039008e-08
635 6.458226e-09
636 3.912363e-09
637 2.390489e-09
638 1.495552e-09
639 9.598014e-10
640 6.223830e-10
641 3.982778e-10
642 2.460310e-10
643 1.444221e-10
644 7.987768e-11
645 4.176644e-08
646 3.327725e-08
647 2.451331e-08
648 1.705497e-08
649 1.133465e-08
650 7.066828e-09
651 4.273224e-09
652 2.604905e-09
653 1.623620e-09
654 1.039130e-09
655 6.734109e-10
656 4.316610e-10
657 2.676026e-10
658 1.578340e-10
659 8.775529e-11
660 4.494219e-08
661 3.605250e-08
662 2.669426e-08
663 1.863523e-08
664 1.243599e-08
665 7.776816e-09
666 4.694608e-09
667 2.854682e-09
668 1.772992e-09
669 1.131675e-09
670 7.329150e-10
671 4.705962e-10
672 2.927658e-10
673 1.734783e-10
674 9.694508e-11
675 4.018653e-08
676 3.199201e-08
677 2.357683e-08
678 1.640528e-08
679 1.089534e-08
680 6.810319e-09
681 4.122260e-09
682 2.515804e-09
683 1.567424e-09
684 1.002094e-09
685 6.483655e-10
686 4.148791e-10
687 2.568434e-10
688 1.513773e-10
689 8.418424e-11
690 4.392683e-08
691 3.537346e-08
692 2.632533e-08
693 1.843195e-08
694 1.232483e-08
695 7.761072e-09
696 4.690588e-09
697 2.853732e-09
698 1.766183e-09
699 1.122443e-09
700 7.242340e-10
701 4.640126e-10
702 2.886418e-10
703 1.713915e-10
704 9.617749e-11
705 4.746599e-08
706 3.858560e-08
707 2.892967e-08
708 2.035905e-08
709 1.368300e-08
710 8.664870e-09
711 5.230907e-09
712 3.174679e-09
713 1.955031e-09
714 1.236763e-09
715 7.963203e-10
716 5.106654e-10
717 3.188287e-10
718 1.903918e-10
719 1.075693e-10
720 5.160879e-08
721 4.233835e-08
722 3.196560e-08
723 2.260441e-08
724 1.526528e-08
725 9.718579e-09
726 5.860990e-09
727 3.549292e-09
728 2.175096e-09
729 1.370119e-09
730 8.803063e-10
731 5.650331e-10
732 3.540100e-10
733 2.125341e-10
734 1.208450e-10
735 4.869274e-08
736 3.981981e-08
737 3.003643e-08
738 2.123187e-08
739 1.431549e-08
740 9.116894e-09
741 5.515783e-09
742 3.342965e-09
743 2.050640e-09
744 1.291831e-09
745 8.289550e-10
746 5.309191e-10
747 3.318172e-10
748 1.987656e-10
749 1.128428e-10
750 5.330973e-08
751 4.414511e-08
752 3.367676e-08
753 2.398768e-08
754 1.627850e-08
755 1.045696e-08
756 6.337963e-09
757 3.828985e-09
758 2.333363e-09
759 1.459720e-09
760 9.322680e-10
761 5.966454e-10
762 3.741277e-10
763 2.255865e-10
764 1.292015e-10
765 5.870668e-08
766 4.920249e-08
767 3.791800e-08
768 2.720306e-08
769 1.857085e-08
770 1.202291e-08
771 7.299648e-09
772 4.397709e-09
773 2.663682e-09
774 1.655912e-09
775 1.052912e-09
776 6.733915e-10
777 4.235298e-10
778 2.568996e-10
779 1.483022e-10
780 5.925948e-08
781 4.988537e-08
782 3.866154e-08
783 2.786569e-08
784 1.907348e-08
785 1.239807e-08
786 7.567642e-09
787 4.550866e-09
788 2.752123e-09
789 1.704308e-09
790 1.079389e-09
791 6.884090e-10
792 4.326169e-10
793 2.627239e-10
794 1.521236e-10
795 6.635558e-08
796 5.676090e-08
797 4.466173e-08
798 3.256470e-08
799 2.247325e-08
800 1.476300e-08
801 9.079066e-09
802 5.438148e-09
803 3.268084e-09
804 2.004344e-09
805 1.258917e-09
806 7.997847e-10
807 5.033146e-10
808 3.075265e-10
809 1.797911e-10
810 7.616289e-08
811 6.661067e-08
812 5.365135e-08
813 3.989793e-08
814 2.790172e-08
815 1.859369e-08
816 1.163196e-08
817 6.950102e-09
818 4.152421e-09
819 2.508485e-09
820 1.551273e-09
821 9.752141e-10
822 6.119571e-10
823 3.756982e-10
824 2.221167e-10
825 5.035501e-07
826 3.677908e-07
827 2.725233e-07
828 1.695804e-07
829 1.033166e-07
830 6.120801e-08
831 3.737564e-08
832 2.398022e-08
833 1.618913e-08
834 0.000000e+00
835 0.000000e+00
836 0.000000e+00
837 0.000000e+00
838 0.000000e+00
839 0.000000e+00
840 7.609527e-07
841 5.559438e-07
842 4.123887e-07
843 2.596280e-07
844 1.577783e-07
845 9.335460e-08
846 5.689578e-08
847 3.636592e-08
848 2.448188e-08
849 0.000000e+00
850 0.000000e+00
851 0.000000e+00
852 0.000000e+00
853 0.000000e+00
854 0.000000e+00
855 9.034708e-07
856 6.601393e-07
857 4.898343e-07
858 3.095543e-07
859 1.879543e-07
860 1.111685e-07
861 6.771198e-08
862 4.322638e-08
863 2.907417e-08
864 0.000000e+00
865 0.000000e+00
866 0.000000e+00
867 0.000000e+00
868 0.000000e+00
869 0.000000e+00
870 9.993278e-07
871 7.302182e-07
872 5.419243e-07
873 3.431341e-07
874 2.082519e-07
875 1.231503e-07
876 7.498702e-08
877 4.784112e-08
878 3.216291e-08
879 0.000000e+00
880 0.000000e+00
881 0.000000e+00
882 0.000000e+00
883 0.000000e+00
884 0.000000e+00
885 1.073805e-06
886 7.846710e-07
887 5.823935e-07
888 3.692238e-07
889 2.240225e-07
890 1.324599e-07
891 8.063945e-08
892 5.142649e-08
893 3.456295e-08
894 0.000000e+00
895 0.000000e+00
896 0.000000e+00
897 0.000000e+00
898 0.000000e+00
899 0.000000e+00
900 1.129439e-06
901 8.253442e-07
902 6.126261e-07
903 3.887123e-07
904 2.358020e-07
905 1.394142e-07
906 8.486152e-08
907 5.410480e-08
908 3.635564e-08
909 0.000000e+00
910 0.000000e+00
911 0.000000e+00
912 0.000000e+00
913 0.000000e+00
914 0.000000e+00
915 1.180268e-06
916 8.625041e-07
917 6.402459e-07
918 4.065191e-07
919 2.465652e-07
920 1.457672e-07
921 8.871918e-08
922 5.655163e-08
923 3.799350e-08
924 0.000000e+00
925 0.000000e+00
926 0.000000e+00
927 0.000000e+00
928 0.000000e+00
929 0.000000e+00
930 1.228460e-06
931 8.977376e-07
932 6.664337e-07
933 4.234011e-07
934 2.567693e-07
935 1.517905e-07
936 9.237652e-08
937 5.887147e-08
938 3.954628e-08
939 0.000000e+00
940 0.000000e+00
941 0.000000e+00
942 0.000000e+00
943 0.000000e+00
944 0.000000e+00
945 1.284683e-06
946 9.388454e-07
947 6.969857e-07
948 4.430983e-07
949 2.686743e-07
950 1.588185e-07
951 9.664394e-08
952 6.157795e-08
953 4.135810e-08
954 0.000000e+00
955 0.000000e+00
956 0.000000e+00
957 0.000000e+00
958 0.000000e+00
959 0.000000e+00
960 3.361763e-07
961 2.676950e-07
962 1.941813e-07
963 1.456254e-07
964 9.006795e-08
965 5.514042e-08
966 3.205014e-08
967 1.916482e-08
968 1.201138e-08
969 7.953092e-09
970 0.000000e+00
971 0.000000e+00
972 0.000000e+00
973 0.000000e+00
974 0.000000e+00
975 5.201382e-07
976 4.170834e-07
977 3.028382e-07
978 2.268947e-07
979 1.421992e-07
980 8.670333e-08
981 5.035978e-08
982 3.007236e-08
983 1.877797e-08
984 1.239624e-08
985 0.000000e+00
986 0.000000e+00
987 0.000000e+00
988 0.000000e+00
989 0.000000e+00
990 6.448120e-07
991 5.183992e-07
992 3.765466e-07
993 2.820115e-07
994 1.775998e-07
995 1.081223e-07
996 6.278598e-08
997 3.747520e-08
998 2.336910e-08
999 1.541004e-08
1000 0.000000e+00
1001 0.000000e+00
1002 0.000000e+00
1003 0.000000e+00
1004 0.000000e+00
1005 7.416316e-07
1006 5.970719e-07
1007 4.337779e-07
1008 3.248102e-07
1009 2.050874e-07
1010 1.247530e-07
1011 7.243500e-08
1012 4.322359e-08
1013 2.693398e-08
1014 1.775022e-08
1015 0.000000e+00
1016 0.000000e+00
1017 0.000000e+00
1018 0.000000e+00
1019 0.000000e+00
1020 8.139596e-07
1021 6.558390e-07
1022 4.765327e-07
1023 3.567807e-07
1024 2.256220e-07
1025 1.371778e-07
1026 7.964314e-08
1027 4.751755e-08
1028 2.959718e-08
1029 1.949827e-08
1030 0.000000e+00
1031 0.000000e+00
1032 0.000000e+00
1033 0.000000e+00
1034 0.000000e+00
1035 8.800254e-07
1036 7.095243e-07
1037 5.155916e-07
1038 3.859857e-07
1039 2.443794e-07
1040 1.485270e-07
1041 8.622743e-08
1042 5.144028e-08
1043 3.202995e-08
1044 2.109535e-08
1045 0.000000e+00
1046 0.000000e+00
1047 0.000000e+00
1048 0.000000e+00
1049 0.000000e+00
1050 9.426736e-07
1051 7.604327e-07
1052 5.526249e-07
1053 4.136780e-07
1054 2.621647e-07
1055 1.592896e-07
1056 9.247120e-08
1057 5.515972e-08
1058 3.433673e-08
1059 2.260959e-08
1060 0.000000e+00
1061 0.000000e+00
1062 0.000000e+00
1063 0.000000e+00
1064 0.000000e+00
1065 1.015768e-06
1066 8.198310e-07
1067 5.958365e-07
1068 4.459927e-07
1069 2.829175e-07
1070 1.718473e-07
1071 9.975607e-08
1072 5.949995e-08
1073 3.702828e-08
1074 2.437647e-08
1075 0.000000e+00
1076 0.000000e+00
1077 0.000000e+00
1078 0.000000e+00
1079 0.000000e+00
1080 1.972984e-07
1081 1.794118e-07
1082 1.382059e-07
1083 9.994587e-08
1084 7.489057e-08
1085 4.328229e-08
1086 2.652558e-08
1087 1.529496e-08
1088 9.045518e-09
1089 5.627964e-09
1090 0.000000e+00
1091 0.000000e+00
1092 0.000000e+00
1093 0.000000e+00
1094 0.000000e+00
1095 3.302850e-07
1096 3.017116e-07
1097 2.333996e-07
1098 1.686783e-07
1099 1.265837e-07
1100 7.358100e-08
1101 4.521607e-08
1102 2.600839e-08
1103 1.532501e-08
1104 9.512425e-09
1105 0.000000e+00
1106 0.000000e+00
1107 0.000000e+00
1108 0.000000e+00
1109 0.000000e+00
1110 4.342700e-07
1111 3.973843e-07
1112 3.078988e-07
1113 2.224671e-07
1114 1.670396e-07
1115 9.731157e-08
1116 5.985581e-08
1117 3.439862e-08
1118 2.024114e-08
1119 1.255275e-08
1120 0.000000e+00
1121 0.000000e+00
1122 0.000000e+00
1123 0.000000e+00
1124 0.000000e+00
1125 5.118675e-07
1126 4.687719e-07
1127 3.634880e-07
1128 2.626035e-07
1129 1.972257e-07
1130 1.150174e-07
1131 7.077884e-08
1132 4.065897e-08
1133 2.390921e-08
1134 1.482137e-08
1135 0.000000e+00
1136 0.000000e+00
1137 0.000000e+00
1138 0.000000e+00
1139 0.000000e+00
1140 5.827486e-07
1141 5.339873e-07
1142 4.142683e-07
1143 2.992682e-07
1144 2.248018e-07
1145 1.311919e-07
1146 8.075741e-08
1147 4.637790e-08
1148 2.726008e-08
1149 1.689370e-08
1150 0.000000e+00
1151 0.000000e+00
1152 0.000000e+00
1153 0.000000e+00
1154 0.000000e+00
1155 6.499630e-07
1156 5.958254e-07
1157 4.624212e-07
1158 3.340351e-07
1159 2.509506e-07
1160 1.465295e-07
1161 9.021925e-08
1162 5.180077e-08
1163 3.043750e-08
1164 1.885873e-08
1165 0.000000e+00
1166 0.000000e+00
1167 0.000000e+00
1168 0.000000e+00
1169 0.000000e+00
1170 7.283846e-07
1171 6.679733e-07
1172 5.186008e-07
1173 3.745984e-07
1174 2.814577e-07
1175 1.644239e-07
1176 1.012585e-07
1177 5.812754e-08
1178 3.414473e-08
1179 2.115149e-08
1180 0.000000e+00
1181 0.000000e+00
1182 0.000000e+00
1183 0.000000e+00
1184 0.000000e+00
1185 1.308825e-07
1186 1.291775e-07
1187 1.086126e-07
1188 7.933499e-08
1189 5.894072e-08
1190 4.004967e-08
1191 2.363800e-08
1192 1.346711e-08
1193 7.784922e-09
1194 4.600606e-09
1195 2.882051e-09
1196 0.000000e+00
1197 0.000000e+00
1198 0.000000e+00
1199 0.000000e+00
1200 2.346378e-07
1201 2.322825e-07
1202 1.960839e-07
1203 1.434950e-07
1204 1.064205e-07
1205 7.285532e-08
1206 4.277375e-08
1207 2.440563e-08
1208 1.412849e-08
1209 8.333407e-09
1210 5.209006e-09
1211 0.000000e+00
1212 0.000000e+00
1213 0.000000e+00
1214 0.000000e+00
1215 3.123231e-07
1216 3.095004e-07
1217 2.616146e-07
1218 1.915693e-07
1219 1.419926e-07
1220 9.744467e-08
1221 5.711208e-08
1222 3.260330e-08
1223 1.888241e-08
1224 1.113063e-08
1225 6.952516e-09
1226 0.000000e+00
1227 0.000000e+00
1228 0.000000e+00
1229 0.000000e+00
1230 3.831935e-07
1231 3.799432e-07
1232 3.213903e-07
1233 2.354215e-07
1234 1.744400e-07
1235 1.198757e-07
1236 7.019122e-08
1237 4.008120e-08
1238 2.321897e-08
1239 1.368230e-08
1240 8.542871e-09
1241 0.000000e+00
1242 0.000000e+00
1243 0.000000e+00
1244 0.000000e+00
1245 4.503977e-07
1246 4.467362e-07
1247 3.780737e-07
1248 2.770046e-07
1249 2.052095e-07
1250 1.411454e-07
1251 8.259382e-08
1252 4.717229e-08
1253 2.733118e-08
1254 1.610194e-08
1255 1.005098e-08
1256 0.000000e+00
1257 0.000000e+00
1258 0.000000e+00
1259 0.000000e+00
1260 5.288015e-07
1261 5.246659e-07
1262 4.442070e-07
1263 3.255223e-07
1264 2.411084e-07
1265 1.659601e-07
1266 9.706421e-08
1267 5.544503e-08
1268 3.212871e-08
1269 1.892488e-08
1270 1.181051e-08
1271 0.000000e+00
1272 0.000000e+00
1273 0.000000e+00
1274 0.000000e+00
1275 9.756960e-08
1276 1.016001e-07
1277 9.195207e-08
1278 7.035316e-08
1279 5.085319e-08
1280 3.809429e-08
1281 2.152629e-08
1282 1.300175e-08
1283 7.345817e-09
1284 4.242525e-09
1285 2.539703e-09
1286 0.000000e+00
1287 0.000000e+00
1288 0.000000e+00
1289 0.000000e+00
1290 1.734104e-07
1291 1.809406e-07
1292 1.642537e-07
1293 1.260058e-07
1294 9.102435e-08
1295 6.828947e-08
1296 3.869707e-08
1297 2.344707e-08
1298 1.321846e-08
1299 7.616222e-09
1300 4.550582e-09
1301 0.000000e+00
1302 0.000000e+00
1303 0.000000e+00
1304 0.000000e+00
1305 2.424634e-07
1306 2.531893e-07
1307 2.301013e-07
1308 1.766983e-07
1309 1.276148e-07
1310 9.579446e-08
1311 5.434250e-08
1312 3.296555e-08
1313 1.856968e-08
1314 1.068970e-08
1315 6.382327e-09
1316 0.000000e+00
1317 0.000000e+00
1318 0.000000e+00
1319 0.000000e+00
1320 3.078577e-07
1321 3.216065e-07
1322 2.924568e-07
1323 2.247029e-07
1324 1.622652e-07
1325 1.218404e-07
1326 6.915697e-08
1327 4.197839e-08
1328 2.363663e-08
1329 1.359998e-08
1330 8.116900e-09
1331 0.000000e+00
1332 0.000000e+00
1333 0.000000e+00
1334 0.000000e+00
1335 3.841561e-07
1336 4.014323e-07
1337 3.652105e-07
1338 2.807097e-07
1339 2.026908e-07
1340 1.522281e-07
1341 8.644124e-08
1342 5.249408e-08
1343 2.954836e-08
1344 1.699550e-08
1345 1.014064e-08
1346 0.000000e+00
1347 0.000000e+00
1348 0.000000e+00
1349 0.000000e+00
1350 7.213568e-08
1351 7.807746e-08
1352 7.486673e-08
1353 6.066599e-08
1354 4.376577e-08
1355 3.299445e-08
1356 2.060726e-08
1357 1.263558e-08
1358 7.014862e-09
1359 3.862665e-09
1360 2.232605e-09
1361 1.357817e-09
1362 0.000000e+00
1363 0.000000e+00
1364 0.000000e+00
1365 1.384373e-07
1366 1.500934e-07
1367 1.442931e-07
1368 1.172809e-07
1369 8.466597e-08
1370 6.376508e-08
1371 4.010469e-08
1372 2.451622e-08
1373 1.361350e-08
1374 7.500032e-09
1375 4.324747e-09
1376 2.624286e-09
1377 0.000000e+00
1378 0.000000e+00
1379 0.000000e+00
1380 2.010031e-07
1381 2.180563e-07
1382 2.098198e-07
1383 1.707216e-07
1384 1.232755e-07
1385 9.281020e-08
1386 5.851418e-08
1387 3.573215e-08
1388 1.984300e-08
1389 1.093430e-08
1390 6.299816e-09
1391 3.819753e-09
1392 0.000000e+00
1393 0.000000e+00
1394 0.000000e+00
1395 2.739546e-07
1396 2.973002e-07
1397 2.862206e-07
1398 2.330303e-07
1399 1.682909e-07
1400 1.266749e-07
1401 7.997821e-08
1402 4.880901e-08
1403 2.710609e-08
1404 1.493828e-08
1405 8.602574e-09
1406 5.213599e-09
1407 0.000000e+00
1408 0.000000e+00
1409 0.000000e+00
1410 5.881931e-08
1411 6.564471e-08
1412 6.594448e-08
1413 5.664162e-08
1414 4.174905e-08
1415 3.075035e-08
1416 2.166148e-08
1417 1.235976e-08
1418 6.958036e-09
1419 3.937237e-09
1420 2.190068e-09
1421 1.277318e-09
1422 0.000000e+00
1423 0.000000e+00
1424 0.000000e+00
1425 1.179153e-07
1426 1.317868e-07
1427 1.326779e-07
1428 1.143040e-07
1429 8.439724e-08
1430 6.208293e-08
1431 4.394588e-08
1432 2.499070e-08
1433 1.409985e-08
1434 7.977262e-09
1435 4.434872e-09
1436 2.581328e-09
1437 0.000000e+00
1438 0.000000e+00
1439 0.000000e+00
1440 1.864659e-07
1441 2.085133e-07
1442 2.100928e-07
1443 1.811975e-07
1444 1.338744e-07
1445 9.843172e-08
1446 6.979941e-08
1447 3.964442e-08
1448 2.238585e-08
1449 1.266432e-08
1450 7.039246e-09
1451 4.094128e-09
1452 0.000000e+00
1453 0.000000e+00
1454 0.000000e+00
1455 5.134933e-08
1456 5.884451e-08
1457 6.150756e-08
1458 5.588551e-08
1459 4.285793e-08
1460 3.095439e-08
1461 2.324985e-08
1462 1.303463e-08
1463 7.796594e-09
1464 4.271609e-09
1465 2.354837e-09
1466 1.314859e-09
1467 0.000000e+00
1468 0.000000e+00
1469 0.000000e+00
1470 1.144184e-07
1471 1.312916e-07
1472 1.375004e-07
1473 1.252950e-07
1474 9.633716e-08
1475 6.954074e-08
1476 5.230452e-08
1477 2.941266e-08
1478 1.765429e-08
1479 9.654142e-09
1480 5.309452e-09
1481 2.958532e-09
1482 0.000000e+00
1483 0.000000e+00
1484 0.000000e+00
1485 5.365785e-08
1486 6.305112e-08
1487 6.836523e-08
1488 6.563450e-08
1489 5.321878e-08
1490 3.840069e-08
1491 2.896901e-08
1492 1.801331e-08
1493 1.096218e-08
1494 5.948775e-09
1495 3.133303e-09
1496 1.690474e-09
1497 9.413844e-10
1498 0.000000e+00
1499 0.000000e+00
1500 1.109684e-04
1501 8.086786e-05
1502 6.035546e-05
1503 3.805236e-05
1504 2.321989e-05
1505 1.369104e-05
1506 8.324421e-06
1507 5.304277e-06
1508 3.565556e-06
1509 0.000000e+00
1510 0.000000e+00
1511 0.000000e+00
1512 0.000000e+00
1513 0.000000e+00
1514 0.000000e+00
1515 5.757601e-05
1516 4.644359e-05
1517 3.369791e-05
1518 2.528332e-05
1519 1.597668e-05
1520 9.754545e-06
1521 5.648866e-06
1522 3.364481e-06
1523 2.093966e-06
1524 1.379138e-06
1525 0.000000e+00
1526 0.000000e+00
1527 0.000000e+00
1528 0.000000e+00
1529 0.000000e+00
1530 4.047788e-05
1531 3.713775e-05
1532 2.882267e-05
1533 2.080348e-05
1534 1.566222e-05
1535 9.111532e-06
1536 5.625604e-06
1537 3.225263e-06
1538 1.896511e-06
1539 1.174730e-06
1540 0.000000e+00
1541 0.000000e+00
1542 0.000000e+00
1543 0.000000e+00
1544 0.000000e+00
1545 2.912801e-05
1546 2.891312e-05
1547 2.448503e-05
1548 1.793535e-05
1549 1.328396e-05
1550 9.154542e-06
1551 5.351144e-06
1552 3.053081e-06
1553 1.771954e-06
1554 1.042590e-06
1555 6.506122e-07
1556 0.000000e+00
1557 0.000000e+00
1558 0.000000e+00
1559 0.000000e+00
1560 2.085098e-05
1561 2.179680e-05
1562 1.983793e-05
1563 1.524768e-05
1564 1.100576e-05
1565 8.274949e-06
1566 4.689296e-06
1567 2.850415e-06
1568 1.602925e-06
1569 9.233707e-07
1570 5.506294e-07
1571 0.000000e+00
1572 0.000000e+00
1573 0.000000e+00
1574 0.000000e+00
1575 1.487210e-05
1576 1.614453e-05
1577 1.554949e-05
1578 1.266314e-05
1579 9.143013e-06
1580 6.883420e-06
1581 4.347301e-06
1582 2.655947e-06
1583 1.474901e-06
1584 8.112783e-07
1585 4.673052e-07
1586 2.832009e-07
1587 0.000000e+00
1588 0.000000e+00
1589 0.000000e+00
1590 1.001028e-05
1591 1.119728e-05
1592 1.128693e-05
1593 9.739022e-06
1594 7.195644e-06
1595 5.289411e-06
1596 3.755371e-06
1597 2.130464e-06
1598 1.202339e-06
1599 6.811759e-07
1600 3.783133e-07
1601 2.200058e-07
1602 0.000000e+00
1603 0.000000e+00
1604 0.000000e+00
1605 6.201116e-06
1606 7.118100e-06
1607 7.458527e-06
1608 6.801106e-06
1609 5.231433e-06
1610 3.775220e-06
1611 2.841823e-06
1612 1.597077e-06
1613 9.596537e-07
1614 5.242846e-07
1615 2.885232e-07
1616 1.606418e-07
1617 0.000000e+00
1618 0.000000e+00
1619 0.000000e+00
1620 3.163407e-06
1621 3.720115e-06
1622 4.038202e-06
1623 3.883392e-06
1624 3.154630e-06
1625 2.276770e-06
1626 1.716871e-06
1627 1.071974e-06
1628 6.518364e-07
1629 3.538249e-07
1630 1.861971e-07
1631 1.003484e-07
1632 5.578990e-08
1633 0.000000e+00
1634 0.000000e+00
1635 8.891198e-07
1636 1.072208e-06
1637 1.206146e-06
1638 1.224576e-06
1639 1.066696e-06
1640 7.933436e-07
1641 5.815894e-07
1642 4.169104e-07
1643 2.343421e-07
1644 1.314261e-07
1645 7.164692e-08
1646 3.730540e-08
1647 1.958823e-08
1648 0.000000e+00
1649 0.000000e+00
