0 2.252687e-09
1 1.464787e-09
2 9.215004e-10
3 5.803065e-10
4 3.728756e-10
5 2.452682e-10
6 1.630880e-10
7 1.071320e-10
8 6.791892e-11
9 4.082415e-11
10 2.303396e-11
11 1.218083e-11
12 6.077516e-12
13 2.893401e-12
14 1.330835e-12
15 3.806405e-09
16 2.532935e-09
17 1.610865e-09
18 1.004149e-09
19 6.348031e-10
20 4.109456e-10
21 2.717917e-10
22 1.802251e-10
23 1.168829e-10
24 7.253858e-11
25 4.242233e-11
26 2.323321e-11
27 1.194367e-11
28 5.816948e-12
29 2.717331e-12
30 4.367613e-09
31 2.926596e-09
32 1.871849e-09
33 1.165842e-09
34 7.339437e-10
35 4.725698e-10
36 3.114856e-10
37 2.066978e-10
38 1.346923e-10
39 8.426116e-11
40 4.978303e-11
41 2.756075e-11
42 1.430708e-11
43 7.023528e-12
44 3.299407e-12
45 4.677822e-09
46 3.144335e-09
47 2.016337e-09
48 1.255429e-09
49 7.888692e-10
50 5.066917e-10
51 3.335005e-10
52 2.213052e-10
53 1.445331e-10
54 9.073899e-11
55 5.384671e-11
56 2.994659e-11
57 1.561490e-11
58 7.692129e-12
59 3.622437e-12
60 4.885732e-09
61 3.290483e-09
62 2.113133e-09
63 1.315492e-09
64 8.256696e-10
65 5.296321e-10
66 3.482760e-10
67 2.311485e-10
68 1.511249e-10
69 9.509189e-11
70 5.658960e-11
71 3.156318e-11
72 1.649462e-11
73 8.140867e-12
74 3.840049e-12
75 5.031409e-09
76 3.392780e-09
77 2.181300e-09
78 1.357656e-09
79 8.515155e-10
80 5.456901e-10
81 3.585839e-10
82 2.380130e-10
83 1.557894e-10
84 9.817120e-11
85 5.851216e-11
86 3.269514e-11
87 1.711863e-11
88 8.460601e-12
89 3.994101e-12
90 5.168401e-09
91 3.488853e-09
92 2.244795e-09
93 1.397320e-09
94 8.758219e-10
95 5.607743e-10
96 3.683499e-10
97 2.445103e-10
98 1.601566e-10
99 1.010305e-10
100 6.031106e-11
101 3.374772e-11
102 1.769146e-11
103 8.752543e-12
104 4.135116e-12
105 5.279763e-09
106 3.566587e-09
107 2.296832e-09
108 1.429508e-09
109 8.954834e-10
110 5.730204e-10
111 3.762155e-10
112 2.497529e-10
113 1.636150e-10
114 1.033136e-10
115 6.173965e-11
116 3.460103e-11
117 1.816201e-11
118 8.993050e-12
119 4.248053e-12
120 5.385244e-09
121 3.641056e-09
122 2.346176e-09
123 1.460006e-09
124 9.141910e-10
125 5.846119e-10
126 3.836506e-10
127 2.547325e-10
128 1.670176e-10
129 1.055540e-10
130 6.315685e-11
131 3.542013e-11
132 1.860692e-11
133 9.220438e-12
134 4.361284e-12
135 5.505635e-09
136 3.725150e-09
137 2.402625e-09
138 1.495066e-09
139 9.356397e-10
140 5.980019e-10
141 3.922907e-10
142 2.604042e-10
143 1.708766e-10
144 1.081140e-10
145 6.475612e-11
146 3.636066e-11
147 1.912183e-11
148 9.481767e-12
149 4.487409e-12
150 7.906764e-09
151 5.444532e-09
152 3.576752e-09
153 2.234825e-09
154 1.385750e-09
155 8.735887e-10
156 5.664417e-10
157 3.748111e-10
158 2.478005e-10
159 1.595376e-10
160 9.786216e-11
161 5.641513e-11
162 3.041708e-11
163 1.540049e-11
164 7.400941e-12
165 9.995149e-09
166 6.970230e-09
167 4.645243e-09
168 2.932967e-09
169 1.809500e-09
170 1.131407e-09
171 7.256540e-10
172 4.770209e-10
173 3.158284e-10
174 2.052148e-10
175 1.278494e-10
176 7.513294e-11
177 4.132640e-11
178 2.130508e-11
179 1.038411e-11
180 1.121634e-08
181 7.867625e-09
182 5.274825e-09
183 3.348216e-09
184 2.062656e-09
185 1.285522e-09
186 8.202479e-10
187 5.374736e-10
188 3.558586e-10
189 2.320883e-10
190 1.455314e-10
191 8.621715e-11
192 4.783588e-11
193 2.485879e-11
194 1.219514e-11
195 1.203974e-08
196 8.473826e-09
197 5.700481e-09
198 3.629102e-09
199 2.234204e-09
200 1.389726e-09
201 8.841568e-10
202 5.783878e-10
203 3.829250e-10
204 2.502418e-10
205 1.574790e-10
206 9.372088e-11
207 5.224596e-11
208 2.726803e-11
209 1.342346e-11
210 1.263007e-08
211 8.909100e-09
212 6.007241e-09
213 3.830983e-09
214 2.357734e-09
215 1.464773e-09
216 9.301963e-10
217 6.076988e-10
218 4.023269e-10
219 2.632632e-10
220 1.660518e-10
221 9.912378e-11
222 5.542821e-11
223 2.900698e-11
224 1.431274e-11
225 1.315820e-08
226 9.296041e-09
227 6.277941e-09
228 4.010147e-09
229 2.466632e-09
230 1.531147e-09
231 9.709428e-10
232 6.338034e-10
233 4.196009e-10
234 2.748334e-10
235 1.736560e-10
236 1.038676e-10
237 5.820786e-11
238 3.052560e-11
239 1.508554e-11
240 1.359296e-08
241 9.616101e-09
242 6.503323e-09
243 4.158854e-09
244 2.557740e-09
245 1.586493e-09
246 1.004785e-09
247 6.553418e-10
248 4.339484e-10
249 2.844518e-10
250 1.799841e-10
251 1.078372e-10
252 6.054552e-11
253 3.180225e-11
254 1.573159e-11
255 1.400828e-08
256 9.921619e-09
257 6.718319e-09
258 4.301003e-09
259 2.644060e-09
260 1.638932e-09
261 1.037043e-09
262 6.759169e-10
263 4.475895e-10
264 2.935984e-10
265 1.860032e-10
266 1.116216e-10
267 6.276649e-11
268 3.301177e-11
269 1.635230e-11
270 1.449045e-08
271 1.027612e-08
272 6.967142e-09
273 4.464744e-09
274 2.743911e-09
275 1.700122e-09
276 1.074738e-09
277 6.999594e-10
278 4.633926e-10
279 3.042072e-10
280 1.929980e-10
281 1.160125e-10
282 6.533922e-11
283 3.441937e-11
284 1.706998e-11
285 1.364942e-08
286 9.712004e-09
287 6.596661e-09
288 4.256972e-09
289 2.623859e-09
290 1.624985e-09
291 1.024492e-09
292 6.645412e-10
293 4.383648e-10
294 2.873038e-10
295 1.824236e-10
296 1.100389e-10
297 6.233060e-11
298 3.305633e-11
299 1.649855e-11
300 1.606113e-08
301 1.155910e-08
302 7.922997e-09
303 5.171319e-09
304 3.199769e-09
305 1.971898e-09
306 1.233484e-09
307 7.939035e-10
308 5.217552e-10
309 3.427307e-10
310 2.193294e-10
311 1.338927e-10
312 7.693203e-11
313 4.139818e-11
314 2.093013e-11
315 1.772344e-08
316 1.284047e-08
317 8.845545e-09
318 5.809728e-09
319 3.604852e-09
320 2.215183e-09
321 1.380392e-09
322 8.845691e-10
323 5.799644e-10
324 3.813041e-10
325 2.449956e-10
326 1.505091e-10
327 8.713629e-11
328 4.725228e-11
329 2.405492e-11
330 1.893420e-08
331 1.377524e-08
332 9.517273e-09
333 6.273762e-09
334 3.900589e-09
335 2.392959e-09
336 1.487472e-09
337 9.506303e-10
338 6.224617e-10
339 4.094175e-10
340 2.637023e-10
341 1.626352e-10
342 9.459683e-11
343 5.154078e-11
344 2.634661e-11
345 1.998691e-08
346 1.458483e-08
347 1.010060e-08
348 6.676951e-09
349 4.155344e-09
350 2.546315e-09
351 1.579936e-09
352 1.007789e-09
353 6.591138e-10
354 4.337186e-10
355 2.798774e-10
356 1.730888e-10
357 1.010036e-10
358 5.521341e-11
359 2.830612e-11
360 2.087125e-08
361 1.526677e-08
362 1.059187e-08
363 7.015175e-09
364 4.370152e-09
365 2.675769e-09
366 1.657851e-09
367 1.055880e-09
368 6.900013e-10
369 4.542075e-10
370 2.934957e-10
371 1.819045e-10
372 1.064180e-10
373 5.831849e-11
374 2.996378e-11
375 2.170753e-08
376 1.591122e-08
377 1.105535e-08
378 7.336265e-09
379 4.573388e-09
380 2.798188e-09
381 1.731702e-09
382 1.101423e-09
383 7.192617e-10
384 4.736006e-10
385 3.064107e-10
386 1.902617e-10
387 1.115487e-10
388 6.126218e-11
389 3.153531e-11
390 2.268545e-08
391 1.666576e-08
392 1.159800e-08
393 7.711408e-09
394 4.811782e-09
395 2.942054e-09
396 1.818407e-09
397 1.154948e-09
398 7.535176e-10
399 4.963408e-10
400 3.215383e-10
401 2.000570e-10
402 1.175658e-10
403 6.470986e-11
404 3.337687e-11
405 1.966994e-08
406 1.441555e-08
407 1.000451e-08
408 6.632361e-09
409 4.151407e-09
410 2.542409e-09
411 1.576644e-09
412 1.002424e-09
413 6.534248e-10
414 4.291382e-10
415 2.768652e-10
416 1.715433e-10
417 1.004770e-10
418 5.520779e-11
419 2.846486e-11
420 2.233291e-08
421 1.655910e-08
422 1.158255e-08
423 7.743042e-09
424 4.888370e-09
425 2.985700e-09
426 1.843522e-09
427 1.163344e-09
428 7.540103e-10
429 4.945490e-10
430 3.202514e-10
431 1.999981e-10
432 1.184055e-10
433 6.584355e-11
434 3.434709e-11
435 2.429862e-08
436 1.815356e-08
437 1.275765e-08
438 8.574223e-09
439 5.440989e-09
440 3.318961e-09
441 2.044412e-09
442 1.284013e-09
443 8.294049e-10
444 5.434279e-10
445 3.526511e-10
446 2.212666e-10
447 1.318371e-10
448 7.383908e-11
449 3.878593e-11
450 2.599641e-08
451 1.951671e-08
452 1.376380e-08
453 9.282663e-09
454 5.910488e-09
455 3.603031e-09
456 2.215055e-09
457 1.387044e-09
458 8.935414e-10
459 5.851558e-10
460 3.802827e-10
461 2.393659e-10
462 1.432372e-10
463 8.060645e-11
464 4.253517e-11
465 2.742705e-08
466 2.067446e-08
467 1.461786e-08
468 9.882859e-09
469 6.310144e-09
470 3.844737e-09
471 2.360079e-09
472 1.474410e-09
473 9.482001e-10
474 6.205946e-10
475 4.037479e-10
476 2.547548e-10
477 1.529437e-10
478 8.637939e-11
479 4.573753e-11
480 2.878077e-08
481 2.176489e-08
482 1.542499e-08
483 1.045119e-08
484 6.688737e-09
485 4.072889e-09
486 2.497575e-09
487 1.556985e-09
488 9.997579e-10
489 6.540706e-10
490 4.259573e-10
491 2.693171e-10
492 1.621280e-10
493 9.183308e-11
494 4.876122e-11
495 3.036560e-08
496 2.304410e-08
497 1.636818e-08
498 1.111694e-08
499 7.130799e-09
500 4.339897e-09
501 2.658191e-09
502 1.653794e-09
503 1.060128e-09
504 6.932527e-10
505 4.519051e-10
506 2.863155e-10
507 1.728617e-10
508 9.821921e-11
509 5.230349e-11
510 2.601364e-08
511 1.961882e-08
512 1.388100e-08
513 9.376968e-09
514 6.000360e-09
515 3.665002e-09
516 2.251492e-09
517 1.406064e-09
518 9.030914e-10
519 5.899467e-10
520 3.830780e-10
521 2.413694e-10
522 1.448350e-10
523 8.184968e-11
524 4.341266e-11
525 2.886950e-08
526 2.202540e-08
527 1.570845e-08
528 1.068277e-08
529 6.895433e-09
530 4.218903e-09
531 2.583016e-09
532 1.602554e-09
533 1.023166e-09
534 6.661384e-10
535 4.329981e-10
536 2.742232e-10
537 1.659053e-10
538 9.470643e-11
539 5.076676e-11
540 3.131389e-08
541 2.407938e-08
542 1.726643e-08
543 1.179656e-08
544 7.656698e-09
545 4.692074e-09
546 2.865317e-09
547 1.770522e-09
548 1.125527e-09
549 7.312198e-10
550 4.755823e-10
551 3.021969e-10
552 1.838121e-10
553 1.056168e-10
554 5.700324e-11
555 3.339085e-08
556 2.582973e-08
557 1.859811e-08
558 1.274643e-08
559 8.307983e-09
560 5.095820e-09
561 3.106920e-09
562 1.914117e-09
563 1.213130e-09
564 7.867461e-10
565 5.119121e-10
566 3.260804e-10
567 1.991187e-10
568 1.149544e-10
569 6.234679e-11
570 3.536066e-08
571 2.749026e-08
572 1.986135e-08
573 1.364880e-08
574 8.926902e-09
575 5.479852e-09
576 3.336433e-09
577 2.050315e-09
578 1.296248e-09
579 8.394727e-10
580 5.464239e-10
581 3.487659e-10
582 2.136561e-10
583 1.238238e-10
584 6.742292e-11
585 3.766901e-08
586 2.943095e-08
587 2.133706e-08
588 1.470248e-08
589 9.647379e-09
590 5.927381e-09
591 3.603923e-09
592 2.209065e-09
593 1.393089e-09
594 9.008910e-10
595 5.866194e-10
596 3.751962e-10
597 2.305963e-10
598 1.341576e-10
599 7.333653e-11
600 3.264457e-08
601 2.530531e-08
602 1.826141e-08
603 1.252575e-08
604 8.178083e-09
605 5.035238e-09
606 3.067856e-09
607 1.889239e-09
608 1.195374e-09
609 7.736387e-10
610 5.025742e-10
611 3.199105e-10
612 1.954359e-10
613 1.130093e-10
614 6.145436e-11
615 3.594839e-08
616 2.818659e-08
617 2.051627e-08
618 1.415942e-08
619 9.315261e-09
620 5.766405e-09
621 3.501665e-09
622 2.146775e-09
623 1.349563e-09
624 8.693872e-10
625 5.642210e-10
626 3.602390e-10
627 2.214677e-10
628 1.291648e-10
629 7.092404e-11
630 3.878079e-08
631 3.066609e-08
632 2.246418e-08
633 1.556972e-08
634 1.029962e-08
635 6.400129e-09
636 3.878015e-09
637 2.370026e-09
638 1.483219e-09
639 9.521116e-10
640 6.174278e-10
641 3.950455e-10
642 2.439551e-10
643 1.431412e-10
644 7.913116e-11
645 4.146426e-08
646 3.301573e-08
647 2.430967e-08
648 1.690880e-08
649 1.123297e-08
650 7.001219e-09
651 4.234600e-09
652 2.581913e-09
653 1.609805e-09
654 1.030541e-09
655 6.678820e-10
656 4.280503e-10
657 2.652767e-10
658 1.563929e-10
659 8.691167e-11
660 4.460766e-08
661 3.576073e-08
662 2.646603e-08
663 1.847114e-08
664 1.232149e-08
665 7.702648e-09
666 4.651096e-09
667 2.828795e-09
668 1.757481e-09
669 1.122059e-09
670 7.267307e-10
671 4.665530e-10
672 2.901540e-10
673 1.718540e-10
674 9.599059e-11
675 4.019251e-08
676 3.199856e-08
677 2.358321e-08
678 1.641056e-08
679 1.089918e-08
680 6.813187e-09
681 4.124130e-09
682 2.516925e-09
683 1.568048e-09
684 1.002442e-09
685 6.485631e-10
686 4.149975e-10
687 2.569181e-10
688 1.514259e-10
689 8.421579e-11
690 4.393568e-08
691 3.538323e-08
692 2.633497e-08
693 1.844005e-08
694 1.233075e-08
695 7.765469e-09
696 4.693555e-09
697 2.855472e-09
698 1.767160e-09
699 1.122988e-09
700 7.245421e-10
701 4.641945e-10
702 2.887554e-10
703 1.714651e-10
704 9.622520e-11
705 4.748133e-08
706 3.860257e-08
707 2.894650e-08
708 2.037327e-08
709 1.369342e-08
710 8.672596e-09
711 5.236179e-09
712 3.177748e-09
713 1.956754e-09
714 1.237729e-09
715 7.968632e-10
716 5.109855e-10
717 3.190278e-10
718 1.905203e-10
719 1.076526e-10
720 5.163185e-08
721 4.236408e-08
722 3.199116e-08
723 2.262608e-08
724 1.528106e-08
725 9.730258e-09
726 5.869000e-09
727 3.553941e-09
728 2.177710e-09
729 1.371584e-09
730 8.811290e-10
731 5.655172e-10
732 3.543131e-10
733 2.127295e-10
734 1.209716e-10
735 4.869521e-08
736 3.982259e-08
737 3.003926e-08
738 2.123435e-08
739 1.431734e-08
740 9.118243e-09
741 5.516756e-09
742 3.343513e-09
743 2.050953e-09
744 1.292007e-09
745 8.290528e-10
746 5.309755e-10
747 3.318514e-10
748 1.987873e-10
749 1.128568e-10
750 5.331286e-08
751 4.414863e-08
752 3.368036e-08
753 2.399083e-08
754 1.628084e-08
755 1.045868e-08
756 6.339210e-09
757 3.829680e-09
758 2.333761e-09
759 1.459944e-09
760 9.323928e-10
761 5.967170e-10
762 3.741712e-10
763 2.256141e-10
764 1.292194e-10
765 5.871152e-08
766 4.920794e-08
767 3.792352e-08
768 2.720785e-08
769 1.857439e-08
770 1.202550e-08
771 7.301524e-09
772 4.398738e-09
773 2.664286e-09
774 1.656243e-09
775 1.053097e-09
776 6.734991e-10
777 4.235957e-10
778 2.569418e-10
779 1.483296e-10
780 5.925871e-08
781 4.988446e-08
782 3.866056e-08
783 2.786474e-08
784 1.907271e-08
785 1.239751e-08
786 7.567223e-09
787 4.550606e-09
788 2.751963e-09
789 1.704222e-09
790 1.079344e-09
791 6.883847e-10
792 4.326033e-10
793 2.627159e-10
794 1.521187e-10
795 6.635105e-08
796 5.675555e-08
797 4.465589e-08
798 3.255903e-08
799 2.246859e-08
800 1.475963e-08
801 9.076531e-09
802 5.436525e-09
803 3.267108e-09
804 2.003813e-09
805 1.258636e-09
806 7.996346e-10
807 5.032320e-10
808 3.074788e-10
809 1.797621e-10
810 7.615766e-08
811 6.660440e-08
812 5.364432e-08
813 3.989086e-08
814 2.789562e-08
815 1.858919e-08
816 1.162864e-08
817 6.947763e-09
818 4.151095e-09
819 2.507747e-09
820 1.550872e-09
821 9.750046e-10
822 6.118463e-10
823 3.756373e-10
824 2.220815e-10
825 5.060075e-07
826 3.695950e-07
827 2.738624e-07
828 1.704928e-07
829 1.038585e-07
830 6.152745e-08
831 3.756842e-08
832 2.410064e-08
833 1.626874e-08
834 0.000000e+00
835 0.000000e+00
836 0.000000e+00
837 0.000000e+00
838 0.000000e+00
839 0.000000e+00
840 7.609728e-07
841 5.559587e-07
842 4.123997e-07
843 2.596359e-07
844 1.577828e-07
845 9.335731e-08
846 5.689741e-08
847 3.636693e-08
848 2.448253e-08
849 0.000000e+00
850 0.000000e+00
851 0.000000e+00
852 0.000000e+00
853 0.000000e+00
854 0.000000e+00
855 9.034708e-07
856 6.601393e-07
857 4.898344e-07
858 3.095543e-07
859 1.879543e-07
860 1.111685e-07
861 6.771198e-08
862 4.322638e-08
863 2.907417e-08
864 0.000000e+00
865 0.000000e+00
866 0.000000e+00
867 0.000000e+00
868 0.000000e+00
869 0.000000e+00
870 9.993278e-07
871 7.302182e-07
872 5.419243e-07
873 3.431341e-07
874 2.082519e-07
875 1.231503e-07
876 7.498702e-08
877 4.784112e-08
878 3.216291e-08
879 0.000000e+00
880 0.000000e+00
881 0.000000e+00
882 0.000000e+00
883 0.000000e+00
884 0.000000e+00
885 1.068950e-06
886 7.811221e-07
887 5.797575e-07
888 3.675375e-07
889 2.230014e-07
890 1.318567e-07
891 8.027275e-08
892 5.119332e-08
893 3.440658e-08
894 0.000000e+00
895 0.000000e+00
896 0.000000e+00
897 0.000000e+00
898 0.000000e+00
899 0.000000e+00
900 1.129439e-06
901 8.253442e-07
902 6.126261e-07
903 3.887123e-07
904 2.358020e-07
905 1.394142e-07
906 8.486152e-08
907 5.410480e-08
908 3.635564e-08
909 0.000000e+00
910 0.000000e+00
911 0.000000e+00
912 0.000000e+00
913 0.000000e+00
914 0.000000e+00
915 1.180268e-06
916 8.625041e-07
917 6.402459e-07
918 4.065191e-07
919 2.465652e-07
920 1.457672e-07
921 8.871918e-08
922 5.655163e-08
923 3.799350e-08
924 0.000000e+00
925 0.000000e+00
926 0.000000e+00
927 0.000000e+00
928 0.000000e+00
929 0.000000e+00
930 1.228460e-06
931 8.977376e-07
932 6.664337e-07
933 4.234011e-07
934 2.567693e-07
935 1.517905e-07
936 9.237652e-08
937 5.887147e-08
938 3.954628e-08
939 0.000000e+00
940 0.000000e+00
941 0.000000e+00
942 0.000000e+00
943 0.000000e+00
944 0.000000e+00
945 1.284683e-06
946 9.388454e-07
947 6.969857e-07
948 4.430983e-07
949 2.686743e-07
950 1.588185e-07
951 9.664394e-08
952 6.157795e-08
953 4.135810e-08
954 0.000000e+00
955 0.000000e+00
956 0.000000e+00
957 0.000000e+00
958 0.000000e+00
959 0.000000e+00
960 3.380329e-07
961 2.692541e-07
962 1.953217e-07
963 1.464733e-07
964 9.064737e-08
965 5.548242e-08
966 3.224873e-08
967 1.928272e-08
968 1.208336e-08
969 7.999606e-09
970 0.000000e+00
971 0.000000e+00
972 0.000000e+00
973 0.000000e+00
974 0.000000e+00
975 5.201865e-07
976 4.171251e-07
977 3.028690e-07
978 2.269173e-07
979 1.422153e-07
980 8.671261e-08
981 5.036520e-08
982 3.007558e-08
983 1.877992e-08
984 1.239750e-08
985 0.000000e+00
986 0.000000e+00
987 0.000000e+00
988 0.000000e+00
989 0.000000e+00
990 6.448120e-07
991 5.183992e-07
992 3.765467e-07
993 2.820115e-07
994 1.775998e-07
995 1.081223e-07
996 6.278599e-08
997 3.747520e-08
998 2.336911e-08
999 1.541004e-08
1000 0.000000e+00
1001 0.000000e+00
1002 0.000000e+00
1003 0.000000e+00
1004 0.000000e+00
1005 7.366897e-07
1006 5.930680e-07
1007 4.308673e-07
1008 3.226325e-07
1009 2.036959e-07
1010 1.239097e-07
1011 7.194550e-08
1012 4.293189e-08
1013 2.675283e-08
1014 1.763114e-08
1015 0.000000e+00
1016 0.000000e+00
1017 0.000000e+00
1018 0.000000e+00
1019 0.000000e+00
1020 8.139596e-07
1021 6.558390e-07
1022 4.765327e-07
1023 3.567807e-07
1024 2.256220e-07
1025 1.371778e-07
1026 7.964314e-08
1027 4.751755e-08
1028 2.959718e-08
1029 1.949827e-08
1030 0.000000e+00
1031 0.000000e+00
1032 0.000000e+00
1033 0.000000e+00
1034 0.000000e+00
1035 8.800254e-07
1036 7.095243e-07
1037 5.155916e-07
1038 3.859857e-07
1039 2.443794e-07
1040 1.485270e-07
1041 8.622743e-08
1042 5.144028e-08
1043 3.202995e-08
1044 2.109535e-08
1045 0.000000e+00
1046 0.000000e+00
1047 0.000000e+00
1048 0.000000e+00
1049 0.000000e+00
1050 9.426736e-07
1051 7.604327e-07
1052 5.526249e-07
1053 4.136780e-07
1054 2.621647e-07
1055 1.592896e-07
1056 9.247120e-08
1057 5.515972e-08
1058 3.433673e-08
1059 2.260959e-08
1060 0.000000e+00
1061 0.000000e+00
1062 0.000000e+00
1063 0.000000e+00
1064 0.000000e+00
1065 1.015768e-06
1066 8.198310e-07
1067 5.958365e-07
1068 4.459927e-07
1069 2.829175e-07
1070 1.718473e-07
1071 9.975607e-08
1072 5.949995e-08
1073 3.702828e-08
1074 2.437647e-08
1075 0.000000e+00
1076 0.000000e+00
1077 0.000000e+00
1078 0.000000e+00
1079 0.000000e+00
1080 1.989844e-07
1081 1.809924e-07
1082 1.394580e-07
1083 1.008476e-07
1084 7.557236e-08
1085 4.369242e-08
1086 2.678045e-08
1087 1.543986e-08
1088 9.129197e-09
1089 5.679278e-09
1090 0.000000e+00
1091 0.000000e+00
1092 0.000000e+00
1093 0.000000e+00
1094 0.000000e+00
1095 3.303531e-07
1096 3.017763e-07
1097 2.334513e-07
1098 1.687153e-07
1099 1.266118e-07
1100 7.359842e-08
1101 4.522689e-08
1102 2.601450e-08
1103 1.532850e-08
1104 9.514553e-09
1105 0.000000e+00
1106 0.000000e+00
1107 0.000000e+00
1108 0.000000e+00
1109 0.000000e+00
1110 4.297263e-07
1111 3.932092e-07
1112 3.046511e-07
1113 2.201217e-07
1114 1.652763e-07
1115 9.627864e-08
1116 5.921888e-08
1117 3.403346e-08
1118 2.002698e-08
1119 1.242024e-08
1120 0.000000e+00
1121 0.000000e+00
1122 0.000000e+00
1123 0.000000e+00
1124 0.000000e+00
1125 5.118675e-07
1126 4.687719e-07
1127 3.634880e-07
1128 2.626035e-07
1129 1.972257e-07
1130 1.150174e-07
1131 7.077884e-08
1132 4.065897e-08
1133 2.390921e-08
1134 1.482137e-08
1135 0.000000e+00
1136 0.000000e+00
1137 0.000000e+00
1138 0.000000e+00
1139 0.000000e+00
1140 5.827486e-07
1141 5.339873e-07
1142 4.142683e-07
1143 2.992682e-07
1144 2.248018e-07
1145 1.311919e-07
1146 8.075741e-08
1147 4.637790e-08
1148 2.726008e-08
1149 1.689370e-08
1150 0.000000e+00
1151 0.000000e+00
1152 0.000000e+00
1153 0.000000e+00
1154 0.000000e+00
1155 6.499630e-07
1156 5.958254e-07
1157 4.624212e-07
1158 3.340351e-07
1159 2.509506e-07
1160 1.465295e-07
1161 9.021925e-08
1162 5.180077e-08
1163 3.043750e-08
1164 1.885873e-08
1165 0.000000e+00
1166 0.000000e+00
1167 0.000000e+00
1168 0.000000e+00
1169 0.000000e+00
1170 7.283846e-07
1171 6.679733e-07
1172 5.186008e-07
1173 3.745984e-07
1174 2.814577e-07
1175 1.644239e-07
1176 1.012585e-07
1177 5.812754e-08
1178 3.414473e-08
1179 2.115149e-08
1180 0.000000e+00
1181 0.000000e+00
1182 0.000000e+00
1183 0.000000e+00
1184 0.000000e+00
1185 1.322388e-07
1186 1.305395e-07
1187 1.097844e-07
1188 8.020040e-08
1189 5.957719e-08
1190 4.050074e-08
1191 2.389641e-08
1192 1.361571e-08
1193 7.871483e-09
1194 4.651234e-09
1195 2.913361e-09
1196 0.000000e+00
1197 0.000000e+00
1198 0.000000e+00
1199 0.000000e+00
1200 2.305545e-07
1201 2.282268e-07
1202 1.926455e-07
1203 1.409731e-07
1204 1.045541e-07
1205 7.156728e-08
1206 4.202166e-08
1207 2.397586e-08
1208 1.387932e-08
1209 8.186758e-09
1210 5.117542e-09
1211 0.000000e+00
1212 0.000000e+00
1213 0.000000e+00
1214 0.000000e+00
1215 3.123232e-07
1216 3.095005e-07
1217 2.616147e-07
1218 1.915693e-07
1219 1.419926e-07
1220 9.744471e-08
1221 5.711210e-08
1222 3.260331e-08
1223 1.888242e-08
1224 1.113064e-08
1225 6.952519e-09
1226 0.000000e+00
1227 0.000000e+00
1228 0.000000e+00
1229 0.000000e+00
1230 3.831935e-07
1231 3.799432e-07
1232 3.213903e-07
1233 2.354215e-07
1234 1.744400e-07
1235 1.198757e-07
1236 7.019122e-08
1237 4.008120e-08
1238 2.321897e-08
1239 1.368230e-08
1240 8.542871e-09
1241 0.000000e+00
1242 0.000000e+00
1243 0.000000e+00
1244 0.000000e+00
1245 4.503977e-07
1246 4.467362e-07
1247 3.780737e-07
1248 2.770046e-07
1249 2.052095e-07
1250 1.411454e-07
1251 8.259382e-08
1252 4.717229e-08
1253 2.733118e-08
1254 1.610194e-08
1255 1.005098e-08
1256 0.000000e+00
1257 0.000000e+00
1258 0.000000e+00
1259 0.000000e+00
1260 5.288015e-07
1261 5.246659e-07
1262 4.442070e-07
1263 3.255223e-07
1264 2.411084e-07
1265 1.659601e-07
1266 9.706421e-08
1267 5.544503e-08
1268 3.212871e-08
1269 1.892488e-08
1270 1.181051e-08
1271 0.000000e+00
1272 0.000000e+00
1273 0.000000e+00
1274 0.000000e+00
1275 9.486818e-08
1276 9.878416e-08
1277 8.940032e-08
1278 6.839874e-08
1279 4.944096e-08
1280 3.703533e-08
1281 2.092755e-08
1282 1.263947e-08
1283 7.141430e-09
1284 4.124544e-09
1285 2.469146e-09
1286 0.000000e+00
1287 0.000000e+00
1288 0.000000e+00
1289 0.000000e+00
1290 1.734451e-07
1291 1.809777e-07
1292 1.642883e-07
1293 1.260330e-07
1294 9.104380e-08
1295 6.830434e-08
1296 3.870578e-08
1297 2.345240e-08
1298 1.322147e-08
1299 7.617896e-09
1300 4.551563e-09
1301 0.000000e+00
1302 0.000000e+00
1303 0.000000e+00
1304 0.000000e+00
1305 2.424635e-07
1306 2.531894e-07
1307 2.301014e-07
1308 1.766983e-07
1309 1.276149e-07
1310 9.579447e-08
1311 5.434250e-08
1312 3.296556e-08
1313 1.856968e-08
1314 1.068970e-08
1315 6.382328e-09
1316 0.000000e+00
1317 0.000000e+00
1318 0.000000e+00
1319 0.000000e+00
1320 3.078577e-07
1321 3.216065e-07
1322 2.924568e-07
1323 2.247029e-07
1324 1.622652e-07
1325 1.218404e-07
1326 6.915697e-08
1327 4.197839e-08
1328 2.363663e-08
1329 1.359998e-08
1330 8.116900e-09
1331 0.000000e+00
1332 0.000000e+00
1333 0.000000e+00
1334 0.000000e+00
1335 3.841561e-07
1336 4.014323e-07
1337 3.652105e-07
1338 2.807097e-07
1339 2.026908e-07
1340 1.522281e-07
1341 8.644124e-08
1342 5.249408e-08
1343 2.954836e-08
1344 1.699550e-08
1345 1.014064e-08
1346 0.000000e+00
1347 0.000000e+00
1348 0.000000e+00
1349 0.000000e+00
1350 7.266874e-08
1351 7.865961e-08
1352 7.543217e-08
1353 6.113167e-08
1354 4.410312e-08
1355 3.324723e-08
1356 2.077092e-08
1357 1.273431e-08
1358 7.069742e-09
1359 3.892994e-09
1360 2.249921e-09
1361 1.368228e-09
1362 0.000000e+00
1363 0.000000e+00
1364 0.000000e+00
1365 1.384489e-07
1366 1.501060e-07
1367 1.443056e-07
1368 1.172913e-07
1369 8.467351e-08
1370 6.377072e-08
1371 4.010844e-08
1372 2.451847e-08
1373 1.361474e-08
1374 7.500721e-09
1375 4.325142e-09
1376 2.624518e-09
1377 0.000000e+00
1378 0.000000e+00
1379 0.000000e+00
1380 2.010031e-07
1381 2.180563e-07
1382 2.098198e-07
1383 1.707216e-07
1384 1.232755e-07
1385 9.281020e-08
1386 5.851418e-08
1387 3.573215e-08
1388 1.984300e-08
1389 1.093430e-08
1390 6.299816e-09
1391 3.819753e-09
1392 0.000000e+00
1393 0.000000e+00
1394 0.000000e+00
1395 2.739546e-07
1396 2.973002e-07
1397 2.862206e-07
1398 2.330303e-07
1399 1.682909e-07
1400 1.266749e-07
1401 7.997821e-08
1402 4.880901e-08
1403 2.710609e-08
1404 1.493828e-08
1405 8.602574e-09
1406 5.213599e-09
1407 0.000000e+00
1408 0.000000e+00
1409 0.000000e+00
1410 5.902142e-08
1411 6.587187e-08
1412 6.617495e-08
1413 5.684244e-08
1414 4.189843e-08
1415 3.085965e-08
1416 2.174024e-08
1417 1.240400e-08
1418 6.983217e-09
1419 3.951460e-09
1420 2.197966e-09
1421 1.281877e-09
1422 0.000000e+00
1423 0.000000e+00
1424 0.000000e+00
1425 1.179166e-07
1426 1.317883e-07
1427 1.326795e-07
1428 1.143054e-07
1429 8.439826e-08
1430 6.208368e-08
1431 4.394642e-08
1432 2.499100e-08
1433 1.410002e-08
1434 7.977360e-09
1435 4.434926e-09
1436 2.581359e-09
1437 0.000000e+00
1438 0.000000e+00
1439 0.000000e+00
1440 1.864659e-07
1441 2.085133e-07
1442 2.100928e-07
1443 1.811975e-07
1444 1.338744e-07
1445 9.843172e-08
1446 6.979941e-08
1447 3.964442e-08
1448 2.238585e-08
1449 1.266432e-08
1450 7.039246e-09
1451 4.094128e-09
1452 0.000000e+00
1453 0.000000e+00
1454 0.000000e+00
1455 5.134681e-08
1456 5.884158e-08
1457 6.150403e-08
1458 5.588182e-08
1459 4.285478e-08
1460 3.095216e-08
1461 2.324810e-08
1462 1.303351e-08
1463 7.795865e-09
1464 4.271218e-09
1465 2.354647e-09
1466 1.314759e-09
1467 0.000000e+00
1468 0.000000e+00
1469 0.000000e+00
1470 1.144183e-07
1471 1.312916e-07
1472 1.375004e-07
1473 1.252950e-07
1474 9.633715e-08
1475 6.954073e-08
1476 5.230451e-08
1477 2.941265e-08
1478 1.765429e-08
1479 9.654141e-09
1480 5.309452e-09
1481 2.958532e-09
1482 0.000000e+00
1483 0.000000e+00
1484 0.000000e+00
1485 5.361273e-08
1486 6.299737e-08
1487 6.830622e-08
1488 6.557606e-08
1489 5.317028e-08
1490 3.836544e-08
1491 2.894269e-08
1492 1.799586e-08
1493 1.095190e-08
1494 5.943163e-09
1495 3.130304e-09
1496 1.688888e-09
1497 9.405247e-10
1498 0.000000e+00
1499 0.000000e+00
1500 1.109684e-04
1501 8.086786e-05
1502 6.035546e-05
1503 3.805236e-05
1504 2.321989e-05
1505 1.369104e-05
1506 8.324421e-06
1507 5.304277e-06
1508 3.565556e-06
1509 0.000000e+00
1510 0.000000e+00
1511 0.000000e+00
1512 0.000000e+00
1513 0.000000e+00
1514 0.000000e+00
1515 5.757601e-05
1516 4.644359e-05
1517 3.369791e-05
1518 2.528332e-05
1519 1.597668e-05
1520 9.754545e-06
1521 5.648866e-06
1522 3.364481e-06
1523 2.093966e-06
1524 1.379138e-06
1525 0.000000e+00
1526 0.000000e+00
1527 0.000000e+00
1528 0.000000e+00
1529 0.000000e+00
1530 4.047788e-05
1531 3.713775e-05
1532 2.882267e-05
1533 2.080348e-05
1534 1.566222e-05
1535 9.111532e-06
1536 5.625604e-06
1537 3.225263e-06
1538 1.896511e-06
1539 1.174730e-06
1540 0.000000e+00
1541 0.000000e+00
1542 0.000000e+00
1543 0.000000e+00
1544 0.000000e+00
1545 2.912801e-05
1546 2.891312e-05
1547 2.448503e-05
1548 1.793535e-05
1549 1.328396e-05
1550 9.154542e-06
1551 5.351144e-06
1552 3.053081e-06
1553 1.771954e-06
1554 1.042590e-06
1555 6.506122e-07
1556 0.000000e+00
1557 0.000000e+00
1558 0.000000e+00
1559 0.000000e+00
1560 2.085098e-05
1561 2.179680e-05
1562 1.983793e-05
1563 1.524768e-05
1564 1.100576e-05
1565 8.274949e-06
1566 4.689296e-06
1567 2.850415e-06
1568 1.602925e-06
1569 9.233707e-07
1570 5.506294e-07
1571 0.000000e+00
1572 0.000000e+00
1573 0.000000e+00
1574 0.000000e+00
1575 1.487210e-05
1576 1.614453e-05
1577 1.554949e-05
1578 1.266314e-05
1579 9.143013e-06
1580 6.883420e-06
1581 4.347301e-06
1582 2.655947e-06
1583 1.474901e-06
1584 8.112783e-07
1585 4.673052e-07
1586 2.832009e-07
1587 0.000000e+00
1588 0.000000e+00
1589 0.000000e+00
1590 1.001028e-05
1591 1.119728e-05
1592 1.128693e-05
1593 9.739022e-06
1594 7.195644e-06
1595 5.289411e-06
1596 3.755371e-06
1597 2.130464e-06
1598 1.202339e-06
1599 6.811759e-07
1600 3.783133e-07
1601 2.200058e-07
1602 0.000000e+00
1603 0.000000e+00
1604 0.000000e+00
1605 6.201116e-06
1606 7.118100e-06
1607 7.458527e-06
1608 6.801106e-06
1609 5.231433e-06
1610 3.775220e-06
1611 2.841823e-06
1612 1.597077e-06
1613 9.596537e-07
1614 5.242846e-07
1615 2.885232e-07
1616 1.606418e-07
1617 0.000000e+00
1618 0.000000e+00
1619 0.000000e+00
1620 3.163407e-06
1621 3.720115e-06
1622 4.038202e-06
1623 3.883392e-06
1624 3.154630e-06
1625 2.276770e-06
1626 1.716871e-06
1627 1.071974e-06
1628 6.518364e-07
1629 3.538249e-07
1630 1.861971e-07
1631 1.003484e-07
1632 5.578990e-08
1633 0.000000e+00
1634 0.000000e+00
1635 8.891198e-07
1636 1.072208e-06
1637 1.206146e-06
1638 1.224576e-06
1639 1.066696e-06
1640 7.933436e-07
1641 5.815894e-07
1642 4.169104e-07
1643 2.343421e-07
1644 1.314261e-07
1645 7.164692e-08
1646 3.730540e-08
1647 1.958823e-08
1648 0.000000e+00
1649 0.000000e+00
