0 2.197331e-09
1 1.426661e-09
2 8.967406e-10
3 5.651857e-10
4 3.635650e-10
5 2.393818e-10
6 1.592116e-10
7 1.045306e-10
8 6.617353e-11
9 3.969450e-11
10 2.234092e-11
11 1.178389e-11
12 5.866852e-12
13 2.788688e-12
14 1.280949e-12
15 3.730959e-09
16 2.479296e-09
17 1.574122e-09
18 9.812498e-10
19 6.208798e-10
20 4.023740e-10
21 2.663480e-10
22 1.766235e-10
23 1.144620e-10
24 7.093428e-11
25 4.139505e-11
26 2.261702e-11
27 1.160073e-11
28 5.638601e-12
29 2.630098e-12
30 4.265430e-09
31 2.853647e-09
32 1.821535e-09
33 1.133873e-09
34 7.144990e-10
35 4.606823e-10
36 3.040576e-10
37 2.018420e-10
38 1.314369e-10
39 8.208051e-11
40 4.837783e-11
41 2.669907e-11
42 1.381810e-11
43 6.765066e-12
44 3.171935e-12
45 4.560440e-09
46 3.059660e-09
47 1.957884e-09
48 1.217977e-09
49 7.661257e-10
50 4.928687e-10
51 3.248373e-10
52 2.156799e-10
53 1.407683e-10
54 8.821406e-11
55 5.220643e-11
56 2.894296e-11
57 1.503791e-11
58 7.385910e-12
59 3.470364e-12
60 4.758089e-09
61 3.198105e-09
62 2.049291e-09
63 1.274621e-09
64 8.008486e-10
65 5.144740e-10
66 3.388010e-10
67 2.249939e-10
68 1.470164e-10
69 9.233053e-11
70 5.478622e-11
71 3.044996e-11
72 1.585966e-11
73 7.804000e-12
74 3.671405e-12
75 4.906098e-09
76 3.301814e-09
77 2.117598e-09
78 1.316836e-09
79 8.267309e-10
80 5.306121e-10
81 3.492543e-10
82 2.319731e-10
83 1.517302e-10
84 9.542224e-11
85 5.672338e-11
86 3.158194e-11
87 1.647346e-11
88 8.114985e-12
89 3.821609e-12
90 5.026197e-09
91 3.386179e-09
92 2.173306e-09
93 1.351313e-09
94 8.479023e-10
95 5.438164e-10
96 3.577793e-10
97 2.376662e-10
98 1.555294e-10
99 9.794278e-11
100 5.828832e-11
101 3.250518e-11
102 1.697722e-11
103 8.370837e-12
104 3.944379e-12
105 5.130884e-09
106 3.459289e-09
107 2.221762e-09
108 1.381040e-09
109 8.661764e-10
110 5.551767e-10
111 3.651051e-10
112 2.425849e-10
113 1.588605e-10
114 1.001194e-10
115 5.965454e-11
116 3.329627e-11
117 1.740654e-11
118 8.590285e-12
119 4.049730e-12
120 5.231059e-09
121 3.529646e-09
122 2.268577e-09
123 1.409559e-09
124 8.838831e-10
125 5.661489e-10
126 3.721912e-10
127 2.473494e-10
128 1.620819e-10
129 1.021858e-10
130 6.097757e-11
131 3.406746e-11
132 1.782795e-11
133 8.802752e-12
134 4.152192e-12
135 5.345089e-09
136 3.608838e-09
137 2.321348e-09
138 1.442651e-09
139 9.039091e-10
140 5.786794e-10
141 3.802710e-10
142 2.526459e-10
143 1.656876e-10
144 1.046269e-10
145 6.247476e-11
146 3.494728e-11
147 1.830619e-11
148 9.044759e-12
149 4.268626e-12
150 7.875292e-09
151 5.420736e-09
152 3.559221e-09
153 2.222204e-09
154 1.378109e-09
155 8.690708e-10
156 5.637513e-10
157 3.731665e-10
158 2.467454e-10
159 1.588237e-10
160 9.737582e-11
161 5.609215e-11
162 3.021571e-11
163 1.528461e-11
164 7.339285e-12
165 9.952247e-09
166 6.936262e-09
167 4.620275e-09
168 2.914413e-09
169 1.797796e-09
170 1.124474e-09
171 7.214973e-10
172 4.745955e-10
173 3.143130e-10
174 2.042081e-10
175 1.271648e-10
176 7.466996e-11
177 4.102707e-11
178 2.112748e-11
179 1.028762e-11
180 1.115121e-08
181 7.814839e-09
182 5.236072e-09
183 3.319164e-09
184 2.044200e-09
185 1.274520e-09
186 8.137094e-10
187 5.336247e-10
188 3.534352e-10
189 2.305081e-10
190 1.444558e-10
191 8.549583e-11
192 4.737186e-11
193 2.458159e-11
194 1.204261e-11
195 1.195663e-08
196 8.406067e-09
197 5.651529e-09
198 3.592411e-09
199 2.210591e-09
200 1.375642e-09
201 8.758718e-10
202 5.733697e-10
203 3.798575e-10
204 2.482166e-10
205 1.561045e-10
206 9.279350e-11
207 5.164853e-11
208 2.690975e-11
209 1.322623e-11
210 1.256024e-08
211 8.849624e-09
212 5.962256e-09
213 3.797096e-09
214 2.335089e-09
215 1.451289e-09
216 9.224876e-10
217 6.032598e-10
218 3.995837e-10
219 2.614699e-10
220 1.648166e-10
221 9.824877e-11
222 5.484516e-11
223 2.865116e-11
224 1.411297e-11
225 1.305067e-08
226 9.209270e-09
227 6.214811e-09
228 3.963096e-09
229 2.436209e-09
230 1.512686e-09
231 9.602792e-10
232 6.273665e-10
233 4.156162e-10
234 2.722260e-10
235 1.718896e-10
236 1.026781e-10
237 5.744211e-11
238 3.006383e-11
239 1.483099e-11
240 1.347703e-08
241 9.520826e-09
242 6.433323e-09
243 4.106754e-09
244 2.523628e-09
245 1.565870e-09
246 9.929286e-10
247 6.483916e-10
248 4.296075e-10
249 2.816085e-10
250 1.780596e-10
251 1.065480e-10
252 5.970953e-11
253 3.129784e-11
254 1.544991e-11
255 1.388192e-08
256 9.819246e-09
257 6.642828e-09
258 4.244732e-09
259 2.608140e-09
260 1.616906e-09
261 1.024257e-09
262 6.683609e-10
263 4.428478e-10
264 2.905241e-10
265 1.839222e-10
266 1.102203e-10
267 6.185338e-11
268 3.246683e-11
269 1.604893e-11
270 1.435002e-08
271 1.016199e-08
272 6.882789e-09
273 4.403023e-09
274 2.703855e-09
275 1.675485e-09
276 1.060647e-09
277 6.915523e-10
278 4.581754e-10
279 3.007837e-10
280 1.906700e-10
281 1.144580e-10
282 6.434542e-11
283 3.381867e-11
284 1.673578e-11
285 1.364034e-08
286 9.702896e-09
287 6.589522e-09
288 4.251259e-09
289 2.619357e-09
290 1.622531e-09
291 1.022913e-09
292 6.636655e-10
293 4.378840e-10
294 2.870188e-10
295 1.822354e-10
296 1.099045e-10
297 6.223498e-11
298 3.299282e-11
299 1.646021e-11
300 1.604530e-08
301 1.154356e-08
302 7.910190e-09
303 5.162035e-09
304 3.192817e-09
305 1.967500e-09
306 1.230951e-09
307 7.925016e-10
308 5.209294e-10
309 3.422417e-10
310 2.190063e-10
311 1.336698e-10
312 7.677758e-11
313 4.129577e-11
314 2.086745e-11
315 1.769230e-08
316 1.281059e-08
317 8.820644e-09
318 5.791841e-09
319 3.591074e-09
320 2.206821e-09
321 1.375387e-09
322 8.817586e-10
323 5.783360e-10
324 3.803245e-10
325 2.443598e-10
326 1.500732e-10
327 8.683745e-11
328 4.705753e-11
329 2.393683e-11
330 1.892891e-08
331 1.375946e-08
332 9.504638e-09
333 6.263501e-09
334 3.889713e-09
335 2.386550e-09
336 1.483730e-09
337 9.486904e-10
338 6.214707e-10
339 4.088813e-10
340 2.633645e-10
341 1.623724e-10
342 9.438233e-11
343 5.138038e-11
344 2.624003e-11
345 1.993041e-08
346 1.453144e-08
347 1.005855e-08
348 6.645598e-09
349 4.131747e-09
350 2.532325e-09
351 1.571364e-09
352 1.002904e-09
353 6.562461e-10
354 4.319918e-10
355 2.787596e-10
356 1.723332e-10
357 1.004920e-10
358 5.487917e-11
359 2.810622e-11
360 2.080566e-08
361 1.520492e-08
362 1.054262e-08
363 6.979691e-09
364 4.342857e-09
365 2.659546e-09
366 1.647918e-09
367 1.050244e-09
368 6.867297e-10
369 4.522082e-10
370 2.922004e-10
371 1.810298e-10
372 1.058269e-10
373 5.793572e-11
374 2.973289e-11
375 2.163190e-08
376 1.583965e-08
377 1.099837e-08
378 7.295008e-09
379 4.542387e-09
380 2.779259e-09
381 1.720170e-09
382 1.094917e-09
383 7.154739e-10
384 4.712844e-10
385 3.049217e-10
386 1.892537e-10
387 1.108695e-10
388 6.082338e-11
389 3.126881e-11
390 2.258932e-08
391 1.657660e-08
392 1.152807e-08
393 7.659944e-09
394 4.774118e-09
395 2.919417e-09
396 1.804493e-09
397 1.146981e-09
398 7.488545e-10
399 4.934749e-10
400 3.196745e-10
401 1.988041e-10
402 1.167168e-10
403 6.417223e-11
404 3.305413e-11
405 1.967759e-08
406 1.441974e-08
407 1.000641e-08
408 6.634003e-09
409 4.151962e-09
410 2.542331e-09
411 1.576600e-09
412 1.002508e-09
413 6.534988e-10
414 4.292334e-10
415 2.769124e-10
416 1.715873e-10
417 1.004974e-10
418 5.521279e-11
419 2.846281e-11
420 2.233903e-08
421 1.656058e-08
422 1.158159e-08
423 7.742125e-09
424 4.886740e-09
425 2.983984e-09
426 1.842574e-09
427 1.162933e-09
428 7.538242e-10
429 4.945066e-10
430 3.202474e-10
431 1.999917e-10
432 1.183895e-10
433 6.582408e-11
434 3.432884e-11
435 2.434878e-08
436 1.818155e-08
437 1.277370e-08
438 8.584103e-09
439 5.445521e-09
440 3.320880e-09
441 2.045510e-09
442 1.285050e-09
443 8.302108e-10
444 5.441014e-10
445 3.531269e-10
446 2.215590e-10
447 1.319868e-10
448 7.389974e-11
449 3.880162e-11
450 2.597781e-08
451 1.949683e-08
452 1.374481e-08
453 9.267418e-09
454 5.898623e-09
455 3.594387e-09
456 2.209956e-09
457 1.384214e-09
458 8.920840e-10
459 5.842994e-10
460 3.797810e-10
461 2.390399e-10
462 1.430088e-10
463 8.044574e-11
464 4.242695e-11
465 2.740219e-08
466 2.064504e-08
467 1.459011e-08
468 9.862255e-09
469 6.293899e-09
470 3.832875e-09
471 2.353081e-09
472 1.470547e-09
473 9.460464e-10
474 6.193826e-10
475 4.030266e-10
476 2.542856e-10
477 1.526207e-10
478 8.615580e-11
479 4.559048e-11
480 2.874766e-08
481 2.172700e-08
482 1.538894e-08
483 1.042449e-08
484 6.668436e-09
485 4.057871e-09
486 2.488948e-09
487 1.552153e-09
488 9.970380e-10
489 6.525326e-10
490 4.250484e-10
491 2.687258e-10
492 1.617234e-10
493 9.155135e-11
494 4.857774e-11
495 3.030848e-08
496 2.298444e-08
497 1.631558e-08
498 1.107825e-08
499 7.101610e-09
500 4.319511e-09
501 2.646318e-09
502 1.646997e-09
503 1.056242e-09
504 6.910094e-10
505 4.505139e-10
506 2.854087e-10
507 1.722523e-10
508 9.781456e-11
509 5.204733e-11
510 2.603861e-08
511 1.963793e-08
512 1.389392e-08
513 9.386757e-09
514 6.006440e-09
515 3.667809e-09
516 2.253569e-09
517 1.407248e-09
518 9.038282e-10
519 5.904748e-10
520 3.834425e-10
521 2.416098e-10
522 1.449839e-10
523 8.193589e-11
524 4.345793e-11
525 2.895412e-08
526 2.208961e-08
527 1.575311e-08
528 1.071376e-08
529 6.915041e-09
530 4.230077e-09
531 2.589781e-09
532 1.606825e-09
533 1.025891e-09
534 6.679858e-10
535 4.342313e-10
536 2.750213e-10
537 1.663913e-10
538 9.498193e-11
539 5.091115e-11
540 3.132972e-08
541 2.408885e-08
542 1.726978e-08
543 1.179828e-08
544 7.656696e-09
545 4.690335e-09
546 2.864720e-09
547 1.770110e-09
548 1.125514e-09
549 7.312627e-10
550 4.756695e-10
551 3.022713e-10
552 1.838536e-10
553 1.056296e-10
554 5.699954e-11
555 3.340094e-08
556 2.583262e-08
557 1.859674e-08
558 1.274311e-08
559 8.304784e-09
560 5.091903e-09
561 3.104885e-09
562 1.912583e-09
563 1.212551e-09
564 7.864958e-10
565 5.118248e-10
566 3.260461e-10
567 1.990891e-10
568 1.149208e-10
569 6.231308e-11
570 3.536151e-08
571 2.748320e-08
572 1.984953e-08
573 1.363852e-08
574 8.918857e-09
575 5.471906e-09
576 3.332076e-09
577 2.047680e-09
578 1.294876e-09
579 8.387887e-10
580 5.460804e-10
581 3.485719e-10
582 2.135234e-10
583 1.237218e-10
584 6.734502e-11
585 3.764079e-08
586 2.939621e-08
587 2.130125e-08
588 1.467614e-08
589 9.628110e-09
590 5.911979e-09
591 3.595189e-09
592 2.203715e-09
593 1.390136e-09
594 8.992578e-10
595 5.856810e-10
596 3.746176e-10
597 2.302154e-10
598 1.338997e-10
599 7.316512e-11
600 3.281922e-08
601 2.544801e-08
602 1.836213e-08
603 1.259622e-08
604 8.224943e-09
605 5.064357e-09
606 3.085023e-09
607 1.899826e-09
608 1.202062e-09
609 7.779360e-10
610 5.053785e-10
611 3.217167e-10
612 1.965538e-10
613 1.136649e-10
614 6.181543e-11
615 3.606522e-08
616 2.828101e-08
617 2.058671e-08
618 1.420758e-08
619 9.346867e-09
620 5.786061e-09
621 3.513256e-09
622 2.153728e-09
623 1.353955e-09
624 8.722229e-10
625 5.660875e-10
626 3.614572e-10
627 2.222318e-10
628 1.296184e-10
629 7.117596e-11
630 3.889969e-08
631 3.076087e-08
632 2.253355e-08
633 1.561634e-08
634 1.033023e-08
635 6.418730e-09
636 3.888871e-09
637 2.376630e-09
638 1.487302e-09
639 9.548126e-10
640 6.192489e-10
641 3.962450e-10
642 2.447088e-10
643 1.435870e-10
644 7.937579e-11
645 4.158281e-08
646 3.310806e-08
647 2.437451e-08
648 1.695248e-08
649 1.126178e-08
650 7.017570e-09
651 4.244543e-09
652 2.587453e-09
653 1.613538e-09
654 1.033048e-09
655 6.695949e-10
656 4.291906e-10
657 2.659959e-10
658 1.568140e-10
659 8.713808e-11
660 4.469872e-08
661 3.583478e-08
662 2.650976e-08
663 1.849851e-08
664 1.233893e-08
665 7.711376e-09
666 4.655868e-09
667 2.831622e-09
668 1.759530e-09
669 1.123588e-09
670 7.278379e-10
671 4.673077e-10
672 2.906261e-10
673 1.721199e-10
674 9.612301e-11
675 4.024876e-08
676 3.204647e-08
677 2.362318e-08
678 1.644060e-08
679 1.091904e-08
680 6.826677e-09
681 4.131893e-09
682 2.521534e-09
683 1.570823e-09
684 1.004119e-09
685 6.496504e-10
686 4.157330e-10
687 2.573969e-10
688 1.517258e-10
689 8.438762e-11
690 4.398916e-08
691 3.543742e-08
692 2.637616e-08
693 1.847007e-08
694 1.235128e-08
695 7.779105e-09
696 4.701420e-09
697 2.860301e-09
698 1.769954e-09
699 1.124691e-09
700 7.256521e-10
701 4.649272e-10
702 2.892327e-10
703 1.717654e-10
704 9.640338e-11
705 4.753705e-08
706 3.865154e-08
707 2.898415e-08
708 2.039873e-08
709 1.371195e-08
710 8.684589e-09
711 5.242757e-09
712 3.181762e-09
713 1.959086e-09
714 1.239255e-09
715 7.978390e-10
716 5.116449e-10
717 3.194641e-10
718 1.907944e-10
719 1.078132e-10
720 5.164889e-08
721 4.236914e-08
722 3.200212e-08
723 2.262950e-08
724 1.528338e-08
725 9.730955e-09
726 5.868401e-09
727 3.553836e-09
728 2.177657e-09
729 1.371625e-09
730 8.812242e-10
731 5.656194e-10
732 3.543939e-10
733 2.127810e-10
734 1.209978e-10
735 4.876679e-08
736 3.989147e-08
737 3.009474e-08
738 2.127611e-08
739 1.434674e-08
740 9.138403e-09
741 5.528608e-09
742 3.350896e-09
743 2.055109e-09
744 1.294536e-09
745 8.306027e-10
746 5.319725e-10
747 3.324953e-10
748 1.991957e-10
749 1.131048e-10
750 5.338930e-08
751 4.422045e-08
752 3.374031e-08
753 2.403644e-08
754 1.631302e-08
755 1.048056e-08
756 6.352374e-09
757 3.837795e-09
758 2.338301e-09
759 1.462693e-09
760 9.340775e-10
761 5.977973e-10
762 3.748715e-10
763 2.260590e-10
764 1.294907e-10
765 5.874494e-08
766 4.923657e-08
767 3.795132e-08
768 2.722718e-08
769 1.858664e-08
770 1.203381e-08
771 7.306156e-09
772 4.401570e-09
773 2.665843e-09
774 1.657200e-09
775 1.053703e-09
776 6.739014e-10
777 4.238642e-10
778 2.571161e-10
779 1.484368e-10
780 5.934948e-08
781 4.997247e-08
782 3.873679e-08
783 2.792470e-08
784 1.911575e-08
785 1.242726e-08
786 7.586070e-09
787 4.561867e-09
788 2.758382e-09
789 1.707999e-09
790 1.081614e-09
791 6.897985e-10
792 4.335049e-10
793 2.632874e-10
794 1.524711e-10
795 6.638799e-08
796 5.679250e-08
797 4.468922e-08
798 3.258507e-08
799 2.248807e-08
800 1.477338e-08
801 9.085536e-09
802 5.441758e-09
803 3.270145e-09
804 2.005556e-09
805 1.259663e-09
806 8.002619e-10
807 5.036272e-10
808 3.077300e-10
809 1.799191e-10
810 7.609722e-08
811 6.654365e-08
812 5.358876e-08
813 3.984545e-08
814 2.786198e-08
815 1.856546e-08
816 1.161279e-08
817 6.938378e-09
818 4.145601e-09
819 2.504622e-09
820 1.549062e-09
821 9.739196e-10
822 6.111749e-10
823 3.752161e-10
824 2.218199e-10
825 5.042645e-07
826 3.683132e-07
827 2.729121e-07
828 1.698397e-07
829 1.034723e-07
830 6.129969e-08
831 3.743105e-08
832 2.401500e-08
833 1.621221e-08
834 0.000000e+00
835 0.000000e+00
836 0.000000e+00
837 0.000000e+00
838 0.000000e+00
839 0.000000e+00
840 7.612905e-07
841 5.561909e-07
842 4.125723e-07
843 2.597472e-07
844 1.578501e-07
845 9.339700e-08
846 5.692151e-08
847 3.638221e-08
848 2.449277e-08
849 0.000000e+00
850 0.000000e+00
851 0.000000e+00
852 0.000000e+00
853 0.000000e+00
854 0.000000e+00
855 9.038812e-07
856 6.604393e-07
857 4.900574e-07
858 3.096981e-07
859 1.880412e-07
860 1.112198e-07
861 6.774313e-08
862 4.324613e-08
863 2.908739e-08
864 0.000000e+00
865 0.000000e+00
866 0.000000e+00
867 0.000000e+00
868 0.000000e+00
869 0.000000e+00
870 9.997565e-07
871 7.305316e-07
872 5.421572e-07
873 3.432842e-07
874 2.083426e-07
875 1.232039e-07
876 7.501955e-08
877 4.786175e-08
878 3.217672e-08
879 0.000000e+00
880 0.000000e+00
881 0.000000e+00
882 0.000000e+00
883 0.000000e+00
884 0.000000e+00
885 1.071620e-06
886 7.830730e-07
887 5.812058e-07
888 3.684581e-07
889 2.235597e-07
890 1.321867e-07
891 8.047356e-08
892 5.132127e-08
893 3.449252e-08
894 0.000000e+00
895 0.000000e+00
896 0.000000e+00
897 0.000000e+00
898 0.000000e+00
899 0.000000e+00
900 1.129852e-06
901 8.256463e-07
902 6.128506e-07
903 3.888571e-07
904 2.358895e-07
905 1.394658e-07
906 8.489289e-08
907 5.412470e-08
908 3.636896e-08
909 0.000000e+00
910 0.000000e+00
911 0.000000e+00
912 0.000000e+00
913 0.000000e+00
914 0.000000e+00
915 1.180659e-06
916 8.627893e-07
917 6.404579e-07
918 4.066558e-07
919 2.466479e-07
920 1.458160e-07
921 8.874881e-08
922 5.657042e-08
923 3.800607e-08
924 0.000000e+00
925 0.000000e+00
926 0.000000e+00
927 0.000000e+00
928 0.000000e+00
929 0.000000e+00
930 1.228829e-06
931 8.980074e-07
932 6.666342e-07
933 4.235304e-07
934 2.568475e-07
935 1.518366e-07
936 9.240453e-08
937 5.888924e-08
938 3.955817e-08
939 0.000000e+00
940 0.000000e+00
941 0.000000e+00
942 0.000000e+00
943 0.000000e+00
944 0.000000e+00
945 1.284512e-06
946 9.387201e-07
947 6.968926e-07
948 4.430382e-07
949 2.686380e-07
950 1.587971e-07
951 9.663092e-08
952 6.156969e-08
953 4.135258e-08
954 0.000000e+00
955 0.000000e+00
956 0.000000e+00
957 0.000000e+00
958 0.000000e+00
959 0.000000e+00
960 3.372130e-07
961 2.685446e-07
962 1.947991e-07
963 1.460879e-07
964 9.037113e-08
965 5.532281e-08
966 3.215598e-08
967 1.922762e-08
968 1.205016e-08
969 7.978362e-09
970 0.000000e+00
971 0.000000e+00
972 0.000000e+00
973 0.000000e+00
974 0.000000e+00
975 5.207102e-07
976 4.175495e-07
977 3.031781e-07
978 2.271486e-07
979 1.423635e-07
980 8.680241e-08
981 5.041728e-08
982 3.010663e-08
983 1.879917e-08
984 1.241014e-08
985 0.000000e+00
986 0.000000e+00
987 0.000000e+00
988 0.000000e+00
989 0.000000e+00
990 6.453690e-07
991 5.188514e-07
992 3.768756e-07
993 2.822577e-07
994 1.777578e-07
995 1.082179e-07
996 6.284145e-08
997 3.750824e-08
998 2.338960e-08
999 1.542349e-08
1000 0.000000e+00
1001 0.000000e+00
1002 0.000000e+00
1003 0.000000e+00
1004 0.000000e+00
1005 7.387870e-07
1006 5.947605e-07
1007 4.320974e-07
1008 3.235532e-07
1009 2.042798e-07
1010 1.242644e-07
1011 7.215141e-08
1012 4.305471e-08
1013 2.682920e-08
1014 1.768146e-08
1015 0.000000e+00
1016 0.000000e+00
1017 0.000000e+00
1018 0.000000e+00
1019 0.000000e+00
1020 8.144937e-07
1021 6.562733e-07
1022 4.768484e-07
1023 3.570168e-07
1024 2.257736e-07
1025 1.372695e-07
1026 7.969636e-08
1027 4.754926e-08
1028 2.961685e-08
1029 1.951118e-08
1030 0.000000e+00
1031 0.000000e+00
1032 0.000000e+00
1033 0.000000e+00
1034 0.000000e+00
1035 8.805365e-07
1036 7.099396e-07
1037 5.158937e-07
1038 3.862116e-07
1039 2.445245e-07
1040 1.486148e-07
1041 8.627836e-08
1042 5.147063e-08
1043 3.204877e-08
1044 2.110770e-08
1045 0.000000e+00
1046 0.000000e+00
1047 0.000000e+00
1048 0.000000e+00
1049 0.000000e+00
1050 9.431538e-07
1051 7.608229e-07
1052 5.529088e-07
1053 4.138903e-07
1054 2.623010e-07
1055 1.593720e-07
1056 9.251904e-08
1057 5.518822e-08
1058 3.435441e-08
1059 2.262120e-08
1060 0.000000e+00
1061 0.000000e+00
1062 0.000000e+00
1063 0.000000e+00
1064 0.000000e+00
1065 1.015544e-06
1066 8.196492e-07
1067 5.957043e-07
1068 4.458938e-07
1069 2.828541e-07
1070 1.718089e-07
1071 9.973378e-08
1072 5.948667e-08
1073 3.702004e-08
1074 2.437107e-08
1075 0.000000e+00
1076 0.000000e+00
1077 0.000000e+00
1078 0.000000e+00
1079 0.000000e+00
1080 1.984488e-07
1081 1.804752e-07
1082 1.390360e-07
1083 1.005448e-07
1084 7.534196e-08
1085 4.354816e-08
1086 2.668990e-08
1087 1.538891e-08
1088 9.100456e-09
1089 5.661890e-09
1090 0.000000e+00
1091 0.000000e+00
1092 0.000000e+00
1093 0.000000e+00
1094 0.000000e+00
1095 3.309452e-07
1096 3.023208e-07
1097 2.338749e-07
1098 1.690212e-07
1099 1.268419e-07
1100 7.373321e-08
1101 4.531004e-08
1102 2.606217e-08
1103 1.535644e-08
1104 9.531828e-09
1105 0.000000e+00
1106 0.000000e+00
1107 0.000000e+00
1108 0.000000e+00
1109 0.000000e+00
1110 4.312184e-07
1111 3.945775e-07
1112 3.057131e-07
1113 2.208890e-07
1114 1.658528e-07
1115 9.661541e-08
1116 5.942627e-08
1117 3.415251e-08
1118 2.009691e-08
1119 1.246357e-08
1120 0.000000e+00
1121 0.000000e+00
1122 0.000000e+00
1123 0.000000e+00
1124 0.000000e+00
1125 5.124419e-07
1126 4.693004e-07
1127 3.638995e-07
1128 2.629007e-07
1129 1.974492e-07
1130 1.151484e-07
1131 7.085970e-08
1132 4.070531e-08
1133 2.393636e-08
1134 1.483817e-08
1135 0.000000e+00
1136 0.000000e+00
1137 0.000000e+00
1138 0.000000e+00
1139 0.000000e+00
1140 5.832969e-07
1141 5.344921e-07
1142 4.146611e-07
1143 2.995518e-07
1144 2.250151e-07
1145 1.313170e-07
1146 8.083459e-08
1147 4.642214e-08
1148 2.728600e-08
1149 1.690973e-08
1150 0.000000e+00
1151 0.000000e+00
1152 0.000000e+00
1153 0.000000e+00
1154 0.000000e+00
1155 6.504757e-07
1156 5.962971e-07
1157 4.627885e-07
1158 3.343003e-07
1159 2.511501e-07
1160 1.466465e-07
1161 9.029143e-08
1162 5.184214e-08
1163 3.046173e-08
1164 1.887372e-08
1165 0.000000e+00
1166 0.000000e+00
1167 0.000000e+00
1168 0.000000e+00
1169 0.000000e+00
1170 7.281445e-07
1171 6.677524e-07
1172 5.184288e-07
1173 3.744742e-07
1174 2.813643e-07
1175 1.643692e-07
1176 1.012247e-07
1177 5.810818e-08
1178 3.413339e-08
1179 2.114447e-08
1180 0.000000e+00
1181 0.000000e+00
1182 0.000000e+00
1183 0.000000e+00
1184 0.000000e+00
1185 1.319647e-07
1186 1.302543e-07
1187 1.095279e-07
1188 8.000719e-08
1189 5.943759e-08
1190 4.039445e-08
1191 2.383858e-08
1192 1.358179e-08
1193 7.851511e-09
1194 4.639738e-09
1195 2.906424e-09
1196 0.000000e+00
1197 0.000000e+00
1198 0.000000e+00
1199 0.000000e+00
1200 2.316329e-07
1201 2.292964e-07
1202 1.935508e-07
1203 1.416364e-07
1204 1.050457e-07
1205 7.190553e-08
1206 4.221953e-08
1207 2.408891e-08
1208 1.394481e-08
1209 8.225322e-09
1210 5.141619e-09
1211 0.000000e+00
1212 0.000000e+00
1213 0.000000e+00
1214 0.000000e+00
1215 3.128970e-07
1216 3.100709e-07
1217 2.620988e-07
1218 1.919244e-07
1219 1.422554e-07
1220 9.762634e-08
1221 5.721801e-08
1222 3.266386e-08
1223 1.891754e-08
1224 1.115130e-08
1225 6.965400e-09
1226 0.000000e+00
1227 0.000000e+00
1228 0.000000e+00
1229 0.000000e+00
1230 3.837402e-07
1231 3.804866e-07
1232 3.218511e-07
1233 2.357598e-07
1234 1.746903e-07
1235 1.200487e-07
1236 7.029211e-08
1237 4.013888e-08
1238 2.325242e-08
1239 1.370200e-08
1240 8.555140e-09
1241 0.000000e+00
1242 0.000000e+00
1243 0.000000e+00
1244 0.000000e+00
1245 4.509118e-07
1246 4.472471e-07
1247 3.785072e-07
1248 2.773226e-07
1249 2.054448e-07
1250 1.413081e-07
1251 8.268868e-08
1252 4.722652e-08
1253 2.736263e-08
1254 1.612045e-08
1255 1.006251e-08
1256 0.000000e+00
1257 0.000000e+00
1258 0.000000e+00
1259 0.000000e+00
1260 5.285626e-07
1261 5.244291e-07
1262 4.440054e-07
1263 3.253745e-07
1264 2.409990e-07
1265 1.658844e-07
1266 9.702011e-08
1267 5.541981e-08
1268 3.211409e-08
1269 1.891628e-08
1270 1.180514e-08
1271 0.000000e+00
1272 0.000000e+00
1273 0.000000e+00
1274 0.000000e+00
1275 9.503290e-08
1276 9.894930e-08
1277 8.953983e-08
1278 6.849826e-08
1279 4.951405e-08
1280 3.708822e-08
1281 2.095498e-08
1282 1.265468e-08
1283 7.150528e-09
1284 4.130191e-09
1285 2.472694e-09
1286 0.000000e+00
1287 0.000000e+00
1288 0.000000e+00
1289 0.000000e+00
1290 1.740118e-07
1291 1.815709e-07
1292 1.648285e-07
1293 1.264489e-07
1294 9.134402e-08
1295 6.853003e-08
1296 3.883419e-08
1297 2.353051e-08
1298 1.326540e-08
1299 7.643124e-09
1300 4.566593e-09
1301 0.000000e+00
1302 0.000000e+00
1303 0.000000e+00
1304 0.000000e+00
1305 2.429953e-07
1306 2.537455e-07
1307 2.306081e-07
1308 1.770885e-07
1309 1.278965e-07
1310 9.600619e-08
1311 5.446293e-08
1312 3.303879e-08
1313 1.861087e-08
1314 1.071336e-08
1315 6.396428e-09
1316 0.000000e+00
1317 0.000000e+00
1318 0.000000e+00
1319 0.000000e+00
1320 3.083582e-07
1321 3.221301e-07
1322 2.929340e-07
1323 2.250703e-07
1324 1.625304e-07
1325 1.220398e-07
1326 6.927036e-08
1327 4.204731e-08
1328 2.367541e-08
1329 1.362225e-08
1330 8.130176e-09
1331 0.000000e+00
1332 0.000000e+00
1333 0.000000e+00
1334 0.000000e+00
1335 3.839236e-07
1336 4.011891e-07
1337 3.649888e-07
1338 2.805390e-07
1339 2.025676e-07
1340 1.521354e-07
1341 8.638856e-08
1342 5.246203e-08
1343 2.953034e-08
1344 1.698515e-08
1345 1.013447e-08
1346 0.000000e+00
1347 0.000000e+00
1348 0.000000e+00
1349 0.000000e+00
1350 7.283699e-08
1351 7.883842e-08
1352 7.559953e-08
1353 6.126261e-08
1354 4.419685e-08
1355 3.331876e-08
1356 2.081215e-08
1357 1.276064e-08
1358 7.084314e-09
1359 3.900907e-09
1360 2.254630e-09
1361 1.371165e-09
1362 0.000000e+00
1363 0.000000e+00
1364 0.000000e+00
1365 1.389660e-07
1366 1.506681e-07
1367 1.448475e-07
1368 1.177333e-07
1369 8.499290e-08
1370 6.401087e-08
1371 4.026081e-08
1372 2.461128e-08
1373 1.366627e-08
1374 7.529141e-09
1375 4.341483e-09
1376 2.634407e-09
1377 0.000000e+00
1378 0.000000e+00
1379 0.000000e+00
1380 2.014812e-07
1381 2.185756e-07
1382 2.103197e-07
1383 1.711299e-07
1384 1.235706e-07
1385 9.303210e-08
1386 5.865483e-08
1387 3.581784e-08
1388 1.989060e-08
1389 1.096054e-08
1390 6.314905e-09
1391 3.828887e-09
1392 0.000000e+00
1393 0.000000e+00
1394 0.000000e+00
1395 2.737308e-07
1396 2.970570e-07
1397 2.859862e-07
1398 2.328391e-07
1399 1.681528e-07
1400 1.265710e-07
1401 7.991235e-08
1402 4.876888e-08
1403 2.708381e-08
1404 1.492599e-08
1405 8.595508e-09
1406 5.209319e-09
1407 0.000000e+00
1408 0.000000e+00
1409 0.000000e+00
1410 5.933867e-08
1411 6.622527e-08
1412 6.652897e-08
1413 5.714510e-08
1414 4.212077e-08
1415 3.102375e-08
1416 2.185514e-08
1417 1.246979e-08
1418 7.020108e-09
1419 3.972387e-09
1420 2.209600e-09
1421 1.288682e-09
1422 0.000000e+00
1423 0.000000e+00
1424 0.000000e+00
1425 1.183691e-07
1426 1.322951e-07
1427 1.331908e-07
1428 1.147471e-07
1429 8.472505e-08
1430 6.232375e-08
1431 4.411726e-08
1432 2.508780e-08
1433 1.415476e-08
1434 8.008321e-09
1435 4.452130e-09
1436 2.591348e-09
1437 0.000000e+00
1438 0.000000e+00
1439 0.000000e+00
1440 1.862563e-07
1441 2.082786e-07
1442 2.098561e-07
1443 1.809929e-07
1444 1.337231e-07
1445 9.832057e-08
1446 6.972036e-08
1447 3.959961e-08
1448 2.236051e-08
1449 1.264999e-08
1450 7.031283e-09
1451 4.089502e-09
1452 0.000000e+00
1453 0.000000e+00
1454 0.000000e+00
1455 5.172612e-08
1456 5.927666e-08
1457 6.195938e-08
1458 5.629663e-08
1459 4.317340e-08
1460 3.118221e-08
1461 2.342112e-08
1462 1.313063e-08
1463 7.854119e-09
1464 4.303086e-09
1465 2.372199e-09
1466 1.324541e-09
1467 0.000000e+00
1468 0.000000e+00
1469 0.000000e+00
1470 1.142263e-07
1471 1.310711e-07
1472 1.372691e-07
1473 1.250837e-07
1474 9.617434e-08
1475 6.942326e-08
1476 5.221606e-08
1477 2.936279e-08
1478 1.762428e-08
1479 9.637754e-09
1480 5.300457e-09
1481 2.953528e-09
1482 0.000000e+00
1483 0.000000e+00
1484 0.000000e+00
1485 5.345192e-08
1486 6.280822e-08
1487 6.810049e-08
1488 6.537780e-08
1489 5.300875e-08
1490 3.824877e-08
1491 2.885486e-08
1492 1.794059e-08
1493 1.091843e-08
1494 5.924981e-09
1495 3.120707e-09
1496 1.683733e-09
1497 9.376656e-10
1498 0.000000e+00
1499 0.000000e+00
1500 1.109684e-04
1501 8.086786e-05
1502 6.035546e-05
1503 3.805236e-05
1504 2.321989e-05
1505 1.369104e-05
1506 8.324421e-06
1507 5.304277e-06
1508 3.565556e-06
1509 0.000000e+00
1510 0.000000e+00
1511 0.000000e+00
1512 0.000000e+00
1513 0.000000e+00
1514 0.000000e+00
1515 5.757601e-05
1516 4.644359e-05
1517 3.369791e-05
1518 2.528332e-05
1519 1.597668e-05
1520 9.754545e-06
1521 5.648866e-06
1522 3.364481e-06
1523 2.093966e-06
1524 1.379138e-06
1525 0.000000e+00
1526 0.000000e+00
1527 0.000000e+00
1528 0.000000e+00
1529 0.000000e+00
1530 4.047788e-05
1531 3.713775e-05
1532 2.882267e-05
1533 2.080348e-05
1534 1.566222e-05
1535 9.111532e-06
1536 5.625604e-06
1537 3.225263e-06
1538 1.896511e-06
1539 1.174730e-06
1540 0.000000e+00
1541 0.000000e+00
1542 0.000000e+00
1543 0.000000e+00
1544 0.000000e+00
1545 2.912801e-05
1546 2.891312e-05
1547 2.448503e-05
1548 1.793535e-05
1549 1.328396e-05
1550 9.154542e-06
1551 5.351144e-06
1552 3.053081e-06
1553 1.771954e-06
1554 1.042590e-06
1555 6.506122e-07
1556 0.000000e+00
1557 0.000000e+00
1558 0.000000e+00
1559 0.000000e+00
1560 2.085098e-05
1561 2.179680e-05
1562 1.983793e-05
1563 1.524768e-05
1564 1.100576e-05
1565 8.274949e-06
1566 4.689296e-06
1567 2.850415e-06
1568 1.602925e-06
1569 9.233707e-07
1570 5.506294e-07
1571 0.000000e+00
1572 0.000000e+00
1573 0.000000e+00
1574 0.000000e+00
1575 1.487210e-05
1576 1.614453e-05
1577 1.554949e-05
1578 1.266314e-05
1579 9.143013e-06
1580 6.883420e-06
1581 4.347301e-06
1582 2.655947e-06
1583 1.474901e-06
1584 8.112783e-07
1585 4.673052e-07
1586 2.832009e-07
1587 0.000000e+00
1588 0.000000e+00
1589 0.000000e+00
1590 1.001028e-05
1591 1.119728e-05
1592 1.128693e-05
1593 9.739022e-06
1594 7.195644e-06
1595 5.289411e-06
1596 3.755371e-06
1597 2.130464e-06
1598 1.202339e-06
1599 6.811759e-07
1600 3.783133e-07
1601 2.200058e-07
1602 0.000000e+00
1603 0.000000e+00
1604 0.000000e+00
1605 6.201116e-06
1606 7.118100e-06
1607 7.458527e-06
1608 6.801106e-06
1609 5.231433e-06
1610 3.775220e-06
1611 2.841823e-06
1612 1.597077e-06
1613 9.596537e-07
1614 5.242846e-07
1615 2.885232e-07
1616 1.606418e-07
1617 0.000000e+00
1618 0.000000e+00
1619 0.000000e+00
1620 3.163407e-06
1621 3.720115e-06
1622 4.038202e-06
1623 3.883392e-06
1624 3.154630e-06
1625 2.276770e-06
1626 1.716871e-06
1627 1.071974e-06
1628 6.518364e-07
1629 3.538249e-07
1630 1.861971e-07
1631 1.003484e-07
1632 5.578990e-08
1633 0.000000e+00
1634 0.000000e+00
1635 8.891198e-07
1636 1.072208e-06
1637 1.206146e-06
1638 1.224576e-06
1639 1.066696e-06
1640 7.933436e-07
1641 5.815894e-07
1642 4.169104e-07
1643 2.343421e-07
1644 1.314261e-07
1645 7.164692e-08
1646 3.730540e-08
1647 1.958823e-08
1648 0.000000e+00
1649 0.000000e+00
