0 1.766213e-09
1 1.133103e-09
2 7.100987e-10
3 4.510616e-10
4 2.927261e-10
5 1.941997e-10
6 1.292985e-10
7 8.429329e-11
8 5.262977e-11
9 3.099241e-11
10 1.708946e-11
11 8.839372e-12
12 4.330096e-12
13 2.033907e-12
14 9.273564e-13
15 3.064840e-09
16 2.005677e-09
17 1.253326e-09
18 7.818785e-10
19 4.992736e-10
20 3.277235e-10
21 2.188563e-10
22 1.451913e-10
23 9.322754e-11
24 5.675428e-11
25 3.232967e-11
26 1.718125e-11
27 8.573828e-12
28 4.072156e-12
29 1.866901e-12
30 3.308727e-09
31 2.166621e-09
32 1.349138e-09
33 8.341627e-10
34 5.322167e-10
35 3.491728e-10
36 2.339765e-10
37 1.560589e-10
38 1.006970e-10
39 6.151039e-11
40 3.507569e-11
41 1.859650e-11
42 9.220342e-12
43 4.340928e-12
44 1.971561e-12
45 3.454236e-09
46 2.262672e-09
47 1.406671e-09
48 8.660347e-10
49 5.522483e-10
50 3.622500e-10
51 2.431791e-10
52 1.625148e-10
53 1.051297e-10
54 6.433077e-11
55 3.670196e-11
56 1.943139e-11
57 9.605185e-12
58 4.501457e-12
59 2.035961e-12
60 3.551281e-09
61 2.326160e-09
62 1.444386e-09
63 8.868875e-10
64 5.653573e-10
65 3.708868e-10
66 2.492515e-10
67 1.668485e-10
68 1.080754e-10
69 6.621349e-11
70 3.779508e-11
71 1.999102e-11
72 9.859542e-12
73 4.606861e-12
74 2.077025e-12
75 3.624042e-09
76 2.374332e-09
77 1.473381e-09
78 9.028165e-10
79 5.753408e-10
80 3.775367e-10
81 2.538437e-10
82 1.700704e-10
83 1.103172e-10
84 6.763991e-11
85 3.860967e-11
86 2.042226e-11
87 1.005724e-11
88 4.689232e-12
89 2.109848e-12
90 3.684140e-09
91 2.413791e-09
92 1.496884e-09
93 9.161524e-10
94 5.836423e-10
95 3.828149e-10
96 2.576077e-10
97 1.727792e-10
98 1.121886e-10
99 6.882352e-11
100 3.930197e-11
101 2.076982e-11
102 1.021913e-11
103 4.757062e-12
104 2.136098e-12
105 3.735613e-09
106 2.447059e-09
107 1.517043e-09
108 9.273315e-10
109 5.905797e-10
110 3.873904e-10
111 2.608249e-10
112 1.750487e-10
113 1.136702e-10
114 6.976671e-11
115 3.983211e-11
116 2.105331e-11
117 1.035252e-11
118 4.811533e-12
119 2.154828e-12
120 3.785663e-09
121 2.480313e-09
122 1.537094e-09
123 9.382178e-10
124 5.974293e-10
125 3.918441e-10
126 2.638977e-10
127 1.772964e-10
128 1.152461e-10
129 7.077967e-11
130 4.043025e-11
131 2.134948e-11
132 1.048519e-11
133 4.869055e-12
134 2.181087e-12
135 3.841045e-09
136 2.516342e-09
137 1.558986e-09
138 9.505170e-10
139 6.051193e-10
140 3.968874e-10
141 2.674457e-10
142 1.797405e-10
143 1.169932e-10
144 7.189830e-11
145 4.106681e-11
146 2.167545e-11
147 1.063802e-11
148 4.931705e-12
149 2.205239e-12
150 7.734938e-09
151 5.307864e-09
152 3.470862e-09
153 2.155422e-09
154 1.339558e-09
155 8.460372e-10
156 5.508158e-10
157 3.655772e-10
158 2.418631e-10
159 1.553945e-10
160 9.488204e-11
161 5.433199e-11
162 2.906640e-11
163 1.460624e-11
164 6.976354e-12
165 9.604496e-09
166 6.658157e-09
167 4.414303e-09
168 2.760976e-09
169 1.703021e-09
170 1.066903e-09
171 6.885224e-10
172 4.548585e-10
173 3.019005e-10
174 1.958804e-10
175 1.214183e-10
176 7.076003e-11
177 3.851305e-11
178 1.963357e-11
179 9.474060e-12
180 1.056765e-08
181 7.342100e-09
182 4.885381e-09
183 3.059226e-09
184 1.878233e-09
185 1.174835e-09
186 7.556793e-10
187 4.991777e-10
188 3.319549e-10
189 2.163202e-10
190 1.347577e-10
191 7.891825e-11
192 4.311296e-11
193 2.202861e-11
194 1.063635e-11
195 1.121780e-08
196 7.803979e-09
197 5.205196e-09
198 3.261970e-09
199 1.997523e-09
200 1.247935e-09
201 8.012814e-10
202 5.292296e-10
203 3.523734e-10
204 2.301298e-10
205 1.437732e-10
206 8.444461e-11
207 4.624810e-11
208 2.366035e-11
209 1.142784e-11
210 1.170142e-08
211 8.147389e-09
212 5.442525e-09
213 3.410914e-09
214 2.086251e-09
215 1.301911e-09
216 8.349797e-10
217 5.513912e-10
218 3.674445e-10
219 2.403575e-10
220 1.504432e-10
221 8.853692e-11
222 4.855052e-11
223 2.485529e-11
224 1.200751e-11
225 1.209510e-08
226 8.426248e-09
227 5.634461e-09
228 3.533734e-09
229 2.157232e-09
230 1.345893e-09
231 8.623726e-10
232 5.694508e-10
233 3.797537e-10
234 2.486767e-10
235 1.558805e-10
236 9.184682e-11
237 5.042909e-11
238 2.583050e-11
239 1.247977e-11
240 1.243533e-08
241 8.667803e-09
242 5.802019e-09
243 3.639619e-09
244 2.219430e-09
245 1.384222e-09
246 8.861852e-10
247 5.850530e-10
248 3.904312e-10
249 2.559240e-10
250 1.606108e-10
251 9.473999e-11
252 5.206491e-11
253 2.668514e-11
254 1.288717e-11
255 1.276514e-08
256 8.900796e-09
257 5.962968e-09
258 3.742848e-09
259 2.279408e-09
260 1.421219e-09
261 9.091768e-10
262 6.001629e-10
263 4.007676e-10
264 2.628790e-10
265 1.651531e-10
266 9.752730e-11
267 5.363779e-11
268 2.749957e-11
269 1.328799e-11
270 1.314213e-08
271 9.170040e-09
272 6.148764e-09
273 3.859097e-09
274 2.348308e-09
275 1.463164e-09
276 9.357918e-10
277 6.176650e-10
278 4.125296e-10
279 2.709166e-10
280 1.704054e-10
281 1.007497e-10
282 5.544997e-11
283 2.844337e-11
284 1.374446e-11
285 1.346557e-08
286 9.553785e-09
287 6.479711e-09
288 4.170743e-09
289 2.563799e-09
290 1.589965e-09
291 1.003837e-09
292 6.523384e-10
293 4.309568e-10
294 2.825433e-10
295 1.792274e-10
296 1.078747e-10
297 6.090968e-11
298 3.217979e-11
299 1.600019e-11
300 1.576341e-08
301 1.129609e-08
302 7.723651e-09
303 5.025827e-09
304 3.094398e-09
305 1.910264e-09
306 1.196360e-09
307 7.723194e-10
308 5.088573e-10
309 3.346058e-10
310 2.139491e-10
311 1.302602e-10
312 7.452729e-11
313 3.988869e-11
314 2.005172e-11
315 1.722740e-08
316 1.239454e-08
317 8.502517e-09
318 5.559860e-09
319 3.422053e-09
320 2.106417e-09
321 1.314650e-09
322 8.465243e-10
323 5.574324e-10
324 3.672632e-10
325 2.357772e-10
326 1.443060e-10
327 8.301918e-11
328 4.464654e-11
329 2.252115e-11
330 1.832979e-08
331 1.322161e-08
332 9.086612e-09
333 5.958967e-09
334 3.668125e-09
335 2.253487e-09
336 1.403282e-09
337 9.023324e-10
338 5.939668e-10
339 3.918103e-10
340 2.521608e-10
341 1.548468e-10
342 8.939540e-11
343 4.822501e-11
344 2.438013e-11
345 1.922250e-08
346 1.389098e-08
347 9.560720e-09
348 6.283986e-09
349 3.867538e-09
350 2.372849e-09
351 1.475068e-09
352 9.472884e-10
353 6.234043e-10
354 4.115673e-10
355 2.654396e-10
356 1.633907e-10
357 9.455912e-11
358 5.110989e-11
359 2.587745e-11
360 1.999720e-08
361 1.447204e-08
362 9.974181e-09
363 6.565622e-09
364 4.039588e-09
365 2.476630e-09
366 1.537461e-09
367 9.864493e-10
368 6.490692e-10
369 4.288465e-10
370 2.769347e-10
371 1.707854e-10
372 9.902745e-11
373 5.362207e-11
374 2.718047e-11
375 2.073191e-08
376 1.502301e-08
377 1.036410e-08
378 6.833288e-09
379 4.203241e-09
380 2.574938e-09
381 1.596698e-09
382 1.023605e-09
383 6.733890e-10
384 4.452036e-10
385 2.878794e-10
386 1.778225e-10
387 1.032796e-10
388 5.600476e-11
389 2.841757e-11
390 2.159457e-08
391 1.567106e-08
392 1.082294e-08
393 7.147452e-09
394 4.396530e-09
395 2.691214e-09
396 1.666723e-09
397 1.067528e-09
398 7.020321e-10
399 4.644936e-10
400 3.007701e-10
401 1.861211e-10
402 1.082998e-10
403 5.881486e-11
404 2.987729e-11
405 1.954149e-08
406 1.429497e-08
407 9.908613e-09
408 6.563149e-09
409 4.099356e-09
410 2.510626e-09
411 1.557083e-09
412 9.912971e-10
413 6.469747e-10
414 4.251988e-10
415 2.743216e-10
416 1.698410e-10
417 9.933868e-11
418 5.447485e-11
419 2.802286e-11
420 2.212565e-08
421 1.635936e-08
422 1.141885e-08
423 7.624016e-09
424 4.799474e-09
425 2.928116e-09
426 1.808940e-09
427 1.143630e-09
428 7.425979e-10
429 4.877027e-10
430 3.159052e-10
431 1.971186e-10
432 1.164810e-10
433 6.459356e-11
434 3.358119e-11
435 2.399260e-08
436 1.784332e-08
437 1.249439e-08
438 8.379892e-09
439 5.294633e-09
440 3.220807e-09
441 1.986404e-09
442 1.250951e-09
443 8.104879e-10
444 5.322684e-10
445 3.456577e-10
446 2.166412e-10
447 1.287179e-10
448 7.178099e-11
449 3.750115e-11
450 2.551839e-08
451 1.904838e-08
452 1.337183e-08
453 8.995093e-09
454 5.697135e-09
455 3.459670e-09
456 2.130400e-09
457 1.338372e-09
458 8.654177e-10
459 5.684608e-10
460 3.698160e-10
461 2.324925e-10
462 1.386540e-10
463 7.761646e-11
464 4.068494e-11
465 2.684217e-08
466 2.010009e-08
467 1.413561e-08
468 9.528091e-09
469 6.047240e-09
470 3.667376e-09
471 2.255519e-09
472 1.414204e-09
473 9.134556e-10
474 5.999893e-10
475 3.908403e-10
476 2.462893e-10
477 1.473099e-10
478 8.270114e-11
479 4.345504e-11
480 2.809511e-08
481 2.109052e-08
482 1.485782e-08
483 1.003414e-08
484 6.379788e-09
485 3.863664e-09
486 2.374387e-09
487 1.485976e-09
488 9.587995e-10
489 6.298038e-10
490 4.107883e-10
491 2.593763e-10
492 1.555034e-10
493 8.750737e-11
494 4.607849e-11
495 2.956010e-08
496 2.225088e-08
497 1.570002e-08
498 1.062529e-08
499 6.766756e-09
500 4.092724e-09
501 2.512835e-09
502 1.569951e-09
503 1.011776e-09
504 6.646225e-10
505 4.340260e-10
506 2.746068e-10
507 1.650605e-10
508 9.312366e-11
509 4.914106e-11
510 2.592182e-08
511 1.952668e-08
512 1.380148e-08
513 9.318162e-09
514 5.957112e-09
515 3.634449e-09
516 2.233962e-09
517 1.395931e-09
518 8.972471e-10
519 5.865034e-10
520 3.809565e-10
521 2.399893e-10
522 1.439158e-10
523 8.124579e-11
524 4.303399e-11
525 2.878093e-08
526 2.191918e-08
527 1.560687e-08
528 1.060391e-08
529 6.836066e-09
530 4.173995e-09
531 2.557765e-09
532 1.587776e-09
533 1.014941e-09
534 6.615124e-10
535 4.302450e-10
536 2.724494e-10
537 1.646989e-10
538 9.388169e-11
539 5.022523e-11
540 3.105326e-08
541 2.381068e-08
542 1.702623e-08
543 1.161382e-08
544 7.523848e-09
545 4.594460e-09
546 2.809183e-09
547 1.737008e-09
548 1.106490e-09
549 7.202429e-10
550 4.689660e-10
551 2.979857e-10
552 1.810379e-10
553 1.037903e-10
554 5.584187e-11
555 3.303199e-08
556 2.545875e-08
557 1.826504e-08
558 1.249265e-08
559 8.123660e-09
560 4.959683e-09
561 3.028574e-09
562 1.867209e-09
563 1.186539e-09
564 7.714182e-10
565 5.027190e-10
566 3.202448e-10
567 1.952803e-10
568 1.124273e-10
569 6.073771e-11
570 3.490995e-08
571 2.702344e-08
572 1.944125e-08
573 1.332739e-08
574 8.693563e-09
575 5.307618e-09
576 3.236927e-09
577 1.990673e-09
578 1.262464e-09
579 8.200671e-10
580 5.347764e-10
581 3.413834e-10
582 2.088045e-10
583 1.206297e-10
584 6.538765e-11
585 3.711002e-08
586 2.885118e-08
587 2.081430e-08
588 1.430189e-08
589 9.356663e-09
590 5.712511e-09
591 3.479619e-09
592 2.134449e-09
593 1.350855e-09
594 8.766687e-10
595 5.720983e-10
596 3.660034e-10
597 2.245593e-10
598 1.301832e-10
599 7.080247e-11
600 3.271831e-08
601 2.534498e-08
602 1.827681e-08
603 1.253071e-08
604 8.178068e-09
605 5.030516e-09
606 3.065656e-09
607 1.888005e-09
608 1.195262e-09
609 7.739547e-10
610 5.029593e-10
611 3.201730e-10
612 1.955505e-10
613 1.130183e-10
614 6.141343e-11
615 3.591909e-08
616 2.813399e-08
617 2.045439e-08
618 1.410585e-08
619 9.274717e-09
620 5.733243e-09
621 3.481760e-09
622 2.134603e-09
623 1.343098e-09
624 8.660090e-10
625 5.623622e-10
626 3.591175e-10
627 2.207192e-10
628 1.286386e-10
629 7.055854e-11
630 3.867556e-08
631 3.053012e-08
632 2.232146e-08
633 1.545010e-08
634 1.021118e-08
635 6.330808e-09
636 3.835230e-09
637 2.344042e-09
638 1.469079e-09
639 9.444667e-10
640 6.131252e-10
641 3.924471e-10
642 2.422654e-10
643 1.419984e-10
644 7.836482e-11
645 4.128786e-08
646 3.280131e-08
647 2.409091e-08
648 1.672705e-08
649 1.109944e-08
650 6.897872e-09
651 4.170288e-09
652 2.542929e-09
653 1.588437e-09
654 1.018882e-09
655 6.612794e-10
656 4.240618e-10
657 2.627011e-10
658 1.546696e-10
659 8.576810e-11
660 4.434642e-08
661 3.545346e-08
662 2.615719e-08
663 1.821578e-08
664 1.213455e-08
665 7.558985e-09
666 4.561249e-09
667 2.774398e-09
668 1.727544e-09
669 1.105640e-09
670 7.174016e-10
671 4.609174e-10
672 2.865292e-10
673 1.694435e-10
674 9.440033e-11
675 4.015148e-08
676 3.195347e-08
677 2.353934e-08
678 1.637437e-08
679 1.087293e-08
680 6.793536e-09
681 4.111344e-09
682 2.509260e-09
683 1.563786e-09
684 1.000072e-09
685 6.472130e-10
686 4.141873e-10
687 2.564056e-10
688 1.510919e-10
689 8.399906e-11
690 4.386504e-08
691 3.530526e-08
692 2.625792e-08
693 1.837519e-08
694 1.228332e-08
695 7.730248e-09
696 4.669702e-09
697 2.841519e-09
698 1.759342e-09
699 1.118612e-09
700 7.220765e-10
701 4.627368e-10
702 2.878458e-10
703 1.708770e-10
704 9.584372e-11
705 4.735202e-08
706 3.845923e-08
707 2.880394e-08
708 2.025223e-08
709 1.360451e-08
710 8.606798e-09
711 5.190935e-09
712 3.151521e-09
713 1.941987e-09
714 1.229451e-09
715 7.922179e-10
716 5.082560e-10
717 3.173353e-10
718 1.894305e-10
719 1.069462e-10
720 5.143433e-08
721 4.214458e-08
722 3.177227e-08
723 2.243960e-08
724 1.514354e-08
725 9.628642e-09
726 5.798844e-09
727 3.513330e-09
728 2.154790e-09
729 1.358739e-09
730 8.739286e-10
731 5.612977e-10
732 3.517085e-10
733 2.110550e-10
734 1.198868e-10
735 4.867141e-08
736 3.979577e-08
737 3.001191e-08
738 2.121036e-08
739 1.429942e-08
740 9.105152e-09
741 5.507256e-09
742 3.338183e-09
743 2.047892e-09
744 1.290290e-09
745 8.280985e-10
746 5.304276e-10
747 3.315196e-10
748 1.985770e-10
749 1.127210e-10
750 5.326998e-08
751 4.409995e-08
752 3.363014e-08
753 2.394605e-08
754 1.624697e-08
755 1.043407e-08
756 6.321057e-09
757 3.819492e-09
758 2.327795e-09
759 1.456632e-09
760 9.305619e-10
761 5.956797e-10
762 3.735518e-10
763 2.252257e-10
764 1.289699e-10
765 5.862744e-08
766 4.911219e-08
767 3.782436e-08
768 2.711890e-08
769 1.850677e-08
770 1.197645e-08
771 7.265168e-09
772 4.378240e-09
773 2.652178e-09
774 1.649560e-09
775 1.049414e-09
776 6.714149e-10
777 4.223641e-10
778 2.561732e-10
779 1.478368e-10
780 5.924913e-08
781 4.987337e-08
782 3.864878e-08
783 2.785379e-08
784 1.906413e-08
785 1.239133e-08
786 7.562546e-09
787 4.547898e-09
788 2.750310e-09
789 1.703325e-09
790 1.078860e-09
791 6.881186e-10
792 4.324503e-10
793 2.626232e-10
794 1.520602e-10
795 6.633399e-08
796 5.673572e-08
797 4.463473e-08
798 3.253920e-08
799 2.245293e-08
800 1.474835e-08
801 9.067997e-09
802 5.431508e-09
803 3.264033e-09
804 2.002147e-09
805 1.257747e-09
806 7.991472e-10
807 5.029538e-10
808 3.073113e-10
809 1.796570e-10
810 7.616105e-08
811 6.660850e-08
812 5.364896e-08
813 3.989559e-08
814 2.789978e-08
815 1.859229e-08
816 1.163091e-08
817 6.949411e-09
818 4.152012e-09
819 2.508264e-09
820 1.551154e-09
821 9.751516e-10
822 6.119230e-10
823 3.756786e-10
824 2.221049e-10
825 4.874684e-07
826 3.559770e-07
827 2.637429e-07
828 1.634955e-07
829 9.971670e-08
830 5.909042e-08
831 3.610007e-08
832 2.318792e-08
833 1.566767e-08
834 0.000000e+00
835 0.000000e+00
836 0.000000e+00
837 0.000000e+00
838 0.000000e+00
839 0.000000e+00
840 7.607953e-07
841 5.558272e-07
842 4.123034e-07
843 2.595664e-07
844 1.577427e-07
845 9.333315e-08
846 5.688307e-08
847 3.635803e-08
848 2.447674e-08
849 0.000000e+00
850 0.000000e+00
851 0.000000e+00
852 0.000000e+00
853 0.000000e+00
854 0.000000e+00
855 9.034708e-07
856 6.601392e-07
857 4.898343e-07
858 3.095543e-07
859 1.879542e-07
860 1.111685e-07
861 6.771198e-08
862 4.322638e-08
863 2.907417e-08
864 0.000000e+00
865 0.000000e+00
866 0.000000e+00
867 0.000000e+00
868 0.000000e+00
869 0.000000e+00
870 9.993278e-07
871 7.302182e-07
872 5.419243e-07
873 3.431341e-07
874 2.082519e-07
875 1.231503e-07
876 7.498702e-08
877 4.784112e-08
878 3.216291e-08
879 0.000000e+00
880 0.000000e+00
881 0.000000e+00
882 0.000000e+00
883 0.000000e+00
884 0.000000e+00
885 1.071193e-06
886 7.827614e-07
887 5.809742e-07
888 3.683088e-07
889 2.234694e-07
890 1.321335e-07
891 8.044121e-08
892 5.130076e-08
893 3.447879e-08
894 0.000000e+00
895 0.000000e+00
896 0.000000e+00
897 0.000000e+00
898 0.000000e+00
899 0.000000e+00
900 1.129439e-06
901 8.253442e-07
902 6.126261e-07
903 3.887123e-07
904 2.358020e-07
905 1.394142e-07
906 8.486152e-08
907 5.410480e-08
908 3.635564e-08
909 0.000000e+00
910 0.000000e+00
911 0.000000e+00
912 0.000000e+00
913 0.000000e+00
914 0.000000e+00
915 1.180268e-06
916 8.625041e-07
917 6.402459e-07
918 4.065191e-07
919 2.465652e-07
920 1.457672e-07
921 8.871918e-08
922 5.655163e-08
923 3.799350e-08
924 0.000000e+00
925 0.000000e+00
926 0.000000e+00
927 0.000000e+00
928 0.000000e+00
929 0.000000e+00
930 1.228460e-06
931 8.977376e-07
932 6.664337e-07
933 4.234011e-07
934 2.567693e-07
935 1.517905e-07
936 9.237652e-08
937 5.887147e-08
938 3.954628e-08
939 0.000000e+00
940 0.000000e+00
941 0.000000e+00
942 0.000000e+00
943 0.000000e+00
944 0.000000e+00
945 1.284683e-06
946 9.388454e-07
947 6.969857e-07
948 4.430983e-07
949 2.686743e-07
950 1.588185e-07
951 9.664394e-08
952 6.157795e-08
953 4.135810e-08
954 0.000000e+00
955 0.000000e+00
956 0.000000e+00
957 0.000000e+00
958 0.000000e+00
959 0.000000e+00
960 3.225604e-07
961 2.562530e-07
962 1.858026e-07
963 1.394056e-07
964 8.582361e-08
965 5.263183e-08
966 3.059548e-08
967 1.830026e-08
968 1.148393e-08
969 7.611564e-09
970 0.000000e+00
971 0.000000e+00
972 0.000000e+00
973 0.000000e+00
974 0.000000e+00
975 5.197871e-07
976 4.167849e-07
977 3.026153e-07
978 2.267314e-07
979 1.420824e-07
980 8.663598e-08
981 5.032041e-08
982 3.004892e-08
983 1.876381e-08
984 1.238717e-08
985 0.000000e+00
986 0.000000e+00
987 0.000000e+00
988 0.000000e+00
989 0.000000e+00
990 6.448115e-07
991 5.183987e-07
992 3.765463e-07
993 2.820113e-07
994 1.775996e-07
995 1.081222e-07
996 6.278592e-08
997 3.747516e-08
998 2.336908e-08
999 1.541003e-08
1000 0.000000e+00
1001 0.000000e+00
1002 0.000000e+00
1003 0.000000e+00
1004 0.000000e+00
1005 7.382357e-07
1006 5.943126e-07
1007 4.317715e-07
1008 3.233096e-07
1009 2.041234e-07
1010 1.241698e-07
1011 7.209649e-08
1012 4.302199e-08
1013 2.680897e-08
1014 1.766814e-08
1015 0.000000e+00
1016 0.000000e+00
1017 0.000000e+00
1018 0.000000e+00
1019 0.000000e+00
1020 8.139596e-07
1021 6.558390e-07
1022 4.765327e-07
1023 3.567807e-07
1024 2.256220e-07
1025 1.371778e-07
1026 7.964314e-08
1027 4.751755e-08
1028 2.959718e-08
1029 1.949827e-08
1030 0.000000e+00
1031 0.000000e+00
1032 0.000000e+00
1033 0.000000e+00
1034 0.000000e+00
1035 8.800254e-07
1036 7.095243e-07
1037 5.155916e-07
1038 3.859857e-07
1039 2.443794e-07
1040 1.485270e-07
1041 8.622743e-08
1042 5.144028e-08
1043 3.202995e-08
1044 2.109535e-08
1045 0.000000e+00
1046 0.000000e+00
1047 0.000000e+00
1048 0.000000e+00
1049 0.000000e+00
1050 9.426736e-07
1051 7.604327e-07
1052 5.526249e-07
1053 4.136780e-07
1054 2.621647e-07
1055 1.592896e-07
1056 9.247120e-08
1057 5.515972e-08
1058 3.433673e-08
1059 2.260959e-08
1060 0.000000e+00
1061 0.000000e+00
1062 0.000000e+00
1063 0.000000e+00
1064 0.000000e+00
1065 1.015768e-06
1066 8.198310e-07
1067 5.958365e-07
1068 4.459927e-07
1069 2.829175e-07
1070 1.718473e-07
1071 9.975607e-08
1072 5.949995e-08
1073 3.702828e-08
1074 2.437647e-08
1075 0.000000e+00
1076 0.000000e+00
1077 0.000000e+00
1078 0.000000e+00
1079 0.000000e+00
1080 1.856847e-07
1081 1.685302e-07
1082 1.295883e-07
1083 9.373638e-08
1084 7.019913e-08
1085 4.046331e-08
1086 2.477242e-08
1087 1.429803e-08
1088 8.469741e-09
1089 5.275015e-09
1090 0.000000e+00
1091 0.000000e+00
1092 0.000000e+00
1093 0.000000e+00
1094 0.000000e+00
1095 3.298247e-07
1096 3.012750e-07
1097 2.330481e-07
1098 1.684245e-07
1099 1.263923e-07
1100 7.346243e-08
1101 4.514256e-08
1102 2.596655e-08
1103 1.530120e-08
1104 9.497949e-09
1105 0.000000e+00
1106 0.000000e+00
1107 0.000000e+00
1108 0.000000e+00
1109 0.000000e+00
1110 4.306269e-07
1111 3.940332e-07
1112 3.052895e-07
1113 2.205830e-07
1114 1.656226e-07
1115 9.648038e-08
1116 5.934296e-08
1117 3.410477e-08
1118 2.006894e-08
1119 1.244627e-08
1120 0.000000e+00
1121 0.000000e+00
1122 0.000000e+00
1123 0.000000e+00
1124 0.000000e+00
1125 5.118675e-07
1126 4.687719e-07
1127 3.634880e-07
1128 2.626035e-07
1129 1.972257e-07
1130 1.150174e-07
1131 7.077884e-08
1132 4.065897e-08
1133 2.390921e-08
1134 1.482137e-08
1135 0.000000e+00
1136 0.000000e+00
1137 0.000000e+00
1138 0.000000e+00
1139 0.000000e+00
1140 5.827486e-07
1141 5.339873e-07
1142 4.142683e-07
1143 2.992682e-07
1144 2.248018e-07
1145 1.311919e-07
1146 8.075741e-08
1147 4.637790e-08
1148 2.726008e-08
1149 1.689370e-08
1150 0.000000e+00
1151 0.000000e+00
1152 0.000000e+00
1153 0.000000e+00
1154 0.000000e+00
1155 6.499630e-07
1156 5.958254e-07
1157 4.624212e-07
1158 3.340351e-07
1159 2.509506e-07
1160 1.465295e-07
1161 9.021925e-08
1162 5.180077e-08
1163 3.043750e-08
1164 1.885873e-08
1165 0.000000e+00
1166 0.000000e+00
1167 0.000000e+00
1168 0.000000e+00
1169 0.000000e+00
1170 7.283846e-07
1171 6.679733e-07
1172 5.186008e-07
1173 3.745984e-07
1174 2.814577e-07
1175 1.644239e-07
1176 1.012585e-07
1177 5.812754e-08
1178 3.414473e-08
1179 2.115149e-08
1180 0.000000e+00
1181 0.000000e+00
1182 0.000000e+00
1183 0.000000e+00
1184 0.000000e+00
1185 1.220265e-07
1186 1.202819e-07
1187 1.009614e-07
1188 7.368590e-08
1189 5.478513e-08
1190 3.710704e-08
1191 2.195117e-08
1192 1.249744e-08
1193 7.220358e-09
1194 4.270320e-09
1195 2.677659e-09
1196 0.000000e+00
1197 0.000000e+00
1198 0.000000e+00
1199 0.000000e+00
1200 2.306017e-07
1201 2.282625e-07
1202 1.926630e-07
1203 1.409811e-07
1204 1.045634e-07
1205 7.156517e-08
1206 4.202378e-08
1207 2.397626e-08
1208 1.387942e-08
1209 8.187018e-09
1210 5.117902e-09
1211 0.000000e+00
1212 0.000000e+00
1213 0.000000e+00
1214 0.000000e+00
1215 3.123223e-07
1216 3.094996e-07
1217 2.616140e-07
1218 1.915688e-07
1219 1.419922e-07
1220 9.744441e-08
1221 5.711193e-08
1222 3.260321e-08
1223 1.888236e-08
1224 1.113060e-08
1225 6.952498e-09
1226 0.000000e+00
1227 0.000000e+00
1228 0.000000e+00
1229 0.000000e+00
1230 3.831935e-07
1231 3.799432e-07
1232 3.213903e-07
1233 2.354215e-07
1234 1.744400e-07
1235 1.198757e-07
1236 7.019122e-08
1237 4.008120e-08
1238 2.321897e-08
1239 1.368230e-08
1240 8.542871e-09
1241 0.000000e+00
1242 0.000000e+00
1243 0.000000e+00
1244 0.000000e+00
1245 4.503977e-07
1246 4.467362e-07
1247 3.780737e-07
1248 2.770046e-07
1249 2.052095e-07
1250 1.411454e-07
1251 8.259382e-08
1252 4.717229e-08
1253 2.733118e-08
1254 1.610194e-08
1255 1.005098e-08
1256 0.000000e+00
1257 0.000000e+00
1258 0.000000e+00
1259 0.000000e+00
1260 5.288015e-07
1261 5.246659e-07
1262 4.442070e-07
1263 3.255223e-07
1264 2.411084e-07
1265 1.659601e-07
1266 9.706421e-08
1267 5.544503e-08
1268 3.212871e-08
1269 1.892488e-08
1270 1.181051e-08
1271 0.000000e+00
1272 0.000000e+00
1273 0.000000e+00
1274 0.000000e+00
1275 8.810595e-08
1276 9.165626e-08
1277 8.283308e-08
1278 6.329411e-08
1279 4.576403e-08
1280 3.425779e-08
1281 1.933100e-08
1282 1.165788e-08
1283 6.593460e-09
1284 3.812554e-09
1285 2.284405e-09
1286 0.000000e+00
1287 0.000000e+00
1288 0.000000e+00
1289 0.000000e+00
1290 1.731873e-07
1291 1.807036e-07
1292 1.640327e-07
1293 1.258324e-07
1294 9.089973e-08
1295 6.819511e-08
1296 3.864207e-08
1297 2.341293e-08
1298 1.319952e-08
1299 7.605534e-09
1300 4.544285e-09
1301 0.000000e+00
1302 0.000000e+00
1303 0.000000e+00
1304 0.000000e+00
1305 2.424633e-07
1306 2.531891e-07
1307 2.301012e-07
1308 1.766981e-07
1309 1.276147e-07
1310 9.579439e-08
1311 5.434245e-08
1312 3.296553e-08
1313 1.856966e-08
1314 1.068969e-08
1315 6.382322e-09
1316 0.000000e+00
1317 0.000000e+00
1318 0.000000e+00
1319 0.000000e+00
1320 3.078577e-07
1321 3.216065e-07
1322 2.924568e-07
1323 2.247029e-07
1324 1.622652e-07
1325 1.218404e-07
1326 6.915697e-08
1327 4.197839e-08
1328 2.363663e-08
1329 1.359998e-08
1330 8.116900e-09
1331 0.000000e+00
1332 0.000000e+00
1333 0.000000e+00
1334 0.000000e+00
1335 3.841561e-07
1336 4.014323e-07
1337 3.652105e-07
1338 2.807097e-07
1339 2.026908e-07
1340 1.522281e-07
1341 8.644124e-08
1342 5.249408e-08
1343 2.954836e-08
1344 1.699550e-08
1345 1.014064e-08
1346 0.000000e+00
1347 0.000000e+00
1348 0.000000e+00
1349 0.000000e+00
1350 6.860655e-08
1351 7.422284e-08
1352 7.111906e-08
1353 5.757991e-08
1354 4.153133e-08
1355 3.131886e-08
1356 1.952196e-08
1357 1.198077e-08
1358 6.650925e-09
1359 3.661571e-09
1360 2.117814e-09
1361 1.288829e-09
1362 0.000000e+00
1363 0.000000e+00
1364 0.000000e+00
1365 1.383592e-07
1366 1.500075e-07
1367 1.442089e-07
1368 1.172105e-07
1369 8.461511e-08
1370 6.372672e-08
1371 4.007925e-08
1372 2.450115e-08
1373 1.360509e-08
1374 7.495349e-09
1375 4.322119e-09
1376 2.622710e-09
1377 0.000000e+00
1378 0.000000e+00
1379 0.000000e+00
1380 2.010031e-07
1381 2.180563e-07
1382 2.098198e-07
1383 1.707216e-07
1384 1.232755e-07
1385 9.281020e-08
1386 5.851418e-08
1387 3.573215e-08
1388 1.984300e-08
1389 1.093430e-08
1390 6.299815e-09
1391 3.819753e-09
1392 0.000000e+00
1393 0.000000e+00
1394 0.000000e+00
1395 2.739546e-07
1396 2.973002e-07
1397 2.862206e-07
1398 2.330303e-07
1399 1.682909e-07
1400 1.266749e-07
1401 7.997821e-08
1402 4.880901e-08
1403 2.710609e-08
1404 1.493828e-08
1405 8.602574e-09
1406 5.213599e-09
1407 0.000000e+00
1408 0.000000e+00
1409 0.000000e+00
1410 5.712945e-08
1411 6.374364e-08
1412 6.401162e-08
1413 5.495419e-08
1414 4.049342e-08
1415 2.983190e-08
1416 2.099779e-08
1417 1.198759e-08
1418 6.746007e-09
1419 3.817421e-09
1420 2.123595e-09
1421 1.238960e-09
1422 0.000000e+00
1423 0.000000e+00
1424 0.000000e+00
1425 1.179029e-07
1426 1.317729e-07
1427 1.326635e-07
1428 1.142912e-07
1429 8.438766e-08
1430 6.207596e-08
1431 4.394075e-08
1432 2.498784e-08
1433 1.409821e-08
1434 7.976341e-09
1435 4.434361e-09
1436 2.581035e-09
1437 0.000000e+00
1438 0.000000e+00
1439 0.000000e+00
1440 1.864659e-07
1441 2.085133e-07
1442 2.100928e-07
1443 1.811975e-07
1444 1.338744e-07
1445 9.843172e-08
1446 6.979941e-08
1447 3.964442e-08
1448 2.238585e-08
1449 1.266432e-08
1450 7.039246e-09
1451 4.094128e-09
1452 0.000000e+00
1453 0.000000e+00
1454 0.000000e+00
1455 5.081171e-08
1456 5.822377e-08
1457 6.085127e-08
1458 5.527935e-08
1459 4.238599e-08
1460 3.061466e-08
1461 2.299284e-08
1462 1.288795e-08
1463 7.707214e-09
1464 4.223120e-09
1465 2.328477e-09
1466 1.300304e-09
1467 0.000000e+00
1468 0.000000e+00
1469 0.000000e+00
1470 1.144182e-07
1471 1.312914e-07
1472 1.375002e-07
1473 1.252948e-07
1474 9.633701e-08
1475 6.954063e-08
1476 5.230443e-08
1477 2.941261e-08
1478 1.765426e-08
1479 9.654125e-09
1480 5.309444e-09
1481 2.958528e-09
1482 0.000000e+00
1483 0.000000e+00
1484 0.000000e+00
1485 5.360381e-08
1486 6.298703e-08
1487 6.829486e-08
1488 6.556526e-08
1489 5.316172e-08
1490 3.835917e-08
1491 2.893799e-08
1492 1.799302e-08
1493 1.095012e-08
1494 5.942205e-09
1495 3.129809e-09
1496 1.688620e-09
1497 9.403726e-10
1498 0.000000e+00
1499 0.000000e+00
1500 1.109684e-04
1501 8.086786e-05
1502 6.035546e-05
1503 3.805236e-05
1504 2.321989e-05
1505 1.369104e-05
1506 8.324421e-06
1507 5.304277e-06
1508 3.565556e-06
1509 0.000000e+00
1510 0.000000e+00
1511 0.000000e+00
1512 0.000000e+00
1513 0.000000e+00
1514 0.000000e+00
1515 5.757601e-05
1516 4.644359e-05
1517 3.369791e-05
1518 2.528332e-05
1519 1.597668e-05
1520 9.754545e-06
1521 5.648866e-06
1522 3.364481e-06
1523 2.093966e-06
1524 1.379138e-06
1525 0.000000e+00
1526 0.000000e+00
1527 0.000000e+00
1528 0.000000e+00
1529 0.000000e+00
1530 4.047788e-05
1531 3.713775e-05
1532 2.882267e-05
1533 2.080348e-05
1534 1.566222e-05
1535 9.111532e-06
1536 5.625604e-06
1537 3.225263e-06
1538 1.896511e-06
1539 1.174730e-06
1540 0.000000e+00
1541 0.000000e+00
1542 0.000000e+00
1543 0.000000e+00
1544 0.000000e+00
1545 2.912801e-05
1546 2.891312e-05
1547 2.448503e-05
1548 1.793535e-05
1549 1.328396e-05
1550 9.154542e-06
1551 5.351144e-06
1552 3.053081e-06
1553 1.771954e-06
1554 1.042590e-06
1555 6.506122e-07
1556 0.000000e+00
1557 0.000000e+00
1558 0.000000e+00
1559 0.000000e+00
1560 2.085098e-05
1561 2.179680e-05
1562 1.983793e-05
1563 1.524768e-05
1564 1.100576e-05
1565 8.274949e-06
1566 4.689296e-06
1567 2.850415e-06
1568 1.602925e-06
1569 9.233707e-07
1570 5.506294e-07
1571 0.000000e+00
1572 0.000000e+00
1573 0.000000e+00
1574 0.000000e+00
1575 1.487210e-05
1576 1.614453e-05
1577 1.554949e-05
1578 1.266314e-05
1579 9.143013e-06
1580 6.883420e-06
1581 4.347301e-06
1582 2.655947e-06
1583 1.474901e-06
1584 8.112783e-07
1585 4.673052e-07
1586 2.832009e-07
1587 0.000000e+00
1588 0.000000e+00
1589 0.000000e+00
1590 1.001028e-05
1591 1.119728e-05
1592 1.128693e-05
1593 9.739022e-06
1594 7.195644e-06
1595 5.289411e-06
1596 3.755371e-06
1597 2.130464e-06
1598 1.202339e-06
1599 6.811759e-07
1600 3.783133e-07
1601 2.200058e-07
1602 0.000000e+00
1603 0.000000e+00
1604 0.000000e+00
1605 6.201116e-06
1606 7.118100e-06
1607 7.458527e-06
1608 6.801106e-06
1609 5.231433e-06
1610 3.775220e-06
1611 2.841823e-06
1612 1.597077e-06
1613 9.596537e-07
1614 5.242846e-07
1615 2.885232e-07
1616 1.606418e-07
1617 0.000000e+00
1618 0.000000e+00
1619 0.000000e+00
1620 3.163407e-06
1621 3.720115e-06
1622 4.038202e-06
1623 3.883392e-06
1624 3.154630e-06
1625 2.276770e-06
1626 1.716871e-06
1627 1.071974e-06
1628 6.518364e-07
1629 3.538249e-07
1630 1.861971e-07
1631 1.003484e-07
1632 5.578990e-08
1633 0.000000e+00
1634 0.000000e+00
1635 8.891198e-07
1636 1.072208e-06
1637 1.206146e-06
1638 1.224576e-06
1639 1.066696e-06
1640 7.933436e-07
1641 5.815894e-07
1642 4.169104e-07
1643 2.343421e-07
1644 1.314261e-07
1645 7.164692e-08
1646 3.730540e-08
1647 1.958823e-08
1648 0.000000e+00
1649 0.000000e+00
