0 2.219516e-09
1 1.441873e-09
2 9.065309e-10
3 5.711260e-10
4 3.672342e-10
5 2.416917e-10
6 1.607355e-10
7 1.055610e-10
8 6.686680e-11
9 4.014048e-11
10 2.261634e-11
11 1.194235e-11
12 5.950840e-12
13 2.830195e-12
14 1.300613e-12
15 3.760129e-09
16 2.499941e-09
17 1.588315e-09
18 9.901881e-10
19 6.263335e-10
20 4.057012e-10
21 2.684653e-10
22 1.780230e-10
23 1.154016e-10
24 7.155730e-11
25 4.179099e-11
26 2.285466e-11
27 1.173259e-11
28 5.707110e-12
29 2.663598e-12
30 4.305081e-09
31 2.881771e-09
32 1.841050e-09
33 1.146303e-09
34 7.220859e-10
35 4.652643e-10
36 3.069553e-10
37 2.037103e-10
38 1.327031e-10
39 8.293895e-11
40 4.892652e-11
41 2.703271e-11
42 1.400652e-11
43 6.864674e-12
44 3.221090e-12
45 4.606272e-09
46 3.092549e-09
47 1.980359e-09
48 1.232572e-09
49 7.749745e-10
50 4.982428e-10
51 3.282068e-10
52 2.178735e-10
53 1.422317e-10
54 8.919642e-11
55 5.284439e-11
56 2.933431e-11
57 1.526245e-11
58 7.504685e-12
59 3.529413e-12
60 4.807668e-09
61 3.233958e-09
62 2.073855e-09
63 1.290364e-09
64 8.104562e-10
65 5.203463e-10
66 3.424598e-10
67 2.273878e-10
68 1.486118e-10
69 9.340044e-11
70 5.547817e-11
71 3.087834e-11
72 1.610290e-11
73 7.933960e-12
74 3.736069e-12
75 4.958599e-09
76 3.339631e-09
77 2.144027e-09
78 1.333830e-09
79 8.370555e-10
80 5.368795e-10
81 3.531619e-10
82 2.345065e-10
83 1.534278e-10
84 9.657024e-11
85 5.746030e-11
86 3.203571e-11
87 1.673663e-11
88 8.255169e-12
89 3.891134e-12
90 5.081815e-09
91 3.426089e-09
92 2.201002e-09
93 1.369129e-09
94 8.586846e-10
95 5.503768e-10
96 3.618599e-10
97 2.402907e-10
98 1.573303e-10
99 9.914511e-11
100 5.907899e-11
101 3.298466e-11
102 1.725266e-11
103 8.517656e-12
104 4.017670e-12
105 5.189169e-09
106 3.500933e-09
107 2.250739e-09
108 1.399662e-09
109 8.775888e-10
110 5.620373e-10
111 3.693868e-10
112 2.453668e-10
113 1.606945e-10
114 1.013566e-10
115 6.047790e-11
116 3.380204e-11
117 1.769729e-11
118 8.746055e-12
119 4.127861e-12
120 5.290314e-09
121 3.572257e-09
122 2.298193e-09
123 1.428712e-09
124 8.954241e-10
125 5.731905e-10
126 3.765893e-10
127 2.501593e-10
128 1.639714e-10
129 1.035052e-10
130 6.181671e-11
131 3.458341e-11
132 1.812372e-11
133 8.961740e-12
134 4.231673e-12
135 5.407903e-09
136 3.654208e-09
137 2.353023e-09
138 1.463018e-09
139 9.162510e-10
140 5.861921e-10
141 3.849664e-10
142 2.556716e-10
143 1.677151e-10
144 1.059886e-10
145 6.336384e-11
146 3.549735e-11
147 1.862265e-11
148 9.213863e-12
149 4.353071e-12
150 7.886295e-09
151 5.428965e-09
152 3.565363e-09
153 2.226795e-09
154 1.380895e-09
155 8.706706e-10
156 5.647045e-10
157 3.737589e-10
158 2.471300e-10
159 1.590877e-10
160 9.755496e-11
161 5.621027e-11
162 3.028925e-11
163 1.532699e-11
164 7.361659e-12
165 9.967560e-09
166 6.948415e-09
167 4.629423e-09
168 2.921356e-09
169 1.802222e-09
170 1.127050e-09
171 7.230345e-10
172 4.754795e-10
173 3.148631e-10
174 2.045720e-10
175 1.274093e-10
176 7.483970e-11
177 4.113872e-11
178 2.119140e-11
179 1.032317e-11
180 1.117539e-08
181 7.834141e-09
182 5.250494e-09
183 3.330876e-09
184 2.051247e-09
185 1.278630e-09
186 8.160310e-10
187 5.350393e-10
188 3.543447e-10
189 2.310814e-10
190 1.448449e-10
191 8.575859e-11
192 4.754165e-11
193 2.468299e-11
194 1.209851e-11
195 1.198714e-08
196 8.431049e-09
197 5.669021e-09
198 3.605842e-09
199 2.219392e-09
200 1.380636e-09
201 8.789130e-10
202 5.751645e-10
203 3.809838e-10
204 2.489602e-10
205 1.566089e-10
206 9.313560e-11
207 5.186919e-11
208 2.704315e-11
209 1.329939e-11
210 1.259643e-08
211 8.878512e-09
212 5.983627e-09
213 3.812685e-09
214 2.345272e-09
215 1.457446e-09
216 9.260486e-10
217 6.053635e-10
218 4.009229e-10
219 2.623372e-10
220 1.654090e-10
221 9.865956e-11
222 5.510525e-11
223 2.880870e-11
224 1.419778e-11
225 1.309113e-08
226 9.241711e-09
227 6.238481e-09
228 3.980842e-09
229 2.447703e-09
230 1.519461e-09
231 9.642068e-10
232 6.297833e-10
233 4.171117e-10
234 2.732063e-10
235 1.725544e-10
236 1.031264e-10
237 5.772937e-11
238 3.023965e-11
239 1.492627e-11
240 1.352042e-08
241 9.556590e-09
242 6.459612e-09
243 4.126384e-09
244 2.536431e-09
245 1.573562e-09
246 9.973600e-10
247 6.509878e-10
248 4.312308e-10
249 2.826729e-10
250 1.787807e-10
251 1.070336e-10
252 6.002301e-11
253 3.148765e-11
254 1.555584e-11
255 1.392699e-08
256 9.855604e-09
257 6.669782e-09
258 4.264818e-09
259 2.620927e-09
260 1.625064e-09
261 1.028819e-09
262 6.710979e-10
263 4.445697e-10
264 2.916153e-10
265 1.846628e-10
266 1.107209e-10
267 6.218663e-11
268 3.266383e-11
269 1.615879e-11
270 1.440475e-08
271 1.020661e-08
272 6.915837e-09
273 4.426934e-09
274 2.719201e-09
275 1.685334e-09
276 1.066041e-09
277 6.947686e-10
278 4.601916e-10
279 3.021140e-10
280 1.915844e-10
281 1.150610e-10
282 6.473257e-11
283 3.404967e-11
284 1.686415e-11
285 1.364136e-08
286 9.704515e-09
287 6.591008e-09
288 4.252723e-09
289 2.620620e-09
290 1.623164e-09
291 1.023335e-09
292 6.638962e-10
293 4.379869e-10
294 2.870750e-10
295 1.822726e-10
296 1.099347e-10
297 6.225816e-11
298 3.300919e-11
299 1.647048e-11
300 1.604925e-08
301 1.154751e-08
302 7.913586e-09
303 5.164853e-09
304 3.194750e-09
305 1.968852e-09
306 1.231678e-09
307 7.928995e-10
308 5.211564e-10
309 3.423728e-10
310 2.190909e-10
311 1.337297e-10
312 7.682083e-11
313 4.132566e-11
314 2.088643e-11
315 1.770097e-08
316 1.281954e-08
317 8.828002e-09
318 5.797293e-09
319 3.595427e-09
320 2.209443e-09
321 1.376996e-09
322 8.826515e-10
323 5.788464e-10
324 3.806193e-10
325 2.445498e-10
326 1.502068e-10
327 8.693018e-11
328 4.711902e-11
329 2.397478e-11
330 1.894031e-08
331 1.377351e-08
332 9.514581e-09
333 6.271697e-09
334 3.896138e-09
335 2.390363e-09
336 1.486149e-09
337 9.500178e-10
338 6.222052e-10
339 4.093291e-10
340 2.636563e-10
341 1.625712e-10
342 9.452065e-11
343 5.147098e-11
344 2.629557e-11
345 1.994911e-08
346 1.454931e-08
347 1.007263e-08
348 6.656537e-09
349 4.139828e-09
350 2.537396e-09
351 1.574316e-09
352 1.004551e-09
353 6.572297e-10
354 4.325634e-10
355 2.791271e-10
356 1.725821e-10
357 1.006629e-10
358 5.499136e-11
359 2.817484e-11
360 2.082715e-08
361 1.522545e-08
362 1.055876e-08
363 6.991420e-09
364 4.352180e-09
365 2.664960e-09
366 1.651310e-09
367 1.052154e-09
368 6.878273e-10
369 4.528753e-10
370 2.926306e-10
371 1.813217e-10
372 1.060258e-10
373 5.806587e-11
374 2.981214e-11
375 2.165181e-08
376 1.586220e-08
377 1.101700e-08
378 7.307165e-09
379 4.551847e-09
380 2.785206e-09
381 1.723796e-09
382 1.096897e-09
383 7.166025e-10
384 4.719610e-10
385 3.053452e-10
386 1.895439e-10
387 1.110695e-10
388 6.095576e-11
389 3.135235e-11
390 2.262731e-08
391 1.661137e-08
392 1.155564e-08
393 7.680041e-09
394 4.788340e-09
395 2.927844e-09
396 1.809806e-09
397 1.150039e-09
398 7.506437e-10
399 4.945764e-10
400 3.203920e-10
401 1.992852e-10
402 1.170397e-10
403 6.437841e-11
404 3.317574e-11
405 1.967094e-08
406 1.441531e-08
407 1.000356e-08
408 6.632080e-09
409 4.150635e-09
410 2.541635e-09
411 1.576228e-09
412 1.002217e-09
413 6.533378e-10
414 4.291124e-10
415 2.768510e-10
416 1.715327e-10
417 1.004655e-10
418 5.519639e-11
419 2.845547e-11
420 2.233223e-08
421 1.655640e-08
422 1.157909e-08
423 7.740477e-09
424 4.885957e-09
425 2.983892e-09
426 1.842448e-09
427 1.162803e-09
428 7.537188e-10
429 4.944070e-10
430 3.201728e-10
431 1.999460e-10
432 1.183640e-10
433 6.581191e-11
434 3.432464e-11
435 2.434640e-08
436 1.818141e-08
437 1.277482e-08
438 8.585056e-09
439 5.446598e-09
440 3.321947e-09
441 2.046211e-09
442 1.285369e-09
443 8.303835e-10
444 5.441537e-10
445 3.531446e-10
446 2.215694e-10
447 1.320009e-10
448 7.391468e-11
449 3.881467e-11
450 2.597833e-08
451 1.949966e-08
452 1.374916e-08
453 9.271113e-09
454 5.901458e-09
455 3.596492e-09
456 2.211253e-09
457 1.384941e-09
458 8.924412e-10
459 5.844869e-10
460 3.798741e-10
461 2.390995e-10
462 1.430543e-10
463 8.048203e-11
464 4.245426e-11
465 2.740633e-08
466 2.065168e-08
467 1.459723e-08
468 9.867560e-09
469 6.298365e-09
470 3.836335e-09
471 2.355132e-09
472 1.471628e-09
473 9.466234e-10
474 6.196934e-10
475 4.032041e-10
476 2.544003e-10
477 1.527031e-10
478 8.621582e-11
479 4.563195e-11
480 2.874670e-08
481 2.173346e-08
482 1.539374e-08
483 1.042923e-08
484 6.671929e-09
485 4.061046e-09
486 2.490729e-09
487 1.553074e-09
488 9.975150e-10
489 6.527573e-10
490 4.251620e-10
491 2.687978e-10
492 1.617800e-10
493 9.159831e-11
494 4.861351e-11
495 3.033356e-08
496 2.300900e-08
497 1.633692e-08
498 1.109392e-08
499 7.113187e-09
500 4.327586e-09
501 2.651011e-09
502 1.649692e-09
503 1.057801e-09
504 6.919113e-10
505 4.510838e-10
506 2.857796e-10
507 1.724995e-10
508 9.797660e-11
509 5.214862e-11
510 2.602383e-08
511 1.962629e-08
512 1.388553e-08
513 9.380140e-09
514 6.002510e-09
515 3.665786e-09
516 2.252009e-09
517 1.406427e-09
518 9.033237e-10
519 5.901288e-10
520 3.832109e-10
521 2.414595e-10
522 1.448884e-10
523 8.187903e-11
524 4.342682e-11
525 2.893915e-08
526 2.207770e-08
527 1.574488e-08
528 1.070804e-08
529 6.911128e-09
530 4.227951e-09
531 2.588597e-09
532 1.606071e-09
533 1.025424e-09
534 6.676563e-10
535 4.340044e-10
536 2.748666e-10
537 1.662944e-10
538 9.492519e-11
539 5.088116e-11
540 3.131750e-08
541 2.407974e-08
542 1.726445e-08
543 1.179455e-08
544 7.654665e-09
545 4.689955e-09
546 2.864124e-09
547 1.769825e-09
548 1.125217e-09
549 7.310763e-10
550 4.755237e-10
551 3.021691e-10
552 1.837902e-10
553 1.055954e-10
554 5.698376e-11
555 3.339023e-08
556 2.582554e-08
557 1.859319e-08
558 1.274107e-08
559 8.303648e-09
560 5.092002e-09
561 3.104747e-09
562 1.912647e-09
563 1.212439e-09
564 7.864007e-10
565 5.117312e-10
566 3.259757e-10
567 1.990462e-10
568 1.149001e-10
569 6.230628e-11
570 3.534299e-08
571 2.747026e-08
572 1.984205e-08
573 1.363379e-08
574 8.915916e-09
575 5.471228e-09
576 3.331526e-09
577 2.047361e-09
578 1.294601e-09
579 8.385450e-10
580 5.458831e-10
581 3.484298e-10
582 2.134351e-10
583 1.236751e-10
584 6.732535e-11
585 3.765777e-08
586 2.941398e-08
587 2.132024e-08
588 1.468883e-08
589 9.637196e-09
590 5.918922e-09
591 3.599154e-09
592 2.206147e-09
593 1.391504e-09
594 9.000364e-10
595 5.861417e-10
596 3.749054e-10
597 2.304029e-10
598 1.340232e-10
599 7.324448e-11
600 3.279718e-08
601 2.542940e-08
602 1.834783e-08
603 1.258596e-08
604 8.217738e-09
605 5.059831e-09
606 3.082521e-09
607 1.898270e-09
608 1.201115e-09
609 7.773395e-10
610 5.049873e-10
611 3.214570e-10
612 1.963875e-10
613 1.135627e-10
614 6.175655e-11
615 3.604212e-08
616 2.826088e-08
617 2.057180e-08
618 1.419662e-08
619 9.339637e-09
620 5.781376e-09
621 3.510580e-09
622 2.152282e-09
623 1.353000e-09
624 8.716202e-10
625 5.656865e-10
626 3.611879e-10
627 2.220575e-10
628 1.295112e-10
629 7.111424e-11
630 3.887763e-08
631 3.074235e-08
632 2.251880e-08
633 1.560709e-08
634 1.032419e-08
635 6.414968e-09
636 3.886758e-09
637 2.375360e-09
638 1.486543e-09
639 9.543016e-10
640 6.189008e-10
641 3.960051e-10
642 2.445525e-10
643 1.434915e-10
644 7.932208e-11
645 4.154722e-08
646 3.307831e-08
647 2.435288e-08
648 1.693746e-08
649 1.125128e-08
650 7.011901e-09
651 4.241146e-09
652 2.585625e-09
653 1.612269e-09
654 1.032209e-09
655 6.690216e-10
656 4.288007e-10
657 2.657413e-10
658 1.566583e-10
659 8.705023e-11
660 4.470879e-08
661 3.584009e-08
662 2.652006e-08
663 1.850700e-08
664 1.234498e-08
665 7.715939e-09
666 4.658829e-09
667 2.833437e-09
668 1.760538e-09
669 1.124145e-09
670 7.281552e-10
671 4.674970e-10
672 2.907447e-10
673 1.721965e-10
674 9.617238e-11
675 4.021893e-08
676 3.202215e-08
677 2.360176e-08
678 1.642456e-08
679 1.090829e-08
680 6.819294e-09
681 4.127444e-09
682 2.519024e-09
683 1.569302e-09
684 1.003218e-09
685 6.490629e-10
686 4.153489e-10
687 2.571321e-10
688 1.515698e-10
689 8.429467e-11
690 4.395812e-08
691 3.540921e-08
692 2.635389e-08
693 1.845377e-08
694 1.233988e-08
695 7.771752e-09
696 4.697026e-09
697 2.857629e-09
698 1.768393e-09
699 1.123737e-09
700 7.250453e-10
701 4.645287e-10
702 2.889733e-10
703 1.716022e-10
704 9.630612e-11
705 4.748690e-08
706 3.860666e-08
707 2.894861e-08
708 2.037424e-08
709 1.369390e-08
710 8.672565e-09
711 5.235889e-09
712 3.177639e-09
713 1.956694e-09
714 1.237727e-09
715 7.968872e-10
716 5.110159e-10
717 3.190519e-10
718 1.905349e-10
719 1.076591e-10
720 5.165716e-08
721 4.238541e-08
722 3.201012e-08
723 2.263637e-08
724 1.528809e-08
725 9.734587e-09
726 5.871027e-09
727 3.555303e-09
728 2.178504e-09
729 1.372108e-09
730 8.814983e-10
731 5.657784e-10
732 3.544897e-10
733 2.128405e-10
734 1.210353e-10
735 4.872948e-08
736 3.985480e-08
737 3.006583e-08
738 2.125436e-08
739 1.433136e-08
740 9.127924e-09
741 5.522271e-09
742 3.346995e-09
743 2.052917e-09
744 1.293195e-09
745 8.297927e-10
746 5.314513e-10
747 3.321585e-10
748 1.989823e-10
749 1.129751e-10
750 5.332349e-08
751 4.415876e-08
752 3.368863e-08
753 2.399720e-08
754 1.628521e-08
755 1.046164e-08
756 6.340942e-09
757 3.830778e-09
758 2.334365e-09
759 1.460306e-09
760 9.326202e-10
761 5.968649e-10
762 3.742684e-10
763 2.256760e-10
764 1.292571e-10
765 5.875375e-08
766 4.924483e-08
767 3.795454e-08
768 2.723351e-08
769 1.859111e-08
770 1.203700e-08
771 7.308427e-09
772 4.402862e-09
773 2.666639e-09
774 1.657654e-09
775 1.053969e-09
776 6.740581e-10
777 4.239585e-10
778 2.571709e-10
779 1.484699e-10
780 5.923380e-08
781 4.986044e-08
782 3.863943e-08
783 2.784844e-08
784 1.906079e-08
785 1.238917e-08
786 7.561906e-09
787 4.547547e-09
788 2.750150e-09
789 1.703183e-09
790 1.078718e-09
791 6.879960e-10
792 4.323572e-10
793 2.625595e-10
794 1.520219e-10
795 6.635633e-08
796 5.676023e-08
797 4.465955e-08
798 3.256161e-08
799 2.247037e-08
800 1.476081e-08
801 9.077167e-09
802 5.436921e-09
803 3.267331e-09
804 2.003954e-09
805 1.258730e-09
806 7.996981e-10
807 5.032740e-10
808 3.075054e-10
809 1.797779e-10
810 7.622021e-08
811 6.666784e-08
812 5.370292e-08
813 3.993939e-08
814 2.793200e-08
815 1.861497e-08
816 1.164600e-08
817 6.958230e-09
818 4.157206e-09
819 2.511218e-09
820 1.552868e-09
821 9.761857e-10
822 6.125677e-10
823 3.760856e-10
824 2.223586e-10
825 5.048726e-07
826 3.687600e-07
827 2.732430e-07
828 1.700688e-07
829 1.036075e-07
830 6.137934e-08
831 3.747911e-08
832 2.404493e-08
833 1.623193e-08
834 0.000000e+00
835 0.000000e+00
836 0.000000e+00
837 0.000000e+00
838 0.000000e+00
839 0.000000e+00
840 7.611232e-07
841 5.560687e-07
842 4.124814e-07
843 2.596885e-07
844 1.578146e-07
845 9.337608e-08
846 5.690881e-08
847 3.637416e-08
848 2.448738e-08
849 0.000000e+00
850 0.000000e+00
851 0.000000e+00
852 0.000000e+00
853 0.000000e+00
854 0.000000e+00
855 9.036705e-07
856 6.602852e-07
857 4.899429e-07
858 3.096242e-07
859 1.879965e-07
860 1.111935e-07
861 6.772713e-08
862 4.323599e-08
863 2.908060e-08
864 0.000000e+00
865 0.000000e+00
866 0.000000e+00
867 0.000000e+00
868 0.000000e+00
869 0.000000e+00
870 9.995332e-07
871 7.303684e-07
872 5.420359e-07
873 3.432060e-07
874 2.082954e-07
875 1.231760e-07
876 7.500260e-08
877 4.785101e-08
878 3.216953e-08
879 0.000000e+00
880 0.000000e+00
881 0.000000e+00
882 0.000000e+00
883 0.000000e+00
884 0.000000e+00
885 1.071397e-06
886 7.829106e-07
887 5.810851e-07
888 3.683803e-07
889 2.235127e-07
890 1.321590e-07
891 8.045670e-08
892 5.131058e-08
893 3.448536e-08
894 0.000000e+00
895 0.000000e+00
896 0.000000e+00
897 0.000000e+00
898 0.000000e+00
899 0.000000e+00
900 1.129637e-06
901 8.254892e-07
902 6.127338e-07
903 3.887817e-07
904 2.358439e-07
905 1.394389e-07
906 8.487657e-08
907 5.411435e-08
908 3.636204e-08
909 0.000000e+00
910 0.000000e+00
911 0.000000e+00
912 0.000000e+00
913 0.000000e+00
914 0.000000e+00
915 1.180458e-06
916 8.626428e-07
917 6.403490e-07
918 4.065856e-07
919 2.466054e-07
920 1.457909e-07
921 8.873359e-08
922 5.656077e-08
923 3.799962e-08
924 0.000000e+00
925 0.000000e+00
926 0.000000e+00
927 0.000000e+00
928 0.000000e+00
929 0.000000e+00
930 1.228363e-06
931 8.976666e-07
932 6.663809e-07
933 4.233671e-07
934 2.567488e-07
935 1.517784e-07
936 9.236915e-08
937 5.886680e-08
938 3.954315e-08
939 0.000000e+00
940 0.000000e+00
941 0.000000e+00
942 0.000000e+00
943 0.000000e+00
944 0.000000e+00
945 1.284855e-06
946 9.389706e-07
947 6.970788e-07
948 4.431583e-07
949 2.687106e-07
950 1.588400e-07
951 9.665694e-08
952 6.158619e-08
953 4.136362e-08
954 0.000000e+00
955 0.000000e+00
956 0.000000e+00
957 0.000000e+00
958 0.000000e+00
959 0.000000e+00
960 3.374103e-07
961 2.687211e-07
962 1.949302e-07
963 1.461835e-07
964 9.044302e-08
965 5.536342e-08
966 3.217965e-08
967 1.924171e-08
968 1.205855e-08
969 7.983666e-09
970 0.000000e+00
971 0.000000e+00
972 0.000000e+00
973 0.000000e+00
974 0.000000e+00
975 5.204324e-07
976 4.173236e-07
977 3.030138e-07
978 2.270257e-07
979 1.422846e-07
980 8.675463e-08
981 5.038957e-08
982 3.009010e-08
983 1.878893e-08
984 1.240342e-08
985 0.000000e+00
986 0.000000e+00
987 0.000000e+00
988 0.000000e+00
989 0.000000e+00
990 6.450789e-07
991 5.186161e-07
992 3.767044e-07
993 2.821296e-07
994 1.776755e-07
995 1.081682e-07
996 6.281258e-08
997 3.749104e-08
998 2.337893e-08
999 1.541649e-08
1000 0.000000e+00
1001 0.000000e+00
1002 0.000000e+00
1003 0.000000e+00
1004 0.000000e+00
1005 7.385010e-07
1006 5.945281e-07
1007 4.319283e-07
1008 3.234268e-07
1009 2.041987e-07
1010 1.242153e-07
1011 7.212291e-08
1012 4.303773e-08
1013 2.681873e-08
1014 1.767455e-08
1015 0.000000e+00
1016 0.000000e+00
1017 0.000000e+00
1018 0.000000e+00
1019 0.000000e+00
1020 8.142158e-07
1021 6.560475e-07
1022 4.766841e-07
1023 3.568939e-07
1024 2.256947e-07
1025 1.372218e-07
1026 7.966867e-08
1027 4.753276e-08
1028 2.960661e-08
1029 1.950447e-08
1030 0.000000e+00
1031 0.000000e+00
1032 0.000000e+00
1033 0.000000e+00
1034 0.000000e+00
1035 8.802708e-07
1036 7.097237e-07
1037 5.157367e-07
1038 3.860941e-07
1039 2.444491e-07
1040 1.485692e-07
1041 8.625189e-08
1042 5.145485e-08
1043 3.203899e-08
1044 2.110128e-08
1045 0.000000e+00
1046 0.000000e+00
1047 0.000000e+00
1048 0.000000e+00
1049 0.000000e+00
1050 9.425481e-07
1051 7.603307e-07
1052 5.525507e-07
1053 4.136225e-07
1054 2.621290e-07
1055 1.592680e-07
1056 9.245868e-08
1057 5.515226e-08
1058 3.433211e-08
1059 2.260656e-08
1060 0.000000e+00
1061 0.000000e+00
1062 0.000000e+00
1063 0.000000e+00
1064 0.000000e+00
1065 1.015990e-06
1066 8.200118e-07
1067 5.959681e-07
1068 4.460911e-07
1069 2.829807e-07
1070 1.718855e-07
1071 9.977825e-08
1072 5.951316e-08
1073 3.703648e-08
1074 2.438185e-08
1075 0.000000e+00
1076 0.000000e+00
1077 0.000000e+00
1078 0.000000e+00
1079 0.000000e+00
1080 1.985181e-07
1081 1.805488e-07
1082 1.390999e-07
1083 1.005908e-07
1084 7.537712e-08
1085 4.357262e-08
1086 2.670542e-08
1087 1.539749e-08
1088 9.105050e-09
1089 5.664572e-09
1090 0.000000e+00
1091 0.000000e+00
1092 0.000000e+00
1093 0.000000e+00
1094 0.000000e+00
1095 3.306286e-07
1096 3.020293e-07
1097 2.336479e-07
1098 1.688573e-07
1099 1.267186e-07
1100 7.366085e-08
1101 4.526540e-08
1102 2.603658e-08
1103 1.534146e-08
1104 9.522575e-09
1105 0.000000e+00
1106 0.000000e+00
1107 0.000000e+00
1108 0.000000e+00
1109 0.000000e+00
1110 4.309126e-07
1111 3.942961e-07
1112 3.054942e-07
1113 2.207309e-07
1114 1.657338e-07
1115 9.654562e-08
1116 5.938321e-08
1117 3.412784e-08
1118 2.008246e-08
1119 1.245463e-08
1120 0.000000e+00
1121 0.000000e+00
1122 0.000000e+00
1123 0.000000e+00
1124 0.000000e+00
1125 5.121440e-07
1126 4.690264e-07
1127 3.636861e-07
1128 2.627466e-07
1129 1.973333e-07
1130 1.150805e-07
1131 7.081777e-08
1132 4.068128e-08
1133 2.392228e-08
1134 1.482946e-08
1135 0.000000e+00
1136 0.000000e+00
1137 0.000000e+00
1138 0.000000e+00
1139 0.000000e+00
1140 5.830119e-07
1141 5.342295e-07
1142 4.144569e-07
1143 2.994043e-07
1144 2.249042e-07
1145 1.312520e-07
1146 8.079447e-08
1147 4.639914e-08
1148 2.727253e-08
1149 1.690140e-08
1150 0.000000e+00
1151 0.000000e+00
1152 0.000000e+00
1153 0.000000e+00
1154 0.000000e+00
1155 6.498263e-07
1156 5.956997e-07
1157 4.623233e-07
1158 3.339644e-07
1159 2.508975e-07
1160 1.464983e-07
1161 9.020002e-08
1162 5.178975e-08
1163 3.043104e-08
1164 1.885474e-08
1165 0.000000e+00
1166 0.000000e+00
1167 0.000000e+00
1168 0.000000e+00
1169 0.000000e+00
1170 7.286227e-07
1171 6.681923e-07
1172 5.187713e-07
1173 3.747215e-07
1174 2.815503e-07
1175 1.644783e-07
1176 1.012920e-07
1177 5.814675e-08
1178 3.415599e-08
1179 2.115845e-08
1180 0.000000e+00
1181 0.000000e+00
1182 0.000000e+00
1183 0.000000e+00
1184 0.000000e+00
1185 1.319386e-07
1186 1.302336e-07
1187 1.095159e-07
1188 8.000031e-08
1189 5.943133e-08
1190 4.039390e-08
1191 2.383664e-08
1192 1.358101e-08
1193 7.851187e-09
1194 4.639448e-09
1195 2.906155e-09
1196 0.000000e+00
1197 0.000000e+00
1198 0.000000e+00
1199 0.000000e+00
1200 2.313172e-07
1201 2.289827e-07
1202 1.932845e-07
1203 1.414410e-07
1204 1.049010e-07
1205 7.180541e-08
1206 4.216119e-08
1207 2.405551e-08
1208 1.392546e-08
1209 8.213951e-09
1210 5.134526e-09
1211 0.000000e+00
1212 0.000000e+00
1213 0.000000e+00
1214 0.000000e+00
1215 3.125986e-07
1216 3.097743e-07
1217 2.618471e-07
1218 1.917398e-07
1219 1.421187e-07
1220 9.753189e-08
1221 5.716294e-08
1222 3.263237e-08
1223 1.889928e-08
1224 1.114055e-08
1225 6.958700e-09
1226 0.000000e+00
1227 0.000000e+00
1228 0.000000e+00
1229 0.000000e+00
1230 3.834561e-07
1231 3.802042e-07
1232 3.216118e-07
1233 2.355840e-07
1234 1.745602e-07
1235 1.199588e-07
1236 7.023968e-08
1237 4.010890e-08
1238 2.323504e-08
1239 1.369177e-08
1240 8.548764e-09
1241 0.000000e+00
1242 0.000000e+00
1243 0.000000e+00
1244 0.000000e+00
1245 4.502613e-07
1246 4.466006e-07
1247 3.779586e-07
1248 2.769202e-07
1249 2.051470e-07
1250 1.411022e-07
1251 8.256864e-08
1252 4.715789e-08
1253 2.732283e-08
1254 1.609703e-08
1255 1.004791e-08
1256 0.000000e+00
1257 0.000000e+00
1258 0.000000e+00
1259 0.000000e+00
1260 5.290395e-07
1261 5.249025e-07
1262 4.444077e-07
1263 3.256696e-07
1264 2.412174e-07
1265 1.660354e-07
1266 9.710813e-08
1267 5.547014e-08
1268 3.214327e-08
1269 1.893345e-08
1270 1.181585e-08
1271 0.000000e+00
1272 0.000000e+00
1273 0.000000e+00
1274 0.000000e+00
1275 9.493536e-08
1276 9.884975e-08
1277 8.945322e-08
1278 6.843438e-08
1279 4.946746e-08
1280 3.705397e-08
1281 2.093645e-08
1282 1.264397e-08
1283 7.144295e-09
1284 4.126459e-09
1285 2.470401e-09
1286 0.000000e+00
1287 0.000000e+00
1288 0.000000e+00
1289 0.000000e+00
1290 1.737129e-07
1291 1.812580e-07
1292 1.645436e-07
1293 1.262295e-07
1294 9.118563e-08
1295 6.841094e-08
1296 3.876639e-08
1297 2.348927e-08
1298 1.324222e-08
1299 7.629813e-09
1300 4.558662e-09
1301 0.000000e+00
1302 0.000000e+00
1303 0.000000e+00
1304 0.000000e+00
1305 2.427190e-07
1306 2.534567e-07
1307 2.303450e-07
1308 1.768858e-07
1309 1.277502e-07
1310 9.589624e-08
1311 5.440038e-08
1312 3.300077e-08
1313 1.858948e-08
1314 1.070107e-08
1315 6.389105e-09
1316 0.000000e+00
1317 0.000000e+00
1318 0.000000e+00
1319 0.000000e+00
1320 3.077254e-07
1321 3.214680e-07
1322 2.923305e-07
1323 2.246057e-07
1324 1.621953e-07
1325 1.217877e-07
1326 6.912699e-08
1327 4.196015e-08
1328 2.362637e-08
1329 1.359408e-08
1330 8.113389e-09
1331 0.000000e+00
1332 0.000000e+00
1333 0.000000e+00
1334 0.000000e+00
1335 3.843886e-07
1336 4.016757e-07
1337 3.654320e-07
1338 2.808801e-07
1339 2.028139e-07
1340 1.523205e-07
1341 8.649384e-08
1342 5.252608e-08
1343 2.956635e-08
1344 1.700584e-08
1345 1.014680e-08
1346 0.000000e+00
1347 0.000000e+00
1348 0.000000e+00
1349 0.000000e+00
1350 7.268833e-08
1351 7.867863e-08
1352 7.544757e-08
1353 6.114130e-08
1354 4.410952e-08
1355 3.325265e-08
1356 2.077203e-08
1357 1.273567e-08
1358 7.070464e-09
1359 3.893340e-09
1360 2.250200e-09
1361 1.368448e-09
1362 0.000000e+00
1363 0.000000e+00
1364 0.000000e+00
1365 1.386962e-07
1366 1.503748e-07
1367 1.445646e-07
1368 1.175025e-07
1369 8.482616e-08
1370 6.388556e-08
1371 4.018125e-08
1372 2.456282e-08
1373 1.363938e-08
1374 7.514302e-09
1375 4.332952e-09
1376 2.629245e-09
1377 0.000000e+00
1378 0.000000e+00
1379 0.000000e+00
1380 2.008767e-07
1381 2.179191e-07
1382 2.096874e-07
1383 1.706137e-07
1384 1.231975e-07
1385 9.275153e-08
1386 5.847699e-08
1387 3.570949e-08
1388 1.983042e-08
1389 1.092737e-08
1390 6.295826e-09
1391 3.817338e-09
1392 0.000000e+00
1393 0.000000e+00
1394 0.000000e+00
1395 2.741755e-07
1396 2.975401e-07
1397 2.864519e-07
1398 2.332190e-07
1399 1.684272e-07
1400 1.267775e-07
1401 8.004321e-08
1402 4.884861e-08
1403 2.712809e-08
1404 1.495041e-08
1405 8.609547e-09
1406 5.217820e-09
1407 0.000000e+00
1408 0.000000e+00
1409 0.000000e+00
1410 5.915681e-08
1411 6.602248e-08
1412 6.632573e-08
1413 5.697102e-08
1414 4.199288e-08
1415 3.092941e-08
1416 2.178894e-08
1417 1.243194e-08
1418 6.998854e-09
1419 3.960341e-09
1420 2.202900e-09
1421 1.284767e-09
1422 0.000000e+00
1423 0.000000e+00
1424 0.000000e+00
1425 1.177989e-07
1426 1.316568e-07
1427 1.325466e-07
1428 1.141906e-07
1429 8.431353e-08
1430 6.202133e-08
1431 4.390209e-08
1432 2.496587e-08
1433 1.408581e-08
1434 7.969323e-09
1435 4.430460e-09
1436 2.578764e-09
1437 0.000000e+00
1438 0.000000e+00
1439 0.000000e+00
1440 1.866740e-07
1441 2.087462e-07
1442 2.103279e-07
1443 1.814006e-07
1444 1.340246e-07
1445 9.854209e-08
1446 6.987791e-08
1447 3.968887e-08
1448 2.241101e-08
1449 1.267855e-08
1450 7.047154e-09
1451 4.098721e-09
1452 0.000000e+00
1453 0.000000e+00
1454 0.000000e+00
1455 5.123266e-08
1456 5.871031e-08
1457 6.136610e-08
1458 5.575561e-08
1459 4.275732e-08
1460 3.088189e-08
1461 2.319515e-08
1462 1.300359e-08
1463 7.777800e-09
1464 4.261376e-09
1465 2.349256e-09
1466 1.311764e-09
1467 0.000000e+00
1468 0.000000e+00
1469 0.000000e+00
1470 1.146094e-07
1471 1.315110e-07
1472 1.377306e-07
1473 1.255052e-07
1474 9.649918e-08
1475 6.965769e-08
1476 5.239254e-08
1477 2.946228e-08
1478 1.768416e-08
1479 9.670466e-09
1480 5.318404e-09
1481 2.963512e-09
1482 0.000000e+00
1483 0.000000e+00
1484 0.000000e+00
1485 5.379555e-08
1486 6.321287e-08
1487 6.854065e-08
1488 6.580231e-08
1489 5.335495e-08
1490 3.849879e-08
1491 2.904314e-08
1492 1.805926e-08
1493 1.099023e-08
1494 5.963989e-09
1495 3.141295e-09
1496 1.694793e-09
1497 9.437921e-10
1498 0.000000e+00
1499 0.000000e+00
1500 1.109684e-04
1501 8.086786e-05
1502 6.035546e-05
1503 3.805236e-05
1504 2.321989e-05
1505 1.369104e-05
1506 8.324421e-06
1507 5.304277e-06
1508 3.565556e-06
1509 0.000000e+00
1510 0.000000e+00
1511 0.000000e+00
1512 0.000000e+00
1513 0.000000e+00
1514 0.000000e+00
1515 5.757601e-05
1516 4.644359e-05
1517 3.369791e-05
1518 2.528332e-05
1519 1.597668e-05
1520 9.754545e-06
1521 5.648866e-06
1522 3.364481e-06
1523 2.093966e-06
1524 1.379138e-06
1525 0.000000e+00
1526 0.000000e+00
1527 0.000000e+00
1528 0.000000e+00
1529 0.000000e+00
1530 4.047788e-05
1531 3.713775e-05
1532 2.882267e-05
1533 2.080348e-05
1534 1.566222e-05
1535 9.111532e-06
1536 5.625604e-06
1537 3.225263e-06
1538 1.896511e-06
1539 1.174730e-06
1540 0.000000e+00
1541 0.000000e+00
1542 0.000000e+00
1543 0.000000e+00
1544 0.000000e+00
1545 2.912801e-05
1546 2.891312e-05
1547 2.448503e-05
1548 1.793535e-05
1549 1.328396e-05
1550 9.154542e-06
1551 5.351144e-06
1552 3.053081e-06
1553 1.771954e-06
1554 1.042590e-06
1555 6.506122e-07
1556 0.000000e+00
1557 0.000000e+00
1558 0.000000e+00
1559 0.000000e+00
1560 2.085098e-05
1561 2.179680e-05
1562 1.983793e-05
1563 1.524768e-05
1564 1.100576e-05
1565 8.274949e-06
1566 4.689296e-06
1567 2.850415e-06
1568 1.602925e-06
1569 9.233707e-07
1570 5.506294e-07
1571 0.000000e+00
1572 0.000000e+00
1573 0.000000e+00
1574 0.000000e+00
1575 1.487210e-05
1576 1.614453e-05
1577 1.554949e-05
1578 1.266314e-05
1579 9.143013e-06
1580 6.883420e-06
1581 4.347301e-06
1582 2.655947e-06
1583 1.474901e-06
1584 8.112783e-07
1585 4.673052e-07
1586 2.832009e-07
1587 0.000000e+00
1588 0.000000e+00
1589 0.000000e+00
1590 1.001028e-05
1591 1.119728e-05
1592 1.128693e-05
1593 9.739022e-06
1594 7.195644e-06
1595 5.289411e-06
1596 3.755371e-06
1597 2.130464e-06
1598 1.202339e-06
1599 6.811759e-07
1600 3.783133e-07
1601 2.200058e-07
1602 0.000000e+00
1603 0.000000e+00
1604 0.000000e+00
1605 6.201116e-06
1606 7.118100e-06
1607 7.458527e-06
1608 6.801106e-06
1609 5.231433e-06
1610 3.775220e-06
1611 2.841823e-06
1612 1.597077e-06
1613 9.596537e-07
1614 5.242846e-07
1615 2.885232e-07
1616 1.606418e-07
1617 0.000000e+00
1618 0.000000e+00
1619 0.000000e+00
1620 3.163407e-06
1621 3.720115e-06
1622 4.038202e-06
1623 3.883392e-06
1624 3.154630e-06
1625 2.276770e-06
1626 1.716871e-06
1627 1.071974e-06
1628 6.518364e-07
1629 3.538249e-07
1630 1.861971e-07
1631 1.003484e-07
1632 5.578990e-08
1633 0.000000e+00
1634 0.000000e+00
1635 8.891198e-07
1636 1.072208e-06
1637 1.206146e-06
1638 1.224576e-06
1639 1.066696e-06
1640 7.933436e-07
1641 5.815894e-07
1642 4.169104e-07
1643 2.343421e-07
1644 1.314261e-07
1645 7.164692e-08
1646 3.730540e-08
1647 1.958823e-08
1648 0.000000e+00
1649 0.000000e+00
